26.688264 45.017494 8.730022 1
25.746764 45.293894 8.661222 2
26.107664 46.265894 8.604422 2
25.591364 47.038594 8.782622 12
25.104564 46.883994 7.929922 1
24.632864 46.090194 7.585022 4
23.951864 45.341794 7.653822 1
24.396364 44.619994 7.157922 3
25.273564 45.195594 7.103422 1
25.837464 44.942894 6.287822 16
25.392064 44.221094 6.847122 1
26.251564 44.063594 7.197322 1
27.109864 44.083994 6.756522 1
27.082464 43.521094 7.567522 1
27.675464 42.869994 7.904822 14
28.475964 43.093494 7.354822 13
28.648864 43.067994 6.401322 8
29.197164 42.616494 5.744022 15
29.975464 42.226494 6.105022 2
29.918264 42.088494 7.047222 8
29.690864 41.225494 6.707222 5
29.363664 40.691894 5.900122 2
29.132564 39.864094 5.653622 9
29.516864 38.992294 5.425522 14
29.464364 38.565894 6.343922 1
28.650764 38.290194 6.023722 15
28.011764 38.508494 5.377022 2
27.514464 38.693994 6.181722 9
26.684164 38.296994 6.602222 11
26.835064 39.051894 7.227922 1
26.847864 38.247594 7.879022 1
27.477464 37.657294 7.375822 2
26.963564 36.972994 7.781922 14
26.080864 37.120494 7.969322 14
25.249764 37.289694 8.450822 6
25.655064 36.490494 8.955322 12
26.412364 35.897694 9.203222 14
27.012064 35.910694 8.447522 14
27.429864 35.842194 9.309222 14
27.570064 35.303494 10.143922 2
27.863464 34.445094 10.458422 6
28.246864 35.176194 10.974222 2
27.789364 35.755394 11.624722 6
27.800964 35.019294 12.243422 8
28.683564 34.804594 11.871022 2
28.562664 33.941394 11.547722 2
28.896664 33.886794 10.633722 2
28.906264 32.961894 10.303922 2
28.088664 33.258594 9.831422 7
28.634264 32.850094 9.131622 2
28.978464 31.936494 8.995522 1
29.425564 32.285594 9.800522 5
30.030764 32.812094 9.276522 2
29.955064 33.484994 8.639622 2
30.362864 32.775694 8.081822 5
29.591864 33.117094 7.674522 3
29.732664 33.486094 6.853922 11
30.483864 34.152294 6.633422 5
30.275964 35.046694 7.007022 1
30.301464 35.742194 7.698522 2
29.938264 36.429394 8.285422 14
30.100464 37.384394 8.451922 2
29.930964 37.810694 9.376322 1
30.520164 38.269194 9.898422 14
31.062664 37.501094 9.976222 8
32.028364 37.713794 9.642722 1
32.306064 37.640894 10.531922 8
33.040464 38.312894 10.327522 14
32.285264 38.691094 10.779522 15
31.395964 38.781194 10.474722 1
30.870064 39.477894 9.940422 1
30.086164 39.453394 9.398322 14
30.623264 39.856094 8.720222 2
30.554764 40.441294 9.492022 9
29.948864 41.248294 9.422822 9
29.586164 40.773494 8.655422 15
29.234364 39.834794 8.510522 2
28.481864 40.047994 8.009822 11
28.099464 39.308094 7.495022 2
28.421064 38.452194 7.703922 10
28.618164 37.864294 8.429722 6
27.689764 37.557894 8.524022 1
27.794764 36.558294 8.369022 14
28.506264 36.133894 7.920022 14
28.584064 35.983194 6.965322 1
28.522264 36.883594 6.506522 12
28.584964 37.225094 5.555622 2
28.971664 36.918494 4.762222 2
29.832364 36.608294 4.778822 8
30.790164 36.534294 4.884022 8
31.299364 36.661494 4.063222 7
31.722564 37.466394 4.431322 1
32.046464 38.327194 3.981022 14
32.527964 38.827394 3.306222 1
33.014764 38.006094 3.491022 1
32.527164 37.464794 2.903822 2
32.327664 36.654894 2.423022 1
33.176864 36.200894 2.267422 1
34.034464 36.501594 2.622722 1
33.982964 35.488494 2.372322 2
34.532564 35.185994 3.194822 1
33.782064 35.399594 3.751822 3
34.023764 34.944994 4.556222 2
33.534864 35.371894 5.261522 1
32.617864 35.112894 5.523922 1
31.953764 34.827294 6.154022 5
32.823564 34.788794 6.589522 14
32.084964 34.927794 7.157422 5
32.509564 34.954994 8.119922 14
31.558664 34.812294 8.281822 2
30.911764 34.267294 7.721322 5
30.653764 34.262494 8.613822 2
29.808664 34.428294 8.942322 2
29.000564 35.000094 8.669622 14
28.765064 34.028794 8.711622 2
28.072664 34.499494 9.177722 14
27.372364 33.861394 9.099122 11
27.429064 34.315894 8.176522 14
26.984364 35.132494 7.813522 14
27.683464 35.015194 7.237622 14
28.100564 35.008794 6.376122 15
28.393164 35.685294 5.764822 2
29.275364 36.021194 5.822422 1
29.928564 35.370194 5.527122 9
29.548964 35.556794 4.659822 8
28.622464 35.857394 4.531922 2
28.826864 34.918294 4.613522 8
27.958964 34.443794 4.756322 15
27.673364 35.374294 4.855522 2
26.948164 35.879594 4.858022 2
26.214964 35.342694 4.524922 8
26.877864 34.628294 4.505922 15
25.926364 34.426294 4.186422 1
25.910764 35.006794 3.371422 6
26.839064 35.192694 3.492322 2
26.620764 35.318294 2.546422 8
26.642264 34.878194 1.654222 14
26.396564 35.584594 0.983122 14
25.918064 36.444794 1.073422 1
26.858664 36.535794 1.478022 12
26.610964 36.993594 2.303322 2
25.793564 37.332494 2.583822 12
25.913064 36.706794 3.262522 9
26.744164 36.680494 3.656722 2
27.484664 37.080994 4.158522 2
28.363264 36.862994 3.929022 2
29.297364 36.624694 3.798222 8
30.176064 37.099094 3.620222 8
30.469164 37.820594 3.082922 3
30.036164 38.315894 2.357522 6
30.733064 38.827594 2.759922 5
30.692864 38.827494 3.739422 1
31.487864 39.230094 3.969722 5
30.905864 39.108494 4.798022 1
30.818864 38.750494 5.758422 11
30.220264 38.177994 5.345922 1
29.323364 37.896194 5.005022 2
29.408664 38.470794 4.280222 2
29.404064 38.264394 3.307122 1
28.786664 38.365494 2.591322 5
28.269664 38.132594 3.412722 2
27.398464 38.161394 3.811722 2
26.949964 38.076694 4.660122 1
27.518664 37.531094 5.219522 2
27.197264 37.317494 6.075422 6
26.347664 36.895094 5.949622 2
26.714264 36.268894 6.547022 14
26.823864 35.356594 6.785022 14
26.561464 35.549394 5.820422 15
26.200564 34.689394 6.269822 14
26.236064 34.132694 5.491122 15
26.465364 33.549194 6.192122 2
25.862764 33.942994 6.875122 14
25.693164 33.002794 6.653422 3
26.220964 32.505294 7.245722 2
26.973364 33.111694 7.104822 14
27.538264 32.622494 6.527022 2
27.175264 32.944794 5.666622 6
27.570064 33.739994 6.113222 15
27.946564 33.931094 6.907422 14
28.608364 33.841394 6.236622 1
29.299564 33.271394 5.837622 5
29.556264 33.872094 5.038822 8
29.113964 33.549594 4.221622 9
29.295264 32.785194 3.643122 2
28.946864 33.098794 2.796622 14
29.468564 33.789094 2.384022 14
29.900064 34.253894 3.101822 8
28.984064 34.402094 3.502922 8
28.228864 35.014294 3.654122 2
27.693864 35.372994 2.850822 1
27.589664 36.235894 2.478922 2
28.342864 36.398894 3.097622 2
28.972264 36.017694 2.547822 8
28.532164 35.428294 1.852722 9
28.674164 36.293694 1.427122 7
28.442564 37.169794 1.558122 3
27.997164 37.870494 2.123422 2
27.374964 38.503994 1.738222 14
26.996664 37.943894 2.419022 2
26.715464 37.778894 1.511822 4
26.138164 38.250394 0.918722 2
25.334264 38.675294 1.328022 3
24.428164 39.015894 1.464822 2
24.240864 39.757894 2.097422 1
23.843664 40.065494 2.967422 1
24.285564 39.943494 3.852522 2
25.067864 39.880894 3.470522 1
25.043564 40.701294 3.894222 2
24.829964 40.984094 4.806822 1
25.039564 41.629794 5.473022 1
25.160264 42.587794 5.731022 2
26.090764 42.239794 5.633322 2
26.454264 41.321594 5.776522 8
25.930064 41.319994 6.713122 3
26.806664 41.611794 7.111622 1
26.269564 40.954994 7.629122 10
25.904464 40.195094 7.073522 2
25.173364 40.029094 6.496422 6
25.728464 39.176594 6.254122 12
25.724464 39.155094 5.309722 14
25.375064 38.255594 5.421822 2
25.168364 37.536394 5.992922 6
25.023864 36.638894 6.177022 8
25.642564 36.754694 6.890022 14
25.546364 35.831694 6.716522 14
24.612164 35.539894 6.370622 2
24.801064 34.973294 7.119922 14
23.965364 34.742594 7.437722 8
23.620664 34.128594 8.085322 7
22.883964 34.630494 7.728422 2
22.303664 34.071494 7.124622 3
21.489964 33.974994 7.608422 3
21.231864 33.478994 8.469822 1
21.979964 33.994094 8.826522 2
22.873464 34.432494 8.984222 8
22.400864 34.791494 9.655122 9
22.278964 35.249194 10.483322 1
21.516964 35.320194 11.071722 1
21.014464 34.500894 10.918622 1
20.428264 33.786394 11.191522 2
19.483864 33.588694 11.209422 14
19.204564 34.362794 11.646422 1
18.910264 35.055994 12.254122 5
19.449964 35.730294 11.789922 3
20.338564 35.825094 11.379022 15
20.712664 36.656294 11.009022 3
20.515064 37.581994 11.382922 2
21.101764 38.244094 11.762122 5
21.546164 37.556194 12.262522 2
21.878464 36.999494 11.550722 11
22.370564 36.300994 11.133422 2
22.153964 36.416794 10.232122 12
22.504964 36.697194 9.311122 2
23.059064 37.070094 8.702222 8
23.306764 36.164294 8.308322 2
24.100664 36.036094 7.804722 1
24.852864 36.633994 7.582122 2
25.274064 35.743394 7.769822 14
25.957664 35.387394 8.397022 14
25.258264 34.877694 8.803122 3
25.224464 34.347494 7.943022 1
25.071164 33.428894 7.633622 1
25.850064 33.435594 8.252922 1
26.344564 34.238994 8.112922 14
26.099364 34.111694 9.053722 14
25.690764 33.778494 9.940822 4
26.033764 33.280694 10.722522 1
26.521364 33.610794 11.511122 2
26.670164 32.768394 11.907222 1
27.391564 32.258094 12.444922 2
27.498064 33.199094 12.454022 9
28.035264 33.954694 12.786822 9
28.562064 34.776494 12.947022 2
29.454564 35.075394 12.985722 2
29.611364 34.347394 13.545522 2
30.042664 34.799594 14.283522 6
30.676264 34.738694 14.953522 9
31.192564 35.136394 15.599722 9
31.246464 35.948394 15.120522 6
32.198464 35.705594 15.200122 6
32.871864 35.071594 14.947022 9
33.329464 35.897394 14.579222 2
32.439364 35.744494 14.174122 9
32.175464 36.669694 14.244922 2
32.404664 36.710594 13.322122 6
32.426064 37.446794 12.579922 8
31.561764 37.199394 12.848822 3
30.660764 36.886094 12.998522 14
30.337664 36.449994 12.237222 14
30.904964 36.297294 11.432422 8
30.752664 35.988894 10.552922 2
30.727464 35.943994 9.568122 6
31.623264 35.797994 9.848522 8
31.931164 36.509494 9.119822 3
32.613764 36.572494 9.823322 8
32.707564 36.412394 10.810322 8
32.117564 35.729494 11.205022 8
31.435764 35.094094 10.733722 2
30.754364 34.937794 9.979522 2
29.813364 34.785394 9.996022 2
28.861264 34.719994 9.855822 2
28.382664 35.469094 9.401022 14
29.263864 36.071394 9.464222 3
29.718164 35.751294 10.333522 2
29.658664 35.795994 11.341322 2
29.634764 36.743394 11.106622 12
29.409864 37.474994 10.474022 3
28.930864 38.135094 9.956422 1
28.479264 38.476594 10.720622 2
28.020564 39.093594 11.270822 10
28.392364 39.050794 12.207222 3
28.325164 39.964894 11.821422 12
27.648164 40.234394 12.407122 2
26.835764 39.822294 12.691322 3
27.102464 38.990694 12.390022 8
27.544364 38.521594 13.136622 2
28.447864 38.231294 13.264322 1
29.380364 37.962094 13.241422 8
29.311664 37.179294 13.818722 1
29.417064 36.591994 14.565222 1
30.263264 36.788594 14.942522 2
30.557164 36.946394 14.017822 1
30.305064 36.057694 13.815822 14
30.642164 35.226594 13.414222 2
31.579264 35.252494 13.446522 9
32.205164 35.755194 12.928822 8
33.154664 35.861894 13.011122 9
33.751764 36.454394 13.449522 1
34.496064 36.628094 14.183322 3
35.163064 37.289694 14.037122 3
34.371164 37.560194 13.621722 3
33.577764 37.974794 13.286122 6
32.712664 38.422294 13.162322 7
31.839764 38.490794 12.741022 1
31.988164 38.449394 11.843822 6
31.046064 38.384994 11.966422 1
31.509264 37.587394 11.446422 1
31.835764 36.765394 11.679222 8
31.421064 35.936894 12.261122 6
30.607264 35.378394 12.059622 2
29.753764 35.009494 12.006622 2
29.939264 34.134794 11.642022 2
30.816464 34.317494 11.675822 2
31.555364 33.746394 11.337522 14
30.924464 34.079094 10.643522 2
29.934964 33.895994 10.651522 2
29.961464 32.978394 10.385322 2
30.559164 32.202294 10.127522 14
30.956364 33.054894 10.186422 2
31.399664 33.647194 9.492122 12
31.990764 33.992594 10.228622 3
32.332964 34.643194 10.875422 8
32.607664 34.174394 11.653322 14
32.073564 34.452394 12.491722 14
32.745464 34.896894 12.994022 9
32.662764 35.128794 12.015322 8
33.591264 35.270894 12.062222 8
33.868364 34.961694 12.984722 9
34.329364 35.776894 12.740922 3
34.346564 35.543394 13.728222 9
35.176664 35.645794 13.263022 3
35.928964 36.136894 13.080122 3
35.579364 35.655194 12.344022 2
35.273764 36.068494 11.541322 1
35.304764 35.179394 11.236422 2
35.073364 34.472294 10.695522 1
35.121664 35.028694 9.944222 2
35.351264 34.405394 9.165322 1
35.457064 35.125694 8.489322 9
35.694364 35.507494 9.329022 2
36.649764 35.384894 9.286222 1
37.367964 35.913094 8.774022 2
36.915764 36.755494 8.657222 10
36.077664 36.311594 8.731522 1
35.301664 36.488294 9.392422 2
34.366364 36.248694 9.542822 3
33.638264 36.118794 10.178122 8
34.278564 35.482994 10.384022 2
33.515864 34.813694 10.107822 8
33.312364 33.852494 9.946222 12
34.161764 33.456794 9.552122 6
34.715564 32.864194 10.108522 6
33.921264 32.449694 10.520322 6
33.228064 33.119094 10.773622 2
32.418064 32.911094 11.354122 14
31.437264 32.581694 11.199622 2
31.580164 32.033094 10.412722 3
32.095864 31.497194 11.023122 8
32.208164 32.021294 11.832922 6
32.931064 32.576594 12.214622 14
33.432464 31.954594 12.740922 1
33.397364 31.637694 13.600822 3
32.441064 31.857494 13.765822 3
31.937664 32.559594 13.334422 14
31.552064 32.108694 12.591122 1
30.670864 32.348894 12.061122 2
30.024864 32.309094 11.373922 2
29.377264 31.546394 11.393222 1
28.400064 31.824694 11.401222 1
28.193064 32.661294 11.722222 2
28.791564 33.114894 12.436622 2
28.823664 32.107594 12.575622 12
28.121364 32.119994 13.226522 4
28.418164 33.032594 13.425622 8
29.185164 33.156994 14.005422 6
29.774664 33.404494 13.207622 2
30.083464 33.372494 12.345422 2
31.025564 33.515094 12.314222 2
31.363264 33.988394 13.073822 2
32.248164 33.715594 13.368122 14
32.620764 33.527794 14.274722 9
33.323064 34.097994 14.498322 9
33.281264 34.007494 13.542622 9
33.167464 33.366394 12.796622 14
33.719364 33.451394 12.023822 1
34.152464 33.080894 12.860122 6
35.090064 33.220794 12.940422 3
34.934664 34.157494 13.016822 9
35.458964 34.111494 12.204322 2
35.824264 33.344894 11.755722 3
36.719264 33.500494 11.214022 1
36.027364 34.140094 10.953322 10
36.566764 34.706894 10.373122 1
36.145964 35.378894 10.848022 2
36.484764 35.990994 10.214122 2
36.265664 36.438194 11.036022 2
35.661564 37.159794 11.372922 8
35.463464 37.244494 12.298022 3
34.514264 37.422594 12.278522 3
33.678664 36.881394 12.150922 8
33.581364 36.480894 11.305222 8
34.423964 36.505994 10.793722 2
34.941464 36.993694 10.203922 2
34.461364 37.784594 10.617422 8
34.777164 38.536994 10.095922 3
34.619764 39.485694 9.969322 6
34.920964 39.926894 10.781822 14
33.974964 39.702394 10.992522 2
33.963064 38.732394 10.771922 4
33.602364 37.942794 11.134022 8
34.042164 38.546294 11.757422 2
34.869364 38.518694 12.303722 6
35.912664 38.583894 12.363322 3
36.404364 37.931794 12.844122 3
37.269264 38.227494 12.812522 14
38.173664 38.526294 13.088422 2
38.783364 39.249094 12.790622 7
38.336664 39.968794 12.341822 14
38.828064 40.634694 11.733322 3
38.475064 40.783294 10.875722 6
37.853364 41.418194 11.216722 1
37.259564 40.707594 10.892022 13
36.554464 40.500194 11.506922 2
36.314964 39.777094 12.118222 10
35.413564 39.766094 12.536322 2
35.633564 39.062394 13.210622 3
35.701064 39.095094 14.144122 2
35.038064 38.339294 14.263922 3
35.553764 37.860894 14.875922 3
35.152464 38.560994 15.370822 7
35.459364 39.451794 15.148522 5
35.155864 40.338994 14.760422 3
34.601364 39.906394 15.423422 1
34.287764 39.022694 15.076022 5
33.700864 38.477994 14.606222 3
33.049064 37.744894 14.451122 1
33.398364 37.517794 15.302022 3
33.040464 38.270794 15.665622 9
32.922064 37.954594 16.649222 10
33.398264 38.594994 17.180822 8
33.812864 38.507394 18.096922 9
33.818064 39.239994 18.710122 9
32.985964 39.431194 19.205122 1
33.674464 40.223194 19.173922 1
32.970564 40.839694 19.249222 8
32.836864 40.461794 20.118022 3
32.854664 39.634394 20.581422 3
32.434364 38.825294 20.793022 1
31.495164 38.545394 20.967522 14
31.042264 39.366594 21.073722 12
31.143064 39.470094 20.053222 9
31.106264 38.480994 19.628322 5
30.873664 38.921494 18.866022 4
30.578864 38.274394 18.216322 2
31.340264 38.655794 17.708122 3
31.664964 38.235794 18.431022 1
31.764564 37.508194 19.070522 3
32.654264 37.864694 19.222522 2
33.274864 37.197794 19.634522 3
33.045764 36.372894 20.105622 9
33.324164 36.168594 21.010722 10
33.864464 36.442994 21.723422 14
33.989664 35.627594 22.245922 3
34.289864 34.747694 22.101222 13
34.053464 33.824894 21.959322 3
34.972464 33.502194 21.945122 2
35.091064 34.053694 22.740122 3
36.000864 34.364394 22.952722 3
36.604164 33.925694 23.535722 7
37.102464 33.615394 22.799722 6
36.286064 33.616494 22.226122 1
36.829464 33.014094 21.623022 2
37.818764 32.872494 21.612022 1
38.500964 32.219294 21.393922 10
39.008364 32.138894 22.260022 1
38.896864 33.015394 22.622122 8
38.532264 33.699694 22.082322 1
39.205964 33.239194 21.463522 10
40.152164 33.153794 21.393122 3
40.895764 33.714894 21.305422 4
41.524064 34.200694 21.912322 9
41.737764 35.107694 22.288922 13
40.955464 35.471494 21.810322 3
40.822164 35.828594 22.682222 6
40.338864 36.666494 22.603722 9
39.415764 37.047694 22.702422 6
39.509264 36.947794 21.749422 8
40.420564 37.031994 21.557322 6
40.046964 37.703994 20.915422 3
40.121264 37.605694 20.059622 3
40.767664 36.932694 19.764122 12
40.631764 36.101894 20.375222 3
41.569864 35.931294 20.184822 9
42.247364 35.280794 19.957322 6
42.326064 34.467794 19.558522 5
41.502964 34.905794 19.337722 3
41.446264 35.193094 18.427322 9
41.867664 34.464894 17.943122 5
41.121764 34.311594 17.355322 9
41.385464 33.314694 17.373522 8
40.744264 32.700694 17.044322 10
40.812564 31.945394 16.510122 3
40.093564 32.272394 15.960522 3
39.239564 32.288094 16.251122 10
38.994064 31.774594 15.474222 14
39.077164 32.227594 14.537422 5
39.892164 32.731894 14.693922 5
40.849264 32.507494 15.045622 14
41.108664 32.925394 15.869222 3
41.517664 33.681594 15.368322 1
42.341864 34.029794 15.111322 1
42.960864 34.698894 15.646322 3
42.622764 35.557394 15.973222 9
43.376564 36.044594 15.648222 4
43.747364 36.707294 15.032322 4
43.037964 37.127094 15.526022 1
43.533664 37.700394 16.117322 1
44.318064 37.188394 16.016822 3
44.391564 36.608594 16.876422 3
44.807364 37.454694 17.065822 3
43.957564 37.872194 17.108722 1
43.393364 38.498494 17.507722 9
43.655964 38.808294 16.593622 1
43.661364 39.695594 16.205422 1
42.688464 39.142494 15.957922 10
42.049764 38.845994 16.662622 6
42.478564 39.633494 17.069922 15
41.678464 39.320294 17.573822 6
41.332364 39.898394 16.899022 3
40.559064 39.462694 17.323222 6
40.054164 39.000194 18.087022 3
40.752964 38.363794 17.962122 6
40.402064 38.250394 18.864522 3
40.630164 38.961294 19.437322 11
40.412964 39.861494 19.420922 13
39.725464 39.297994 19.126722 3
38.836664 39.088294 19.354422 3
38.169664 38.660794 18.791122 3
37.754664 39.003894 19.647622 13
38.066164 38.562694 20.474522 9
38.794164 37.921494 20.215122 12
38.961464 37.556894 19.345122 3
38.399164 36.874994 19.595222 5
38.673364 36.112394 19.052822 4
38.058964 36.414994 18.309522 9
37.680164 37.192594 17.835722 3
37.897264 36.851394 16.954122 3
37.417664 36.118894 16.694522 4
38.236464 35.881494 16.355322 9
37.896164 36.423094 15.684022 3
38.679364 35.914594 15.430122 1
38.943964 35.084994 15.110122 8
38.834864 34.200994 15.378222 5
38.678864 33.262194 15.728822 8
37.939364 32.684994 15.464422 6
37.844564 32.576994 16.392522 6
38.091364 31.899494 16.990322 5
38.257964 31.324694 16.218222 1
37.773964 31.556294 15.364722 3
37.377164 32.038994 14.672722 1
37.275664 32.211694 13.711622 5
36.816364 32.114294 12.857322 10
36.009164 32.034794 13.428422 2
35.018064 31.814794 13.298422 5
34.569864 30.913894 13.468222 3
33.711964 30.567994 13.114522 3
33.441264 29.783594 13.537222 3
33.945964 28.907694 13.666422 1
33.629364 29.070894 14.540522 1
33.012964 29.841094 14.446422 3
32.065164 30.129494 14.338422 3
31.258464 29.564394 14.650022 10
30.735264 28.974194 14.105722 9
31.703664 28.937494 13.795222 9
32.374064 29.631694 13.392022 3
32.063864 30.400394 12.950922 14
31.642564 31.100494 13.487522 3
30.942164 31.356494 14.107622 3
30.955764 32.251194 13.891022 13
31.204264 33.253794 13.933422 3
31.695564 33.895194 14.525722 9
32.502864 34.164794 15.068322 9
32.375064 34.712094 15.858022 13
32.535464 33.781594 16.140522 9
31.872364 34.179494 16.711322 6
30.866664 34.088294 16.621422 9
30.612964 33.385794 17.257622 8
31.119364 33.324694 18.094422 1
31.707964 34.035094 18.252322 3
31.975564 33.332194 18.877522 1
31.703164 32.868294 19.673422 4
32.703064 32.452594 19.707522 6
32.283864 32.863994 20.499622 9
32.189864 33.700694 20.883422 3
32.538064 34.433094 20.352322 1
33.063164 35.043694 19.894022 1
33.697864 35.376994 19.287922 3
34.509264 35.646894 19.693622 4
35.244264 36.230194 19.912222 1
36.193064 36.044594 20.200622 11
36.690964 36.998894 20.263822 5
37.277964 37.590194 19.863122 8
36.879164 37.716594 19.027622 3
36.990864 36.776394 18.739222 5
36.602264 37.432994 18.071022 3
36.262364 38.194094 17.748022 3
35.426264 38.068294 18.319522 6
35.523664 38.731994 19.080022 10
35.177664 39.215094 19.862922 5
35.213464 40.173094 19.573622 9
35.214464 41.026194 20.022922 3
35.407664 41.212594 19.077322 5
35.080664 40.579594 18.480522 3
35.265464 41.121194 17.689322 1
36.254764 41.290694 17.570722 9
37.106764 41.286494 18.042322 1
37.688364 41.284394 18.884322 15
38.429364 41.580294 19.318922 8
39.186864 41.680894 19.951122 3
39.906464 41.156594 19.829422 4
39.069564 40.860294 19.382522 12
38.637864 40.166394 18.908622 3
37.824464 40.177994 18.336622 1
37.807864 39.266294 17.951822 3
38.275564 39.967294 17.481822 3
38.596864 40.800694 17.331722 10
39.257564 40.222694 17.616622 14
39.523564 39.378894 17.222322 3
39.327364 38.485194 17.496622 3
40.055864 37.970394 17.185922 6
39.820964 37.093394 17.020422 3
39.794764 36.148394 17.252922 13
40.690664 36.540594 17.482322 9
40.891264 37.427594 17.136922 6
41.496464 36.725994 16.839022 9
41.645264 37.587494 16.369622 6
41.328964 37.458794 15.449722 3
41.299164 38.382594 15.664322 6
40.711064 39.128594 15.914022 6
40.594564 40.067094 15.854522 5
39.711764 40.520494 16.037222 9
39.685864 39.505894 15.867822 4
38.803264 39.114194 15.989322 3
38.020064 38.651394 16.020922 3
37.819564 39.438894 15.577422 13
38.203264 40.138294 16.123322 3
38.174364 41.050094 15.694622 5
38.637864 40.879194 14.836622 3
38.063064 41.525194 14.559822 10
37.229664 41.463694 14.165222 1
36.801564 42.473694 14.107322 1
37.055064 43.008094 14.933322 1
36.705064 42.487594 15.775322 1
35.828664 41.859594 15.853122 3
35.003564 41.552894 16.185522 9
34.173664 41.979094 16.158722 1
33.845764 41.030894 16.161622 3
34.015564 40.071694 16.528822 9
34.797564 40.402094 17.110122 5
34.871464 39.460694 16.828122 8
35.720764 39.738594 17.102322 8
36.454664 39.085294 17.088822 4
37.254964 38.620694 17.027822 3
37.950664 37.986094 17.084422 3
38.487964 38.325094 17.868422 3
38.434164 37.586094 18.462622 3
39.354364 37.181594 18.417422 3
40.029064 36.506294 18.508922 8
40.889764 36.147594 18.446022 9
41.571164 36.633494 18.923422 4
42.254264 37.202694 19.349122 5
42.226964 38.159594 19.267322 15
42.096864 38.523094 18.398822 6
42.253164 37.593094 18.239822 6
42.263064 37.011194 17.469822 9
42.829864 36.428894 17.919222 9
43.439764 37.030294 17.464522 3
44.071564 36.382294 17.892222 13
44.486864 35.577294 18.403722 1
43.574164 35.632494 18.344822 3
42.634364 35.389294 17.909222 9
42.991364 34.731294 18.579122 4
43.505364 33.927294 18.462922 3
43.577964 34.250894 17.536522 13
43.559264 33.271894 17.581622 3
42.817964 33.603094 16.928022 5
42.103864 34.279694 16.817722 14
41.805464 35.179194 17.162322 9
41.341864 35.821494 16.648422 9
41.428764 36.149994 15.797122 10
40.667064 36.658694 15.608522 6
39.851764 36.587094 16.142422 10
39.023564 37.005394 16.431022 3
38.954264 38.026294 16.572322 3
39.780164 38.579694 16.397622 6
39.923464 38.436894 15.452522 6
39.755464 37.527694 15.131322 1
38.969564 37.967794 15.510122 3
38.642064 38.555394 14.837222 6
37.944564 37.945894 15.111022 3
38.429964 37.129994 15.081822 3
39.050964 37.242794 14.303422 1
39.458564 36.428794 14.576622 1
39.847664 35.900494 13.918822 15
39.524664 35.447994 13.068022 3
39.266664 34.604994 13.488522 5
40.143064 34.570694 13.936922 6
39.660164 33.715694 13.907622 5
39.680064 34.082294 14.815122 5
40.657964 33.968294 14.728522 6
40.759964 34.586294 15.458522 11
40.057664 35.237894 15.185322 3
39.776564 34.708194 15.964822 8
39.902364 35.201394 16.746222 9
39.610864 34.380094 17.150722 3
39.762864 34.968094 17.878522 9
38.764664 34.779794 17.615322 13
37.959064 35.032494 17.081022 3
37.172164 34.890294 17.686122 10
36.654564 35.703294 17.896022 4
36.260264 36.499694 17.450222 3
35.324364 36.808094 17.436422 8
35.950864 37.150794 16.683322 3
36.071764 38.015994 16.409822 3
35.098164 38.185194 16.396322 1
35.096164 37.480394 15.788022 3
34.259864 37.506194 16.231622 9
34.394764 36.809894 15.623022 3
33.548864 36.224994 15.962522 1
33.608364 35.255294 16.285722 9
33.508764 34.659294 17.027722 1
33.435264 34.569694 17.984722 4
32.654764 34.044194 17.629422 1
32.531164 33.183094 17.198322 1
33.489764 33.312294 17.228622 3
34.249864 33.781094 16.859422 5
33.667364 33.370594 16.230522 9
34.149964 32.647194 16.573522 6
33.473964 32.056094 16.102322 3
33.656464 32.310994 15.168822 9
34.223864 31.691094 14.601022 3
34.896864 32.516194 14.479822 10
34.711964 33.406994 14.085022 9
35.484064 33.879794 14.610022 6
35.382564 34.538694 13.925422 9
36.079964 33.918594 13.744122 3
36.868464 33.952394 13.120822 5
36.770764 34.811694 13.498922 15
36.865964 35.667494 13.022622 3
37.679264 35.814094 13.441522 10
37.934664 35.135594 14.037222 5
38.335264 35.987194 14.413522 1
37.394964 35.998094 14.778022 3
37.724964 35.429494 15.483722 13
37.654764 34.574594 15.034422 5
36.814164 34.649894 14.535322 6
36.316064 35.390894 14.253022 3
36.490664 35.519694 15.249622 6
36.361564 36.400094 14.941222 3
36.159064 37.135594 14.405922 3
35.993264 37.093494 13.463922 3
36.853364 36.916194 13.034022 6
37.419064 36.485694 12.408622 13
37.209764 36.168594 11.473622 1
38.134264 36.330594 11.263422 14
38.373864 35.382094 11.456822 4
39.009864 35.371794 12.126622 4
39.542564 36.135394 11.760922 4
38.804364 36.379794 12.429922 9
39.219564 36.994494 13.011622 11
38.633864 36.570594 13.583122 8
37.857964 36.995094 14.024522 3
37.052664 37.519294 14.026722 3
36.663764 37.955494 14.865422 3
36.302364 38.797994 15.121022 12
36.842564 38.858994 15.910322 6
36.994664 37.844994 15.901222 3
37.136964 36.906494 16.137622 3
36.522964 36.205894 16.317022 13
35.625764 36.379394 15.974222 3
34.799664 36.243594 16.520722 4
34.997764 35.821994 17.417222 10
35.761864 35.660194 16.856822 1
36.248064 34.731094 16.835222 1
35.597964 34.265694 16.303322 6
35.767464 35.094094 15.951622 1
35.543964 35.682694 15.145022 3
34.679964 35.766894 14.742822 3
33.965664 35.082794 14.832922 9
34.402564 34.828694 15.596122 1
35.007364 34.092694 15.568122 6
34.183264 33.906094 14.919122 9
34.288564 33.004394 15.256222 9
35.143064 32.462294 15.585422 6
34.699264 31.589594 15.766722 3
34.161264 31.058194 16.414722 3
34.173664 30.532494 17.216722 8
33.584564 30.038794 16.662622 5
33.197864 29.258494 17.037322 10
32.423564 29.771894 16.786322 15
32.144264 29.068294 17.371322 5
32.222064 29.279294 18.342622 8
31.519864 29.656294 18.931922 3
30.610464 29.610394 18.644122 13
30.942764 30.492394 18.536822 1
30.111964 30.871594 18.304522 3
30.070264 30.717294 17.300322 1
29.902664 30.514394 16.366822 9
29.675464 30.941194 15.564922 5
30.722664 30.749994 15.619322 13
31.617264 30.969194 15.651322 13
32.454564 31.343594 15.598422 3
32.555164 32.304794 15.689622 9
32.166964 32.038794 16.490522 6
31.359064 32.590494 16.969122 11
31.373464 33.217494 16.224722 9
30.949864 33.124594 15.329422 9
30.336764 32.246994 15.310422 3
31.159264 31.738394 15.169122 10
31.758964 32.447294 14.806822 3
32.682564 32.464094 14.695222 9
33.027964 31.554694 14.612422 3
32.834264 30.712094 14.868022 3
33.247864 30.320694 15.671522 13
34.041164 30.218994 15.190022 3
34.762564 30.846294 14.910822 3
35.474364 30.387194 15.455422 8
36.051364 31.174794 15.304122 15
36.014664 32.173494 15.309022 6
36.366964 32.820394 14.704322 3
37.004464 33.181894 13.992722 5
37.912464 32.992094 14.252522 5
37.905064 33.667794 14.928222 5
36.895464 33.620994 15.018722 6
36.978564 33.929294 15.941422 6
37.260464 33.672294 16.840822 4
36.286264 33.384194 16.620022 6
36.030464 32.474894 16.271922 6
36.753264 32.263794 16.789622 3
36.150964 31.525594 16.865722 10
36.765164 31.774694 17.620322 1
36.726064 31.985994 18.519822 3
37.251564 31.304194 18.999422 1
37.422764 30.442694 18.702622 3
38.160064 30.214794 18.134322 1
38.222464 29.465194 17.487422 1
37.979764 29.760094 16.588522 1
38.762664 30.068494 16.090422 3
38.074664 29.889094 15.393022 3
37.450964 29.148894 15.102022 1
36.536264 28.761794 15.027222 4
37.005864 28.585394 14.100222 3
37.956564 28.464994 13.796622 10
37.728064 27.564194 13.814122 1
37.641964 26.744894 14.289922 4
38.234264 26.076494 13.865922 9
38.942764 26.492894 14.418022 14
39.170064 27.326694 13.952322 9
40.050964 27.881094 14.085722 3
40.518164 27.205594 13.521822 3
40.974264 27.717394 12.790222 5
41.802464 27.723794 12.101822 9
42.036464 27.967494 11.239122 10
42.599064 27.312594 10.930822 4
42.544164 27.933294 10.231222 3
43.382964 28.357394 10.343322 11
43.759164 29.154494 10.703722 12
43.664164 29.309294 9.745822 6
42.856864 29.492494 9.163522 5
42.158064 30.120794 9.132022 3
42.167964 30.802094 8.478322 13
41.616264 31.285094 7.811422 6
41.517964 31.662394 8.685522 9
40.707264 31.236494 9.072422 10
41.563664 30.860194 9.426722 13
41.717664 31.703394 9.848822 4
40.789264 31.910194 9.856822 10
41.439464 32.623594 9.675122 8
40.764464 33.330294 9.618122 10
41.213664 33.364394 8.770022 10
41.950764 33.751894 8.183122 1
41.810464 32.832894 7.830322 6
42.402964 32.388294 8.331222 4
43.242464 32.219994 7.964922 13
43.963064 31.676994 7.705522 13
44.542264 31.769794 6.942422 10
43.981964 31.006294 6.762922 3
44.141964 30.477694 5.933222 1
44.117664 29.769994 5.302222 13
44.433064 28.872694 5.739922 5
43.537464 28.901894 6.143022 4
42.835364 28.311194 6.583422 6
41.914764 28.141494 6.375622 13
40.985064 28.005994 6.286322 1
40.139864 27.539094 6.520922 5
39.219764 27.275094 6.477322 3
38.827264 27.487994 7.343022 4
39.326164 27.931094 8.156722 4
39.070564 28.654394 8.622022 4
38.234364 29.135294 8.519922 4
37.625064 28.927794 7.789822 4
37.719564 28.127094 7.268822 4
37.470164 27.677894 6.492122 8
36.544264 28.020994 6.215622 11
35.701064 27.864994 5.622622 11
34.910764 27.734694 5.146922 10
34.148164 27.523494 4.636622 10
34.024664 26.672894 4.083422 10
34.119564 25.986294 3.276322 6
34.799864 25.788694 2.614022 9
35.600764 26.348194 2.638622 11
36.186464 26.264894 3.441722 4
35.283964 26.006994 3.717122 3
35.470564 26.553494 4.601522 10
35.671164 25.476694 4.569822 13
35.176864 25.735694 5.385022 10
36.078364 25.889794 5.522522 1
36.942864 25.539594 5.558922 13
37.172964 25.911894 4.728622 1
37.801964 25.361394 4.370322 6
38.125864 24.480194 4.534122 5
38.122464 23.501594 4.844022 4
37.767964 22.877794 5.451822 5
37.243264 22.154194 5.808022 3
37.159064 22.121194 6.729022 6
37.492664 22.199194 7.637722 10
37.357764 22.509794 8.520122 10
36.484364 22.738094 8.227522 1
36.842964 23.287194 7.500622 13
37.184864 24.161494 7.487822 4
37.929364 24.744994 7.967722 6
37.972064 24.110494 8.619322 1
38.216064 23.681494 9.431722 15
37.967164 24.608294 9.741922 1
38.288364 25.492294 10.007522 9
38.026064 26.327594 10.345722 8
38.881264 26.802594 9.876422 4
38.219164 26.595694 9.151222 3
38.802864 27.118494 8.554522 4
39.200864 26.206094 8.615022 13
39.871164 26.837394 8.916722 4
40.705664 27.266194 8.439722 10
41.212264 27.767994 7.678022 12
40.207764 27.836894 7.707622 9
39.922864 28.668394 7.269422 4
39.727464 28.746294 6.338622 3
38.856764 29.120494 6.362322 4
38.949864 28.474794 5.640922 13
39.627764 28.017294 5.101122 5
39.943764 28.899794 4.646722 11
40.234864 28.170594 4.166422 10
41.142164 27.770294 3.838622 4
40.844264 28.319894 3.147822 3
41.651664 28.858494 3.034322 13
42.304364 28.862894 2.335722 15
41.881164 28.116194 1.867722 10
42.819864 27.761894 1.998222 2
42.998764 27.643594 2.951422 1
43.951564 27.648894 2.626022 13
43.608664 28.521894 2.385322 4
43.351764 29.377394 2.780522 1
43.778464 29.680094 3.601322 10
44.269464 30.128594 2.884122 3
43.972764 30.601794 2.116522 10
44.856164 30.329394 1.797422 1
44.435264 29.475694 1.412222 6
44.029964 29.884794 0.574322 1
43.742064 30.242894 -0.304978 9
42.922664 30.233194 0.221422 6
42.266864 29.851094 -0.368578 1
41.786564 29.459294 -1.207478 1
42.249464 29.823494 -1.989878 4
42.253564 30.476294 -1.329578 10
41.530064 31.118294 -1.134378 1
41.552864 30.934594 -2.182978 4
41.376564 30.330294 -2.951578 5
41.254464 29.503694 -2.387778 10
40.429364 29.457794 -1.857778 11
40.106064 28.902494 -2.652778 5
39.835464 28.207794 -2.018578 3
39.013664 28.540694 -1.590878 8
38.034364 28.569994 -1.466078 10
37.928264 29.060194 -2.270678 13
37.494464 29.908594 -1.928278 10
38.494764 29.965494 -1.864178 13
39.313064 30.112294 -2.404578 4
40.126664 30.536594 -2.374078 1
40.235564 31.363494 -1.855978 8
40.508664 31.882494 -1.133878 13
41.089664 32.002694 -0.392978 4
41.358964 32.913094 -0.166878 10
41.474564 32.807594 0.774322 3
41.623664 32.583494 1.696722 15
40.902864 33.115094 1.927522 13
41.551664 33.519894 2.556222 4
40.841364 33.885294 3.087022 9
40.082564 34.070394 3.609522 5
40.663964 33.971994 4.331622 11
40.405164 34.112294 5.250922 4
40.218664 33.639994 6.220122 1
39.835664 32.782594 5.953522 4
40.510864 32.215494 6.371022 6
41.323564 31.782094 6.081222 6
42.026064 32.387494 6.349722 11
42.712764 31.895994 6.953922 13
41.929164 31.264594 6.847722 6
42.457464 30.541894 7.138722 13
42.981264 30.062594 7.747522 3
43.765464 29.720294 7.211422 10
43.947464 30.297394 7.950522 13
43.860864 29.898894 8.837922 1
44.058364 28.976294 8.749822 10
43.397264 28.675094 8.025122 8
43.898464 28.190894 7.411622 4
44.006164 27.352694 6.938222 4
44.444764 26.760394 7.569522 9
43.803764 26.261894 7.061222 10
43.864864 25.481594 6.573622 12
43.066564 25.355794 6.016122 5
43.050164 25.895394 5.227022 3
42.344564 26.389794 4.801822 3
42.277764 26.610894 3.807422 10
43.120164 26.372794 3.445722 10
43.040964 26.236494 2.514322 15
43.360264 26.488094 1.647822 1
42.566064 26.880494 1.183222 4
41.750164 26.500594 0.780322 1
40.976464 26.488794 0.143522 4
40.236764 27.105194 0.449822 1
40.573364 27.426194 1.276222 4
40.614464 26.490294 1.672622 1
40.374164 27.163294 2.365822 1
39.936964 26.798694 3.108022 1
39.644864 25.806094 3.092822 4
39.968964 26.063294 4.004722 6
39.616164 26.140994 4.957522 13
38.944364 26.765794 4.521722 9
38.560564 27.661594 4.556222 10
37.653564 28.062394 4.478322 4
37.978864 28.960794 4.613322 10
37.485364 29.328394 5.367322 4
36.696864 28.864594 5.611122 11
36.402564 29.740994 5.835822 11
36.829664 30.647394 5.777822 13
37.481864 30.342494 5.193922 6
37.041964 29.962694 4.453122 1
37.053364 30.959494 4.334722 3
38.042164 30.992394 4.422822 10
38.693564 30.191494 4.338622 5
38.793864 30.376994 5.342922 4
39.304564 30.985494 5.816222 6
39.660664 31.088194 6.674322 6
38.882264 31.328694 7.159722 8
38.218564 31.912194 7.489722 13
38.526864 32.329094 8.315622 8
39.335264 32.388394 8.851022 10
39.792164 32.566894 9.641622 10
39.825564 33.537494 9.965322 10
39.570464 34.238394 10.563122 4
40.349964 34.713894 10.188522 12
41.024164 34.295494 10.785022 3
40.202964 34.529094 11.274822 4
40.101064 35.191894 11.968322 4
40.874264 35.745494 11.880522 13
40.316264 35.815094 11.091022 4
40.264864 36.361794 10.202122 1
39.558364 35.720094 10.054022 4
39.104664 35.156894 9.361422 5
39.305164 34.179794 9.217322 10
38.520264 34.401094 8.768422 1
38.907864 33.541494 8.537622 10
38.609364 33.936094 7.740222 1
37.984764 33.417194 7.309022 13
38.570664 33.476794 6.627822 9
37.702064 33.531794 6.291722 13
37.530564 33.313894 5.377022 4
37.261264 32.595694 4.763522 3
37.524864 32.111294 5.550422 13
38.314464 32.267094 6.084522 1
37.936964 31.474194 6.654322 13
38.050864 30.488594 6.780722 10
38.586464 30.181394 7.537922 9
39.221964 29.541194 7.974522 4
39.834564 30.064694 7.443322 3
40.339964 30.184994 6.610922 6
41.243964 30.339294 6.530822 6
41.419564 29.715294 7.358422 10
40.865664 29.609294 8.114122 4
40.045564 29.969794 8.502922 4
40.640764 30.022394 9.283022 11
40.617264 29.924194 10.250122 15
40.228064 30.776294 10.056922 10
40.992564 30.897294 10.589922 9
40.917764 31.802494 10.927922 10
41.420064 31.342294 11.626022 8
41.148964 31.671194 12.517822 13
40.457664 31.875494 13.176022 5
41.043564 32.079594 13.906722 3
40.786464 33.000594 14.040622 4
40.331964 33.359394 13.287322 5
40.787464 33.732794 12.488622 10
39.948264 33.511494 11.996222 9
39.736964 32.652994 12.324022 5
39.827564 32.402194 11.391222 10
40.612564 32.729594 11.762322 13
41.457164 32.702894 12.269022 4
42.317064 33.106094 12.268322 1
42.513164 33.057094 11.309122 7
42.800464 33.918194 11.156922 4
43.076564 34.621694 10.534322 1
42.959164 35.178794 11.334022 1
42.271664 35.320994 10.620522 3
42.056564 35.683394 9.719722 4
42.336364 35.367994 8.797422 10
41.466364 35.902294 8.485722 12
40.887764 35.483694 7.905022 1
40.443264 34.682094 7.495722 4
40.412164 33.980994 8.136222 1
40.468264 32.968994 7.962722 10
40.153664 32.199494 7.396922 6
40.645764 31.747894 8.059622 6
39.757364 31.514694 8.308422 10
39.031764 30.868994 8.725522 4
38.273264 31.153794 8.310222 1
37.529064 31.732294 8.503622 13
37.257264 30.873694 8.118022 14
37.215864 31.552294 7.377722 13
36.322964 31.377494 7.177122 13
36.294764 30.487494 7.650822 10
35.866364 30.259394 6.768822 8
35.986264 29.440794 7.260622 11
36.189864 28.542394 7.375822 11
35.867064 28.353794 8.243222 13
36.689864 28.625394 8.626422 10
37.539864 28.588894 9.135722 4
38.299564 28.046794 9.407822 4
37.980364 27.896294 10.281622 10
38.845764 28.299394 10.261922 4
39.761864 28.087794 10.381522 3
40.316664 27.515194 9.871022 4
40.393964 28.231194 9.233722 4
39.662564 28.865094 9.355822 4
40.197964 28.969594 10.068622 6
39.415464 29.490494 10.120622 4
39.389064 30.255094 10.686022 13
39.826564 30.951294 11.198322 10
40.320064 30.364794 11.874722 9
40.222364 29.419094 11.562422 15
40.201164 29.172394 12.614922 10
39.999164 30.031994 12.922122 9
39.250064 30.541394 13.211922 6
39.257264 31.426294 13.615622 5
39.175964 31.931594 12.783722 5
39.033164 31.318294 12.099422 10
38.102064 31.460894 11.838622 1
38.535764 30.712394 11.214422 10
37.579864 30.989194 11.176622 1
37.593464 30.146594 10.512122 1
36.685264 30.372294 10.239022 7
36.444264 29.602994 10.780822 4
36.338764 28.810894 10.148622 13
36.256164 28.108794 9.512322 5
35.671364 27.312094 9.333022 3
35.954264 26.524394 8.771322 4
35.394064 25.776794 8.620722 13
35.694164 26.198994 7.802622 1
35.399364 26.444794 6.934922 8
35.215264 26.858894 6.063022 10
34.419664 27.456294 6.065222 10
34.684264 28.248194 6.538222 6
35.179164 28.698994 7.196422 11
34.961864 29.043394 8.023722 3
34.792664 29.906494 7.732622 4
35.081364 29.911494 8.697022 13
36.033664 29.995494 8.536222 12
35.729964 30.881194 8.535822 4
36.511764 31.179194 9.042322 13
37.481364 30.923794 9.359122 6
38.022364 30.030694 9.203922 4
38.584164 30.161594 10.011022 4
39.042964 31.039094 10.181522 10
38.878964 31.992894 9.912022 10
38.066164 31.861994 9.392522 11
37.253064 32.146994 9.777522 14
37.319164 32.621894 10.572822 3
38.333564 32.637294 10.552522 10
39.295364 32.784994 10.577722 10
38.818864 33.487794 11.018122 4
38.024564 33.265194 11.496122 9
38.618364 32.577394 11.898222 10
38.691364 32.799194 12.793222 5
38.705264 33.279294 13.639822 5
38.392264 34.024294 13.164922 5
38.327764 33.924894 12.200322 4
37.425964 34.206694 11.915222 15
37.609164 34.774194 11.169522 1
38.434964 34.740494 10.617722 4
38.585664 34.061894 10.038022 10
37.821064 33.723694 9.500922 1
37.877364 33.091394 8.736322 13
37.012664 32.662294 8.886122 13
36.705464 33.589194 8.930222 9
37.154764 33.732794 8.048522 13
36.495264 34.332094 7.801222 10
37.073364 35.025094 7.519022 1
36.780964 35.497994 6.727522 4
36.955964 35.139194 5.835122 6
35.976064 34.817494 5.840922 4
35.912564 34.535294 4.891022 15
36.441864 35.423694 4.970322 1
36.320664 36.043494 4.197122 10
35.506464 35.588794 3.943922 13
35.364364 34.623294 3.607522 9
36.287364 34.414594 3.270722 4
36.696064 33.952394 4.020822 10
36.703464 33.278994 3.320122 3
36.616564 32.374094 3.544322 6
35.907964 32.492794 2.762422 13
35.144864 32.098494 2.368622 11
34.769564 31.247394 2.429522 4
34.155064 31.978794 2.175322 8
33.268564 31.554894 2.585322 4
33.841464 30.746694 2.448522 8
33.156464 30.056994 2.349822 4
33.144264 29.429694 3.039422 10
33.890364 29.239994 2.493122 10
34.180464 29.958194 1.914122 5
34.572864 29.953094 1.052722 4
35.269364 30.461994 0.663022 7
35.466264 30.096794 -0.228478 10
35.317764 29.181494 0.069322 6
36.139164 28.774894 0.361022 12
36.938764 28.261594 -0.026678 1
37.550364 27.917594 -0.666078 1
37.585264 27.137294 -1.200278 10
36.590864 27.054294 -1.055178 4
37.207364 26.647994 -0.405478 4
36.949264 25.758494 -0.591978 1
36.377164 25.682794 0.251022 1
35.478764 25.557394 0.551622 13
34.934564 24.967894 0.069422 1
34.005664 24.709594 -0.044678 10
33.204264 24.595994 -0.667378 6
33.048464 24.434694 -1.633478 10
33.070064 25.299894 -2.088078 10
33.065564 25.652994 -2.932378 3
32.991964 26.522594 -3.461078 4
33.140964 27.162194 -2.763078 13
32.743364 27.873494 -3.760978 15
32.754364 27.757594 -4.705178 4
32.443064 28.112094 -5.522578 5
32.025364 28.748894 -6.065578 13
31.891264 28.609494 -6.999578 15
30.974164 28.780594 -7.090578 13
31.094064 29.261794 -6.288978 10
30.991764 30.228094 -6.616378 14
31.914364 30.043494 -6.434178 4
32.753664 29.903894 -5.792678 5
32.757664 30.848994 -5.676078 6
31.852064 30.480994 -5.401578 4
30.924264 30.161494 -5.251378 4
30.719064 30.758594 -4.432478 1
30.719564 30.223794 -3.660878 3
30.256064 30.986594 -3.242778 11
29.588064 30.288294 -3.018978 13
29.921364 29.884794 -2.197878 1
29.064364 29.677994 -1.856678 10
28.364564 30.148194 -1.431178 4
28.762664 30.310294 -0.575378 7
29.263264 29.495994 -0.646078 10
29.672864 28.651594 -0.426478 10
29.761264 29.127894 0.389722 4
30.550564 28.974994 -0.236778 9
30.734564 29.797094 -0.706878 5
31.202264 30.569594 -1.130678 13
30.497664 31.207594 -1.007378 9
30.245664 32.031094 -0.553178 13
29.824564 32.594994 0.075322 11
30.550264 33.064894 0.458222 10
31.441164 33.375494 0.247722 4
31.571664 33.492194 1.140222 9
31.382564 34.342394 0.811922 10
31.052964 35.244894 0.845322 10
30.753064 34.899894 1.700522 4
30.058864 35.026194 2.315622 6
30.103064 35.139794 3.237622 8
30.807564 35.045294 3.849722 8
31.117264 35.825994 3.242122 7
31.641464 35.183594 2.727722 1
32.476864 35.111594 3.088422 1
32.646564 34.171994 2.796322 10
32.721364 34.171294 3.722522 1
32.404164 33.976494 4.634722 4
32.743064 33.221294 4.214022 10
33.540064 32.769694 4.565522 1
33.295964 33.221994 5.349122 3
32.878764 32.834494 6.195522 10
32.416364 32.000794 6.440022 4
32.689964 32.468894 7.198122 4
31.899264 32.987194 7.066922 5
31.608664 33.446894 7.918922 5
32.548864 33.551894 8.161722 13
33.475964 33.597894 7.877422 1
33.648564 32.722194 7.545422 4
34.208564 33.075194 6.791722 6
35.018264 33.065594 6.268522 7
35.826564 33.623994 6.559222 13
36.076964 33.442694 5.647522 10
36.574464 32.802894 6.120422 13
35.759864 32.452194 6.491722 10
36.439964 32.400894 7.169922 13
36.274264 33.008194 7.893022 13
35.332964 33.224294 8.192322 10
34.674864 32.792394 8.675022 6
34.444464 32.121994 8.037922 13
34.291864 31.408694 8.644822 4
34.969964 31.750794 9.237122 6
35.385664 31.890394 8.371522 13
34.961164 31.226694 7.842922 10
34.094064 30.930294 7.374422 4
33.216564 30.693694 7.283722 4
32.655964 31.010294 6.619522 4
33.122664 31.402494 5.823822 4
33.936464 31.285994 5.212522 15
34.946564 31.428494 5.173522 10
35.925664 31.587194 5.327322 9
35.480164 31.277394 6.116322 6
34.538164 31.290594 6.466522 4
34.693864 30.404294 6.791722 4
34.408764 29.746294 6.163022 4
35.086464 29.813294 5.458122 5
34.999264 28.832494 5.222522 10
35.897464 28.835494 4.891422 9
35.712264 27.994894 4.468722 10
36.609664 27.888494 4.144022 3
36.330064 28.740794 3.703822 1
35.581564 28.110894 3.497122 10
35.495864 28.478194 2.587622 1
35.032864 28.926394 3.301522 10
34.669264 28.084894 3.123122 10
34.782064 27.632794 2.304022 11
34.258664 26.938594 2.049822 12
34.087164 26.968194 3.000222 7
33.934464 27.745294 3.701322 10
33.563464 28.299194 4.415622 10
33.021664 28.338694 3.589222 10
33.182764 28.207894 2.636022 1
32.758864 28.626194 1.798822 11
33.270664 27.922594 1.423522 5
32.842864 27.082194 1.058122 7
33.211964 26.551894 1.807422 1
32.498064 25.981894 2.046822 8
32.287664 26.808794 2.392622 4
32.986664 27.109894 2.927522 4
32.843364 26.410394 3.643822 10
32.719064 25.718994 4.336522 7
32.803264 25.572694 5.274122 10
31.972964 25.511694 5.732622 13
32.088164 24.939094 6.510522 13
32.379064 24.693594 7.447722 4
32.776664 23.955294 7.855322 7
33.170964 23.114594 7.576122 3
33.786964 22.788194 6.893922 4
33.962864 21.828694 7.442322 1
34.421464 22.430194 8.049622 10
34.202564 23.335694 7.697222 4
34.976564 23.864494 8.045422 13
35.327364 24.731094 7.791922 1
34.864864 25.056594 7.020722 5
35.429964 24.449494 6.465822 9
34.546764 24.035694 6.512722 1
35.123964 23.470994 6.042522 9
34.325764 23.630994 5.522822 4
33.950464 24.518494 5.506922 7
34.208464 24.953994 4.680222 12
33.964764 25.621094 5.356422 6
33.443164 26.280694 4.884422 10
33.564864 27.107594 5.423222 10
33.487564 26.550694 6.244522 15
32.736264 25.983994 6.424922 13
32.538264 26.752894 6.948022 13
33.127264 27.304794 7.453122 3
34.016064 27.764594 7.320722 15
33.592764 28.658294 7.270422 4
32.743164 28.996794 6.999922 11
32.856964 29.939194 6.688722 4
31.973164 30.198694 6.418422 4
32.078764 29.251794 6.215122 5
32.483464 28.433594 6.003922 11
33.333464 28.162594 6.410422 10
32.737464 27.472594 6.147722 13
32.986064 27.864594 5.325722 10
33.068464 28.791694 5.244922 10
33.511164 29.423094 5.909722 4
33.602564 30.002794 5.112922 4
34.099664 29.233294 4.724322 10
34.884464 29.442194 4.154822 3
33.937364 29.914394 3.942322 10
33.274964 30.602794 4.220322 1
32.413564 30.235594 3.952022 10
32.098464 30.688494 4.714622 4
32.752664 31.338594 4.840822 4
32.205264 31.902494 4.274422 1
31.255664 31.989894 4.193722 1
31.356164 32.772094 3.562722 7
30.941064 33.609694 3.743422 10
30.840864 34.224494 4.585722 8
30.967364 33.962594 5.572722 1
31.321864 33.249294 6.124422 5
30.852064 32.452194 5.895422 10
30.938264 31.516394 5.929722 4
31.319164 31.990494 6.765522 5
31.492764 31.030494 6.855522 4
30.493364 31.079094 6.887922 10
30.198364 30.563594 7.678722 7
29.425664 30.219094 7.075922 9
30.173864 29.692194 6.757722 4
29.419764 29.117494 6.681022 7
29.779064 28.553094 7.386722 10
29.252364 27.742394 7.305722 10
29.056364 26.818094 7.001022 6
29.422364 26.883194 7.858522 10
29.033564 25.988694 7.624922 6
28.927264 25.126994 7.049622 3
29.398264 25.905794 6.598522 4
29.938964 25.402494 5.965022 13
29.660364 24.426194 5.969422 1
30.156564 23.623394 6.101822 1
30.891064 24.154994 6.549922 13
30.366064 24.861594 7.023422 1
30.533664 25.293094 7.992822 10
31.276464 25.143394 7.380022 13
31.351964 25.943994 8.136122 10
32.145064 26.040894 8.697422 1
31.942264 26.245694 9.621922 4
31.754064 26.047294 10.576822 1
32.259764 26.839894 10.857222 9
32.596464 27.316494 10.113422 7
32.741064 27.554494 9.185422 4
32.072664 28.298394 8.796922 8
31.539864 28.540394 7.963022 11
30.935664 28.322594 8.719322 10
31.040964 29.397894 8.856822 3
31.273564 29.999894 8.120422 4
30.658464 29.251894 7.686022 8
31.263164 29.669494 7.059822 4
31.214564 28.772094 6.750922 11
31.025164 27.911494 7.223522 10
31.333764 27.031494 6.839922 13
31.390964 27.818294 6.142022 11
31.588864 28.214094 5.313522 10
30.685764 28.397594 5.675922 7
30.782464 29.309794 5.819222 4
29.909164 29.559494 5.388722 7
29.739864 30.361894 5.947922 4
29.647964 31.362994 6.179222 10
28.801664 31.769894 6.300122 1
29.483764 32.441294 6.506122 13
30.269264 32.291394 7.224322 5
29.704564 31.878894 7.920022 1
30.617264 31.553994 8.126722 5
31.426164 31.054394 8.234722 4
31.764664 31.808694 8.690422 5
31.980264 32.541694 9.193622 10
32.910564 32.681194 9.316822 6
33.125564 31.871594 8.874922 6
33.281864 31.544394 7.989022 4
32.676364 30.956594 8.437322 4
32.283664 31.174194 9.255522 10
32.247264 30.675094 10.081022 15
31.521364 30.144994 10.126222 9
30.669764 29.825594 9.837022 9
30.003164 29.093194 9.820722 10
30.953364 28.643794 9.904322 13
30.624364 27.760094 10.256122 10
31.274064 27.415394 9.585422 15
30.568764 27.239094 8.954722 10
29.596564 27.180394 8.816922 10
28.990764 27.404594 9.414022 10
28.489164 27.629694 10.230922 13
29.441264 27.878694 10.275722 10
29.412164 27.085794 10.857022 10
30.143564 27.484994 11.366622 15
30.104564 26.457694 11.320022 1
30.765264 25.775094 11.401322 4
30.750664 25.668894 12.424522 7
30.913964 26.653694 12.570222 10
31.346264 27.251394 13.125022 3
31.863564 28.048894 12.966022 4
31.896064 28.885794 12.571622 7
32.844064 28.908694 12.203322 1
32.704564 29.731694 11.668422 12
33.433164 29.231094 11.313222 7
34.257564 29.653294 11.005022 12
34.947564 29.523094 10.275422 7
34.832264 28.873794 9.565122 10
34.189564 28.752894 8.915322 1
33.867864 29.362894 8.183022 4
32.977464 29.735094 7.927122 4
32.996264 28.964494 8.549022 9
32.764864 28.225394 7.920422 11
32.101464 27.544494 7.998022 11
31.171364 27.126394 7.912022 10
30.429864 26.757094 7.357222 10
30.590064 25.952494 6.878522 13
30.814064 26.268294 5.951322 13
29.980564 26.765494 5.858122 4
30.006264 27.667794 6.200422 7
29.009264 27.773194 6.133322 7
28.638764 27.190794 5.443922 1
29.150764 27.872494 4.903422 7
28.389664 27.630594 4.406622 14
28.802564 27.468394 3.564322 6
28.681964 28.395994 3.782222 7
27.787464 28.776894 3.840522 10
27.651264 29.624794 4.229222 12
28.584264 29.647094 4.025422 7
28.128264 29.653094 3.171722 4
27.258964 29.277694 2.999022 12
27.079464 29.468594 2.044222 4
27.750364 28.816594 1.737922 12
28.046264 28.227594 0.983622 10
28.815364 27.878794 1.466822 13
28.714264 26.897994 1.486722 12
28.762164 27.163494 2.394422 14
29.177964 26.406394 2.852322 4
28.479964 26.009194 3.405522 10
28.034364 25.833894 2.593722 7
27.393464 25.116494 2.542222 1
27.333464 24.152094 2.822122 10
27.872764 24.421694 3.572022 3
27.550364 24.157194 4.440322 1
27.758464 23.366594 3.950822 1
26.983664 22.745594 4.230622 10
27.405264 21.884894 4.148022 1
27.562964 21.573894 5.115922 7
27.953564 22.517494 5.034822 10
27.709264 23.362294 5.454322 4
26.789364 23.477594 5.271822 1
26.699964 23.506394 6.208622 10
25.964164 24.062194 6.668322 7
25.754864 24.996994 6.704022 7
25.171264 24.670594 6.027422 7
25.976864 24.383594 5.542522 4
26.607064 24.981394 5.991522 12
26.977164 24.406794 6.654222 7
27.530064 23.755494 7.063022 11
27.764364 23.495494 7.959622 11
28.670764 23.760194 8.191222 7
28.747164 23.524994 7.259922 4
29.655964 24.031794 7.347822 9
30.514564 23.573894 7.290322 15
30.416064 24.153594 8.077522 1
30.917964 23.915594 8.956722 10
31.419964 24.153694 9.755222 14
31.259264 25.094894 9.337422 5
30.668564 25.186394 10.024022 1
30.623064 26.007794 9.467222 10
29.654264 25.934294 9.379222 10
29.410464 25.538694 8.552422 10
29.467564 24.563094 8.915422 13
29.493064 24.721094 9.850622 7
29.006664 25.323494 10.373022 14
28.678264 26.174194 10.827422 7
28.908164 26.525994 9.950522 10
27.947664 26.690794 9.951422 12
27.986464 27.211294 9.088422 10
28.006464 26.867594 8.160422 10
27.243564 26.326394 8.479922 15
26.841564 25.590694 8.048422 7
26.836764 25.566294 7.021022 7
26.916264 26.106394 6.146222 14
26.086564 26.057394 5.608422 9
25.540964 26.027294 6.390422 7
25.076464 26.559294 5.653522 13
24.673264 25.654394 5.694722 7
24.040964 25.687894 4.860022 4
24.230364 26.641594 4.816122 1
24.417464 27.507094 4.406822 1
24.763064 28.229994 3.817222 4
23.947764 28.410194 3.278722 10
24.021564 28.027394 2.389622 1
24.259864 27.688594 1.527222 1
24.671564 27.921894 0.701522 10
25.441364 27.280094 0.838222 1
25.492664 27.729994 1.734222 7
26.129564 28.327694 2.215122 1
26.525864 27.828894 2.898422 12
26.221664 27.235194 3.631922 1
27.107464 27.467994 3.782322 11
26.777064 27.773594 4.662222 10
27.196664 28.488094 5.245722 12
27.924864 28.170294 5.787222 8
28.440464 28.567894 5.128822 7
28.786864 29.388994 5.523422 7
28.817864 30.382694 5.500822 12
29.336464 30.138394 4.737622 7
29.820864 30.685494 4.077722 11
30.731864 30.572894 4.315522 6
31.123164 30.801794 5.197222 4
31.615864 30.005094 5.391122 4
32.200364 29.296794 5.022922 10
31.929864 29.185394 4.003522 10
31.008264 29.619894 3.993422 15
30.071164 29.478494 4.005922 7
30.100564 28.517194 3.934322 5
30.331864 28.735394 4.829522 7
31.219664 28.601794 4.418222 10
30.893364 27.698994 4.185822 7
31.115664 26.842294 3.857222 9
32.005264 27.284094 4.147522 10
32.184064 27.246894 5.040122 10
31.245464 27.125194 5.069122 13
31.604064 26.249494 4.867322 14
31.613464 25.389094 4.798022 1
30.829964 24.964094 5.107622 13
31.021664 24.164394 4.597222 1
30.273264 23.590394 4.911422 11
30.045264 24.493794 4.472122 10
29.156764 24.819294 4.704522 1
28.757664 24.980294 5.606322 1
28.090464 25.591394 5.986822 4
27.836464 26.293094 6.547322 6
27.787664 27.258694 6.684222 4
28.056364 27.711394 7.481322 10
27.152964 27.510494 7.681522 16
26.392464 26.916294 7.349722 7
25.730964 27.595594 7.199722 1
25.386964 26.883994 7.810422 7
24.819964 26.313294 7.282422 7
24.315264 27.125294 7.407422 1
23.598464 27.337594 7.965922 10
23.437064 27.836394 7.136122 1
23.066664 28.698094 7.491922 7
24.013664 28.827294 7.336722 10
24.300164 28.527394 8.205222 11
24.986064 28.624594 8.946422 7
25.957764 28.626794 8.906522 14
26.048364 29.503294 8.698222 11
26.116964 29.105894 7.805922 4
27.002864 28.764794 8.126122 11
27.953464 28.521194 8.255022 10
28.841564 28.946194 8.041422 14
29.560364 28.541994 8.440822 10
28.887864 28.457594 9.205322 10
28.752564 28.675594 10.151122 1
27.783664 28.749894 10.250122 7
27.435464 27.979094 10.782422 10
26.594264 27.542094 10.739722 12
26.148064 28.307094 11.131822 1
25.882964 27.425394 11.509522 10
25.105764 27.327394 10.901122 7
24.492064 26.543094 10.962122 12
23.696164 27.034294 10.810722 12
24.145764 27.356994 10.023722 1
24.999364 27.642194 9.615522 4
25.303164 26.891294 9.034122 7
25.544064 26.237794 9.677822 10
25.042564 25.508194 9.371422 7
24.699364 25.232494 10.316222 12
24.846664 24.441294 10.763122 12
25.588064 24.773194 11.328722 13
25.708364 25.028094 12.284222 9
25.795164 25.940294 11.888522 1
26.351664 26.063194 11.088022 1
26.717664 26.061694 10.154922 15
26.461364 26.549194 9.347022 15
26.096664 26.169194 8.490422 7
25.895064 25.241894 8.358222 7
25.303164 25.013094 7.678522 7
24.330964 24.910394 7.799222 7
23.627264 25.514194 7.605422 1
23.465264 26.419294 7.500422 4
22.624064 26.209294 7.023022 15
22.714364 25.623794 6.261522 10
23.040464 24.691294 6.383122 15
23.735464 24.589694 7.016522 7
24.159564 24.494594 6.145222 7
24.228764 24.016194 5.320822 10
23.615664 23.277994 5.326522 1
22.710664 23.036694 5.487422 7
22.120164 23.800994 5.858822 1
21.857264 24.610094 6.300122 11
21.302664 24.849294 5.593022 12
21.677264 25.665894 5.933422 1
21.518164 26.148594 6.818922 16
21.425464 26.171894 7.775822 1
21.301264 25.678694 8.594422 7
21.780864 25.338894 9.335522 10
21.985464 25.296794 10.313622 3
22.860264 25.034194 10.090322 12
23.649964 25.292994 9.651922 12
24.192364 25.326094 8.891822 7
23.883164 24.464794 8.727722 7
24.401964 23.700494 8.983622 12
24.485464 23.791494 8.028322 7
23.543564 23.718594 8.000322 16
24.042664 23.431594 7.058822 7
24.299864 22.521094 7.001922 15
24.935964 23.193394 6.609622 7
25.506664 23.187394 5.724422 4
25.895864 22.297994 5.800722 10
25.636664 21.392294 5.553322 1
24.862364 20.901294 5.905622 12
24.184964 21.334294 5.311622 1
23.262864 21.109194 5.665522 15
22.402164 21.534194 5.391322 5
22.258064 20.666494 5.868622 9
21.355764 20.549294 5.577122 4
20.780164 20.599794 6.400422 1
20.081964 20.100394 6.830022 1
20.133164 20.521194 7.692022 7
20.917464 19.921494 7.594622 1
21.667364 19.542994 8.218322 1
22.041464 20.286194 7.810622 1
22.925064 20.143494 8.277722 1
23.760664 19.721794 8.166922 1
24.214164 19.806494 8.996422 1
24.747764 20.242694 8.252922 10
25.556164 20.728794 7.861422 7
25.810764 21.636694 7.642122 1
25.587864 21.621394 8.553222 15
25.016164 22.253194 9.134022 7
24.830164 22.385194 8.261422 10
25.521064 23.026494 8.095022 11
25.465564 23.955394 7.865322 7
26.078464 24.268294 8.607722 7
27.009964 24.440994 8.777722 15
27.556564 24.826194 9.443722 12
27.402764 24.386894 10.253122 10
26.559164 24.522294 9.809422 15
25.637964 24.477094 9.559622 7
25.010764 23.829894 9.892122 12
25.331664 23.128894 10.441422 15
24.358464 23.066694 10.457822 10
24.049364 23.768794 10.978922 12
23.200064 23.869794 10.641622 12
23.166164 23.995294 11.608722 11
23.178264 23.029994 11.794322 16
22.726764 23.587194 12.513922 7
22.389464 24.446994 12.951022 13
21.772064 24.001394 13.475822 7
21.686564 23.334894 14.178922 7
22.501564 23.191494 14.712022 7
23.357764 23.512094 14.513822 7
24.223464 23.852094 14.234922 9
23.519064 24.073594 13.609922 7
23.098164 24.942194 13.568522 16
22.530664 25.823094 13.524022 13
22.249564 26.740094 13.456722 16
21.830464 27.395294 13.932422 9
21.036564 27.743994 14.509622 13
20.584164 27.745494 15.311122 7
21.249164 28.091994 15.892322 14
20.334464 28.499694 16.253422 16
19.582764 28.950694 16.678022 4
19.338464 29.667294 17.249622 16
18.693564 29.765494 16.548222 1
17.753264 29.899594 16.312222 10
17.821964 30.664994 15.824722 11
16.980764 31.016994 15.446922 6
16.241264 30.563994 15.783822 12
16.347264 31.018994 16.682122 7
16.034864 31.913294 16.494022 15
16.126264 32.027494 15.584722 1
16.330064 32.912094 15.245222 12
15.573264 32.702494 14.688122 7
15.083164 33.550594 14.442422 7
15.939464 33.805694 14.137122 11
15.879264 33.196694 13.379622 7
15.942464 32.317294 13.670022 1
16.610564 31.735594 14.209422 11
17.431564 31.353194 13.934222 7
17.903664 31.138694 13.101722 12
18.538764 31.188694 13.838922 4
18.997964 31.988394 14.066822 15
19.757064 32.424394 14.366722 12
20.128964 33.344794 14.317522 11
20.162364 33.946494 13.554422 4
20.986664 34.473994 13.379622 7
20.762764 35.291994 13.893922 7
19.816264 35.033494 13.738322 1
19.846864 34.376094 14.496722 5
20.204464 35.218294 14.844822 16
20.194764 35.978694 15.515922 7
20.665664 35.310194 15.914422 9
21.036064 34.566594 15.309822 14
21.155664 34.008494 14.478022 7
21.251464 33.074494 14.626422 15
21.424564 32.678194 15.504822 10
21.194764 31.800794 15.829422 15
21.532364 31.385094 15.019622 10
21.160764 30.520094 15.027122 10
20.958764 29.616894 15.377922 1
20.087064 29.657894 14.994922 7
20.081064 30.524394 14.543922 16
20.012064 31.261094 13.928322 1
19.766564 30.526194 13.237922 16
20.701064 30.731294 13.229622 10
21.642164 30.565594 13.538322 7
21.987064 30.109494 12.753622 12
22.540064 29.402694 13.250122 1
22.271564 28.528594 13.475822 7
21.387264 28.082094 13.299522 16
21.738364 28.321394 12.372422 7
21.152464 29.002894 11.836022 1
21.597364 28.270394 11.385522 1
22.221464 27.525594 11.575122 1
21.684864 26.720394 11.587422 7
22.269364 26.050894 11.913522 13
22.585264 26.253294 10.985922 12
22.866464 25.334594 11.183322 12
22.171964 25.009094 11.827422 13
21.201164 25.269194 11.936822 6
20.752764 24.879794 12.730022 11
20.875864 23.925594 12.695722 7
20.732264 23.303194 12.030822 4
20.433864 22.876594 12.831422 16
20.964264 22.741494 13.695322 7
20.685364 22.920994 14.597522 7
19.841964 22.795194 15.194522 15
20.088564 22.059094 15.842822 15
21.013764 22.335494 15.491522 7
21.733264 21.702694 15.379322 9
20.994664 21.039794 15.164922 15
21.605364 21.226194 14.459122 7
21.384664 21.728694 13.637622 7
20.451564 21.582294 13.580822 15
19.792964 21.006594 13.157422 9
20.444464 20.912294 12.504822 10
20.837564 20.605694 11.620622 11
21.586664 20.744194 11.011822 16
21.527164 21.370294 11.753722 11
22.429864 21.237194 11.359322 16
22.361264 22.189394 11.795022 1
21.895564 22.205194 12.632422 12
22.160764 22.366094 13.551222 7
22.777664 22.311494 14.283722 7
23.643764 22.560394 13.936522 7
24.179564 23.185494 13.444222 1
24.264364 23.716694 12.647922 11
23.559064 24.383694 12.449922 13
23.683064 25.086894 11.828422 12
24.432264 25.537394 11.393322 12
24.768164 25.897894 12.238322 16
24.775464 25.538194 13.123522 7
24.968064 24.568494 13.017322 16
25.763864 24.030994 13.154422 16
26.733864 23.861194 13.068722 7
27.081964 24.552194 13.649022 10
27.226664 23.717094 14.015722 1
27.870664 23.012694 14.376122 7
28.645864 22.494194 14.715322 5
29.053964 22.657994 15.612422 4
29.795664 23.141394 15.958622 16
30.481764 22.457994 15.749922 14
30.653364 21.447194 15.576722 12
30.439664 20.501694 15.538722 10
30.049564 20.184194 16.411722 1
30.919364 20.511094 16.611422 16
31.042364 21.361394 16.933822 15
31.865864 21.094094 16.460822 7
32.620164 21.705094 16.427722 10
33.432064 21.861494 15.989722 1
34.279764 21.467894 16.258022 1
34.612264 22.445694 16.254822 12
35.351864 22.384794 16.811322 15
35.883964 22.455294 17.584822 7
36.776364 22.445394 17.894522 7
37.247264 21.598894 17.717622 1
36.830364 21.577294 18.573222 1
37.288364 21.159994 19.294322 1
37.856464 20.423194 19.099922 1
37.601764 19.728094 19.713922 16
36.868464 19.675594 20.327822 12
36.480364 19.467194 19.462322 8
35.672064 19.832994 19.157322 13
34.762864 20.088194 19.481322 7
34.529864 21.006894 19.751022 12
33.733064 20.605094 19.446222 13
33.508864 20.283594 18.538522 7
32.601764 20.018894 18.101722 13
31.840464 19.549594 17.678722 15
30.850864 19.513394 17.644322 5
30.067564 19.980794 18.009722 7
29.557764 19.811194 18.802422 12
28.734664 19.503694 18.347322 7
28.389564 20.436594 18.144222 15
27.943964 20.110694 17.328522 16
27.125164 19.878294 17.719122 12
26.424564 20.505294 17.416922 7
26.384164 20.079294 18.294222 1
25.552964 19.716994 17.903922 7
25.941964 19.140794 18.568322 1
24.937764 18.790594 18.639322 7
24.331164 18.264594 18.071322 11
24.011664 19.092994 17.697622 12
23.676364 19.975894 18.023422 1
22.924464 20.163494 18.626522 7
22.450464 21.043594 18.988422 9
22.108564 21.437994 18.159822 11
21.365164 21.807194 17.645622 11
20.982764 22.709694 17.893522 11
20.498064 23.556394 18.060722 16
19.883264 23.057794 17.478322 15
19.862064 24.042094 17.530822 7
20.063764 24.989994 17.293822 16
19.526964 25.656994 16.841922 10
19.872764 25.199294 16.091522 9
20.138064 24.633694 15.364422 14
20.665264 23.877594 14.945522 7
21.440564 24.229094 14.587922 7
21.409164 25.106694 15.056822 16
22.134464 25.342194 14.365122 7
21.448964 25.619394 13.802222 5
20.709164 25.237694 14.216022 4
19.936564 24.651194 14.115422 7
19.713564 24.052194 13.396422 16
19.695264 23.427594 14.145022 7
19.560564 22.501394 14.153622 15
18.662964 22.034094 13.908922 1
19.383464 21.466794 14.207922 15
18.511464 21.063294 14.097122 1
17.784164 20.679994 13.547622 12
18.054364 19.865294 13.054922 1
18.195164 19.296494 13.947522 11
18.158964 18.483194 14.482722 7
19.140064 18.377194 13.995522 1
19.988164 17.994594 13.667822 7
20.158464 18.073494 14.642322 10
19.714764 18.159894 15.502422 7
20.217764 18.962694 15.557222 15
21.001964 18.337994 15.761122 12
21.541164 17.725494 16.221222 7
21.613564 18.592194 16.616722 16
21.989564 17.888094 17.319222 13
21.803864 18.399294 18.202522 11
22.385864 17.879794 18.754722 16
22.875864 18.341394 19.426822 12
23.346864 18.506094 20.287322 1
22.896664 19.177494 20.777322 16
23.079864 20.023694 21.236822 7
23.256364 20.626794 21.938822 7
23.013964 21.501394 21.729722 6
22.460364 22.148794 22.262222 13
22.625064 22.588094 21.401522 12
22.408464 22.275794 20.483622 12
21.871564 21.386894 20.255622 7
21.321964 21.449594 19.426522 11
21.009864 20.738794 19.990422 7
20.965064 20.129894 19.166822 11
21.746664 20.125094 18.597422 8
21.866464 19.961194 17.681722 4
21.755964 20.848294 17.339122 11
20.782364 20.726294 17.190722 15
20.702264 20.398494 16.252922 9
19.847264 20.172094 16.594122 15
19.096264 19.810894 16.200222 12
18.763264 20.699594 16.424422 7
19.121964 21.521494 16.148822 15
19.796364 21.187494 15.523122 15
19.998964 20.235494 15.499622 16
20.608164 19.962994 14.770522 7
20.866664 20.614494 14.134522 1
21.079664 20.255394 13.319922 1
21.953564 20.425394 13.661922 7
21.867964 19.777494 12.918822 1
22.763964 19.796794 13.013422 1
23.194864 20.450494 12.370722 11
22.511564 21.204894 12.757622 7
23.396464 21.246994 13.054322 7
24.144764 21.723994 13.470022 1
24.579364 21.106394 12.893522 1
24.198764 20.624694 13.776822 1
23.220864 20.424994 13.739122 7
23.558664 19.618794 14.184922 1
22.649864 19.748994 14.499222 16
22.891064 20.699194 14.636122 7
22.657164 21.551994 14.987622 7
23.415464 21.092394 15.448122 15
24.110864 21.702394 15.076422 7
25.122264 21.407894 15.364522 5
25.715964 21.477194 16.069722 12
26.091764 22.191794 16.677122 14
26.057264 22.619694 15.853322 16
25.715964 23.499994 16.128622 12
25.082564 23.296594 15.424022 16
24.042864 23.517694 15.448622 7
23.841864 23.700394 16.391822 15
24.108464 23.168894 17.224222 7
24.169564 23.428894 18.156622 16
23.592264 23.388894 18.935222 11
23.982164 23.412894 19.842822 12
24.675564 22.779794 20.069122 1
25.226764 23.543594 19.949522 11
24.929664 23.940694 20.786322 16
24.163064 24.542994 20.643022 1
23.342464 24.019394 20.536022 12
23.225664 23.696194 21.425122 12
23.734564 24.371794 21.910622 7
23.588364 25.196594 21.417222 12
24.404364 25.652394 21.616822 7
24.850964 26.506694 21.937022 16
25.587664 25.979794 22.237322 15
26.175064 25.286694 21.921422 13
27.184164 25.096594 21.818722 11
27.703464 25.899194 21.820922 1
27.856364 26.904394 21.733022 1
27.343764 27.228494 20.909322 7
26.640364 26.662894 21.282722 13
25.747764 26.948894 21.185022 12
25.316464 26.282494 20.638422 8
24.760364 25.971594 19.933322 15
24.112764 25.261394 19.648622 12
24.551164 25.599994 18.849722 7
24.740864 25.623694 17.935022 8
25.632364 25.336994 17.711622 1
25.021564 24.904594 17.171322 9
24.154664 25.008894 16.729122 16
23.740564 24.838494 15.872922 12
23.083164 24.453594 15.245422 7
22.415964 25.086294 15.449322 5
22.121364 24.190094 15.414422 7
22.238564 24.559294 16.287122 1
21.281464 24.573194 16.243322 1
20.849864 23.742894 16.095222 7
20.142464 23.039794 16.251822 15
20.735364 22.313294 16.567222 15
21.512864 22.652694 16.967422 11
22.082564 23.141294 16.260922 7
22.319364 22.525294 15.506322 7
22.839164 21.926994 16.049522 11
23.405464 22.671294 16.293222 7
22.800764 22.832594 17.007022 11
22.409764 23.578194 17.493322 11
22.997464 24.204394 17.917722 7
22.947764 25.103494 18.362522 15
23.014264 25.875894 18.945922 7
22.605064 25.114994 19.373622 12
21.736764 25.072494 18.968322 14
20.796764 25.369694 18.994822 16
19.879164 25.400294 19.245322 16
19.388564 26.212094 19.409322 16
18.726364 26.931994 19.164022 1
18.088464 26.558394 18.402122 16
17.310264 26.314394 17.957522 1
17.714564 26.379494 17.094522 1
17.946664 26.723394 16.198322 7
18.229064 25.840694 15.788522 1
18.554864 25.063794 15.373522 1
18.595664 24.171694 15.791522 16
18.174164 23.989694 14.929822 10
17.312564 23.642594 14.715922 1
17.748064 22.853094 14.301622 12
18.400664 22.752894 15.014622 15
17.555264 22.566194 15.350222 5
18.149564 21.903994 15.840122 15
17.590664 21.778594 16.633622 12
17.225064 22.570994 16.338922 16
16.966364 23.152494 17.092722 1
17.820864 22.669694 17.366722 1
18.575364 22.125594 17.121122 15
18.880564 23.004594 17.102522 15
18.679764 23.760694 17.606022 12
18.980764 24.632394 18.010622 16
18.037364 24.605694 17.784022 1
18.555764 25.422794 17.578822 16
18.814964 26.317094 17.429122 1
19.245464 26.560294 18.234722 16
19.736564 25.700894 18.064422 16
20.593964 25.689594 17.830222 16
21.570064 25.702894 17.890722 8
22.141664 26.466394 18.245522 11
21.226864 26.639794 18.109822 16
21.383664 26.172394 18.921822 16
20.989264 27.003594 19.211922 16
20.071564 27.064394 19.489422 16
19.828864 27.980194 19.446322 13
18.904164 28.199594 19.834922 7
18.265564 28.047594 19.048822 11
17.303564 28.075894 18.715722 8
17.524464 29.018094 19.067622 16
17.738564 29.176994 20.073322 11
16.931964 28.572894 19.998422 7
16.448864 28.703294 20.826922 1
16.455564 29.167094 21.677022 1
15.567964 28.832794 21.539122 1
15.337864 29.321294 22.349622 1
15.411464 30.089394 22.920122 1
15.404764 30.492294 23.825222 11
16.275564 30.366794 23.510522 11
16.685064 30.934194 24.065522 1
16.633164 31.579794 23.311822 1
16.502964 31.306294 22.440022 16
15.879364 31.944294 22.696322 1
15.886464 32.116294 21.755822 16
16.403564 32.450394 20.989422 11
16.696164 32.161994 20.086022 16
17.258564 31.485494 20.517422 12
18.188464 31.592994 20.088922 16
18.998564 31.801394 19.664322 7
19.706064 31.126994 19.859422 16
19.850464 30.958894 20.830522 12
20.139564 30.152094 20.401022 15
20.583164 29.401994 20.011922 16
20.579864 28.721394 20.622422 5
21.193064 28.040694 20.910722 1
21.748464 27.263794 20.632522 5
20.842464 26.938094 20.571922 16
21.526464 26.270494 20.536122 16
22.440064 26.531794 20.450122 15
22.883064 25.832494 20.893322 12
22.471364 25.896494 21.745822 11
21.586964 26.261794 21.604722 16
21.319164 27.116894 21.932822 1
20.613464 26.457494 22.055922 16
19.836564 25.924894 21.922022 16
19.307664 26.618494 21.611422 1
18.583464 26.614694 22.341522 15
19.111064 27.363694 22.720922 15
20.029664 27.111794 23.009122 16
20.056064 27.758894 22.258822 7
19.985064 28.654394 21.857122 13
19.175864 28.542694 21.426722 1
19.056464 27.698694 20.795522 15
19.701164 27.045094 20.484722 1
19.676564 26.065894 20.437522 16
20.134264 25.259994 20.328922 16
21.056064 25.181194 20.232822 16
22.032664 25.122794 20.237622 12
22.457664 24.306694 20.073522 12
21.507364 24.253194 19.834422 16
22.040964 23.964894 19.107922 1
21.132464 24.194194 18.808922 16
21.577664 23.375794 18.427422 11
22.415964 22.973994 18.839022 11
22.802364 23.376694 19.623822 12
23.186264 22.417294 19.417222 16
22.756964 22.007694 18.644322 11
23.046764 21.895094 17.692122 11
23.805964 21.969694 17.110822 16
24.025864 22.219994 18.010722 11
24.430864 22.177094 18.877922 1
25.153264 21.544094 19.072022 15
25.690364 21.746294 19.861722 7
26.191364 21.825694 20.715622 8
25.994064 22.452094 21.464522 5
26.093064 21.706394 22.108822 16
27.087264 21.686294 22.249822 16
27.671764 22.301694 22.760622 5
27.529264 23.216394 23.058922 15
27.127664 23.220694 23.899622 1
27.202964 24.169694 24.256222 8
27.567764 24.396494 25.074622 12
26.992964 25.203594 25.149922 1
26.522464 24.798994 25.779722 1
25.677464 25.304194 26.164222 8
24.782264 25.160994 26.014122 15
24.299564 24.475794 25.734022 1
23.874564 24.524294 24.881822 1
23.189164 24.328794 24.239322 1
22.416464 23.937194 23.882922 16
21.853564 23.606294 24.492822 9
20.785664 23.516394 24.643822 1
19.857864 23.394794 24.363922 1
19.471864 23.735894 23.516922 13
20.299364 23.850694 23.087122 14
19.573664 23.757794 22.431222 7
20.447564 24.140794 22.093022 1
20.484164 24.840194 21.464522 16
21.373964 25.089994 21.247422 16
21.689164 24.289794 20.885522 12
22.121064 23.889394 21.754222 12
21.772064 24.629694 22.219622 1
20.993564 25.055994 22.564222 7
20.085564 24.950894 22.632722 5
19.130064 24.989894 22.976722 8
18.709164 25.726694 21.776622 16
18.302564 25.500294 20.957922 16
17.404464 25.257394 20.982822 5
17.340164 25.153094 20.017722 7
17.998464 25.654694 19.527622 16
18.288464 24.749194 19.370922 16
17.857064 24.231094 18.743922 15
18.705964 23.824494 18.802822 11
19.326164 24.622294 19.050522 16
19.738464 23.747394 18.960922 16
19.894864 22.858394 18.674022 15
19.401364 22.618194 19.445722 1
19.037264 23.160594 20.081322 1
19.968864 23.519894 19.993622 16
20.888264 23.448994 19.755022 16
20.830064 22.691894 19.231622 12
20.509764 21.945994 18.663822 11
20.324964 21.826794 17.725522 15
19.439064 21.355294 17.609122 15
19.898664 20.827094 18.219822 11
19.347064 21.313794 18.781622 12
19.710064 20.669794 19.415522 1
19.662464 19.996294 20.106822 16
19.999064 19.747194 21.036722 16
20.039164 20.231794 21.851422 1
19.340664 20.871894 22.120122 7
18.796964 20.908194 21.297522 7
19.515564 21.514594 21.140922 16
20.412764 21.410194 21.525522 1
20.680864 22.184094 20.907722 5
21.480564 22.733594 20.750922 12
20.782764 23.228394 21.257622 16
19.760664 23.184094 21.151222 1
19.611064 24.139394 21.195422 16
19.551564 24.418194 20.305622 16
18.703164 24.436194 20.712822 16
17.761964 24.158494 20.663222 1
18.004864 23.530094 21.367622 11
18.328464 23.065294 22.119622 1
18.671564 22.483794 21.466322 1
