39.760733 23.814789 1.522056 1
40.393633 24.434989 1.203756 16
40.373933 24.690189 0.261056 12
39.474033 24.935089 -0.088144 1
38.894533 24.572889 -0.782244 3
39.375133 24.913489 -1.562044 1
38.952733 24.181389 -2.110744 1
38.382633 23.934589 -2.917744 1
38.212233 22.989589 -2.980044 2
37.684733 22.959189 -3.824544 1
36.918633 22.293289 -3.915644 4
35.972433 22.253789 -4.051644 1
35.359033 21.460689 -4.495844 14
35.762233 21.175089 -5.393044 1
35.107233 21.308389 -6.062644 2
34.991333 20.399389 -6.433144 11
35.800633 19.826589 -6.564744 13
35.939933 19.506389 -7.437944 2
35.347633 20.239889 -7.741444 9
35.495933 19.952189 -8.695144 1
36.199433 19.592589 -9.221144 2
36.129733 18.918489 -9.987144 5
36.848433 19.539689 -10.327744 1
37.470333 20.238589 -10.017744 8
37.166833 19.971589 -9.125644 15
38.013333 20.471589 -8.951944 9
38.593233 20.063689 -8.312544 14
38.972033 20.260489 -7.458244 8
39.676333 20.101689 -8.142844 15
39.277933 20.586389 -8.904244 2
40.122833 21.009489 -8.893644 14
40.762533 20.789989 -8.147644 6
41.107533 20.522689 -7.251344 2
41.552433 20.841589 -6.484944 1
41.000333 20.325889 -5.913344 14
40.773833 20.503289 -4.996444 6
40.931933 21.052489 -4.193544 2
41.216533 21.026089 -3.305644 8
41.465633 21.882289 -2.883044 14
41.829933 21.969589 -1.985744 12
42.025433 21.927989 -1.079544 2
41.770333 21.044789 -0.625644 14
41.996433 21.692689 0.078156 6
41.926733 20.841789 0.590256 14
42.664433 21.134689 1.132856 2
43.354133 21.716089 1.563656 1
43.898033 21.000889 1.949456 5
43.561233 20.264989 1.304756 2
42.946833 19.881289 0.680656 2
43.014833 19.730789 -0.337744 3
43.991133 20.047189 -0.389744 2
44.765233 20.651289 -0.432844 7
44.443633 20.559189 0.425756 2
45.371533 20.574689 0.837256 5
45.336033 21.041089 1.655756 2
44.922233 20.265989 1.988856 11
44.316633 19.617689 1.616956 2
44.100833 19.478289 2.500456 2
43.572433 20.151889 2.877456 5
43.385033 20.883989 3.483156 1
43.086233 20.654389 4.331656 14
42.199933 20.860389 4.504056 8
41.557733 21.504289 4.577756 1
40.950433 22.271089 4.268656 2
41.102633 21.853989 3.412956 8
41.400333 21.904589 2.469956 14
40.839033 22.750389 2.738056 1
41.537633 22.887689 2.007456 15
42.015533 22.167689 1.601756 14
42.695533 22.798289 1.312256 2
42.563733 23.686089 0.870556 9
43.243333 24.314289 0.571156 14
43.341533 25.002289 -0.113544 1
42.602833 25.634389 -0.253744 9
42.934233 26.428389 0.216856 1
43.396933 26.083789 1.003856 2
43.088133 26.994989 1.187256 1
42.485433 27.654989 0.940456 10
42.457133 27.944289 0.007956 8
41.513433 27.862489 0.153156 2
41.099933 27.166989 0.676556 11
40.493833 26.979189 1.440956 15
40.090533 26.272589 1.967056 8
39.506833 26.583589 2.659156 2
39.367133 25.652489 2.697756 2
39.793033 24.838289 2.986956 12
39.389233 25.312889 3.746756 14
39.344233 25.562189 4.694756 6
38.405633 25.152789 4.410956 1
37.491633 25.144589 3.983856 14
36.928533 25.664089 4.624456 1
36.162333 25.450689 3.976056 1
35.964333 26.438589 3.712056 1
35.834633 25.791589 3.071356 2
35.253933 25.455489 2.389256 1
35.174233 24.728089 1.790556 1
35.767933 24.208189 1.235856 1
35.610333 23.314689 1.568556 1
36.572133 23.342489 1.726056 2
36.909133 23.320289 0.806856 2
37.736833 22.876889 0.820256 7
38.011833 21.957989 0.860256 14
38.044533 21.644689 -0.045544 1
38.744733 22.255489 0.085156 3
39.694333 22.208989 0.297656 1
40.620533 21.932689 0.062056 2
41.082633 21.365389 0.673656 14
40.259633 20.913489 0.623456 14
40.378133 21.123589 1.517756 14
39.679633 20.970489 2.087556 2
40.061833 20.408889 2.906556 11
40.761333 20.380389 2.182856 14
40.185933 19.850389 1.594756 14
39.680833 19.303489 2.217156 2
39.966833 18.498289 1.597556 5
40.819633 18.597489 2.064656 14
41.698033 18.360089 1.750456 2
41.108833 18.578589 0.980556 14
40.920533 17.625089 1.006556 5
40.736333 17.586089 1.927356 5
40.837733 17.282489 2.848656 2
41.668433 17.469589 3.261956 1
42.192533 18.125889 2.682056 2
42.781333 17.406989 2.866856 1
42.736733 17.289989 3.752756 15
43.409033 16.601889 3.774456 9
44.039133 16.105989 3.265956 8
44.107933 17.141489 3.265856 15
44.540033 16.613889 2.511856 8
43.969133 16.888889 1.745256 6
43.849833 17.868189 1.684356 2
43.672233 18.367089 2.489156 2
44.323933 18.407589 3.195556 15
45.269533 18.121889 2.960456 2
45.658833 17.596189 3.628556 8
46.551533 18.006189 3.785856 12
46.477333 17.630689 4.630056 2
45.606733 17.059489 4.472856 8
45.054633 17.004889 5.272156 9
44.819233 17.902089 5.659656 14
45.091433 18.047389 4.740456 3
45.664233 18.773989 4.364956 2
46.581733 18.814289 4.685956 14
47.315333 18.664789 4.138756 8
47.430733 19.469989 3.701256 1
46.666933 19.475089 3.149356 12
46.217033 18.850689 2.541656 8
45.211633 19.273489 2.642256 2
45.496833 19.177089 1.650356 2
45.712733 19.452689 0.781656 6
44.888433 18.906789 0.894356 2
44.909233 19.189889 -0.038444 2
45.076333 19.064189 -1.007244 6
45.209433 19.331389 -1.960944 1
44.324933 19.518589 -1.654544 5
43.401833 19.600989 -1.922544 11
43.396733 18.620589 -2.019244 2
43.394833 17.732889 -2.278044 1
43.591533 17.008489 -1.662344 1
42.766333 17.084389 -1.166244 1
43.253733 17.042089 -0.290944 2
42.467733 17.035189 0.260156 2
41.509933 16.816089 0.213856 5
41.005633 17.685989 -0.166944 1
40.069533 17.709989 0.082956 5
40.423933 18.622589 0.111756 6
40.563633 19.404589 0.702756 14
41.509333 19.424089 0.470656 14
42.210333 19.241489 1.141956 2
42.140533 20.180489 1.346456 14
42.826233 20.265189 2.092856 2
42.315733 20.995789 2.452656 14
41.843733 20.200889 2.381956 14
42.243033 19.371989 2.243256 2
42.000133 19.068589 3.147056 3
42.884833 18.876489 2.731256 2
43.610433 19.121789 3.394756 15
43.597533 19.011789 4.445156 15
43.287433 18.276589 5.164056 15
43.334833 17.315489 4.856656 14
42.669533 16.563789 4.903456 1
42.907533 15.627289 4.860556 9
43.549033 15.426089 4.221556 9
43.974733 15.966089 4.920156 2
44.496233 15.103489 4.823356 1
44.648133 15.748689 4.133956 8
45.593333 15.920089 4.164856 8
46.466633 15.662589 4.447256 2
47.402033 15.667489 4.530456 14
47.931133 16.558489 4.190556 5
47.506833 16.230989 3.317356 2
47.137933 15.337689 3.451256 14
46.232433 15.497889 3.041756 8
46.101533 14.586789 2.606956 2
45.184133 14.874489 2.480756 8
45.056033 14.369989 1.658456 2
45.032233 13.415789 1.490656 2
44.195633 13.444789 1.955756 3
44.199233 12.814589 2.698756 4
45.044533 12.659989 2.216656 2
45.891433 12.836089 1.826056 2
45.942333 12.142289 2.626256 1
46.181633 11.204389 2.446856 1
46.162633 10.481889 3.047356 3
46.461833 10.156589 3.926756 2
47.130833 9.466889 4.125856 1
48.032133 9.958189 4.087356 7
47.847433 10.704789 3.412656 1
48.082333 11.423089 2.820256 2
48.117333 12.325289 3.268856 14
48.691633 11.664789 3.786956 3
49.198933 10.851689 3.971156 2
49.232433 10.989389 2.936656 1
49.916333 11.664189 3.136156 2
49.666233 11.903789 4.046256 2
50.457533 11.326089 4.143456 14
50.753533 11.374489 5.167556 8
50.599333 11.836389 6.052156 2
50.479633 12.691289 6.489756 6
49.702233 12.646189 5.794556 14
49.073533 12.154289 5.228456 1
48.467633 11.802489 5.900556 8
47.514333 11.734689 5.858456 10
47.833333 12.698689 5.598756 12
48.308133 13.473989 5.184756 6
47.745633 13.757889 4.514956 14
46.977033 13.786889 5.046256 1
47.489933 14.605489 5.095856 14
46.528333 14.658289 5.060456 2
45.656433 14.653889 4.721556 8
45.434833 14.525989 5.646656 7
44.648633 13.981589 5.930056 2
44.014533 13.442689 5.530256 1
44.584333 14.009889 4.895356 1
43.748933 14.409789 4.667956 9
43.458333 13.749289 3.964156 2
43.416733 13.906989 3.009656 3
43.654333 14.601089 2.370156 8
43.413433 14.643389 1.436656 1
42.530033 14.529189 1.208656 3
42.294333 15.047489 0.473556 3
42.258133 16.060689 0.730556 5
43.084833 16.512189 0.990256 2
43.966333 15.990989 1.198156 8
44.036333 16.828489 0.782356 2
44.604333 16.526589 0.022756 15
44.194833 17.387389 0.031656 2
45.165033 17.642689 -0.014344 2
45.556333 16.988289 -0.601544 11
46.254733 17.663489 -0.770544 1
47.009133 18.033689 -1.236244 5
47.681833 17.986889 -1.957144 14
48.094333 18.065889 -1.021844 3
48.512433 17.375589 -1.646644 2
48.651033 17.173389 -2.571944 12
48.213033 17.424289 -3.467344 2
47.781433 18.013289 -4.118944 2
48.233533 17.604389 -4.866744 1
49.021033 17.471989 -5.395144 14
49.274733 16.714189 -5.911244 3
50.012833 16.110489 -6.015144 1
50.634633 16.701389 -5.584544 14
51.202733 15.959889 -5.308344 2
50.555433 15.963189 -4.607644 4
49.720133 16.324489 -4.154344 1
49.935433 16.435289 -3.228144 1
50.651433 16.614389 -2.605044 14
50.010733 16.159689 -1.888444 1
49.897733 15.473589 -1.181544 1
49.435933 14.639289 -0.885144 14
48.657833 15.152289 -0.765244 2
47.858733 15.599789 -0.930044 6
47.148833 14.995489 -0.802444 9
46.624333 14.752889 -0.058644 6
46.450833 13.982389 0.539256 2
45.957933 13.588889 -0.179444 2
45.702333 13.909589 -1.056944 9
45.703433 14.857189 -1.205244 9
45.396133 14.694989 -0.290244 2
44.465333 14.356489 -0.274744 2
44.360233 14.513489 -1.215044 9
44.826333 15.149589 -1.833644 9
44.838633 14.808189 -2.756644 9
44.050933 14.657189 -3.300044 2
44.193233 14.018489 -4.099044 6
43.804233 13.941989 -4.965344 8
43.352733 13.530989 -5.619844 6
42.759333 12.816189 -5.922544 3
43.587633 12.296389 -6.067744 8
43.825233 12.809389 -6.910844 2
44.357733 12.118489 -7.326444 2
44.781833 12.425189 -6.391544 8
45.417233 12.997489 -5.971744 14
45.176033 12.716889 -5.112444 8
44.404633 12.478389 -4.571744 8
43.592433 12.265489 -5.014744 8
42.788633 12.082389 -4.451444 6
43.207233 11.619489 -3.626644 2
43.570333 10.847089 -3.149944 3
44.222833 11.242189 -3.727144 14
44.498533 11.248489 -2.785044 12
44.663333 10.778889 -1.904144 2
45.570133 10.984289 -1.534044 14
45.799133 11.507589 -0.809544 2
45.067033 11.000989 -0.371844 1
45.531133 11.557089 0.304256 2
44.849533 12.119289 0.053056 2
44.604033 11.431289 0.779256 10
44.027433 11.889989 1.439156 2
43.332433 12.658889 1.695656 3
42.371233 12.868489 1.723456 3
42.475133 13.500489 0.975656 3
43.370733 13.419689 0.807056 3
44.357933 13.411889 0.781556 12
45.107433 13.055989 0.330556 2
45.918333 13.200689 0.790956 2
46.385733 12.366189 0.903356 2
46.565633 11.442489 1.034656 9
45.638633 11.164189 1.330056 1
45.861333 10.315489 0.875756 8
45.021333 9.898589 1.366256 1
44.241733 9.289389 1.061056 2
44.388133 8.357089 0.966056 8
45.152133 8.488089 0.424156 14
45.980633 8.193489 0.790356 1
46.701833 7.831089 0.168056 1
47.366333 8.549289 -0.091744 1
47.598733 7.718489 -0.502244 8
47.548533 6.771389 -0.355944 3
48.365233 7.265989 -0.037444 9
48.287333 7.864889 0.802156 1
48.313133 8.811989 0.577756 3
47.760533 9.576089 0.333356 6
47.288133 10.218289 -0.138144 8
47.915433 10.198589 -0.887544 14
48.302733 11.085889 -0.899044 6
47.433233 11.445689 -0.735944 7
46.839333 12.250789 -0.805744 2
46.881133 11.924689 0.095856 2
47.652233 11.518989 0.630056 1
47.406233 12.448289 0.950056 2
48.297733 12.691689 0.666256 3
48.328433 13.095789 1.532056 6
47.624133 13.172489 2.279756 2
46.994033 12.729389 2.786556 1
46.665533 13.660689 2.555156 2
47.132133 14.253389 3.220956 14
46.371033 14.640489 3.691856 8
45.927633 13.795489 3.677056 2
46.801933 13.278289 3.894456 14
46.041733 12.990189 4.437156 3
45.553033 12.126689 4.418056 3
44.826433 12.775789 4.160756 12
44.878833 13.274589 3.371856 2
44.678833 14.135489 3.176856 2
44.165133 14.972089 3.358056 8
43.177933 15.100289 3.252256 9
43.240733 15.822189 2.638756 8
42.392733 16.326089 2.819356 9
41.985533 16.890389 2.073156 14
42.525233 17.274389 1.386056 2
42.271433 17.984089 0.772156 2
42.300533 17.950689 -0.195344 1
42.909733 18.600489 -0.294444 1
43.102133 18.813889 0.620756 2
43.845333 18.628989 1.140256 2
44.094733 18.441189 0.258556 2
44.036733 18.299189 -0.707044 1
44.391033 17.673189 -1.327544 3
44.885233 17.008889 -1.822244 1
45.756033 16.819889 -2.125544 10
46.119233 16.709689 -2.999344 1
46.926233 16.389389 -2.498844 3
46.951133 15.431689 -2.329344 9
46.501733 15.533889 -1.494244 9
46.720033 16.045089 -0.704144 12
47.092333 16.270789 0.139756 6
46.159933 16.546189 0.246956 14
45.540533 15.922189 0.779856 3
45.055033 15.266989 1.275456 8
45.943833 14.900189 1.107456 2
46.795133 15.373989 1.026756 6
47.521333 15.961989 1.082956 6
47.088033 16.624089 1.728556 2
46.472833 16.507189 2.497856 8
45.550433 16.753389 2.740756 8
45.496633 16.777289 1.712556 3
45.024633 17.539689 2.030356 2
45.676833 18.083589 1.519756 2
46.602733 17.807689 1.348256 6
47.189933 17.913189 2.099956 3
47.153233 17.270089 2.891456 8
48.070233 16.948989 2.666556 14
48.749933 17.634189 2.682956 4
48.228233 17.638389 3.532056 12
48.788733 17.199889 4.321456 2
49.095633 16.664189 5.111456 1
49.753833 15.973789 5.133256 2
49.088133 15.634089 4.569856 2
48.547933 14.874789 4.900756 14
49.386333 14.729789 5.337456 1
50.374333 14.671189 5.549056 2
50.566133 14.838089 4.597356 3
50.938733 14.653089 3.702556 1
50.206033 14.079989 3.470856 1
49.380733 14.083089 2.915856 2
48.747333 13.989789 3.557456 14
48.112033 14.479589 2.996256 14
48.221633 15.003489 2.174356 3
47.884733 14.934289 1.243356 6
47.072433 14.431989 1.354456 2
47.481533 13.804389 0.622756 2
48.190033 14.382589 0.318156 6
48.467133 13.848989 -0.335744 1
47.619433 13.417789 -0.578944 2
46.732133 13.824289 -0.700444 9
46.351533 13.080289 -1.114844 2
45.946333 13.448289 -1.913144 9
45.895233 14.032189 -2.664544 9
46.681233 14.596189 -2.867044 9
47.052233 14.592989 -3.807944 3
47.247333 13.715189 -4.134044 2
47.756733 13.614089 -4.991344 1
48.637333 13.875089 -5.168944 2
49.358033 13.219789 -5.141844 2
48.889533 12.409289 -4.924244 3
48.779733 11.341189 -5.141044 8
47.933933 11.321489 -5.650844 3
47.566633 11.310289 -4.684344 1
46.672133 11.152089 -4.876844 2
46.280733 11.669689 -5.659544 10
45.431933 11.246389 -5.241544 8
44.615133 11.073589 -4.666444 8
44.562033 10.719489 -5.608144 8
44.935933 11.203889 -6.347644 2
44.093533 11.161989 -6.953944 2
43.295433 10.720489 -6.570544 3
42.864633 10.167289 -5.891544 7
42.532033 10.101789 -4.932644 6
42.139633 10.659789 -4.233444 14
41.569033 9.776689 -4.477844 2
40.959533 9.186289 -4.004844 14
41.009433 8.199089 -3.756044 3
40.133733 7.888289 -3.560444 2
40.551133 7.989089 -2.691244 8
40.971133 7.297089 -2.186144 6
40.922933 6.308389 -2.580844 4
40.445633 6.231289 -3.433144 3
40.931033 5.892489 -4.270444 3
41.645033 6.635789 -4.246844 14
42.513233 6.357389 -3.982644 6
42.988833 7.213989 -3.938344 5
43.245433 7.886189 -4.583144 3
43.946533 7.597289 -3.817344 10
43.482333 7.791989 -2.978644 1
44.089133 8.114189 -2.373944 2
43.965933 8.022489 -1.420244 1
43.946333 8.852389 -1.023544 2
44.296933 9.486689 -0.422044 7
43.310733 9.544889 -0.485944 5
42.767733 10.356289 -0.336444 13
42.146933 10.915189 -0.824444 3
41.703833 11.746989 -0.752044 2
42.074333 12.187489 -0.026344 3
42.320433 13.122889 0.003556 3
42.744333 12.880689 -0.860344 14
43.369333 13.003289 -0.113444 3
44.201233 13.106689 -0.653044 8
44.165933 13.372189 -1.561644 9
44.761933 12.654989 -1.505844 1
44.919033 13.059689 -2.350144 9
44.096133 12.643189 -2.524844 1
43.280433 13.072889 -2.818244 10
42.710633 13.142989 -2.034944 1
43.052933 14.118789 -2.236244 1
42.346433 14.601889 -1.742944 9
42.647933 14.533989 -0.848344 3
41.835633 14.157889 -0.364544 3
41.606033 14.952289 -0.879044 8
41.187733 14.936889 0.019156 3
40.968333 15.884689 0.415256 5
40.797733 15.981989 -0.614744 1
39.900133 15.808489 -0.870344 13
39.436833 15.066789 -1.300444 10
38.806933 14.593389 -1.826644 12
38.744933 13.904589 -1.187544 2
38.127933 14.602489 -0.853244 3
37.183033 14.843289 -0.906344 4
36.955633 14.961189 0.062056 3
37.344533 15.068589 0.957356 3
36.795733 15.307089 1.712356 3
36.253933 15.553589 2.452756 2
35.579233 15.019389 2.805656 9
34.661333 15.153489 3.010556 14
35.015033 15.439189 3.880756 9
34.020433 15.603689 4.024756 1
33.272933 15.901089 3.502456 6
33.831733 15.746489 2.751856 2
33.080033 15.225489 2.468556 1
32.656233 14.958889 3.247056 3
32.041733 14.222589 3.168256 3
32.150733 14.005589 2.177456 1
32.209833 13.218989 1.455856 2
32.268233 12.322489 1.955756 3
32.751333 12.816189 2.656556 7
31.991633 12.632489 3.200956 8
31.702633 13.078989 4.008556 3
30.827633 13.516489 4.076056 10
30.827833 14.280089 4.753256 1
31.000733 15.248889 5.015856 10
30.644633 16.020889 5.500356 3
31.586933 15.896289 5.794656 4
32.444133 15.744389 5.448956 6
33.220233 15.176889 5.760456 13
34.179633 15.338689 5.751956 12
35.054033 15.354089 5.218856 3
35.800233 14.970789 4.612056 9
35.498633 14.057489 4.862656 9
34.847433 13.635289 5.474656 8
34.884533 12.984489 6.219256 6
34.543733 12.259789 6.718956 3
35.294833 12.502589 7.184356 6
35.753433 11.669389 7.028656 6
35.399333 11.006489 7.595056 3
34.796533 11.220489 8.385356 9
35.135733 11.606489 9.179856 3
35.893033 11.099689 9.298756 8
36.742633 10.943889 9.785256 9
36.938333 11.346989 10.639156 3
37.167633 12.262089 10.328356 5
37.966633 12.652489 10.834856 5
37.565233 11.918789 11.261456 10
38.059033 11.283089 10.778256 14
38.215733 10.519089 11.261656 10
38.570933 10.104989 10.462856 5
38.724933 9.342689 9.875356 3
38.430033 8.772689 10.568156 14
38.197733 8.148989 9.859356 9
39.164333 7.822989 9.918156 3
39.899333 7.908189 10.599856 5
40.761133 8.284589 10.245456 1
41.143333 8.831489 9.594456 3
40.899933 9.339789 10.506456 9
41.771133 9.746189 10.220556 1
42.048833 9.683889 9.188956 1
42.454733 10.614389 9.277456 4
42.208833 11.491689 9.526556 4
41.661633 12.194989 9.060756 1
41.643433 12.386689 7.966056 9
40.642933 12.693589 7.822256 3
41.275633 13.442789 7.903756 1
41.740033 14.017489 8.518956 1
40.762533 14.157189 8.608656 1
40.221833 14.006989 7.840356 3
40.688433 14.318789 7.134256 3
41.580433 14.813089 7.116756 6
41.255333 15.245289 7.927656 3
40.692033 15.587289 7.249656 13
39.935933 15.953989 6.911756 6
39.784433 15.180089 6.345356 3
38.851433 15.075089 6.430656 3
39.116433 15.886689 5.958556 13
38.362133 16.242289 5.457856 6
38.402533 17.229189 5.217856 3
39.015733 17.894689 4.965756 15
39.283833 17.708589 5.921456 3
38.705633 18.805089 6.518256 11
39.302433 19.536889 6.643656 3
39.023933 20.257189 6.074656 10
38.086933 20.070889 6.263256 3
37.483633 20.080089 7.009556 9
36.696133 20.161389 7.586456 8
37.084833 19.286789 7.511656 1
37.197833 18.387489 7.242956 4
37.159133 17.766089 6.540656 12
36.424733 17.600089 5.920356 5
36.084733 17.738789 5.060956 8
35.764633 17.479389 4.198656 3
35.767833 16.533189 3.934856 9
35.697533 17.059789 3.176556 3
35.307533 17.921889 2.984956 5
34.851033 18.703589 2.559756 4
34.479333 18.728289 1.664756 3
34.469733 19.727989 1.776356 9
34.359933 20.474889 2.443356 5
35.192033 20.813889 2.097256 1
35.241033 19.966289 2.612556 3
35.621933 19.592789 1.870356 2
35.821333 18.716989 1.206456 1
36.801733 18.864289 0.950956 6
36.590333 17.876989 0.640156 1
36.324933 16.893989 0.773456 3
37.028933 16.640589 1.369756 3
37.626233 16.303189 0.750456 3
37.797533 17.268789 0.776156 10
38.662933 17.679489 1.177956 5
39.058333 18.046289 1.936256 1
38.540733 17.419689 2.460056 6
38.077633 16.710789 2.060156 5
37.360733 16.376889 2.595756 3
37.096533 16.106889 3.491256 9
37.743933 16.807089 3.683956 13
38.632733 16.344389 3.733356 3
39.261933 16.828389 3.198956 10
39.963333 16.386389 3.695256 3
40.682433 16.335589 4.231156 14
41.358133 15.979389 3.683756 9
41.697433 15.239189 4.137856 9
42.020133 14.952289 3.282856 9
42.456433 14.309789 2.713256 3
42.525933 13.763889 3.534756 9
42.156333 13.312089 2.705756 3
42.300733 12.636889 3.489156 13
42.947733 12.693989 4.285656 3
43.179433 12.089889 3.563356 1
43.460233 11.137289 3.297556 4
42.949733 10.521989 3.849756 4
43.752633 10.998389 4.243356 1
43.846633 11.446389 5.080156 3
42.934833 10.927989 5.202656 8
42.151033 10.870889 5.776956 1
41.514733 11.449689 5.301956 6
41.630033 12.146589 6.012156 3
41.083333 12.887889 6.361956 3
41.682633 13.474989 5.887956 1
42.639633 13.575589 5.629856 6
42.382633 13.664989 4.647656 9
41.889433 14.433789 4.903156 9
41.779833 15.025689 5.665156 1
40.936833 14.511089 5.612356 8
40.126533 14.186989 6.132056 3
39.273933 13.830789 6.360256 3
39.039233 13.454389 7.220056 3
38.905533 13.660289 8.154156 11
38.339333 13.586889 8.971656 5
38.240433 14.162989 9.751956 5
39.165233 13.882989 9.709556 3
38.735933 12.994389 9.906756 5
39.253133 12.866789 10.743956 10
40.001433 12.330889 10.819956 1
40.902433 12.545189 10.402056 6
40.761833 12.416889 9.451156 3
40.355833 11.710889 8.921256 5
40.214733 10.792489 8.924056 9
39.764833 10.616389 9.754856 12
40.216133 9.764289 9.487956 3
40.033133 8.779489 9.403256 8
39.943133 8.333089 8.490356 9
39.694633 9.184089 8.035556 1
40.302933 9.451389 7.257956 1
39.592933 10.041689 7.199356 14
39.622433 11.017089 7.416756 3
39.398133 11.815989 6.978856 3
38.567333 11.405789 6.919856 10
38.590233 12.172289 6.348756 3
39.342633 12.739389 6.501656 3
40.204533 12.333989 6.681656 3
40.603533 11.706989 7.429756 4
41.406533 11.537289 6.899156 15
40.667533 11.468189 6.268956 9
40.645333 12.037389 5.531956 3
40.052333 12.373689 4.906256 3
39.570033 12.563989 4.048456 13
39.816433 13.495089 3.625756 5
40.633233 13.763089 3.264756 9
41.248433 14.197489 2.671556 9
40.588033 13.716489 2.101556 6
40.830433 13.444189 1.204356 3
40.209533 12.765289 1.203456 6
39.922033 13.471089 0.606656 6
39.195133 13.516689 -0.116744 4
38.999733 13.219489 0.782056 6
38.311733 13.721289 1.226756 3
38.604133 13.034989 1.820156 6
38.133433 12.772789 2.607656 13
37.485333 13.165689 2.000356 3
36.621233 13.582889 1.783156 3
36.111933 12.925789 2.344156 1
35.907433 13.536589 3.076556 9
35.036833 13.206589 3.526056 9
34.373533 12.791389 4.133856 10
34.339833 11.852989 4.476456 5
33.503433 11.835789 4.972156 1
32.922633 11.598289 4.276556 1
33.094433 10.664889 4.260756 1
33.651333 10.021389 3.755356 3
34.232833 9.125089 3.653256 5
34.795133 8.514389 3.088656 3
35.588933 9.019089 3.216856 1
36.013933 9.875289 3.371456 8
35.281133 10.261189 2.956056 8
35.201933 11.246789 2.829256 5
34.928033 11.603189 3.674656 3
35.646033 12.152389 3.313856 15
35.795733 12.298489 4.357656 9
35.831533 12.021489 5.317756 6
35.536233 11.108689 5.358256 4
36.428533 10.864589 5.615756 4
37.192733 11.444789 5.655056 3
36.731233 11.931389 6.373356 6
37.667533 11.671089 6.610256 3
38.087733 10.902789 6.202256 8
38.556833 11.350689 5.466256 3
39.296733 10.772489 5.739756 3
39.659233 11.106689 4.909356 3
40.327933 10.933789 4.178156 9
41.033533 11.653989 4.214356 14
41.109133 12.657689 4.432656 1
41.024733 13.614889 4.757456 9
40.244533 14.033089 5.054356 3
40.330733 14.287989 4.163256 9
40.882833 14.898989 4.557156 9
40.026933 15.234989 4.791656 3
39.446033 14.795989 4.188256 5
38.562933 14.839089 3.810456 4
38.298733 13.911689 3.503556 13
37.579033 13.990389 2.892356 3
36.844133 13.583289 3.473156 9
37.275133 12.777489 3.171956 13
37.462833 11.833889 3.238356 6
37.766833 11.424789 2.419856 3
37.738333 10.660089 1.926956 15
38.581033 10.598289 2.330556 10
38.625633 11.307589 1.640356 6
38.554933 10.462689 1.176956 1
39.454733 10.824289 1.291156 3
39.968333 11.509189 1.840556 6
40.010433 11.635689 0.862756 6
40.964533 11.783889 1.043856 3
40.791933 10.886589 0.790256 10
41.720133 10.992989 0.504456 1
42.078233 11.675689 1.032456 3
41.678433 12.030889 1.849356 1
41.272633 12.859689 2.007356 3
40.363133 12.620389 2.350956 8
39.449433 12.592189 2.405656 6
39.081233 13.299689 2.901856 13
38.701933 13.990589 2.248156 6
38.261333 14.893789 2.290256 3
39.204433 14.945789 2.627856 5
40.150333 15.264589 2.653356 9
41.068833 15.315089 2.497156 9
41.473033 14.937389 1.646856 3
40.644933 14.536389 1.428456 3
40.226033 15.121589 0.790856 11
40.533733 15.828589 1.333956 5
40.401633 16.598789 1.858156 5
39.590833 16.223889 2.327256 10
38.746433 15.819489 2.324056 3
38.122833 15.672889 2.996856 4
37.305133 15.161589 2.668356 3
37.171133 14.740989 3.549256 9
36.286633 14.386989 3.312256 9
36.528533 14.441589 2.371656 3
35.759033 14.317189 1.858056 1
34.918233 13.805589 1.848456 8
34.778333 12.847589 1.669956 4
34.598633 13.449589 0.848856 1
35.099233 14.076189 0.313656 1
35.716533 13.653389 0.960556 3
36.416233 13.149389 0.595356 1
37.162933 13.656589 0.879856 3
36.810033 13.947989 0.059656 3
36.547433 13.490689 -0.809644 1
37.524533 13.674589 -0.613444 3
37.409533 12.745689 -0.611144 5
38.199533 13.050389 -0.121144 3
38.434133 12.246789 0.358456 6
38.915833 11.496689 0.484256 6
39.311033 10.728489 0.006856 3
38.578233 10.287689 -0.498844 10
38.881233 9.352089 -0.836544 9
39.078433 9.816789 -1.629244 3
38.361033 10.241289 -2.235244 9
38.727433 11.211489 -2.305344 15
39.276933 11.876489 -2.549544 9
40.044533 11.918489 -3.144344 3
40.541233 11.463889 -2.448344 9
40.144933 11.330689 -1.598544 5
40.518333 11.557189 -0.713744 10
39.923933 12.321889 -0.844744 6
40.295133 13.103189 -0.341244 6
41.185133 13.444589 0.102156 3
40.597733 14.109589 -0.269844 5
39.758033 14.490089 0.022956 13
38.880433 14.800489 0.353356 3
39.240133 14.614589 1.229256 6
38.338933 14.900389 1.202556 3
38.582533 15.824289 0.898456 3
39.340433 16.347589 0.972356 5
39.364033 16.114589 0.061556 1
38.794633 16.804889 -0.482844 13
38.097033 16.243789 -0.754044 3
37.865533 17.106989 -1.144544 1
37.579233 16.496489 -1.788544 13
37.099333 15.949489 -1.152444 4
36.914233 16.056189 -0.174944 3
35.978033 16.209389 -0.035444 3
35.956633 17.004089 -0.489744 4
35.889033 16.188989 -1.065044 12
35.117033 16.010489 -1.621144 6
35.579233 15.172889 -1.492944 11
35.622933 15.293589 -0.525144 9
35.729433 15.085989 0.449656 3
35.709133 15.279689 1.379656 3
34.742133 15.306789 1.542256 4
34.013033 15.865489 1.185956 8
33.450433 16.314089 1.789556 14
33.660533 17.275789 1.676656 3
33.526233 17.650989 2.533256 6
33.220433 17.594689 3.492656 1
34.197533 17.773989 3.839456 1
34.061833 17.073089 4.552956 3
34.019933 17.742289 5.291556 10
34.674833 17.128189 5.465256 6
34.747733 16.415689 6.016856 1
35.264733 15.713889 6.376656 9
36.079233 16.270589 6.237856 4
36.280433 15.653789 5.494956 9
36.705633 16.143489 4.737956 6
36.867933 15.237489 4.626356 9
37.758133 15.010889 4.484256 1
38.320033 14.356789 4.895556 3
38.274433 15.124589 5.492456 3
37.311433 15.093889 5.590156 9
37.801733 15.083289 6.422556 3
37.446233 15.985389 6.434456 10
38.034733 15.957489 7.223556 8
38.233233 15.611989 8.090056 1
39.049533 15.415589 7.706556 3
39.860533 15.056289 8.139556 3
39.121633 15.214389 8.827256 15
38.431433 15.285189 9.576756 13
37.485733 15.107489 9.494956 5
36.929633 15.298289 10.247456 5
36.082633 15.498589 9.828956 1
36.482633 15.678889 8.995956 3
36.790133 15.050189 8.390656 5
36.271333 15.412289 7.627056 8
36.418933 15.274089 6.759356 11
35.840033 14.535689 6.392856 9
35.916133 13.662489 5.956556 6
36.503033 13.309689 5.097056 9
37.038233 13.093889 4.378156 9
37.148533 12.240189 4.820556 3
37.482233 11.542789 4.242056 10
38.401233 11.664189 3.981456 13
38.385233 12.225789 4.755356 13
38.855033 12.667989 5.496656 3
39.104533 13.561189 5.425156 3
38.795933 13.432089 4.531556 13
38.158633 13.424289 5.245656 3
37.424333 13.951089 5.042756 9
37.321833 13.455689 5.872756 3
36.716833 13.376089 6.561956 6
37.442433 12.759189 6.689956 3
37.544233 12.279389 7.561756 8
36.914733 12.475589 8.223356 6
36.927733 12.936989 9.032356 5
37.620933 13.219689 8.355356 3
38.090333 13.147389 7.532556 4
37.605733 13.764389 6.976656 3
38.430333 14.294589 7.103056 3
38.062633 14.193089 8.104156 5
37.147633 14.321789 7.772256 15
36.549433 13.656989 7.476856 6
35.927533 13.196789 8.040856 6
36.295933 13.922689 8.583156 5
35.765233 14.181689 7.847756 6
34.917433 13.743689 8.003456 1
34.418933 12.961389 7.740756 4
34.129233 12.160389 8.181556 1
33.629833 12.750389 8.725156 3
33.414933 12.959189 7.804256 1
32.717733 13.652589 7.505156 1
32.039133 14.301789 7.196556 1
32.039633 13.852789 6.343356 3
32.336333 12.907889 6.571156 3
32.247733 12.302289 7.259556 1
32.912833 11.615889 7.379956 10
33.170033 10.681889 7.304256 3
33.696733 10.592589 6.527656 1
32.863233 10.158289 6.376756 3
32.310333 9.448089 6.756056 10
32.497333 9.499589 7.682556 9
33.271233 9.093789 7.127656 9
33.063833 8.163189 6.904856 4
33.657633 7.413889 6.977356 3
32.962133 7.027489 6.394556 5
32.134933 6.503689 6.702756 3
32.447333 6.219589 7.580456 3
32.642233 7.267589 7.656956 9
32.814433 8.029489 8.287656 4
33.162533 8.942089 8.128756 10
33.144833 8.789789 9.092356 11
33.483733 8.014089 9.556856 14
34.280933 8.579989 9.563956 6
34.157233 8.355789 10.477956 5
33.350933 7.960189 10.709156 12
33.390533 8.142489 11.678756 1
33.394633 9.040489 12.136256 6
32.556733 9.238989 12.594656 4
32.838533 10.119589 12.962856 10
33.556933 10.708389 13.060756 8
33.504033 11.572989 12.759956 4
32.712733 12.138389 12.989356 13
33.221033 12.913789 13.058256 10
33.708633 13.705989 13.000156 9
33.023333 14.319789 12.774556 6
32.281033 13.940289 13.172656 13
31.464033 13.782189 13.756656 10
31.846333 14.619589 13.965656 3
31.663833 14.146789 14.795956 10
32.505133 13.927189 15.173356 13
33.266033 13.626089 14.708556 13
33.727033 14.363589 14.284556 4
33.855233 15.257989 14.400456 3
34.060733 15.171689 15.342356 1
34.748433 14.860589 15.897156 5
35.505933 14.540289 15.282756 10
35.229533 13.646389 15.082156 4
34.299833 13.617289 15.182856 13
34.738533 13.477389 16.005056 4
34.927733 14.157189 16.640556 6
34.039233 14.263589 16.243856 13
34.128433 14.983789 16.806556 1
33.633933 15.797589 17.065356 4
34.282333 15.943789 16.334456 3
34.971833 16.511389 15.965356 5
35.033633 17.425589 15.514256 10
35.623733 17.551489 14.755456 11
35.529333 16.538789 15.009156 3
36.375933 16.962689 15.200556 11
36.953433 16.234089 14.989556 10
36.745633 16.144189 14.039056 10
36.052833 16.665889 13.613656 4
36.820833 16.343289 12.971956 10
37.093733 17.146789 12.342656 4
36.534833 17.580989 12.977556 11
37.375133 18.110089 12.985856 4
37.950433 18.965189 12.905056 6
38.201633 19.724089 13.470256 9
39.067333 19.931489 13.878456 8
39.266033 19.950189 14.783156 4
40.121733 19.545489 15.040056 10
40.688033 20.322689 15.405856 3
40.533133 19.772489 16.248756 10
40.414933 20.678189 16.587956 13
40.048133 20.703189 17.502056 6
40.134133 20.234889 18.283756 4
40.956333 19.678389 18.030156 5
41.252133 19.816989 19.001456 13
40.632233 20.555089 19.231456 6
40.285833 20.279789 20.145956 1
40.539533 20.092189 21.133256 1
40.092933 20.879489 21.586156 13
39.235933 20.406689 21.543756 1
39.183133 21.267489 21.980256 10
38.855033 21.308989 21.054356 5
38.076133 21.761389 20.807756 9
37.408433 21.626189 21.465456 13
37.601533 22.357589 22.055356 1
38.597433 22.562089 22.280256 12
39.512933 22.148289 22.539656 4
40.445033 22.129789 23.033656 6
40.357733 21.230089 23.189756 4
40.864333 21.185589 22.373856 3
41.767733 20.941889 22.558256 10
42.208633 20.152589 22.056956 1
42.379033 19.174489 22.020756 9
42.446833 19.608589 21.155456 8
42.632733 18.807789 20.620056 4
41.747733 18.434289 20.551556 4
41.848833 17.501089 20.614156 15
41.645233 16.737889 21.176356 11
41.621233 15.800289 21.042756 15
41.109433 16.298789 20.433856 4
40.755333 15.985789 19.637556 3
40.498033 15.255789 19.072656 4
39.692133 15.326689 18.525956 10
38.960133 15.949189 18.379556 3
39.076733 15.694889 17.488556 1
39.316233 14.816789 17.369856 13
39.889233 15.269989 16.730456 13
40.266433 14.646789 16.147656 13
40.819333 14.976189 15.450056 2
40.595333 15.755389 15.003356 10
40.951333 16.246089 14.306656 5
40.643833 16.472289 13.412056 4
39.690433 16.552589 13.361056 6
40.234833 16.977189 12.605556 1
40.491933 17.860989 12.272956 1
40.943233 17.636489 11.440256 10
41.828533 17.992589 11.213756 1
42.141933 18.319789 10.327956 6
41.772333 17.546289 9.928656 4
41.653233 16.770389 10.447956 1
41.423433 16.552089 11.384556 4
41.182733 16.006589 12.246356 1
40.371833 15.463089 12.605256 9
39.463633 15.413589 12.922956 1
38.537033 15.282789 13.303956 10
37.824333 15.419989 12.533656 10
38.661433 15.416589 11.933656 3
38.437133 14.480589 11.489356 5
39.006833 14.526489 10.687456 5
39.006933 15.453289 10.789756 13
39.931033 15.183589 10.782456 8
40.146333 14.220989 10.889956 1
40.444533 14.307389 11.843956 11
40.757333 13.372089 11.877556 4
40.037333 13.531989 12.472356 13
39.537033 13.726889 13.283956 3
39.028133 14.412289 13.904456 8
38.190933 14.690989 14.233656 10
37.339133 14.253489 14.134256 10
37.580933 13.434589 14.610556 4
37.672233 14.278389 15.149056 10
38.271733 14.984589 15.471356 13
37.795033 14.506889 16.182256 9
37.067933 15.068289 15.819456 10
37.192133 15.086389 16.797456 6
36.272433 14.990489 16.533856 5
35.915433 15.501589 17.210556 6
35.139933 15.044589 17.554056 1
35.341033 14.666189 18.413956 13
35.452133 13.774589 18.049656 11
35.596433 13.069489 17.371856 3
35.282333 12.394889 16.734956 4
36.229733 12.278689 16.546456 4
36.796833 12.859989 17.053856 15
36.466733 12.290689 17.826056 11
36.974733 11.678989 17.315156 4
37.670033 11.119689 17.662656 4
38.513233 11.558189 17.784756 10
38.564133 11.089189 18.598856 3
37.651233 10.923389 18.744756 9
37.878033 10.567989 19.607956 1
38.323233 11.420989 19.527956 4
39.215733 11.824889 19.416956 10
38.924533 12.310789 18.618656 6
38.944433 13.231789 18.593356 10
39.356933 13.233589 17.719256 13
40.158133 12.943989 17.246756 13
40.835533 12.521089 16.655356 8
40.348033 13.327189 16.240456 13
40.552333 12.730689 15.515656 5
41.482533 12.886689 15.332756 4
42.456933 12.926889 15.359056 12
42.402933 13.181589 14.442956 1
42.475633 13.370289 13.525656 10
42.865933 12.515189 13.550356 15
43.578833 11.882089 13.945156 1
44.558633 12.176589 13.885956 4
44.115133 12.918489 14.330156 1
44.190433 13.742189 13.823156 3
43.704633 13.920189 14.599956 1
43.972633 14.591189 15.266056 1
43.786933 15.494889 15.594556 4
43.019033 15.878089 16.030756 1
42.535533 16.629389 16.340956 10
42.584333 17.605789 16.564956 4
42.462733 17.793489 15.623956 3
41.544633 18.167789 15.639256 4
41.387733 18.511989 14.736256 9
40.570933 18.013589 15.004656 10
39.812933 17.737389 15.476056 4
39.013433 17.234089 15.695556 1
38.498233 16.448789 16.016756 6
39.124933 15.694489 15.905556 13
38.998133 15.683789 14.984256 3
38.318533 15.665389 14.275456 10
37.975933 16.128689 15.092556 10
38.111433 16.755789 14.362256 5
37.294233 17.175989 14.678956 11
37.472333 17.002789 15.666756 13
37.168233 16.993089 16.580556 6
37.141233 17.926189 16.231256 11
38.086333 17.759689 16.320056 4
38.432333 17.616589 17.229456 10
37.849633 16.840089 17.133856 6
37.929733 16.437289 18.045556 10
37.787233 15.476589 18.441356 8
37.860533 15.623589 17.457856 6
38.346533 14.806689 17.320756 10
38.534033 13.921389 16.868756 13
38.125233 13.124889 17.175056 12
38.197733 12.107289 16.977756 4
39.054533 11.953989 16.457256 13
39.047933 11.801989 15.538656 8
38.080333 11.697189 15.604656 4
37.173933 11.415289 15.382056 4
37.867933 10.751989 15.205956 3
37.940833 11.531489 14.563856 4
38.107733 11.021889 13.758856 1
38.560733 11.582689 13.132556 1
39.090733 12.148889 12.520856 1
38.646633 12.611889 11.810156 13
37.872333 13.245289 11.686556 5
37.543333 13.446789 12.603456 10
37.648033 13.431989 13.519356 10
37.302533 12.656189 13.959756 4
38.357433 12.962889 14.095856 1
38.786433 12.118489 14.347656 9
38.623333 12.688489 15.144656 4
39.121233 13.448889 14.900756 3
39.563333 13.781389 15.698056 13
38.618833 13.704989 15.773556 13
37.851833 13.143989 15.834656 4
36.848733 13.032489 15.842456 4
36.459133 13.937989 16.092756 10
36.785133 14.016689 16.931356 4
36.364133 14.618789 17.649656 9
36.485633 15.274089 18.390256 10
36.110133 16.126889 18.112256 6
36.813933 16.823889 18.054556 3
36.310233 17.351389 17.344856 15
36.088533 16.901989 16.520556 11
36.437333 15.993889 16.199356 6
35.892733 15.529789 15.635856 4
36.141233 15.314589 14.707956 10
36.486433 14.789789 13.980856 10
35.605933 15.013189 13.801156 9
35.087433 15.461989 14.644656 13
34.654633 16.048289 14.081556 1
34.647433 16.445089 13.232056 4
34.202433 15.996589 12.522656 4
34.309433 16.662489 11.787756 4
35.240133 16.350289 11.394656 8
35.312233 15.434689 11.819056 13
36.179033 15.214889 12.048756 7
36.884133 15.076689 12.633456 10
37.082633 14.242689 12.193756 10
37.252133 14.264789 11.204256 5
36.468033 14.224489 10.556156 9
37.281433 14.152989 10.082656 5
36.654833 13.521889 9.774356 5
35.772933 13.506989 10.161356 13
35.199233 12.831589 10.610856 3
35.890733 12.915289 11.405756 1
35.765333 12.001789 11.618756 1
36.147633 11.073289 11.410856 6
37.175833 10.944789 11.612256 12
36.749633 10.729489 12.556256 6
37.686633 10.717889 12.813456 3
37.188833 11.339189 13.423156 4
36.459933 11.952989 13.238156 4
36.404033 12.892989 13.317456 10
35.801533 12.773089 12.602056 1
35.785233 13.652789 12.772056 10
35.027733 13.667289 13.255556 1
35.657433 13.267489 13.966756 1
36.560233 13.464389 14.181056 10
36.342333 12.792889 14.813256 4
36.451733 12.136389 15.488256 4
35.679333 11.879689 14.938956 4
35.029433 12.550389 14.708556 11
34.158033 12.210389 14.457656 13
33.299033 12.436589 14.225656 13
32.397933 12.169589 14.353356 13
31.677233 12.120189 13.722556 10
31.733933 11.383189 14.417456 13
32.711733 11.196089 14.253456 3
33.741933 11.231289 14.150856 8
34.479933 10.948589 13.644456 10
34.722433 10.170289 13.161956 14
35.342133 10.134589 13.847856 10
36.057333 10.574489 13.474056 11
35.902333 11.017189 14.333556 4
36.725433 10.617189 14.489356 4
36.228333 9.756189 14.442456 10
36.427933 8.723189 14.374556 5
36.977933 7.916189 14.548056 4
36.665233 7.002689 14.492656 9
36.294433 6.225389 13.978456 6
36.925833 5.882389 13.334256 10
37.452833 6.567989 12.866756 13
38.228933 5.992389 12.978656 4
39.066633 5.522489 13.014356 5
39.242633 4.583489 13.203856 9
38.853333 3.858689 12.755456 6
39.506433 3.576889 12.132656 10
40.395333 3.326189 11.771556 4
40.591133 3.610189 10.855956 15
41.430133 3.607589 10.415556 4
41.735533 2.749689 10.353656 13
42.710533 2.621489 10.176056 1
42.454633 3.132889 9.344856 13
43.281033 2.735389 9.030456 1
43.259633 1.839789 8.675656 8
43.299533 2.533289 7.974856 1
43.153833 1.688789 7.436256 1
43.147233 0.699989 7.498356 10
42.597733 0.977189 6.758356 5
41.833433 0.370489 6.711056 10
41.734633 1.150989 7.317556 3
41.052133 0.992589 7.955956 7
41.764533 0.281289 8.187756 4
42.155333 1.071889 8.694456 10
41.349933 1.005189 9.253556 10
40.471333 0.952689 9.616656 13
40.336433 -0.073611 9.591656 4
39.556133 0.172189 10.029556 13
38.929133 -0.048911 10.713656 4
38.217133 -0.102911 11.334056 10
38.318633 -1.028111 11.217056 6
38.675133 -1.110411 12.108956 4
39.096633 -0.542411 12.730856 11
39.666133 -0.517511 13.490156 12
39.578833 0.337689 13.889856 6
40.311033 0.558589 13.357556 11
40.912333 0.963089 12.693856 3
41.228133 1.905489 12.605056 14
40.584633 2.660089 12.755356 4
40.949033 3.204089 13.450556 15
40.197433 3.837289 13.688856 3
40.065933 4.753189 13.934056 5
39.147433 4.704689 14.300356 1
39.064833 5.618689 14.844456 10
39.435633 6.528789 14.869056 10
39.148133 7.409389 15.170656 10
38.834033 7.474289 16.052556 1
38.203033 8.064789 15.603856 5
37.621133 8.615989 16.133356 9
38.223233 9.114889 15.422956 5
37.487233 9.634189 15.627656 10
37.010833 10.448989 16.007156 4
36.665033 11.307889 16.325856 4
35.917433 10.599989 16.524456 4
36.045633 9.665289 16.838256 9
35.141333 9.851689 16.629556 1
34.238433 10.225089 16.667156 10
34.802333 11.034689 16.877956 4
33.896833 11.230889 17.145656 13
33.063833 10.823589 17.029156 15
32.785633 10.989889 17.883356 1
32.874933 11.912689 17.857856 13
32.801233 12.842989 17.901256 4
32.854433 13.784589 17.610456 10
32.841533 13.202589 16.805556 13
32.764433 14.190389 16.514356 13
32.084933 14.642789 16.023056 4
32.286233 15.007389 15.157656 9
31.651633 15.711889 15.046556 6
30.793233 15.610689 14.520056 4
29.932333 15.218989 14.623456 10
29.783033 14.686189 13.795956 10
30.646333 15.051889 13.497856 10
31.519033 15.536189 13.221856 8
32.201733 16.157489 13.588856 8
32.563933 17.032289 13.483856 13
33.294233 16.416289 13.477356 4
33.093733 16.104089 12.477856 7
33.239333 16.794889 11.785856 4
32.330633 16.617889 11.419256 11
32.636733 15.710089 11.458756 6
33.062233 14.966389 11.070756 3
32.515033 14.226989 11.477056 4
31.742133 14.256789 12.074756 5
30.803033 14.677989 11.931656 10
29.943933 14.318189 11.625256 10
30.236333 14.603289 10.709856 1
30.794733 13.735089 10.786356 4
31.180433 12.993389 11.302756 1
31.628733 12.338389 11.822256 1
31.714733 12.735289 12.687956 4
30.755733 12.644889 13.010456 10
30.513233 11.861189 13.587156 10
30.566833 11.134189 14.177156 1
30.639533 10.066689 14.208856 13
31.569033 9.780889 14.559456 6
31.826633 9.129889 15.186256 6
32.765233 8.695589 15.020756 1
33.203733 8.398089 15.895756 12
33.907433 8.994489 15.612956 13
34.852933 9.232689 15.393056 4
35.287033 8.478789 15.763756 10
35.791233 7.761689 15.398356 15
36.771933 7.586189 15.488656 5
36.351433 8.041489 16.293856 3
36.323733 8.908089 15.839256 5
35.924233 9.817789 15.791956 15
35.235933 10.472889 15.689456 4
34.420633 10.996089 15.934256 10
33.859933 11.779789 15.961556 13
34.664133 12.260989 15.860656 4
33.990733 12.828789 16.344356 13
34.375033 12.852689 17.239256 10
34.841633 12.274889 17.843856 14
35.418533 12.700489 18.496556 3
35.933433 11.983889 18.855756 10
36.111133 11.036989 18.986556 13
36.482633 10.914589 18.105856 4
35.852733 10.401189 17.508556 4
35.316833 10.236789 18.289456 7
35.731033 9.849089 19.065056 10
36.351733 9.665789 18.374256 6
37.001733 9.549789 17.657756 4
37.228533 8.714489 17.269156 11
37.987933 9.310389 16.956156 10
37.950733 10.206489 17.181656 4
38.637533 9.867589 17.769356 1
39.252233 10.132289 18.384056 9
40.205533 9.981989 18.676856 1
39.777233 9.090689 18.842556 8
40.462933 8.545989 19.275456 10
39.533833 8.416589 19.577556 13
39.601733 8.619489 20.529356 5
38.742933 8.988089 20.323356 9
38.439133 9.754289 20.848556 10
37.418333 9.837389 20.897356 8
37.418533 10.575289 21.542756 11
37.593633 11.336489 22.154256 9
36.672933 11.642789 22.298956 7
36.189333 11.444389 21.442956 4
35.347933 11.818189 21.218556 13
34.881133 12.221489 21.987756 4
33.996133 12.661689 22.165856 6
33.144933 12.342389 21.709456 10
32.474833 11.748189 21.318556 5
31.984233 12.558889 21.486856 4
31.441833 13.210389 21.919756 3
32.219933 13.834489 22.054756 1
31.753933 14.611089 21.727356 10
32.064933 14.988389 20.919656 1
32.326733 14.602089 20.108556 1
31.874533 14.290089 19.343856 5
32.671233 14.237789 18.939156 4
32.199633 13.487189 18.737156 1
31.307233 13.400289 18.382056 10
31.719033 13.884689 17.606456 4
31.299933 13.923889 16.790056 13
30.623733 14.252489 16.134656 1
30.189733 14.230089 15.269156 10
30.804933 13.437289 15.018056 10
31.723333 13.212689 15.096956 13
32.592833 12.906189 15.125656 13
32.759633 12.481489 15.963256 13
32.653833 11.494989 16.066556 13
32.856333 10.548389 15.995756 6
32.863433 9.567889 16.104856 4
31.926033 9.456989 16.310256 6
31.284733 10.101889 16.488556 6
30.563633 10.520289 16.995856 4
30.916533 11.418289 17.175656 10
31.305733 12.302089 17.331156 7
31.872333 12.330589 16.496656 13
31.105633 12.670589 16.130356 13
30.330833 13.163189 16.345256 10
29.740433 13.818889 16.642156 6
29.304533 14.138389 15.792056 10
28.758433 14.569789 16.479156 4
28.405533 13.966889 17.119156 4
27.472333 14.021989 17.355156 4
26.808333 13.925689 16.681556 4
26.212033 13.782189 15.927256 15
26.607433 14.671789 15.891156 4
26.921433 15.536689 15.407356 5
27.921933 15.651789 15.564556 10
27.517133 15.523889 16.466356 4
27.740033 14.962489 17.235956 4
28.249533 15.819689 17.153556 9
28.703133 16.385989 16.512356 9
28.056233 16.859389 15.872356 10
28.177733 17.466589 15.036856 10
28.064433 17.141089 14.175556 10
28.264633 18.134189 14.216556 10
28.252933 19.101289 14.492656 1
27.404733 19.240489 14.100356 11
26.675533 18.631989 14.045756 10
25.826433 18.975789 14.389456 7
26.368633 19.090389 15.155956 1
26.973233 19.786989 14.912356 1
27.226233 19.331889 15.708156 3
27.550733 18.436989 15.494456 10
27.177333 17.583589 15.683656 10
26.918233 16.836089 16.203456 12
26.945633 17.424489 16.915156 11
26.149433 16.849789 16.950556 10
26.467433 16.045289 16.651656 4
25.791033 15.676289 17.304956 4
25.292533 15.991589 18.108756 3
25.782733 16.838789 18.337156 13
25.183133 17.340389 17.718156 5
24.449333 17.210389 18.350556 7
24.805333 17.547089 19.190356 1
24.638433 17.143689 20.158856 7
24.849333 16.486789 20.919256 4
24.468233 17.352389 21.261856 8
25.168433 17.583589 21.909456 13
25.695833 17.025589 22.485756 7
25.941233 17.294789 23.352256 10
26.181433 16.386889 23.627156 4
26.572033 15.943789 22.934456 10
26.368233 15.140189 23.378656 1
25.913233 14.639289 24.054156 12
26.749233 14.404289 24.368056 9
27.033233 13.363689 24.386356 10
27.802533 12.783389 24.190756 5
28.510033 12.256389 23.817056 1
28.922933 11.381389 23.777056 1
29.214833 11.197189 22.869656 4
29.074833 10.478989 22.232656 13
28.392633 10.174889 21.567356 10
28.646433 9.331589 22.004256 10
28.002733 8.646189 22.409256 4
27.305633 8.160289 21.928656 6
26.672333 7.985489 21.215056 9
26.880233 8.325789 20.388656 7
26.402833 9.206789 20.196056 15
26.354933 10.111789 20.076956 13
26.646533 10.845589 19.499356 10
26.726633 11.517689 18.782356 10
26.104133 11.476189 17.996756 11
26.792633 11.905689 17.453256 13
26.941233 12.777089 17.791656 4
26.530233 12.949989 16.955556 4
26.128233 12.140089 16.642756 11
25.554733 12.857189 16.288856 5
25.128233 13.400789 15.652056 15
24.285333 13.714889 15.999856 3
24.941833 14.221289 16.528556 10
25.807333 14.124689 16.918156 4
25.171433 14.013089 17.606056 13
25.513233 13.535289 18.366056 4
25.735733 13.464889 19.297456 10
26.615933 13.339489 19.718456 3
27.514933 13.628389 19.470256 7
27.270933 13.791089 18.550256 4
26.512933 14.295289 18.846456 4
26.781433 14.414089 19.841056 1
27.255033 14.980589 20.474756 10
26.680733 15.753289 20.580456 10
27.427033 16.417289 20.770056 1
26.923433 16.552789 19.964556 1
25.960433 16.772289 20.073356 8
25.818033 15.809289 19.899956 10
26.033033 15.481589 18.835056 1
26.125933 14.879989 18.006156 4
27.062633 14.695989 18.036956 4
27.483733 14.788289 18.877756 5
27.813633 15.510989 18.391556 4
27.824933 16.457889 18.416856 6
27.175633 16.759589 17.754756 4
27.947433 17.359389 17.747456 7
28.344433 18.100389 17.318256 10
29.216133 18.444589 17.465656 5
29.202933 17.671489 16.861356 10
30.029433 18.076889 16.585956 6
29.913433 17.162689 16.137756 7
29.032033 17.220589 15.651856 10
28.989233 18.129189 15.225556 10
28.891133 18.982889 15.603156 9
28.671033 18.923989 16.552656 10
28.892533 19.781789 17.014856 1
29.875733 19.977889 16.871056 1
30.183033 19.853789 17.795156 7
30.023033 18.929689 18.052056 3
29.075133 18.805789 18.459356 1
29.193233 18.929989 19.401156 13
28.364833 18.590889 19.754656 1
28.244633 17.991589 19.040956 10
28.998733 17.541989 18.675156 9
28.746433 16.770289 19.120556 1
29.458433 16.470789 19.695356 13
29.970833 16.750089 18.846156 4
29.311333 16.403089 18.259156 13
29.304033 15.548589 18.640556 10
28.734633 15.340489 17.906056 4
29.396333 15.065889 17.282756 3
29.591633 15.163089 16.331056 13
29.738033 15.691189 15.534356 8
28.956233 15.323989 15.147056 10
28.145633 15.035189 14.757956 10
27.716233 14.253589 15.129756 4
27.249133 13.794489 14.297856 7
28.089533 13.370389 14.565856 11
28.676733 13.549689 15.230556 10
28.315533 13.459089 16.181356 4
27.395933 13.401189 15.940356 4
26.642333 12.732089 15.771556 8
27.340333 12.207689 16.167356 4
26.626433 11.544589 15.886256 11
27.345233 11.090689 16.193256 11
27.944933 10.999089 16.917356 7
28.660333 11.579089 17.143856 10
27.984433 12.089089 17.555556 4
27.829333 11.193389 18.026556 5
28.238333 11.196689 18.913856 6
28.693333 12.102589 18.965556 1
29.139933 12.953489 19.269856 13
28.471833 13.515589 18.887956 4
29.437833 13.884589 18.771456 6
28.994633 13.757289 17.919656 4
29.570233 13.160789 17.378956 5
28.676933 12.910989 17.037256 4
29.112433 12.696889 16.214356 10
29.423033 11.957089 15.685556 5
30.082933 11.281389 15.896256 1
31.004033 11.495389 15.678856 13
30.360633 12.200889 15.676856 10
30.977633 12.178789 14.930156 13
30.033033 12.402789 14.566456 10
29.490733 11.747189 13.950056 10
29.313033 11.416889 13.029156 15
29.307633 11.733389 12.104356 15
29.679733 12.570589 12.378656 10
29.926033 13.425689 12.597256 10
30.842833 13.790789 12.571556 9
30.402833 13.759889 13.477656 10
29.920533 13.538889 14.340556 10
29.124433 13.115289 14.357656 10
28.778233 12.216889 14.711356 15
28.424733 11.523289 14.162256 9
27.883333 12.270289 13.852656 4
28.734733 12.731989 13.589856 10
28.203633 12.841689 12.852356 7
28.180833 13.633389 12.262356 7
29.094833 14.006389 12.311856 10
28.807933 13.842589 11.362256 4
28.000833 14.136589 10.922256 7
28.330333 14.215289 10.013256 12
29.145933 13.887389 10.306256 7
29.204833 14.216389 9.365456 3
28.377333 13.931689 8.828556 1
27.516333 14.167289 8.463556 12
27.744433 13.202389 8.441556 1
27.330333 13.423689 7.627556 4
27.196933 13.315789 6.611856 1
26.609433 12.784889 7.137156 7
26.317633 12.015589 7.627956 10
25.591633 12.471589 7.227256 1
25.728533 13.319189 6.798456 7
25.465833 13.558689 5.883856 13
24.914233 14.402089 6.008156 6
24.989033 14.476489 5.040556 13
25.706833 15.175289 5.012256 4
25.387433 15.207089 4.085056 11
26.210633 15.136689 3.653356 14
26.629033 15.755289 4.287856 9
27.544233 15.947889 4.111656 7
28.382833 16.095289 4.591456 11
28.180533 15.293889 5.094656 10
27.626633 14.935389 5.791056 4
27.183333 15.481589 6.419856 13
27.834733 15.404389 7.123656 7
27.594033 15.325689 8.065956 12
27.749633 15.886689 8.841856 12
28.416933 16.226689 8.206956 10
29.265733 16.525689 7.976056 7
30.154733 16.514189 7.629156 4
30.535633 15.933089 8.317456 4
30.404933 15.055289 8.638256 4
29.521433 14.990289 8.234456 12
29.424933 15.762389 8.949556 10
29.423433 16.195489 9.863956 14
28.916233 15.376389 9.922956 12
29.207633 14.931489 10.720656 10
28.799633 14.965889 11.544056 7
29.230033 15.851189 11.481856 1
29.340733 15.342389 12.335156 10
29.034433 14.824489 13.164356 10
28.190533 14.380389 12.972656 7
28.409633 14.466789 13.915756 10
27.517833 14.718189 13.729056 1
26.713133 14.386089 13.412056 7
26.842933 14.372789 12.452356 7
27.160233 13.537089 11.960456 7
27.828333 12.924089 11.348956 3
28.154633 11.982789 11.182656 10
28.237033 11.376089 10.372156 1
28.892433 10.820889 9.818156 4
29.877833 10.818989 9.684456 1
29.447533 11.183689 8.870956 1
29.355033 11.875589 8.239256 1
29.291133 12.871089 8.384856 4
30.138633 13.311089 8.191756 11
30.832533 13.275089 8.795856 7
31.622133 13.711189 8.708456 9
31.599433 14.114089 9.593956 1
31.354633 14.972989 9.182356 4
31.230233 15.918889 9.354456 10
31.069533 16.859689 9.168056 15
30.549533 17.336889 9.789556 11
29.545733 17.235089 9.969556 10
28.550633 17.326289 10.207556 14
28.029533 16.873789 9.542256 5
27.364933 17.098989 8.810256 12
27.959133 17.877889 8.640156 7
28.223833 18.483489 9.344256 13
27.542133 18.804489 10.053756 10
27.729533 17.943889 10.430856 15
27.045933 17.296989 10.742556 10
27.032733 16.445989 11.128456 7
27.562433 16.282789 10.394756 14
27.430233 15.439689 9.883856 12
27.499333 15.338689 10.837356 7
27.915633 15.928389 11.465856 14
27.122733 15.469989 11.847856 7
27.631933 15.383489 12.722756 7
28.489633 15.711989 13.052156 10
28.948733 16.471689 12.799456 10
29.819633 16.424789 12.377256 9
30.370833 15.622689 12.547256 10
31.009733 16.323789 12.300356 1
30.705933 17.118889 11.726256 12
31.289233 17.810289 11.657156 1
31.652633 17.878789 12.543356 7
31.708333 18.890889 12.713256 1
32.534433 18.368589 13.063256 4
32.777533 17.519589 12.596756 4
33.001333 18.022689 11.866056 7
33.036433 18.748689 11.239756 10
33.616033 19.183089 10.655856 1
34.040233 19.996689 11.021656 7
34.627133 19.304789 11.344756 1
35.363433 19.241289 12.025656 10
35.995933 19.881489 12.334056 13
36.720533 19.600589 12.866956 1
36.306033 19.483089 13.716156 4
36.550833 18.740989 14.184356 11
36.952033 19.506089 14.660456 10
36.607633 20.266789 15.103456 7
35.861333 20.347589 15.732656 7
36.171333 20.013589 16.550556 6
35.911133 19.180989 16.089156 1
35.175733 18.510689 16.141056 11
34.588633 19.299789 16.176756 10
35.220333 19.628789 16.918856 4
34.826633 18.950489 17.563056 12
33.975033 18.560389 17.487856 8
33.397633 19.123489 16.988656 12
32.576733 19.052689 16.387156 7
32.841933 18.544389 15.613756 10
32.175433 17.821589 15.702256 7
31.464633 17.357889 15.335556 13
30.884433 17.030689 14.577256 14
30.010533 16.813689 14.990956 9
29.502833 16.277089 14.410956 10
28.787933 16.484789 13.828456 10
27.946233 16.124689 13.952556 10
26.971833 15.900689 13.924856 7
26.010033 15.921689 13.767356 15
25.832533 15.032689 13.793856 7
25.149733 15.130389 14.411256 13
24.290733 15.550789 14.096856 1
23.452433 15.938489 14.177756 11
23.591233 16.533089 14.985456 5
23.828933 15.892689 15.752856 1
24.596733 15.955089 16.403556 1
25.225333 16.627689 16.123556 6
26.145233 16.530189 15.727056 7
26.548133 17.072389 15.030256 10
26.161533 16.729789 14.267456 4
27.079033 16.868189 13.907256 10
26.735033 17.375589 13.151456 1
27.636733 17.861289 13.251256 10
28.070833 18.754989 13.128556 7
28.030633 19.659389 13.361356 1
28.375333 20.246189 14.010656 4
28.982433 20.957989 13.902656 7
29.602133 20.988389 13.168456 1
29.873333 20.135889 13.590256 16
29.787833 19.153189 13.738156 1
29.478533 18.212189 13.774756 10
30.324333 17.744589 13.953556 1
29.768633 16.981689 13.602856 10
29.821633 17.655289 12.912856 4
29.804833 17.396089 11.963056 10
29.354333 17.785989 11.208956 11
28.986633 16.963689 11.470456 14
28.546833 17.369189 12.243656 10
27.524433 17.216689 12.043156 14
27.163633 16.395089 12.372556 10
26.276633 15.962989 12.071656 7
26.174933 14.968289 11.984256 7
25.578833 15.449989 12.582856 7
25.143433 16.284689 12.387756 11
25.680233 16.951189 11.985556 11
25.822533 16.590789 11.105656 7
26.284933 16.722289 10.246056 12
25.929033 17.244489 9.517756 13
26.318633 17.132689 8.609256 12
25.340233 17.187489 8.432756 7
24.748433 16.741989 9.014556 10
25.240533 15.974789 9.052156 1
26.080833 15.742989 8.606256 12
25.462533 15.037489 8.542056 7
26.172433 14.460689 8.455856 9
26.479933 15.153389 7.856656 12
25.850633 15.582889 7.311856 4
26.403533 16.314989 7.215156 12
27.247533 16.621489 6.823356 1
27.134533 16.895289 5.884056 10
26.673533 17.109389 5.066256 7
26.466433 17.225489 4.131656 1
25.658633 16.845889 3.884056 15
25.089833 16.231989 3.447556 7
24.548933 17.018889 3.178856 15
24.276833 16.984089 4.226656 7
23.653733 17.545489 4.650456 1
22.887533 17.229389 5.135656 1
22.105933 16.852689 5.552256 7
22.036333 17.772489 5.908556 15
22.317033 18.484189 6.449356 4
22.543733 18.925089 7.282256 7
23.211933 18.462589 7.765956 15
23.066133 17.503389 8.045656 7
23.228733 16.904389 7.339356 10
22.858633 16.212989 7.916256 10
23.265333 15.473789 7.441556 3
22.756133 14.900089 7.914756 1
22.772533 15.441189 8.717156 12
23.097933 14.690589 9.273356 7
22.884233 15.151789 10.087056 12
22.443933 15.571589 10.810856 1
21.854633 14.898889 10.674256 10
21.380333 14.897089 9.708956 1
21.005933 15.748689 10.048056 11
21.387433 16.252589 10.809456 7
20.784333 16.789089 10.301856 16
21.700133 16.808389 9.937856 7
21.651033 17.724689 10.048756 12
22.222333 17.454989 10.810556 1
22.624933 18.052489 10.148556 9
23.401133 17.868789 10.808556 15
23.900233 17.591589 10.084656 4
24.549633 17.123289 10.623056 5
24.766233 16.190589 10.773856 7
24.629433 15.685489 9.862156 15
25.570633 15.562689 10.279556 7
26.183733 15.399589 9.615656 12
26.555533 14.768789 10.307056 7
27.291633 14.356589 9.768256 12
27.275033 13.453989 10.145456 1
26.756333 13.421289 10.930656 7
26.165933 12.659389 10.746256 10
25.519733 12.007689 10.489456 16
26.331433 11.875789 9.840056 1
26.588833 11.392889 9.024556 1
27.119733 10.551789 8.871256 15
27.844433 10.239089 8.364856 1
27.367733 9.734789 7.649856 7
27.800733 9.015589 8.141556 1
27.372033 8.743389 8.959556 7
26.923033 8.303089 9.720756 4
26.188233 7.843289 10.100056 1
26.493233 7.006889 10.434856 1
26.604633 6.228089 9.920656 1
26.099033 5.347589 9.950156 10
25.664633 5.052189 10.737756 1
26.207433 5.833789 10.882656 1
26.693733 6.188089 11.713356 1
26.421533 7.085689 11.942656 7
27.084633 7.128289 12.738256 12
27.961833 7.540689 12.957656 10
27.618033 7.405289 13.819556 12
27.825133 8.339089 13.824356 10
26.972333 8.304889 14.215456 12
27.122133 8.766889 15.090356 15
27.204633 9.769789 15.198556 11
28.206933 9.965389 15.065456 10
27.937433 10.392589 14.204756 7
27.168033 10.767389 14.726156 11
27.068233 11.737689 14.536556 12
26.978333 12.692389 14.666956 15
26.601133 13.063889 13.809656 7
25.630633 12.879489 13.904156 15
25.223933 13.445289 13.248756 7
25.243033 13.436189 12.256656 7
25.240833 13.630889 11.327456 16
26.018233 13.981389 11.832856 7
25.871633 14.544989 11.130956 7
25.536733 14.387589 10.244456 13
24.887533 14.653089 10.858256 7
23.967933 14.269589 10.936156 9
23.322333 14.668289 11.654556 16
24.132733 15.106589 11.386656 7
24.443433 15.507189 12.146856 7
23.140433 16.284589 12.831056 16
23.509433 17.071789 13.277656 9
22.872433 17.698389 12.786856 13
22.201633 18.353089 13.052556 7
22.558233 18.240089 13.923556 12
21.863933 17.626289 14.244456 14
21.253233 18.052389 13.654756 7
20.555833 18.147489 13.014056 4
19.651733 17.892689 13.333056 10
19.730833 18.522189 14.054756 16
19.788033 17.773889 14.720956 7
19.164733 17.813789 15.433756 1
18.602233 17.891589 14.629256 6
18.237433 17.141589 15.163656 15
17.477033 17.375989 15.675456 16
17.529733 16.440889 15.529156 12
17.072133 15.661489 15.077856 7
16.148233 15.150389 15.012656 11
16.463533 15.671789 14.268056 1
16.019033 16.526189 13.889756 7
15.279933 16.987589 13.534856 12
14.400233 16.986989 13.187356 11
14.350133 17.612689 12.383056 4
14.216433 16.773289 11.940756 1
13.296933 16.766789 11.894956 11
12.775533 16.702989 12.757056 5
11.798733 16.772789 12.924256 7
11.336033 16.602489 13.838956 7
10.507733 16.227889 14.151156 11
10.834833 15.325189 14.384056 12
10.028333 14.719489 14.444356 1
10.864633 14.284389 14.572856 7
11.747033 13.917089 14.359456 4
12.636533 13.813789 14.581256 15
12.992033 13.733489 13.676856 7
13.594933 13.211589 13.060756 15
14.498633 13.080989 13.349856 16
15.308433 13.623189 13.098256 9
15.952733 13.075789 13.553956 10
15.724433 12.503289 12.735656 1
16.691533 12.268989 12.608556 16
16.852933 11.334789 12.487756 15
16.470933 10.700089 11.833656 1
17.128733 10.262589 11.304456 7
16.934033 10.910189 10.579956 10
17.828333 10.929089 10.251156 7
18.296833 10.965789 11.114856 14
18.374133 10.625489 11.995456 16
18.542533 10.670989 12.926956 10
18.204433 9.858289 13.312556 12
17.257633 9.585489 13.534456 1
16.721833 10.165189 13.058456 7
17.191833 10.839989 13.612156 1
18.038933 11.260089 13.688056 10
18.143033 12.144889 13.221956 16
18.325633 12.357289 14.122556 13
18.724233 12.401689 14.997056 7
19.569033 12.283589 14.565656 1
20.115333 12.039289 13.791856 7
20.650733 11.416489 13.354356 13
21.170633 11.777389 14.100556 12
21.803833 11.225889 14.575556 7
22.097933 11.960789 15.124756 1
23.072733 12.012989 14.945356 12
22.841433 12.552089 14.217456 4
22.339733 13.368889 14.410556 6
23.032633 13.924889 14.224456 7
23.846033 13.672889 13.713056 15
24.610233 14.273289 13.669256 9
24.755433 14.948689 12.989756 7
24.356733 14.071089 12.752456 7
24.188933 13.093189 12.690956 15
23.700733 12.376989 12.210056 16
23.613233 12.250589 13.145556 15
23.263333 11.357789 13.210156 7
24.148433 11.484489 13.573256 15
24.684233 10.665989 13.453156 7
24.634033 9.847989 13.986356 7
25.353233 9.453589 14.375156 11
26.159033 8.919189 14.554956 12
26.306633 9.401189 15.396356 11
25.946933 9.512189 16.334656 16
25.679933 10.470689 16.465156 11
25.238433 11.106689 16.965156 11
24.776233 11.902289 17.263256 1
23.993833 12.125489 17.899856 7
23.355633 12.591589 17.372256 10
23.526833 13.436789 17.776856 16
23.187933 12.887789 18.412556 7
23.485633 13.048089 19.338156 13
23.485233 12.033589 19.319956 7
24.117033 11.422289 19.685356 12
24.251633 12.208389 20.302156 1
23.291133 12.233989 20.703856 9
22.648733 11.585589 21.002456 7
21.794333 11.783389 21.321356 10
21.214233 11.072589 21.564556 12
21.871933 10.418789 21.782556 14
21.336333 9.842089 22.223656 1
21.009033 8.880889 22.176256 7
20.720433 9.382489 22.935956 4
19.824033 8.960889 22.796556 16
20.125533 8.185289 23.307256 7
19.996833 7.317089 22.921756 16
20.968533 7.022989 22.915756 10
20.419933 6.255889 23.152256 16
20.423933 5.361689 23.538456 12
20.757733 5.482689 22.620456 5
21.255433 5.602289 21.771656 16
20.606533 5.544689 21.068256 7
21.327933 5.852289 20.612756 12
20.761633 6.477289 20.197556 1
20.923133 6.384689 19.261956 7
21.670733 6.973489 19.103356 15
21.411933 7.612689 18.417856 1
21.703233 7.077989 17.699956 7
20.736833 6.778889 17.704156 1
20.731133 7.505389 17.042956 1
20.573133 7.687189 15.978656 1
21.373933 7.130389 16.034156 10
22.192633 6.617089 15.657056 1
22.723333 5.893689 16.080356 15
22.568733 5.936589 17.067856 1
23.185833 5.487189 17.615156 16
23.297733 5.031789 16.800956 15
22.987733 4.428289 17.507556 13
22.485733 3.633389 17.723856 7
22.791633 3.655789 16.798856 15
22.704633 2.668089 16.959856 12
22.274433 1.919889 17.304956 7
21.870033 1.194389 17.728256 8
22.826733 0.728489 17.587356 12
22.877433 -0.280111 17.312656 7
22.051633 -0.392311 17.832356 16
21.355633 0.175589 17.679056 12
20.560333 0.785689 17.607656 5
19.674933 1.091889 17.817956 13
19.918633 0.633689 18.619956 7
20.473533 0.223689 19.245256 13
21.013633 0.834389 18.672856 11
21.963933 0.937589 18.824556 12
22.202033 1.855689 18.710656 9
22.496633 2.640589 18.105256 7
23.293833 2.325589 18.422156 7
24.126233 2.003889 18.722156 11
23.593733 2.537789 19.341756 1
23.118733 3.262989 19.773756 7
23.359733 3.097389 20.676356 16
23.802133 3.062189 21.512756 11
24.458033 3.601689 22.015756 1
24.818533 4.384089 22.461456 12
25.409733 3.995689 23.113156 1
25.981433 4.584189 22.661856 11
26.308633 5.463589 22.279556 7
25.989933 5.994389 21.544756 10
25.040533 5.818089 21.317456 7
25.533033 5.618689 20.504856 9
25.362733 5.649489 19.555556 16
24.783533 5.608989 18.762656 16
24.082433 4.998789 18.819756 16
23.266633 4.454489 19.105356 7
22.685533 4.996489 18.570756 16
22.119133 4.226589 18.665456 7
21.208333 4.097989 18.349456 4
20.281333 4.429189 18.183656 5
20.588633 4.820989 17.348956 7
21.170233 5.186689 16.601656 14
21.731233 5.289489 15.791856 7
22.618133 4.900289 15.705956 15
23.124633 4.561089 14.995156 15
22.320233 3.963989 15.003156 1
22.013333 4.171889 14.092056 1
21.869033 5.067689 14.393956 15
21.310733 5.617689 13.822256 1
21.492233 6.503489 13.825156 11
22.307933 6.260089 14.261856 10
23.044033 6.819489 14.609256 1
23.692233 6.332089 15.183756 15
24.151333 7.137789 14.911756 12
24.216033 7.175789 13.948556 7
24.227533 8.050989 14.278856 7
25.142333 8.396689 14.315656 12
24.626433 8.840889 13.650256 7
23.734533 9.129289 13.436056 7
23.011733 9.389289 13.889756 7
22.266333 8.743889 13.866056 11
23.290833 8.412289 13.886956 7
22.975033 7.911389 14.723256 12
23.213833 8.709289 15.233956 7
23.004233 9.365789 15.899356 13
22.977133 8.522789 16.514256 1
23.348433 7.874389 15.918756 16
24.235533 7.502889 15.859456 12
25.003133 7.183489 16.311756 16
25.266633 8.106589 16.525056 6
25.001933 8.487189 15.718556 12
24.776533 9.326289 15.189556 7
24.482133 9.711689 16.050456 13
24.578233 10.475089 15.404756 16
25.493933 10.356189 15.337556 11
26.117533 11.069889 14.940656 11
25.817533 11.972189 14.880156 15
25.075833 12.505989 14.728356 15
24.646333 12.081989 15.469356 4
24.972333 11.322389 14.935056 11
24.276333 11.831889 14.464756 15
23.798333 10.950989 14.534856 7
23.296533 10.091189 14.495156 7
23.130433 10.414689 15.411956 9
22.083333 10.366289 15.497256 12
22.621033 10.753789 16.246556 7
22.541033 10.832989 17.182756 8
21.870633 11.552889 17.289356 15
21.015033 10.899489 17.443256 16
21.011533 10.038889 17.199356 1
20.347433 9.365589 17.042656 16
19.595533 9.814589 17.430556 7
19.379133 8.974089 17.011556 1
18.864933 9.421989 16.309356 1
19.015333 10.112789 15.687756 7
19.925833 9.741789 15.563856 1
19.988133 9.825389 14.617756 1
20.915533 9.778489 14.241656 11
21.712633 9.528189 13.723956 1
22.414533 9.811089 13.050856 7
21.967233 9.343489 12.397356 7
21.426933 9.488789 11.617356 1
21.261033 8.593389 11.909256 1
22.020633 8.122389 12.421056 7
21.629433 7.888189 13.240656 5
22.127533 7.129789 13.153156 16
22.969933 7.647689 13.139856 7
23.334733 7.927389 12.315956 7
23.574133 6.982789 12.210656 11
24.499333 7.119889 12.604956 7
24.805533 6.551789 13.343056 16
25.773133 6.477289 13.503256 12
26.102533 5.486689 13.522056 15
26.789033 6.138789 13.407056 16
27.218833 6.549889 14.187256 12
27.508333 5.703489 14.612056 15
28.298133 6.030689 15.062656 14
28.150133 6.852189 14.497656 12
28.135433 7.409089 15.268256 7
28.599833 8.123489 14.864056 15
29.172033 8.861689 14.527856 1
29.354333 8.575689 15.415456 16
29.544233 9.567089 15.426756 13
28.963033 10.037289 15.936356 7
28.407433 10.012389 16.686056 1
27.857333 10.127889 17.502556 12
26.945233 10.484689 17.736356 11
26.660433 9.999889 16.936356 11
26.889333 9.135689 16.559256 1
26.428033 8.324689 16.409056 16
25.943533 8.253489 15.485756 1
26.113333 7.857889 14.649156 12
25.439333 7.460589 14.102356 12
25.198133 7.720289 13.213756 7
25.958733 7.665089 12.702256 12
26.781233 8.117989 12.942756 12
27.523933 8.663989 12.682756 1
27.913333 8.325389 11.830756 7
28.028333 9.268289 11.792456 5
27.473333 10.066589 11.956856 8
27.262633 9.656189 12.807856 8
26.354833 9.239189 12.946456 15
25.682433 8.770589 12.544756 12
24.786033 8.512989 12.547956 7
23.901833 8.757289 12.381556 7
23.909833 8.337389 11.484756 9
24.891533 8.559689 11.425456 16
25.006533 9.453989 11.777756 7
24.729133 10.383789 11.835656 13
25.468633 10.334889 12.510256 7
25.888433 10.158889 13.380256 11
25.630833 11.134489 13.175856 15
26.296333 11.009989 13.845956 11
26.345833 11.992989 13.685756 15
25.949233 12.402689 12.890556 7
26.869933 12.534989 12.762556 7
26.781833 11.943589 11.995456 1
26.255233 11.674889 11.255456 1
25.495233 12.010089 11.993756 7
24.900333 12.018289 12.757456 15
24.485633 11.158289 12.552756 11
23.752133 10.534089 12.375956 7
23.412033 9.649789 12.455656 7
23.458233 9.875389 11.530056 11
23.034833 9.270389 10.894456 16
22.377433 9.970889 10.493456 1
22.455433 9.304589 9.823256 16
21.726633 8.557989 9.896256 14
20.926133 8.198589 9.524556 1
20.867633 7.522789 8.797156 1
21.848833 7.667589 8.784156 1
22.816733 7.532889 8.974256 16
22.838833 6.959789 9.749156 12
22.457433 6.730789 10.570056 10
22.587533 6.684489 11.533256 7
22.396133 6.193989 12.387056 16
23.160733 5.621789 12.108556 16
23.310833 4.783389 11.814256 1
23.872133 4.249589 12.376256 1
23.257933 4.399289 13.129256 1
22.986733 4.944289 13.957956 15
23.228233 5.674089 13.287256 5
23.907633 5.210389 13.733956 1
23.943033 5.408089 14.679856 15
24.713433 5.770989 14.204156 1
25.015433 6.446389 14.911556 12
25.187133 6.244189 15.900856 16
24.716533 5.430889 15.621056 15
25.713433 5.366189 15.428456 16
26.004433 5.589089 14.561656 12
25.947833 4.590689 14.759656 1
25.047833 4.344589 14.657456 15
25.392133 4.179289 15.542056 12
25.625633 4.685189 16.297856 16
26.544733 4.696189 16.084256 16
27.232833 4.578389 16.741956 11
26.319533 4.821289 17.072456 16
25.700333 5.400389 17.473656 16
26.428833 6.048189 17.557756 16
27.396733 5.979189 17.577056 11
26.942033 6.160489 18.423056 16
27.742433 5.719189 18.696356 8
28.484733 5.403889 19.324156 7
29.320333 5.931889 19.365856 16
30.252633 6.118789 19.134856 8
29.877533 6.720489 18.486256 13
29.846733 6.351989 17.501956 11
30.197433 7.193689 17.461156 16
31.097133 7.018489 17.501556 16
31.044033 6.102589 17.261856 1
30.880133 5.141689 17.317856 1
31.665933 5.220289 17.906356 16
31.624033 4.371189 17.432456 11
31.487333 3.671589 17.984356 1
30.789733 3.357189 18.490556 7
30.590733 2.495989 18.907156 1
30.143833 2.584989 17.929156 1
29.531733 3.231689 18.326956 11
29.907733 4.129889 18.502856 1
29.333433 4.482989 17.856156 1
28.638433 5.146089 18.083556 1
28.448733 5.453989 17.174656 16
27.884833 5.639889 16.357256 11
27.050633 5.743389 15.969456 16
26.992633 6.475489 15.345556 12
26.081633 6.271489 15.500556 16
26.199433 7.208289 15.642756 12
26.479333 6.806589 16.488056 16
27.377533 6.486389 16.732456 5
27.334333 7.107189 17.513556 11
27.113333 7.931889 17.006456 15
26.286033 7.424489 17.302156 7
25.675033 6.953589 17.951656 16
24.930033 6.367989 18.000356 16
24.449133 7.176889 17.930056 5
23.537933 7.228889 17.649656 12
23.869933 7.169389 16.776156 1
23.692833 6.288089 16.443256 15
24.462433 6.127789 17.035456 16
24.988533 5.411189 16.768456 16
24.404833 4.717789 16.342556 15
24.174133 4.325389 17.168656 16
23.972233 3.452289 16.827256 7
24.365133 3.510689 16.009056 15
24.988833 3.490289 16.676256 16
25.575333 3.150589 15.946556 1
25.796333 2.677589 16.701856 16
25.531633 1.783089 16.545956 1
25.783633 0.957989 17.019956 13
25.457133 1.504589 17.710256 15
25.613633 2.444389 17.708156 1
25.617633 3.391089 17.631556 16
26.273933 4.042189 17.755656 16
27.247833 4.032289 17.648556 1
26.767433 4.023689 18.615756 16
27.655633 3.693389 18.998556 1
27.902433 3.071089 18.254656 11
27.471733 2.559589 17.602756 12
27.903333 2.867689 16.828256 11
27.244833 3.476389 16.353556 16
27.028533 3.249289 15.370656 11
27.370433 3.134789 14.344656 12
26.612233 2.708689 13.940056 16
26.846133 2.552289 13.008156 11
27.767433 2.255489 13.027956 16
27.684033 2.146189 13.969556 12
26.899133 1.689089 14.266156 1
27.035533 1.186789 13.542856 16
26.964933 0.462789 12.870756 11
26.749833 1.280589 12.417656 15
25.947933 1.226089 12.967956 16
25.165933 0.809989 13.335356 1
25.030633 0.904289 14.335156 8
24.294033 1.568589 14.093756 1
23.738333 1.578589 14.865656 16
24.664933 1.673789 15.279456 8
24.774133 2.543689 14.913956 12
24.489033 3.467689 14.831956 15
24.540133 3.423389 13.884656 1
23.786733 2.806089 14.047656 5
22.913933 3.146689 14.332356 7
23.462933 3.555989 15.056356 15
23.679533 2.657689 15.236656 8
22.906433 2.886289 15.907256 5
23.247233 1.971989 15.988756 1
24.204533 1.875489 16.323256 16
23.686733 2.271789 17.032856 7
24.645033 2.189789 17.213756 1
24.339833 1.277589 17.388756 1
24.004733 0.898789 18.175956 1
24.854533 0.945989 18.730956 14
25.785133 1.219889 18.844856 13
26.293833 1.863489 18.374256 9
25.940633 2.583889 18.927856 12
26.100333 3.084189 19.712156 16
25.824033 3.990889 19.866156 16
26.028733 3.758889 20.844456 1
25.505033 4.551289 21.052356 1
24.581433 4.430189 20.916756 12
24.826533 3.935789 20.086656 16
24.719933 3.507389 19.291556 16
24.175933 3.266089 18.534856 7
23.813533 4.095989 18.297356 7
24.760133 4.213689 18.273856 16
25.434033 4.783589 18.293556 16
26.056833 4.783189 19.057056 16
26.238433 5.068389 19.903556 1
26.779233 5.462789 19.243856 16
27.585333 5.847889 19.801856 5
27.308333 5.321789 20.611056 11
28.285333 5.671489 20.715156 5
28.815233 5.652789 21.534556 8
29.873233 5.868389 21.375756 16
29.584033 5.222689 21.983556 15
29.881133 5.511589 22.904256 11
30.325333 5.501589 23.796556 16
30.524533 5.158089 24.632356 1
30.850833 5.356089 25.502656 12
30.704733 4.719189 26.150356 15
31.752633 4.723489 26.019556 16
31.686833 5.217189 26.830556 16
31.901733 6.043889 26.312256 11
32.866633 5.877789 26.380056 1
33.206333 6.769989 26.277456 12
34.136033 7.024489 26.286856 1
34.766333 6.623089 26.919856 16
35.008833 7.515389 26.936956 1
34.603933 7.218589 27.780356 15
35.411533 6.791189 27.989056 15
35.810733 5.908289 28.128756 16
35.791333 5.046689 27.690256 5
35.772733 4.244689 28.209456 16
35.823433 3.333589 28.351556 7
36.062833 2.651989 29.053656 1
36.051933 1.898989 29.616856 1
36.510233 2.594589 30.161956 7
36.244433 3.356689 30.605456 1
36.403133 4.294189 30.809756 1
36.356233 4.881189 31.583256 1
37.103333 5.353489 31.869556 12
37.592733 5.988089 32.322756 16
38.481233 5.748289 32.553556 16
38.517233 6.308089 33.290456 11
37.839233 6.771089 33.794356 16
