-25.544809 -8.980777 -13.705986 1
-24.834309 -9.660877 -13.574786 1
-25.043609 -10.419477 -14.185386 2
-24.965909 -11.067277 -13.404486 2
-24.163009 -10.679577 -13.800686 16
-23.930009 -10.649677 -12.822186 1
-23.700009 -11.400577 -12.291686 1
-24.140909 -12.213177 -12.395286 1
-25.053609 -12.326577 -12.724586 1
-24.769309 -13.047777 -12.036686 1
-23.936909 -13.304077 -11.685286 12
-23.853809 -13.426877 -10.736586 4
-22.948609 -13.579277 -10.108986 1
-23.049709 -13.106977 -9.285086 14
-23.352309 -13.870877 -8.870486 3
-23.742809 -14.122177 -8.018286 15
-24.188609 -14.969677 -8.222786 11
-23.394309 -15.558977 -8.128986 15
-23.268909 -15.986277 -8.979886 8
-22.343909 -15.897077 -9.269786 2
-21.854909 -16.139377 -10.014886 13
-22.350009 -16.499477 -10.722186 2
-23.232409 -16.795977 -10.416586 9
-23.085409 -17.315777 -9.520186 1
-22.193909 -17.409477 -9.812086 14
-21.310009 -16.997977 -9.898386 5
-20.554809 -17.573477 -9.775986 9
-19.747609 -18.134377 -9.737386 1
-20.482809 -18.564077 -9.305386 8
-20.200509 -18.785877 -8.434286 2
-21.085509 -19.178777 -7.986386 14
-20.374309 -19.589977 -7.454586 14
-19.450109 -19.172777 -7.568686 6
-18.488309 -19.207377 -7.807986 8
-18.533009 -19.601177 -6.984886 14
-18.010309 -18.826477 -6.661486 2
-18.614609 -18.831677 -5.908886 6
-17.990509 -18.228077 -5.431686 2
-18.843709 -17.825977 -5.606386 2
-19.506309 -17.446777 -6.279386 1
-20.153209 -17.971977 -6.761986 14
-21.021209 -17.582977 -6.713086 14
-21.558309 -17.001077 -7.238486 12
-20.656509 -16.510077 -7.496186 6
-20.053009 -15.859877 -7.063686 2
-19.536509 -16.099277 -7.831686 1
-19.015109 -16.547277 -7.046786 2
-18.658709 -17.162777 -7.765586 5
-17.988009 -17.758177 -7.332586 1
-17.502809 -17.949977 -6.456686 2
-16.948309 -17.836677 -5.714986 2
-16.214109 -18.377777 -5.567286 2
-15.629409 -19.163977 -5.510686 5
-16.157309 -19.103477 -6.357186 2
-16.270209 -19.898477 -6.870886 11
-16.292309 -19.094777 -7.426686 7
-17.023109 -18.929177 -6.953686 2
-17.346609 -19.736377 -6.625286 5
-17.345709 -20.014177 -5.674686 2
-17.850909 -20.842777 -5.767186 3
-18.188309 -21.684177 -6.073986 1
-18.988209 -21.480677 -6.568886 2
-19.331609 -21.315777 -7.416186 15
-20.111809 -21.884977 -7.330386 1
-20.659809 -21.383777 -7.948386 9
-21.305509 -20.874177 -8.532886 1
-21.664209 -20.034377 -8.005386 1
-22.429509 -19.932777 -7.338586 14
-22.204109 -19.056177 -6.892286 14
-22.998509 -18.635977 -6.713086 9
-23.317909 -18.121577 -6.013786 14
-22.510409 -18.059377 -5.424686 14
-22.391709 -17.197377 -5.028686 8
-22.467609 -16.609877 -4.380186 2
-22.070809 -16.647977 -3.558086 8
-22.586209 -16.250977 -2.886886 2
-23.096909 -17.091477 -3.102986 10
-23.639009 -17.667077 -2.508786 1
-23.628609 -18.501377 -2.961386 12
-24.464209 -18.997077 -2.807686 6
-25.027509 -19.703277 -3.111186 15
-24.615509 -20.361377 -3.656986 11
-23.876709 -20.259377 -4.205586 8
-23.842609 -19.599677 -4.878386 1
-23.114409 -20.065777 -5.482786 14
-23.308009 -19.703477 -6.507486 14
-24.134309 -19.325477 -6.105386 2
-25.076009 -19.604577 -6.177286 2
-25.201809 -18.681877 -6.540086 8
-25.239209 -18.153177 -7.390286 2
-25.235009 -17.216277 -7.538986 3
-25.893909 -17.447077 -8.207586 2
-25.740509 -16.839177 -8.920086 1
-25.986909 -16.931477 -9.808486 1
-25.283409 -16.517977 -10.313086 2
-25.844809 -16.634877 -11.105486 1
-26.750109 -16.785377 -10.713086 7
-26.916209 -17.647577 -10.316486 14
-27.808709 -17.878177 -10.722986 1
-28.197009 -18.772677 -10.812886 1
-27.688609 -19.502677 -10.472286 1
-27.026009 -18.839577 -10.656686 1
-26.586409 -19.165277 -9.871386 1
-25.726609 -19.214377 -9.452086 2
-25.591109 -18.373477 -8.993386 1
-24.766309 -18.770677 -8.845686 5
-24.233309 -19.533777 -8.437986 2
-24.582809 -19.386077 -7.497086 2
-24.368009 -20.293177 -7.348586 11
-23.524409 -20.764977 -7.506086 2
-23.040509 -20.724977 -6.673786 14
-22.536109 -21.498277 -6.756686 5
-21.935809 -20.780477 -7.077586 14
-21.316509 -20.734777 -6.326086 14
-20.955109 -21.636377 -6.408486 2
-20.889709 -21.282577 -5.559886 14
-21.822609 -21.681877 -5.882886 5
-21.973809 -20.699377 -5.470186 14
-21.977909 -19.789877 -5.187986 14
-22.596809 -19.144277 -4.761886 14
-22.254009 -18.534977 -3.992786 1
-21.934509 -17.833477 -3.465486 8
-21.066509 -18.137177 -3.820486 8
-20.376109 -18.703477 -3.413186 15
-19.494409 -18.448777 -3.637286 2
-18.617109 -18.807377 -3.630286 2
-19.243009 -19.374777 -3.130786 15
-19.848009 -19.613377 -2.399886 15
-19.396609 -18.795577 -2.027286 1
-18.889909 -18.331777 -2.708686 2
-18.711009 -17.907377 -1.863986 6
-19.104009 -17.212577 -2.682386 2
-20.049409 -17.381677 -2.565986 9
-20.536709 -16.475877 -2.557986 8
-21.289009 -15.894977 -2.647186 2
-21.583709 -16.697077 -2.339486 8
-22.276209 -16.686177 -1.728286 14
-21.825309 -16.012377 -1.224586 9
-21.296209 -16.846577 -1.108186 6
-20.401309 -16.645577 -0.897886 12
-19.918109 -16.591777 -0.089386 14
-19.859709 -17.526577 0.007714 2
-19.935009 -18.338477 -0.677886 3
-19.483409 -19.142777 -0.583786 8
-18.795209 -18.519277 -1.008786 1
-18.594609 -19.483277 -1.253786 12
-17.969709 -19.305477 -2.033186 2
-18.171609 -19.532877 -2.923186 2
-17.169509 -19.485177 -2.951786 2
-16.501309 -19.658977 -2.319586 8
-17.078509 -20.347777 -1.993686 1
-17.533009 -20.094577 -1.160986 5
-18.067209 -20.587377 -1.894586 5
-18.102909 -21.519777 -1.684586 2
-17.550209 -21.923477 -2.426486 11
-17.859509 -21.112877 -2.779386 1
-17.307909 -20.561677 -3.282386 2
-17.205009 -21.476077 -3.644786 1
-16.751809 -20.990377 -4.332186 1
-17.511809 -20.449677 -4.400486 6
-17.040909 -19.593477 -4.822586 2
-17.924009 -19.230477 -5.014886 2
-18.424609 -20.046977 -5.226286 5
-18.723009 -19.853177 -4.338786 2
-19.320509 -20.621677 -4.399086 1
-20.133209 -20.445377 -4.768886 14
-20.648109 -20.839977 -4.080286 15
-21.423109 -20.255777 -3.816886 2
-21.053109 -19.592377 -4.480486 14
-20.527309 -19.195177 -5.155086 14
-19.604609 -19.116977 -5.007686 2
-19.684409 -19.423277 -5.898486 15
-20.583309 -19.473377 -6.252286 14
-21.433809 -19.277877 -6.057786 14
-21.809909 -18.339077 -6.142686 14
-22.185909 -17.460377 -6.380086 6
-22.951309 -16.861877 -6.454386 2
-22.680409 -16.221077 -5.830986 3
-23.265309 -15.476977 -6.077386 2
-22.835409 -14.856577 -5.541786 15
-22.206409 -14.578377 -4.934186 1
-22.395009 -14.463177 -4.004686 8
-21.468209 -14.448777 -3.766786 9
-21.447909 -15.382477 -3.824686 9
-21.006109 -16.229777 -4.016786 8
-20.072709 -15.931177 -3.729486 2
-19.577909 -16.387877 -4.488986 1
-18.789509 -16.617577 -4.007186 2
-18.707509 -17.204177 -4.718386 2
-19.543909 -17.588477 -4.397886 2
-20.408609 -17.484477 -4.060586 8
-20.773709 -17.910977 -4.859486 14
-21.485309 -17.650877 -5.407986 14
-21.311909 -16.705277 -5.584786 5
-20.614809 -16.599477 -4.927486 8
-20.421309 -17.181377 -5.688686 14
-19.695109 -16.523977 -5.716586 4
-18.821609 -16.329077 -5.322586 2
-18.434509 -15.456677 -5.077686 3
-17.823009 -15.977777 -5.624386 2
-17.069009 -16.430077 -5.469986 2
-16.979409 -16.078877 -6.401386 3
-16.915509 -17.072877 -6.372686 2
-16.768009 -17.020877 -7.286486 1
-16.225209 -17.697677 -7.769586 2
-16.032709 -18.019677 -8.627686 1
-16.859409 -17.847777 -9.177886 1
-17.111209 -17.477477 -10.045386 7
-16.716109 -18.273377 -10.262786 1
-17.595009 -18.313377 -10.637586 2
-17.368909 -19.162277 -11.026386 3
-16.848609 -19.896477 -10.725086 14
-16.016209 -19.960177 -11.141486 2
-16.542709 -20.686177 -11.518086 8
-15.605609 -20.853277 -11.641886 2
-15.000709 -21.696777 -11.756086 2
-14.398709 -21.544677 -10.992586 8
-13.472909 -21.626377 -11.190186 14
-13.685409 -22.179977 -12.011086 6
-14.166509 -22.859177 -11.523086 1
-13.482509 -23.407977 -11.236386 6
-13.908409 -23.454777 -10.338286 12
-13.721209 -24.398277 -10.080786 1
-13.425809 -24.559777 -9.207786 2
-14.015409 -23.764877 -9.256186 10
-14.355809 -23.842377 -8.322886 8
-14.318809 -24.800377 -8.112886 1
-15.266809 -25.077877 -8.163886 14
-15.507309 -24.396077 -7.529186 1
-16.290609 -24.874377 -7.672086 2
-16.513509 -25.639477 -7.241186 14
-17.451309 -25.537777 -7.092486 1
-17.802309 -25.225877 -6.279886 2
-18.062409 -25.269677 -5.335786 8
-17.677209 -24.427277 -5.491286 7
-16.709309 -24.658977 -5.527286 3
-15.882509 -24.349177 -5.205786 3
-16.473509 -23.577177 -5.036286 9
-16.884509 -23.510377 -5.900486 1
-16.180709 -23.384477 -6.525986 2
-15.282709 -23.729077 -6.674386 2
-14.722109 -23.250077 -6.070086 5
-14.708609 -22.569677 -5.305086 11
-15.327609 -21.847777 -5.375486 1
-15.053009 -20.876277 -5.703386 3
-14.280409 -20.279177 -5.628686 3
-14.201009 -19.253377 -5.479186 15
-13.620909 -18.620677 -5.054586 2
-14.471809 -18.222877 -4.968786 12
-14.494109 -17.411777 -4.400586 8
-15.376709 -17.151577 -4.544686 2
-15.983309 -16.991677 -3.774886 2
-16.019209 -17.552977 -2.996786 5
-16.806809 -18.006177 -2.669186 2
-17.301909 -18.263977 -1.867986 14
-16.803609 -17.908477 -1.143186 1
-16.154109 -17.958877 -0.449986 1
-15.640909 -17.455877 0.195414 2
-14.825109 -17.665877 0.866314 14
-14.994309 -17.291977 1.765214 3
-14.819509 -16.609377 1.169214 2
-13.869509 -16.854577 1.192914 14
-13.379809 -17.030077 2.009614 1
-13.907809 -17.880277 1.944714 14
-13.925109 -18.475077 2.708714 1
-14.348009 -19.234377 2.275914 2
-14.471109 -19.814177 1.514814 1
-14.359009 -19.667777 0.529514 4
-14.382309 -18.737977 0.273714 14
-14.976409 -18.941977 -0.456186 1
-14.983509 -19.516177 -1.250886 9
-15.653709 -19.770877 -1.846286 2
-14.809909 -19.473077 -2.360986 9
-14.883909 -20.238677 -2.986986 6
-14.088809 -20.233677 -3.487986 6
-14.550309 -19.267477 -3.534286 9
-14.998109 -19.062777 -4.452986 6
-15.565509 -18.343977 -3.986486 9
-16.244309 -17.696477 -4.489786 2
-16.997009 -17.294077 -4.812986 2
-17.848109 -17.650677 -4.568586 2
-17.792209 -18.375877 -3.983986 2
-16.948509 -18.682977 -3.636586 2
-16.242009 -19.180377 -3.927586 9
-15.737409 -19.860477 -3.515186 9
-15.542909 -20.728377 -3.820786 8
-14.806109 -21.040577 -4.340886 2
-14.174609 -20.336577 -4.578086 6
-13.340509 -20.020177 -4.269286 14
-13.475309 -19.100177 -4.037486 3
-13.619009 -18.168177 -4.009986 8
-12.747909 -17.987577 -4.333486 8
-12.869209 -17.657477 -3.415986 8
-12.305609 -17.051777 -4.020886 8
-12.011209 -16.266777 -4.637186 3
-12.818009 -16.377677 -5.141786 6
-13.542709 -16.897477 -5.455586 8
-14.201209 -17.226777 -6.086586 14
-14.996109 -17.255777 -5.477686 2
-15.431409 -17.944577 -5.995686 2
-15.734909 -17.155277 -6.430586 2
-14.911109 -17.450377 -6.829886 3
-15.341309 -18.311077 -6.900986 2
-15.047509 -18.684677 -7.721886 3
-14.731909 -19.464677 -7.227686 12
-14.138409 -20.157377 -7.648886 1
-13.205809 -20.514377 -7.675186 2
-12.628209 -19.967577 -8.200386 3
-12.802509 -19.715077 -9.196286 3
-13.520809 -19.142977 -9.562886 14
-14.052709 -19.186977 -10.343386 2
-13.615409 -18.425277 -10.725486 2
-12.739809 -18.083677 -10.949486 10
-12.506509 -17.143777 -11.031086 2
-13.281609 -16.771277 -10.584086 12
-12.700809 -16.344677 -10.030386 1
-12.421909 -15.445277 -10.301686 1
-11.598509 -15.867677 -10.075186 14
-10.679309 -16.046777 -10.285586 9
-10.877509 -16.430577 -9.348586 1
-10.809309 -16.465677 -8.428586 2
-10.532409 -17.104277 -7.682486 3
-11.097009 -17.668777 -7.257386 2
-10.966209 -17.955077 -6.358486 9
-11.327309 -17.754077 -5.457786 1
-11.264009 -18.022077 -4.549086 8
-11.817109 -18.660277 -5.054186 1
-11.975609 -19.045877 -4.135586 8
-11.797009 -19.076177 -3.193886 8
-11.019309 -19.366977 -2.659186 2
-10.026509 -19.461377 -2.896786 1
-9.711309 -18.616577 -3.050486 7
-9.349509 -17.856877 -2.634286 1
-10.043509 -17.203377 -2.871686 14
-10.527509 -17.744877 -3.535586 2
-11.182609 -17.076977 -3.485686 8
-10.832109 -16.480977 -2.836786 2
-11.486409 -15.911677 -3.381986 1
-11.543109 -15.169177 -4.046786 6
-10.519909 -15.284877 -3.972086 2
-10.917509 -14.379077 -4.455186 6
-11.387109 -13.683977 -3.957786 2
-11.118909 -13.049877 -3.339386 3
-11.970509 -13.332677 -3.082086 3
-12.006409 -14.264877 -3.436586 6
-12.805509 -14.697077 -3.028186 2
-13.368509 -14.878777 -2.218386 3
-12.493909 -15.272377 -2.149186 12
-12.657709 -16.156977 -2.560086 8
-12.021909 -16.368877 -1.840286 14
-12.008009 -17.347977 -1.850886 8
-11.587509 -17.896277 -1.106586 2
-12.545509 -17.926677 -0.853286 3
-13.162209 -17.849177 -0.093086 14
-14.164209 -17.773077 -0.314986 14
-13.723709 -18.433177 -0.889186 9
-13.942709 -17.690677 -1.502886 9
-14.276309 -17.229477 -2.299986 8
-14.837409 -16.880677 -1.542386 2
-15.205109 -16.181277 -1.085686 2
-15.303609 -15.602277 -0.280886 1
-15.902109 -14.928277 -0.579586 9
-16.735009 -15.291377 -1.009086 10
-17.654409 -15.144277 -1.183086 3
-18.164909 -15.947077 -1.229786 9
-18.345009 -16.111977 -2.131386 2
-17.982609 -16.984377 -2.064486 1
-17.767709 -17.400177 -2.897686 2
-17.839509 -16.854577 -3.555086 2
-17.706609 -15.998677 -3.128186 1
-17.536809 -15.002977 -3.290186 1
-16.598509 -15.140977 -2.830286 2
-15.811109 -15.645777 -2.487286 1
-15.392509 -16.284177 -3.081086 2
-14.580709 -16.111077 -2.613586 3
-13.638909 -16.403777 -2.774086 8
-13.005309 -16.545477 -3.434486 8
-12.793909 -15.888977 -4.083786 6
-12.871609 -14.918377 -4.127186 6
-13.585209 -14.507377 -3.678486 3
-14.482209 -14.546477 -3.290886 12
-15.064909 -15.283977 -3.496286 2
-14.116209 -15.512077 -3.533286 3
-14.277109 -16.284477 -4.072686 8
-15.222709 -16.100477 -4.240786 2
-15.712109 -15.397777 -4.682586 2
-15.402709 -14.983977 -5.457486 14
-14.444409 -15.075277 -5.494086 6
-14.359109 -16.035677 -5.351586 6
-15.256409 -16.194577 -5.398986 2
-16.163609 -16.118877 -5.847486 2
-15.589709 -15.677377 -6.519186 1
-15.198409 -15.860077 -7.367786 1
-14.872409 -16.250177 -8.152386 12
-15.584909 -16.047877 -8.758786 4
-16.491009 -15.736177 -8.688986 2
-17.243109 -15.233977 -9.052486 1
-16.510609 -15.273477 -9.707586 8
-17.388709 -15.392477 -10.091886 14
-18.327409 -15.013877 -9.916786 3
-19.013409 -14.581077 -9.456586 14
-19.016209 -13.614577 -9.598286 2
-18.473009 -12.805377 -9.387686 2
-18.250509 -11.930977 -8.965886 1
-18.084809 -11.920577 -7.946586 3
-17.966709 -12.806977 -7.572286 2
-18.356209 -13.249177 -6.812086 9
-18.798209 -12.523477 -6.349386 14
-18.999009 -13.448677 -6.067986 14
-18.445609 -13.584077 -5.321586 2
-17.527709 -13.670577 -4.947186 3
-16.673309 -13.965577 -5.206286 6
-16.776409 -14.907177 -4.964286 9
-17.015609 -15.686677 -4.423786 2
-16.904609 -16.420177 -3.841286 2
-16.515209 -16.556277 -2.968986 2
-16.457609 -16.898877 -2.106486 6
-16.017709 -17.730777 -1.957386 1
-15.211509 -17.942877 -2.331886 9
-14.474109 -18.398377 -2.777686 9
-13.481909 -18.137977 -2.767386 8
-13.665309 -19.055577 -2.554086 3
-13.302809 -19.936977 -2.587386 2
-12.438609 -20.040577 -2.182086 3
-11.794409 -19.479777 -1.730886 2
-12.519809 -19.048577 -2.267586 10
-12.308509 -18.098777 -2.553486 8
-11.288309 -17.766777 -2.580686 8
-10.532009 -17.593277 -2.046286 2
-10.511709 -18.328677 -1.481386 1
-9.620709 -18.307177 -1.231686 2
-9.027009 -18.947777 -0.781586 1
-9.343609 -19.658677 -0.214286 3
-9.054809 -19.874077 0.721614 8
-8.786009 -18.964477 0.430414 2
-9.300109 -18.152277 0.485014 3
-10.170409 -18.218977 0.919514 2
-11.045309 -17.984977 0.594114 14
-10.963409 -16.957277 0.694814 3
-11.831709 -17.315577 0.613314 7
-12.733409 -17.559077 0.964014 14
-12.882609 -18.473977 1.228814 14
-12.018309 -18.946877 1.209914 6
-11.510709 -18.516777 1.973414 2
-11.091709 -17.970077 2.704914 2
-11.758609 -18.428877 3.139414 8
-11.604509 -17.760877 3.836414 4
-11.167209 -17.922677 4.680914 3
-11.992409 -17.705877 5.030614 6
-11.510609 -18.234877 5.753214 3
-10.827709 -17.819077 6.367414 5
-9.845109 -17.740177 6.692214 3
-8.989309 -17.668477 7.182814 7
-8.265609 -17.954377 7.808614 6
-7.633909 -17.573977 7.062314 13
-7.432809 -17.139377 7.903314 5
-8.229909 -16.529377 7.981414 1
-8.632109 -16.784377 8.829314 3
-8.763909 -17.568877 9.413914 2
-9.191709 -17.952477 8.646714 3
-9.384109 -18.724477 8.114214 1
-9.754309 -19.140177 7.378014 10
-9.834709 -20.115177 7.227914 2
-9.856309 -20.936177 6.737514 2
-8.950509 -20.830077 6.621114 3
-8.374809 -20.746677 5.884914 9
-9.118309 -21.110777 5.417614 10
-9.054809 -20.353577 4.820414 3
-8.873409 -20.708477 3.933314 9
-8.127109 -21.195377 3.622814 1
-7.151309 -21.405077 3.898514 8
-6.641009 -21.829677 3.202914 9
-6.917009 -22.669177 2.856514 14
-6.329309 -23.523577 2.618114 1
-6.046309 -22.770777 2.197014 3
-5.912909 -22.658677 1.238414 1
-6.246409 -22.586977 0.403114 3
-5.829109 -21.756677 0.166614 8
-6.443709 -21.014277 -0.143886 3
-5.601209 -20.541577 -0.236886 1
-5.302309 -20.431677 -1.175786 3
-4.386709 -20.174777 -1.293486 4
-3.933209 -19.568077 -0.650186 3
-4.326509 -19.510377 0.274214 13
-4.443809 -18.763277 0.833614 12
-5.317109 -18.382177 0.892714 5
-5.935309 -18.991977 0.488214 10
-6.152409 -18.877977 -0.431086 9
-7.100209 -19.234077 -0.350486 2
-7.389409 -18.798277 0.459914 3
-7.012709 -18.988377 1.323414 9
-7.506509 -18.777177 2.136014 3
-7.604309 -18.804877 3.100914 14
-8.492209 -18.552077 2.668714 2
-8.807609 -17.768577 2.381414 1
-9.551209 -17.481377 2.801314 6
-9.805709 -17.085677 1.943814 3
-10.493109 -16.610277 2.418914 1
-11.004709 -16.850577 3.213414 10
-10.990709 -15.959577 3.638014 1
-11.439709 -15.368877 3.072914 1
-11.111909 -15.258977 2.111914 8
-11.099209 -14.530577 1.501914 3
-10.645209 -14.864377 0.668314 1
-11.587109 -14.587877 0.624414 10
-11.994809 -13.746377 0.779914 3
-12.311909 -13.021077 0.304314 3
-13.210109 -13.082377 0.580314 7
-13.345109 -12.608877 -0.294086 2
-13.617609 -11.848277 -0.771586 2
-13.154409 -11.209677 -1.418186 9
-13.340509 -12.125077 -1.842486 3
-14.128609 -12.463077 -1.458986 13
-14.506409 -12.131077 -2.325686 9
-13.759009 -12.513977 -2.914586 3
-14.401309 -12.041177 -3.535186 12
-13.776209 -11.727777 -4.194286 8
-13.109009 -12.368877 -3.922986 3
-12.724109 -13.162177 -3.630086 3
-13.019209 -13.914077 -4.297986 6
-13.021509 -14.467677 -5.064286 6
-14.016909 -14.313877 -4.920286 6
-14.541409 -13.393177 -4.690986 4
-14.228909 -13.332477 -5.605586 6
-14.619809 -12.550077 -5.261786 9
-15.172709 -13.156877 -5.910686 8
-15.626109 -12.407477 -6.371886 10
-15.365609 -12.230677 -7.276686 3
-14.950109 -11.626577 -7.925486 3
-13.973109 -11.638977 -7.817186 10
-13.157409 -11.093877 -8.024486 14
-13.242609 -11.510977 -7.148186 14
-13.257709 -10.777177 -6.465186 5
-12.498409 -11.344177 -6.415586 3
-12.251809 -10.454777 -6.223586 5
-12.869109 -9.892777 -6.673986 9
-12.750709 -9.027377 -6.189886 3
-12.331809 -9.639377 -5.461986 5
-12.676709 -9.103977 -4.761286 9
-12.517209 -10.024477 -4.492286 5
-12.344209 -9.467177 -3.647886 9
-11.582009 -9.261177 -4.194386 4
-10.724309 -9.407077 -3.672086 1
-9.832109 -9.488577 -3.643586 3
-9.587409 -9.157777 -4.480586 4
-8.855209 -9.770777 -4.481486 3
-9.171209 -10.577977 -5.006386 1
-9.250309 -11.432277 -4.556986 3
-8.942909 -12.241877 -4.925986 1
-8.386809 -12.701877 -4.229886 1
-8.400209 -13.219477 -5.057686 3
-9.193609 -13.688377 -5.451786 1
-9.571509 -14.152977 -6.186286 1
-9.750809 -14.708277 -5.460386 9
-10.485909 -15.335477 -5.447786 1
-11.295709 -14.799277 -5.347586 6
-11.606909 -15.280477 -6.104586 3
-12.237109 -14.821477 -6.652786 3
-12.845809 -15.081777 -5.963186 6
-12.180409 -14.449477 -5.679286 6
-12.790709 -13.787777 -6.057486 3
-13.543209 -13.282177 -6.356386 6
-13.814009 -13.893377 -7.029586 10
-13.898909 -13.399177 -7.845186 3
-13.296809 -12.644277 -8.199486 13
-12.691209 -12.180277 -8.822686 15
-12.438309 -11.259077 -8.774486 3
-11.498109 -11.367677 -8.527286 11
-11.237909 -11.474177 -7.600286 13
-10.411909 -11.692077 -7.183486 3
-9.757409 -12.331577 -6.922886 8
-10.149809 -12.052577 -6.155086 12
-10.121409 -12.332777 -5.201086 8
-10.936709 -11.805977 -5.267486 3
-11.131409 -11.767777 -6.228486 9
-10.953609 -10.889277 -5.885286 5
-10.836409 -10.078577 -5.407986 4
-10.194309 -10.438877 -4.841586 3
-11.063109 -10.066177 -4.345586 4
-11.734709 -10.513377 -3.813286 9
-11.607609 -11.356077 -4.233986 3
-12.568709 -11.033677 -4.426686 5
-12.611209 -11.422477 -3.541086 3
-12.786809 -10.458677 -3.335986 9
-13.518409 -10.412277 -3.974786 1
-13.641009 -9.962577 -4.872786 5
-13.732309 -9.508977 -5.687686 1
-14.269909 -10.317977 -5.863986 2
-14.064609 -11.269977 -6.018786 3
-13.366509 -11.812177 -5.702286 1
-12.475609 -11.525177 -5.424586 5
-12.336009 -12.174177 -4.700986 3
-12.256509 -13.112677 -4.559086 6
-12.016009 -13.490777 -5.377086 6
-11.362209 -12.833677 -5.186086 1
-10.990609 -12.484877 -4.285086 3
-10.161809 -12.532677 -3.876686 3
-9.837809 -13.418677 -3.512986 10
-8.964009 -13.777877 -3.734586 1
-8.814209 -12.996377 -3.247286 5
-9.499809 -12.244177 -3.026586 13
-9.813609 -11.355777 -3.315686 3
-10.484909 -10.737377 -3.478886 3
-10.828509 -10.092277 -2.851386 9
-10.741109 -11.008277 -2.462286 3
-11.329409 -10.518977 -1.852286 9
-11.194109 -11.035777 -1.052186 9
-10.734109 -11.799277 -0.708186 14
-10.890609 -12.739477 -0.897986 13
-11.414209 -13.019977 -1.718886 9
-10.881309 -12.300777 -1.919086 10
-11.521509 -12.329077 -2.609486 3
-11.943009 -11.459877 -2.740686 3
-12.521309 -10.718977 -2.276386 9
-13.155009 -11.336977 -2.531486 3
-13.607909 -10.421677 -2.409686 9
-14.243309 -9.866677 -2.952986 6
-14.296309 -8.949277 -2.683386 1
-13.839309 -8.120377 -2.657086 1
-12.815909 -8.408977 -2.713086 9
-12.800109 -8.089577 -3.603286 8
-13.175409 -8.137377 -4.484086 6
-12.472909 -8.223277 -5.349586 3
-11.934009 -7.496377 -5.022186 1
-11.255909 -8.186477 -5.005786 4
-10.657209 -7.432677 -5.081686 1
-10.153209 -8.145177 -4.625286 4
-9.299009 -7.989777 -4.209486 3
-8.461009 -7.889377 -4.656186 1
-8.165909 -8.789577 -4.638686 3
-7.497409 -8.785677 -5.353786 1
-7.264809 -9.395377 -4.620086 3
-6.264709 -9.349777 -4.547186 5
-5.825109 -10.267377 -4.532786 8
-5.778909 -10.046177 -3.517386 5
-5.137909 -10.801577 -3.367886 3
-5.784109 -10.715277 -2.682486 6
-6.570709 -10.977677 -3.170386 11
-6.820509 -10.371977 -2.492386 3
-6.190909 -9.679977 -2.665186 5
-6.669509 -8.885777 -2.237386 10
-7.359409 -9.255677 -2.850986 3
-6.924609 -9.584977 -3.679186 5
-7.361309 -10.451377 -3.852886 3
-7.073809 -10.927677 -4.648386 9
-8.029109 -10.977177 -4.620486 8
-8.367409 -10.563077 -3.800486 3
-8.016309 -11.218077 -3.161986 15
-8.850509 -10.884477 -2.900886 3
-8.541409 -11.401977 -2.142886 12
-8.088609 -10.647477 -1.835386 3
-7.429209 -10.840877 -1.103586 1
-7.798209 -10.377077 -0.386486 4
-8.480509 -10.929677 -0.049286 1
-8.849609 -11.829177 -0.223286 10
-9.041709 -11.422977 -1.075186 14
-9.508009 -10.816077 -1.670686 3
-10.349309 -10.346877 -1.408386 9
-9.964609 -9.585577 -1.935786 3
-9.411209 -9.869877 -1.150286 3
-10.248709 -9.463877 -0.857186 9
-10.676009 -8.623077 -0.797386 6
-11.662709 -8.821377 -1.120586 9
-11.452109 -7.865077 -1.329686 13
-10.876509 -8.324477 -2.005586 9
-10.357109 -7.542377 -1.792086 6
-9.763809 -8.244977 -1.464886 6
-10.012309 -8.673477 -2.335686 5
-9.394409 -9.281277 -2.730186 3
-8.898709 -9.897277 -3.244386 3
-8.369009 -9.242277 -2.741086 3
-8.896509 -8.451877 -2.681286 3
-9.180509 -7.541377 -2.924586 6
-10.005909 -7.047077 -2.708286 6
-10.351309 -7.599577 -3.387486 4
-9.708909 -7.172977 -3.895486 1
-8.752309 -7.070277 -3.834886 1
-9.060209 -6.185177 -3.629786 5
-9.269809 -5.383577 -4.297386 3
-8.773109 -4.584477 -4.338086 9
-7.893009 -4.879777 -4.568186 3
-7.494609 -4.758777 -5.382786 1
-8.180909 -5.523177 -5.489686 9
-8.166309 -6.456877 -5.259886 1
-7.589909 -6.308277 -4.439486 10
-6.992509 -7.025777 -4.147986 13
-7.745009 -7.503777 -3.810186 1
-7.917709 -8.428377 -3.369586 3
-7.033309 -8.327977 -3.730286 5
-6.941909 -7.992377 -2.777886 3
-6.183009 -7.762677 -3.289286 5
-6.180009 -7.118577 -2.562886 8
-6.932309 -6.775377 -3.047586 6
-7.844509 -6.477977 -3.184786 15
-8.133709 -7.265677 -2.653386 3
-8.288209 -6.815977 -1.842786 6
-7.361909 -6.640677 -2.105586 8
-6.826309 -7.003577 -1.465986 8
-7.253009 -7.897777 -1.440586 3
-7.411709 -8.267277 -0.534786 9
-7.958409 -8.851777 -1.196186 3
-7.352709 -9.563077 -1.178986 4
-7.892109 -9.568077 -1.939086 3
-8.364309 -9.872777 -1.167486 3
-8.780109 -9.936677 -0.350086 4
-9.458409 -9.437677 0.101214 13
-10.229209 -9.407277 0.678514 5
-11.011109 -9.624777 0.084614 9
-11.472009 -8.750177 -0.039086 1
-12.116309 -8.531577 0.611214 3
-12.453409 -8.701977 -0.389786 3
-12.402809 -9.571477 -0.811186 9
-12.044309 -9.703977 -1.751486 9
-11.860209 -8.966477 -2.342086 9
-11.784609 -8.565377 -3.232786 4
-11.576409 -7.605877 -3.420686 13
-12.183709 -7.120077 -2.848586 3
-12.970609 -7.158777 -2.316686 14
-13.340009 -7.755277 -1.676386 9
-13.091009 -7.238277 -0.919286 3
-12.357909 -7.245477 -1.535386 1
-12.094409 -6.358677 -1.379186 10
-11.136409 -6.348977 -1.520186 1
-10.189109 -6.177877 -1.698986 3
-9.716009 -6.631277 -0.981586 6
-9.057609 -7.297677 -0.828786 6
-8.634909 -7.987377 -1.432086 3
-8.859109 -8.652277 -0.785086 3
-9.214409 -8.025077 -0.201286 6
-8.620609 -7.848177 0.609314 6
-7.718409 -8.116977 0.759214 1
-8.091709 -8.339977 1.667114 3
-8.200109 -7.648177 2.397414 15
-8.708709 -8.030077 3.184314 3
-8.163509 -8.521577 3.844614 10
-7.472009 -8.286977 4.521414 11
-7.324409 -7.897977 3.543314 3
-7.718409 -7.113877 3.755914 9
-8.622909 -6.979977 3.601614 3
-9.172109 -6.172377 3.529314 6
-9.340609 -5.751277 2.665114 5
-10.073309 -6.244277 3.041814 5
-10.948309 -6.424477 3.294314 10
-11.195309 -6.461677 4.207314 6
-10.273909 -6.545177 4.188314 8
-10.453809 -7.252377 3.578814 3
-10.478209 -7.172377 2.585814 5
-11.088109 -6.448477 2.257014 9
-11.807709 -7.093077 2.213514 3
-11.320109 -7.878977 2.561814 13
-11.546309 -8.777677 2.763714 1
-11.753909 -9.305177 3.532814 9
-12.144809 -9.073377 4.403414 4
-13.006009 -8.608077 4.282214 8
-12.856409 -8.012777 3.566914 4
-12.632209 -7.752877 2.660314 3
-12.833909 -8.621577 2.415514 3
-12.322509 -9.415677 2.258214 1
-12.373009 -9.043077 1.342614 3
-12.998709 -8.356977 1.112014 3
-13.516709 -8.999377 1.512714 3
-13.443309 -9.751377 2.087414 9
-12.990509 -10.605877 1.826814 1
-12.097109 -10.800677 1.828014 1
-12.027009 -10.208877 1.016314 1
-11.234009 -10.621977 0.742714 10
-11.717009 -10.565877 -0.109686 9
-12.657409 -10.306577 -0.217986 9
-13.219909 -10.344077 0.543114 3
-13.820709 -11.102077 1.039414 15
-14.564509 -10.488577 0.905714 5
-13.953209 -9.715277 0.914714 3
-14.666309 -9.572677 1.634814 6
-14.964909 -8.992777 0.872914 3
-15.329409 -8.730777 -0.021986 5
-16.260909 -8.397977 -0.160286 6
-17.236409 -8.269877 0.027714 9
-17.577009 -9.110377 -0.301386 3
-18.109009 -9.635377 -0.948286 9
-17.177009 -9.510677 -1.174286 3
-16.249009 -9.629577 -0.983986 1
-16.096709 -10.340277 -0.294386 5
-16.972609 -10.279577 0.222114 3
-17.456409 -9.810977 0.846614 13
-17.621609 -9.805177 1.811214 3
-17.024009 -10.023077 2.497214 1
-16.115509 -9.981477 2.784614 6
-16.232309 -9.620777 1.924514 3
-15.541409 -9.065877 2.314914 6
-15.652609 -8.273477 1.797314 10
-15.509909 -8.104277 0.809214 5
-14.832109 -7.662777 0.247714 3
-15.279209 -7.127977 -0.410986 13
-15.409009 -6.356677 0.194514 3
-15.267509 -5.413777 0.547214 6
-15.911809 -4.828177 1.123714 4
-16.527809 -5.191077 1.826414 4
-15.965009 -6.012577 1.985414 4
-15.772609 -6.668277 1.274214 12
-15.809109 -7.175877 2.102814 11
-14.888209 -7.176277 2.117214 8
-14.598009 -7.529177 1.306714 3
-14.414209 -8.394877 1.772814 3
-14.434809 -9.082977 2.494414 6
-13.754309 -8.687177 3.029714 14
-14.036609 -7.851977 3.425514 13
-13.794009 -7.145277 2.856314 3
-13.751309 -6.290977 2.454514 9
-13.878109 -6.716677 1.602514 3
-14.101409 -5.853377 1.213614 3
-14.460309 -5.650277 2.111914 9
-15.057509 -5.804177 2.845514 4
-14.523209 -6.551377 3.216814 9
-14.710209 -6.465877 4.138714 1
-15.106809 -7.351677 4.040214 3
-15.434709 -8.230577 4.240514 1
-14.695509 -8.894577 4.182814 6
-15.224209 -9.333377 4.859414 10
-14.686009 -10.099477 4.824714 3
-14.003809 -9.805877 4.190314 9
-14.238409 -9.781977 3.348414 6
-14.911009 -10.478177 3.698214 6
-15.662709 -10.533677 4.300714 1
-15.926209 -10.781277 3.432314 3
-16.784309 -11.294077 3.264614 1
-16.502509 -11.890277 2.617614 9
-16.736609 -11.831577 1.765414 8
-16.623209 -10.876277 1.485014 8
-15.766409 -10.811777 0.986414 5
-16.017409 -11.736677 0.914314 13
-16.125209 -12.622577 0.842014 3
-16.221709 -12.180777 -0.048286 15
-15.580509 -11.709977 -0.574786 5
-16.420509 -11.834877 -1.153286 1
-15.890009 -11.315277 -1.881086 1
-15.486609 -10.705077 -1.354786 10
-15.031109 -9.974077 -0.947386 3
-14.415109 -10.187277 -0.212486 5
-14.198809 -9.257077 0.059314 3
-13.524409 -8.573377 -0.306186 3
-13.530909 -9.218877 -1.017286 9
-13.606509 -9.296277 -1.999386 9
-14.185209 -8.628177 -1.614586 11
-14.960609 -8.110877 -1.811086 10
-14.529709 -8.113677 -0.787786 13
-13.904809 -7.603777 -0.023386 3
-13.620609 -7.438777 0.870614 3
-12.789309 -7.332777 1.131714 3
-12.874909 -6.764677 1.969614 3
-12.827709 -6.475377 2.981014 13
-13.320309 -6.061277 3.759214 9
-13.237509 -5.080077 3.761214 9
-12.400609 -5.330777 4.205014 6
-12.565209 -4.335177 4.174414 3
-11.674109 -4.177777 4.545514 13
-10.830909 -4.686877 4.576614 6
-11.087609 -4.485577 3.708114 5
-11.219209 -4.762277 2.724514 4
-10.898109 -5.307877 1.996014 5
-11.152009 -5.652277 1.112214 3
-10.970809 -6.436577 0.627114 3
-10.363509 -6.672277 -0.125186 6
-10.202309 -7.475477 0.440214 6
-11.071909 -7.955677 0.500714 15
-11.924509 -7.511477 0.679514 3
-11.195209 -7.450477 1.375314 3
-10.347409 -7.099777 1.566614 5
-9.457609 -6.992677 1.295914 6
-9.680309 -6.163377 0.794414 8
-9.366209 -5.847277 -0.089786 6
-9.628109 -4.927677 0.087514 10
-10.620509 -5.093277 0.280714 1
-11.357209 -4.619877 -0.134286 1
-12.271609 -4.933777 0.054914 1
-12.104509 -5.713177 0.464914 3
-11.672309 -6.096077 -0.296886 1
-11.750009 -7.099977 -0.430186 1
-12.408609 -6.689977 0.149614 3
-13.337609 -6.774677 0.072114 3
-13.637809 -5.885477 -0.000686 3
-14.561009 -5.964077 -0.230786 3
-15.026509 -5.732777 -1.018586 10
-14.640109 -4.926677 -0.566586 1
-13.626109 -4.786977 -0.627986 4
-13.516909 -4.515077 0.285714 1
-13.028409 -5.072177 0.922514 3
-12.397709 -4.789577 1.612214 5
-12.697209 -5.700377 1.882414 3
-13.105709 -5.239977 2.680514 9
-13.608209 -4.468277 2.861414 9
-14.157909 -3.705577 2.619714 11
-13.900209 -3.514577 3.487814 14
-14.188009 -3.012177 4.278314 12
-14.210809 -3.828077 4.901514 6
-14.383509 -4.323377 4.084914 3
-14.936009 -4.733677 3.364914 9
-15.739209 -4.278777 3.053514 4
-16.290309 -4.977477 2.772414 4
-17.017109 -5.591977 2.827414 10
-17.276909 -5.244177 3.629614 5
-17.219209 -4.310077 3.199914 10
-17.243109 -4.617177 2.313314 4
-18.179509 -5.134377 2.460414 6
-18.495309 -6.058277 2.456014 10
-18.585209 -5.857177 3.378014 3
-19.517809 -5.710377 3.210014 6
-19.934609 -5.942577 2.317914 4
-20.095109 -6.083877 1.403514 8
-20.355009 -6.147577 0.439614 13
-21.326309 -6.475077 0.300114 9
-21.367209 -7.189677 -0.337186 10
-20.768609 -7.959077 -0.289486 13
-19.983909 -7.571477 -0.640086 10
-19.151409 -7.449677 -1.251286 1
-18.541709 -7.164577 -1.943486 13
-18.158509 -6.914177 -1.148486 10
-17.186809 -6.969877 -1.131386 13
-17.417109 -6.609977 -0.297486 4
-16.732009 -5.926377 -0.404086 3
-17.211009 -5.104077 -0.505086 1
-17.374609 -5.245777 0.393414 4
-17.945409 -5.357477 1.191814 13
-18.152509 -4.518177 1.636314 4
-18.724509 -3.785577 1.759314 3
-18.023809 -3.247477 1.433014 5
-17.262209 -3.522877 1.966114 4
-17.157909 -2.840077 2.663114 1
-16.938209 -1.965877 2.322914 5
-16.273509 -1.387077 2.720614 6
-15.537409 -2.083877 2.686214 13
-15.633409 -3.027577 2.932714 10
-15.211309 -3.709977 2.246414 4
-15.108909 -4.196177 1.448414 4
-14.320109 -3.954777 1.028314 11
-14.944709 -3.882877 0.354914 10
-15.583809 -3.781477 -0.327486 8
-15.719009 -2.973777 0.206514 9
-16.586509 -2.826577 0.684214 10
-16.321409 -3.676577 1.008514 4
-15.848709 -3.073077 1.530814 6
-14.960309 -2.770977 1.287614 11
-14.086509 -2.827677 0.915014 10
-13.413909 -2.530277 1.554614 3
-12.425009 -2.554077 1.541314 4
-11.635309 -3.110977 1.387114 11
-11.323409 -3.878277 0.880414 13
-10.381709 -3.964177 0.575314 10
-9.749409 -4.232877 1.198914 10
-10.038009 -4.703677 1.972714 5
-9.490809 -5.240377 1.319614 13
-9.007209 -6.039677 1.614514 5
-8.468809 -6.195077 2.407014 10
-7.892209 -5.427977 2.397914 1
-7.478109 -6.319577 2.365214 13
-6.665709 -6.837977 2.480114 4
-7.159409 -7.247477 1.768514 1
-6.818209 -7.211477 0.827714 1
-7.544909 -7.361277 0.180414 3
-8.149209 -6.855977 -0.338886 6
-8.371209 -6.089477 0.191614 6
-7.586309 -5.683777 -0.069786 4
-6.989509 -6.111777 0.585714 4
-5.943209 -5.922777 0.717614 12
-5.448509 -5.510377 1.425514 1
-4.660009 -5.540977 1.991614 4
-4.241809 -5.887677 1.117514 10
-3.751509 -6.200977 0.354814 3
-3.787409 -7.018477 -0.182086 13
-2.979709 -7.082277 -0.765586 1
-2.640909 -6.175677 -0.987386 9
-1.890809 -5.662677 -1.161786 9
-1.163409 -5.529677 -0.560886 8
-0.928609 -4.639577 -0.108086 6
-0.701209 -4.281577 -0.991586 4
-0.287209 -3.897477 -0.179686 15
-0.533609 -3.063677 -0.435586 4
0.118491 -2.908277 0.276714 15
0.578291 -3.317877 0.963214 13
1.067191 -3.493277 1.808214 10
0.959791 -3.113577 2.727214 1
1.897891 -3.109277 2.579014 13
2.284091 -3.044877 1.691514 2
2.472991 -3.897977 2.184514 5
2.457091 -4.799677 2.530614 3
2.566591 -4.846277 3.475414 3
1.605391 -4.440277 3.500114 13
1.173091 -5.134377 3.992214 10
0.616191 -4.332177 4.032014 4
0.074391 -3.608377 4.432014 11
-0.575409 -3.688677 3.744514 4
-1.244309 -4.421277 3.773114 6
-1.393309 -5.039477 3.013014 10
-2.164709 -5.722377 3.045414 9
-1.725709 -6.333377 2.352814 1
-1.875409 -6.803577 1.547514 1
-1.693009 -7.760677 1.763314 10
-1.330509 -8.065877 2.588914 4
-1.530109 -8.859777 2.231514 1
-2.016909 -9.593577 1.871214 3
-2.040309 -9.432177 0.823014 4
-1.637909 -10.257777 0.810514 10
-1.187209 -10.506677 0.003214 6
-2.051709 -10.549777 -0.397086 1
-2.316309 -9.762277 -0.855586 1
-2.972209 -9.775677 -1.571786 1
-3.924109 -9.655077 -1.719586 13
-4.402709 -8.850577 -1.820586 11
-5.206609 -8.706577 -2.276286 8
-5.020809 -9.113977 -3.138286 5
-5.132609 -8.288077 -3.575686 5
-4.864609 -7.443677 -3.424286 13
-3.956809 -7.419377 -3.149486 10
-4.426909 -6.674577 -2.775086 1
-4.754609 -7.249777 -2.080086 3
-5.155509 -6.499077 -1.604086 13
-5.738609 -5.710977 -1.208886 8
-6.130409 -5.236677 -0.448686 10
-6.738709 -4.525677 -0.438886 4
-7.646209 -4.417877 -0.331586 4
-8.546909 -4.572677 -0.408686 10
-8.559209 -4.934377 -1.291086 6
-8.211709 -4.114077 -1.616886 11
-7.829209 -3.416677 -2.047986 4
-7.732709 -2.569877 -2.527186 4
-7.931609 -2.503577 -3.485186 6
-8.138409 -1.600977 -3.345686 9
-8.165809 -1.728177 -4.308586 4
-7.590409 -1.890577 -5.119186 5
-7.714209 -2.811477 -4.813386 10
-7.720009 -3.714077 -4.568286 3
-6.925009 -3.570777 -5.147486 15
-6.557509 -2.735277 -5.496186 1
-5.738909 -2.382777 -5.947386 11
-5.039209 -2.381777 -5.314386 13
-5.443709 -3.242577 -5.353486 4
-4.675309 -3.241077 -4.860386 13
-4.649409 -3.867177 -5.668786 13
-4.660109 -4.712977 -6.118886 4
-5.399109 -5.267977 -5.820986 9
-5.482609 -5.340177 -4.826586 10
-6.058509 -6.129277 -4.829086 3
-5.534809 -6.970777 -5.001386 10
-6.373109 -7.446377 -4.914286 12
-6.296609 -8.285277 -5.442986 5
-5.376509 -7.967677 -5.599486 10
-5.961709 -7.638877 -6.290286 6
-6.321809 -8.283777 -6.873486 1
-7.283709 -8.359577 -6.592686 4
-8.185609 -8.412277 -6.278586 13
-8.957309 -9.030577 -6.422286 8
-9.238909 -8.340677 -5.845686 3
-10.137509 -8.467577 -5.641886 4
-10.927609 -8.951877 -5.867286 4
-11.476509 -8.121777 -5.937686 1
-10.945109 -8.364977 -6.771886 15
-10.230109 -7.659377 -6.854786 1
-10.194109 -7.351377 -7.799586 4
-10.694109 -6.652777 -7.321786 10
-10.834109 -5.746177 -7.040986 1
-10.783109 -4.895077 -6.679986 1
-10.836809 -5.068377 -5.767286 3
-10.657309 -5.023377 -4.736086 4
-10.950909 -4.206577 -4.326486 10
-10.693409 -4.313877 -3.365886 1
-10.366309 -3.638877 -2.799186 1
-10.445009 -2.691777 -2.736186 5
-9.968509 -3.048577 -1.959786 6
-9.087309 -3.066877 -1.538086 4
-9.261309 -2.898777 -0.530686 10
-9.536909 -1.988377 -0.473286 10
-8.778309 -1.603677 -0.935786 4
-8.707109 -0.644177 -0.900586 6
-9.554309 -0.549477 -0.631886 1
-9.709809 -0.592777 0.289514 10
-10.261409 0.053123 0.733314 3
-11.056509 0.567223 0.609314 13
-12.031709 0.427823 0.554714 11
-12.119209 -0.362077 -0.042686 13
-12.372309 -1.024577 0.762514 9
-11.379909 -1.244377 0.512714 11
-10.450609 -1.322677 0.797114 6
-10.200909 -2.240877 0.498514 10
-10.052509 -3.056577 -0.016486 10
-10.677009 -3.496177 -0.658986 4
-9.827109 -3.893077 -0.883286 13
-9.815409 -4.652477 -1.465386 12
-9.413109 -5.242777 -2.121886 3
-9.077709 -6.139877 -2.083086 6
-8.246009 -5.813777 -2.552786 4
-7.949309 -5.032577 -3.144786 10
-7.168309 -5.422277 -2.705286 8
-7.156809 -5.283477 -1.675886 4
-6.209709 -5.013577 -1.922686 8
-6.216909 -4.526177 -2.767486 13
-7.084409 -4.132877 -2.553986 4
-7.724509 -3.983677 -3.281586 1
-7.272209 -3.177677 -3.267986 4
-6.622609 -2.884977 -3.947286 1
-5.924409 -2.518777 -4.580286 1
-5.321009 -2.467177 -3.841686 13
-4.627309 -1.968777 -3.420686 13
-4.894409 -1.343577 -2.815186 10
-5.595309 -1.472477 -2.135486 1
-6.015709 -2.295277 -1.944086 4
-5.877309 -3.174377 -2.311486 13
-6.174309 -3.979477 -1.895886 4
-5.333509 -4.331377 -1.496186 3
-4.596609 -4.812677 -1.020686 10
-3.715909 -4.264377 -1.030786 9
-4.485109 -3.773777 -0.707086 5
-4.158509 -3.892177 0.167114 11
-4.726509 -4.067277 0.915814 10
-4.624709 -3.652177 1.805514 15
-4.285009 -4.068177 2.686514 4
-5.183709 -4.253277 2.353514 6
-6.071309 -4.414577 2.761314 13
-7.024509 -4.121677 2.734414 3
-7.447609 -3.364477 2.252414 9
-7.701909 -2.441577 2.067514 10
-8.380209 -2.105077 2.647214 6
-8.807109 -2.791177 2.175814 9
-8.843509 -3.203277 1.328814 10
-8.357609 -3.750077 0.767914 10
-7.387909 -3.888477 0.782114 4
-6.433209 -4.123777 0.514914 4
-6.316909 -4.852177 1.214714 7
-7.111209 -4.774777 1.755014 4
-7.857409 -4.315577 2.133314 9
-8.641009 -4.374077 2.753314 8
-9.179109 -4.977777 3.343614 3
-9.129009 -5.594777 4.429814 13
-8.783109 -4.696777 4.261714 4
-8.009009 -4.088677 4.494314 5
-7.845909 -4.299777 5.431114 10
-8.610009 -4.603277 5.929514 4
-9.156609 -4.224777 5.192814 10
-9.357209 -3.764677 4.372114 1
-9.949309 -3.863877 3.531914 13
-10.231409 -4.018377 2.626314 5
-10.587109 -3.341977 2.066314 4
-9.892209 -2.635377 2.222314 1
-9.618209 -2.119377 1.405714 10
-8.664509 -2.018277 1.368214 10
-9.184909 -1.227877 1.704414 1
-8.454109 -0.520277 1.719514 6
-7.702009 -1.148977 1.648014 1
-8.006109 -1.481577 0.814814 10
-7.108409 -1.186277 0.684814 12
-6.772809 -1.065177 -0.152786 1
-6.552709 -1.340277 -1.035486 4
-6.523109 -0.415477 -1.296186 1
-6.664409 -0.349377 -2.239586 6
-7.165309 -1.183977 -2.168886 3
-7.125609 -2.123477 -1.762086 4
-6.823909 -1.882077 -2.750286 11
-6.120309 -2.562177 -3.040686 4
-5.748709 -3.305377 -3.566486 13
-4.997809 -3.877777 -3.745986 13
-5.815609 -4.468977 -3.879186 3
-5.199009 -4.932677 -3.211186 13
-6.053709 -5.498977 -3.000486 8
-5.662509 -6.197577 -3.488086 14
-4.802209 -6.114077 -3.767486 10
-3.928109 -5.684177 -3.839286 13
-3.039909 -5.990777 -3.987786 10
-2.182309 -6.090977 -3.558986 4
-2.203609 -6.193777 -4.560986 11
-1.884109 -7.099077 -4.701786 4
-1.176509 -6.533477 -4.426686 10
-0.594709 -6.996277 -3.941986 15
0.292791 -6.777877 -4.126986 13
-0.025709 -5.838577 -4.045586 5
-0.761109 -5.321677 -3.719486 10
-1.181709 -5.114377 -2.877086 4
-1.643909 -5.897677 -2.591886 9
-1.088609 -5.551277 -1.873386 4
-0.841209 -6.532977 -1.836786 5
-0.884409 -7.391777 -2.410586 10
-0.563309 -8.008377 -3.170586 4
0.358591 -7.688677 -2.833686 6
0.669791 -7.236577 -2.036986 10
0.459991 -6.253377 -2.109586 6
1.416791 -6.322777 -1.877486 9
1.778691 -6.822577 -1.041286 4
2.066691 -7.609777 -0.551986 13
2.802791 -7.552277 -0.017086 3
3.003691 -7.276677 0.871014 10
3.322391 -6.352377 0.952514 1
2.634491 -5.938777 1.450714 10
2.494691 -6.450777 2.258314 1
2.359091 -7.445977 1.938714 8
2.926491 -8.262477 2.028914 1
3.119091 -9.189977 1.899014 4
3.022991 -9.871277 1.163114 1
3.532991 -9.879477 0.364014 4
4.211491 -10.610677 0.435714 7
3.738991 -10.726977 -0.320186 5
4.481491 -11.093377 -0.978586 13
4.748091 -11.431977 -1.883486 10
4.968691 -11.427677 -2.831586 4
5.637791 -12.011977 -2.518086 11
5.665791 -12.444477 -3.439686 10
5.578691 -11.744877 -4.185786 4
5.780191 -11.242577 -5.004486 4
5.759491 -11.932777 -5.650586 6
4.868491 -11.903677 -5.343086 14
3.909791 -12.083277 -5.328786 4
3.339391 -11.393677 -5.049386 13
2.957891 -11.752977 -4.254086 12
2.224091 -11.162677 -4.461386 11
1.928891 -11.586177 -5.325686 13
1.024891 -11.721977 -5.169586 3
0.176691 -11.970877 -4.765886 10
0.058691 -12.849477 -5.215186 6
-0.724709 -13.465377 -5.388786 5
-1.671909 -13.116277 -5.491786 9
-1.408509 -12.327177 -5.001186 4
-1.267209 -11.644077 -4.310886 1
-2.260309 -11.517677 -4.318286 10
-2.942709 -10.966177 -4.578886 4
-2.771909 -10.031577 -4.334986 5
-3.014109 -9.234977 -3.817486 10
-3.764209 -9.916177 -3.991386 3
-4.058909 -9.093177 -4.565886 5
-3.875609 -8.345277 -3.941686 15
-3.155009 -7.726577 -4.065986 10
-3.006809 -6.960577 -3.499886 10
-3.080609 -6.729577 -2.560186 1
-3.768709 -6.820077 -1.893586 4
-3.528209 -6.039177 -1.380786 9
-3.622809 -5.382677 -2.143186 9
-4.041009 -4.529277 -2.401086 13
-4.135909 -3.733577 -2.919986 13
-3.408509 -3.482877 -2.399986 10
-3.840509 -2.717277 -2.801086 13
-4.165109 -1.939677 -2.388586 1
-4.839809 -2.186977 -1.753686 6
-4.313309 -2.268377 -0.949886 15
-3.963009 -2.852577 -1.602186 1
-4.823009 -3.264777 -1.878386 13
-5.506109 -3.241477 -1.236986 10
-6.399109 -3.439677 -1.077786 4
-7.185609 -3.052077 -1.222786 4
-7.949709 -3.487277 -0.796686 4
-8.405109 -3.074077 0.024414 10
-8.188309 -2.088577 0.063314 10
-7.480109 -2.459477 -0.458486 4
-6.831809 -2.362977 0.213214 4
-6.265509 -2.223677 1.003914 13
-6.580809 -3.072177 1.020814 10
-6.055909 -3.144477 0.169214 4
-5.273409 -2.956277 -0.274086 7
-5.338709 -2.035477 -0.644586 4
-5.302109 -1.236277 -0.148186 11
-4.743309 -0.475777 -0.239586 5
-5.527909 0.080323 0.009614 3
-5.155109 0.737223 -0.593186 6
-4.932309 1.053723 -1.513986 8
-5.413609 1.591623 -2.241886 8
-4.790209 1.311323 -2.949286 6
-4.003809 1.740623 -2.740086 1
-3.624309 1.324923 -2.010686 6
-2.796009 1.342123 -1.508286 1
-2.377709 1.129123 -2.375386 1
-2.215109 0.142223 -2.427386 10
-1.659209 -0.644577 -2.451986 1
-1.400009 -1.390277 -2.973986 4
-1.601809 -0.943277 -3.755086 12
-1.079109 -0.602777 -4.544086 10
-0.698209 -0.970477 -5.402086 10
-1.212109 -1.758877 -5.648286 10
-2.109509 -2.125377 -5.504586 13
-1.982509 -2.094877 -6.497486 1
-2.483109 -2.882477 -6.582786 4
-2.961909 -2.931477 -5.684986 13
-2.356209 -3.604777 -5.417186 13
-1.666209 -4.151777 -5.775486 3
-0.760009 -4.561877 -5.767186 4
0.104191 -4.868077 -5.943886 14
0.495791 -4.955777 -5.044286 5
0.868791 -4.067777 -4.663486 10
0.544691 -4.547977 -3.846686 13
0.561591 -5.275777 -3.221186 15
-0.193909 -4.652977 -2.859586 4
0.698291 -4.257277 -2.864786 10
1.623891 -4.314677 -2.985186 15
1.774491 -4.514177 -2.035686 5
1.105791 -4.178577 -1.422086 10
0.115791 -4.108977 -1.547686 4
0.349891 -3.187277 -1.839686 11
-0.189609 -2.388677 -1.905486 4
-1.116009 -2.193177 -1.663786 4
-1.653509 -1.701677 -0.967486 1
-2.518409 -1.385377 -1.239286 13
-2.982209 -1.120577 -0.446486 7
-2.807609 -0.164777 -0.603786 1
-2.809209 -0.472577 -1.514986 9
-3.536009 -0.505677 -2.138186 10
-4.453809 -0.493277 -1.868586 10
-5.300109 -0.260077 -2.488986 4
-6.098409 -0.435077 -3.056686 3
-5.748709 -0.495077 -4.001586 6
-6.161109 -0.277777 -4.875286 4
-6.111309 -0.993277 -5.525786 10
-6.564609 -0.656577 -6.369586 11
-7.054609 0.189323 -6.073986 9
-8.047009 0.120423 -5.989386 13
-7.962509 -0.819077 -5.811186 5
-8.048509 -1.696177 -6.327686 10
-8.373609 -2.643477 -6.468086 7
-8.704309 -3.469277 -6.631186 13
-8.340309 -4.399177 -6.947386 8
-8.226509 -4.169077 -7.865386 9
-9.114109 -3.601177 -7.954686 10
-9.485609 -4.415777 -7.673386 4
-8.840909 -4.844177 -8.334986 4
-7.963009 -5.186677 -8.138286 8
-7.285009 -5.404277 -7.473186 6
-6.917409 -6.201777 -7.912386 10
-5.917209 -6.353877 -7.942786 1
-5.266209 -6.847477 -7.453986 4
-5.289109 -6.270277 -6.684286 3
-5.501609 -6.323477 -5.751186 10
-4.614509 -5.970677 -5.987186 10
-4.160409 -6.567377 -6.602386 1
-4.503709 -7.474477 -6.887886 13
-3.656409 -7.916377 -6.966786 1
-3.627509 -8.754177 -7.457986 4
-4.289509 -8.797177 -6.723386 1
-4.881109 -8.973877 -5.971786 1
-5.446109 -8.893477 -5.136286 5
-4.899309 -8.373877 -4.550886 5
-4.534909 -7.526577 -4.782586 10
-3.971009 -7.750277 -5.507686 4
-3.771309 -6.848677 -5.227586 10
-3.435009 -5.942977 -4.910286 10
-3.811209 -5.061077 -4.900286 6
-4.627109 -4.589377 -4.616786 13
-3.959109 -3.957477 -4.410386 13
-3.037909 -3.764677 -4.576086 7
-3.592809 -2.975377 -4.687686 13
-3.361509 -2.322177 -4.043186 13
-3.072009 -1.728677 -3.284686 6
-2.168109 -1.992177 -2.955286 4
-2.464809 -2.725277 -3.567986 13
-1.623209 -2.402677 -3.914686 10
-1.642409 -3.148677 -3.307986 4
-2.441309 -3.721877 -3.369886 6
-3.055909 -4.458077 -3.652986 13
-3.009109 -5.188777 -3.019186 10
-2.817409 -4.620177 -2.269886 9
-1.930709 -4.508477 -2.689886 4
-1.904209 -4.886577 -1.801386 9
-1.750509 -3.991577 -1.446786 4
-2.149209 -3.272277 -1.003586 6
-1.830609 -2.967677 -1.849386 4
-1.413809 -3.534977 -2.487186 4
-0.367009 -3.616177 -2.583186 4
-0.554009 -3.176377 -3.499186 4
0.282791 -3.004277 -3.919686 15
0.904391 -2.245577 -3.917986 5
0.050491 -2.045777 -4.338186 10
-0.302309 -2.054177 -3.454686 4
-0.530809 -1.158077 -3.715586 10
-0.350809 -0.914777 -2.764786 3
0.429191 -0.822777 -3.420886 10
0.646691 -0.607277 -2.438886 11
1.497791 -0.260177 -2.963286 1
1.552291 0.702923 -2.938286 1
1.977291 0.677823 -3.796286 1
1.245591 1.168323 -4.193886 7
0.454191 0.652023 -3.988786 10
0.537091 0.043423 -4.665886 10
1.389191 -0.024477 -4.252286 11
1.169091 -0.724277 -4.889486 10
0.842091 -1.660477 -5.046386 10
0.545991 -2.369777 -5.666386 12
-0.184209 -1.877677 -5.300486 10
-0.661709 -2.745077 -5.074586 10
-1.526909 -3.138777 -4.791986 13
-1.664909 -3.969477 -4.317286 4
-2.169909 -4.574577 -4.838186 3
-2.801509 -5.158877 -5.342686 8
-2.511309 -5.373077 -6.259286 10
-3.054409 -4.558377 -6.301586 13
-2.596309 -4.346677 -7.171286 1
-2.651309 -3.579177 -7.719986 4
-2.409009 -3.159977 -8.597986 4
-2.143809 -3.172377 -9.509786 7
-1.807409 -2.561177 -10.174286 7
-1.965309 -2.203577 -11.028086 7
-2.217809 -1.315677 -11.398286 10
-2.288109 -0.810577 -12.248886 4
-2.027809 -0.359577 -13.073086 5
-1.566209 0.424623 -13.083486 4
-1.479809 -0.076977 -13.893286 9
-1.484709 0.742823 -14.370786 7
-1.431809 1.501423 -13.809686 5
-1.301809 1.781223 -12.862686 6
-1.471709 1.063123 -12.275286 1
-2.291909 1.480023 -12.014486 10
-2.155609 0.888123 -11.292286 10
-1.927109 1.490423 -10.545686 4
-2.810309 1.623123 -10.072886 13
-3.568409 1.001423 -10.291286 1
-4.129509 0.535923 -9.671286 12
-4.966809 0.477323 -9.224286 9
-5.285709 -0.393977 -9.144886 1
-4.670509 -1.160177 -9.265786 10
-4.538109 -0.915377 -8.283486 4
-4.908509 -1.262977 -7.447786 11
-5.528309 -0.474577 -7.382586 3
-4.886509 -0.638477 -6.599986 4
-4.676009 -1.626377 -6.442686 11
-4.150409 -1.747777 -5.627286 13
-4.183709 -0.803877 -5.190186 15
-3.410909 -0.465477 -5.628486 4
-2.407409 -0.714577 -5.709786 10
-1.801809 -1.147277 -5.144386 10
-2.312609 -1.694677 -4.495286 13
-2.530809 -0.931577 -4.087586 10
-3.483709 -1.221077 -4.292686 13
-3.359909 -0.570777 -3.616986 5
-3.656509 0.179923 -3.095986 15
-3.049509 0.633723 -3.715886 4
-2.434609 0.904823 -4.406886 10
-2.032809 0.797723 -5.274886 10
-2.819409 1.382123 -5.430486 1
-3.187709 2.189623 -5.148686 1
-3.979609 2.411123 -5.715186 8
-4.185809 3.345523 -5.684386 1
-3.683209 4.048223 -5.980086 4
-2.829609 3.640923 -5.989486 3
-2.148809 2.956723 -6.329286 4
-1.388709 2.503923 -6.710786 7
-0.827109 1.726123 -6.447886 10
-0.020709 2.234723 -6.640286 4
0.115791 1.566123 -5.994986 10
0.568091 2.193123 -5.313586 1
1.235391 2.323523 -4.604786 4
0.461591 1.818223 -4.257086 5
-0.475609 1.978523 -4.452986 10
-0.926609 1.887823 -5.309986 10
-1.678509 2.340123 -4.939586 10
-1.093309 2.804923 -4.292386 4
-1.682309 3.549223 -4.277286 9
-1.449209 4.306923 -4.697986 4
-1.274609 5.096523 -5.399086 6
-1.915309 5.830723 -5.635986 5
-1.851409 5.253823 -6.440386 10
-1.820509 5.426723 -7.456786 7
-2.452909 4.689023 -7.337586 6
-2.727609 4.485423 -8.247786 10
-2.596809 3.491623 -8.219086 7
-1.807309 3.324523 -7.706486 1
-1.079509 3.040323 -8.379286 1
-1.028909 2.377123 -7.749586 13
-1.928609 2.058223 -7.498086 1
-2.277009 1.244623 -7.183386 3
-1.839209 0.882223 -6.388186 10
-2.153309 -0.088477 -6.497486 10
-3.059709 -0.214777 -6.762186 1
-3.181409 -1.182477 -6.673486 9
-3.427909 -2.104377 -6.278286 13
-3.476009 -2.062277 -7.245386 4
-3.352209 -3.034477 -7.141586 4
-3.803209 -3.612477 -6.481886 13
-4.133909 -4.423677 -6.964386 1
-4.073509 -4.627477 -7.861186 7
-3.971609 -3.618177 -7.602586 4
-4.447809 -2.817777 -7.756486 4
-4.681709 -2.754077 -6.797386 13
-5.513309 -3.390777 -6.852086 11
-6.420109 -3.661177 -6.690086 4
-7.048509 -3.006977 -7.028086 8
-6.503909 -2.230577 -7.048986 11
-6.867309 -2.260577 -7.924586 3
-6.208509 -1.466477 -7.694886 11
-7.054909 -1.044477 -7.564986 10
-8.041709 -0.995777 -7.625886 10
-9.020809 -0.862977 -7.769886 7
-8.553609 -1.448577 -8.363286 8
-7.762509 -1.344677 -8.900486 4
-8.028109 -1.836577 -9.683886 10
-7.227309 -1.860077 -10.224186 4
-7.684709 -2.825777 -10.288086 13
-6.859809 -2.762077 -9.794486 5
-6.013209 -2.327577 -9.631086 6
-5.350009 -3.005877 -9.729986 1
-4.479609 -2.808777 -10.065786 10
-4.159609 -2.052377 -9.710486 1
-3.350209 -2.295577 -9.367086 4
-3.091309 -1.353077 -9.460586 6
-2.187409 -1.659477 -9.672186 7
-2.404109 -1.931377 -8.630986 4
-3.263409 -1.674877 -8.282986 4
-2.975609 -0.763377 -8.347786 5
-2.335909 -0.555677 -7.628786 5
-1.402909 -0.593277 -7.347086 10
-0.764409 -0.536077 -8.134386 10
-1.465209 -0.618577 -8.806786 9
-1.431809 0.204523 -9.356286 9
-0.753909 0.181523 -10.009386 15
-0.699909 1.178823 -9.696086 15
-0.966309 0.952023 -8.352786 15
-0.943009 0.377023 -7.530386 10
-1.146409 0.106123 -6.670986 10
-0.444509 -0.163377 -6.092386 10
-0.372709 -0.023877 -5.159486 10
-1.073609 0.487523 -4.783486 10
-1.432809 0.281523 -3.916486 10
-1.242709 0.939823 -3.225186 13
-0.542009 1.166523 -3.819686 10
-0.037609 1.209823 -3.033586 7
0.398691 1.522723 -2.279686 4
1.177491 1.666623 -1.498786 12
0.553291 1.909523 -0.862686 10
1.017691 1.181423 -0.419686 4
0.744091 1.657923 0.417314 12
0.081491 1.488923 1.039614 1
-0.227809 0.898223 1.839314 7
0.395391 0.187323 1.789914 10
1.126491 0.199023 2.394214 3
0.982191 -0.429177 3.133614 7
1.670791 -1.099777 3.245014 1
2.142991 -0.748577 3.998514 1
2.095791 0.014423 3.392514 4
3.057291 0.002423 3.370014 7
3.253791 -0.912277 3.211514 7
3.491991 -1.804677 3.340714 11
3.628491 -1.449777 4.246014 4
3.032791 -2.166277 4.384814 14
3.925491 -2.315777 4.702214 6
4.636191 -2.960977 4.800714 4
5.086691 -3.698577 4.394614 7
4.646991 -4.376177 3.870914 1
5.305991 -4.504777 3.162714 9
5.149091 -4.722877 2.211614 10
5.922391 -5.035377 1.760014 13
5.890891 -5.210577 0.781014 11
5.286691 -4.525777 0.792714 13
4.395691 -4.946577 1.033014 10
3.667091 -4.797277 0.350314 7
3.702891 -4.144877 1.028614 10
3.612991 -3.279577 0.626714 12
3.442091 -3.519977 -0.312686 7
3.368991 -2.574277 -0.194286 10
3.192791 -1.942977 -0.904186 4
3.872691 -1.970677 -1.599486 4
3.518391 -1.894277 -2.523586 12
3.678091 -2.389577 -3.414586 7
3.856391 -2.043777 -4.318186 13
2.973691 -2.453877 -4.491486 10
2.144191 -2.166877 -4.868586 14
1.943991 -1.794077 -5.754186 12
1.898291 -2.701877 -6.054386 12
2.259291 -3.249577 -5.416986 4
3.178891 -3.169577 -5.172186 7
4.025091 -2.669277 -5.114386 10
3.815491 -2.802777 -5.983986 4
4.369291 -3.317077 -6.636586 1
4.087491 -4.238877 -6.561086 1
3.905791 -5.037677 -6.052986 1
3.310491 -5.711877 -6.301986 7
2.376891 -5.885577 -6.683886 7
2.404291 -5.589877 -5.792186 1
1.870891 -6.399877 -5.625186 1
1.296691 -6.980277 -5.096086 10
1.786491 -7.401777 -5.860486 7
1.209691 -8.154077 -5.868386 3
1.723891 -8.958777 -5.779386 10
1.473091 -9.896277 -6.080986 10
0.578791 -9.442777 -5.995686 7
-0.243309 -8.960177 -6.212186 12
-0.996509 -8.668477 -5.629386 1
-0.923909 -8.335877 -6.600086 10
-0.421109 -7.697277 -7.093486 10
0.496091 -7.300177 -7.109186 11
0.333391 -6.667777 -6.438686 5
0.474691 -5.826777 -6.824386 14
-0.357209 -5.872577 -7.343386 9
-1.298809 -5.715877 -7.130886 15
-1.144709 -4.783177 -7.153486 11
-0.623609 -3.896277 -7.354986 4
-0.882209 -2.958477 -7.221286 1
-1.034009 -2.757977 -8.191286 7
-0.923909 -1.762977 -8.282086 7
-1.635109 -1.707577 -7.627686 4
-0.967409 -1.546877 -7.042686 10
-0.333909 -1.302477 -6.377386 10
0.054391 -2.167977 -6.529386 12
0.177791 -2.386677 -7.470686 10
0.087191 -3.175377 -8.035086 7
-0.055809 -3.664777 -8.899386 14
-0.851209 -3.282077 -9.331086 7
-0.818709 -4.224077 -9.679686 13
-0.713709 -5.112477 -9.337886 14
-1.298409 -5.342477 -10.178786 9
-1.860309 -4.565877 -10.254686 10
-1.268709 -3.954277 -10.578386 7
-1.143809 -3.784377 -11.504686 7
-0.694109 -3.180777 -12.089786 15
-0.885509 -2.781677 -12.951986 10
-1.415909 -2.259677 -12.330286 1
-1.040509 -1.829077 -11.541786 7
-1.066409 -0.869877 -11.288186 7
-0.471109 -0.345377 -11.829086 1
0.474391 -0.614577 -12.183286 12
0.905691 -1.336677 -12.532586 1
1.748591 -1.683277 -12.837886 13
1.978591 -0.799277 -12.826386 7
2.654391 -0.160077 -12.567986 10
2.894691 0.767723 -12.265486 1
3.921891 0.711523 -12.252886 4
4.851491 0.931123 -12.377786 1
5.191791 1.251623 -13.176186 4
4.529291 1.886723 -13.524586 10
4.544591 2.629523 -14.257986 1
5.276491 1.974923 -14.600286 10
6.197191 1.936923 -14.989286 4
6.192191 1.263423 -14.279086 4
7.183491 1.378623 -14.201286 10
6.894191 1.746723 -13.344286 6
7.302991 1.164423 -12.755386 7
7.017891 0.292823 -12.255186 1
7.349791 -0.486377 -11.776086 7
8.100491 -0.260877 -12.300186 7
7.951791 -0.606177 -13.170486 11
8.672191 -0.671077 -13.876286 12
8.626591 -0.214677 -14.698186 10
8.048591 0.403223 -15.042686 8
8.322791 1.138423 -14.500486 11
8.343491 1.649723 -13.641586 12
8.926191 1.331823 -12.987986 10
9.176391 0.489923 -12.497586 14
9.613891 0.657923 -11.622286 5
10.514791 0.702023 -11.871786 13
10.735491 1.284423 -10.885786 1
10.639691 2.163023 -11.278386 7
11.121891 2.987323 -11.353286 13
10.281591 2.987223 -11.798986 7
10.051391 3.914523 -11.840886 9
9.871091 4.567823 -11.103686 7
9.361891 3.725123 -11.117886 1
9.119291 3.219423 -10.345486 15
9.002691 2.246323 -10.197286 10
9.739391 2.448323 -9.715086 11
10.190191 2.921723 -9.012986 10
10.620191 2.164223 -8.714086 7
10.946491 2.416223 -7.829686 10
11.308691 1.537123 -8.168686 1
10.611491 1.047523 -7.747586 1
9.928991 0.447723 -8.028386 10
9.104491 0.443623 -7.503486 6
8.693891 -0.067377 -8.240686 16
8.007291 -0.284577 -7.584286 4
7.132291 0.228023 -7.609586 7
6.592391 -0.551677 -7.302086 1
6.065191 0.000823 -6.778086 4
5.954791 0.598023 -6.020686 1
5.794991 1.473623 -5.658986 1
6.017991 2.358423 -5.494986 7
6.613991 3.111523 -5.774286 10
5.785791 3.102323 -6.338986 11
5.507191 3.986723 -6.116586 1
4.996391 3.239023 -5.638386 14
4.807691 3.568823 -4.761786 10
4.019291 3.369123 -4.249486 14
3.829791 2.753323 -4.932586 7
2.875691 2.833223 -4.800686 10
2.538491 3.293423 -5.612586 11
1.962991 2.661123 -5.987786 7
2.177991 1.902423 -6.547286 11
2.158791 1.111923 -6.088086 4
1.280791 0.888523 -6.002286 7
0.348191 0.536623 -5.793486 10
0.590191 -0.084777 -6.519886 10
0.593991 -1.024577 -6.735286 10
1.515491 -1.062677 -6.574486 12
2.254291 -0.439077 -6.253886 1
2.625291 -0.554477 -7.150086 1
2.202491 0.255023 -7.389186 12
2.373091 0.740223 -8.210986 4
1.612591 1.098723 -7.710386 7
0.852791 0.847923 -7.113986 12
0.273991 0.258623 -7.552086 10
0.753791 -0.612177 -7.624786 10
1.350791 -1.373677 -7.458986 12
2.163591 -1.624877 -7.896686 12
2.583491 -0.975677 -8.433286 7
2.469791 -0.116977 -8.848086 13
1.675691 0.424923 -8.928786 9
1.965391 1.039823 -9.639186 7
1.085291 0.592023 -9.830986 4
0.659791 0.710523 -8.983786 15
0.788991 -0.145777 -8.533586 1
0.984491 -0.892577 -9.098886 10
0.203791 -1.364777 -8.916286 7
-0.590409 -1.567777 -9.402786 7
-0.292609 -0.644777 -9.603886 15
-0.186709 -1.177077 -10.376186 7
0.556291 -1.196177 -10.960286 1
0.232391 -1.842377 -11.546586 1
-0.241109 -2.184877 -10.785286 7
-0.612709 -2.452977 -9.946486 7
-0.226909 -3.329377 -10.155886 15
0.516191 -3.106777 -9.580386 7
0.648491 -3.807877 -10.252186 15
0.813491 -4.182177 -9.372686 16
1.663491 -4.561777 -9.340286 1
1.381291 -4.884477 -8.419986 7
1.840691 -4.415977 -7.712486 1
2.221391 -3.461377 -7.453686 10
1.559891 -3.012177 -6.903286 12
1.270491 -2.346977 -7.574086 12
0.977991 -2.852577 -8.358086 1
0.902191 -2.060777 -8.815786 7
1.485091 -2.518477 -9.381086 11
1.392591 -2.138377 -10.302786 7
2.061891 -2.717077 -10.711286 3
2.515991 -2.551177 -9.832786 12
3.038191 -3.394877 -9.570586 10
2.730491 -3.966577 -8.928686 1
3.505491 -3.644977 -8.383586 4
4.445791 -3.851577 -8.542386 7
4.648591 -4.218377 -9.486586 12
5.010691 -5.011477 -9.034886 15
5.577191 -4.689477 -9.705286 9
5.876191 -3.839177 -9.874786 7
5.973991 -2.964977 -10.187886 1
6.880091 -3.270577 -9.957186 16
7.409991 -3.981777 -9.544486 10
8.182891 -3.415077 -9.481586 7
8.027591 -2.709077 -8.879386 5
8.030791 -2.013477 -9.708586 7
8.929591 -1.517777 -9.711586 15
8.815391 -1.990377 -8.806686 1
8.849691 -2.436077 -7.924686 12
9.087891 -3.341777 -7.631986 10
8.476091 -2.870477 -7.036686 1
8.952391 -2.792977 -6.100686 1
8.335691 -2.035777 -6.104086 7
8.531891 -1.628377 -5.218786 7
8.622591 -2.469977 -4.711786 1
8.888591 -3.444977 -4.683286 1
9.613291 -2.959577 -4.887486 1
10.212991 -3.703077 -4.832386 1
10.922791 -3.630277 -5.510186 1
11.402891 -4.154977 -4.760586 15
11.737291 -4.714977 -5.560086 4
12.328291 -5.156677 -4.950186 1
11.885391 -5.198477 -4.125586 7
10.915391 -5.516877 -3.794886 1
11.100691 -5.565177 -2.756386 7
10.758991 -5.027177 -1.986286 10
9.895091 -5.135077 -1.521386 7
9.886291 -4.528177 -0.770186 11
10.447791 -3.814677 -1.151286 10
10.926291 -2.977077 -1.058086 12
11.007991 -3.164377 -0.086186 11
11.278691 -2.246277 -0.213286 12
12.081091 -1.616977 -0.133186 12
12.833491 -2.160977 0.000214 15
12.212891 -2.838177 -0.260586 12
12.103591 -3.761977 -0.624586 10
12.855091 -3.590377 -0.035586 15
13.714091 -3.815177 0.241714 15
14.002391 -4.730977 0.217814 7
13.930291 -5.636377 0.581114 9
13.161291 -5.914977 1.091114 16
12.196591 -5.643377 1.431614 7
12.207491 -4.743677 1.728614 7
12.677591 -4.221277 2.346814 16
12.436391 -4.719477 3.192814 7
12.312791 -4.773277 4.135714 13
12.610891 -4.078077 4.746814 16
12.383591 -4.417377 5.671714 7
12.198391 -5.330877 5.355414 13
11.465791 -5.721077 4.958714 9
11.501591 -5.592377 3.980514 13
11.457491 -5.656777 3.064914 7
11.423791 -5.643277 2.143814 7
11.794091 -6.505877 2.547614 7
12.380391 -6.601677 1.809514 7
12.342191 -7.337177 1.252114 1
11.779791 -7.329177 0.445814 16
11.269491 -7.718377 1.214914 12
10.743591 -7.107177 0.727014 7
10.097691 -7.778477 0.491414 11
9.667491 -7.055477 -0.049986 10
10.322891 -6.564477 -0.479486 7
10.921691 -6.939077 -1.136386 15
10.690591 -7.611277 -0.439586 4
10.630791 -8.541877 -0.053786 12
10.722691 -8.529477 -1.020186 14
10.430691 -7.885277 -1.694486 1
9.879091 -8.376577 -2.339486 6
9.244791 -9.051677 -2.073086 16
9.748891 -9.856277 -1.931286 12
9.407491 -9.705177 -1.055386 15
9.033491 -10.596477 -0.892086 4
8.767291 -10.835377 -0.035786 11
7.877791 -10.785677 0.393114 1
8.033591 -10.173477 1.088314 4
8.483491 -9.289077 0.802914 1
7.953791 -8.552477 0.667914 11
8.292291 -7.677877 1.005114 12
9.253391 -7.862877 1.133914 5
9.493291 -6.991477 1.159814 7
10.175391 -6.611377 1.682714 7
10.429991 -5.694577 1.725914 7
10.137491 -5.089877 1.091414 7
10.688691 -4.298477 0.708714 11
10.948491 -4.447077 -0.178386 10
10.673091 -5.286877 0.169414 7
11.213591 -6.014477 0.526214 7
11.416191 -6.167977 -0.419686 9
12.038191 -5.544077 -0.049786 16
12.025391 -5.377577 -1.011886 10
12.341991 -5.570677 -1.941986 16
12.999791 -5.790777 -2.613486 1
14.028591 -5.756677 -2.796186 16
14.437691 -5.162977 -2.206386 14
14.617891 -4.277577 -1.916686 10
14.093391 -3.560377 -2.332586 7
14.795991 -2.918877 -2.067186 1
14.275691 -3.067977 -1.240186 15
13.396091 -2.958577 -1.513086 15
12.418591 -2.976277 -1.643686 12
11.702791 -3.612277 -2.023686 10
11.627691 -2.917977 -2.704686 16
10.823291 -2.384877 -2.486586 13
10.845591 -2.083677 -1.584786 12
9.932791 -2.067677 -1.961386 1
9.479391 -1.504177 -2.608586 1
8.707891 -1.312577 -2.003786 7
8.420891 -1.584377 -2.845186 1
8.461691 -2.496677 -2.421186 7
7.786691 -2.789277 -1.776886 1
7.540691 -2.034277 -1.205686 7
8.242491 -2.140977 -0.534586 7
9.153991 -2.258877 -0.880886 12
9.621291 -3.158877 -0.901586 13
8.974491 -3.325177 -0.297986 7
8.410791 -3.836277 0.256014 15
9.211391 -4.406377 0.276114 11
9.205991 -5.351877 0.353814 7
8.997591 -6.350377 0.438614 7
8.162191 -6.607077 0.969214 6
7.739091 -6.906777 1.829114 15
8.659491 -6.542777 1.943314 7
8.298791 -5.690777 1.712914 7
8.211691 -5.426877 2.612714 4
8.404191 -5.672077 3.531314 15
7.564891 -5.190777 3.546714 16
7.288091 -4.500777 4.200014 15
6.336191 -4.260777 4.379614 9
6.594291 -4.273977 5.361114 7
5.852891 -3.999777 5.969214 7
5.062191 -4.460777 6.446814 11
5.694691 -4.195577 7.159514 16
5.095791 -4.227277 7.963114 1
4.992391 -5.226877 8.170614 11
5.677691 -5.640977 7.621614 7
6.589291 -5.420177 7.754614 16
6.520591 -5.694877 8.671514 10
7.191691 -6.385677 8.875614 11
7.290991 -6.305677 9.897514 13
8.233291 -6.215177 9.634614 9
9.064891 -6.628977 9.846514 7
9.966991 -6.974677 9.653814 12
10.383491 -6.920077 8.762014 1
10.238191 -7.792177 8.427814 12
10.595991 -8.464077 8.997214 7
11.121991 -8.389777 9.887414 16
11.198691 -9.257577 9.364514 4
11.614591 -9.149577 8.500314 12
12.476791 -8.869577 8.286114 5
12.789091 -7.942277 8.340414 7
13.090991 -8.176277 7.474614 12
12.985591 -7.979177 6.523714 16
12.803791 -8.775277 6.004114 10
13.592491 -9.126777 6.562614 7
13.919991 -9.973177 6.345014 14
13.523891 -10.862077 6.416514 10
12.860791 -10.135077 6.219914 16
12.495791 -10.715277 6.939314 16
12.918891 -10.308777 7.791414 1
13.368491 -11.148577 8.029314 1
12.595291 -11.727277 7.786214 1
11.993691 -12.256477 8.312314 1
11.049291 -12.343677 8.096914 1
10.741291 -12.646777 7.268114 7
11.584091 -12.147577 7.031414 1
11.262191 -11.320077 6.598614 10
10.425491 -10.830877 6.639814 7
9.510591 -10.458277 6.368014 15
10.173491 -9.775977 6.180314 1
10.940991 -9.194077 6.319014 1
11.120591 -8.931577 5.381414 15
10.957291 -9.447177 4.562714 12
10.220891 -9.166477 3.976114 7
9.689691 -8.592777 4.525814 16
9.638691 -7.655677 4.408414 15
9.889891 -6.728077 3.871214 12
10.038391 -5.871077 3.544514 7
9.863391 -4.923477 3.654814 7
9.789091 -4.450777 4.585914 5
10.626191 -3.984277 4.898114 13
10.827891 -3.324477 4.220114 15
11.636091 -3.856277 3.911714 13
10.953591 -4.560877 3.635514 7
10.494091 -4.090177 2.843414 7
10.317091 -3.201377 2.842314 8
10.087291 -2.341177 3.233414 16
10.573491 -2.084977 2.437514 12
11.061991 -2.208077 1.589114 12
10.712391 -3.106177 1.858214 13
10.592391 -3.249977 0.914814 11
10.640691 -2.369377 0.536214 12
9.667491 -2.746777 0.550114 11
9.846291 -2.338377 1.411014 16
10.319691 -1.602477 1.104214 12
9.809191 -0.750877 1.208914 9
9.270591 -0.629577 0.450714 11
8.618691 -0.381877 -0.257486 7
8.066091 0.026723 -0.965686 7
7.691391 -0.034677 -0.084586 11
7.152591 -0.554777 -0.715186 7
6.971591 -1.391077 -0.274086 1
7.887891 -1.377577 0.030414 7
7.707091 -0.729177 0.702714 1
7.836891 -1.146177 1.641014 1
8.252791 -1.870877 2.212414 16
8.477191 -2.155777 3.072314 16
9.061091 -2.987777 3.214914 16
8.256491 -2.996577 3.632614 9
8.650991 -3.882577 3.494614 7
8.260391 -4.243977 2.739514 16
8.692191 -4.629577 1.859714 14
9.469791 -5.033877 2.138914 7
9.535591 -5.902477 2.469414 7
9.256491 -6.720477 2.892114 4
9.767991 -7.477477 2.689914 10
10.512291 -8.033277 2.138014 5
11.177991 -7.323777 2.293814 7
10.879891 -7.338377 3.197714 15
11.222791 -6.634377 3.664914 7
11.572391 -7.010177 4.534414 10
12.128191 -7.808977 4.165414 11
12.812591 -7.164577 4.062214 1
12.799591 -6.781377 3.127814 7
12.868591 -6.151977 3.941014 15
13.189291 -5.491577 3.302214 7
13.533191 -5.630577 2.458614 1
14.378491 -5.360977 2.725214 7
15.065691 -4.821377 2.317814 1
14.310391 -4.267577 2.034214 12
13.842191 -3.521177 1.645114 15
13.409991 -4.397677 1.464314 1
12.704591 -3.860977 1.038314 15
12.083991 -4.420377 0.578814 7
11.665191 -3.583377 0.714514 12
11.250091 -3.931977 1.505614 7
10.614591 -4.545877 1.925114 7
9.783891 -4.064377 2.207114 11
9.286891 -3.233577 2.169614 16
8.769491 -2.706977 1.619014 16
8.065491 -2.415377 1.033714 6
8.752391 -1.849877 0.598914 13
9.520991 -1.637477 0.013614 12
9.312991 -1.241377 -0.793786 7
10.252091 -1.161077 -0.952786 12
10.014791 -0.700177 -1.809286 7
10.739191 -0.343977 -2.402086 13
11.278191 0.003823 -1.621186 16
12.060191 -0.550377 -1.479486 1
11.683791 -1.367177 -1.990586 12
12.238991 -1.490677 -2.716586 8
12.720691 -1.401577 -1.913486 9
12.551491 -1.366577 -1.000386 12
13.457691 -1.780577 -1.013686 15
14.329491 -1.785177 -1.436186 4
14.886191 -1.386277 -0.790886 11
14.456791 -2.156877 -0.417586 15
15.032491 -2.898977 -0.131686 7
14.353491 -2.959377 0.577514 15
13.905491 -2.126777 0.452714 15
14.134691 -1.217677 0.546614 16
15.079591 -1.020477 0.420914 7
15.828991 -0.452377 0.486814 11
16.185691 -0.429477 -0.372186 11
16.875191 -0.342077 0.313214 7
16.711191 0.512523 0.574914 11
17.455191 0.465523 -0.134086 1
18.160391 0.145623 -0.673486 7
18.694691 0.978023 -0.547286 1
18.692891 1.206823 -1.498286 16
18.598091 2.130623 -1.765786 1
18.548491 2.308323 -2.725186 7
17.627291 2.363223 -2.385586 1
18.005491 3.299923 -2.368486 1
18.619091 3.536923 -1.592986 7
18.266691 4.502523 -1.836386 1
17.345091 4.217023 -1.931686 1
17.194791 4.258823 -0.962586 1
16.433291 3.664623 -0.978786 7
15.591091 3.286423 -0.693986 7
14.741191 2.791823 -0.934586 16
14.183891 2.055923 -1.027186 16
13.859791 1.186723 -0.759986 7
13.327991 0.937323 -1.503686 12
12.701791 0.596123 -0.811786 5
11.854891 0.228523 -0.537786 15
11.594091 -0.654977 0.006014 12
10.907191 -0.328177 -0.538886 12
9.997191 -0.069177 -0.710986 7
10.095191 0.758323 -0.213786 15
9.307591 0.435323 0.273514 16
8.981691 0.567523 -0.691986 7
8.626291 1.211823 -0.047586 14
8.741191 1.602023 -0.900186 7
8.424491 2.492823 -1.151086 11
7.988691 3.141823 -1.683986 11
7.889091 2.935723 -2.756186 15
7.243791 3.440823 -3.405486 16
7.078891 2.696423 -3.946986 1
6.349191 2.229523 -3.473586 1
5.513891 2.192623 -3.943786 1
5.380991 3.170523 -3.651486 12
4.712891 3.718123 -3.173786 16
5.016691 3.460123 -2.228686 7
4.396091 2.734023 -2.355286 11
4.194491 1.819223 -2.335586 12
4.932291 2.119423 -1.797786 12
5.629891 1.844323 -1.191186 1
6.235091 1.686923 -0.491586 13
6.407891 1.119723 -1.310186 7
6.924591 1.928923 -1.546786 8
7.542591 1.297123 -1.248286 7
7.543291 0.942323 -0.366986 13
6.775891 0.404823 -0.506886 7
6.012291 0.061023 -1.035986 12
6.423391 -0.606277 -1.615386 8
7.376791 -0.860277 -1.771486 7
8.145291 -0.209977 -1.954686 7
7.769791 -0.637477 -2.709786 15
7.754591 -1.106677 -3.598786 12
7.078391 -1.454877 -4.164486 16
6.440791 -1.807477 -3.507186 9
5.512991 -1.498577 -3.261386 5
5.691591 -0.553777 -2.947186 12
6.397391 0.119423 -3.150386 1
6.706591 0.819923 -2.547886 7
7.591291 1.100723 -2.253586 7
8.196091 1.750723 -1.895886 11
8.676491 1.292523 -2.650386 7
9.533191 1.665823 -2.232286 11
9.767391 0.931823 -2.876786 1
9.254291 0.244023 -2.303786 7
9.598091 0.621023 -1.514186 7
9.767091 1.479523 -1.029886 15
9.588591 2.412223 -1.198586 11
9.922791 2.773923 -2.038786 11
10.551991 2.532423 -1.333586 15
10.828691 3.343323 -1.724286 7
10.994091 4.255323 -1.281686 1
11.515491 3.936423 -0.585486 15
12.160991 3.805523 0.103814 16
12.138691 4.786123 0.363714 14
12.377691 4.280423 1.120414 16
13.016591 4.140223 1.815214 16
13.385191 4.374623 0.907214 16
13.384591 5.200123 0.381714 7
12.737891 5.829923 0.485114 1
11.983391 6.425223 0.587114 1
12.301491 7.335223 0.405614 12
11.803591 7.160423 1.233214 1
11.204291 7.753823 1.741214 1
11.206991 6.858723 2.190914 16
10.880491 6.310223 1.375514 1
10.947991 5.455923 0.773614 1
10.823991 4.487723 0.774214 10
10.908391 3.638423 0.496214 15
11.816391 3.226123 0.885414 16
12.150391 2.645523 0.246214 16
11.348091 2.062923 0.348914 15
10.637791 1.471023 0.665914 15
9.931891 1.813023 1.231514 1
10.112491 1.296723 2.031714 1
10.811991 0.714723 2.540114 1
9.972191 0.552923 2.942514 12
9.378991 0.014423 2.323814 1
9.821691 -0.782477 2.370814 12
9.653091 -1.326077 3.078014 16
10.143491 -0.712877 3.603314 5
11.031791 -1.040677 3.240014 12
11.628791 -0.671177 3.875514 15
11.833391 -0.057477 3.197114 7
12.039391 0.815623 2.678014 8
12.755991 1.446723 2.741414 16
13.621491 1.408323 3.188314 11
14.042591 1.866623 2.513414 16
13.986091 2.764923 2.208014 16
14.867091 3.199223 1.973814 16
15.188691 4.000023 1.447914 8
15.585691 3.368923 0.723214 13
14.686191 3.047923 0.951714 16
15.121291 2.229723 0.540114 16
14.996891 1.734923 -0.290286 16
14.960491 0.816423 -0.777286 11
15.816091 0.360023 -1.044786 11
16.453491 0.924623 -1.413986 16
16.127291 1.634023 -0.920086 1
16.065491 2.193923 -0.088486 1
16.056591 1.445523 0.611414 11
15.735691 1.661923 1.540714 16
16.438691 2.283123 1.961914 1
16.159191 2.354423 2.925814 1
15.220691 2.436723 2.937414 1
15.026491 1.612923 2.512914 16
15.454191 0.807223 2.150614 11
15.644591 -0.147477 2.135114 11
15.119691 -0.774577 2.756914 1
15.784291 -0.311677 3.386814 1
16.352691 -0.335577 4.163614 1
16.372091 -1.236677 4.478814 7
16.014391 -2.099177 4.339314 16
15.496191 -1.426177 3.875014 16
14.723091 -1.443177 4.425514 12
13.974091 -0.955377 4.102514 16
14.057491 -1.933177 3.779114 5
14.893991 -2.142377 3.287814 16
14.229091 -2.378077 2.702114 15
13.213591 -2.453777 2.839014 1
13.059691 -2.630477 1.898214 15
12.286191 -3.026277 2.209914 16
11.711891 -3.522377 2.763314 7
12.190791 -2.921877 3.204214 5
11.334291 -2.414777 3.207114 11
11.605391 -1.701477 2.638814 16
11.910091 -1.731277 1.716414 12
12.468991 -1.632177 0.941814 12
13.303991 -1.800977 1.365314 15
13.976191 -1.116877 1.627414 16
13.856891 -0.225577 1.778914 1
13.949791 0.340423 2.579114 15
13.632491 0.255023 3.457814 16
13.140691 0.900023 4.056714 13
12.759291 1.732923 3.749214 7
12.218991 2.414123 3.350114 1
12.560491 2.567423 2.494614 16
13.089391 2.911823 1.780714 16
12.326991 2.490623 1.333614 16
11.758491 1.846623 1.828214 1
12.323391 1.140423 1.477514 16
11.849691 0.657023 0.779814 15
11.031791 0.820323 1.380914 1
10.331791 0.200323 0.937414 11
10.909991 -0.562477 0.863614 12
11.740091 -0.642877 1.319114 12
12.285191 -0.741477 2.144614 1
12.706691 0.017623 1.689214 1
13.288191 0.740523 1.864214 16
14.201591 1.033823 1.713214 16
14.779491 0.244323 1.694514 11
14.864191 -0.030677 0.672714 11
14.479791 0.489223 0.052514 11
14.889291 1.152023 0.635014 11
13.994291 1.705223 0.698114 16
13.760691 2.579123 1.056314 16
13.106691 2.219723 0.542814 16
13.227791 1.386823 -0.025486 12
12.286691 1.465623 0.125114 15
12.690791 2.142223 -0.535186 1
11.684591 1.993423 -0.651086 15
11.133491 1.487823 -1.235286 15
11.889991 1.194423 -1.745586 8
11.962891 1.423023 -2.640786 5
12.639191 0.864423 -3.114686 8
13.468291 0.643623 -3.699986 5
13.543891 1.456523 -4.205986 12
13.327591 0.890323 -4.935486 16
12.697791 0.340423 -5.464386 8
12.984791 1.223523 -6.000186 1
13.023391 2.183223 -6.055986 16
13.814491 2.190423 -5.494086 7
14.542091 2.384423 -6.102286 1
14.257091 3.204523 -6.524086 16
15.169791 3.464123 -6.202086 12
16.095191 3.677223 -6.261486 13
16.767291 4.406223 -6.051486 1
16.687391 5.189023 -5.454086 1
16.540991 6.154023 -5.163486 16
15.991991 5.747023 -4.453486 16
16.029391 5.502123 -3.486086 1
15.487191 4.724423 -3.493286 1
15.295791 4.577023 -2.591086 14
14.699991 5.360123 -2.712586 1
14.134391 4.828623 -3.279186 9
14.128891 3.911123 -3.478786 7
14.070091 3.645023 -2.550986 1
13.731891 2.760723 -2.308386 12
12.974091 3.332323 -2.107986 8
13.298391 4.222323 -2.094186 11
12.939891 4.243723 -1.214786 16
13.599691 3.570223 -1.082886 7
13.151991 3.299523 -0.292186 16
13.824091 3.681023 0.230814 16
14.415991 4.199023 0.728214 15
14.249791 4.733323 1.509614 16
14.021791 5.137023 2.417414 1
13.983791 4.105623 2.509514 16
14.527191 3.849723 3.300614 7
14.001191 3.167123 3.613714 16
13.998791 3.618123 4.421214 5
13.259491 4.110123 4.728314 5
13.372891 4.263623 3.752014 16
12.918091 4.956523 3.240214 15
12.081891 4.685223 3.464714 12
12.242891 3.913023 2.955014 16
12.245191 4.535123 2.204714 16
11.320391 4.614423 2.498714 1
10.812691 3.800523 2.495114 12
11.163391 2.971723 2.112214 16
10.580691 3.013923 1.310914 11
10.369891 2.658123 0.468814 15
9.875291 2.773923 -0.323586 15
8.869491 2.876923 -0.302986 1
8.819091 3.819523 -0.343586 11
7.952891 4.164823 -0.218286 16
8.391191 4.501123 -1.021686 1
7.909191 4.188423 -1.800986 1
8.597491 3.679423 -2.302686 11
8.124191 4.017123 -3.110686 16
7.761491 4.658323 -3.831586 16
8.095491 3.928323 -4.330486 1
8.494991 4.206923 -5.139886 1
8.580791 4.842723 -5.808186 1
8.193191 5.425723 -5.009586 7
8.503291 6.376523 -5.256486 1
8.517991 6.374123 -4.303286 16
8.959891 7.118623 -3.912286 1
8.565491 6.917423 -3.091286 16
8.275991 7.791423 -3.274186 12
7.323191 7.627723 -3.077186 5
7.070191 7.388623 -3.938886 7
6.311391 7.966523 -4.155886 16
