-37.858317 -4.484976 -16.956234 1
-37.537817 -3.710376 -16.488634 2
-36.998817 -3.704776 -17.341534 1
-37.011717 -2.890576 -17.953334 2
-37.197017 -2.057476 -18.374034 3
-36.393917 -2.236876 -18.949334 1
-36.098717 -1.476276 -19.604334 14
-35.422367 -1.121176 -20.190734 16
-34.896587 -0.637076 -19.618634 1
-34.304917 -0.500376 -20.357334 1
-34.392627 -0.908576 -21.226434 12
-35.072567 -0.368076 -21.573734 1
-35.158057 0.589724 -21.725734 1
-34.249857 0.795624 -21.651534 1
-33.601777 0.704124 -22.352434 4
-33.858297 -0.254176 -22.616734 13
-33.257317 -0.341676 -23.466134 2
-32.868167 -1.063476 -23.043034 9
-32.245187 -0.818276 -22.384134 1
-32.732507 -0.063576 -21.875634 1
-32.547457 0.707124 -22.435434 5
-32.249037 1.542124 -22.441934 11
-31.780007 1.681524 -23.236934 8
-30.887627 1.469824 -23.522734 14
-30.178407 1.788624 -24.142434 2
-29.325177 1.888224 -23.755034 15
-28.810927 2.300024 -23.081534 8
-29.340277 1.941824 -22.337734 9
-28.936477 2.663824 -21.872934 2
-29.332747 2.881924 -20.923334 15
-29.290257 2.113624 -20.257834 14
-28.665037 1.966824 -20.977434 2
-27.939667 2.486424 -21.276734 2
-27.557357 3.212424 -20.760934 6
-27.085127 2.416624 -20.515634 14
-26.418515 3.059724 -20.433934 6
-25.842066 3.771524 -20.795434 6
-26.114051 4.137824 -21.649434 12
-26.858727 3.721024 -22.007534 2
-26.186319 3.632424 -22.678134 14
-26.703736 3.022224 -23.166834 2
-26.958207 3.896524 -23.526934 14
-26.391279 4.185924 -24.202034 14
-26.252619 3.166524 -24.385734 1
-25.972965 2.940024 -25.337634 8
-25.094924 3.223824 -25.590534 2
-24.827119 2.732024 -24.739134 3
-24.240347 3.463724 -24.725034 2
-24.869856 4.125024 -24.394034 5
-24.682527 5.029124 -24.498734 2
-23.790277 4.537624 -24.481434 7
-23.630327 4.242324 -23.545134 5
-22.649897 4.254324 -23.875834 2
-21.873007 4.681424 -23.667034 11
-22.173277 5.614724 -23.748334 1
-21.807367 5.813824 -22.882034 1
-22.552177 6.142624 -22.350534 2
-23.371627 5.665724 -22.087534 2
-24.057457 5.425324 -22.667734 2
-24.508937 4.813724 -23.266334 5
-25.31139 5.358424 -23.518434 14
-26.140293 5.312324 -24.093234 14
-26.069176 4.799524 -24.991434 2
-25.527291 4.152424 -25.451934 1
-25.967775 3.880724 -26.247134 8
-26.792277 3.763024 -26.676634 8
-26.952517 4.634824 -26.288234 9
-27.691557 4.641424 -25.687034 15
-28.184197 3.773224 -25.738334 14
-27.554457 3.312924 -25.147634 2
-27.710467 2.363924 -25.554034 14
-27.664357 1.632324 -24.968934 1
-28.527817 1.231924 -25.130534 9
-28.102587 0.351424 -25.133634 1
-28.993827 0.281624 -25.466334 1
-29.933187 0.228624 -25.434134 2
-29.655037 1.041324 -25.790134 14
-29.642187 0.454424 -26.531234 2
-29.756367 0.246524 -27.468834 1
-30.098697 1.021524 -27.964234 14
-29.523317 1.492424 -28.557134 2
-28.562317 1.584224 -28.517234 1
-28.419767 1.798724 -27.583434 12
-28.062947 2.255524 -26.828834 11
-27.253817 2.653524 -27.007334 8
-26.437625 2.247124 -27.296034 8
-25.526066 2.023424 -27.419834 15
-25.063218 1.214324 -27.603334 6
-25.331202 0.892224 -28.521034 2
-24.738783 0.303124 -28.122034 10
-24.745952 -0.536276 -28.584234 1
-25.291591 -0.497276 -27.820834 1
-25.730576 0.059824 -27.080534 2
-24.910122 -0.010076 -26.599534 14
-25.619771 0.285324 -26.032934 1
-25.516664 0.157224 -24.984134 1
-25.340118 0.250024 -23.953634 1
-26.24538 0.707524 -23.972234 1
-25.896154 1.413924 -24.508934 2
-25.754798 2.111124 -23.853334 1
-26.341352 1.706924 -23.271134 3
-26.795327 1.910224 -22.403134 7
-27.664887 1.650724 -22.181534 1
-27.248707 1.644124 -21.349534 2
-26.344124 1.290824 -21.018534 1
-25.389148 1.514424 -20.969634 5
-24.702847 2.158224 -21.359634 11
-24.260557 2.286324 -22.240834 2
-24.697007 3.217824 -22.341634 5
-25.233368 4.024224 -22.393934 5
-25.201953 4.977424 -22.266834 2
-26.140883 5.123324 -22.247434 14
-27.051137 4.919624 -22.589034 14
-27.398277 5.789224 -23.039634 14
-26.881767 6.104824 -23.785734 14
-26.473673 5.651924 -23.078534 14
-25.794135 6.098124 -22.453834 14
-25.573038 6.963124 -22.679734 14
-24.650007 6.993124 -22.852734 2
-24.215107 6.655824 -23.740634 2
-24.712727 6.512924 -24.597934 1
-25.16354 5.949324 -25.367734 2
-25.976229 5.512224 -25.729334 15
-26.032085 5.697024 -26.616634 8
-26.592877 6.314424 -26.140534 2
-27.192627 5.701324 -26.424734 15
-26.820827 5.266724 -27.198834 2
-26.863997 5.000324 -28.102034 9
-26.750177 4.385424 -28.813934 6
-26.609944 3.855524 -27.991734 8
-25.682316 3.943324 -28.111534 8
-25.703541 4.892524 -28.304934 15
-25.439383 5.845524 -28.325434 2
-24.594097 6.057024 -28.052034 2
-24.348417 5.151124 -27.759034 1
-24.154417 4.464824 -27.148934 9
-25.015376 3.967624 -27.348434 8
-24.140827 3.495124 -27.492534 2
-23.689597 3.649524 -26.662634 12
-23.062347 4.324424 -26.410934 2
-22.317027 3.512224 -26.307534 8
-22.270337 2.545324 -26.111834 1
-22.871427 1.780124 -26.144134 2
-23.466777 2.467324 -26.441734 6
-24.375607 2.749624 -26.649434 3
-25.297818 2.652324 -26.467234 8
-25.863794 1.919324 -25.939734 14
-25.069946 1.609624 -25.473734 2
-24.656857 1.302024 -24.679134 12
-23.979257 1.995324 -24.254634 14
-24.463247 2.683624 -23.775134 5
-23.749057 3.262724 -23.832634 1
-23.746947 3.169024 -22.918434 5
-23.129307 3.270124 -22.208034 11
-23.251767 4.012024 -21.597534 5
-23.312867 4.845924 -21.067634 2
-23.623117 5.805324 -20.960734 2
-24.571157 5.828224 -20.724134 2
-25.135517 5.923424 -21.452534 1
-24.259457 6.193124 -21.765034 2
-24.172387 7.183724 -21.955534 2
-23.941527 8.119904 -22.128434 1
-24.589147 8.080324 -22.880534 1
-24.909836 8.997944 -23.024134 1
-25.662753 8.860794 -23.602734 6
-26.291075 8.254204 -24.124934 2
-25.668699 7.472934 -23.889634 14
-26.540742 7.108624 -23.958634 14
-27.449177 7.421594 -24.334634 3
-27.549317 6.496024 -24.546634 2
-27.964817 6.071624 -25.320534 15
-27.761607 5.454724 -24.532034 15
-27.820357 4.498124 -24.397534 14
-28.586387 4.951224 -24.023634 6
-28.618787 5.441524 -23.209134 15
-28.735007 6.302324 -22.852134 2
-27.866657 6.424924 -22.311434 14
-27.708657 6.730224 -23.248434 14
-27.441237 7.667014 -23.100334 2
-26.483267 7.904024 -23.098534 14
-26.764167 7.960164 -22.194934 2
-26.716115 7.079924 -21.823734 14
-26.515876 7.449714 -20.959734 8
-26.035003 7.346284 -20.134334 8
-25.305366 7.093524 -20.814534 2
-24.656437 7.744174 -21.213634 2
-24.923585 8.537674 -21.761034 9
-24.610967 8.808754 -20.844934 5
-25.388165 9.391884 -21.069934 1
-26.18959 9.847174 -20.839734 1
-26.172632 9.085814 -20.319934 14
-25.721118 8.506334 -19.629534 8
-24.90646 7.936704 -19.711934 9
-25.222047 7.136524 -19.375034 8
-24.763735 6.537024 -19.977634 2
-23.916057 6.091424 -19.969134 2
-23.770577 7.027724 -19.740234 2
-22.925177 7.443484 -19.830834 1
-23.124657 8.202164 -20.443834 14
-23.299737 7.557574 -21.122234 2
-22.685417 8.324564 -21.438334 3
-22.000687 8.182934 -22.146434 1
-22.097587 7.268564 -22.395434 7
-23.064067 7.334444 -22.382834 2
-22.950987 7.076524 -23.341534 2
-22.737307 6.608924 -24.226934 4
-21.999387 7.149524 -23.749434 3
-21.777967 7.902474 -24.243634 2
-22.470677 8.137674 -23.677334 1
-22.271687 8.966674 -23.263134 1
-22.397227 9.288034 -24.200734 1
-22.399697 9.765604 -25.060934 12
-21.801487 10.177144 -25.732834 2
-21.063497 10.632544 -25.282334 14
-20.906277 11.607404 -25.504534 1
-20.516617 12.495144 -25.353034 2
-21.150847 12.989744 -24.828134 3
-22.042527 12.876164 -24.467834 2
-22.600587 12.847484 -23.622334 10
-23.473507 12.897094 -23.241434 14
-24.340887 13.197324 -23.678034 6
-24.093267 12.708684 -24.515734 8
-23.672037 11.885364 -24.952034 2
-23.431367 11.411724 -24.129934 6
-23.440787 11.651644 -23.201534 8
-24.114997 12.084074 -22.652534 1
-23.926847 11.291664 -22.087234 2
-23.594027 11.271734 -21.172134 1
-23.188517 11.787964 -20.535034 2
-22.959617 11.227424 -19.755934 9
-22.434637 11.100664 -18.857734 7
-22.835307 10.243954 -18.653934 2
-23.319737 9.551224 -18.070134 14
-24.193907 9.573854 -17.673434 3
-23.819937 9.143394 -16.871434 14
-24.670007 9.371144 -16.518034 1
-25.278534 8.668764 -16.710834 3
-25.977092 8.359454 -17.338634 1
-26.460324 8.438124 -18.180134 8
-27.191937 8.212554 -17.679834 8
-28.100037 8.466404 -17.378634 2
-28.218197 9.204094 -16.699934 12
-28.584327 9.389484 -15.800134 5
-28.284457 10.068464 -15.143934 2
-27.533447 10.094474 -15.733934 1
-26.841197 10.507714 -16.260634 2
-25.903838 10.251294 -16.164134 3
-25.175267 10.146844 -15.584434 3
-25.332605 10.681934 -14.771534 2
-24.494357 10.204614 -14.382634 2
-24.368157 9.389704 -14.855034 8
-23.675247 8.640794 -14.719634 15
-22.806267 8.445004 -15.108934 14
-22.820947 8.144054 -14.183334 5
-22.702827 8.861604 -13.590234 11
-22.596437 9.637324 -12.996934 1
-23.290037 9.877014 -13.581234 2
-23.482577 10.576484 -14.172034 1
-23.794227 11.449314 -14.337634 4
-24.506257 11.386634 -15.009134 2
-23.735407 11.318434 -15.657234 3
-23.671327 10.850174 -16.527134 1
-23.156097 10.070514 -16.646734 14
-22.369587 10.340964 -16.166834 2
-21.915687 9.490634 -16.470234 14
-21.261617 9.398784 -15.799934 1
-21.210347 8.771264 -15.012134 1
-21.767227 8.456204 -15.750034 1
-22.153987 8.316214 -16.703434 14
-23.199217 8.205764 -16.849734 14
-22.850557 7.321694 -16.738234 2
-23.782737 7.272424 -16.431034 9
-23.820347 6.419824 -16.816234 2
-23.111477 5.788824 -17.009934 2
-23.608857 5.429024 -16.214534 9
-23.810297 5.574124 -15.273534 9
-24.391047 5.975424 -14.630734 6
-24.855465 5.315924 -15.045734 9
-25.383879 5.173224 -14.170034 9
-25.921257 5.887824 -13.802734 2
-26.735097 5.472424 -14.165534 6
-27.092547 5.751424 -15.001534 2
-27.345627 6.539424 -15.365434 2
-27.819467 6.912024 -16.219734 9
-28.140527 7.151924 -17.124334 6
-27.345507 6.841324 -17.715034 8
-26.784087 6.712424 -18.509234 8
-27.360567 7.593834 -18.705334 3
-27.148207 6.876224 -19.362234 8
-27.728547 7.160824 -20.084334 14
-27.844457 6.260224 -19.776134 8
-27.741837 6.070324 -20.724334 3
-26.851417 6.113424 -20.230934 8
-26.832607 5.288624 -20.806534 6
-26.246854 5.998924 -21.131734 14
-25.754818 5.718224 -20.354634 2
-26.288658 5.339624 -19.698034 8
-25.872226 4.709924 -20.350034 6
-25.02612 4.817124 -20.782134 2
-24.334987 4.177324 -20.942534 2
-24.298397 3.311124 -21.366434 1
-23.650347 3.313324 -20.674534 3
-23.279167 4.200824 -20.244334 2
-22.642597 3.418224 -20.318334 3
-22.070597 2.615224 -20.427634 3
-21.666067 3.374024 -20.033234 12
-21.430827 4.217024 -20.418434 10
-22.159637 4.790124 -20.779434 2
-22.285537 4.858924 -21.794934 2
-21.426867 5.279524 -22.049234 12
-20.914287 5.565024 -21.222534 3
-21.637247 6.087924 -20.900434 14
-22.253007 6.002924 -20.153734 2
-23.032997 6.429424 -20.502234 2
-22.268887 6.850824 -21.031834 2
-21.712857 7.649694 -20.857334 1
-21.123217 8.404424 -20.557734 8
-20.117667 8.175434 -20.543734 1
-19.284097 8.507044 -20.041834 1
-18.811637 9.290614 -19.682334 1
-18.054287 8.844024 -19.823434 9
-18.238057 8.486304 -18.797134 1
-18.373557 7.845804 -19.487834 2
-17.864137 7.698764 -20.367634 3
-17.204137 7.167024 -19.954934 9
-17.254427 6.328424 -19.392334 14
-17.906337 6.127024 -18.710834 8
-17.513117 5.341524 -18.567334 2
-16.934727 4.753424 -18.016434 2
-16.936147 3.969224 -18.528634 8
-17.162877 3.030224 -18.490534 3
-17.965137 3.659524 -18.510634 14
-18.418927 3.652224 -17.671234 6
-18.989367 3.078224 -18.117534 2
-19.535407 3.867824 -17.941134 1
-18.960847 4.226924 -18.714034 1
-19.252557 4.581624 -19.599534 8
-19.311147 5.498924 -19.463334 3
-18.777347 5.629724 -18.652934 1
-19.815427 5.525824 -18.609634 7
-19.840937 6.490124 -19.009434 2
-20.538987 6.573224 -18.308234 6
-21.273667 6.315424 -17.650834 6
-21.954977 6.819324 -17.067134 2
-22.278007 7.528634 -17.681534 2
-22.609417 8.391394 -17.949034 14
-23.067877 7.891794 -18.753534 9
-23.463127 6.973224 -18.590734 2
-24.074967 6.685424 -17.918234 2
-25.019366 6.323624 -17.988034 2
-25.751088 6.713724 -18.445034 8
-24.890305 7.237324 -18.344734 2
-25.429861 7.930364 -18.212234 8
-24.87053 8.618894 -17.804434 14
-25.25453 8.924174 -18.684934 3
-24.350327 9.268004 -18.702734 8
-23.467907 8.815044 -19.006234 14
-22.599627 9.063334 -19.365434 12
-21.699547 9.081214 -19.132934 3
-21.931097 8.269954 -19.545334 9
-21.356637 7.754244 -19.048634 3
-21.738637 6.978824 -19.402934 1
-22.391997 7.038924 -18.722134 2
-22.204897 6.102124 -18.626034 2
-21.317037 5.956124 -18.903034 9
-21.880137 5.413424 -19.381634 10
-22.814277 5.202224 -19.062434 2
-22.893777 4.283024 -19.155934 2
-22.484397 3.452924 -19.127134 3
-22.698497 3.472324 -18.169634 1
-23.614667 3.156624 -17.954034 9
-24.227867 3.832124 -18.132534 2
-25.122282 3.940024 -17.734334 1
-25.782814 4.087824 -17.071034 1
-26.144098 3.901924 -17.919434 1
-26.608964 3.995524 -18.696834 6
-26.896417 4.538224 -19.449834 6
-27.383067 4.785324 -18.667334 8
-27.798847 4.340424 -17.936234 6
-28.102907 5.345724 -17.806634 14
-27.298267 5.770624 -17.928534 8
-26.638609 5.072624 -18.011134 12
-26.03115 5.673924 -18.517234 8
-25.449355 4.864424 -18.760334 2
-25.168374 3.973124 -19.030034 6
-24.837628 4.260124 -19.896834 2
-24.122547 4.496324 -19.276134 2
-24.168197 3.507924 -19.373634 3
-23.556157 2.771824 -19.313534 3
-23.707967 1.885124 -18.904634 2
-23.152877 1.244124 -19.288634 1
-22.388597 0.577424 -19.223334 2
-23.278727 0.168924 -19.067234 4
-23.999697 -0.417276 -19.334534 2
-24.129617 -0.083776 -18.446734 2
-23.454957 0.221324 -17.813334 14
-23.780327 1.075024 -17.410934 1
-24.288987 1.972524 -17.330234 1
-24.626337 1.732924 -16.470234 2
-24.539387 0.908524 -15.957134 8
-25.146009 0.702624 -15.173034 12
-25.75749 0.813924 -14.516734 3
-25.036153 1.059324 -13.928634 3
-24.355117 0.335224 -14.053334 1
-23.404917 0.131324 -14.402734 14
-24.018177 -0.160876 -15.072534 6
-23.407297 0.447024 -15.441334 2
-23.430627 1.451724 -15.251534 6
-23.938577 1.402224 -14.409834 14
-24.545347 2.011824 -14.837534 3
-24.397707 2.718824 -15.525134 2
-24.436587 3.714124 -15.519034 9
-23.980627 4.262824 -14.836434 9
-23.413777 4.023624 -15.555034 14
-23.531187 4.348824 -16.466534 9
-23.325997 4.787024 -17.257934 2
-24.274237 4.621724 -17.327034 2
-24.644537 5.389924 -16.829734 9
-25.069512 5.201124 -17.698834 1
-24.511057 5.352324 -18.515034 2
-23.748297 5.436324 -19.222034 2
-23.391457 5.842424 -18.470034 2
-22.679547 5.525724 -17.858534 2
-21.696117 5.338424 -17.898934 8
-21.724447 5.290324 -16.920234 3
-20.900287 4.817424 -16.942334 1
-20.338947 5.195324 -16.209934 3
-20.228727 4.311424 -15.746834 8
-20.564287 3.895624 -16.617234 1
-21.347537 3.679924 -16.075434 10
-22.174797 3.729724 -15.610334 2
-21.875767 4.488124 -15.053134 3
-21.297587 4.916124 -15.692934 8
-21.231497 5.855224 -15.778734 2
-21.154387 6.592424 -15.199634 8
-20.307297 6.817524 -14.807334 3
-20.213337 5.808824 -14.801434 3
-19.268737 5.497724 -15.019634 14
-19.883737 4.750624 -14.803834 2
-20.179027 3.972224 -14.361234 4
-20.070597 3.375324 -13.580334 14
-19.506247 3.037024 -12.866634 7
-19.362287 3.428324 -12.039734 2
-18.828847 4.217624 -12.247234 3
-18.409757 3.504624 -12.720334 14
-18.288637 2.634024 -12.478434 6
-19.047817 2.087824 -12.460234 2
-18.770607 1.286724 -12.881534 8
-18.068097 0.881124 -13.495234 6
-17.605487 0.854924 -12.629434 3
-16.796567 0.990224 -13.098634 3
-16.658157 0.468824 -12.229934 5
-15.773647 0.141024 -12.004434 3
-15.908727 0.393924 -12.918034 7
-15.690917 1.177424 -12.343634 10
-15.318717 1.220524 -11.409534 2
-15.229317 0.873024 -10.551334 2
-15.897167 0.298724 -10.098834 6
-16.645077 -0.335176 -10.123434 3
-16.951237 -1.139976 -9.678934 3
-17.271067 -2.057876 -9.667734 5
-17.049797 -2.698676 -10.417934 2
-16.628747 -2.994676 -11.208634 13
-16.591497 -3.681476 -11.848934 1
-16.461377 -4.627176 -11.679234 1
-16.768647 -5.262976 -10.952334 3
-17.337817 -5.683176 -11.554534 9
-18.200377 -5.686076 -10.990034 1
-18.213787 -4.671576 -10.921134 10
-18.553677 -4.658076 -11.837234 3
-19.168757 -3.877876 -11.762634 1
-18.875427 -3.580076 -10.919734 1
-18.518687 -2.946376 -10.298134 9
-19.226677 -2.355076 -10.021334 8
-19.487797 -1.762976 -10.706334 3
-19.963827 -0.923776 -10.659034 9
-20.687237 -1.555576 -10.574634 14
-21.555397 -2.005976 -10.684734 8
-21.903317 -1.047076 -10.539034 1
-22.268407 -1.734976 -9.949234 3
-22.822737 -2.446576 -9.478234 1
-23.685407 -1.912276 -9.321734 9
-23.868987 -2.493176 -8.678334 10
-24.627027 -2.167276 -8.140834 4
-24.781312 -1.753676 -8.957934 3
-24.668827 -0.829076 -8.630534 2
-24.527127 -0.084776 -9.258534 5
-25.072366 -0.116276 -10.023134 12
-25.497831 0.658524 -10.474134 13
-25.984397 1.335324 -10.932534 14
-26.299059 1.512324 -11.848434 3
-25.376154 1.858124 -11.931534 2
-25.340636 1.094524 -12.529734 9
-25.717093 1.639124 -13.242534 3
-26.496352 1.356324 -13.915234 3
-26.931527 0.554924 -13.731534 3
-26.384457 0.030224 -14.356334 3
-25.348169 -0.098676 -14.269034 1
-25.019598 -1.031576 -13.945934 1
-24.342037 -1.780676 -13.801334 8
-24.349627 -2.421176 -13.079934 2
-24.536877 -3.132076 -13.715634 6
-24.92464 -3.457276 -12.828834 2
-25.51462 -3.964776 -12.292534 1
-24.957104 -3.719976 -11.564134 3
-24.391677 -4.526676 -11.787734 3
-23.483027 -4.559076 -12.152634 10
-22.551837 -4.793676 -12.356134 10
-22.881847 -4.346676 -13.110734 7
-22.346947 -3.583776 -12.769634 1
-22.755177 -2.784076 -12.341934 4
-22.212337 -2.074176 -11.995734 6
-23.074617 -2.098776 -11.460334 9
-23.937607 -1.881376 -11.512834 6
-24.441077 -1.103376 -11.656834 8
-23.927897 -0.424376 -12.040934 13
-24.621287 -0.031676 -11.470934 9
-24.636407 0.853324 -11.019134 6
-25.394314 0.609024 -11.617334 12
-25.853246 0.176924 -12.348434 3
-26.567708 -0.186976 -12.893334 3
-26.102382 -0.635376 -13.588334 3
-25.827282 -1.410876 -12.971134 9
-26.669277 -1.898476 -12.700934 6
-26.928037 -1.693676 -13.705234 3
-26.659385 -2.633276 -13.962634 10
-27.206117 -2.996876 -13.307334 5
-27.989177 -3.477276 -13.574734 14
-28.004867 -3.299076 -14.509134 5
-27.546577 -3.713276 -15.213734 9
-26.883847 -3.498476 -15.970434 3
-26.306159 -2.659176 -16.052934 9
-27.033987 -2.017876 -16.141334 8
-27.349847 -1.100176 -15.973234 5
-27.658277 -0.178776 -15.796934 10
-27.271287 -0.283976 -14.884834 3
-27.753527 0.311624 -14.202334 3
-28.411807 -0.398376 -13.898234 3
-28.427767 -0.740276 -14.912534 14
-29.325787 -1.069876 -15.285034 5
-29.667047 -1.571776 -14.489634 3
-30.424847 -1.879776 -14.910734 1
-31.048687 -2.394276 -14.327534 1
-31.450277 -1.846076 -15.013434 1
-31.848207 -2.645176 -15.347234 1
-31.192557 -3.366676 -15.324434 3
-31.096127 -3.100176 -16.208234 1
-30.877247 -2.155476 -16.420334 4
-30.523747 -2.441376 -17.291834 3
-30.209297 -1.654976 -17.674234 1
-29.455437 -0.998076 -17.448934 1
-29.491327 -0.307376 -16.820434 3
-28.552607 -0.570476 -16.610834 9
-27.729857 -0.244076 -16.904234 4
-27.560677 0.559324 -16.550234 9
-27.730837 0.831624 -15.625834 6
-27.503517 1.697824 -15.241234 3
-26.753117 1.961524 -14.778034 3
-26.14814 1.481824 -15.295734 3
-26.673997 1.122324 -15.996334 3
-26.320432 0.822424 -16.828134 11
-26.089992 -0.048576 -17.238834 6
-25.874877 0.258024 -18.179134 15
-25.365704 0.943224 -18.642034 13
-26.220391 0.934224 -19.117534 3
-26.217545 1.808424 -19.523434 3
-26.359542 2.745624 -19.362234 6
-26.870297 2.124024 -18.763434 13
-27.134037 3.008824 -18.562134 6
-27.004157 2.547524 -17.638034 10
-27.278057 1.962324 -16.916934 4
-27.722057 2.223924 -16.088334 3
-27.452747 3.173224 -16.157334 3
-26.624988 3.422524 -15.820434 3
-26.50629 4.360024 -15.802834 9
-26.565165 5.108524 -16.422034 12
-26.416454 6.101524 -16.500234 5
-26.189896 7.032924 -16.627034 8
-25.461889 6.969024 -17.323934 8
-25.138768 6.782724 -16.387634 9
-25.421055 7.531784 -15.923934 4
-24.501247 7.253424 -15.668334 9
-24.266777 6.996524 -14.758234 5
-23.750887 6.885624 -13.979234 3
-23.434827 7.103624 -13.125534 1
-22.966537 6.261624 -13.124534 3
-22.928667 6.478124 -12.230834 5
-22.418307 7.240924 -12.487334 3
-22.912867 7.932784 -11.968134 6
-22.983577 8.383754 -11.174934 3
-23.617817 8.752044 -10.506434 6
-24.497187 8.540734 -10.781534 1
-25.279594 8.303694 -10.213134 1
-25.708006 7.540864 -10.568134 5
-26.263238 7.741874 -11.265434 2
-26.482506 7.054924 -11.936134 1
-25.824392 7.152924 -12.636834 5
-26.436339 6.809624 -13.395534 3
-26.249089 7.042624 -14.292134 10
-26.229293 6.389424 -14.900634 1
-25.593941 5.884324 -15.581534 9
-25.436908 5.129824 -16.094934 9
-25.294035 4.205324 -15.894534 9
-25.181711 3.251724 -16.126634 13
-25.531593 2.479724 -15.545234 3
-26.102127 2.789624 -14.878634 3
-26.120943 3.711224 -14.883334 9
-26.758637 3.310624 -14.285734 3
-27.350277 2.560624 -14.044734 3
-28.041747 3.187524 -14.149734 14
-28.246187 2.375324 -14.569334 3
-28.605937 1.537624 -14.456734 3
-28.903157 0.911224 -15.130634 13
-28.699117 0.319624 -15.951234 10
-28.755567 1.089624 -16.457334 9
-28.678977 2.038024 -16.538434 3
-29.568687 2.175924 -16.185434 6
-29.878837 1.341824 -15.741934 1
-29.537797 1.678324 -14.897934 3
-29.452137 2.555924 -15.230434 3
-30.178547 3.103824 -15.493734 8
-30.304117 3.794324 -16.279834 1
-30.859487 4.525224 -16.716334 1
-30.099057 4.723124 -17.227734 9
-29.343487 5.187724 -17.025534 1
-28.627197 5.499424 -16.501234 6
-28.883007 5.557224 -15.605534 1
-29.293227 5.870024 -14.789234 9
-30.085637 6.485124 -14.825234 4
-30.685727 5.841524 -15.130434 4
-30.955107 5.202224 -14.470434 5
-31.895497 5.431924 -14.306034 3
-31.458307 5.098724 -13.477234 5
-32.382897 5.281324 -13.415334 3
-32.171667 5.759124 -12.607934 3
-31.745407 6.486824 -13.142234 9
-30.896957 6.065024 -13.132134 5
-29.877087 6.176524 -13.374334 8
-30.077067 5.880924 -12.453434 11
-29.871117 4.961924 -12.426334 5
-29.412177 4.960824 -11.616334 3
-28.525757 5.310524 -11.778034 1
-27.509717 5.028324 -11.789334 3
-26.634702 4.604924 -11.841934 6
-26.583129 3.675824 -11.575834 10
-27.094437 2.841424 -11.776534 3
-27.802107 3.403524 -12.075234 10
-27.779397 2.714524 -12.746534 3
-26.899117 2.839324 -13.093534 4
-27.033237 1.901724 -13.299134 3
-26.334444 2.158824 -12.668734 3
-26.018992 2.867824 -12.058734 15
-26.185152 2.491724 -11.074334 1
-26.114026 2.521224 -10.094034 9
-26.876417 3.157924 -9.811034 8
-27.577207 2.686524 -10.240634 1
-27.870417 1.807424 -10.394534 12
-27.216757 1.500424 -11.075734 3
-28.016277 1.290024 -11.508034 3
-28.961317 1.452124 -11.274834 14
-28.410577 2.225524 -11.551534 5
-28.367897 1.904624 -12.438334 3
-29.149657 1.829324 -13.046734 3
-30.177637 1.624124 -12.938334 6
-29.778017 1.426424 -13.817434 3
-30.395687 0.767024 -14.116134 9
-31.272477 0.511724 -13.879434 6
-31.714447 -0.354576 -13.694234 3
-32.669507 -0.039176 -13.497034 4
-32.163847 0.725824 -13.178434 6
-33.055167 1.111124 -13.452634 6
-33.890487 1.497824 -13.834034 9
-33.198607 2.096524 -13.364334 6
-33.233187 2.578224 -14.167134 9
-32.511227 3.194824 -14.057534 13
-32.299917 3.818924 -14.777934 5
-32.897777 4.196024 -14.106434 3
-33.443567 4.739624 -13.542934 3
-33.405397 5.646924 -13.434234 3
-33.719747 6.559124 -13.290934 1
-33.837517 7.519984 -13.376534 9
-33.561057 8.267064 -12.719734 1
-33.324997 7.920494 -11.817834 3
-34.178337 7.651654 -11.574334 10
-34.327557 8.593094 -11.334734 1
-34.221297 9.299364 -12.032734 1
-35.081247 9.518694 -12.276534 5
-35.774917 9.098354 -11.786234 9
-35.799017 8.194404 -11.352134 13
-35.866617 7.352504 -11.718534 1
-35.434407 6.525324 -11.811634 3
-36.346617 6.261924 -12.009134 8
-36.422417 6.181824 -12.969034 4
-35.464657 6.152624 -12.911834 9
-34.647267 6.188624 -13.484434 3
-34.799387 6.847124 -14.171334 3
-34.484087 7.253424 -15.069334 6
-34.127467 6.407624 -14.830634 8
-34.073117 5.665424 -14.343634 3
-33.826657 5.448924 -15.300434 3
-34.329297 5.269924 -16.156634 8
-35.211407 5.641124 -16.112234 4
-36.011717 6.241024 -15.992234 6
-35.787317 7.146024 -15.651934 15
-35.920417 6.401524 -15.007734 5
-36.011117 5.405524 -15.281134 4
-36.373617 5.228624 -14.447734 14
-35.369517 5.225324 -14.209934 3
-34.950477 4.306424 -14.224834 3
-35.537817 3.898124 -14.859634 9
-34.713927 3.585624 -15.175234 13
-34.271927 3.306024 -14.281034 9
-34.113067 4.031124 -13.641134 3
-34.798987 4.084624 -13.072134 3
-35.619037 3.806224 -13.456534 9
-36.077717 3.721124 -12.632634 5
-35.296637 3.140024 -12.394834 1
-35.283837 2.604724 -13.185334 9
-34.676517 2.300124 -12.484234 13
-34.081797 1.540424 -12.801134 9
-33.412857 1.694424 -12.030634 6
-33.291847 1.055324 -11.353534 3
-32.403267 1.110624 -11.647134 6
-32.356697 0.175324 -11.238734 3
-32.862197 -0.124776 -10.458134 10
-32.742607 0.581124 -9.846534 1
-32.315167 1.298624 -10.385534 15
-32.058677 2.002224 -10.897934 6
-32.940297 2.430124 -10.994034 6
-32.710447 3.084524 -10.330534 10
-32.954647 3.677724 -11.002934 1
-33.224487 4.396024 -11.641934 3
-34.149127 4.674924 -11.574934 3
-34.353357 3.929424 -10.894434 1
-34.672637 3.834824 -11.831734 3
-34.227907 3.337524 -12.524634 9
-33.465057 3.498624 -11.906734 3
-32.534977 3.393024 -11.966034 6
-32.795867 3.888624 -12.664734 3
-33.298127 3.139924 -13.043334 9
-32.423507 2.757024 -12.923234 6
-31.618167 3.332124 -13.047434 11
-31.194387 4.236324 -13.023734 5
-31.917587 4.596424 -12.439934 3
-31.377827 3.986924 -12.032934 10
-30.591987 4.532324 -11.797834 5
-30.534997 4.568124 -10.696634 8
-30.775967 5.393724 -11.192834 13
-31.643147 5.466524 -11.435934 5
-32.518217 5.166424 -11.584834 3
-33.438067 5.504624 -11.622634 8
-33.991607 5.451224 -12.450034 3
-34.764667 4.916424 -12.406434 3
-35.810117 4.913824 -12.151534 1
-36.645417 4.552924 -12.329534 4
-37.565017 4.337024 -12.486534 1
-37.224617 4.403024 -13.405634 4
-37.099817 3.518124 -13.900934 1
-36.363217 2.863924 -13.702934 9
-36.332317 2.435024 -12.844034 3
-36.041117 1.527424 -13.048434 9
-35.579607 1.912024 -12.318734 3
-35.941517 1.014424 -11.847034 1
-35.019277 0.815524 -11.701134 3
-34.693067 0.029624 -12.207734 1
-34.161697 -0.210576 -12.999434 3
-34.779747 0.326624 -13.533034 9
-35.277167 -0.108876 -14.120334 3
-34.596247 -0.564276 -14.577034 5
-34.699777 0.276324 -14.949634 10
-34.615047 1.140324 -14.530334 9
-33.999937 0.955024 -15.251734 3
-33.277557 1.444524 -14.853134 9
-32.322867 1.143624 -14.599934 15
-31.425897 1.502024 -14.358834 6
-30.936747 2.165424 -13.854334 6
-30.220807 2.336724 -14.506634 3
-30.875347 3.151524 -14.228934 9
-30.399907 3.895824 -13.831434 5
-29.838347 3.284624 -14.256634 3
-28.977467 3.399524 -14.702234 3
-28.958667 4.333024 -14.390534 10
-28.706217 5.018224 -13.692934 1
-29.460967 4.282724 -13.496334 5
-29.010817 3.974724 -12.781434 3
-28.162487 3.682824 -13.076034 1
-28.830497 3.004624 -13.219234 3
-29.863747 2.811124 -13.246134 3
-30.651467 2.885424 -12.730334 5
-31.532207 2.275924 -12.659934 6
-31.566437 1.492624 -12.093634 6
-30.931867 0.838424 -12.273634 6
-30.793597 0.125824 -11.497034 13
-30.196917 -0.072576 -12.213234 13
-29.658077 0.822324 -12.249434 3
-29.115057 0.410724 -11.584334 3
-28.270137 0.162424 -11.103734 11
-28.048537 -0.102376 -11.975734 3
-28.150397 -1.054776 -11.835434 6
-27.217527 -1.388976 -11.763834 4
-27.826047 -1.756476 -12.377134 12
-27.248337 -0.955976 -12.722534 3
-28.090457 -1.051076 -13.233234 3
-28.632857 -1.939976 -13.383634 4
-29.212397 -2.451876 -12.599134 8
-30.039337 -1.988676 -12.812034 4
-30.553877 -1.413676 -12.209834 14
-30.509487 -0.912276 -13.028734 13
-29.587407 -0.707276 -13.178434 9
-28.655257 -0.405476 -12.833134 3
-29.121507 0.251924 -13.333334 1
-28.428257 0.932724 -13.634134 3
-27.700657 1.123424 -13.062334 3
-27.439617 0.705424 -12.254234 3
-27.112217 0.146424 -11.449034 10
-26.760997 -0.077476 -10.485534 6
-26.795127 0.810524 -10.038334 9
-26.987127 1.189224 -9.118834 1
-26.833577 2.004124 -8.666234 4
-26.681791 2.054324 -7.656834 9
-26.100219 2.225824 -6.892734 1
-26.460316 3.121124 -6.676334 6
-27.327287 3.514924 -7.040734 1
-26.55243 4.017124 -7.418734 9
-25.591683 3.851224 -7.407434 6
-24.789211 4.265924 -6.931534 5
-24.529737 3.436924 -6.590934 8
-24.527187 2.431824 -6.385134 9
-24.329997 2.030024 -7.221634 1
-23.618157 1.978824 -7.811634 3
-23.548927 2.571824 -8.542034 5
-24.266287 2.600324 -9.212834 10
-24.080577 1.760324 -9.741234 5
-24.170347 2.508324 -10.322434 1
-23.370687 2.958524 -10.663334 13
-22.899417 2.971424 -11.533434 3
-23.547517 3.680624 -11.650034 8
-24.185447 4.310124 -12.001734 3
-24.561397 4.812224 -12.739834 15
-23.612187 5.142324 -12.700434 3
-23.241137 4.394524 -13.260734 13
-23.540817 3.675324 -13.893934 13
-24.455567 3.501224 -14.270234 9
-25.171383 2.855824 -14.180234 3
-25.117311 2.454924 -13.282334 3
-25.090899 3.305224 -12.890834 6
-25.251603 3.927324 -13.610034 9
-26.012436 4.357424 -14.044234 9
-26.436551 4.700124 -13.257234 11
-27.132117 4.008924 -13.240734 13
-27.604987 4.218124 -14.053234 3
-26.923517 4.460524 -14.733034 9
-27.596627 3.884624 -15.106234 3
-28.313627 3.993024 -15.786534 10
-28.340517 3.026524 -15.422734 3
-28.502207 3.103524 -16.405134 15
-28.436957 3.128224 -17.363634 5
-28.000497 3.216124 -18.230034 4
-28.729587 3.838124 -18.379934 6
-29.509267 3.877624 -17.811134 3
-29.486657 4.469624 -18.574934 5
-28.636027 4.654724 -18.957934 6
-28.155457 5.508624 -19.144634 8
-27.792177 5.226124 -19.999634 3
-27.815667 4.266924 -19.991034 6
-28.045967 4.426324 -20.851434 3
-28.762347 3.899124 -20.463934 5
-28.259357 3.296824 -19.888134 6
-27.944817 2.758824 -19.149534 6
-28.568917 2.352724 -18.546034 3
-29.608267 2.237424 -18.468234 1
-29.507087 2.874924 -19.252834 3
-30.496907 3.004924 -19.318734 1
-31.431977 3.228224 -19.370334 1
-31.146637 4.132924 -19.036734 1
-31.485387 4.930424 -18.606634 1
-31.871027 4.560824 -17.733334 4
-32.023757 5.427724 -17.322434 10
-32.542987 5.341124 -16.545834 1
-31.643617 5.643024 -16.390834 3
-32.240937 6.274124 -16.009934 1
-32.748887 6.347324 -15.148134 3
-32.370837 5.445124 -15.418434 10
-32.940077 4.549324 -15.329334 3
-33.653387 3.858824 -15.444734 3
-33.750427 2.949324 -15.306634 9
-33.045917 2.793424 -15.932734 5
-32.707917 3.681224 -16.369634 14
-32.942427 3.934124 -17.299734 10
-33.580907 3.296024 -17.610334 12
-34.201137 3.014424 -16.914734 3
-34.535057 2.895624 -16.007834 11
-35.060487 2.573124 -15.288234 9
-35.254497 1.918724 -14.570034 9
-36.104117 2.366024 -14.921934 3
-36.555117 1.658424 -14.427334 5
-36.623917 1.022524 -15.185434 4
-37.374417 0.789424 -14.700834 4
-37.398317 0.421724 -13.845734 6
-37.548617 1.161524 -13.134934 3
-37.512117 2.113324 -13.262434 9
-37.854717 2.812524 -12.663934 13
-38.519017 2.209124 -12.301834 4
-38.604417 2.645224 -11.438234 10
-39.151017 2.464424 -10.653034 13
-39.671417 1.769324 -11.032534 13
-39.155717 1.317224 -11.718834 8
-38.487917 1.029024 -11.156634 10
-38.283517 0.611624 -12.012534 10
-38.469417 -0.080176 -12.741834 1
-38.960917 -0.170276 -11.879534 10
-39.772317 -0.165076 -12.470534 6
-40.010217 -0.338176 -13.347634 3
-40.082617 -0.913076 -14.062234 4
-39.975817 -1.489276 -13.293934 6
-40.193017 -1.970076 -14.043134 3
-40.000917 -2.343476 -14.921934 4
-39.375817 -2.699376 -14.289234 5
-38.825817 -3.062676 -14.981234 4
-38.010617 -2.932176 -14.544134 4
-37.115817 -3.169176 -14.761134 3
-37.299917 -3.856976 -14.107934 5
-37.322017 -3.003776 -13.715734 13
-36.715917 -3.289176 -13.043134 1
-37.663617 -3.784276 -13.101334 13
-37.509117 -3.540276 -12.225234 10
-36.689417 -3.543176 -11.699934 1
-36.909817 -4.527776 -11.688934 13
-36.924617 -4.205876 -10.741534 4
-37.814317 -4.007076 -10.537234 6
-38.752417 -4.345076 -10.731234 10
-39.142217 -5.195076 -10.662434 3
-39.845117 -5.122376 -10.003534 11
-40.239017 -4.445776 -9.498234 10
-40.977917 -4.085076 -9.093534 6
-41.404717 -3.315876 -9.238934 4
-41.209617 -3.433876 -8.362334 10
-40.563017 -2.736776 -8.586834 4
-40.857017 -2.165876 -7.927634 4
-40.117517 -2.652276 -7.382634 11
-39.641717 -3.243576 -8.003034 11
-38.837517 -2.568776 -7.887034 4
-38.185517 -1.871176 -7.823034 10
-37.693717 -1.121976 -7.391234 9
-37.167417 -0.414476 -7.708034 8
-36.272917 0.016824 -8.030334 6
-35.342807 0.306424 -8.125234 3
-35.644567 0.140924 -9.023834 4
-35.891817 -0.140176 -9.853734 10
-35.749817 0.297024 -10.691334 5
-36.396917 1.041724 -10.473234 10
-36.078817 1.819624 -9.984434 1
-36.653617 2.547224 -9.710734 1
-37.333817 2.041424 -9.221534 13
-36.595117 1.535224 -8.999934 1
-37.045417 0.655524 -8.963134 10
-37.604817 1.285924 -8.423134 13
-38.052317 2.131024 -8.065534 13
-37.534917 1.992624 -7.218434 6
-38.267517 1.762724 -6.549134 5
-37.756117 2.266624 -5.952134 10
-37.325217 1.478024 -5.617334 6
-38.216617 1.234424 -5.563534 1
-38.765217 1.642324 -4.808734 3
-38.732617 0.975224 -4.167134 1
-38.829317 0.447624 -4.985734 4
-38.886717 -0.462276 -5.314934 13
-39.534217 -0.705276 -5.975634 9
-39.456717 -1.662476 -6.119734 15
-39.366917 -1.103576 -6.920634 12
-39.482517 -0.918576 -7.888834 4
-38.523117 -0.884776 -8.124534 9
-38.950417 -1.334876 -8.844034 4
-39.061117 -2.266876 -9.036534 8
-39.948417 -1.841676 -9.250434 4
-40.693217 -1.588176 -8.791534 4
-40.537917 -1.078276 -7.905334 4
-40.893817 -1.313776 -7.106234 13
-41.258817 -1.635076 -6.266634 11
-41.723017 -2.412376 -6.045234 3
-42.103317 -2.421176 -5.194934 13
-42.735817 -3.079376 -5.203834 15
-43.253117 -2.219676 -5.127334 13
-43.661617 -2.130576 -5.989034 4
-44.333917 -2.592976 -5.388334 2
-45.000117 -1.952676 -5.691534 1
-45.764417 -2.308776 -6.113434 5
-45.821117 -2.910676 -6.831534 10
-45.404317 -3.478776 -6.237434 3
-45.476517 -3.991676 -5.436134 10
-45.514117 -4.973476 -5.572434 9
-44.859917 -5.649176 -5.426534 4
-45.208917 -5.350776 -4.599434 10
-44.315617 -5.334176 -4.383734 1
-43.762617 -5.183176 -3.604334 1
-43.986117 -4.366176 -4.092934 1
-44.431517 -3.765276 -4.718534 6
-44.649917 -2.952376 -4.293934 3
-45.377117 -3.422576 -3.996734 1
-45.605217 -2.526676 -4.394334 10
-45.726217 -1.568276 -4.105034 6
-46.249017 -1.219776 -4.832534 10
-45.954817 -0.956176 -5.763634 4
-46.544317 -0.169776 -5.790634 1
-46.113717 0.604124 -5.252634 1
-45.167017 0.351524 -5.707534 3
-45.414017 0.675824 -6.620834 11
-44.984317 0.431024 -7.438134 10
-44.041417 0.237524 -7.335334 5
-43.175217 0.232124 -6.930234 10
-42.572317 -0.030776 -7.708034 8
-41.613617 -0.066076 -8.020634 4
-41.092817 0.492124 -8.564534 13
-40.261017 0.088124 -8.250734 4
-40.393217 1.088324 -8.149234 13
-40.408217 0.687524 -7.202634 1
-39.803617 0.907524 -6.416534 8
-40.080817 1.638624 -5.833734 10
-40.958517 1.325124 -6.004634 5
-41.304117 2.105024 -5.600134 13
-42.037117 2.847024 -5.593134 1
-42.329917 3.536624 -6.204234 6
-42.859717 3.558324 -7.000934 15
-42.208117 4.569524 -7.471134 10
-41.500617 3.991224 -7.838034 6
-40.718217 4.521124 -7.474734 5
-39.921417 4.842924 -6.928434 4
-39.544917 5.153924 -7.782334 4
-39.034117 4.370224 -7.542734 11
-38.332517 4.144624 -8.172534 13
-38.056617 4.856524 -8.738634 4
-38.151917 4.692224 -9.745934 9
-37.652717 3.912924 -10.167734 4
-38.107417 3.039224 -10.001034 3
-38.255217 2.135024 -10.072634 13
-38.973817 2.513424 -9.625534 13
-39.807317 2.952124 -9.307034 1
-40.141217 3.904624 -8.963734 12
-40.425217 3.954124 -9.909434 3
-40.002217 3.282224 -10.395734 13
-40.082317 3.157624 -11.363334 10
-40.938017 3.490924 -11.597834 5
-40.972717 2.530124 -11.466434 8
-41.042817 1.600124 -11.824134 9
-41.042917 0.837424 -11.264234 6
-41.909617 1.034324 -10.880434 10
-41.875217 0.143224 -10.502934 10
-41.574917 -0.588776 -9.916234 4
-41.613517 -1.406876 -9.402734 4
-42.007617 -2.209076 -9.761534 4
-42.337117 -2.878376 -10.395434 1
-43.278617 -2.603876 -10.588734 1
-43.536517 -3.490476 -10.852834 1
-43.317517 -4.219876 -11.422834 1
-43.755317 -4.969876 -11.896234 15
-43.837817 -5.616276 -12.621734 10
-43.055417 -5.083476 -12.635634 1
-42.639017 -4.270576 -12.307234 3
-41.736017 -4.537876 -12.430234 3
-41.809217 -4.161276 -11.571834 4
-41.202417 -3.472376 -11.114434 1
-40.650617 -2.953076 -11.644034 10
-40.618417 -2.648276 -10.696234 4
-40.555017 -1.872376 -11.240134 4
-40.056017 -1.230276 -11.848634 6
-39.698217 -0.853276 -10.954734 4
-39.193517 -0.154776 -10.457034 10
-39.979117 0.281124 -10.716534 6
-40.317617 1.124324 -10.398034 13
-41.103717 1.657624 -10.018534 13
-41.588517 2.457624 -10.109634 5
-42.222317 1.861024 -9.597834 10
-42.538017 2.778724 -9.304334 1
-43.217317 2.560224 -8.699234 11
-43.390717 2.860524 -7.811234 11
-44.337717 2.851424 -7.446334 4
-44.235517 2.251124 -8.186434 9
-44.119417 1.629924 -8.972134 10
-44.564217 1.024624 -8.336734 3
-43.759617 0.335924 -8.550534 8
-43.620717 0.453024 -9.466734 10
-43.319917 -0.490776 -9.395634 4
-43.040017 -0.124376 -10.250034 10
-43.530517 -0.906376 -10.487234 10
-44.098917 -1.576276 -9.997334 3
-44.247017 -2.426176 -9.652834 6
-44.437517 -3.247876 -10.125134 13
-44.129217 -3.635776 -9.341334 12
-43.514217 -3.941576 -8.750234 4
-42.823317 -3.589376 -9.415934 13
-42.719317 -2.651476 -9.150534 8
-42.244817 -3.195776 -8.546034 4
-42.703817 -3.015576 -7.663634 6
-42.067717 -2.233976 -7.682234 4
-42.379017 -1.621976 -7.032534 1
-43.199317 -1.170276 -7.100134 13
-42.951117 -1.145976 -8.032434 9
-42.487317 -1.614076 -8.759934 4
-42.182417 -0.649176 -8.936334 4
-42.470917 0.268624 -8.938934 10
-42.946517 1.110624 -8.786934 10
-42.528017 1.060924 -7.866334 1
-41.611917 1.428724 -7.891534 1
-41.440817 2.315224 -7.511534 1
-40.536817 2.645024 -7.578934 3
-40.086017 2.435024 -8.473434 5
-39.529417 1.941824 -9.059734 13
-39.266317 1.046524 -9.112934 13
-39.650417 0.184124 -9.339534 4
-39.209317 -0.044376 -8.519534 9
-38.710217 -0.366776 -9.297334 4
-38.164917 0.124224 -9.923034 10
-38.177317 1.062824 -9.835834 13
-37.612617 0.966824 -10.698534 10
-37.032017 0.360724 -11.148334 10
-37.244417 0.515024 -12.106434 15
-37.652317 -0.322576 -11.958734 6
-37.471217 -1.255476 -11.867134 9
-37.474217 -1.544876 -10.920234 3
-37.541517 -0.749876 -10.408434 10
-38.485517 -1.068076 -10.201734 4
-38.649317 -2.075076 -10.228534 6
-39.506017 -2.407476 -10.415434 11
-40.215517 -1.722076 -10.342134 4
-40.644617 -1.177176 -9.693334 4
-40.541417 -0.209076 -9.754234 4
-41.082217 0.595424 -9.827134 13
-41.619617 1.134224 -9.192634 10
-41.104917 1.808724 -8.652334 1
-40.956017 2.436424 -9.320334 13
-41.167517 3.298424 -9.667634 4
-41.773417 3.782924 -10.111834 5
-41.373217 4.225724 -10.837634 5
-41.700317 4.945124 -10.244234 8
-41.591817 5.772324 -9.771534 9
-40.791517 6.083624 -10.141134 10
-40.242517 5.247924 -10.086634 3
-40.028517 5.901024 -10.787034 7
-40.250717 4.968724 -11.041334 5
-39.833617 4.755224 -11.966234 3
-39.062917 4.900224 -12.502334 4
-38.790717 5.061524 -13.422234 12
-39.738117 5.029624 -13.340034 1
-39.984917 4.977524 -14.282834 1
-40.293617 4.177924 -13.837934 10
-40.488717 3.186824 -13.821634 1
-39.931717 2.439724 -13.569634 10
-40.332017 1.488524 -13.696134 1
-41.285117 1.583924 -13.817434 1
-41.145917 0.877124 -13.177534 4
-41.058217 0.258724 -12.450634 6
-41.951117 0.247424 -12.075334 10
-41.438017 -0.553676 -11.934934 6
-41.428017 -1.381976 -11.484234 4
-41.859817 -2.207276 -11.268834 14
-42.480317 -1.793876 -10.761534 4
-41.982217 -0.926176 -10.754634 4
-42.755017 -0.716776 -11.364734 10
-43.105417 -1.377976 -11.977134 11
-43.428317 -1.508176 -12.890534 4
-42.878117 -0.718176 -13.006734 13
-43.032317 -0.137476 -12.224234 10
-43.782617 -0.206976 -12.772134 8
-44.310517 -0.111776 -13.648134 13
-44.274217 -0.175576 -14.541734 11
-44.860317 -0.939776 -14.262634 10
-45.795217 -0.675376 -13.977634 13
-46.785717 -0.813676 -13.918234 3
-47.289117 -1.138276 -14.645834 13
-46.944117 -0.900976 -15.478934 4
-47.861617 -0.914576 -15.723534 5
-48.416617 -0.233276 -16.181034 10
-49.059117 -0.111776 -15.489534 13
-48.937617 -0.108876 -14.489734 4
-49.001617 0.751124 -14.816634 9
-49.948317 0.788824 -14.566234 9
-50.492017 -0.067576 -14.593034 5
-50.849817 -0.787376 -14.021034 10
-51.049717 -0.552276 -13.123634 4
-50.228517 0.052524 -13.012034 6
-49.959317 -0.845676 -12.674034 6
-49.427117 -0.143976 -12.127234 4
-50.119717 -0.313676 -11.544434 15
-49.326217 -0.138276 -10.972634 10
-49.928117 0.159324 -10.263334 1
-49.982417 -0.492976 -9.520634 10
-49.153117 -0.064876 -9.503734 1
-48.879217 0.831324 -9.242134 1
-48.801317 1.742524 -9.446934 8
-48.788017 2.257724 -10.406534 13
-48.489017 3.130224 -10.267634 4
-48.793917 3.737724 -11.012834 10
-48.149417 4.191324 -10.491634 10
-47.677017 4.048824 -9.625634 13
-46.905317 4.602424 -9.566034 4
-47.033817 5.490924 -9.125934 1
-46.662917 5.778624 -8.317534 5
-46.370117 4.908724 -8.228634 7
-45.545617 4.873924 -7.561234 3
-44.991917 4.121324 -7.444134 6
-44.697217 4.160224 -8.348634 11
-44.517917 4.075924 -9.274334 11
-44.608217 3.739224 -10.108434 3
-45.182917 4.479324 -10.383234 4
-45.569817 3.656424 -10.748334 4
-46.339817 3.082324 -10.461934 6
-47.148517 2.566224 -10.157134 10
-47.132417 2.457424 -11.074734 12
-46.637617 2.237224 -11.915334 13
-46.040717 2.930824 -12.133234 13
-46.212317 3.684824 -12.688334 4
-45.438417 4.161324 -12.959834 4
-45.215217 4.634424 -13.856434 10
-44.657117 5.360024 -13.495134 14
-43.817517 5.590124 -13.110834 9
-44.162517 5.116924 -12.392534 15
-45.068717 4.692524 -12.172234 4
-44.420717 3.966224 -12.470934 4
-43.647817 3.566324 -12.757934 1
-42.993917 3.083124 -12.318634 1
-42.821717 3.415524 -11.415634 5
-43.681617 3.413324 -11.053934 4
-43.506917 3.808924 -10.222534 3
-42.693317 3.252324 -10.412034 5
-43.278117 2.473424 -10.359534 10
-42.625117 2.328424 -11.008834 5
-42.879117 1.376524 -10.787334 10
-43.506817 0.745524 -10.449434 10
-44.328817 0.826124 -10.952734 10
-45.157017 1.205624 -11.255034 13
-46.048117 1.002424 -11.467334 1
-46.729117 0.604324 -10.986634 4
-47.338817 1.131524 -10.442434 1
-47.695017 1.295524 -11.303934 10
-47.664317 1.719624 -12.203634 6
-48.318017 2.416624 -12.346534 15
-48.925217 2.866524 -12.907134 10
-49.072217 2.262124 -13.654734 9
-48.446717 1.744824 -14.234734 9
-47.784817 2.031624 -13.593634 4
-46.787217 1.873324 -13.707434 13
-46.422017 1.600024 -12.764234 13
-45.723017 2.229224 -13.124034 13
-45.210817 3.064724 -12.905934 4
-44.421917 2.458224 -12.874134 6
-44.371117 2.491724 -11.933534 10
-44.755717 3.034624 -11.194334 4
-45.467417 2.417124 -11.055034 13
-44.931917 1.879824 -10.400234 10
-44.213617 2.153924 -9.900934 10
-44.223017 2.883824 -9.297434 11
-45.121817 3.115224 -9.219434 8
-45.727217 3.672924 -9.775134 4
-45.892517 4.579524 -9.492134 4
-46.189517 3.865124 -8.855734 5
-46.259617 3.312124 -8.069034 3
-46.648217 3.199724 -7.198334 4
-47.250017 2.865224 -7.884634 8
-46.725817 2.148524 -7.616034 7
-46.760117 1.188824 -7.796634 6
-45.949617 0.662724 -7.924934 4
-45.553017 0.026824 -8.496534 12
-45.126217 0.364224 -9.333634 10
-45.233117 0.496124 -10.275234 10
-45.740617 -0.001676 -10.971134 1
-44.805717 -0.111376 -11.249034 10
-44.505317 -0.938676 -10.922134 10
-44.140317 -1.756976 -11.274334 1
-44.460717 -2.469876 -11.881634 1
-44.560917 -1.759876 -12.525334 6
-44.138317 -2.355676 -13.128434 1
-44.269917 -1.446476 -13.534934 1
-45.245117 -1.468676 -13.298234 4
-45.084917 -0.582476 -12.877334 13
-45.377717 0.023424 -12.130534 15
-45.599717 0.815824 -12.566234 13
-44.866617 1.386624 -12.913634 13
-44.043617 1.197724 -12.434134 4
-43.543717 1.036924 -11.656634 10
-43.275117 1.979224 -11.936334 10
-42.476317 2.132024 -12.401434 10
-41.932217 2.959624 -12.188434 5
-41.952817 3.290024 -13.086134 14
-42.718817 3.823824 -13.322434 13
-42.570617 4.665824 -12.767834 3
-42.962117 4.387824 -11.883834 5
-43.638717 4.676324 -11.284434 4
-44.088917 4.610124 -10.397634 4
-43.636717 5.119324 -9.711134 15
-43.146417 4.546524 -9.132134 11
-43.092217 5.444424 -8.690334 10
-42.967617 6.175724 -9.326534 3
-42.871917 7.142424 -9.090334 1
-43.775317 7.457444 -8.841034 9
-43.932117 7.935424 -9.711034 1
-44.369217 7.087324 -9.849534 4
-44.393917 6.428824 -10.531534 10
-45.285517 6.229824 -10.913134 4
-45.673917 7.061124 -11.338734 6
-46.011817 6.656424 -12.142734 4
-46.905717 6.703324 -12.663134 13
-46.647017 5.799724 -12.225934 4
-47.230317 5.771424 -13.072934 7
-47.755917 5.231624 -12.452134 10
-47.319117 4.336824 -12.662434 4
-48.124817 3.799024 -12.812634 10
-47.786717 2.966124 -13.221734 13
-47.129217 3.337424 -13.735434 13
-46.633217 3.068724 -14.597034 8
-47.386617 2.634024 -14.985334 5
-47.990117 3.279024 -14.632234 10
-48.806317 2.689524 -14.795034 9
-49.568217 2.729724 -15.344734 9
-49.452317 3.075924 -16.264034 4
-48.758917 2.667624 -16.980334 7
-48.126117 2.313924 -16.352734 11
-47.587117 2.115224 -17.095334 6
-47.279617 1.406924 -17.675634 8
-48.166117 1.208424 -17.330834 10
-49.038717 0.702424 -17.429834 1
-49.017317 1.258324 -18.247534 4
-48.127017 1.101024 -18.431234 5
-47.528617 0.518224 -17.967834 1
-46.929117 0.358624 -17.231134 5
-46.447317 0.252224 -16.430934 10
-45.831617 0.997124 -16.220834 4
-46.058517 1.907524 -16.299234 3
-46.017817 1.505824 -15.411734 4
-46.029517 1.858524 -14.542834 13
-45.609317 2.703624 -14.583934 10
-45.443517 2.534824 -15.539734 1
-44.528417 2.297324 -15.537034 1
-43.554517 2.130124 -15.536734 1
-43.610417 2.358824 -14.649734 10
-44.455617 1.744924 -14.623034 10
-44.798417 0.991024 -14.162234 13
-45.584017 0.636524 -14.661634 13
-46.387017 0.444824 -14.172134 13
-46.417717 0.528424 -13.211234 13
-47.255517 0.564124 -12.794234 6
-47.666717 0.253824 -11.966134 4
-48.113317 -0.233676 -11.233634 6
-48.603917 0.463624 -11.786534 13
-49.614717 0.787824 -11.834034 4
-49.266417 1.748324 -11.813134 7
-48.699017 2.469624 -11.435934 6
-48.221417 3.266624 -11.687634 10
-47.410217 3.217124 -12.217834 13
-47.319617 3.624024 -11.377934 10
-46.387517 4.064524 -11.600434 4
-45.660317 4.638924 -11.422334 4
-46.537417 5.052324 -11.403734 4
-47.486317 5.219624 -11.321034 10
-47.854417 5.980624 -10.964634 15
-48.293217 5.095324 -10.828134 10
-47.519517 5.222324 -10.262834 9
-46.574117 5.457624 -10.295134 4
-45.708817 5.375624 -10.710434 4
-45.935817 6.198424 -10.079934 6
-46.720517 6.802124 -10.174834 9
-46.551217 7.342434 -10.959734 4
-47.543117 7.091024 -10.933134 5
-47.336817 6.531824 -11.713734 4
-48.247917 6.637024 -12.119734 10
-49.184817 6.422424 -12.282734 10
-49.509017 5.483924 -12.390734 10
-50.319817 5.348824 -12.894734 10
-51.154417 5.519124 -12.367134 10
-52.041217 5.363324 -12.733634 1
-52.939017 4.976724 -12.871334 1
-53.719317 4.442624 -13.358334 10
-54.343917 3.971124 -12.729934 11
-53.910717 3.860424 -11.870534 10
-54.897417 3.961724 -11.772734 12
-55.600517 3.644524 -12.267634 7
-55.817617 3.195624 -13.120834 3
-56.107817 2.380024 -13.541734 10
-55.410817 1.781124 -13.265134 1
-55.637417 2.008624 -12.364434 11
-54.667717 2.461724 -12.458434 10
-54.999717 2.573624 -11.552334 4
-55.224217 3.301824 -10.865134 8
-56.021017 3.059224 -11.242434 10
-56.170417 3.232624 -10.267134 4
-56.392017 3.947224 -10.896934 4
-56.817817 4.789624 -11.111634 7
-57.062217 5.566424 -11.637734 7
-56.412517 6.134224 -12.287334 7
-56.220317 6.287424 -11.259734 5
-55.862317 5.692824 -10.530734 13
-55.469717 5.200924 -9.809134 4
-54.776117 5.835624 -10.108734 13
-54.205617 5.076024 -10.387034 3
-53.585617 4.353424 -10.098634 1
-53.826317 3.572724 -10.626234 4
-53.103217 3.923124 -11.211334 7
-52.361317 4.208724 -11.687034 13
-51.429117 4.387524 -11.798034 10
-50.934817 4.535524 -12.592834 10
-51.442417 3.767824 -12.866534 4
-51.632117 3.344224 -13.678434 1
-50.936817 2.792524 -14.043934 5
-50.546217 2.100224 -14.664634 9
-51.002617 2.612624 -15.358034 1
-50.295517 2.108924 -15.789634 1
-49.941317 1.260924 -15.682434 9
-50.620717 0.957124 -16.372334 12
-49.909117 0.387424 -16.787334 10
-50.781817 0.425724 -17.233134 6
-51.531917 -0.162676 -17.176034 13
-51.150917 -0.519576 -17.978334 4
-51.236517 0.350724 -18.509834 15
-50.438017 -0.010276 -18.888234 3
-49.765117 -0.326876 -19.496334 11
-50.058017 0.699824 -19.652034 4
-49.369617 1.425524 -19.615934 13
-50.266617 1.940424 -19.543934 10
-50.192017 1.784124 -18.562334 13
-50.130217 2.158324 -17.726034 15
-50.057417 3.019124 -17.371634 10
-49.256517 3.253524 -17.872634 4
-49.430417 4.111724 -17.281234 11
-49.773217 4.876524 -17.801334 10
-48.876217 4.699424 -18.199734 5
-48.100917 5.266824 -18.030334 4
-48.208217 5.841124 -18.826234 1
-48.107717 5.764724 -19.762934 1
-47.551317 5.072824 -20.211734 10
-46.698817 5.111424 -20.659534 3
-46.473417 5.178224 -19.690134 4
-46.692017 5.796324 -18.969334 10
-45.921117 5.174624 -18.783734 1
-46.488017 4.817124 -18.090134 7
-46.311317 3.851424 -18.178734 1
-45.358617 3.907324 -17.973534 10
-45.035917 3.104724 -18.414534 4
-45.734617 2.553924 -18.833634 4
-45.465417 1.662024 -18.427834 8
-45.177617 0.803724 -17.950734 10
-44.145917 0.650224 -18.064734 7
-44.668717 0.063424 -18.675134 10
-45.422917 -0.203776 -19.152834 5
-45.799317 -1.028976 -19.154634 10
-45.277617 -1.548576 -18.483234 6
-46.031917 -2.104176 -18.234034 9
-46.643817 -1.792876 -18.902934 10
-46.174717 -2.343576 -19.500334 6
-45.316817 -2.230376 -19.872134 4
-44.566517 -1.688476 -20.130034 10
-44.470817 -0.888776 -20.725634 4
-43.555417 -0.770176 -20.814534 4
-42.629917 -0.802876 -20.906934 5
-42.208517 0.028824 -21.166234 7
-42.687317 0.769524 -21.040434 10
-43.063717 1.282524 -21.784134 13
-42.456017 0.909524 -22.470134 1
-42.929317 1.210524 -23.219134 1
-42.500817 2.015624 -23.670134 13
-41.902817 2.184324 -24.378234 1
-42.179717 2.515524 -25.257834 10
-42.388217 3.160924 -24.554134 4
-43.228517 2.679424 -24.478334 10
-42.877517 3.011924 -23.668134 3
-42.461517 3.926724 -23.674034 1
-41.607217 3.399224 -23.633334 9
-41.390117 3.163624 -22.710534 7
-42.002017 3.236324 -22.017934 1
-42.228817 4.169124 -21.681034 4
-41.682617 4.958824 -21.727534 13
-41.760617 5.053024 -20.712134 4
-41.470817 5.983524 -20.900734 7
-41.555417 5.714224 -19.934334 8
-42.072417 5.795124 -19.123434 11
-42.969617 5.787724 -18.757434 10
-43.543317 6.500724 -18.886834 11
-43.454017 6.384824 -17.942434 4
-42.987017 5.818424 -17.333534 10
-43.113517 4.938324 -16.945634 4
-43.979017 4.564124 -16.518734 8
-43.805317 5.400324 -16.058634 10
-43.497617 6.262224 -16.295334 4
-42.641117 6.733124 -16.159134 13
-42.319617 6.570624 -15.252634 3
-42.279117 5.880624 -14.607634 11
-42.081417 5.132624 -13.865734 1
-41.640517 4.257824 -13.650134 10
-41.260817 4.388524 -12.793534 5
-41.546617 5.213824 -12.380634 6
-41.373217 5.830624 -11.677834 13
-41.887817 5.101724 -11.324834 5
-42.754417 5.411724 -11.261534 5
-43.697617 5.726324 -11.357534 4
-44.436817 5.963024 -11.913734 4
-44.929117 6.268624 -12.736334 7
-45.662817 5.604024 -12.926734 4
-46.138917 5.576724 -13.698734 10
-46.469017 4.683324 -13.545434 4
-47.240317 4.991524 -14.006734 6
-47.770117 4.228624 -13.817534 1
-48.245917 4.833724 -13.296234 10
-48.728217 4.720224 -12.536234 10
-49.221317 4.709224 -11.660334 10
-49.814017 4.018424 -11.370434 10
-50.534317 3.690424 -11.903134 10
-50.998117 3.029924 -11.271234 15
-50.498717 2.367824 -11.824634 13
-51.008117 1.607824 -12.074534 15
-50.789417 1.556424 -13.040334 13
-50.119717 1.901824 -13.666334 9
-50.124417 2.422724 -12.875634 15
-50.127817 3.380024 -12.800334 10
-49.310917 3.755424 -13.258234 10
-49.662917 4.037824 -14.105334 9
-50.338917 4.300624 -13.492134 10
-50.260017 5.117324 -13.969334 7
-50.521517 5.741424 -14.611934 7
-50.996317 6.121724 -15.368734 12
-51.408117 6.701324 -14.721534 10
-51.992317 6.774424 -13.960934 1
-52.775717 6.738724 -13.490134 4
-53.568017 7.144324 -13.690034 7
-54.420317 6.800324 -13.908934 1
-54.583117 6.503724 -13.017834 4
-55.488417 6.658324 -12.860334 3
-55.006517 7.414704 -12.584934 7
-55.456817 8.357924 -12.621434 10
-56.140317 8.342414 -11.919834 12
-57.187417 8.313044 -11.941434 4
-58.079017 8.587824 -12.311334 1
-57.997717 8.958134 -13.188934 7
-58.636717 8.570094 -13.800834 1
-58.361517 8.936374 -14.724834 9
-58.256117 9.875534 -14.505534 4
-57.374217 10.212184 -14.366034 13
-56.851917 9.883774 -13.630034 6
-56.264417 9.681954 -12.878134 10
-55.472117 10.326734 -12.693534 4
-54.551517 10.540694 -12.510534 14
-53.774817 10.422964 -12.074934 11
-52.992917 11.013784 -11.895134 10
-52.731217 11.526484 -12.658534 11
-53.105717 12.010304 -13.426334 13
-52.727117 12.679354 -13.979434 7
-52.523017 13.140764 -13.211434 7
-51.965317 12.509904 -12.714134 4
-51.515317 13.203064 -13.192634 10
-52.024517 14.019444 -13.185134 7
-51.893517 14.557914 -13.927834 7
-52.130817 14.309644 -14.829434 7
-52.400517 14.295734 -15.810034 14
-52.653517 14.066184 -16.759734 12
-52.798117 13.254324 -17.373834 12
-52.696417 12.509804 -16.795434 12
-51.861517 12.622934 -17.284034 4
-52.255117 12.204424 -17.990534 4
-51.533017 12.072264 -18.651134 10
-51.244017 11.216824 -18.843234 13
-50.234617 11.349304 -18.659834 10
-49.454517 11.984174 -18.376234 12
-48.722217 11.560474 -17.874934 7
-49.133117 11.192484 -17.036634 1
-48.826617 10.513014 -16.472934 1
-48.131217 9.936904 -16.162634 7
-48.774817 9.200044 -16.166134 10
-48.653217 8.303394 -15.592734 4
-48.189117 8.279184 -14.662934 1
-47.948317 7.450434 -14.342534 3
-47.307917 7.424714 -13.641634 7
-47.947017 6.761124 -13.461234 10
-48.873917 6.748324 -13.837534 1
-49.061717 5.819524 -14.022034 10
-49.642117 6.019024 -13.292034 10
-50.193717 6.496824 -13.931134 7
-50.545317 6.846624 -13.085334 1
-50.861217 7.369684 -12.348834 15
-51.653917 7.952614 -12.325634 4
-52.360717 7.505564 -11.835634 4
-53.286317 7.771734 -11.662834 11
-53.153017 8.456424 -10.952234 1
-53.619717 8.065094 -10.064634 9
-53.312617 7.092624 -9.974834 7
-52.641217 7.707454 -9.563934 11
-52.158017 7.519254 -10.400234 12
-51.424917 7.023624 -10.764934 1
-50.796617 6.615024 -10.164134 7
-51.351417 5.877524 -10.460634 5
-51.193317 5.095624 -11.085234 10
-50.260017 5.024924 -10.688534 10
-49.464817 5.566324 -11.116834 10
-49.168917 6.460024 -10.696334 7
-49.061917 6.529724 -9.758234 7
-49.302517 5.501924 -9.753334 10
-48.752717 5.002424 -9.129134 13
-49.494817 4.486024 -9.481134 10
-50.046517 3.879824 -10.093534 10
-50.656217 4.398524 -9.543434 12
-51.632717 4.446124 -9.229734 15
-51.692817 4.080424 -10.122634 10
-51.962117 3.165624 -10.069634 7
-52.039817 3.074224 -9.027434 7
-52.119917 3.149324 -8.065134 14
-52.244417 2.611224 -7.235334 9
-52.970917 3.336724 -7.278334 14
-53.195817 3.782124 -6.482834 1
-53.895417 3.940324 -5.812334 10
-54.504617 4.117824 -6.476834 7
-54.807917 4.714924 -5.784734 4
-54.809517 4.363624 -4.868134 1
-55.735717 4.258924 -4.612234 10
-55.679117 3.240024 -4.553834 1
-56.460417 3.511924 -5.014034 12
-57.070317 2.866524 -5.388634 7
-57.549917 2.237724 -5.984034 1
-58.433217 2.003224 -6.304534 13
-59.172917 2.470924 -5.733234 7
-59.284817 2.620124 -6.749134 1
-58.589317 3.271224 -6.647334 4
-58.778617 4.167524 -6.216134 1
-59.028617 3.672524 -5.390934 10
-58.971617 3.742224 -4.435334 12
-58.619717 4.627824 -4.644134 7
-58.104917 4.983624 -5.556934 1
-57.798817 5.869424 -5.487534 10
-58.640717 6.304024 -5.287934 11
-59.458917 5.805524 -5.171934 7
-59.536717 6.744924 -5.344034 7
-59.063417 7.102724 -6.137634 4
-58.961617 7.248624 -7.066134 6
-59.196517 7.167024 -7.975634 8
-60.109117 7.164524 -8.196534 11
-60.147117 7.448894 -9.142934 12
-61.027917 7.371214 -8.944234 4
-61.259017 8.305214 -9.230234 10
-61.541717 8.928494 -8.362634 10
-62.359717 8.350374 -8.186434 9
-62.444317 9.295314 -8.461434 1
-62.930417 10.146014 -8.381634 10
-63.877817 10.379014 -8.143334 13
-64.432617 10.623694 -8.884034 1
-64.250717 11.554944 -9.156734 14
-64.346917 12.463214 -8.871434 11
-65.111317 13.032424 -8.877234 7
-64.364717 13.272274 -8.255734 13
-63.738417 13.072504 -7.590334 7
-63.403017 12.250204 -8.046034 15
-62.596117 11.834584 -8.292834 5
-62.565717 12.906584 -8.344834 7
-61.617817 12.763544 -8.276634 10
-61.425217 13.618544 -7.903934 7
-62.310917 13.862744 -7.798334 10
-62.231117 14.207154 -8.683434 7
-62.810917 14.796414 -9.264634 1
-63.269817 15.298804 -9.965034 6
-63.665017 15.789584 -10.722134 1
-62.890317 16.234784 -11.019134 1
-62.263017 16.94555 -11.301634 1
-61.366717 17.128425 -11.500834 4
-60.683117 17.734511 -11.245434 16
-60.372117 17.06408 -11.818734 7
-59.769217 17.335662 -12.436134 4
-58.965417 17.27837 -12.884034 1
-58.404417 16.626033 -13.304134 10
-58.891417 16.315904 -14.081734 10
-59.539317 16.077234 -14.786634 7
-59.287517 17.059936 -14.642634 14
-58.300517 17.217872 -14.290334 10
-57.536217 17.247883 -14.878634 10
-56.965217 17.449006 -15.687234 7
-57.054517 18.248342 -15.208134 11
-57.883417 17.939476 -15.581334 7
-58.358717 18.393174 -14.892534 10
-59.244917 18.24593 -14.522934 1
-59.548217 18.849504 -13.789134 14
-58.910717 19.642274 -13.671734 4
-58.170317 19.074604 -13.916934 10
-57.773617 18.868374 -13.021634 11
-56.965617 18.936404 -13.490834 10
-56.382417 18.155567 -13.468634 11
-55.510717 18.453184 -13.957534 12
-55.114017 18.977344 -14.654134 12
-55.773617 19.511964 -14.114834 12
-55.820217 19.479364 -13.166234 1
-56.436117 19.389474 -12.254734 7
-56.423417 19.046374 -11.406834 9
-55.990317 18.854424 -10.553534 7
-55.866017 19.138864 -9.636534 10
-55.186217 19.776554 -9.409634 1
-54.887917 18.832174 -9.470834 10
-54.881217 17.930625 -9.012534 12
-54.919017 17.30668 -8.301934 12
-54.032317 17.348291 -7.996234 13
-53.874817 17.372313 -8.948934 7
-53.355717 16.862435 -9.495134 4
-54.234017 16.587335 -9.849234 1
-55.051717 16.072504 -10.060434 4
-54.562217 15.639634 -10.725334 7
-54.575517 15.993144 -11.559834 15
-53.802717 15.555824 -11.955734 7
-54.206117 16.052234 -12.708234 15
-54.416917 15.223664 -13.197334 7
-55.287817 15.559934 -12.992734 15
-55.655817 15.312704 -12.117834 10
-54.825917 14.810294 -11.876434 7
-55.352317 14.016814 -12.264934 1
-54.567217 13.812094 -11.728434 1
-53.682317 13.559024 -12.019134 7
-53.316917 12.652504 -11.698434 15
-52.417417 12.841034 -11.595734 7
-52.706017 12.970014 -10.659134 12
-52.538117 13.908164 -10.499234 1
-53.334517 14.483924 -10.549434 12
-53.350117 14.423854 -11.485234 7
-52.846317 14.979094 -12.171434 7
-52.435517 15.862834 -12.199034 7
-52.212617 16.224804 -11.353334 16
-52.513917 16.951493 -10.806334 1
-52.251417 17.743933 -11.333834 3
-51.570217 17.355818 -10.675334 10
-52.045417 17.177554 -9.863134 11
-51.923117 16.981326 -8.931434 12
-51.222617 17.374031 -8.388934 1
-50.818917 16.671427 -7.734334 1
-50.615017 16.187194 -6.922034 10
-51.276317 15.761014 -6.406634 1
-52.199817 15.888964 -6.506134 12
-52.621917 16.583859 -6.076234 12
-53.335717 15.878024 -6.042134 9
-53.204017 14.916974 -5.988034 7
-53.982617 14.426924 -6.150134 15
-54.459317 15.371154 -6.057734 10
-55.145117 14.822834 -5.511834 5
-54.872017 14.799244 -4.594534 16
-54.339517 13.927554 -4.729834 15
-53.446417 13.728434 -4.995534 7
-52.925617 12.949614 -4.827834 1
-53.367917 12.358764 -5.418134 7
-53.801917 12.415154 -4.539234 4
-54.364917 12.908674 -5.112234 7
-55.238817 12.797844 -5.367234 1
-55.302817 11.852774 -5.818734 1
-55.805717 11.420234 -6.471334 15
-56.106117 11.845894 -7.251134 1
-55.881017 12.786624 -7.028434 1
-56.369017 13.551484 -7.344234 1
-56.695417 12.880374 -7.926834 7
-57.701217 12.957394 -7.784434 7
-58.318917 13.441994 -8.236434 1
-58.149217 14.354984 -7.993634 4
-58.137517 15.145584 -8.540734 10
-58.447217 15.930534 -8.868334 7
-57.791017 15.815364 -9.551234 1
-58.194117 16.020524 -10.408234 1
-58.299617 16.635252 -11.103634 1
-57.357017 16.340304 -11.104534 12
-56.618917 16.136664 -11.654734 10
-56.268417 16.164304 -12.501134 15
-56.822617 16.483959 -13.145334 10
-55.921617 16.662235 -13.282134 15
-55.302517 17.380602 -13.095634 15
-54.920917 18.326944 -13.118934 12
-53.978717 18.413864 -13.159034 12
-53.147617 18.199152 -12.704534 11
-52.931617 18.382724 -13.640034 11
-53.385417 18.332904 -14.488934 12
-52.850417 17.544309 -14.521334 10
-52.777017 17.047025 -13.666134 7
-52.463817 16.294746 -13.129634 7
-52.754217 15.951564 -13.919734 7
-53.595517 15.568584 -14.153834 9
-52.807517 14.990004 -13.989434 7
-53.074717 14.722584 -14.822134 7
-53.117617 15.307594 -15.625334 13
-52.227417 15.617204 -15.916934 13
-51.328617 15.248684 -15.597634 7
-50.568217 14.653794 -15.631634 7
-50.447917 13.742584 -15.336234 16
-51.295317 13.715914 -14.985934 7
-50.739117 13.152614 -14.461734 13
-50.895517 13.999634 -13.909534 7
-50.020017 13.640994 -13.611134 16
-50.259717 14.067674 -12.755934 16
-51.140617 13.932474 -12.370634 7
-50.612517 14.373684 -11.654734 9
-51.476017 14.497594 -11.297434 4
-51.854517 14.655974 -12.140034 7
-51.470017 15.538634 -12.212634 7
-50.701917 15.926164 -11.909734 15
-50.862017 16.900845 -11.707134 12
-50.175017 17.503901 -12.143534 14
-50.603617 18.382674 -12.051334 11
-49.926217 18.776794 -11.509534 10
-49.285817 18.686854 -10.769634 7
-49.022317 18.018947 -11.320534 12
-48.729617 17.068665 -11.403234 16
-49.126017 16.93088 -12.323234 6
-48.309617 16.279686 -12.359334 16
-49.164017 15.927724 -12.797534 1
-50.045417 15.658694 -12.704134 1
-49.620217 15.095734 -13.412234 12
-50.469717 15.184554 -13.810734 7
-51.382317 15.549214 -13.859834 7
-51.322617 16.045784 -13.106734 7
-51.564917 16.894791 -12.819034 4
-51.785517 17.827824 -12.491434 1
-51.796117 18.759304 -12.855134 11
-51.529317 18.715554 -11.931134 5
-52.153417 19.451944 -12.053934 11
-52.720417 18.797134 -11.688634 12
-53.508317 18.553364 -11.198334 4
-54.096317 17.889954 -10.942334 7
-54.621917 16.986422 -10.986534 1
-55.432317 16.997638 -11.472134 15
-56.234917 17.456126 -11.374034 11
-56.479717 17.876134 -12.166234 9
-57.230817 17.326514 -12.511234 1
-57.569117 17.302884 -13.331734 10
-56.893717 17.259528 -14.067334 10
-56.387217 16.475211 -14.255234 15
-56.582717 16.603881 -15.145034 7
-56.617417 16.281169 -16.099534 7
-56.016917 16.332343 -16.769534 7
-55.327117 15.776794 -16.895434 14
-55.845717 15.074034 -16.324834 16
-56.580517 14.496054 -16.096134 15
-56.714117 13.756194 -16.726234 1
-57.389117 13.070974 -16.413834 16
-58.232817 13.505444 -16.643534 16
-59.104717 13.550684 -16.233934 10
-59.634017 13.997164 -15.555034 1
-59.957017 14.719614 -16.010834 1
-59.222417 15.327074 -16.198834 13
-58.386017 15.564314 -16.736334 12
-58.538217 16.343489 -16.174034 12
-57.926817 16.982295 -16.355734 7
-57.952717 17.051195 -17.316934 7
-58.806817 16.910296 -16.997234 16
-59.635617 17.363301 -16.978334 10
-59.666417 17.971516 -17.780134 13
-59.164717 18.594824 -17.188834 1
-58.239417 18.707794 -17.054534 7
-57.706917 19.169354 -16.285034 1
-56.852117 19.022134 -16.564134 7
-56.148217 19.029774 -15.894034 12
-56.229717 18.100782 -16.152834 7
-56.532417 17.388718 -16.761034 7
-57.036517 17.551297 -17.502634 7
-57.746017 17.923365 -18.029634 6
-57.198317 18.641774 -17.646834 7
-56.691917 19.243034 -18.170734 4
-56.254617 19.505764 -17.339534 7
-55.590717 20.005924 -17.788434 16
-55.086217 20.821124 -17.784434 15
-54.937317 21.156984 -18.679834 15
-55.060317 20.925814 -19.606134 9
-54.157317 21.091184 -19.999834 15
-54.051717 20.245734 -19.653134 11
-54.283717 20.398484 -18.777334 15
-54.945117 19.709424 -18.655334 7
-54.894217 19.220984 -19.536034 11
-55.372017 18.844264 -20.276334 7
-55.275617 19.498044 -21.013534 11
-56.182717 19.756334 -20.962534 16
-56.691317 20.595554 -20.934634 10
-56.698517 20.703514 -20.004234 1
-56.512917 20.224404 -19.227734 9
-56.123717 19.433384 -19.643134 11
-55.817417 18.861094 -18.905934 1
-55.577917 18.961564 -17.986634 7
-55.337317 19.149234 -17.050734 7
-55.435417 19.504964 -16.230034 12
-55.148517 20.229124 -16.828434 13
-54.337117 19.998974 -16.452134 12
-53.877017 20.706884 -15.885134 16
-53.194617 21.325394 -15.983234 16
-52.467317 20.828544 -15.580934 16
-51.914717 20.082484 -15.921234 12
-51.386517 20.675124 -16.488534 7
-51.433017 21.380824 -15.882934 16
-50.712117 21.605054 -16.453734 5
-49.935717 21.795934 -16.858334 12
-49.232017 21.417994 -17.425334 14
-49.186117 22.073314 -18.273534 10
-49.590117 22.420584 -19.088734 4
-49.377817 23.171404 -19.757034 7
-49.150117 23.429784 -18.769434 10
-49.691917 24.116814 -18.290734 7
-49.833217 24.357174 -19.172234 1
-50.274917 24.425454 -20.066634 16
-51.152017 23.971864 -19.979634 1
-51.990517 23.535374 -19.945234 7
-51.751017 22.869174 -20.626334 10
-51.683317 22.274564 -19.908134 15
-51.068317 21.484464 -19.831934 1
-50.952917 21.571074 -18.880034 7
-50.341917 20.979784 -18.460134 1
-50.979117 20.452604 -18.099134 16
-50.697317 19.657744 -18.483834 1
-51.366217 19.292744 -17.898634 1
-51.778117 19.032184 -17.019334 1
-51.941917 18.609324 -16.215234 1
-52.401317 18.998414 -15.425134 15
-53.377617 19.054534 -15.357834 12
-53.490917 19.245364 -16.278134 7
-54.150417 18.526224 -16.285234 12
-53.155817 18.329354 -16.112634 8
-53.429617 17.65637 -15.359234 12
-54.048817 17.006454 -15.639534 13
-54.243417 17.304571 -14.730234 12
-54.534217 16.349802 -14.747634 15
-53.612617 16.458023 -14.795834 13
-52.668217 16.480189 -14.773234 7
-52.454517 17.091748 -15.428834 13
-51.787017 16.383361 -15.289434 7
-51.134317 15.923734 -14.858134 7
-50.221817 15.641844 -15.164234 16
-49.469017 16.186044 -14.906434 5
-49.150917 17.068725 -14.653734 15
-49.969717 17.359875 -14.272434 7
-49.802217 17.99668 -13.570634 9
-50.032117 18.760144 -12.948534 11
-50.086717 19.736714 -13.037034 11
-49.785617 20.187154 -12.220134 7
-48.887217 20.131834 -12.585434 1
-49.265317 20.588074 -13.432434 7
-48.866617 19.726294 -13.779534 16
-49.482817 19.498644 -14.522834 1
-50.237617 18.958064 -14.893934 12
-51.046917 18.810694 -15.475334 1
-51.422417 18.816444 -14.544534 11
-52.388017 18.518924 -14.570734 12
-51.764017 17.762301 -14.513234 7
-51.662217 18.208297 -13.712434 11
-51.075417 17.378394 -13.904934 7
-51.023917 17.019161 -14.802034 7
-50.762217 17.020573 -15.697234 16
-50.185717 17.195461 -16.450634 14
-49.611017 17.100155 -17.193734 4
-50.123817 17.205093 -18.008334 5
-51.040717 17.394719 -18.188534 16
-51.800917 17.33597 -18.855634 7
-52.444017 16.99935 -18.267034 9
-53.437417 17.258472 -18.384034 7
-53.365917 16.684994 -19.119734 15
-53.969017 15.929584 -19.523234 16
-54.865317 16.385284 -19.429034 10
-54.783617 16.953273 -18.690234 16
-54.984517 17.154727 -17.804034 7
-55.476617 17.435937 -17.014634 7
-55.181317 18.150935 -16.364934 7
-55.340417 18.622474 -15.580734 12
-55.306217 17.99677 -14.877634 12
-55.263717 17.137824 -14.421734 1
-55.539717 16.452626 -14.988734 7
-55.518817 15.748894 -14.256534 15
-55.657617 15.147484 -14.979034 1
-56.342217 14.495784 -15.015734 1
-56.848917 14.880724 -14.202934 15
-57.796117 15.335204 -14.281734 10
-58.295917 14.539504 -14.350834 7
-58.386117 14.678684 -13.390334 11
-57.499217 14.219374 -13.565134 7
-56.768617 14.678374 -13.129434 15
-56.072217 14.053414 -12.927634 1
-55.537517 13.285354 -13.104434 1
-54.784217 13.347334 -13.914534 6
-54.111117 13.107114 -13.263634 12
-53.395417 13.641574 -13.028734 7
-52.934117 14.452014 -13.153834 7
-53.768417 14.496564 -13.636934 7
-54.316817 14.813184 -14.379734 16
-54.345417 14.753524 -15.320534 11
-53.747317 13.945324 -15.525034 12
-54.278817 14.182384 -16.257734 12
-53.861417 15.019424 -16.428634 13
-53.613217 15.963054 -16.735034 13
-53.827817 16.789556 -17.190134 16
-53.782717 17.746064 -17.311634 7
-53.675317 18.332034 -18.003734 16
-54.280617 19.071734 -17.904334 7
-54.157417 19.973204 -17.510134 15
-53.290917 20.259904 -17.191234 9
-53.303917 21.252554 -17.152934 15
-53.172817 21.727254 -17.987134 15
-52.542717 21.008584 -17.879134 4
-53.085217 20.667044 -18.628434 15
-52.634217 19.902984 -18.057134 7
-52.987217 19.546614 -18.840134 11
-52.660717 19.263654 -19.709834 16
-53.619317 18.959094 -19.783134 11
-54.278017 18.383874 -20.307834 11
-54.078617 17.423932 -20.602034 12
-54.502017 17.514055 -19.654834 7
-54.999717 18.043881 -18.908334 8
-55.709217 17.897916 -18.184334 7
-56.545617 17.519969 -18.546234 7
-57.386317 17.611446 -19.027734 1
-57.591017 16.807465 -18.646134 1
-57.696717 16.064654 -18.016834 7
-57.251217 15.304894 -17.639634 7
-57.044517 14.418034 -17.475134 1
-56.619717 14.462414 -18.357634 7
-57.206817 14.185854 -18.998034 1
-56.350317 14.034534 -19.387934 1
-55.998817 13.157714 -19.394534 1
-56.143617 12.142764 -19.531334 1
-56.500017 11.300454 -19.451834 1
-55.961917 11.340934 -18.594934 11
-55.976117 12.248204 -18.176434 16
-55.904517 11.869714 -17.271334 16
-56.009917 11.087384 -16.706534 16
-55.183717 10.847954 -17.168034 15
-54.433617 11.462294 -17.226034 11
-54.492517 12.187794 -16.508334 12
-53.641517 12.261134 -16.185434 12
-53.846317 11.863384 -15.404134 7
-53.548117 12.389324 -14.612134 16
-53.352017 12.904844 -15.444334 12
-52.678417 13.355104 -14.985334 7
-52.361217 12.543294 -15.431734 5
-51.716317 12.424034 -14.683934 7
-51.257017 11.877204 -15.408334 7
-50.761617 11.082074 -15.155934 15
-51.227317 10.949834 -14.327934 14
-51.712617 10.220624 -14.528534 13
-51.486417 9.783444 -15.349734 1
-52.245617 9.747094 -15.994734 11
-52.630317 8.923164 -15.587734 1
-53.356517 9.583734 -15.312334 16
-53.411917 10.278424 -14.626934 7
-53.793017 10.192004 -13.761434 15
-54.482717 10.963214 -13.951334 7
-54.872617 11.461064 -14.698434 11
-55.298417 12.333724 -14.469734 16
-55.268417 12.413994 -15.437734 12
-55.873417 13.157494 -15.825634 1
-55.446817 12.984074 -16.650834 1
-54.483717 13.377174 -16.893834 12
-53.821117 13.784514 -17.491434 12
-53.855017 14.280134 -18.421234 8
-53.407717 14.794944 -17.763234 13
-53.949717 15.576984 -18.015634 9
-54.803717 15.329004 -18.039234 12
-55.528717 15.916564 -18.215634 7
-56.281717 15.615304 -17.609634 7
-56.742717 16.210954 -18.314634 7
-57.179217 15.538484 -18.967134 1
-56.757017 15.257204 -19.821734 16
-56.717117 15.902134 -20.602834 7
-55.731617 15.894304 -20.509734 15
-55.974217 16.189984 -21.362834 12
-55.044917 16.197214 -21.450334 12
-54.162117 16.558839 -21.651134 5
-54.117317 17.533361 -21.590934 8
-54.078417 18.481344 -21.408934 7
-53.673417 19.365174 -21.453334 11
-53.217917 19.630954 -20.738834 11
-53.694317 20.397494 -20.975434 11
-52.891317 20.814374 -21.408334 1
-52.917717 21.534364 -20.758634 7
-53.217817 21.615964 -19.850734 11
-53.693617 22.341494 -20.436934 7
-54.359717 22.247944 -19.750134 1
-54.741017 22.180754 -18.853834 15
-54.165117 22.136344 -18.093634 15
-53.559517 22.775014 -18.526934 7
-54.301317 23.116574 -19.145234 15
-54.933317 23.302624 -19.842934 7
-54.990917 24.154414 -20.330034 7
-55.615817 24.414414 -19.648434 1
-55.922717 24.892644 -20.449734 16
-55.758617 25.763874 -20.825434 1
-56.444617 25.334854 -21.415734 1
-56.998417 25.926314 -20.825734 1
-57.574717 25.304834 -20.297334 16
-57.618217 25.692874 -19.383434 16
-57.182717 26.504034 -19.739134 1
-56.517317 27.229204 -19.517334 12
-55.730417 27.318424 -18.921334 16
-55.152017 27.020464 -19.674534 7
-54.277017 27.424624 -19.747934 10
-53.801617 26.613124 -19.448934 1
-53.397317 26.295954 -18.557134 16
-53.453517 25.762824 -17.730834 14
-53.309917 26.495324 -17.145434 12
-53.773717 27.361024 -17.037634 12
-54.220117 28.156424 -17.274634 1
-54.870417 27.482524 -17.287134 15
-55.037417 26.587244 -16.995634 1
-55.316817 26.112034 -17.746334 1
-54.540517 25.799964 -18.187534 16
-54.846117 24.850644 -18.383434 16
-54.610517 24.008574 -18.032634 15
-54.087317 23.376264 -17.587934 15
-53.582717 24.222594 -17.491934 5
-52.703717 23.913154 -17.279534 12
-52.687317 22.948754 -17.326734 15
-52.271117 22.441064 -16.642634 16
-51.458617 22.870834 -16.352834 1
-51.460317 22.632054 -15.406034 16
-51.570217 21.777274 -14.897634 16
-51.098817 21.034214 -14.277734 11
-50.181617 21.247794 -14.297034 13
-49.879617 21.638534 -13.433934 8
-50.836517 21.667064 -13.569234 11
-51.360317 22.457534 -13.786134 16
-52.142317 21.942624 -13.775634 16
-52.619517 21.392114 -13.086934 11
-53.155317 22.120984 -12.731334 16
-53.933317 22.659234 -12.370834 8
-53.565117 22.877384 -13.189934 16
-53.240117 23.012844 -14.123234 16
-52.591717 22.805964 -13.466334 16
-52.213517 22.445074 -12.633234 7
-51.901517 21.581284 -12.340234 11
-50.962717 21.501064 -12.075234 1
-51.146517 20.559624 -12.421234 11
-51.412817 20.203194 -11.605234 1
-50.664417 20.415064 -11.033034 1
-51.329917 20.337364 -10.352234 1
-50.967717 20.510334 -9.453734 16
-50.996917 21.301344 -8.954734 11
-51.784717 20.783264 -8.569034 16
-52.112117 20.386724 -9.403334 1
-52.849617 20.940954 -9.324334 7
-53.596217 21.469004 -9.605734 1
-54.521817 21.250084 -9.413934 16
-55.198217 21.978404 -9.839834 1
-55.355417 21.172544 -10.475234 1
-55.308217 20.862484 -11.413134 11
-56.096017 20.416314 -11.080634 15
-56.129417 20.021664 -10.231434 16
-57.070017 20.142184 -10.496134 15
-57.547017 20.385114 -11.297134 1
-56.970617 21.152154 -11.423134 16
-56.661617 20.562094 -12.083834 12
-55.934117 20.660754 -12.749934 7
-56.513317 20.621434 -13.548734 5
-56.023717 21.381744 -13.854334 16
-55.675817 20.651024 -14.429034 12
-56.055217 21.095384 -15.237834 5
-55.212417 21.571924 -15.348334 16
-54.629417 20.856084 -15.037934 16
-55.056117 20.459094 -15.844134 12
-54.951417 21.261824 -16.309834 16
-54.520117 21.608864 -17.119334 15
-54.730517 22.541554 -17.160234 15
-54.914417 23.417024 -16.714034 7
-55.054817 24.122604 -16.029734 1
-55.781017 24.599944 -15.586734 1
-56.453117 23.887034 -15.518434 13
-56.027217 23.377114 -16.322034 1
-55.412717 22.637394 -16.114234 1
-54.506317 22.776594 -15.861734 16
-54.780917 22.575484 -14.969034 16
-54.060617 22.120934 -14.563934 16
-53.187217 22.194704 -14.917134 16
-52.569717 21.520234 -14.689134 16
-51.991817 20.706274 -14.501834 15
-51.452717 20.082924 -14.000734 11
-51.712217 19.899034 -13.056834 11
-52.547317 20.233754 -13.439334 11
-53.169317 20.792354 -13.978034 16
-53.557217 21.050614 -13.086034 16
-54.199417 21.541354 -12.603434 1
-54.311817 22.118674 -13.385934 16
-54.137617 21.271554 -13.920634 16
-54.842517 20.637594 -13.927534 1
-54.676317 19.950524 -14.529334 12
-54.002417 19.277574 -14.528234 12
-53.515617 20.091044 -14.643734 16
-53.404017 19.764694 -13.765034 11
-53.932517 19.568584 -12.951234 12
-53.382917 20.093324 -12.268234 11
-52.869317 20.064964 -11.530934 1
-53.431217 20.873764 -11.301534 8
-52.953617 21.322934 -10.586534 5
-53.041217 22.293314 -10.235634 15
-52.068117 22.446924 -10.002834 7
-51.769917 22.855214 -10.840134 1
-51.151217 23.541864 -10.859534 8
-51.329017 24.403174 -11.092434 15
-51.669617 25.266364 -11.167934 16
-51.974917 26.166744 -11.397434 8
-52.885917 25.865784 -11.404134 12
-53.552917 26.328164 -10.871734 1
-53.886417 25.576324 -11.340534 16
-54.638117 25.150624 -11.847434 15
-55.170717 24.969124 -11.100134 5
-55.559117 24.133854 -11.559334 1
-56.319317 24.680894 -11.991734 13
-55.534617 25.135594 -12.294834 7
-55.722017 24.397464 -12.901934 1
-55.477517 25.001554 -13.625934 16
-54.821617 24.427344 -14.005234 9
-54.416217 23.986924 -14.791034 16
-53.619217 23.904734 -14.373034 16
-53.301217 24.538454 -15.008434 14
-53.056817 25.447254 -14.643334 1
-52.404717 25.102054 -15.279234 12
-52.091717 25.839734 -15.909734 12
-52.977817 26.192984 -16.077334 1
-53.065717 25.189794 -16.109034 1
-53.251017 24.226974 -16.115434 1
-53.447717 23.334044 -16.479634 15
-53.280817 22.539244 -15.956734 16
-52.627617 23.119254 -15.590934 16
-52.143217 23.894864 -15.425234 8
-52.156117 23.785654 -14.515734 16
-51.223617 23.614484 -14.811834 5
-51.124617 23.678964 -13.821734 7
-51.788117 23.707874 -13.245934 16
-52.204817 24.580844 -13.227034 11
-52.848217 24.437444 -12.464034 16
-53.750117 24.438194 -12.480634 5
-54.096317 23.870144 -13.175534 16
-54.724617 23.188204 -12.840634 7
-55.140517 22.406474 -12.477534 1
-55.305017 22.493884 -13.462234 16
-55.543117 22.766244 -14.295934 16
-56.016017 22.201884 -15.010234 11
-56.774517 21.671104 -14.737334 16
-56.920517 20.712524 -14.801234 1
-56.798617 19.749324 -14.809034 12
-57.045017 19.803334 -15.770234 1
-56.210817 20.237064 -15.946234 12
-56.055417 20.764814 -16.718534 1
-56.179317 21.436664 -17.340234 15
-56.402417 21.892124 -16.524134 1
-56.723317 22.583524 -17.097534 16
-55.796517 22.732034 -17.311034 15
-56.084417 23.103894 -18.133234 11
-55.734917 22.603104 -18.860534 15
-56.619117 22.950884 -18.929934 16
-57.492117 23.366754 -19.193134 16
-58.224417 22.870324 -19.524334 1
-58.134717 23.003064 -20.510134 1
-58.659117 23.098504 -21.313134 16
-58.104617 22.857634 -22.108534 12
-58.043517 22.035874 -21.560434 1
-58.172917 21.115524 -21.782134 1
-59.067617 20.863444 -21.941134 16
-59.001917 21.437354 -21.154334 5
-59.880517 21.709994 -21.312534 7
-60.333417 22.538734 -21.226734 7
-60.150317 22.369914 -22.167434 1
-60.564717 23.174704 -22.388134 11
-60.445817 24.060344 -22.685134 16
-61.336817 24.218204 -22.737434 16
