-6.005442 -32.266542 -39.697044 1
-5.638542 -32.458642 -38.819144 3
-5.585142 -33.348442 -38.511644 16
-4.884742 -33.742342 -39.016944 2
-4.105442 -33.364042 -38.523944 1
-3.573142 -33.082042 -37.728544 4
-3.966342 -33.978242 -37.571044 12
-3.714442 -34.957542 -37.580944 2
-3.491442 -35.868642 -37.366444 1
-2.873942 -36.602842 -37.535144 1
-3.627942 -37.047042 -37.105944 1
-3.534342 -36.833442 -36.214244 1
-3.187242 -37.651142 -35.921744 14
-2.291142 -37.581942 -35.522844 1
-2.728142 -38.379242 -35.057644 1
-3.126942 -39.217842 -34.729644 9
-3.363942 -39.948342 -35.345144 11
-3.792542 -40.102542 -34.549544 5
-4.567742 -39.869542 -35.251944 15
-5.400442 -39.361142 -35.375244 1
-4.945142 -38.890042 -36.081344 8
-5.227542 -38.010642 -36.530244 2
-5.724942 -38.172242 -35.662544 8
-5.816242 -37.233742 -36.022344 9
-6.439442 -36.422242 -35.730944 2
-6.005042 -35.655042 -35.073244 2
-5.072142 -35.420642 -34.706244 1
-5.135142 -34.511542 -34.274544 13
-5.205742 -34.811642 -33.382944 15
-4.867742 -34.342242 -32.585044 14
-5.270142 -33.731842 -31.880044 14
-6.141342 -34.070042 -31.674144 2
-6.406842 -33.159042 -31.677944 14
-7.416742 -33.446242 -31.608944 2
-8.054642 -32.985642 -31.026344 6
-7.382242 -33.539642 -30.539744 1
-7.835842 -33.488342 -29.711544 6
-6.901242 -33.687042 -29.517044 8
-5.952042 -33.605742 -29.504644 12
-5.954342 -33.114242 -30.469544 14
-5.563342 -32.251142 -30.298844 14
-4.952642 -31.906342 -29.597244 2
-5.005542 -32.796742 -29.432144 6
-4.019242 -32.734942 -29.122644 2
-4.558442 -33.306442 -28.635244 14
-4.774642 -33.835042 -27.823944 11
-4.158942 -33.061442 -27.682644 1
-3.797942 -32.527342 -26.963644 3
-3.854542 -31.803542 -27.597444 2
-3.322742 -31.186342 -28.116444 2
-2.960942 -31.468342 -28.917944 2
-2.410942 -31.758942 -29.631144 1
-1.437342 -31.527142 -29.324544 7
-1.478842 -30.577742 -29.630344 5
-1.897242 -29.842942 -29.241744 5
-2.493542 -30.568242 -29.196044 2
-2.754642 -29.828742 -28.595444 5
-3.463042 -30.100942 -28.020044 2
-4.302442 -29.887142 -28.362844 2
-4.780142 -30.630142 -28.646744 2
-4.632742 -30.872742 -29.501844 2
-4.999142 -30.728342 -30.376244 14
-5.627742 -30.078042 -30.766844 8
-6.454342 -30.387842 -31.069444 9
-5.843242 -30.932842 -31.629144 14
-5.916042 -30.580942 -32.562544 14
-6.478842 -29.979842 -33.026644 1
-6.807342 -30.257342 -33.858544 2
-6.772742 -29.401342 -34.312044 1
-7.097842 -28.562042 -34.735544 9
-7.086642 -27.610152 -35.020444 1
-7.484942 -27.800682 -35.872744 14
-6.908442 -28.537642 -36.165544 8
-5.990942 -28.470742 -36.088344 1
-5.776242 -29.416542 -35.826344 15
-5.544442 -29.283642 -34.885944 1
-4.835442 -29.873942 -34.499744 15
-4.732742 -29.749942 -35.408744 11
-3.894242 -29.525142 -35.817144 2
-4.513042 -29.419142 -36.568744 12
-4.539342 -30.337442 -36.263944 8
-3.571742 -30.596542 -36.282644 2
-3.325942 -31.485142 -36.509744 1
-3.364642 -32.174142 -35.848044 2
-3.637342 -32.548942 -34.935944 6
-3.333642 -33.044842 -34.186044 10
-2.825142 -33.490642 -33.481744 2
-3.563742 -33.021742 -33.066344 14
-3.498642 -33.186542 -32.106744 14
-3.355342 -34.082342 -31.789644 8
-3.320242 -35.060342 -31.860344 1
-2.592442 -35.668642 -31.882644 1
-2.092742 -34.908142 -32.054644 2
-1.524642 -34.705542 -32.897844 1
-0.555042 -34.630242 -33.049144 3
-0.337042 -34.790442 -32.133644 2
-0.138042 -35.435542 -31.443044 7
0.308758 -34.707442 -30.905844 14
-0.203842 -34.989742 -30.174844 1
-1.128542 -35.199442 -30.324644 1
-0.977942 -34.207442 -30.410144 1
-1.522542 -34.474442 -31.102144 2
-2.085842 -33.640842 -31.007044 1
-2.663142 -32.894942 -30.796144 1
-3.599142 -33.208742 -30.984644 1
-4.396742 -33.156342 -31.417544 14
-4.605042 -32.527042 -30.715344 14
-4.355342 -31.612742 -30.449544 14
-3.706542 -31.565742 -29.722344 2
-3.170842 -31.429642 -30.540044 14
-3.216442 -31.257642 -31.506244 14
-2.439442 -30.774842 -31.115344 5
-2.950942 -29.997242 -31.264444 14
-2.979542 -29.320242 -30.603444 5
-2.776842 -29.524142 -29.722844 5
-3.101242 -30.274742 -30.195144 14
-4.047142 -30.158042 -29.988344 2
-3.847742 -29.552642 -29.241944 2
-3.750142 -28.850242 -28.534044 11
-4.745342 -28.940742 -28.512244 2
-5.465742 -29.340042 -27.869944 6
-6.042442 -28.533242 -27.968044 9
-6.457142 -28.664442 -28.832644 8
-5.655442 -28.845042 -29.375044 2
-5.405042 -29.170942 -30.306744 2
-5.823342 -28.310942 -30.501944 8
-5.450942 -28.464842 -31.396644 8
-5.109442 -28.750742 -32.226744 1
-4.435542 -28.842342 -32.918744 2
-4.936542 -29.025142 -33.745344 15
-4.134242 -28.793842 -34.237544 2
-3.356142 -29.313042 -34.068944 15
-2.443842 -29.639542 -33.953844 2
-3.021742 -30.122042 -33.436944 15
-3.149542 -29.752942 -32.552144 1
-3.739642 -29.221442 -31.976944 2
-4.589842 -29.064242 -31.511444 1
-3.954042 -29.595542 -31.023544 14
-4.310142 -29.110242 -30.124344 2
-4.666742 -28.482142 -29.476344 2
-5.232442 -27.720612 -29.568144 8
-5.745042 -27.674172 -28.776444 8
-5.762142 -27.535392 -27.843044 3
-5.960542 -27.608792 -26.885844 12
-6.224242 -28.557642 -26.817544 8
-5.688142 -29.345942 -26.639144 2
-5.539342 -29.587642 -25.725144 14
-5.143542 -30.329442 -25.276944 12
-4.366042 -30.263942 -25.880644 9
-3.439042 -30.439042 -25.975844 6
-3.594542 -30.212742 -26.859144 2
-3.563742 -31.134642 -26.710844 2
-3.572742 -31.807842 -26.037944 1
-2.748742 -31.707342 -25.479344 1
-1.774042 -31.795842 -25.690044 1
-2.091842 -30.893142 -25.767644 11
-1.568342 -30.454442 -26.431544 2
-1.105542 -30.756742 -27.158644 1
-0.952142 -30.530442 -28.129144 1
-0.514742 -30.977842 -28.869644 5
-0.021442 -30.992542 -29.691344 2
-0.241842 -30.181542 -30.162744 5
0.050958 -30.798342 -30.868544 6
-0.837942 -30.942742 -30.458444 2
-1.140842 -30.160442 -30.908544 5
-1.224842 -30.743042 -31.744344 2
-0.847742 -31.637842 -31.721044 2
-1.604842 -32.117742 -31.434844 6
-2.611942 -32.025442 -31.608144 14
-2.009442 -31.489942 -32.118844 3
-2.133342 -30.986442 -32.970344 2
-3.032842 -31.039442 -32.503344 14
-3.305542 -31.144842 -33.476244 15
-3.968142 -31.430642 -34.144044 2
-4.440242 -30.893142 -33.535344 15
-4.116642 -31.143542 -32.679644 14
-4.218642 -31.358842 -31.723644 14
-4.836542 -30.644942 -31.584844 14
-4.723942 -30.406842 -32.483844 14
-5.258842 -29.705942 -32.940244 15
-5.800942 -29.634642 -32.067344 8
-6.670642 -29.205042 -32.255244 9
-6.857942 -28.477442 -31.687644 8
-7.748142 -28.547342 -32.035744 1
-7.840642 -28.690042 -31.067144 2
-7.001642 -28.668542 -30.419044 8
-7.575942 -29.361942 -30.059444 2
-6.806242 -29.917942 -29.954644 14
-5.923542 -30.302942 -29.660444 2
-5.787942 -30.074042 -28.731944 2
-6.679742 -30.032542 -28.294244 14
-7.553042 -30.352142 -27.913744 9
-8.099042 -30.708142 -27.201344 5
-8.337442 -30.763442 -26.318644 1
-7.406842 -30.948942 -26.333044 8
-6.654142 -31.018142 -25.723444 3
-5.906942 -31.659142 -25.607644 1
-5.241442 -31.134642 -26.037344 1
-4.892442 -31.303442 -26.886044 2
-5.818842 -31.248142 -26.991944 1
-6.014942 -31.121242 -27.994944 2
-5.081542 -31.425042 -28.004344 2
-5.216042 -32.177442 -28.609644 2
-5.379042 -32.507642 -27.707044 1
-6.206542 -32.662742 -27.228444 2
-6.074542 -33.575842 -26.785344 14
-6.094242 -34.535142 -26.616244 4
-6.768442 -34.222442 -27.256744 2
-7.152442 -34.362342 -28.184544 7
-7.991542 -34.559142 -28.666144 3
-8.223342 -34.757242 -27.822344 3
-8.692942 -34.170242 -27.228544 1
-9.075242 -34.579742 -26.489244 8
-9.740442 -34.720542 -25.802844 8
-9.709942 -33.794842 -25.973944 1
-9.965242 -32.854542 -26.323644 14
-10.360042 -32.025942 -26.660944 12
-11.074942 -32.516642 -26.391144 2
-11.407942 -32.924042 -25.642344 14
-11.330742 -33.910442 -25.816444 2
-11.897142 -34.662042 -26.040744 10
-12.275342 -34.010942 -26.566944 2
-12.437142 -33.141342 -26.939644 6
-11.751242 -32.652642 -27.331344 2
-11.231542 -31.940742 -27.677844 6
-11.582342 -32.686242 -28.330144 1
-11.361942 -32.894342 -29.292844 2
-10.981742 -32.037142 -28.986244 9
-10.112542 -32.265842 -29.287744 8
-9.580642 -32.497442 -30.045444 1
-8.979242 -32.180842 -29.328344 3
-8.342242 -32.049342 -28.639144 1
-7.596242 -31.829442 -29.159844 7
-7.856442 -31.814542 -30.109744 1
-7.040542 -31.454742 -30.406344 3
-6.649342 -31.395242 -29.509644 2
-5.889542 -31.364242 -30.078144 2
-6.215442 -31.793442 -30.899544 14
-6.113542 -31.880342 -31.882944 14
-6.930742 -31.381442 -32.238644 8
-7.879342 -31.129642 -32.377344 12
-8.760642 -31.004542 -32.716344 8
-9.677742 -31.454442 -32.849244 1
-10.071242 -30.680242 -33.210744 14
-10.637542 -31.447042 -33.185944 3
-10.697042 -32.537942 -33.114744 2
-9.930342 -32.844742 -32.620944 15
-9.028442 -32.483442 -32.682244 2
-8.921842 -31.949842 -33.540344 11
-8.296842 -31.560942 -34.156544 5
-7.945542 -32.525742 -33.928644 2
-7.531142 -33.272642 -33.466444 5
-7.303842 -34.189842 -33.271944 2
-6.592442 -33.842742 -32.621844 3
-5.816342 -33.288142 -32.683844 2
-5.369342 -32.481642 -32.490244 14
-4.610742 -32.266542 -31.926744 14
-4.484142 -32.093942 -32.882544 14
-5.460442 -31.916742 -33.350544 1
-6.207042 -31.882642 -34.011144 1
-6.938742 -32.045242 -34.607044 1
-7.189542 -32.829642 -35.178544 1
-7.902442 -32.208042 -35.471144 4
-8.263542 -31.296842 -35.468644 2
-8.797442 -30.822142 -36.069544 14
-9.322942 -30.666642 -35.229644 2
-9.067842 -30.069042 -34.532844 1
-8.395942 -29.846742 -33.915144 3
-8.807742 -29.233142 -33.284344 2
-9.208642 -28.851942 -32.443444 1
-9.605642 -28.026042 -32.842344 2
-9.073242 -27.295762 -33.228144 9
-9.308942 -27.741342 -34.063944 2
-8.895042 -26.944192 -34.447844 9
-8.056842 -26.305862 -34.398944 9
-7.280342 -26.472822 -34.914444 2
-6.674042 -26.570332 -34.102044 6
-7.502542 -26.353012 -33.580544 9
-7.404642 -25.507212 -34.068244 6
-8.273442 -25.301282 -33.738744 9
-8.041342 -24.651102 -33.049444 2
-7.404342 -25.355712 -32.988244 6
-7.938142 -25.496382 -32.207544 2
-7.147942 -25.346162 -31.721544 2
-7.261142 -26.291992 -32.022244 9
-6.556342 -26.821402 -31.998044 8
-6.555442 -27.092562 -32.946544 2
-5.672642 -27.098952 -32.466744 14
-5.144042 -27.457472 -31.745544 8
-4.335742 -26.856712 -31.821044 14
-4.206742 -26.443262 -30.931144 2
-4.751542 -26.557922 -30.139944 8
-3.877942 -26.665062 -29.938444 3
-4.187642 -25.933432 -29.352144 6
-5.093142 -25.628022 -29.500444 8
-4.910942 -25.282712 -28.637044 2
-5.645142 -24.726432 -28.194044 3
-6.102542 -25.542102 -28.373244 6
-6.434942 -25.770582 -29.298544 8
-6.922042 -25.717762 -30.108844 8
-7.761842 -25.258992 -29.922744 2
-8.238442 -24.623952 -29.415244 3
-8.956742 -24.026982 -29.149844 3
-9.260442 -24.747342 -29.661344 2
-10.206042 -24.667232 -29.971644 14
-9.816542 -25.216372 -30.711344 2
-10.568542 -25.406432 -31.364144 2
-11.125242 -25.713492 -32.110844 12
-11.038542 -26.746692 -32.289544 2
-10.398442 -27.263602 -32.802944 10
-11.120342 -27.945842 -32.718744 12
-11.818942 -28.455042 -33.214444 3
-12.655642 -28.983942 -33.402944 1
-13.382642 -29.497042 -32.972144 2
-14.298142 -29.351642 -32.801044 3
-14.771142 -28.493442 -32.381744 2
-14.471242 -27.588582 -32.398544 1
-13.972342 -26.839132 -32.147744 8
-13.363442 -26.272682 -32.570444 1
-13.218842 -26.313522 -33.552744 14
-12.871742 -25.477842 -33.602544 8
-11.912042 -25.310312 -33.809644 1
-11.238542 -25.990822 -33.549144 1
-10.523642 -26.409572 -34.127244 3
-9.622942 -26.499932 -33.827144 9
-9.607742 -26.244862 -32.894644 9
-9.948642 -25.765972 -32.129944 2
-10.098342 -24.985462 -32.666844 2
-10.994042 -25.227122 -32.994644 8
-11.406742 -24.583582 -32.439844 1
-11.343342 -23.654892 -32.567044 6
-10.516842 -24.071222 -32.703744 6
-9.543742 -24.095172 -32.736044 2
-8.821942 -24.110322 -32.105944 2
-9.130742 -23.197082 -32.158044 1
-9.671242 -23.680512 -31.468944 2
-9.417342 -24.319232 -30.710944 2
-10.220042 -23.819082 -30.527544 14
-10.788142 -24.068762 -31.322944 1
-11.345242 -23.299682 -31.154744 7
-11.548742 -23.749962 -30.271844 6
-11.232042 -23.308022 -29.451944 8
-10.680842 -23.263382 -28.681844 1
-9.744242 -23.137372 -28.741844 3
-8.963042 -22.959372 -29.323644 3
-9.137042 -23.244962 -30.285744 2
-8.384342 -23.827402 -30.134544 3
-8.042442 -24.505512 -30.802144 2
-8.514842 -24.856642 -31.526344 2
-8.963742 -25.718412 -31.578544 2
-9.127442 -26.569092 -31.790544 3
-8.359742 -26.508882 -32.427444 9
-7.920542 -27.254732 -32.145444 14
-7.250142 -27.273752 -31.377244 8
-7.028642 -27.539752 -30.495544 8
-7.733442 -27.769222 -29.884744 9
-7.462742 -28.424042 -29.222644 8
-7.824842 -29.253742 -28.997744 14
-8.595142 -29.576142 -28.590544 12
-8.773142 -29.734742 -29.532944 14
-9.573242 -29.222042 -29.412844 3
-10.023042 -29.692242 -28.716644 9
-10.484942 -29.800842 -27.901444 3
-11.091042 -29.618542 -28.634044 2
-11.950342 -29.632442 -29.033444 1
-12.021542 -28.959442 -29.699844 1
-11.206142 -28.525042 -29.960144 9
-10.753842 -27.644312 -30.142544 1
-10.080642 -26.887602 -30.234344 2
-9.491142 -26.844712 -29.523744 1
-9.462342 -26.051722 -30.071944 2
-8.877442 -26.431072 -30.721944 2
-8.320142 -26.237602 -29.980244 2
-8.350442 -25.864132 -29.049244 10
-7.453942 -26.208652 -29.120544 1
-7.201242 -27.146102 -29.075544 3
-6.652242 -26.764742 -29.809144 8
-5.954242 -27.207532 -30.322844 8
-5.616342 -26.792262 -31.106744 8
-5.610042 -26.202122 -31.778844 12
-6.000242 -25.669732 -32.569344 6
-6.446042 -24.849572 -32.698744 6
-6.864842 -23.920472 -32.701444 2
-6.943042 -23.513352 -33.528444 14
-6.336042 -22.946932 -34.017344 2
-5.809942 -23.139112 -34.746744 2
-5.470642 -23.905532 -34.247544 3
-5.829242 -24.768532 -33.999344 6
-6.427642 -25.218562 -34.622244 6
-7.094742 -24.907872 -35.254444 2
-6.561342 -24.312642 -35.822544 2
-6.742942 -23.357992 -36.033844 14
-6.684642 -22.797562 -36.794944 1
-7.083942 -22.956652 -37.613644 8
-6.503942 -22.175532 -37.833144 14
-6.203142 -22.383022 -38.710844 3
-5.520242 -23.084282 -38.769044 2
-5.898342 -23.959332 -39.076144 4
-6.437842 -24.810692 -39.269544 2
-7.040842 -25.064882 -38.502444 1
-7.954142 -24.712732 -38.346444 1
-7.914042 -25.620702 -38.001544 3
-7.576542 -25.979822 -37.174044 1
-8.436342 -26.403642 -37.340644 2
-8.541442 -26.656442 -36.465344 12
-9.413642 -26.620432 -36.071544 2
-9.535042 -26.328852 -35.258944 9
-9.449442 -25.555182 -35.857044 2
-8.588142 -25.237972 -35.501644 9
-8.077542 -24.630152 -35.941844 6
-8.088042 -24.087662 -35.171644 14
-7.389142 -24.032272 -34.537044 6
-8.279142 -23.986862 -34.160444 2
-8.876442 -24.661712 -34.451344 9
-9.132042 -24.514682 -33.499744 2
-9.521442 -25.386012 -33.492144 9
-10.221042 -24.815162 -33.784844 3
-10.204542 -23.871722 -34.002444 1
-9.247542 -23.729252 -34.026544 2
-9.450742 -23.600742 -34.941844 14
-9.316142 -22.579272 -35.036444 2
-9.087942 -22.638512 -34.092344 3
-9.322942 -22.367192 -33.154744 8
-8.377042 -22.554062 -32.974544 2
-7.588642 -22.513942 -32.393044 3
-8.096042 -23.364922 -32.178744 2
-7.454542 -23.587212 -31.425344 2
-6.588242 -24.051382 -31.704544 10
-6.007242 -23.355972 -31.761344 1
-5.311842 -24.057502 -31.681644 1
-5.860042 -24.540132 -30.957944 8
-6.363042 -25.322992 -30.931044 8
-7.069542 -24.608452 -30.993844 2
-6.612942 -24.100992 -30.301844 8
-7.295242 -23.382142 -30.020044 3
-7.919242 -22.601102 -29.715144 3
-8.450742 -21.769312 -29.708344 14
-9.091042 -21.152852 -29.358544 2
-8.400642 -20.706002 -28.894044 7
-7.655642 -20.761922 -29.576544 3
-7.214942 -20.597582 -28.782844 3
-7.093342 -19.703752 -28.517144 14
-6.289542 -20.047712 -28.096144 4
-6.157342 -19.833412 -29.078744 8
-6.870142 -20.219692 -29.600944 3
-7.139542 -19.512782 -30.230244 2
-7.572742 -18.674745 -30.295444 6
-8.144042 -18.748303 -29.570744 2
-8.578342 -17.952423 -29.794044 14
-8.367342 -17.965382 -30.760144 6
-9.271442 -17.534998 -30.521244 13
-10.142942 -17.739718 -30.415144 7
-9.859542 -18.433984 -29.762444 3
-10.529042 -19.199392 -29.907244 3
-10.377642 -18.890082 -28.921444 5
-10.474042 -19.006762 -27.926044 2
-10.970142 -19.727772 -28.371544 6
-10.220742 -20.242692 -28.466144 1
-10.425842 -21.154032 -28.481144 1
-9.716142 -21.773522 -28.705844 2
-9.064242 -22.291142 -28.153444 3
-9.192442 -22.915562 -27.393844 3
-9.633142 -22.650142 -26.571544 2
-9.306642 -22.737742 -25.673044 10
-8.785342 -23.471302 -26.065144 5
-9.059142 -24.375832 -25.896344 10
-9.054342 -24.823282 -26.719844 1
-9.714642 -24.427042 -27.291444 9
-9.234342 -24.320522 -28.118544 3
-8.240842 -24.305782 -28.281544 3
-7.896042 -25.217142 -28.192844 8
-6.933342 -24.862682 -28.272544 1
-7.126942 -24.081512 -28.763044 3
-6.294042 -24.277882 -29.194944 8
-5.481342 -23.819682 -29.052544 14
-4.723942 -23.932152 -28.442244 9
-4.286042 -24.536422 -27.760644 1
-4.269142 -23.610372 -27.456144 9
-3.996242 -23.351972 -26.623144 3
-3.825642 -24.271442 -26.357444 1
-4.727242 -24.543912 -26.457144 3
-4.731142 -24.200972 -25.516244 1
-4.259142 -23.821072 -24.803844 10
-4.062742 -23.440292 -23.907344 13
-4.859542 -22.937982 -24.235044 12
-5.416042 -22.348782 -23.675544 5
-6.080042 -21.604932 -23.610444 3
-5.963642 -20.813412 -24.080444 4
-5.367342 -20.096212 -24.354144 3
-4.848742 -19.717992 -23.626644 9
-4.512142 -18.929602 -23.238444 2
-3.742042 -19.199522 -22.666244 14
-3.364742 -19.015682 -23.526244 3
-2.668842 -19.585902 -23.197844 9
-2.763042 -19.883662 -22.272644 2
-2.201842 -20.565932 -22.656444 3
-1.223842 -20.694162 -22.646244 1
-0.301642 -20.836692 -22.733444 1
-0.357742 -21.617282 -22.265744 7
-0.730842 -21.356512 -21.393544 3
-1.548342 -21.125582 -21.021744 2
-1.146642 -20.854422 -20.192214 10
-0.730642 -21.367272 -19.547974 8
-0.045642 -21.971182 -19.886544 1
-0.650342 -22.571282 -20.389814 3
-1.488742 -22.822062 -20.046774 1
-2.022542 -23.148632 -20.839744 2
-2.151742 -23.718362 -21.571944 10
-1.436342 -23.362452 -22.129944 6
-1.994042 -23.490342 -22.915944 3
-2.224142 -23.749552 -23.746444 6
-2.179842 -24.327222 -24.509444 3
-1.764042 -24.094602 -25.404644 9
-1.500542 -25.052612 -25.264044 3
-1.255642 -24.752002 -26.220444 13
-1.339042 -24.174532 -27.097544 6
-0.473742 -23.861262 -27.446644 6
-0.416342 -23.141862 -26.723344 8
-0.762242 -22.226752 -26.583544 3
-1.495842 -22.320072 -27.195544 12
-2.164442 -22.978962 -27.496144 6
-3.100742 -22.864332 -27.605044 9
-4.001442 -22.356282 -27.520544 9
-4.545742 -21.846832 -26.845944 3
-4.339242 -21.908682 -25.893244 4
-4.312942 -22.361662 -25.043944 5
-3.914342 -22.132822 -24.187744 3
-3.145142 -21.966252 -23.582544 9
-3.609342 -22.102602 -22.695444 3
-3.701942 -22.566522 -21.829944 5
-3.440942 -21.804652 -21.306944 14
-3.854342 -21.118432 -20.710674 3
-4.288042 -21.998422 -20.435144 9
-5.050142 -22.303832 -19.920454 10
-5.847742 -22.831252 -19.677674 8
-5.530642 -22.913522 -20.635854 3
-4.878742 -23.615392 -20.608354 5
-5.144342 -24.495412 -21.008644 14
-6.005142 -24.817432 -21.340344 5
-6.544142 -24.365302 -21.988944 10
-6.045542 -25.013012 -22.415844 3
-5.356042 -25.618082 -22.797544 1
-4.431042 -25.808902 -22.887144 9
-4.252242 -26.525702 -23.538644 9
-3.599142 -26.578192 -24.193444 3
-3.307742 -27.525342 -24.052344 1
-3.121042 -27.896942 -23.083444 1
-2.737042 -28.457242 -23.788844 1
-1.808442 -28.682542 -23.854544 4
-1.955342 -28.566442 -24.788844 1
-2.628042 -27.946542 -25.069644 3
-2.036042 -27.654272 -24.401744 1
-2.308142 -27.008162 -23.728844 4
-2.670342 -26.080602 -24.049144 1
-1.877542 -26.326072 -24.541644 3
-1.196942 -26.473622 -25.275344 15
-0.752442 -26.017542 -26.069644 13
-0.649942 -26.056552 -27.039344 6
-0.747742 -26.742162 -27.725144 3
-0.481842 -27.377362 -28.375244 3
0.485058 -27.633862 -28.567944 13
0.101358 -27.039202 -29.187044 11
-0.707142 -26.706652 -29.634144 3
-0.310242 -26.160062 -28.939144 3
-0.350442 -25.423912 -28.330544 6
-1.204642 -25.545142 -28.764944 3
-0.943142 -24.605292 -28.331544 6
-1.550942 -25.108612 -27.780544 6
-1.912542 -25.770802 -27.157944 10
-1.687342 -26.567252 -27.569044 3
-1.704842 -27.399772 -27.112644 4
-1.416842 -27.581202 -27.959344 3
-2.070842 -28.286642 -28.108644 5
-2.925142 -28.029242 -27.806544 4
-3.911142 -27.949742 -27.734944 3
-4.167342 -27.470932 -26.941744 12
-4.005042 -27.220682 -26.055744 9
-3.659042 -26.603472 -26.669044 5
-3.798042 -26.179662 -25.753944 3
-4.535042 -25.608902 -25.994144 1
-4.554442 -25.199232 -25.126244 9
-5.161742 -25.399412 -24.386544 8
-5.549542 -24.598202 -24.045744 9
-6.193642 -24.731932 -24.783344 8
-6.003442 -24.014402 -25.296344 3
-5.592042 -24.624732 -26.031644 5
-6.405942 -24.320572 -26.383544 1
-7.184442 -24.663132 -26.844744 10
-7.569042 -24.073252 -27.483944 5
-7.665242 -23.311312 -28.093244 3
-8.077942 -22.565492 -27.655544 6
-8.033542 -22.477902 -28.650144 3
-8.011942 -21.598272 -28.220344 3
-8.815542 -21.218262 -27.838444 6
-8.543842 -20.522562 -27.193244 2
-8.175242 -19.956072 -26.526944 5
-7.214442 -20.092552 -26.473844 1
-7.459542 -20.345682 -27.376244 1
-7.180042 -21.237732 -27.635044 3
-6.339442 -21.025032 -27.182844 1
-5.483142 -21.420522 -27.095444 10
-5.089342 -21.817672 -27.826144 9
-5.935642 -22.223902 -27.707844 3
-5.461842 -22.831722 -27.178744 9
-6.408242 -23.031352 -27.404344 3
-6.421642 -23.712022 -28.092944 13
-6.008042 -22.963522 -28.513944 3
-5.427442 -22.379292 -29.014744 9
-6.323542 -22.138792 -28.926844 3
-6.546942 -21.348432 -28.447144 3
-5.808542 -20.799912 -28.505144 9
-5.181542 -20.053482 -28.664744 13
-4.792142 -20.578162 -27.903644 9
-4.222242 -20.450792 -27.166944 3
-3.233742 -20.500092 -27.384744 14
-3.050942 -21.415022 -27.373644 9
-2.942142 -22.039972 -26.711444 1
-2.495742 -22.227682 -25.813444 1
-2.024642 -22.033322 -24.954744 1
-1.854042 -22.961182 -24.862344 3
-1.277342 -23.135742 -24.102644 9
-1.000142 -24.019172 -23.901344 1
-1.090242 -24.951422 -23.630044 4
-0.425242 -24.956272 -24.412044 3
0.304558 -24.462302 -24.787044 4
-0.247142 -23.945202 -25.395344 3
0.357458 -23.914392 -26.239144 8
0.422558 -24.579952 -27.052344 6
0.512558 -25.457802 -27.432544 6
0.601258 -26.401462 -27.545644 1
0.578358 -26.259792 -26.588444 3
0.585058 -27.138902 -26.187344 8
-0.182542 -27.736402 -25.931644 3
-0.826242 -28.113642 -26.567444 11
-0.382742 -28.637742 -27.209444 6
-1.045442 -28.734342 -27.907944 10
-1.466642 -29.348442 -28.447344 5
-1.170142 -28.701842 -29.179944 5
-1.389942 -27.712312 -29.133744 3
-2.142342 -27.088392 -29.253744 3
-2.402042 -28.012042 -29.581844 1
-2.036642 -28.768842 -30.112244 5
-1.774842 -28.104342 -30.779944 3
-1.522142 -29.093942 -30.977444 5
-2.106642 -28.680642 -31.660244 9
-2.112742 -28.403142 -32.609444 14
-2.325742 -28.402442 -33.534244 12
-2.285742 -27.744942 -34.295544 3
-2.759042 -27.288822 -33.613344 4
-2.773342 -26.371822 -33.395344 15
-1.883542 -26.614682 -33.478944 10
-1.918042 -26.437862 -32.488544 3
-2.352442 -27.195712 -32.020644 1
-2.900542 -26.398232 -32.131144 1
-2.501442 -25.912932 -31.381444 3
-2.103142 -26.611242 -30.781644 3
-2.730342 -27.257502 -30.480944 3
-3.616842 -27.274202 -30.972244 9
-3.953042 -27.792382 -30.150844 8
-3.279942 -27.410812 -29.593044 3
-3.114342 -27.001532 -28.697444 4
-2.420642 -26.335242 -28.624144 3
-2.750542 -25.494192 -28.273244 6
-2.802542 -24.949622 -27.504044 3
-2.271242 -24.189472 -27.710744 6
-2.930042 -23.969222 -28.445944 9
-2.090942 -23.632212 -28.912744 6
-2.765242 -22.938272 -28.758144 9
-1.914042 -22.563002 -28.515944 6
-1.040742 -22.444092 -28.142244 6
-1.506842 -21.581582 -28.175444 3
-1.677642 -20.579302 -28.025844 13
-2.126642 -20.956552 -28.793444 5
-3.051942 -20.886382 -28.481244 9
-3.182042 -19.955972 -28.377144 3
-3.937342 -20.446942 -28.679744 9
-4.006342 -19.719282 -29.275244 10
-4.250342 -19.379782 -30.107844 1
-4.774242 -18.994152 -30.843544 5
-5.586442 -18.598253 -30.583844 3
-6.330942 -17.953456 -30.466544 1
-6.621642 -18.762535 -30.924144 1
-6.241642 -19.684442 -31.161744 3
-7.128742 -19.506102 -31.462144 5
-7.700442 -20.269482 -31.305144 1
-7.821142 -20.926682 -30.645444 13
-7.327442 -21.631642 -30.254844 3
-6.833942 -22.398232 -29.998944 3
-6.089342 -22.842912 -30.357544 1
-5.107842 -22.814522 -30.269144 9
-4.947942 -23.766622 -30.351844 4
-4.879442 -24.612862 -30.007544 8
-5.125442 -25.333422 -30.695744 8
-4.193142 -25.340182 -30.818644 4
-3.649142 -24.999742 -30.049544 9
-2.806042 -25.390542 -30.423744 3
-2.184142 -25.538702 -29.676944 6
-1.571442 -26.203762 -29.885944 3
-0.975142 -26.445472 -30.581444 3
-1.006142 -27.042852 -31.357944 15
-0.386942 -26.415332 -31.527944 3
-0.210042 -27.251512 -32.018944 6
0.066858 -27.554792 -31.074744 8
-0.399042 -27.507662 -30.247244 3
-0.839642 -28.358142 -30.046144 5
-0.196942 -29.036242 -29.680044 5
0.700858 -29.188542 -29.875144 13
0.913058 -30.100342 -29.716044 1
1.418458 -30.317642 -30.468944 3
1.679658 -29.366942 -30.508244 4
2.644158 -29.033042 -30.501944 3
2.937958 -28.046042 -30.445744 14
2.645758 -27.145432 -30.608544 9
3.387658 -26.948932 -29.966444 3
3.732658 -26.477572 -30.703944 9
3.698658 -25.839962 -30.008244 9
2.900558 -25.527052 -29.662344 3
2.614158 -25.045832 -30.414744 9
2.409958 -25.210352 -31.355644 9
1.817158 -24.467322 -31.658744 13
1.000858 -24.713852 -31.976544 3
1.055158 -24.809392 -30.988444 3
1.018858 -23.848482 -31.187444 10
0.623658 -22.944542 -30.824244 1
0.024758 -23.837332 -30.755444 3
-0.480942 -23.687772 -29.851744 6
-0.100642 -22.840182 -29.597144 3
-0.351342 -22.205392 -28.924444 15
0.082858 -22.531112 -28.083044 10
0.447058 -23.383832 -28.443344 1
-0.378742 -23.725042 -28.679144 6
-1.199342 -24.070712 -29.088644 6
-1.453842 -24.766782 -29.731744 3
-2.335042 -24.471032 -29.714044 6
-3.075342 -24.069392 -30.099544 1
-3.658042 -23.497872 -30.685944 3
-3.846642 -22.568042 -30.389344 9
-2.966342 -22.271212 -30.702844 3
-2.081442 -22.328702 -31.123444 5
-2.505742 -21.921062 -31.873844 5
-3.219042 -22.302522 -32.386544 11
-2.906042 -22.754882 -33.185144 10
-2.408342 -23.587452 -32.931444 5
-1.751142 -24.322622 -32.801644 3
-1.108442 -23.924942 -33.438844 3
-0.698542 -23.492362 -34.250644 13
-0.944342 -22.616222 -34.597744 8
-0.106942 -22.195602 -34.553944 9
0.162758 -21.294982 -34.534944 6
1.052158 -21.291592 -34.991544 6
1.743858 -21.902212 -35.440544 4
1.419358 -22.711072 -35.801344 9
2.197758 -23.290412 -36.009444 1
1.891858 -22.879662 -36.825044 1
1.106458 -23.439892 -36.946844 3
1.580058 -24.125332 -36.487544 4
1.658658 -24.750182 -35.800044 1
0.805558 -25.150382 -36.234544 3
0.552758 -25.518502 -35.332444 1
0.063458 -24.877342 -34.765544 1
0.608058 -24.410412 -34.154044 3
0.669558 -23.741432 -33.471544 3
0.568358 -22.938282 -33.995544 8
1.533058 -23.147882 -33.941244 9
1.681158 -24.103902 -33.949144 3
2.156658 -25.010442 -34.214844 10
2.736658 -24.312622 -33.901144 3
3.657658 -24.595912 -34.007244 5
3.794958 -24.843292 -33.029244 9
3.023458 -24.218992 -32.959544 15
2.493658 -24.007172 -32.193544 9
2.256058 -24.888882 -32.638044 3
2.826058 -25.609142 -32.796244 9
2.551558 -25.791102 -33.698344 5
1.683758 -25.873822 -33.294644 6
1.183358 -25.574772 -32.466744 3
0.305458 -25.129112 -32.534944 3
0.423258 -25.578922 -33.374744 3
0.214758 -26.415302 -33.896344 9
0.156158 -27.035552 -34.694244 6
0.338358 -27.886942 -35.068044 6
0.296658 -27.946742 -34.107944 1
0.662458 -27.962242 -33.223144 6
0.909658 -28.665542 -32.735244 3
1.077758 -29.261842 -32.067344 13
0.306258 -29.054642 -31.526944 5
-0.553642 -28.635642 -31.705244 5
-0.903142 -28.071942 -32.405844 1
-1.165542 -27.160122 -32.779544 6
-0.838042 -26.327372 -32.487944 3
-0.520242 -25.551002 -32.025944 3
-0.544642 -25.528712 -33.046144 3
-1.172042 -24.958892 -33.490444 3
-1.386942 -24.505512 -34.321344 10
-1.965942 -24.385262 -35.122944 13
-2.069142 -23.974492 -35.986144 14
-1.976842 -23.021022 -35.987144 11
-2.194242 -23.015382 -36.962644 3
-2.022942 -22.104402 -36.840844 6
-2.577242 -21.613402 -37.471544 9
-3.288642 -21.020942 -37.032044 3
-3.823642 -20.312062 -36.709744 4
-3.741242 -20.546672 -35.789244 3
-3.735942 -19.819822 -35.188244 12
-4.128242 -19.075232 -35.599244 4
-4.813542 -18.874282 -34.881744 3
-4.425742 -19.160652 -34.095844 8
-5.095942 -18.976072 -33.372044 3
-5.604942 -19.708342 -32.996944 13
-5.714142 -20.044532 -32.140944 4
-5.184742 -20.682742 -31.536144 1
-6.085742 -20.983502 -31.300744 6
-6.161142 -21.582002 -30.497044 3
-5.587542 -21.622502 -29.726344 9
-5.745742 -20.693462 -30.022444 3
-4.848142 -20.860882 -29.919344 9
-4.310342 -20.973182 -30.717544 1
-3.746642 -21.141882 -31.548744 4
-3.264442 -20.642902 -32.225544 1
-2.553642 -20.193502 -31.766244 10
-2.125942 -20.046292 -32.595744 1
-1.399342 -20.632142 -32.599544 9
-0.634142 -20.278412 -33.116044 6
-1.048242 -20.936502 -33.741644 6
-1.233242 -21.740632 -33.120244 3
-1.877442 -22.481552 -33.088444 5
-1.089542 -22.974122 -32.686344 5
-0.326242 -23.531892 -32.863944 3
0.331858 -24.090362 -32.428744 3
1.070058 -23.431942 -32.239644 1
1.885158 -23.151212 -32.698044 10
2.475458 -22.501122 -32.298944 3
2.958058 -22.310872 -33.223244 9
3.666058 -21.942232 -32.658344 8
4.155258 -21.185502 -32.318744 1
4.907558 -20.892112 -31.800444 15
5.023658 -21.842152 -32.071844 13
5.157058 -22.206962 -31.089844 3
4.497458 -22.314712 -30.304044 8
4.058358 -23.126522 -30.660644 5
3.351058 -22.674782 -31.196744 3
3.736858 -23.481102 -31.640044 10
3.504558 -24.273512 -31.149844 9
4.239058 -24.797792 -31.631344 9
4.787858 -25.597382 -31.534844 13
3.877658 -25.794182 -31.923844 9
2.919158 -25.907312 -31.815144 9
2.397458 -26.760752 -31.889244 6
1.493858 -26.736662 -32.185244 13
0.731258 -26.732992 -31.620044 3
0.985758 -27.064912 -30.743544 3
1.745758 -26.454392 -30.926844 13
1.093958 -25.819632 -30.562744 3
1.407258 -26.265002 -29.801944 11
0.466758 -25.827402 -29.586644 3
0.506758 -25.303142 -28.728644 6
1.203558 -25.609002 -28.206944 4
2.024358 -25.154172 -27.762844 5
1.570958 -24.386282 -28.193344 3
1.841658 -24.640382 -29.086244 8
0.898258 -24.324182 -29.053044 6
0.768158 -24.523392 -29.989544 15
0.270558 -25.291782 -30.503044 3
-0.541742 -25.586392 -30.988344 3
-0.863942 -24.744982 -30.626244 3
-1.715042 -24.328272 -30.851244 6
-2.443342 -23.838132 -31.317744 5
-2.433542 -23.100772 -30.633844 6
-3.055042 -23.106412 -31.443344 5
-3.788042 -23.336172 -32.028544 6
-4.695142 -23.609752 -32.239544 10
-5.564942 -23.738422 -32.667444 4
-5.051642 -24.437422 -33.006244 1
-4.865642 -25.326142 -32.861344 1
-4.190442 -25.698212 -33.522644 3
-4.810942 -26.281542 -33.867244 1
-5.300242 -25.628092 -34.414644 1
-4.733142 -24.834262 -34.420944 1
-3.788642 -24.883762 -34.348544 1
-2.884742 -25.039092 -33.982244 1
-2.192442 -25.418432 -33.439944 3
-2.734342 -25.037422 -32.817844 3
-3.103542 -24.784112 -31.966144 10
-2.072942 -24.951442 -31.632844 3
-1.149842 -24.951132 -31.549744 3
-0.879242 -24.024062 -31.371444 3
-0.316142 -23.207972 -31.590344 12
-1.201642 -22.959632 -31.265744 5
-0.959342 -22.743562 -30.324944 6
-0.691142 -21.948282 -30.690244 10
-1.191642 -21.406612 -31.300844 5
-1.656442 -20.855892 -30.639144 4
-2.498142 -20.487972 -30.758644 3
-3.375342 -20.252572 -30.411144 11
-3.593342 -21.045562 -29.836544 14
-3.805742 -21.484782 -29.080044 9
-4.256742 -22.207612 -28.573544 9
-4.385042 -22.966342 -29.171844 3
-3.620942 -22.452642 -29.281644 9
-2.866942 -22.102812 -29.690244 4
-2.020742 -22.633972 -29.818344 6
-1.943142 -21.721512 -29.486144 10
-1.035242 -21.851452 -29.563344 6
-0.438242 -21.139252 -29.758244 4
-1.148942 -20.477292 -29.723944 13
-0.577942 -19.686582 -29.463044 10
0.076658 -19.790722 -28.720844 13
-0.389142 -19.338762 -28.069344 10
-0.962342 -18.893272 -28.681944 9
-1.398842 -18.679361 -29.522244 4
-1.615342 -17.996478 -28.806944 10
-1.300842 -17.316269 -29.498744 3
-0.692142 -17.288818 -30.212844 1
-0.076942 -16.484712 -30.279044 13
-0.439942 -16.462362 -29.359944 8
0.224058 -15.853422 -29.068944 10
0.391358 -15.010112 -29.441844 5
0.673758 -15.005332 -28.512344 1
1.531258 -15.344322 -28.541644 5
2.422258 -14.961652 -28.509344 3
3.323358 -14.693082 -28.381344 4
3.964958 -14.331342 -27.737644 13
4.746358 -14.168672 -28.293844 4
5.382358 -14.898212 -28.245844 3
6.011258 -15.415092 -28.851844 6
6.601258 -14.601852 -28.981744 13
6.645258 -13.720892 -29.386144 13
5.943558 -13.792942 -30.122644 4
5.385458 -13.007672 -30.078944 4
6.167658 -12.646312 -29.548344 1
6.181058 -13.012782 -28.626144 4
5.763958 -12.443202 -27.996644 11
6.213558 -11.573892 -27.947444 11
6.998558 -10.935222 -28.047244 10
6.687358 -10.212602 -27.420544 10
6.885858 -10.836142 -26.748344 8
7.775858 -11.211932 -26.691644 3
8.224858 -10.419252 -26.976544 10
8.078058 -9.909712 -26.147244 11
8.916158 -9.540822 -26.078544 4
8.672258 -9.798342 -25.156544 9
8.991058 -8.888582 -24.805644 10
9.522058 -8.756002 -25.558744 4
9.505558 -8.418302 -26.479344 6
9.861258 -7.488142 -26.513044 4
9.810058 -6.727442 -25.935544 3
9.347058 -5.936042 -26.209044 13
8.877258 -6.697242 -26.628844 6
8.254258 -6.967042 -27.258044 5
9.066358 -7.353942 -27.515444 4
8.478858 -7.068042 -28.259244 1
7.976158 -7.378642 -29.002244 6
7.364758 -7.905952 -29.539044 1
6.561058 -8.332902 -29.835544 10
6.570258 -7.728442 -30.587044 1
7.216458 -8.396672 -30.696944 5
6.953758 -9.430382 -30.487044 10
6.870458 -10.194722 -31.061944 10
7.271458 -10.403942 -32.009644 13
6.620358 -9.801292 -32.396844 13
6.360558 -9.203882 -31.695444 1
5.727258 -9.756352 -31.103944 10
5.250958 -10.266592 -31.795544 13
4.802658 -10.072522 -32.632444 3
4.065158 -10.648562 -32.672344 6
3.448658 -11.405562 -32.479144 4
3.142858 -11.897562 -33.275444 4
2.451858 -11.513372 -32.776444 15
1.977658 -11.078322 -32.068544 9
1.041758 -11.217042 -31.759444 12
1.781458 -11.205612 -31.105844 9
1.687958 -12.173682 -31.256444 1
2.478658 -12.580732 -31.632444 4
2.073258 -12.928312 -32.473544 8
2.989358 -13.177592 -32.509044 4
3.923858 -13.484362 -32.240744 4
4.473658 -13.811582 -32.964544 4
5.147058 -13.443982 -33.539144 1
4.932058 -12.819552 -34.264844 2
5.699658 -13.392462 -34.834344 15
6.177458 -13.161312 -33.988044 10
7.149658 -13.262002 -33.785644 3
7.100058 -12.303812 -33.885344 13
7.942758 -11.912572 -34.346844 3
8.249458 -12.154902 -33.416844 13
8.608958 -12.399312 -32.521444 5
8.250258 -11.530212 -32.547544 13
8.230958 -10.785162 -31.919344 4
8.315258 -10.442292 -30.971844 10
9.328558 -10.468982 -30.929944 11
9.721758 -10.405172 -30.043344 6
10.031558 -9.512822 -30.174244 3
10.844458 -10.153542 -30.263644 1
11.717358 -10.585612 -30.431644 6
12.171458 -10.922212 -29.596844 10
12.281358 -11.640902 -28.954944 1
12.488258 -10.803172 -28.617544 1
11.558658 -10.571742 -28.328544 4
11.143058 -9.955472 -27.759144 4
10.495958 -9.264402 -27.318944 1
9.866858 -9.283642 -28.030944 1
9.311958 -9.734132 -28.731044 1
8.510958 -9.149982 -28.516844 9
7.563758 -9.012982 -28.423144 10
6.943558 -9.091842 -27.672644 10
6.253558 -9.312372 -27.087444 11
5.533558 -9.051902 -26.447544 8
5.585758 -8.529872 -25.656144 13
5.608458 -9.556042 -25.452244 13
6.345758 -9.646192 -24.813044 1
6.728458 -10.548992 -24.825244 3
5.860358 -10.778072 -24.522344 5
5.364958 -11.023712 -23.748644 10
5.816358 -11.115622 -22.766944 4
5.860058 -11.690082 -21.901644 8
5.168958 -12.513512 -22.050844 10
4.411458 -12.726652 -21.497844 5
4.414758 -11.966252 -20.864544 4
4.265758 -11.330192 -20.040144 13
3.661258 -12.038162 -19.960834 10
2.678258 -11.979182 -19.658354 1
1.686158 -11.822192 -19.890024 15
1.243158 -11.536732 -20.759744 5
0.297258 -11.577722 -20.642014 4
-0.558142 -12.034312 -20.705924 9
0.264258 -12.515782 -20.882644 11
1.002558 -13.060362 -20.564784 4
1.415158 -12.461892 -21.313444 13
0.802058 -13.135022 -21.691644 4
1.333558 -12.889752 -22.501544 10
0.634958 -13.477182 -22.837144 11
0.691458 -14.364762 -23.058744 3
1.237558 -14.981702 -23.543344 4
1.319658 -15.683612 -22.914944 6
1.592758 -15.757942 -22.015644 6
1.079258 -15.851162 -21.255444 13
0.336358 -15.741432 -21.821144 10
0.169358 -15.328542 -20.944844 5
0.746858 -15.208272 -20.183264 9
1.626758 -15.391952 -19.876704 12
1.433058 -16.281372 -20.201824 1
2.220758 -16.630442 -19.792714 13
2.644358 -16.066602 -20.474854 10
3.229758 -16.421792 -21.189644 13
3.409758 -17.375682 -21.149344 4
2.843058 -18.187028 -21.296044 3
3.370058 -18.812522 -21.697644 8
3.614358 -19.457142 -22.337644 10
3.994058 -18.574303 -22.638444 4
4.121358 -18.131828 -23.497544 6
3.633758 -18.821342 -23.948144 10
4.263658 -19.181322 -24.582444 15
4.238258 -19.754562 -23.791844 4
3.954158 -20.454072 -23.149344 1
4.537158 -21.163772 -23.480044 3
5.384158 -20.981492 -23.084544 10
5.254358 -21.263392 -22.227944 1
4.886458 -20.395342 -22.287444 1
5.402758 -19.800662 -22.840544 4
5.152458 -19.150152 -22.182944 3
5.746158 -18.635956 -21.755544 1
6.574358 -18.088112 -21.501144 4
6.164158 -17.516909 -22.152144 1
6.181758 -16.530352 -22.078444 1
6.346058 -15.906142 -22.736644 4
6.969558 -15.309732 -22.309044 11
6.990058 -14.685102 -21.592644 13
6.765558 -15.396572 -21.027944 6
5.979758 -15.212722 -21.540244 6
6.011258 -14.480502 -22.136144 10
6.004758 -14.454742 -23.101644 5
5.574958 -14.271822 -23.954144 10
5.120758 -14.382632 -24.759644 4
5.768358 -14.080332 -25.370244 9
6.101858 -14.297382 -26.308644 13
5.129658 -14.071472 -26.111844 1
5.298258 -13.747242 -26.978544 10
5.227758 -12.713192 -26.979844 11
4.396658 -12.787162 -27.516044 3
4.804858 -12.951442 -28.362144 4
4.827458 -12.579042 -29.273744 4
5.540558 -11.838162 -29.214744 6
5.659858 -10.927532 -29.426744 10
4.905558 -10.829292 -30.007144 12
4.984258 -11.566902 -30.595744 4
5.619158 -10.936052 -30.836544 10
6.054558 -11.576392 -31.389344 13
5.692758 -12.268402 -31.967444 8
4.765658 -12.569142 -32.216644 4
4.430558 -11.824252 -32.673244 4
5.053458 -11.327302 -33.227144 10
5.612558 -10.574482 -33.151844 13
5.244358 -10.447392 -34.015144 8
5.507858 -10.822622 -34.935944 6
6.130458 -10.442512 -35.647044 3
6.703758 -10.665702 -34.911844 10
6.606658 -11.214022 -34.138944 13
7.287658 -10.549852 -34.033544 13
8.032058 -10.451412 -34.660044 4
8.638458 -11.017262 -34.165844 9
8.777058 -10.434202 -33.392744 5
7.873658 -10.494082 -33.028044 13
8.135658 -9.599562 -32.896244 3
9.015858 -9.335412 -32.738444 1
8.930758 -8.360382 -32.489144 10
8.963358 -8.842432 -31.617144 4
8.542958 -8.019782 -31.285144 1
8.952258 -8.452462 -30.545844 1
8.566858 -8.726932 -29.682144 1
7.688358 -9.075292 -29.601844 4
6.874558 -9.689942 -29.532744 10
5.983358 -9.728332 -29.123644 10
5.080458 -10.155462 -28.879144 4
4.845358 -10.789792 -28.132244 11
4.325358 -10.208432 -27.424244 13
3.749958 -10.982822 -27.201644 4
2.751658 -10.827152 -27.176644 10
2.707658 -11.767452 -27.165044 9
1.987658 -12.364002 -26.864144 4
1.531658 -12.790732 -26.024344 6
1.601258 -13.727572 -26.235544 15
0.714858 -13.447522 -26.500744 6
0.554858 -13.518332 -27.490044 3
0.519958 -13.321322 -28.416644 9
0.063158 -12.567592 -28.740144 10
0.039258 -13.075642 -29.574744 8
0.980058 -13.333852 -29.529044 7
1.118658 -14.246672 -29.770644 5
1.667858 -13.613792 -30.247944 1
2.450558 -14.056702 -30.710344 5
3.315958 -14.528282 -30.793444 13
4.028058 -14.136942 -31.256644 4
4.825658 -14.661142 -31.448044 4
5.445458 -15.407772 -31.300744 10
6.365458 -15.391832 -31.362744 3
6.524158 -14.590712 -31.858844 10
5.904458 -13.988142 -31.264944 4
6.745658 -13.453492 -31.258244 5
7.235858 -13.363932 -32.065044 13
7.798958 -14.110252 -31.800744 9
8.148758 -14.609172 -32.627644 6
7.806958 -15.127862 -31.851344 12
7.791958 -16.002022 -32.379144 10
8.140958 -16.151002 -31.518144 1
8.934658 -16.650882 -31.249544 6
8.206658 -17.233123 -30.949144 1
9.020358 -17.711769 -30.765444 10
9.427758 -17.595421 -29.916744 1
10.157958 -16.984975 -30.050044 1
10.206058 -17.044688 -31.005344 4
10.091458 -17.094052 -31.921144 3
9.996958 -17.295597 -32.924844 10
9.983858 -16.337192 -33.289644 4
10.723658 -15.753492 -33.043644 4
10.054158 -15.203032 -32.580044 1
10.837058 -14.839372 -32.041144 3
10.211258 -14.177152 -32.122544 10
9.642458 -13.715012 -31.508944 14
8.835858 -13.151532 -31.343244 4
7.850058 -13.031442 -31.341044 11
7.785558 -12.093092 -31.655944 13
7.302358 -11.386242 -31.242644 10
7.124258 -11.397412 -32.188844 13
6.461058 -11.761472 -32.711244 13
5.826958 -12.220562 -33.363244 11
6.417658 -12.803142 -32.883644 13
5.898358 -13.251342 -32.218244 4
6.179558 -14.017552 -32.740844 8
5.910958 -14.860352 -33.163244 10
5.159458 -14.571872 -32.526944 4
5.108658 -15.406672 -32.974044 9
4.670358 -16.286392 -32.772744 10
3.934158 -15.817562 -33.081044 10
3.947858 -14.950172 -33.353744 4
3.522258 -15.407042 -34.094344 15
3.474658 -14.460312 -34.392544 6
2.714358 -13.926592 -34.156644 9
3.048158 -13.155192 -33.654544 4
3.932958 -13.503462 -33.984844 4
3.720558 -12.589602 -34.310044 5
4.098458 -11.802772 -33.851144 4
4.031858 -10.809422 -33.885544 10
3.272558 -10.932282 -34.528644 6
3.040558 -10.239762 -35.190644 5
3.377458 -9.717592 -34.548744 13
2.967058 -10.251222 -33.908844 7
3.635658 -9.844372 -33.256344 1
3.387758 -8.928502 -33.293844 10
3.552958 -8.012512 -33.055144 1
3.277058 -8.402102 -32.143844 13
3.404758 -7.427542 -31.918844 5
3.699358 -7.575242 -31.007244 3
3.847458 -7.543442 -30.051244 4
4.701958 -8.014212 -29.626044 1
5.112058 -7.298442 -29.074244 1
6.135858 -7.475442 -29.059944 13
5.630358 -8.311422 -29.235544 10
4.840058 -8.228792 -28.611344 4
5.583458 -8.430682 -28.059544 10
4.953658 -9.225182 -28.147244 8
5.879558 -9.510472 -28.037044 10
5.486158 -9.999462 -27.274944 13
5.073558 -10.035792 -26.429744 4
5.420558 -10.913432 -26.623044 11
5.138658 -11.763682 -26.227144 11
4.640558 -11.228772 -25.657444 4
3.584758 -11.271172 -25.908744 14
2.703158 -10.797242 -25.746844 6
2.618958 -9.937212 -26.098144 10
2.090958 -9.398812 -26.684044 3
2.493558 -9.147802 -27.530144 13
2.605458 -8.740552 -28.374744 4
2.615758 -9.507682 -29.109044 6
3.209958 -9.346722 -29.828944 12
3.984458 -8.927712 -29.787244 4
4.723258 -8.929862 -30.373544 10
5.005458 -9.792362 -30.106244 10
4.189258 -10.039602 -30.690844 3
3.693558 -10.815242 -30.873344 5
3.248358 -11.572342 -31.326944 4
3.554558 -12.420692 -30.880044 4
2.606858 -12.385072 -30.548444 9
2.521858 -13.070562 -29.869944 1
2.607058 -13.846042 -29.329844 10
2.392558 -14.737572 -29.843944 5
3.260458 -15.268602 -29.702944 10
2.504158 -15.822292 -29.949444 5
3.097058 -16.378712 -29.461544 4
3.501658 -17.1994 -29.131144 15
4.059858 -16.848545 -29.811044 1
4.467758 -17.381993 -30.443244 4
4.526358 -17.986468 -31.141744 9
3.884458 -18.023184 -31.880944 13
4.132058 -17.819301 -32.803344 10
3.300858 -17.41393 -32.578244 10
2.944958 -17.008842 -31.821544 13
3.622758 -16.641802 -31.237344 1
4.387058 -16.93609 -31.906344 15
4.731758 -16.409172 -31.194144 6
5.072658 -16.535442 -30.286044 13
5.025758 -15.564132 -29.969044 1
4.898758 -14.577362 -29.916744 4
4.389458 -14.870682 -29.013344 9
3.823158 -14.162972 -29.319744 13
4.390158 -13.567252 -29.847044 4
3.780258 -13.328882 -30.530444 6
4.216958 -13.012582 -31.311644 4
5.082358 -12.753252 -31.200444 4
6.030658 -12.589992 -30.790244 8
6.879958 -12.161712 -30.628644 8
6.652858 -11.187122 -30.430844 10
6.726458 -11.713942 -29.575744 11
6.693958 -10.752892 -29.314744 10
7.616258 -10.439402 -29.045944 10
8.032858 -11.137252 -29.597744 5
8.692258 -11.609472 -29.093644 4
9.616758 -11.789452 -28.908744 3
10.228358 -12.524512 -28.950444 7
9.441158 -12.944352 -29.075044 13
9.440858 -12.673602 -28.191344 4
9.133258 -13.047452 -27.364444 10
8.481358 -13.638712 -27.998844 6
8.162858 -14.348802 -28.580544 1
7.897458 -15.254562 -28.714244 12
7.432358 -15.253392 -27.848844 4
6.972758 -16.021702 -27.634144 10
6.567658 -16.850194 -27.915544 1
6.858958 -17.394631 -28.666744 10
7.005158 -16.81942 -29.459844 13
6.259058 -17.341005 -29.874044 1
5.860758 -18.082768 -30.346144 1
4.938158 -18.246426 -29.871144 6
4.255158 -18.604934 -29.318644 4
3.885858 -19.472122 -29.366244 1
3.039258 -19.051672 -28.952944 10
2.781058 -18.675533 -29.821644 4
2.787458 -19.350632 -30.493044 15
2.485458 -19.147722 -31.427044 14
2.510558 -19.914642 -32.007444 4
2.334758 -19.211072 -32.668344 10
2.055558 -18.371211 -32.404444 10
1.240358 -18.783617 -32.084544 4
0.906558 -18.043145 -31.557344 13
1.385458 -17.292498 -31.228044 13
1.628358 -17.70755 -30.404044 3
1.820258 -16.748532 -30.196344 10
1.794958 -15.874082 -30.669944 5
1.036758 -16.341282 -31.018044 13
0.689158 -15.606572 -30.510244 5
-0.041642 -14.965082 -30.496944 15
0.071758 -14.052942 -30.780644 4
-0.695542 -13.706672 -31.290244 10
-1.647342 -13.765972 -31.366444 9
-2.175942 -13.369172 -30.684844 13
-2.800642 -13.360412 -29.887244 6
-3.601742 -13.296022 -29.174644 11
-4.364942 -13.243292 -28.566844 1
-4.523942 -12.727682 -27.776944 4
-4.296842 -11.914532 -28.222644 7
-4.996042 -12.080652 -28.831244 4
-5.792942 -11.781192 -29.374144 10
-6.675442 -11.605642 -29.079144 1
-7.358342 -11.041082 -28.676144 10
-8.175242 -11.491072 -28.344944 4
-8.497742 -12.323812 -28.640844 3
-8.194442 -12.376682 -29.632444 4
-8.620142 -11.739952 -30.324344 13
-8.375042 -11.021912 -30.935944 10
-7.778942 -11.580432 -31.582344 7
-7.279342 -12.364162 -31.740344 9
-7.176042 -12.035342 -30.861344 8
-6.333642 -12.246392 -31.072844 9
-5.632742 -11.814402 -31.641444 4
-5.143642 -11.868142 -32.514744 5
-4.547142 -11.650432 -31.661044 11
-3.619242 -11.594492 -31.357944 8
-3.686642 -11.662342 -32.304644 13
-3.114242 -11.971532 -33.063544 10
-2.444642 -12.348632 -33.645244 10
-1.528242 -12.413012 -33.443344 6
-0.952642 -12.272662 -32.719544 1
-0.665342 -11.611622 -33.422544 4
-0.213442 -12.322852 -33.915244 10
0.667758 -12.681452 -33.746044 1
0.657158 -13.521342 -33.270844 1
1.201858 -14.331342 -33.067644 1
0.744658 -14.876282 -32.437944 3
1.058358 -15.720622 -32.086444 13
1.818558 -15.384752 -31.592044 5
2.166258 -14.494992 -31.566644 5
2.964658 -14.325452 -32.050144 4
3.141358 -15.116632 -32.678044 4
2.830858 -16.054202 -32.756344 1
2.837958 -16.854421 -33.276144 10
2.451458 -17.727524 -33.146444 10
1.790158 -17.285481 -32.487044 13
1.532758 -16.289582 -32.800644 13
1.099258 -17.04406 -33.183044 13
1.057858 -17.356104 -34.069344 4
1.589058 -18.062234 -34.344744 10
1.446058 -18.790325 -34.967444 10
1.252358 -19.618962 -35.226044 6
0.770458 -19.809082 -36.147344 13
0.335058 -20.646302 -35.965644 7
-0.324242 -21.355882 -36.171144 10
-0.425642 -20.984002 -35.183544 6
-1.243842 -20.576412 -35.226444 13
-0.535342 -19.964052 -35.414744 6
-1.005442 -19.389172 -36.123344 4
-1.406942 -18.916362 -35.332944 13
-1.354342 -17.964473 -35.501644 4
-1.906842 -17.425311 -34.873544 4
-2.298742 -17.876833 -34.076044 10
-1.517142 -18.420186 -34.178044 4
-0.959842 -19.173172 -34.302844 9
-0.123442 -19.251642 -34.655244 6
-0.496542 -18.482103 -35.198644 4
-0.358542 -17.591582 -35.632144 4
0.578158 -17.314546 -35.682744 4
1.421358 -17.341571 -35.146144 10
2.280858 -16.934395 -35.371544 10
2.526158 -16.031622 -35.782644 9
3.401458 -15.779852 -36.074844 15
3.581458 -16.147132 -35.182344 4
4.438258 -15.705942 -35.388044 5
4.485958 -16.033902 -34.544144 7
4.865958 -16.426152 -33.782244 10
5.083758 -17.159103 -33.181644 3
4.605458 -17.869668 -33.629844 10
4.106458 -18.617421 -33.338344 10
4.656358 -19.374432 -33.409044 1
4.822458 -18.800575 -34.175744 10
4.571158 -18.821292 -35.159944 12
4.291958 -17.910507 -35.336644 11
5.030758 -17.693633 -34.704444 1
4.221358 -17.264688 -34.379344 10
3.324058 -16.831547 -34.282144 10
2.815158 -16.062092 -34.334544 1
2.010558 -15.513462 -34.585444 11
1.675958 -16.398972 -34.226644 10
0.865358 -15.960972 -33.758344 13
0.264358 -16.107742 -34.462644 7
-0.074342 -16.814704 -34.968644 4
-0.454842 -15.975152 -35.358244 4
-0.437442 -15.000932 -35.439044 3
-0.345242 -14.582252 -36.346744 7
0.061758 -15.447942 -36.256044 4
0.754358 -15.868092 -36.843044 8
1.044458 -16.779402 -36.671144 4
1.989858 -16.739002 -36.543644 7
2.816758 -16.385812 -36.955244 1
3.312658 -17.201879 -36.696144 13
3.395958 -17.48243 -35.795644 5
3.228658 -17.593758 -34.858344 10
2.767258 -18.28986 -34.303444 10
3.141758 -18.934632 -33.653044 10
3.685158 -19.754532 -33.552744 1
4.255958 -20.384162 -34.035144 12
5.129858 -20.845002 -33.925144 4
4.489558 -21.356492 -34.489244 5
4.636158 -20.821902 -35.269444 9
4.107258 -20.054532 -35.061044 7
3.547458 -19.427382 -34.683844 10
3.183058 -18.708396 -35.238044 10
3.770158 -18.751249 -35.989744 9
4.671358 -18.869592 -36.453944 1
5.097958 -18.799385 -37.278844 1
5.094458 -19.756922 -37.542344 6
5.220358 -19.948552 -38.409144 13
5.903058 -20.491292 -38.763644 4
6.448458 -20.120982 -39.503544 10
6.748658 -21.028132 -39.639944 13
7.003558 -21.961592 -39.488144 4
6.155958 -22.272562 -39.164544 10
5.184758 -22.252782 -39.117844 5
5.458458 -21.684962 -39.812744 4
4.532058 -21.459032 -39.743944 15
4.460058 -20.569372 -40.193344 11
3.573058 -20.299102 -39.903144 3
2.667058 -20.311322 -39.668944 4
1.792458 -20.341732 -39.995944 10
1.656658 -20.748332 -40.833144 11
1.217458 -20.394702 -41.566344 13
0.749858 -21.054652 -41.093444 13
0.674158 -20.741532 -40.168744 15
0.873758 -20.559072 -39.258244 7
0.550358 -19.665802 -39.084444 8
-0.343742 -19.184832 -39.108844 10
-1.000742 -19.487942 -38.496344 10
-1.399342 -19.616592 -37.653244 1
-0.732842 -19.124532 -37.140544 4
0.236558 -19.498672 -37.222144 1
0.400358 -18.356043 -35.872144 4
1.388558 -18.300505 -36.011044 10
1.682958 -17.742283 -36.726644 3
0.995058 -17.750327 -37.401644 4
1.478858 -18.536823 -37.667944 1
2.282858 -18.892652 -37.127744 1
2.664158 -18.433782 -36.439244 10
2.381858 -19.162002 -35.834044 10
2.821058 -19.878042 -36.217444 9
2.371658 -20.699192 -35.831444 5
2.701058 -20.407242 -34.955044 4
2.633458 -20.864332 -34.106144 5
1.727058 -21.379822 -34.133844 7
1.491458 -20.482102 -34.503144 6
1.910858 -19.893102 -33.773344 10
1.367458 -19.470612 -33.034944 10
0.454758 -19.598942 -32.823644 7
0.648558 -19.849342 -33.842244 6
1.313358 -19.167392 -34.118144 10
0.964158 -18.528598 -33.490144 10
0.167358 -17.989212 -33.711944 4
-0.221842 -17.133087 -33.837444 4
-0.740242 -16.611692 -33.174544 13
-0.281542 -15.769062 -33.490344 3
-1.115942 -15.692812 -33.922044 10
-1.020142 -16.586302 -34.246944 4
-1.695342 -16.991556 -33.701144 7
-1.048942 -17.646409 -33.474044 4
-1.563242 -18.379776 -32.853644 1
-0.784242 -17.895415 -32.343044 9
-0.181542 -17.032101 -32.184744 13
-0.026242 -16.185972 -31.732444 13
-0.878942 -15.653922 -31.490244 1
-0.951142 -15.727422 -30.531444 10
-1.699442 -16.286012 -30.812344 1
-1.642542 -16.643162 -31.744144 1
-1.995442 -15.707382 -31.968144 1
-2.375542 -14.805842 -31.894044 4
-3.015742 -14.128052 -32.324944 3
-3.095442 -14.604892 -33.190444 7
-3.011342 -15.419342 -33.829744 8
-2.179242 -15.951372 -34.130044 11
-2.219742 -16.437262 -35.047444 4
-1.726942 -15.945972 -35.677944 4
-1.637942 -14.951182 -35.649944 10
-2.573042 -14.707912 -35.825844 11
-3.265342 -15.392782 -35.879044 13
-3.065742 -16.380522 -36.073944 8
-2.209042 -16.152932 -36.487544 4
-2.027442 -16.341652 -37.450244 11
-1.999542 -16.926488 -38.223444 10
-2.803442 -16.707472 -38.493044 10
-3.201442 -16.300592 -37.733444 5
-2.821742 -15.435622 -37.770344 13
-2.142142 -14.693752 -37.798944 6
-1.979442 -15.302502 -37.037144 1
-1.076642 -15.442172 -36.620544 7
-1.159042 -16.343642 -36.367544 4
-0.913642 -17.319439 -36.426544 4
-1.358042 -17.340923 -37.293144 5
-1.804942 -18.143927 -37.515444 10
-1.689642 -18.046557 -36.550144 4
-2.569142 -18.276419 -36.794244 5
-2.977242 -18.366647 -35.933444 1
-3.307942 -17.584198 -36.422844 6
-2.600342 -17.183482 -36.867944 4
-3.327342 -17.453441 -37.419544 10
-3.977142 -17.188065 -38.091644 15
-3.913942 -17.074186 -39.036544 15
-3.203442 -17.686448 -39.202244 10
-2.402242 -18.217168 -39.242344 10
-2.395442 -19.145682 -39.434144 10
-1.902942 -19.800732 -38.956744 10
-1.756042 -20.021192 -39.899944 9
-1.304842 -19.940312 -40.778544 15
-1.644242 -19.189792 -41.326144 13
-1.347342 -18.977742 -40.480844 10
-0.741842 -18.338698 -40.066344 9
-1.503342 -17.741133 -39.930144 10
-0.844342 -17.45979 -39.320644 13
-1.579442 -17.931968 -38.816744 10
-0.794742 -18.3901 -38.434044 10
-0.494642 -18.060279 -37.481544 4
-0.199142 -17.366834 -38.040444 1
-0.399642 -16.747762 -37.335944 4
0.332858 -16.433382 -37.910444 7
-0.565542 -16.300622 -38.370944 3
-1.306242 -16.529372 -38.975844 10
-2.025042 -16.027282 -39.384144 10
-2.582342 -15.346102 -39.828144 7
-2.835442 -16.098242 -40.405844 1
-2.503942 -15.507312 -41.053844 4
-2.138642 -15.880942 -41.870144 12
-2.982842 -16.220882 -41.629544 1
-3.933042 -16.455772 -41.805444 7
-4.910142 -16.550722 -41.859944 7
-5.559042 -15.892232 -41.435244 12
-5.102642 -15.235812 -40.936444 10
-5.917342 -14.640952 -40.602944 4
-6.729442 -14.972502 -41.166944 1
-5.944742 -15.032062 -41.685344 7
-6.704042 -14.622802 -42.190944 7
-7.425142 -14.022452 -42.066044 9
-6.803542 -13.564062 -41.394244 11
-7.071242 -14.003022 -40.525044 14
-6.718942 -14.490662 -39.781144 11
-7.299742 -14.792092 -39.027644 10
-8.061742 -14.676292 -39.584344 7
-7.888742 -15.678952 -39.631944 13
-7.913442 -16.382612 -38.989944 6
-7.024442 -16.640102 -39.183944 13
-6.406942 -16.633702 -39.902344 4
-6.500142 -17.608301 -39.840144 10
-6.943042 -17.921632 -40.684644 12
-7.412542 -18.372408 -39.981144 12
-7.349142 -19.365342 -39.915144 14
-6.520842 -19.897852 -39.997444 12
-6.299542 -19.786712 -39.055644 7
-5.264342 -19.561182 -39.031044 4
-5.753542 -18.777242 -39.042044 13
-5.719342 -19.183452 -39.924344 12
-4.808442 -18.837472 -39.912644 4
-5.141742 -17.917984 -39.933844 4
-4.251342 -17.791627 -40.230944 10
-4.195042 -17.412532 -41.073144 7
-3.436942 -16.935679 -40.689744 7
-2.951442 -17.531056 -40.159744 10
-2.138542 -17.409395 -40.667744 10
-2.063542 -17.304433 -41.683044 7
-2.546142 -17.150575 -42.585044 7
-2.474042 -16.241232 -42.794144 1
-2.395742 -15.372672 -43.049644 10
-2.884942 -14.567212 -42.912744 1
-3.389442 -14.401662 -42.129644 1
-2.877442 -13.705922 -41.683744 10
-2.167542 -13.060882 -41.609844 7
-1.480042 -13.072192 -42.338444 1
-0.658442 -12.687442 -42.611444 10
-0.258142 -12.368932 -41.762144 4
-0.980042 -12.162372 -41.145644 3
-0.853142 -11.501722 -40.426244 1
-1.437142 -10.987852 -39.859044 7
-1.818342 -10.666562 -39.065144 4
-1.016842 -10.990892 -38.607244 9
-1.242642 -10.622202 -37.697844 11
-2.123842 -10.704902 -37.314744 15
-1.982942 -9.835302 -36.909044 12
-2.722242 -9.248662 -36.782344 10
-3.248042 -8.917782 -36.081744 7
-2.632342 -8.784192 -35.237844 5
-3.092042 -8.389682 -34.511444 1
-2.932742 -8.716002 -33.594444 11
-2.689342 -9.172962 -32.795244 10
-2.851242 -8.170352 -32.572744 14
-2.769942 -7.188742 -32.478444 7
-2.791642 -6.487042 -31.799744 1
-2.487242 -6.127442 -32.697244 4
-3.321442 -5.758842 -32.474144 7
-3.589942 -5.393442 -31.583344 13
-3.086642 -4.771142 -32.208044 10
-2.918342 -3.783742 -32.024444 10
-3.884542 -3.550242 -32.228044 15
-3.826842 -2.477142 -32.140144 7
-4.462542 -2.866942 -32.784544 12
-4.991042 -2.492842 -32.124244 7
-5.240742 -1.519842 -32.101644 7
-6.103442 -1.239542 -32.457244 10
-6.677042 -1.288042 -33.256244 14
-5.832942 -1.766142 -33.263944 10
-6.023442 -1.247142 -34.118044 9
-6.403342 -1.791742 -34.850144 10
-5.684942 -2.360042 -34.746744 14
-5.204442 -1.469742 -34.748744 1
-4.463742 -1.875642 -35.225444 1
-4.735942 -2.817542 -35.487844 7
-4.848642 -3.584342 -35.994044 10
-5.561942 -4.172042 -36.116844 12
-4.745442 -4.529942 -35.802044 10
-5.355442 -5.068042 -35.369244 13
-6.322042 -4.900642 -35.494044 1
-7.233242 -4.658642 -35.732444 1
-8.042642 -4.657242 -36.323044 7
-8.100142 -3.794942 -35.921944 1
-8.693642 -3.102642 -35.649544 4
-8.784142 -3.782242 -34.958544 1
-9.599442 -3.670942 -35.450644 7
-10.533142 -3.714442 -35.785144 4
-10.711542 -2.988242 -36.403144 11
-11.536742 -2.670942 -36.910544 4
-11.363742 -3.409242 -37.462844 10
-10.777742 -3.021942 -38.078144 10
-11.567442 -2.590442 -38.351644 7
-11.865342 -3.134442 -39.080444 4
-12.436442 -3.757542 -39.473344 11
-12.270942 -4.407242 -40.177444 12
-12.007042 -5.338242 -40.186544 7
-11.219342 -5.861842 -40.141444 10
-11.120942 -6.712242 -40.577144 7
-11.396142 -7.444542 -40.007644 1
-11.353642 -8.283382 -39.570444 6
-11.231142 -7.593342 -38.837644 8
-10.432542 -7.167742 -38.575744 12
-9.511642 -7.650742 -38.725244 1
-9.161542 -7.413342 -37.856944 9
-8.338742 -7.961772 -37.820344 13
-8.578042 -8.555022 -38.546644 5
-7.644542 -8.467682 -38.643944 10
-7.863342 -9.304292 -38.216644 11
-8.397842 -9.380702 -37.394044 7
-8.838142 -9.591802 -38.224344 10
-9.130042 -10.432762 -38.648744 14
-9.498942 -11.321852 -38.784944 7
-9.739542 -12.103072 -38.159844 7
-9.267442 -12.327262 -37.405044 15
-10.004242 -12.996202 -37.231944 10
-9.966642 -13.761912 -36.613544 1
-9.371542 -14.128662 -35.952644 13
-8.531642 -14.486122 -36.265844 4
-7.836342 -15.109312 -36.163644 1
-7.342542 -14.550102 -36.796044 7
-7.769542 -15.253612 -37.235644 10
-8.229442 -16.072022 -36.967444 1
-8.528042 -16.840809 -37.574144 10
-9.083742 -16.656882 -38.403644 1
-9.582542 -17.505675 -38.426644 16
-8.770242 -18.016355 -38.608044 6
-7.956742 -17.979069 -38.084144 7
-7.256642 -18.542266 -38.288944 10
-6.570542 -18.941102 -37.795544 7
-5.849842 -19.371072 -37.292044 1
-5.126542 -18.701247 -37.164844 1
-4.339342 -19.256882 -36.966744 4
-3.596242 -19.339722 -37.518244 7
-2.861342 -18.800169 -37.730344 10
-3.022642 -18.834202 -38.707244 10
-3.715742 -18.329819 -38.251744 10
-4.072742 -19.180152 -38.607144 7
-3.711642 -19.638222 -39.440644 10
-3.029742 -20.228672 -39.341544 1
-3.474142 -20.735492 -40.014744 11
-3.440142 -21.700032 -40.268844 11
-2.512142 -21.959062 -40.574244 14
-2.381242 -20.985072 -40.407444 11
-2.015742 -21.078722 -39.486044 7
-2.023942 -21.992452 -39.254544 10
-2.444642 -22.521032 -38.500144 4
-3.316542 -22.254022 -38.056144 14
-3.732942 -21.451482 -38.526944 13
-4.256542 -22.178052 -38.840444 7
-4.337842 -22.394592 -39.824344 10
-5.128442 -22.453712 -40.387144 9
-5.946742 -22.135962 -40.671644 12
-6.848942 -22.416972 -40.394944 1
-6.849542 -21.503052 -39.948344 7
-6.487242 -20.767922 -40.658544 12
-7.180842 -20.727132 -41.329744 1
-7.128942 -19.764312 -41.205044 12
-7.379342 -19.214872 -41.972144 7
-7.381542 -20.117182 -42.277644 10
-6.449142 -19.941792 -42.060044 12
-6.361742 -18.946832 -41.701144 12
-6.206742 -18.481893 -42.581644 4
-5.313242 -18.319144 -42.882544 1
-4.339142 -18.511176 -42.763344 7
-3.584542 -17.993571 -42.568544 7
-3.584942 -17.031639 -42.751044 7
-4.111742 -16.476252 -43.472744 1
-4.166842 -15.531642 -43.954244 15
-3.866542 -14.625122 -44.164344 10
-4.836642 -14.616052 -44.129944 1
-4.492042 -15.177742 -44.835244 15
-4.082142 -15.864262 -45.459244 15
-3.574642 -16.206572 -44.719444 15
-3.518642 -17.063654 -44.284744 7
-2.528142 -16.876189 -44.116144 7
-1.697642 -16.679012 -44.706744 4
-2.278842 -16.819756 -45.396144 7
-2.086242 -16.450902 -46.251344 3
-1.472642 -15.705512 -46.594744 1
-0.776542 -15.222262 -47.083444 1
-1.052542 -14.549652 -47.735644 16
-0.443042 -14.024172 -47.201744 1
-0.554442 -13.432262 -46.382144 7
-1.426742 -13.555272 -46.048544 12
-1.679742 -12.834392 -45.501244 10
-2.483142 -12.178602 -45.556944 7
-1.700342 -11.796902 -45.104244 10
-1.085542 -11.086452 -45.046344 12
-1.388842 -10.849922 -45.910544 7
-1.508142 -11.461672 -46.663744 12
-1.273742 -11.481332 -47.662444 11
-2.237842 -11.708872 -47.667044 1
-3.153942 -11.916962 -48.072144 1
-3.753342 -11.797782 -48.895544 7
-4.283342 -11.784422 -49.764144 4
-4.804042 -11.713912 -48.960644 16
-5.103842 -11.146412 -48.194744 1
-4.931542 -10.582342 -48.929644 7
-5.843842 -10.396682 -48.645944 12
-6.573242 -10.975952 -48.690344 15
-7.011042 -11.706042 -49.222944 9
-7.306542 -11.025462 -49.821844 7
-7.285142 -10.123942 -50.317144 12
-7.674542 -10.104522 -49.419044 5
-8.429042 -9.548382 -49.776044 10
-9.033242 -10.287772 -49.673544 15
-8.606142 -11.145142 -50.091944 7
-8.220642 -11.474552 -50.909844 1
-8.134142 -12.364572 -51.367944 1
-7.983242 -13.233592 -51.733944 7
-7.082642 -13.251022 -52.100744 1
-6.695142 -14.039382 -51.618444 1
-6.295942 -14.718122 -51.034744 1
-5.817542 -15.517982 -50.770444 1
-5.815342 -15.313512 -49.817144 4
-5.521042 -14.609812 -49.205944 1
-6.264742 -14.259422 -48.734744 15
-7.214242 -14.207592 -48.527244 7
-7.181942 -14.785522 -47.757444 1
-6.268742 -15.124292 -47.736344 10
-5.347742 -14.939232 -47.346444 1
-5.075042 -14.602142 -46.455444 7
-4.902442 -15.502562 -46.146544 10
-5.424642 -15.403112 -45.394244 15
-5.727042 -15.660902 -44.411244 15
-6.015542 -15.735342 -43.466944 12
-5.381742 -16.415612 -43.766144 15
-4.978342 -17.144628 -43.159644 7
-5.550142 -17.252319 -42.332444 10
-5.429942 -18.046021 -41.824144 7
-5.532342 -18.777335 -41.158044 12
-4.995542 -19.478122 -40.750144 12
-4.882142 -20.296002 -41.181044 12
-3.989142 -20.165352 -41.178244 11
-3.384942 -19.454262 -41.360444 7
-2.966942 -19.311822 -40.524344 10
-2.577442 -20.022782 -41.055044 11
-2.230842 -20.249232 -41.955744 7
-2.318842 -19.329072 -42.262744 7
-1.425542 -19.568402 -42.257444 7
-0.459642 -19.393272 -42.173544 16
-0.026742 -20.192032 -41.792744 13
-0.110742 -20.251872 -42.803344 13
-0.866842 -19.752562 -43.134944 7
-1.346942 -19.677232 -43.939644 7
-2.293742 -19.544552 -44.084644 7
-2.820642 -20.102932 -44.778244 7
-3.053742 -20.884082 -45.312044 9
-2.771242 -21.556572 -44.665344 16
-3.267042 -22.279452 -45.096444 9
-2.755842 -22.846562 -44.540444 13
-1.943742 -23.088292 -43.956944 16
-2.489642 -23.806932 -43.609544 12
-1.581142 -23.978922 -43.443144 7
-1.383142 -24.958652 -43.700644 12
-0.493442 -24.634272 -43.610444 10
-0.115942 -25.124542 -42.658544 6
0.443458 -24.847312 -41.890544 1
0.614358 -23.917822 -41.648644 4
0.237758 -23.659042 -42.509044 16
1.007158 -23.084122 -42.376344 11
0.866458 -22.498322 -41.546544 1
-0.042442 -22.432502 -41.869044 15
-0.921042 -22.608982 -42.247244 14
-1.228042 -21.662282 -42.170944 16
-0.940242 -20.764062 -42.520644 7
-1.644342 -21.048572 -43.123744 7
-2.622642 -20.928532 -42.737244 7
-3.176342 -21.468172 -42.107844 11
-2.805242 -22.387142 -41.990244 4
-3.557842 -22.940092 -42.265244 1
-4.144842 -23.332742 -41.574444 4
-4.069042 -22.769132 -40.797944 15
-3.666942 -22.050582 -41.287444 11
-4.171142 -21.307802 -41.760644 11
-5.163742 -21.349392 -41.332044 7
-5.753042 -20.645632 -41.623444 12
-5.446742 -20.836562 -42.492544 1
-4.513042 -20.498982 -42.511544 5
-4.290842 -19.697902 -42.013844 7
-4.660742 -18.802987 -41.868344 12
-3.970742 -18.275305 -41.572844 7
-3.277942 -18.295394 -40.866644 10
-2.803442 -18.458502 -41.745344 7
-1.922442 -18.176069 -41.295544 10
-1.684342 -18.250268 -42.238744 7
-0.949342 -18.026374 -41.715744 15
-0.156342 -17.53495 -41.734244 1
0.727758 -17.238035 -41.845244 16
0.173458 -16.679832 -42.353244 16
1.026658 -16.055532 -42.263244 9
1.014258 -16.653352 -43.046244 16
1.967158 -16.402112 -43.040244 1
2.670358 -16.979493 -43.200744 10
3.025958 -17.881949 -43.076844 14
2.549158 -18.404158 -43.723644 7
1.792358 -18.901712 -44.080844 15
2.269058 -18.457544 -44.797844 10
3.160458 -18.314911 -45.132944 7
3.568758 -19.127462 -44.679344 1
3.552258 -19.877702 -44.016444 12
3.238058 -19.143152 -43.425044 1
2.792458 -19.380442 -42.553444 7
1.863058 -19.229352 -42.181644 13
1.882158 -18.275343 -41.923244 1
1.097058 -18.709926 -41.602844 1
0.969758 -18.601753 -42.604744 13
0.570058 -17.785114 -42.894444 16
-0.354042 -18.121611 -43.252244 12
-0.849542 -18.792632 -43.734044 7
-0.607542 -18.349026 -44.561344 7
0.024558 -17.784222 -45.147944 12
0.371058 -17.279465 -45.871544 4
-0.455642 -17.209606 -46.343944 16
-1.101142 -17.154791 -45.649044 15
-1.403742 -17.968673 -45.281944 7
-2.072442 -18.55189 -45.568844 7
-2.003242 -19.309452 -46.110844 7
-2.424442 -19.097032 -46.978244 6
-2.399642 -19.705142 -47.734744 15
-2.411742 -20.147592 -46.880344 11
-1.699642 -20.620562 -47.352344 15
-1.432642 -20.013292 -46.629444 15
-2.033042 -20.697912 -46.113144 9
-1.985342 -20.740902 -45.100544 7
-1.196542 -20.415662 -44.647844 7
-0.200842 -20.535182 -44.682844 7
-0.251442 -21.320542 -45.301444 11
0.390758 -22.041472 -45.065044 16
0.968658 -21.459602 -44.519044 12
0.247058 -21.456452 -43.878344 7
0.306658 -21.763462 -42.914344 13
0.722358 -22.296742 -43.571444 10
1.432258 -22.475472 -43.001244 9
2.260758 -22.045392 -42.942544 12
2.088158 -22.227042 -41.993744 11
2.386358 -23.112752 -42.435444 7
2.755558 -23.617042 -41.652244 1
3.384258 -23.617122 -42.449944 7
2.919258 -23.771722 -43.247844 16
3.002758 -24.685832 -42.959644 1
3.795258 -24.902402 -43.505044 11
3.462758 -24.412372 -44.212644 10
3.094558 -25.098102 -44.734844 16
2.266358 -25.482562 -44.484544 14
1.864158 -24.940392 -45.161544 1
1.717458 -23.924502 -45.371944 4
1.328858 -24.058202 -46.350344 16
2.034858 -23.310712 -46.297344 16
2.376258 -22.800902 -45.497144 12
3.339658 -22.551752 -45.409344 12
4.278958 -22.308592 -45.547344 7
5.185658 -22.495442 -45.849844 5
5.585758 -23.386782 -45.757844 7
6.494858 -23.475902 -45.673944 16
7.126958 -24.043012 -46.156144 10
7.845958 -24.669942 -46.353244 7
8.623458 -24.208682 -46.646444 10
8.197958 -23.603222 -45.976244 12
8.010758 -22.653872 -45.772244 1
8.064358 -21.850532 -46.328244 1
8.036258 -21.006452 -46.802944 7
8.046058 -20.873172 -45.822744 1
8.355958 -20.722022 -44.923144 15
8.629558 -19.915652 -45.345044 1
7.765458 -19.431042 -45.159244 16
7.084758 -19.742202 -45.729344 7
6.826358 -20.369772 -46.435144 1
6.109158 -20.431662 -45.736444 7
5.417058 -21.035482 -45.555344 1
4.653858 -20.433142 -45.645344 15
3.964258 -21.066622 -45.413644 1
3.271558 -21.431152 -44.849444 12
3.544258 -22.174002 -44.281844 7
2.997858 -21.832542 -43.574244 12
3.183558 -21.188232 -42.897044 15
3.088658 -21.499602 -41.974444 7
2.197158 -21.268862 -42.102744 16
1.690358 -20.562412 -42.511744 13
1.999658 -20.997592 -43.364644 12
1.542358 -20.138762 -43.572844 5
0.805858 -20.711892 -43.205644 13
0.391358 -20.024842 -43.784044 7
0.291958 -19.221452 -43.200744 13
0.414658 -18.822672 -44.086244 7
0.860258 -18.845462 -44.919044 15
0.723358 -18.523243 -45.818944 8
1.520958 -18.693152 -46.334444 11
2.372058 -18.752385 -45.865844 9
2.543058 -19.127172 -46.706244 11
3.259758 -19.354182 -46.141744 7
3.920658 -18.629812 -45.880344 1
3.651558 -17.7555 -46.150744 12
4.426158 -17.493663 -46.614444 16
4.483858 -16.728172 -46.031644 7
3.821958 -16.024282 -46.018944 1
3.322158 -16.712112 -46.518544 11
2.355458 -16.645812 -46.295744 7
2.005758 -16.783852 -45.429844 1
2.415558 -17.457614 -44.703744 12
1.416858 -17.406262 -44.643344 7
1.259458 -16.537822 -44.053044 11
0.976858 -15.736802 -44.558944 14
0.562358 -15.886092 -43.676144 4
-0.050542 -16.176382 -44.332644 16
-0.906842 -16.541262 -44.028544 16
-1.030442 -17.491966 -43.713344 16
-1.901542 -18.023264 -43.597644 7
-2.602542 -18.578171 -43.946644 7
-2.772742 -18.855522 -44.978144 7
-3.669742 -18.860102 -45.488944 5
-4.325042 -20.163652 -45.171144 16
-4.612242 -20.972572 -45.535544 10
-4.279642 -21.871172 -45.953944 15
-3.531542 -22.232462 -46.355444 9
-2.959942 -21.960382 -47.076344 7
-2.651842 -21.121992 -47.307944 15
-3.057342 -21.477632 -48.065544 15
-3.844542 -20.962982 -47.930944 1
-4.557342 -21.671052 -47.993844 7
-4.024242 -21.989702 -47.183044 1
-3.587542 -22.873462 -47.345944 12
-3.911442 -23.419842 -48.055344 15
-3.967942 -22.719982 -48.714244 1
-4.519342 -23.383462 -49.190244 10
-4.906842 -24.017182 -48.639444 7
-5.592642 -24.440122 -48.027144 7
-6.463442 -24.408612 -48.470444 11
-7.348142 -24.042972 -48.461844 7
-8.008642 -24.364322 -47.784344 12
-8.616542 -23.874072 -47.308244 1
-9.038042 -23.009642 -47.142944 16
-9.930742 -22.883262 -46.733844 6
-10.056842 -21.956162 -46.956344 12
-10.711042 -21.673422 -47.657344 7
-11.292042 -20.959572 -47.938044 11
-10.644642 -20.394902 -48.348744 13
-10.287742 -19.703892 -47.758944 16
-9.469842 -19.299532 -48.068944 7
-9.127342 -18.441564 -47.688644 12
-9.723942 -18.633875 -46.927044 16
-9.490542 -17.845297 -46.348744 7
-10.177442 -17.72128 -45.610044 12
-9.712942 -17.852942 -44.830044 1
-8.881642 -17.797704 -45.405044 7
-8.084242 -17.377776 -45.015644 13
-7.617242 -16.448892 -45.022444 15
-7.250042 -15.716962 -44.563944 11
-6.794242 -15.472952 -45.436044 15
-7.077342 -15.421502 -46.350144 7
-6.738342 -16.334312 -46.119744 12
-6.348642 -16.511112 -45.254444 11
-5.642642 -16.974856 -44.764544 15
-6.110742 -17.685825 -44.302444 9
-5.160042 -17.836228 -43.917244 7
-4.420642 -17.641971 -44.564044 7
-4.471942 -17.039269 -45.396344 15
-4.482642 -17.881203 -45.829544 16
-3.910442 -17.459348 -46.478044 8
-4.168142 -17.565179 -47.347744 11
-3.735942 -16.722962 -47.608244 4
-2.845842 -16.738722 -47.382744 11
-2.733042 -17.335755 -46.559544 1
-2.975242 -18.028325 -45.884344 7
-3.390842 -17.678873 -45.112644 1
-3.446042 -18.17791 -44.340244 7
-3.472742 -18.617517 -43.414044 7
-2.830342 -19.296032 -43.285144 7
-3.074342 -20.199362 -43.524144 7
-3.731142 -20.864922 -43.208644 16
-4.074642 -21.688622 -42.948244 1
-4.694742 -22.384622 -42.969244 1
-4.877642 -22.678752 -43.837344 1
-4.601642 -22.194932 -44.586644 1
-3.939742 -21.463162 -44.421144 1
-4.584142 -21.295682 -43.748244 1
-4.971942 -20.518332 -44.109144 12
-4.372042 -19.769602 -44.078044 7
-3.932042 -19.500542 -43.265544 7
-4.862442 -19.441042 -42.833444 12
-5.335842 -19.228202 -43.609644 7
-5.729342 -20.074602 -43.613644 11
-6.418542 -20.716502 -43.758344 12
-6.364242 -21.054652 -44.728944 16
-7.375542 -21.136472 -44.911244 15
-7.932942 -21.796232 -45.410744 5
-7.272542 -22.496242 -45.284844 16
-6.854742 -22.750142 -44.430944 14
-6.147342 -23.300502 -44.703144 7
-5.559642 -24.055652 -44.412344 15
-5.220442 -24.288682 -43.525744 16
-5.660842 -25.108402 -43.261544 12
-6.292942 -25.328932 -42.481244 16
-6.249242 -26.250322 -42.006144 7
-6.372142 -26.876542 -42.741544 11
-5.656042 -27.106022 -42.235844 15
-4.756642 -26.919472 -42.426644 11
-4.866342 -27.491332 -43.162844 7
-5.059342 -27.780382 -44.046944 1
-4.554042 -27.015152 -44.278744 13
-3.933242 -26.465592 -44.812444 12
-3.217742 -26.714622 -44.285444 16
-2.941442 -25.873952 -44.666644 1
-3.291142 -25.418262 -45.423244 1
-3.563742 -24.934042 -44.606444 12
-3.164342 -24.098042 -44.811944 1
-3.818942 -24.233992 -45.533144 8
-3.081242 -24.256752 -46.270644 7
-2.437842 -23.578352 -46.069644 16
-2.335342 -22.736842 -45.616144 9
-1.766742 -22.182592 -45.037044 15
-1.443742 -21.563662 -44.345344 7
-0.714342 -21.886352 -43.800344 7
-0.445242 -22.881472 -43.475944 1
0.380258 -23.318732 -43.541044 7
1.333458 -23.574792 -43.773344 13
2.151258 -23.034192 -43.680844 12
1.624958 -22.858052 -44.457744 8
1.664458 -22.134302 -45.104544 12
2.127658 -21.275092 -44.829444 12
1.940858 -20.399022 -45.314244 5
2.038558 -19.514552 -44.897644 1
1.316758 -19.572292 -45.520244 11
0.397558 -19.711812 -45.342444 7
0.634158 -20.187012 -46.229244 11
-0.326242 -20.168062 -46.231344 15
-0.929442 -19.884102 -45.489844 7
-1.025642 -18.924172 -45.357744 7
-0.759242 -18.465068 -46.225444 1
-0.757742 -19.289422 -46.691144 15
0.201658 -18.907442 -46.759844 7
0.604958 -19.353882 -47.417144 11
-0.261342 -19.432802 -47.942444 15
0.086758 -18.535628 -47.858544 7
0.940158 -18.631659 -48.295244 11
0.916758 -18.063009 -49.021644 7
0.218558 -17.475196 -49.291144 16
0.644658 -16.803612 -48.839644 1
0.997058 -15.931122 -48.710544 1
0.789958 -15.597262 -47.847944 16
0.563958 -14.919842 -48.450344 12
0.448258 -14.728762 -49.362744 1
0.824658 -14.776742 -50.226244 1
0.210358 -14.204332 -50.594444 10
-0.796642 -14.053842 -50.682744 16
-1.463642 -14.061992 -51.420344 14
-2.212742 -13.530542 -51.779944 16
-2.726442 -13.934272 -52.485844 1
-2.894042 -14.773412 -52.886244 7
-2.650542 -14.948002 -51.890444 1
-3.322142 -15.577642 -51.577444 16
-3.323742 -16.508562 -51.287644 15
-3.395442 -16.322982 -50.316944 1
-2.899242 -16.353032 -49.506044 12
-1.998142 -16.315042 -49.885044 1
-1.727342 -17.052429 -50.401244 15
-0.977442 -17.339052 -49.929644 16
-1.216142 -18.269114 -49.764944 12
-1.890042 -18.893822 -49.398144 16
-1.948842 -19.511082 -48.639244 15
-2.804142 -19.849062 -48.961044 15
-2.800542 -19.785592 -49.885444 1
-2.479742 -19.473052 -50.716844 12
-3.168342 -19.485102 -51.340144 5
-3.382342 -20.469792 -51.382244 1
-2.431942 -20.720862 -51.416944 16
-1.487142 -20.643962 -51.709144 16
-1.297342 -21.431352 -51.180644 13
-0.501942 -22.121802 -51.437444 11
-0.549542 -21.830632 -50.459044 7
0.229158 -21.926482 -49.914644 16
0.047958 -22.042862 -48.967644 16
0.195758 -21.667212 -48.142344 16
0.984158 -22.076682 -48.383744 16
1.587758 -21.961502 -49.105544 16
1.663458 -21.330062 -48.387144 16
1.941858 -20.461732 -48.803944 11
1.965358 -19.694372 -49.502544 8
2.772758 -19.281002 -49.268444 11
3.079958 -19.694802 -50.143944 8
3.815358 -20.198472 -49.724344 16
4.664658 -19.895652 -50.309044 1
4.805458 -20.067012 -49.397844 1
4.413758 -19.529382 -48.648244 16
3.979358 -18.691781 -48.698044 1
3.655758 -19.247302 -48.020444 11
3.382158 -18.347401 -47.880944 16
2.676758 -19.005752 -47.807644 11
2.176758 -18.304365 -48.238344 11
1.865658 -17.584044 -48.828044 1
2.809158 -17.881847 -48.932644 16
3.217858 -17.065591 -49.211344 1
4.085358 -17.040054 -49.604944 1
4.434158 -17.359044 -48.777344 1
4.796358 -18.148078 -48.442344 1
4.918158 -18.578127 -47.623844 7
5.052158 -19.415362 -47.186944 12
4.566658 -20.169592 -47.332544 1
3.855858 -20.307492 -47.968544 11
4.684358 -20.818822 -48.295144 5
4.580558 -21.632702 -47.809344 15
3.798358 -22.001102 -48.162844 5
3.045158 -22.511842 -47.783344 16
2.573058 -23.059742 -47.223744 16
1.815258 -22.528612 -47.030144 16
1.612558 -21.962742 -46.237244 12
0.715958 -21.730782 -46.384944 16
-0.154342 -22.115102 -46.033044 15
0.034458 -23.066772 -45.763644 16
-0.112842 -23.900382 -45.308244 7
-0.535442 -24.073102 -46.153544 12
0.062958 -24.151822 -46.868844 1
0.425458 -23.355482 -47.277844 16
-0.573742 -23.182542 -46.967844 1
-1.433042 -23.371272 -46.501944 1
-2.002842 -22.921392 -47.161944 1
-1.433442 -22.115842 -47.024844 15
-0.836642 -22.290522 -47.733144 16
-0.642042 -21.400932 -47.668544 15
0.069158 -21.199452 -47.019644 15
0.230658 -22.229952 -47.150244 16
1.056758 -22.626502 -47.521244 16
1.216258 -23.125802 -48.337344 16
1.844658 -23.076872 -49.047544 16
2.616258 -22.514512 -49.370344 13
2.776158 -21.547852 -49.655444 7
2.982358 -21.090112 -48.793344 11
2.863558 -20.872632 -47.820244 11
2.234858 -21.494782 -47.540944 16
2.633958 -21.813432 -46.747244 12
3.179358 -20.954482 -46.655244 16
2.575058 -20.231292 -46.380144 11
1.982258 -20.976552 -46.277044 12
1.709558 -20.652352 -47.167544 16
2.196358 -19.918962 -47.628644 11
1.260158 -19.971812 -47.850244 11
0.622058 -20.730912 -47.992744 16
0.440258 -19.971012 -48.557844 1
0.864558 -20.130172 -49.401544 16
0.004058 -19.739092 -49.556544 12
-0.887442 -19.992762 -49.417844 1
-1.608642 -20.576902 -49.135044 15
-1.331742 -20.468592 -48.272444 15
-0.336742 -20.700582 -48.343244 15
-0.248842 -20.902992 -49.257044 16
0.385958 -20.771162 -50.051344 1
1.309758 -20.712362 -50.008544 16
0.897258 -20.432592 -50.762244 8
0.873558 -19.665802 -51.397044 1
1.463558 -19.071852 -50.960544 12
1.923158 -19.631992 -51.602544 8
1.822158 -19.830612 -52.522444 1
2.744858 -20.035092 -52.150344 5
2.507258 -20.726932 -51.490044 8
2.547158 -21.252842 -52.283344 7
2.185458 -20.645142 -53.008844 5
2.166158 -20.728332 -53.973744 1
2.583158 -21.486632 -53.530944 1
3.273958 -21.872002 -52.990044 1
2.853858 -22.262112 -52.194544 1
3.497658 -22.598362 -51.599844 9
3.968858 -22.322782 -50.842544 1
3.895458 -21.508912 -50.391044 12
4.648058 -21.013972 -49.906644 16
4.403358 -21.837292 -49.452344 7
5.060358 -22.533892 -49.110544 1
4.510658 -23.011602 -49.814644 16
4.379858 -23.580582 -49.024244 16
5.171958 -24.037212 -48.840244 14
4.546458 -23.990822 -48.119044 13
4.017558 -24.742362 -48.374244 12
4.241458 -25.035202 -47.420344 5
3.596958 -25.621562 -46.939144 16
3.208758 -24.695462 -47.036744 11
2.436558 -24.131902 -46.891644 16
2.905958 -23.882342 -47.712044 8
2.231258 -23.525382 -48.273944 16
2.892658 -23.617762 -48.993444 7
2.450658 -24.482792 -49.204344 16
2.786958 -24.910072 -48.396244 7
1.973358 -24.512222 -47.924744 16
1.525858 -25.354742 -47.577144 5
0.716758 -24.875902 -48.037044 15
0.776858 -23.922522 -48.029144 16
0.310758 -23.764562 -48.824844 16
0.110858 -24.677842 -48.825544 1
0.945658 -25.062752 -49.143944 16
0.256258 -25.114342 -49.825844 1
-0.578842 -25.095972 -49.421244 1
-1.468642 -25.176972 -49.087244 1
-2.328742 -25.239752 -49.606344 15
-3.173042 -25.335102 -50.129244 12
-2.685642 -24.710652 -50.715944 16
-2.338942 -23.885092 -50.377044 11
-1.990642 -22.985382 -50.600444 16
-2.774442 -22.631902 -50.215044 1
-2.290042 -21.911382 -49.847744 12
-2.213942 -21.484942 -48.981144 15
-1.738142 -22.396462 -48.698144 15
-1.210542 -22.944462 -49.275944 11
-0.281842 -23.064702 -49.217344 16
-0.207442 -23.835512 -49.735844 7
0.730758 -23.942312 -49.723644 16
1.587058 -23.532242 -49.932344 16
2.014458 -23.674382 -50.761744 12
2.568558 -24.185372 -50.156644 1
1.685858 -24.583032 -49.914144 16
2.050658 -24.978432 -50.678844 1
2.108458 -25.052362 -51.661444 7
1.713258 -25.368912 -52.413944 16
0.722158 -25.572762 -52.269944 1
-0.151742 -25.186202 -52.326144 1
-0.834342 -25.675842 -51.869444 11
-1.607442 -26.205012 -52.247744 5
-1.351642 -27.084122 -52.395044 1
-0.703642 -27.733992 -52.165844 16
