21.128012 -34.086928 11.584857 14
20.460512 -34.737328 11.495657 1
19.863712 -34.031928 11.299557 2
19.522212 -34.058528 12.158357 1
18.751812 -33.560628 12.338957 1
19.090112 -33.086628 13.121157 1
19.148612 -32.076028 13.188857 1
19.599412 -31.235928 12.864957 2
19.641812 -30.516428 12.294757 16
19.628412 -30.632028 11.310957 4
19.027112 -29.900628 11.046757 12
18.143912 -29.732428 10.661857 1
17.556212 -28.935628 10.933157 3
17.924312 -28.582328 10.092657 1
18.102212 -28.552228 9.137957 1
17.718112 -28.684028 8.330657 2
18.521112 -29.091928 7.923757 13
18.538212 -30.054228 7.692957 11
18.769812 -30.840328 7.146557 8
17.744012 -30.796428 7.307757 1
17.700912 -31.674328 6.843957 5
17.038912 -31.898628 6.127257 15
16.410712 -32.546128 5.651957 2
16.447112 -33.229828 6.383357 1
16.030412 -34.107928 6.210857 14
15.384612 -33.685628 5.643057 9
14.414512 -33.760628 5.573857 9
13.930712 -33.096528 6.070757 15
14.672312 -33.034328 6.781857 2
14.040512 -33.219328 7.532857 8
13.607512 -33.947828 7.083057 14
12.895712 -34.343828 7.552857 6
13.537612 -34.445428 8.293557 6
14.051312 -34.866028 7.622157 8
14.137512 -35.121428 6.714657 2
15.059012 -34.897828 6.341657 14
15.069712 -35.118028 5.440357 12
15.629212 -35.752328 4.920657 14
16.314912 -35.878228 4.225257 2
16.571812 -35.213128 4.855057 14
17.058912 -35.138828 3.984357 2
17.350512 -34.255028 3.831757 1
17.950712 -33.450528 3.672557 2
17.969312 -32.743628 2.981657 6
17.843212 -32.809628 1.978257 14
18.775712 -33.106728 1.981227 1
18.458712 -33.998928 1.680477 5
17.588812 -34.382428 1.817937 2
17.222312 -34.411128 0.946467 11
17.862912 -35.093628 0.967887 3
17.499412 -35.494228 1.754237 2
17.593112 -36.112228 2.438757 2
17.754912 -36.971728 2.155197 2
16.910712 -36.972028 2.622057 2
16.837612 -37.386228 3.431157 2
16.555912 -38.313428 3.511757 2
17.030012 -39.047628 3.197757 5
16.486612 -39.161428 4.114157 1
16.176112 -39.166028 5.127257 7
15.391412 -39.051728 5.714857 5
14.821112 -38.905028 6.555057 2
15.496312 -38.780228 7.214457 15
15.640712 -38.009228 7.770957 9
16.593112 -38.221828 7.862257 8
16.705312 -37.715328 7.068757 14
17.483012 -37.416428 6.589757 14
18.239512 -37.442028 7.222657 2
17.952612 -37.328128 8.093757 9
17.588212 -38.249428 8.172557 1
17.822612 -39.181228 7.887357 1
17.471012 -39.462428 6.976057 1
17.001712 -38.837828 6.472457 14
17.218412 -39.648928 5.942857 8
16.668412 -40.150328 5.343657 1
17.270712 -39.559528 4.783357 14
17.558912 -38.696028 4.289757 12
17.857012 -38.075828 3.535657 2
18.331212 -37.668528 2.654157 2
18.856412 -37.466328 3.435057 2
18.427312 -37.367928 4.285357 11
19.020012 -37.487628 5.036957 14
19.919412 -37.788828 4.711257 6
20.875412 -37.773728 4.917157 15
21.106612 -37.250528 5.639957 1
20.785412 -38.113328 5.991857 14
20.640512 -37.938328 6.951057 1
20.259412 -37.388928 7.683057 8
21.115012 -36.936328 7.773057 2
21.807112 -36.945528 8.535257 10
21.799612 -37.563128 9.276457 8
22.190412 -37.566028 10.220457 7
22.371412 -36.581128 10.372957 1
22.737312 -36.067128 11.219957 1
23.776312 -36.106028 10.964557 1
24.258412 -36.314828 10.188657 1
23.841512 -36.539428 9.364657 1
23.174712 -36.689328 8.771157 14
22.627012 -36.425428 7.981557 1
22.656512 -35.594928 8.428957 2
22.670212 -35.040028 9.216557 2
21.801912 -35.277128 8.902657 2
20.991112 -34.857828 8.953657 1
20.536612 -35.329828 8.217257 1
19.536312 -35.383628 8.430657 3
18.708512 -35.687528 8.048657 1
17.802612 -35.879328 7.760657 14
16.838312 -35.660128 7.751757 14
16.216212 -36.268528 8.225157 2
15.719012 -37.087328 8.109957 11
16.105212 -36.873028 7.238457 14
15.205012 -36.973328 6.904757 2
15.705112 -37.680628 6.482257 14
14.740412 -37.671828 6.200957 5
15.197112 -37.787328 5.380257 5
15.893712 -37.023228 5.171657 14
16.450212 -36.836128 4.387957 2
17.341112 -37.158628 4.264257 2
17.043912 -37.888928 4.771957 5
17.205612 -37.124128 5.430857 14
17.717912 -37.940828 5.552057 14
17.949512 -38.832128 5.796357 2
18.412212 -39.578328 6.312257 8
19.361712 -39.501828 5.971457 1
19.142412 -39.120628 5.055957 15
18.639412 -39.628028 4.396557 8
19.364612 -39.057928 4.130457 2
18.906712 -38.958228 3.278757 9
18.212212 -38.689828 2.681057 2
17.607012 -39.011228 2.086697 2
17.084512 -39.810828 1.765997 1
17.431612 -40.802428 1.720427 15
16.692212 -41.270828 2.276657 2
17.312312 -41.252328 3.014357 15
17.987712 -41.153728 3.655457 8
18.626712 -41.874828 3.391457 6
18.787512 -41.455728 2.460757 14
18.741312 -40.536728 2.345657 9
19.431512 -40.370328 1.660137 12
19.122012 -39.481128 1.686527 2
18.312812 -39.096228 1.154437 2
17.926712 -39.424628 0.332807 1
17.947912 -38.722128 -0.285623 8
17.899912 -39.425628 -1.007143 8
16.970812 -39.448128 -1.120003 3
16.788912 -38.984628 -0.264293 8
16.792612 -38.940528 0.720017 6
16.853012 -38.594228 1.610337 2
16.164412 -38.906528 2.157197 2
15.586912 -38.410828 1.520937 12
14.808112 -39.027328 1.993047 14
14.963412 -38.121028 2.358657 2
14.921512 -37.242528 1.991087 1
15.330912 -37.224828 2.969857 2
15.815812 -37.574328 3.709157 2
15.410712 -38.303728 3.279257 1
15.456312 -39.077928 3.846457 6
14.685212 -38.807028 4.436357 5
14.992312 -37.966828 4.243257 1
14.938612 -37.071328 4.720557 2
14.045612 -36.911828 4.323557 5
14.813112 -36.826528 3.695957 11
15.298012 -36.011728 3.822657 2
14.678212 -35.549128 4.445457 1
14.469612 -36.158628 5.135257 5
14.816412 -36.492528 5.927357 1
15.611612 -36.092828 6.165457 14
15.766212 -35.566428 6.870257 2
16.644512 -35.969828 6.520657 14
17.431512 -36.412928 6.225857 14
18.153212 -36.405328 6.859757 15
18.343612 -35.846828 6.070357 14
19.285112 -35.785128 6.057457 3
19.123012 -36.353328 5.310357 14
19.474712 -36.071928 4.461857 6
18.826412 -36.440728 3.846457 2
17.956912 -36.298528 4.258557 2
17.724612 -36.272428 5.177257 14
18.445512 -35.644328 4.912157 15
18.159312 -35.160428 4.134357 15
18.172312 -35.700628 3.351857 2
18.384412 -35.370428 2.463057 2
18.782112 -35.083628 1.647897 1
19.011712 -34.907128 0.668827 14
19.870712 -34.725628 1.019527 9
20.401212 -34.723528 0.121137 5
20.731112 -35.553928 0.414117 1
20.125512 -36.126428 0.996447 9
19.794812 -36.363328 0.159557 8
19.172912 -35.882128 0.701417 14
18.829012 -36.801128 0.781727 2
18.566512 -37.084528 -0.126173 8
17.971212 -37.754728 -0.671533 8
17.912412 -37.909928 0.313367 8
18.627612 -37.910028 0.876507 2
19.373112 -38.642528 0.898637 2
19.856412 -39.517928 0.651727 1
20.189412 -40.377428 0.949637 1
21.033412 -40.019228 0.675717 3
21.398612 -39.239528 0.330587 1
20.707012 -38.786428 0.895817 2
20.910412 -38.549028 1.813977 4
19.979912 -38.367628 1.777827 2
19.557212 -38.783628 2.538657 2
19.670912 -39.673228 2.962557 3
20.303512 -39.966628 2.275557 2
21.133112 -39.523128 2.409357 1
20.698312 -39.228028 3.177957 7
20.487712 -38.524428 3.788057 14
19.890312 -37.759828 3.572257 2
19.736912 -36.855528 3.141957 2
20.508312 -36.565328 2.624157 6
20.677612 -37.546828 2.413657 2
21.500112 -37.637028 1.848347 14
21.456612 -37.129028 1.061817 12
21.686412 -37.320128 0.122897 6
21.726812 -36.932028 -0.777243 2
20.888912 -37.364728 -1.335503 8
20.782312 -38.278328 -1.812603 2
20.441112 -37.602228 -2.369343 8
21.216312 -37.337128 -2.929203 14
22.049012 -36.764928 -3.167533 1
22.252712 -36.683228 -4.126413 2
23.162212 -36.298628 -4.534263 10
23.752712 -36.056528 -3.824513 1
23.617112 -35.488228 -4.561003 3
23.490812 -34.691528 -4.089853 14
22.679412 -34.895128 -3.713793 9
22.072512 -34.572028 -3.051843 2
21.424812 -34.305928 -3.634283 7
20.972312 -34.766728 -2.851943 1
20.445212 -35.397428 -2.366663 1
20.630712 -36.272628 -1.999643 1
19.738312 -35.945928 -1.663553 8
20.008612 -35.429128 -0.813473 3
20.245212 -36.367328 -0.841323 8
21.021912 -35.733128 -0.932773 2
21.869912 -35.308928 -0.535273 3
22.009612 -34.411328 -0.532663 2
22.342512 -34.083628 0.333127 1
21.781812 -33.673528 0.990317 14
20.847812 -33.540028 1.017237 12
20.765512 -32.534128 1.053727 14
21.298912 -32.135928 0.335457 2
22.165812 -31.724428 0.219797 5
22.465212 -31.487928 -0.680043 11
23.427912 -31.349428 -0.441473 3
23.417212 -31.487128 0.516537 2
22.864612 -30.749028 0.935937 15
22.329012 -31.411828 1.323337 2
21.805012 -31.676028 2.133087 2
21.454512 -32.504628 1.915427 2
22.434412 -32.484928 1.810487 8
22.271812 -33.413028 2.071527 1
21.971012 -34.287328 2.565957 5
21.733112 -34.655628 3.504757 3
21.026312 -34.411528 4.110657 1
21.079312 -34.669628 4.980457 2
21.484912 -33.740528 4.876857 14
21.189212 -33.711928 5.801657 1
21.310012 -33.186728 6.644157 1
20.543412 -33.644128 6.927457 2
19.745112 -33.793828 6.310057 2
19.040912 -33.416928 5.793957 1
18.087512 -33.539228 6.009857 1
17.779512 -34.461328 6.199757 14
17.619412 -34.071728 6.999057 1
16.740912 -34.159128 7.404657 4
16.734912 -34.665928 6.604857 14
16.817612 -34.392428 5.712757 14
16.694812 -33.547528 5.247557 3
16.128012 -34.152528 4.742557 9
15.859112 -33.392628 4.269757 9
16.549712 -33.663628 3.653757 6
17.005312 -34.083928 2.820557 2
16.179712 -33.899028 2.485357 2
15.447312 -33.308828 2.130927 9
14.734712 -32.686728 1.949287 2
14.645012 -32.879628 2.919557 9
14.825512 -33.150028 3.855857 9
15.202412 -33.950528 3.582857 9
15.470012 -34.955128 3.318157 6
16.341112 -35.376928 3.182857 2
16.548112 -36.025628 2.554457 2
16.070912 -36.818228 2.124867 2
16.041512 -37.168628 1.179787 6
16.844312 -37.560628 1.683357 2
17.053412 -37.439228 0.750627 8
17.833912 -37.001828 1.103017 2
17.760512 -36.075828 0.824697 2
18.253012 -36.096828 -0.008083 8
17.609412 -35.332828 -0.095233 6
17.216312 -36.057028 -0.679403 8
16.522912 -35.704328 -1.235593 14
16.457212 -36.613928 -1.449223 3
17.111312 -37.354128 -1.204633 8
16.318812 -37.900828 -1.274253 8
15.432112 -37.888328 -1.513783 6
15.364912 -38.002628 -0.573653 3
15.565612 -37.260728 -0.048063 14
16.443812 -36.830628 -0.333173 8
16.798312 -36.243628 0.359517 2
16.666312 -35.329528 0.155237 14
16.791812 -35.405628 1.094057 2
16.033212 -35.760128 1.507767 2
15.475112 -35.016528 1.622247 2
14.619612 -35.103128 1.206917 3
14.367612 -35.604828 0.394817 3
14.263612 -35.969028 -0.562453 2
14.137212 -35.245328 -1.306993 10
14.050312 -35.009528 -2.245543 3
14.786912 -34.745528 -2.704363 1
14.543112 -34.261228 -3.473993 2
15.158712 -33.669028 -3.151143 12
15.238912 -32.702928 -3.064403 3
15.745212 -32.395428 -2.232973 12
16.101712 -31.669128 -1.747963 1
15.236412 -31.480528 -2.116773 8
15.877312 -31.116528 -2.681143 2
15.773512 -31.257728 -3.641373 9
15.368212 -30.644328 -4.344303 3
15.577312 -31.546428 -4.697813 8
14.675112 -31.307328 -4.961393 2
14.310412 -31.794528 -5.667633 2
14.691312 -31.032828 -6.070893 1
15.294812 -30.725428 -6.712963 8
15.286512 -30.167828 -7.475432 1
16.120112 -30.368528 -7.841107 14
16.820812 -30.471528 -7.172811 9
17.765512 -30.220628 -6.890807 1
18.365912 -30.960928 -7.073811 1
19.041212 -31.508128 -6.697283 6
19.088812 -31.489328 -7.639228 1
19.365712 -30.511128 -7.733074 2
19.461112 -30.038928 -6.886644 6
20.312412 -30.330028 -6.975464 8
21.230512 -30.006228 -6.818037 3
21.931212 -30.486728 -7.197406 3
21.750312 -31.032628 -8.049072 6
22.090512 -30.428628 -8.749351 1
22.515912 -30.113728 -9.601913 14
23.462112 -30.108228 -9.705873 2
23.347712 -30.902828 -10.379093 2
23.537012 -31.826228 -10.128273 2
23.114312 -32.660028 -10.264243 7
22.303512 -32.733128 -9.723863 1
21.500612 -33.069528 -10.055903 9
20.798012 -33.625328 -9.828613 3
20.889312 -34.532328 -9.573113 14
21.787612 -34.165328 -9.531043 2
21.920712 -35.100228 -9.759333 14
22.561212 -34.998728 -9.033093 3
23.443212 -34.718228 -9.233663 2
23.335112 -33.851428 -9.551593 9
23.053412 -33.702028 -8.662319 8
22.787512 -34.328828 -8.019017 2
21.761812 -34.208328 -7.877621 8
20.769412 -34.401828 -7.666814 14
19.981812 -34.091328 -8.185538 2
19.715212 -34.963728 -8.515419 8
19.884712 -35.043728 -7.576497 12
19.557712 -34.669828 -6.772083 1
18.739012 -34.989728 -6.323533 2
18.059712 -35.186328 -7.042067 9
18.148212 -34.751328 -7.912975 10
17.339912 -34.587228 -8.483706 2
17.423212 -35.444628 -8.023411 9
16.975912 -36.090728 -7.419257 2
16.455612 -35.769828 -6.565093 1
16.285112 -36.653728 -6.409243 1
16.625312 -37.006828 -5.553633 2
17.389712 -36.815028 -4.997563 3
18.165612 -36.287028 -5.005703 3
18.048512 -36.560228 -4.106613 2
18.840512 -37.110528 -4.172003 1
19.599312 -37.715928 -4.280313 1
20.351212 -38.091828 -4.687023 6
20.497412 -37.309128 -5.222063 2
21.454312 -37.098628 -4.852343 14
21.296112 -36.312128 -4.318713 3
20.429512 -36.659528 -3.941883 2
19.676312 -36.625828 -3.425663 6
19.256012 -36.924228 -2.599613 12
18.830512 -36.753928 -1.761303 8
17.892912 -36.523028 -2.098203 8
17.436512 -35.703528 -1.780883 6
18.139512 -35.550128 -1.045543 8
18.295712 -34.553528 -1.090643 2
18.868812 -33.786428 -1.208943 3
19.716412 -33.510728 -1.539563 6
19.107412 -32.785728 -1.750343 2
18.438212 -32.100428 -1.939883 12
18.639412 -31.094928 -2.160813 3
18.251212 -30.854228 -3.086443 2
17.795312 -30.939528 -4.002483 1
16.838912 -31.040828 -3.953463 14
17.264712 -31.934628 -4.125083 4
16.869612 -32.758228 -3.679393 2
17.639512 -32.990328 -3.035393 1
17.015412 -32.884528 -2.308193 8
16.623212 -33.376828 -1.482133 3
16.110712 -33.398928 -0.637543 14
15.892612 -33.009828 0.240437 2
15.961012 -33.903728 0.487387 1
16.111212 -33.457428 1.302087 2
16.013612 -32.560228 1.543857 1
16.114112 -31.969928 2.337257 2
15.514212 -31.899528 3.129757 9
15.806812 -31.474728 4.022557 2
15.524512 -32.405428 4.184257 9
16.484012 -32.233528 4.312457 6
16.664212 -31.612028 5.053257 3
17.259412 -30.787728 5.062057 2
17.189112 -30.236528 4.288157 6
17.897212 -30.222228 3.722857 2
18.531212 -30.560528 4.365657 9
18.421512 -31.476528 4.603357 14
19.263612 -31.803128 4.538357 2
18.965612 -32.790128 4.642757 14
19.151912 -32.673928 3.658357 1
19.841912 -33.217128 4.171257 9
20.737212 -33.416328 3.807257 3
19.916312 -33.563928 3.189157 3
20.048612 -34.540628 3.154957 10
19.400212 -35.238928 3.110457 1
19.365412 -35.777728 2.312257 2
19.485012 -36.661428 1.932337 2
18.707012 -37.259528 1.832227 2
19.489712 -37.563328 1.303437 2
20.014912 -37.327628 0.462457 3
19.603012 -37.241828 -0.422193 8
18.817612 -37.512328 -0.991383 8
19.005712 -37.921428 -2.014363 8
19.798912 -38.402128 -2.040463 1
19.684112 -38.222928 -0.988433 8
20.044112 -38.865128 -0.331023 2
19.119712 -39.204428 -0.298223 8
19.095012 -40.099728 -0.679223 4
18.504712 -40.775128 -1.060213 3
18.652212 -41.738228 -1.122953 6
18.261212 -42.244328 -0.372473 3
17.381612 -42.126828 -0.117653 14
17.010012 -42.198228 -0.971203 14
16.959112 -42.890028 -1.729103 2
17.146912 -43.576628 -1.122473 7
18.049012 -43.617228 -0.770983 6
17.864212 -43.861328 0.165107 2
18.493512 -44.645028 0.080047 3
18.563512 -44.725328 -0.901113 14
18.026912 -44.538528 -1.658063 2
18.854512 -44.374928 -2.053643 3
19.800312 -44.320228 -1.995883 10
20.275912 -44.507228 -2.853623 2
20.273812 -44.227828 -3.723173 6
20.607512 -43.298128 -3.461213 5
19.774812 -43.562428 -3.041543 3
18.940912 -43.067628 -2.958083 3
18.127912 -42.945128 -3.548793 1
18.130712 -42.522728 -4.439553 13
19.009912 -42.307428 -4.028483 5
19.385512 -41.512228 -4.353273 2
19.137212 -41.461428 -5.329133 1
18.286212 -41.600028 -5.751793 7
17.407812 -41.212028 -5.924443 3
16.579012 -41.545628 -6.326453 3
16.622312 -41.394228 -7.250036 2
16.857612 -41.455528 -8.208005 14
16.618912 -40.737628 -8.78828 9
16.939512 -40.085728 -8.182319 1
17.857712 -40.212928 -8.016224 1
18.124712 -40.287428 -7.065283 3
18.371212 -40.135228 -6.034173 1
17.857312 -39.857028 -5.209693 1
18.089212 -39.923628 -4.136633 3
18.004412 -40.096628 -3.174003 3
18.890712 -39.645028 -3.251773 9
18.535812 -38.843128 -2.827273 3
18.054612 -38.614528 -2.069363 8
17.200812 -38.202528 -2.365673 8
17.258912 -38.057628 -3.251863 10
16.870612 -38.492928 -4.033733 9
16.141112 -38.783428 -4.679783 10
15.755712 -39.322028 -3.971913 12
16.152412 -39.904428 -3.287533 9
15.720712 -39.467028 -2.557963 14
15.856712 -39.056128 -1.734413 5
15.716512 -39.528728 -0.891463 1
15.612112 -40.473328 -0.731663 3
15.709912 -41.069228 0.019067 2
15.945112 -41.666128 0.725697 9
15.541212 -42.251828 1.443317 2
14.666112 -42.158728 1.867137 3
14.637012 -41.411428 1.186997 3
14.231212 -41.133028 2.001517 13
13.236412 -41.102628 1.886527 4
13.059512 -40.568028 1.125597 3
13.419212 -39.661128 1.362387 1
13.658712 -38.815628 1.129727 3
13.185412 -38.304228 0.497277 3
12.886912 -37.381328 0.469327 10
12.240212 -37.490128 1.159247 8
11.732112 -37.028928 0.464357 10
11.949312 -36.670728 -0.428293 1
11.006012 -36.546728 -0.694213 2
11.537412 -35.727928 -0.803573 3
11.065812 -35.508128 0.117947 3
10.207912 -35.140328 0.301847 7
10.397712 -34.522728 1.019807 1
10.670612 -34.024428 1.821707 1
10.568812 -34.958128 1.864787 2
9.713912 -34.707328 2.219657 6
9.822212 -34.546728 3.147057 6
10.008112 -33.624628 3.046957 12
10.666712 -32.893828 3.303057 9
11.205312 -33.232028 3.998057 3
11.432412 -33.203528 4.926557 3
10.543212 -33.495328 4.849857 3
9.808012 -33.673828 4.300257 8
8.781712 -33.860928 4.170757 9
8.725012 -34.645128 3.596757 6
9.446812 -34.588928 4.211657 13
9.410312 -35.550628 3.852657 6
10.056712 -35.399328 4.572757 9
10.676212 -34.921928 4.018757 3
10.705912 -35.793828 3.712057 6
11.544112 -36.070028 4.064457 4
12.485112 -36.304628 4.182557 5
13.114012 -36.862028 3.778257 5
12.568412 -36.771728 2.911257 3
12.910112 -35.900728 2.916357 14
13.789512 -35.370228 2.791557 8
13.476412 -34.916728 3.590757 5
13.909112 -34.114928 3.952157 9
13.885512 -33.435628 4.625157 9
13.015112 -33.309128 5.169357 3
12.206412 -33.687028 5.335457 3
11.954812 -34.576128 5.386957 3
12.391512 -34.559028 6.246357 10
13.209512 -34.564328 5.760357 10
13.006712 -35.277128 5.097057 5
12.168512 -35.368328 4.584257 14
12.399712 -34.469128 4.215357 3
11.904612 -34.048128 3.465357 3
12.065312 -34.602828 2.723057 1
12.322412 -33.738128 2.420857 1
12.817212 -33.622528 3.283557 3
12.984012 -32.774128 2.835457 4
13.650812 -32.096128 2.827457 9
14.125512 -31.476528 2.303357 1
13.744212 -31.238328 1.421057 1
13.484712 -30.307128 1.402097 3
13.187012 -29.475528 1.926647 1
13.462912 -29.489628 2.851457 1
13.840612 -30.400228 2.890157 4
14.269612 -30.995628 3.482557 9
13.824812 -31.039728 4.284357 1
12.977012 -31.381728 4.676557 6
12.356712 -31.310028 5.369057 3
12.844412 -31.658028 6.081057 3
13.059312 -30.776328 6.441957 10
13.096612 -31.351528 7.281957 15
13.749412 -31.683028 7.917957 11
13.272312 -32.619028 8.032057 6
12.958812 -33.073928 7.300557 6
12.586712 -32.455628 6.649357 3
12.620812 -33.376128 6.189357 13
11.763512 -32.953128 6.159857 3
11.484512 -33.056228 7.123857 6
10.683412 -33.285928 6.610057 3
10.129412 -33.529828 5.885757 3
9.486312 -34.255228 6.008557 13
9.633012 -35.086028 6.438757 9
10.453212 -34.759028 6.024657 3
10.945912 -34.900328 5.229357 3
10.925012 -35.880028 5.136357 4
11.613312 -36.526428 5.160857 4
12.426612 -36.627128 5.707057 3
13.198712 -37.016228 6.030657 5
13.434212 -36.307428 5.344157 5
13.681612 -36.216228 6.197857 9
14.113612 -36.068228 7.066057 3
13.891912 -36.700128 7.734257 8
13.079712 -36.753328 7.156157 8
12.605412 -36.330528 7.855357 12
11.744612 -36.144028 8.189057 9
12.499412 -35.586528 8.482357 1
12.266712 -34.655828 8.429557 6
12.642412 -34.908328 9.317657 3
12.758612 -33.994228 9.426057 6
13.123812 -34.150928 10.329557 3
13.353112 -33.245928 10.146057 5
14.169012 -33.713428 10.430457 1
14.287312 -34.204928 9.651857 5
14.991812 -34.252728 9.070857 1
15.691612 -34.815028 8.775857 2
16.369012 -34.317228 9.274857 1
16.120612 -33.697028 8.559857 5
15.975912 -32.812628 8.715357 10
15.608712 -32.553928 7.858057 3
16.122612 -32.559328 7.034657 1
15.972812 -31.547228 6.977957 3
16.457112 -31.133328 6.165457 9
16.252212 -30.580628 5.428957 10
15.502012 -30.689028 4.880057 13
15.549612 -31.517028 5.334357 3
14.689812 -31.745828 4.860057 9
13.848712 -31.332228 5.260457 14
13.483012 -32.212728 5.495157 3
13.942012 -32.382028 4.658657 9
12.976512 -32.480528 4.482557 3
13.317612 -31.847628 3.825357 9
12.385712 -32.152728 3.601457 13
11.800112 -32.163228 4.496357 3
11.349912 -31.764528 5.233657 3
11.552312 -31.080528 4.558257 9
10.939312 -31.501728 3.973457 3
10.071412 -31.218728 3.551757 9
9.513612 -31.917028 3.299157 1
8.887112 -32.393428 2.740357 1
8.615312 -33.024128 3.473257 4
7.903212 -33.746228 3.112857 6
7.694412 -34.255428 2.320457 3
7.941512 -34.890728 2.947257 6
7.090012 -34.587828 3.139457 8
6.454312 -34.780828 2.406057 9
6.595712 -33.869728 2.239657 1
5.792212 -33.457828 2.436657 1
5.157212 -34.057928 2.021487 1
4.516312 -34.792128 2.124227 4
3.837112 -34.977028 2.797757 3
4.737012 -34.983828 3.196357 3
5.374312 -34.233028 3.176157 10
4.776712 -34.009428 3.886257 3
5.582512 -34.418328 4.239357 5
5.907512 -33.538428 4.113357 1
5.094112 -32.989128 4.232757 3
5.632412 -32.631228 5.036957 8
5.981912 -33.420328 5.364157 5
6.819212 -33.878128 5.046057 5
7.786412 -33.836428 4.869057 6
7.492712 -33.341628 4.140957 3
7.607312 -32.359828 4.012857 9
6.998212 -32.295928 4.792557 3
7.637512 -32.504628 5.534257 5
8.376812 -32.272528 4.952757 11
8.925912 -32.577428 5.736457 3
9.137312 -31.646028 5.766657 3
8.784812 -31.012428 6.379357 9
9.631812 -31.431828 6.598457 3
10.022112 -32.061728 7.229357 3
10.206412 -31.758928 8.129657 15
9.832612 -31.893628 9.012257 1
9.071312 -31.673328 9.503657 14
9.433012 -30.893828 9.087257 12
8.553512 -30.514228 8.947457 4
8.742712 -29.708328 9.381157 10
9.148712 -30.114528 10.167057 3
8.358812 -30.658928 10.315957 3
7.809012 -31.030428 10.945957 1
7.782512 -31.929828 11.255557 3
8.570212 -32.373028 11.500057 8
9.190912 -31.920328 10.873057 3
10.198512 -31.735828 11.098457 13
10.411312 -32.154228 10.216857 9
10.771612 -32.580828 9.311857 6
11.205512 -33.325728 9.762157 6
10.295912 -33.573928 9.969657 3
10.622612 -34.353828 9.599257 6
11.218212 -34.553728 10.297057 4
11.334812 -35.184228 9.557057 6
10.867912 -35.535928 8.800657 5
11.019712 -34.678328 8.356857 6
10.171312 -34.768028 7.799357 3
9.718412 -35.593428 7.681357 9
8.898512 -35.270728 7.497257 9
9.020412 -34.353228 7.173857 3
9.506712 -33.913828 7.859357 3
9.489512 -33.967228 8.851357 1
8.825812 -33.450128 8.464557 3
8.030212 -33.892628 8.258257 3
7.039012 -33.871028 8.529957 9
6.119012 -33.434028 8.407857 10
5.679712 -33.725428 7.520357 1
4.792712 -33.916628 7.816557 1
3.960712 -33.761428 7.414257 3
3.233712 -33.206028 7.259957 1
3.952812 -33.195728 6.624257 13
4.953812 -33.406328 6.430557 1
5.929212 -33.209428 6.608857 5
5.713812 -32.323128 6.728557 9
6.424112 -32.071328 5.995657 5
7.101012 -31.564528 5.586757 4
7.582112 -31.784928 6.397257 8
7.883612 -32.548228 6.852257 3
8.124012 -33.251128 6.204957 5
9.085712 -33.408428 6.386857 3
9.649012 -33.111528 7.134757 3
10.351512 -33.343428 7.739357 6
9.937812 -32.838628 8.482757 6
9.157812 -32.635528 7.966257 3
8.521412 -32.030228 8.267457 9
7.902312 -31.717128 8.988757 8
7.616112 -31.362328 8.152957 4
7.040012 -30.594828 8.032357 3
6.120912 -30.779328 7.831357 15
6.642412 -31.561028 7.719757 8
6.758512 -32.457628 7.473357 13
7.449312 -33.139528 7.577357 3
6.902712 -33.718428 7.008857 5
7.749412 -34.230628 7.311557 3
7.533912 -34.861028 8.002957 13
7.948812 -35.655728 7.488257 9
8.109912 -36.433528 6.928157 9
7.950312 -36.869028 6.100557 3
8.607412 -36.183528 5.865257 9
8.632512 -36.842128 5.186857 3
9.035512 -37.211928 5.984657 14
9.799112 -36.879528 6.406357 9
9.633512 -36.149028 5.826657 9
9.819412 -36.451828 4.807157 4
9.163912 -35.749828 4.891957 1
8.539112 -35.069728 4.503957 6
8.804212 -34.361328 5.083157 3
9.202912 -33.475728 5.261557 10
9.828112 -32.796528 5.097057 3
9.700612 -32.102328 4.398257 15
10.019112 -31.816328 5.273357 3
10.117312 -30.832228 5.437657 6
10.998812 -30.724628 5.853657 1
10.649412 -31.598328 6.130257 3
10.915212 -32.266428 6.733957 3
11.463512 -31.898728 7.389357 6
11.524912 -31.109428 7.875957 1
11.808512 -31.804428 8.525857 6
11.479012 -31.460328 9.415957 10
11.703412 -31.480428 10.359257 1
12.390712 -31.080028 10.861457 3
11.821512 -30.191728 10.767557 3
11.411712 -29.640628 10.131657 5
11.751412 -28.723528 10.232857 10
12.588112 -29.027528 9.872357 11
12.808012 -29.642128 10.549057 13
13.248012 -30.456928 10.776657 3
13.511412 -31.117728 10.118057 8
12.840612 -31.701028 9.772457 9
12.444812 -32.638128 9.613657 5
11.927012 -33.164928 8.924357 6
11.701912 -33.679828 8.120257 6
11.893412 -34.140228 7.305257 5
11.100112 -34.387228 6.830857 3
11.170912 -35.345928 6.947457 9
11.277012 -36.294228 6.839557 9
10.694912 -37.002828 6.974257 9
11.652512 -37.255828 6.964857 3
11.395112 -37.477028 6.119257 1
11.201112 -37.640628 5.185657 4
11.365912 -38.515828 4.791957 1
10.969212 -38.028428 4.101557 4
10.255712 -37.845228 3.468057 3
9.725812 -38.546028 2.997257 1
9.101312 -39.284528 2.908557 8
8.345912 -39.242828 3.434657 1
7.971612 -38.715728 4.236957 3
7.488312 -38.226828 4.869357 3
6.997112 -38.618528 4.175557 3
6.189512 -38.740328 3.595157 1
6.741812 -38.439228 2.896057 5
7.134712 -37.628628 2.720557 3
6.134012 -37.578828 2.561957 9
6.271212 -37.534128 3.486757 3
6.420112 -36.523428 3.223157 10
7.240112 -36.513428 3.796057 3
7.203412 -35.519428 3.755057 6
6.930012 -35.135028 4.725557 15
6.797712 -35.164328 5.721857 5
7.476312 -34.734128 6.150357 9
7.781312 -35.459228 5.526357 9
8.033512 -35.932628 4.776657 6
8.159612 -36.806028 4.257857 3
7.652112 -37.286928 4.855857 3
7.235612 -36.549128 5.340457 9
6.331312 -36.835328 5.501657 3
5.389112 -36.533028 5.556457 13
5.648312 -35.633728 5.543057 5
5.447712 -35.871828 4.616457 6
5.941812 -36.689928 4.455557 3
5.424812 -37.396228 4.668657 13
5.542512 -38.357728 4.974957 3
4.978712 -39.086728 4.859057 6
4.643012 -40.059928 4.767957 6
5.296812 -39.685028 3.982457 3
5.890012 -39.789928 3.231557 1
6.649312 -40.254428 2.943357 1
6.968312 -39.705228 3.686257 5
7.751112 -40.046728 4.097157 10
8.356812 -40.045628 4.819357 3
9.089912 -40.440528 5.278357 12
9.221912 -39.516328 4.881957 8
8.521712 -38.943128 5.154257 3
8.712512 -38.810328 6.108557 3
9.386012 -39.404128 6.094557 4
9.824012 -38.823828 6.720857 9
10.149812 -38.511228 5.878857 14
9.375912 -37.990428 5.382857 3
9.842112 -37.511428 4.742157 4
9.186412 -37.092228 4.054857 3
9.242012 -36.391528 3.311557 6
10.057712 -36.628328 3.720857 11
11.026212 -36.782628 3.359457 4
11.082812 -36.300828 2.530857 13
10.485912 -37.062628 2.148647 3
9.710312 -36.555428 2.285057 9
9.664412 -35.637228 1.813637 6
9.728412 -36.375828 1.292447 4
9.026812 -35.745128 1.065917 9
8.253212 -36.075528 1.513597 1
8.504012 -35.195328 1.911807 6
8.542812 -34.445528 1.266467 3
7.752212 -35.091528 1.070667 10
7.319412 -34.208428 0.916647 1
6.667412 -34.908528 1.087867 3
6.841812 -35.880028 1.038917 1
6.807612 -36.294628 2.024197 1
7.584712 -35.936228 2.445157 9
8.415112 -36.344728 2.671557 6
8.011912 -37.132328 2.971357 3
8.372012 -37.930728 2.569957 1
8.663212 -38.191028 3.518457 3
9.401712 -38.310828 4.077257 3
10.045012 -38.880628 4.610757 9
10.267812 -39.823528 4.961957 8
11.185412 -40.007228 5.150057 15
11.142212 -40.006728 4.180257 10
11.985212 -39.541528 4.179457 5
12.355012 -38.868028 4.743657 8
12.845712 -39.005828 3.854257 3
13.624912 -38.940928 4.432257 13
13.744712 -38.066328 4.616457 5
13.310212 -38.059228 5.524657 5
12.543312 -38.266628 6.126957 1
11.882012 -38.939328 6.413857 3
11.930012 -39.471028 7.310057 11
11.569012 -39.822928 8.075157 10
10.672612 -39.783328 7.806157 9
11.017912 -38.961228 8.125657 3
11.019312 -38.049628 7.744357 13
10.348012 -37.298028 7.987557 9
9.773312 -36.728528 7.497757 9
8.950212 -37.143928 7.174957 9
8.263512 -37.813828 7.338757 13
7.723012 -38.092628 6.589657 3
7.347212 -37.254928 6.890057 3
6.650712 -36.654528 7.235657 6
6.355612 -37.340328 6.543357 3
6.032612 -37.802828 5.703557 3
5.049112 -37.765028 5.777657 13
5.060712 -38.695128 6.030857 6
5.786312 -39.235228 5.691357 6
6.242912 -39.261128 4.833157 5
6.661212 -38.542128 5.375957 3
7.546612 -38.689428 5.782357 3
6.969912 -39.439128 6.043257 3
6.460712 -40.248828 5.999257 8
6.588512 -40.691928 6.822657 4
5.629912 -40.852928 6.956057 15
4.780512 -40.653928 6.420357 6
4.313312 -40.950328 5.600957 6
3.812012 -41.535928 4.931757 5
3.193312 -42.192028 4.564357 3
3.457512 -43.130228 4.682957 5
4.395012 -42.905428 4.796257 6
4.222912 -43.602328 4.135057 3
3.389612 -43.432128 3.666257 10
3.325812 -42.504328 3.595857 1
4.194212 -42.152228 3.843657 10
5.154612 -42.106528 3.706557 1
5.448412 -41.196928 3.658657 1
6.403912 -41.349028 3.821057 4
6.891612 -40.656928 4.261957 1
7.456912 -40.469128 5.022857 3
8.058412 -41.201728 4.982557 1
8.125412 -40.910128 5.911357 3
7.698212 -41.313428 6.700557 1
7.668412 -40.407528 6.781357 3
8.572712 -39.945728 6.765857 3
8.523812 -40.500828 7.597857 1
8.053012 -40.981428 8.282757 6
8.245712 -40.100828 8.567557 4
8.400812 -39.221128 8.013157 3
9.102412 -38.492228 7.790557 9
9.916812 -38.317828 8.207757 9
10.132512 -38.853028 8.983357 14
9.873012 -39.457128 9.710257 5
9.692612 -38.470628 9.944057 12
8.802712 -37.974928 9.686557 5
8.414512 -37.751428 8.845957 9
7.705312 -38.108628 8.311557 11
7.390512 -38.426328 7.477457 3
6.483112 -38.152728 7.763857 3
5.711512 -37.702028 8.219057 4
4.757012 -37.816628 8.127457 10
4.821312 -38.796828 8.063557 4
4.696612 -38.721528 7.065857 13
4.239912 -39.599928 6.842557 6
3.601012 -39.212728 6.284157 4
3.056412 -38.511628 6.731557 10
2.958612 -38.419828 5.781457 9
3.958012 -38.395228 5.601657 1
3.730312 -37.408928 5.527957 13
3.098212 -37.374828 6.232357 10
2.609112 -36.609128 6.034157 6
3.447512 -36.483028 6.494757 13
3.822712 -35.682328 6.726757 3
4.101212 -36.274828 7.442757 10
3.119412 -35.925128 7.385157 8
3.188012 -36.742728 7.888757 10
3.709612 -37.534028 8.026857 10
4.420712 -37.330128 7.323457 13
5.281112 -37.387728 6.920057 13
5.668612 -38.272628 6.961757 3
5.889412 -39.264528 6.882757 5
6.778412 -39.288528 7.176557 3
6.377612 -39.489328 8.132957 4
6.767412 -38.994728 8.883357 4
7.667512 -38.929028 9.217557 6
7.070012 -39.462928 9.805457 4
7.849112 -40.042828 10.163557 5
8.191112 -41.047728 10.036557 13
8.704012 -40.877128 9.178957 1
9.270512 -41.048828 9.958557 4
9.573612 -41.958428 10.018757 1
10.194412 -42.568128 10.487757 10
10.294012 -42.502028 9.519757 8
11.159212 -42.037728 9.427457 9
11.962212 -41.585528 9.603657 4
11.794912 -41.633728 10.562157 10
11.908312 -42.652128 10.603457 11
11.689612 -43.328328 11.250157 10
12.540512 -43.837628 11.080157 4
12.684012 -44.680828 11.609557 3
12.987812 -44.924428 12.540857 6
13.648912 -44.202328 12.389057 4
14.311012 -44.929128 12.711657 11
13.970612 -44.556928 13.491257 4
14.421212 -44.748228 14.344857 10
15.412412 -44.812528 14.221657 11
16.031912 -44.181928 13.795257 1
15.751312 -44.451428 12.899257 1
16.163812 -43.682128 12.513257 3
17.029912 -43.835328 12.067257 13
17.152712 -43.346828 11.240457 5
16.303312 -42.871428 11.179757 6
16.215212 -43.723228 10.690257 10
17.012512 -44.151828 10.433257 13
16.508312 -44.749828 9.872657 10
16.779612 -44.227428 9.122657 5
16.201412 -43.413528 8.808257 4
16.052512 -43.891428 7.930857 10
16.351612 -43.206328 7.423357 13
15.603212 -43.392628 6.834457 6
15.983912 -42.414928 6.751057 1
15.524012 -41.702728 6.238357 3
14.962812 -41.361328 7.002157 4
15.149112 -41.041928 7.877757 15
14.355512 -41.459228 8.280557 4
13.478612 -41.376028 7.999557 13
13.551512 -40.392528 8.083957 4
12.547812 -40.223628 8.474057 10
12.289712 -39.913528 9.416457 1
11.276912 -39.781028 9.339157 8
11.449712 -38.748128 9.553157 4
11.318912 -37.842228 9.561357 6
10.648012 -37.328028 9.101757 12
10.266612 -36.544328 9.406357 1
9.665612 -36.396828 8.631857 9
8.834312 -36.577428 8.996157 9
7.805412 -36.409128 9.017657 1
7.266812 -36.994428 9.468057 3
6.821712 -37.600328 8.760157 13
6.147612 -37.934628 9.391457 4
5.240212 -37.762928 9.164757 4
5.110812 -36.863428 8.955257 10
5.394612 -36.267728 8.245557 3
4.875412 -35.549028 7.814957 2
5.689212 -35.380228 7.261157 11
5.724012 -34.951128 6.382057 5
4.825512 -35.351728 6.517757 15
4.567012 -35.860328 5.724357 13
3.753912 -35.268128 5.613157 13
3.837012 -34.743228 4.799457 4
3.419212 -33.890228 4.879457 10
3.298512 -33.066728 4.364857 1
2.977512 -32.315128 4.849457 1
2.198812 -32.832628 4.757257 1
1.852212 -32.076428 5.336657 9
2.057512 -31.142828 5.618457 4
2.512512 -30.287428 5.657457 1
1.788212 -29.672628 5.347957 6
0.997712 -30.221528 5.536857 1
0.064512 -30.399028 5.224457 6
-0.486888 -30.788628 5.982957 1
-1.166688 -31.291328 6.388957 10
-0.745888 -31.995628 5.764657 10
-1.039688 -32.091628 4.835257 4
-1.477988 -32.825028 5.356357 3
-1.628988 -33.373828 6.206957 10
-2.432788 -33.058428 6.556957 10
-3.107488 -33.772528 6.793557 1
-3.731488 -34.501428 7.028057 5
-3.659088 -34.587228 6.067257 8
-4.679588 -34.666828 6.004957 11
-4.674888 -35.359428 5.289157 10
-3.962588 -35.949628 5.470357 5
-3.414488 -35.945128 4.633957 3
-2.864688 -35.149728 4.501757 10
-3.401488 -35.060828 3.734057 13
-2.897088 -35.873628 3.448057 4
-2.809588 -35.408428 2.667857 4
-2.947688 -35.990328 1.996817 13
-3.849488 -35.722128 1.493877 8
-3.412788 -36.378228 1.020877 13
-3.062888 -37.105728 1.521117 9
-2.096888 -37.078628 1.390767 11
-2.087288 -36.834028 2.358857 6
-1.354988 -36.291428 2.792657 10
-0.390788 -36.478928 2.953957 4
-0.433988 -36.272428 2.057697 3
-0.213988 -35.375928 2.419457 15
0.730412 -35.546228 2.751257 13
0.182712 -35.633428 3.523157 1
0.191912 -36.533228 3.907657 6
0.058712 -36.781428 4.842757 4
0.010612 -35.749628 4.735357 5
0.199412 -35.865728 5.667257 4
1.042412 -36.349728 5.856557 4
1.544912 -35.578628 5.460257 11
1.477612 -34.655928 5.404357 6
1.027712 -34.922628 6.302257 4
0.286512 -34.297128 6.449157 10
0.865812 -33.565828 6.326457 1
1.138712 -32.982328 5.688557 13
0.285512 -32.637228 6.207657 10
0.618212 -32.377428 7.079957 10
1.437312 -31.866528 6.768757 4
2.265012 -32.416328 6.472657 9
2.205712 -33.393228 6.422057 5
2.389612 -33.839828 7.243257 3
2.350212 -33.142728 7.992957 8
2.176812 -33.816728 8.584457 12
2.341112 -34.530528 9.262857 13
2.087212 -35.404528 8.951857 13
2.382612 -35.301928 8.064957 1
2.387612 -34.982328 7.148557 1
1.840512 -35.761228 6.966857 1
1.427412 -36.229828 7.746457 4
2.154512 -36.915228 7.884757 10
1.813212 -37.167428 6.990357 3
0.864112 -37.079828 7.017957 4
-0.015988 -36.862728 7.134357 4
-0.384888 -37.627728 6.694057 4
-1.161488 -37.829928 6.247057 1
-0.678588 -38.176328 5.461457 10
0.264412 -38.025128 5.326957 1
0.751812 -38.775228 5.742957 15
0.749212 -39.339728 6.456757 3
1.612912 -39.004128 6.390057 1
2.056012 -38.213128 6.806157 10
0.996212 -38.031828 6.705457 4
1.087012 -37.699728 5.835857 5
1.432512 -37.344228 5.017657 11
1.799012 -37.256228 4.189257 4
2.448912 -37.678128 3.568157 10
3.439912 -37.770528 3.756957 6
3.464712 -36.984728 4.306257 13
4.190212 -36.598828 3.832157 11
4.208612 -35.858528 4.468657 13
3.619412 -35.672628 3.748657 10
2.807912 -35.149628 3.689457 9
2.191012 -34.597028 3.146957 1
2.938112 -34.566028 2.526057 6
2.347612 -33.923528 2.120787 3
1.877412 -33.264928 2.633857 3
1.080012 -33.617328 2.956157 8
0.281312 -33.136028 3.263157 4
0.067912 -33.226728 4.232857 8
-0.728888 -33.467128 4.763757 6
-0.635388 -33.798228 5.625357 13
-0.679288 -32.979928 6.173157 10
-1.035388 -32.953328 7.086557 10
-0.948188 -33.562128 7.810457 10
-0.702588 -34.166428 8.532757 12
-0.435888 -35.064428 8.268757 4
0.188612 -35.191128 8.966557 13
0.193112 -36.154528 8.738857 4
0.549612 -35.759228 7.898957 4
1.170112 -35.202928 7.455157 6
1.553012 -34.371728 7.769257 1
0.684212 -34.427428 8.154457 13
-0.092988 -34.341428 7.551857 10
-0.217988 -35.166428 7.036757 4
-0.587788 -34.877028 6.156957 10
-1.062988 -35.683428 5.868557 3
-0.488988 -36.122028 6.436457 4
-1.060988 -36.735628 5.980157 4
-1.781788 -37.308228 5.644057 9
-2.612788 -37.508928 6.170357 13
-3.590588 -37.838328 6.295657 5
-3.497588 -38.704828 5.906657 1
-4.399688 -39.064028 5.785657 1
-4.143788 -39.811228 6.228157 1
-4.973488 -40.482328 6.126357 13
-4.319888 -41.203128 5.947757 10
-3.457488 -41.650028 6.177157 3
-3.041388 -42.099728 6.995957 6
-3.205488 -42.503628 7.839957 9
-3.925388 -42.623428 8.520857 10
-4.464988 -42.068128 9.029157 11
-3.983788 -41.299728 8.726757 4
-4.765888 -40.808628 8.747757 6
-4.704388 -40.466328 7.869057 13
-5.228288 -40.014328 7.232557 9
-5.864488 -39.486128 7.891157 4
-5.107188 -39.571828 8.503457 10
-5.047488 -38.767228 7.967757 4
-4.339488 -38.246028 8.457057 10
-4.755388 -37.861328 7.613357 15
-5.600988 -37.737028 7.042757 1
-5.645888 -36.865428 6.535957 10
-5.462688 -36.496928 7.363657 4
-4.818788 -36.195328 6.661757 5
-4.156588 -36.551228 7.238657 5
-4.299788 -35.820728 7.916257 13
-3.503488 -35.212228 7.771457 5
-3.450388 -34.569828 8.423857 8
-4.157888 -34.521828 9.107257 3
-3.848488 -33.762028 9.688057 4
-3.374688 -34.405928 10.187057 10
-3.440688 -35.276128 9.764757 9
-2.790188 -35.807528 9.325657 13
-2.091588 -36.161528 8.779857 7
-1.563188 -36.333128 8.035657 4
-1.334088 -36.884628 8.818657 1
-0.728588 -37.648628 8.694657 12
-0.510688 -37.098428 7.960557 4
-0.988888 -37.865528 7.658057 4
-1.046688 -38.739328 7.164657 1
-0.119788 -38.981928 7.389157 6
0.834112 -38.830028 7.664057 4
1.659612 -39.114128 8.007357 10
1.473812 -39.820428 8.678957 10
0.905312 -40.173628 7.988857 1
1.056612 -41.006928 8.424357 6
0.448512 -41.168628 7.718357 1
-0.146688 -41.882728 7.867357 3
0.440512 -42.593028 8.225157 1
0.007412 -42.971228 9.080257 10
-0.261988 -43.622328 9.771057 14
0.326012 -44.213428 9.409957 13
1.334212 -44.246628 9.336157 4
1.196012 -45.122328 9.878857 13
0.751312 -45.835428 9.337257 10
1.651212 -46.072028 9.354257 3
1.586612 -45.891228 8.416157 11
0.951812 -45.176328 8.210357 10
-0.029088 -45.212028 8.000857 10
-0.087188 -44.427728 7.317057 11
0.252212 -43.858228 7.979057 4
0.879812 -43.600128 7.347357 13
1.664812 -43.304128 7.758157 8
2.228412 -42.905328 7.122657 4
3.004112 -42.691328 7.728157 13
2.925212 -41.718528 7.972157 6
2.350712 -41.056928 8.240557 10
1.907212 -41.200328 7.324657 9
1.744912 -40.309528 6.870057 13
2.092212 -40.099528 7.845757 10
3.120312 -40.148428 7.971357 10
3.637812 -40.770628 7.496557 5
3.949912 -41.545928 8.023057 4
4.535212 -42.212128 8.284857 6
5.475512 -42.358928 8.086457 15
6.055612 -41.587128 8.156157 9
6.732612 -41.000528 8.507957 4
7.212312 -41.369228 9.309457 5
6.885112 -40.571628 9.689757 4
6.767012 -40.720728 10.617457 4
7.024912 -41.535028 11.213057 8
6.558612 -42.162728 11.886957 3
7.330912 -42.590228 11.536057 5
7.110012 -42.613528 10.581557 1
6.209812 -42.667228 10.180757 13
5.677012 -41.865528 10.033257 1
5.626512 -40.927928 9.982557 4
5.612712 -41.172828 9.069357 1
5.574212 -40.676928 8.233057 1
5.244212 -39.780128 8.620257 4
4.384612 -39.952928 8.084157 7
3.610912 -39.254828 7.957157 10
3.827012 -38.438128 7.446357 13
3.104112 -38.346628 8.069757 10
2.139412 -38.197528 8.005557 10
1.325212 -37.780128 7.982157 4
1.306312 -37.687228 8.954857 11
0.368212 -37.839528 8.706757 4
0.053212 -37.077628 9.148557 4
0.323712 -36.767928 9.976457 13
0.556412 -37.700628 9.828957 14
-0.010488 -38.095928 10.647957 4
-1.036588 -38.132928 10.727157 12
-1.812888 -38.380828 11.166757 10
-2.812188 -38.320728 11.087257 6
-2.471988 -37.711428 10.442457 6
-2.850688 -38.039528 9.700057 13
-2.758388 -38.575928 8.841657 10
-3.090088 -38.035428 8.096757 3
-3.512788 -37.237028 7.924057 11
-3.171888 -37.127928 6.939457 5
-2.285288 -36.768728 6.959457 4
-2.168588 -35.959628 6.456557 10
-2.997088 -36.346528 6.284257 5
-2.754988 -35.706828 5.538257 1
-2.027688 -35.167828 5.815957 1
-2.012788 -34.489628 6.555057 10
-1.477788 -34.703228 7.371457 10
-1.316388 -35.679428 6.922957 4
-2.197488 -35.761028 7.424057 9
-2.855688 -35.146528 6.927157 5
-2.769488 -34.409028 7.569857 10
-2.353088 -33.915028 8.269157 15
-1.965788 -34.056128 9.164957 3
-2.252488 -34.958928 8.908657 4
-1.254388 -35.028828 9.033457 1
-0.467188 -34.734628 9.566657 13
-0.637888 -33.825228 9.638657 13
-1.349988 -33.178628 9.557657 9
-0.654288 -32.497728 9.284757 10
-0.007988 -33.115728 9.703157 13
0.192412 -32.350928 10.315857 15
0.916612 -31.819428 10.588157 6
0.101012 -31.355128 10.920757 1
-0.399688 -30.491728 11.067057 4
-1.184888 -30.782128 10.572257 4
-1.474088 -31.718328 10.307757 10
-2.162088 -32.022128 9.788357 13
-2.364288 -32.819328 9.390357 4
-2.194288 -32.145128 8.782757 9
-1.871688 -31.248428 8.862857 13
-1.732688 -31.025728 7.932757 5
-1.416188 -31.813228 7.401457 10
-1.935488 -32.589428 7.403857 10
-2.691388 -32.013828 7.130057 4
-3.129588 -31.410428 6.463057 4
-3.516188 -32.062028 5.887457 8
-2.520788 -32.111628 5.900957 10
-2.500088 -31.867328 4.985857 4
-3.204888 -31.266628 4.674957 8
-2.502788 -30.685928 4.384457 3
-1.966888 -30.424828 3.591357 11
-2.487588 -29.592528 3.410057 7
-2.649288 -28.854328 4.009157 6
-3.561188 -29.061728 4.211657 4
-3.337988 -28.827028 5.160057 1
-2.524888 -29.237728 4.911957 1
-2.406688 -28.421228 5.418157 10
-1.728288 -27.669728 5.510657 4
-0.930088 -28.055128 5.861257 1
-1.020888 -28.862828 6.422757 10
-1.599988 -29.275428 7.083857 12
-1.526088 -29.900828 7.865357 6
-1.021688 -30.352328 7.203457 1
-0.030788 -30.629328 7.018357 1
-0.361188 -30.322128 7.953957 6
0.407512 -30.894528 7.917257 4
-0.273688 -31.618828 7.897357 10
-0.000588 -32.569228 7.825957 10
0.250112 -33.155728 8.596557 13
1.094012 -32.691228 8.794557 4
1.361812 -33.475828 9.196157 13
1.182012 -34.034328 9.981557 13
1.592212 -33.350728 10.520457 4
1.650812 -33.064128 11.438957 10
1.978412 -33.894128 11.767657 5
2.865312 -33.892828 11.404457 4
3.698612 -33.425828 11.606757 14
3.505412 -33.545128 10.649157 5
3.548612 -32.613128 10.356557 10
3.688512 -32.327928 11.304957 13
4.553612 -32.191928 11.585757 3
5.427312 -32.335328 11.928157 15
5.931512 -32.813328 11.204957 15
6.623812 -32.851628 11.785857 10
6.576712 -33.759828 11.990457 13
5.873512 -34.397128 12.023557 1
5.413012 -34.982728 12.632257 4
4.763412 -35.413028 12.024157 10
4.368612 -36.302528 11.694857 9
4.527012 -36.712828 10.864357 3
4.780612 -37.391028 11.460557 7
5.160812 -38.279828 11.314357 4
4.425312 -38.119628 10.760157 4
3.689212 -38.122428 10.076157 10
3.447712 -38.406428 10.944157 10
4.131512 -38.816128 11.507057 4
3.614212 -38.430428 12.233657 1
2.693912 -38.573028 12.558357 11
3.016512 -38.328728 13.445157 6
2.336112 -37.778528 13.105057 11
2.074812 -36.832028 12.958857 9
2.088312 -36.969928 11.982257 4
2.780812 -37.579828 11.777857 9
2.578112 -37.523528 10.840257 10
1.772512 -37.629828 10.257357 10
1.136212 -37.371528 10.889757 5
0.416912 -36.782428 11.094157 13
-0.508388 -36.983828 11.190157 8
-0.403088 -36.080328 10.945357 13
-0.974488 -35.569528 11.590157 4
-0.519888 -36.358228 12.033257 10
0.293712 -36.145328 12.633657 8
0.251112 -36.239828 13.613657 6
-0.328488 -36.864828 13.241157 7
-1.141788 -37.267028 13.205457 1
-1.574688 -36.322428 13.268157 1
-2.303888 -35.868528 12.861057 10
-2.643488 -35.983928 13.746657 5
-3.238888 -35.306128 13.395557 4
-3.148588 -34.375228 13.176457 4
-2.554088 -33.963628 12.665157 10
-2.778788 -34.239528 11.709957 1
-2.030888 -34.783028 11.314557 3
-1.472688 -34.387928 10.643057 10
-1.061088 -35.209028 10.336657 4
-0.166888 -35.088328 10.654057 13
-0.472488 -34.454128 11.390457 5
-0.129788 -34.290828 12.457657 1
0.367812 -35.122028 12.377957 1
0.792812 -35.525228 11.549257 6
1.598612 -35.427228 11.035857 13
0.912812 -34.781928 10.818157 13
0.598712 -34.968928 9.901957 13
1.020512 -35.757428 9.485957 13
1.393212 -36.413228 8.857357 4
1.982112 -36.798828 9.451457 10
1.689912 -36.207728 10.140457 13
2.492412 -36.635928 10.385157 10
1.990112 -36.311228 11.133457 7
2.521312 -35.669128 11.566057 4
3.122812 -34.993628 11.203557 6
2.604512 -35.414828 10.498557 13
2.970112 -35.840028 9.740657 6
3.221312 -36.672428 9.338357 10
3.837512 -37.446728 9.323457 10
4.616212 -37.239828 9.840157 4
4.233912 -36.355028 9.734957 10
5.169312 -36.223528 10.055757 15
5.595812 -37.046828 10.589357 4
6.161312 -37.242528 11.343257 9
6.237112 -38.145228 11.075357 4
5.899512 -39.025528 10.791357 4
6.849212 -39.170828 10.887757 9
6.226312 -39.885228 11.279957 4
5.681112 -40.461228 11.848357 10
5.871912 -39.769928 12.424257 4
5.149612 -39.526228 13.048657 6
5.015712 -38.745228 13.539357 5
5.208412 -38.637128 12.622557 4
4.376312 -39.145628 12.485157 1
3.879512 -39.784028 12.961157 1
2.965112 -40.053328 12.901357 3
2.016612 -39.895928 12.691957 10
1.754412 -39.075028 12.322557 11
2.394812 -38.900028 11.556257 1
2.411312 -39.370028 10.730657 10
1.656512 -39.902328 10.769957 12
1.862912 -40.073228 9.800857 10
2.310512 -39.318428 9.584757 10
1.741912 -38.684428 9.909757 7
2.209812 -38.311728 9.163757 10
3.111212 -38.402428 9.216457 10
4.101912 -38.562128 8.968757 11
4.356912 -39.043428 9.767357 10
5.391112 -39.191928 9.705957 4
6.274512 -38.907228 9.796157 4
6.742212 -38.148428 10.173457 13
6.680712 -37.210828 10.467257 7
7.556312 -36.886228 10.597257 1
7.430512 -37.197728 11.590657 7
7.927712 -36.614628 12.147357 8
8.184012 -37.194428 12.841157 13
8.124412 -38.104628 12.534757 4
7.356712 -38.612128 12.331157 7
6.570912 -38.766328 12.927557 4
6.953212 -39.564828 13.293857 10
6.671712 -39.527928 14.263857 3
5.949412 -39.158928 14.730557 10
6.541412 -38.435028 14.759557 5
6.570812 -37.732728 15.349157 4
7.114512 -37.458228 16.138157 10
7.403212 -36.672128 16.855457 12
7.021612 -35.783228 16.590957 9
6.200912 -36.093228 16.140457 5
5.812812 -36.962028 16.431157 9
5.662112 -37.091228 17.336857 1
4.680812 -36.974628 17.439557 1
4.166912 -36.322628 17.922857 6
3.649412 -35.701428 17.422657 10
2.993912 -35.202028 17.956157 1
3.153212 -34.347928 17.647057 4
2.147512 -34.340828 17.480057 10
1.403212 -34.721328 17.868057 13
0.615012 -34.685628 18.440457 7
-0.037988 -35.287528 17.971257 10
-0.520188 -35.509028 18.716057 10
-0.712988 -35.999128 17.903957 4
-0.912388 -35.710028 16.970157 13
-1.534288 -35.099828 16.590157 15
-1.788988 -35.848628 15.919057 13
-2.079888 -36.643928 15.468757 4
-1.888688 -37.481228 15.006257 5
-1.014988 -37.616128 14.582357 3
-0.607988 -37.933028 13.732157 13
0.338512 -37.850528 14.131657 4
1.108412 -37.554828 14.611457 10
1.572112 -37.206128 13.824857 15
1.037512 -37.769928 13.156557 11
0.755512 -38.594528 12.621157 11
0.638412 -38.380228 11.715757 1
0.711812 -39.360828 11.595057 4
0.267412 -40.184428 11.269857 1
0.311912 -40.718928 12.083357 7
1.178712 -40.999628 11.905457 1
2.072512 -40.712128 11.516357 1
2.885112 -40.494928 11.126157 10
3.355112 -39.671028 11.101857 10
4.268212 -39.959128 11.286157 4
4.041212 -40.288628 10.437157 10
4.776612 -40.928028 10.460657 8
5.257412 -40.265228 10.900657 4
5.032712 -40.039728 9.988957 4
4.460112 -40.126328 9.287157 3
3.496312 -39.772428 9.192557 10
3.478812 -40.709828 9.251057 10
3.292512 -41.692428 9.444057 9
2.615612 -41.080128 9.614857 10
2.053312 -41.924428 9.904757 7
2.028612 -42.384228 10.749057 5
1.732212 -43.020728 11.415157 10
2.258112 -43.573628 10.766057 4
2.135712 -44.509928 10.678957 7
2.692212 -44.957728 11.284657 5
3.233612 -45.194528 12.027057 4
3.426312 -45.403928 12.929257 6
3.886912 -45.939628 12.336657 10
3.623012 -46.871928 12.160457 4
2.911912 -46.790128 11.516057 10
3.393812 -47.425928 10.839057 6
3.414212 -47.962128 11.695557 13
3.120812 -48.782528 12.212457 1
3.544212 -48.956728 13.044757 7
4.179712 -49.098428 13.843757 4
3.919812 -48.517928 14.709857 10
4.231712 -48.168128 15.551957 9
3.703112 -48.482728 16.314757 1
3.717312 -49.511628 16.459257 1
3.147112 -50.094628 15.958657 3
3.576812 -50.949628 16.093057 13
3.535912 -51.035728 15.164157 13
3.196112 -51.135628 14.280357 1
3.429112 -51.182928 13.406057 10
4.230012 -51.189028 13.894157 1
4.712012 -51.724268 13.187957 4
5.385112 -51.712658 12.409857 13
5.073012 -51.471738 11.563257 4
4.149012 -51.712408 11.248557 3
3.939012 -52.049328 12.169357 8
3.075612 -52.415708 12.119657 4
2.265612 -51.981588 12.267157 7
1.988912 -52.848698 12.486757 11
1.070012 -52.920778 12.654157 10
0.869012 -53.772268 12.909157 10
0.941912 -54.823798 12.906657 8
1.684612 -55.178308 12.327757 10
2.499312 -55.553998 11.906957 11
3.543612 -55.721008 12.079457 4
3.746512 -56.622538 12.067157 11
4.400712 -57.297218 11.765657 4
4.427712 -56.650618 11.004557 1
4.352212 -55.734268 11.258757 4
5.094312 -55.087288 11.465057 6
5.893612 -55.582058 11.831457 1
6.043612 -56.092598 11.042257 10
6.810612 -56.700418 11.242057 6
7.625912 -56.300838 11.560957 5
8.150312 -55.486438 11.814957 4
8.690812 -55.787948 12.480657 10
9.302512 -56.200828 13.151757 5
9.960712 -56.959588 13.120557 4
10.911112 -56.969238 12.905157 13
10.745612 -57.143198 11.922857 5
10.023612 -56.471518 11.728757 7
9.311412 -56.823098 11.149657 4
9.629712 -56.108908 10.542757 10
9.516312 -56.540338 9.690257 13
10.369412 -56.973148 10.010457 13
11.294212 -57.141228 9.888257 10
10.851312 -57.936968 9.842957 10
10.847812 -58.556308 8.994257 10
9.962212 -58.671168 9.286157 9
9.582812 -58.016418 8.656457 15
10.342112 -57.968768 8.024057 10
11.268812 -57.588788 8.037957 10
11.112712 -57.358218 7.134357 15
12.012412 -56.980748 7.109757 10
12.043512 -57.949168 6.763757 15
12.019712 -58.870058 7.119557 9
11.781012 -59.624118 7.603157 10
12.723612 -59.934008 7.605657 7
12.796512 -59.905998 8.589357 7
12.851512 -59.063108 9.081957 7
11.905412 -58.916748 8.905657 10
11.264712 -59.585118 9.046657 1
11.069412 -60.48226 9.077157 4
11.923412 -60.721594 9.592257 7
11.928412 -61.198145 10.438057 12
11.037512 -61.283213 10.114457 4
10.876312 -61.585016 9.241957 1
10.059512 -61.052068 8.951057 3
9.325112 -60.534511 8.547157 1
8.881212 -61.324667 8.843757 10
9.075712 -62.098388 9.342857 4
9.056812 -62.848578 8.773257 12
9.354512 -63.476578 8.082657 7
8.944412 -63.506998 7.240257 6
8.512412 -64.364058 7.023657 4
9.089112 -64.617878 6.294957 1
10.074312 -64.774628 6.308157 11
9.886912 -64.844508 7.300957 13
10.399212 -64.483878 8.030057 14
11.035312 -65.126978 7.758757 11
10.506312 -65.874668 7.893357 9
10.938112 -65.752398 8.801157 7
11.901012 -65.563678 8.882057 10
12.885012 -65.615488 9.122257 13
13.422012 -64.759738 9.080057 4
13.456812 -64.732578 10.020857 10
12.755412 -65.212978 10.482657 7
12.710512 -64.258358 10.727257 10
12.935812 -63.303838 10.801157 14
12.830412 -62.426108 11.157757 12
13.375812 -61.944287 11.787757 12
13.940412 -62.045185 10.950657 12
13.858712 -62.479578 10.086457 10
13.766412 -61.886194 9.365457 4
14.075612 -61.338247 8.607057 7
13.181212 -61.596847 8.125757 7
12.738812 -62.489768 8.096157 4
12.245512 -63.055168 7.413857 4
12.416912 -62.166102 7.084957 13
13.311812 -61.971985 6.716157 12
13.294712 -61.033997 7.058057 7
13.578012 -60.787998 6.208057 10
13.120212 -60.218228 5.542557 1
12.470712 -59.557958 5.437757 7
11.807312 -58.904308 5.192957 10
11.247812 -59.610408 4.881157 1
10.638512 -58.882378 5.015957 3
10.779912 -59.262928 5.949757 1
10.929912 -59.228558 6.898957 10
10.504012 -59.502068 7.744857 10
9.612812 -59.622348 7.297257 7
9.251212 -60.334248 6.696357 1
10.039312 -60.643702 6.250157 4
10.869412 -60.384558 6.784657 7
11.185812 -61.122442 7.330257 1
10.449212 -61.376919 7.958557 10
10.086912 -61.747707 7.166257 7
10.033612 -61.859465 6.281757 4
9.591812 -62.119098 5.424857 4
9.372512 -63.002498 5.020257 5
8.980612 -62.733958 4.177657 15
9.353812 -63.603478 3.888357 9
10.331912 -64.053228 3.907557 7
10.377912 -63.161428 3.382257 1
11.065612 -62.630758 2.876857 10
11.670112 -62.29744 3.567057 12
11.282612 -61.570983 3.012357 10
12.216512 -61.423732 3.346957 14
13.107212 -61.162237 3.290157 7
13.438912 -60.965065 4.170457 11
14.156112 -60.545778 4.691657 1
15.110612 -60.52143 4.632657 11
14.810812 -60.217978 5.516457 10
15.564012 -60.444566 6.008157 15
15.971212 -61.277574 5.862957 14
15.413612 -61.986335 5.414057 10
16.215212 -62.475598 5.593057 13
16.435012 -62.245502 6.529757 12
16.167512 -61.557789 7.113857 9
15.386412 -61.606651 7.754457 7
14.663112 -62.166167 7.535857 10
14.294412 -61.329073 7.251157 10
14.590412 -60.682913 7.920857 7
14.310612 -59.805608 7.910857 7
13.681012 -59.892368 7.189557 7
14.579712 -59.971098 6.816057 14
14.814612 -59.360928 6.088557 10
15.657312 -58.796278 6.360257 13
16.339012 -59.545168 6.390157 7
16.246912 -60.438764 6.783457 1
16.682812 -60.083588 7.540557 10
15.816012 -59.678988 7.689457 1
15.470712 -59.605138 8.608357 7
16.467312 -59.644838 8.722957 4
16.506612 -58.654008 8.774357 10
17.498412 -58.336308 8.927357 4
17.718912 -57.571238 9.462957 1
17.254212 -56.752778 9.497857 12
16.899212 -56.575528 8.602557 1
16.049912 -56.983588 8.555657 1
15.079712 -56.752408 8.221157 7
14.300212 -56.256008 8.446157 1
13.405112 -56.294518 8.225357 10
12.773212 -56.167048 7.570557 10
13.493512 -55.985448 6.981157 7
13.247712 -55.198218 7.505257 8
13.208312 -54.246048 7.728057 12
13.315012 -54.281508 8.656457 7
13.893612 -55.010068 9.039257 6
13.701412 -54.425718 9.823157 1
13.261212 -55.215768 10.270257 11
13.668812 -56.028858 9.870757 4
13.861712 -56.482468 10.662357 11
14.357712 -57.236298 10.366357 4
14.063612 -57.948928 9.706857 12
13.663512 -58.285658 8.897057 7
12.867712 -57.817968 8.705757 10
12.200112 -58.202398 8.100257 10
12.954812 -58.380488 7.469557 7
12.998612 -57.462208 7.625557 10
13.772412 -57.072548 7.192457 9
14.735412 -57.083688 7.038657 1
14.962712 -57.879928 7.593457 13
14.340812 -58.506948 7.776757 7
14.649512 -58.695038 6.874757 10
13.902512 -58.720398 6.232557 1
14.433412 -57.895948 6.414857 15
15.260912 -57.481498 5.984757 11
15.826312 -56.705148 6.076057 7
15.803212 -56.358358 5.201857 13
15.112812 -55.895668 5.643157 5
15.536512 -55.051228 5.769857 14
14.950112 -54.588348 5.212257 10
14.670412 -54.854868 4.300257 7
13.870012 -54.820678 4.790357 10
13.133812 -54.225618 4.668657 7
13.061812 -53.808078 5.513457 1
12.293812 -54.345178 5.328457 10
11.788412 -53.513068 5.466957 4
11.610012 -52.652628 5.918857 16
11.573012 -53.041848 6.819357 6
10.721312 -52.879388 7.272457 1
10.303112 -53.780348 7.213157 1
9.580612 -53.290088 7.731357 1
10.257012 -53.286528 8.414857 1
9.836012 -54.147848 8.677257 7
10.378012 -54.089658 9.502657 4
10.607112 -54.875678 9.037657 14
10.869912 -55.721708 8.603657 1
11.366212 -56.487958 8.841457 10
12.129412 -56.653278 9.391857 10
11.949212 -56.058418 10.167757 11
12.023312 -56.801348 10.854557 11
12.519612 -57.576468 10.803557 4
12.984912 -56.950258 10.320957 11
12.644812 -57.546778 9.695357 10
13.164012 -58.208668 10.175657 7
12.270212 -58.484528 9.832657 10
12.562912 -59.081868 10.576657 7
11.680112 -59.171198 10.273257 14
11.585712 -59.632958 11.155657 10
12.037512 -60.157118 10.519657 7
12.496112 -60.525506 11.241457 12
13.128012 -60.973346 11.795557 12
12.744912 -60.548597 12.591557 7
12.458212 -60.580854 13.543357 1
11.748712 -61.141342 13.366057 7
12.093712 -61.643432 12.579157 12
11.944412 -62.492368 13.214357 10
11.301912 -62.477308 12.559257 4
11.690112 -62.507498 11.688157 12
11.288412 -61.985145 10.897857 13
11.693512 -62.209238 10.003257 10
11.798312 -63.029858 10.548257 7
12.473412 -62.984558 9.849257 9
12.454212 -62.303443 9.149457 1
12.513112 -61.471153 9.669857 12
12.631812 -60.872549 8.925757 7
13.595112 -60.756997 9.147357 7
13.699412 -59.846698 8.953257 7
14.402512 -59.233628 8.792357 7
14.768612 -59.477028 9.675757 7
15.279012 -59.881978 10.436957 15
15.577212 -60.242548 9.576257 7
16.311712 -59.913268 10.049657 15
16.946212 -59.409028 10.595357 15
17.923112 -59.419308 10.614957 1
18.851312 -59.093838 10.638457 10
18.518512 -58.503588 9.986457 1
19.166112 -57.843848 10.112757 4
19.293212 -58.305008 9.230257 15
19.401612 -59.244128 9.114557 1
19.155912 -60.226718 9.378157 12
19.966512 -60.648233 9.546457 10
20.541512 -61.32806 9.932757 7
21.271512 -61.740403 9.420357 1
21.036112 -62.349603 10.111757 1
21.641312 -61.615983 10.376357 1
22.514612 -61.626193 10.818057 1
22.997512 -61.420462 10.051657 11
22.876112 -61.998413 9.294857 12
22.224612 -62.682938 9.446857 10
22.254612 -63.157268 8.620257 7
23.250012 -63.244368 8.447057 3
23.649712 -62.901238 9.270057 7
23.704612 -63.513608 10.040357 12
24.097812 -64.210518 9.535957 16
24.917112 -64.547338 9.940157 7
24.638812 -64.972918 10.758957 10
25.375112 -65.128988 11.450557 12
25.342012 -65.650048 12.205257 1
24.986212 -66.484908 11.942557 7
24.106212 -66.974138 11.964357 15
23.355412 -66.339448 12.154257 5
22.885512 -67.148968 11.822557 7
23.078912 -68.091988 11.633157 4
23.879012 -68.611678 11.415657 7
24.078312 -68.507708 12.359557 1
23.636312 -68.470658 13.223357 16
22.980312 -68.812778 13.748057 9
22.915912 -68.019888 14.333757 12
22.721612 -67.057528 14.483657 15
21.871612 -67.517718 14.370457 1
22.049412 -67.354848 13.456557 15
21.818012 -66.820278 12.763457 1
21.078812 -67.125078 12.333457 10
20.585312 -66.522548 11.759457 7
19.647112 -66.657138 11.768257 1
19.662112 -65.629448 11.706557 1
18.887812 -65.808518 11.145557 7
18.958412 -65.028308 10.536157 1
19.114112 -64.131008 10.911657 1
19.086912 -63.645248 11.734357 1
18.320612 -63.735978 12.249957 1
18.158912 -64.334778 11.439457 1
17.321612 -63.872518 11.532757 4
17.310412 -63.331848 10.741957 7
16.525612 -63.178188 10.192557 10
16.025912 -62.594278 10.746157 7
15.769312 -62.418188 11.621957 11
15.235912 -61.619321 11.468457 12
15.923412 -60.940627 11.702157 15
15.154612 -60.413112 11.385957 15
14.296112 -59.981208 11.397457 12
14.541212 -59.480398 12.201157 10
14.168612 -59.541408 13.054857 10
15.103012 -59.140078 13.269557 7
15.224012 -60.087708 13.280057 7
14.800112 -60.4926 12.473157 15
13.849212 -60.590526 12.413357 12
14.284512 -61.495633 12.523257 12
15.102812 -61.238297 13.069757 11
16.010812 -61.072764 12.945357 16
16.703812 -60.503621 13.248057 13
16.174012 -59.675338 13.288357 9
16.038012 -58.863868 13.874257 7
15.740412 -58.746968 14.722457 7
14.827312 -58.976468 14.881957 7
14.310312 -59.473788 14.261357 9
14.721012 -59.945168 15.032857 7
15.362712 -60.597957 14.929057 7
15.942112 -60.833317 14.161357 13
16.403812 -60.488515 14.861757 13
16.455412 -59.554868 14.753557 7
17.205512 -59.283208 14.228357 16
17.845512 -58.753368 14.819157 7
18.318912 -59.487648 15.273957 16
18.959912 -59.162628 15.962157 7
18.211312 -58.971118 16.524457 10
18.156312 -58.253308 17.207657 12
17.946312 -58.188418 18.185557 15
18.444812 -58.481968 19.022457 16
18.452212 -58.356338 19.958257 11
17.706012 -57.675728 20.216857 7
17.220212 -56.818658 20.416957 6
16.621112 -56.556518 19.718957 7
15.920612 -56.766008 19.029457 14
16.839912 -57.170618 18.945157 12
17.745712 -57.024178 18.625557 16
18.041512 -56.513718 19.356557 1
18.672812 -56.030158 18.933357 1
19.505212 -55.697568 18.587957 4
20.137712 -55.179238 18.052257 7
19.379412 -54.869218 17.582257 5
18.955812 -54.044858 17.879257 12
18.634712 -53.463628 18.537157 1
18.981212 -52.574578 18.748457 12
19.026612 -51.766288 18.342657 7
19.474512 -51.703668 17.444657 11
20.018712 -51.571278 16.640557 4
20.568912 -51.102128 16.028657 11
20.642112 -50.409728 15.434057 1
21.453012 -50.754628 15.147457 4
21.054612 -50.319728 14.352557 15
20.859512 -51.077228 13.704357 7
21.195812 -51.764708 13.063057 11
20.905412 -52.657608 13.014157 7
20.826312 -52.347708 12.052457 15
20.731212 -52.962288 11.260957 16
19.938112 -53.360948 10.872857 7
19.197012 -53.850138 10.482857 7
19.566612 -54.640278 10.867157 10
18.745312 -54.698668 11.340057 14
18.121612 -54.043788 10.939657 7
18.129512 -53.504788 10.105857 1
17.369912 -53.015908 10.456257 16
16.682412 -53.242248 9.837957 9
16.509112 -54.182538 10.166057 10
16.262612 -54.100258 9.223257 10
16.285512 -54.038468 8.249257 16
15.374012 -53.895428 8.416257 1
15.235012 -53.356768 9.177257 15
14.709812 -54.062118 9.528957 7
14.229812 -53.327188 9.869457 10
14.189912 -52.386848 9.696857 16
14.495612 -52.157908 8.802057 7
15.428712 -51.848118 9.007957 12
16.126112 -52.268578 9.519057 1
15.993112 -51.419058 9.935157 7
15.670712 -51.080828 10.732957 1
15.794512 -51.169728 11.697657 12
16.475812 -51.218228 12.311757 12
15.581312 -50.952728 12.681757 1
15.587412 -51.374128 13.538857 13
15.212812 -52.211808 13.957957 1
14.891012 -53.029558 13.596457 7
14.774212 -53.852948 13.134857 13
15.330112 -54.625518 13.116157 7
15.095812 -54.517038 14.062857 15
15.353312 -55.414168 14.152657 16
15.725612 -56.225948 13.882057 7
14.992312 -56.506848 14.467357 6
15.313912 -57.210058 13.893157 7
14.783912 -57.192488 13.074457 7
15.152712 -56.485998 12.433857 15
15.892412 -57.094978 12.386657 7
15.957612 -57.843028 11.686957 4
16.957912 -57.635088 11.644757 9
16.816512 -57.621308 12.602757 7
16.475912 -58.478398 12.363757 11
15.986012 -58.875828 11.629857 15
15.202812 -59.288848 11.261657 15
14.564512 -58.895698 10.615657 7
14.981312 -58.074958 10.933657 16
14.847912 -57.479458 11.703057 1
14.062112 -56.957138 11.476357 11
13.789512 -56.033638 11.528557 11
14.013012 -55.199328 12.028557 10
13.752112 -54.373918 11.697457 1
14.247512 -54.808928 11.005257 11
14.990512 -54.472538 11.545257 12
15.770712 -54.982598 11.670357 13
16.658012 -55.248298 12.004357 12
16.145412 -55.997908 12.166257 16
16.907712 -56.280628 12.769657 7
16.976212 -56.193768 13.715557 7
16.830412 -55.616128 14.399557 9
16.941012 -54.707488 14.631357 10
17.453012 -53.952758 14.383457 16
18.164712 -54.468208 14.904757 16
18.535012 -54.865858 15.712057 4
19.120212 -55.499268 15.315157 12
19.088512 -55.901538 14.347157 16
18.354012 -56.628398 14.395857 14
17.937712 -57.341188 13.886257 1
17.079012 -57.365798 14.282957 7
17.623312 -57.680888 14.978957 10
17.176612 -58.241758 15.627757 12
16.384912 -58.801488 15.711957 7
16.160012 -57.883108 15.328257 7
16.589712 -57.321218 16.019657 16
15.884812 -56.769428 15.573557 5
16.085612 -56.961508 14.644657 1
16.017912 -57.836708 14.186257 7
16.654012 -58.072868 13.560257 7
17.501412 -58.390648 13.776857 10
18.327412 -58.894458 13.792057 1
18.985312 -59.044068 14.534057 1
19.514012 -59.670108 14.047657 15
20.146612 -60.095118 14.596757 1
20.488012 -60.623061 15.335057 16
20.671212 -61.334467 15.960057 12
20.366712 -62.158691 16.425857 1
20.407212 -61.50884 17.139057 1
19.922512 -60.86969 16.659157 7
19.039012 -60.4291 16.540257 15
19.073912 -60.699495 15.588657 1
18.212712 -60.884587 15.199257 12
17.909712 -60.63973 14.235857 13
17.766112 -60.861991 13.292757 13
17.182212 -61.047633 12.538457 7
16.743112 -60.263178 12.076057 15
17.527912 -60.151748 11.488357 8
17.083312 -60.384418 10.678857 15
16.860812 -60.862977 9.856457 5
16.417012 -60.756821 9.003857 16
15.480712 -61.0295 8.958857 13
14.780812 -61.225087 9.621957 7
14.108012 -61.137618 10.317957 12
14.062212 -60.174518 9.944057 7
13.554812 -60.45323 10.746957 12
13.484712 -59.476808 10.698557 7
12.876412 -59.620938 11.445557 11
12.121312 -59.114018 11.922757 1
12.684312 -58.376948 11.751157 7
13.017112 -57.584878 12.280057 11
13.653212 -58.238548 12.358057 12
14.365312 -58.290208 13.059857 7
13.609512 -57.590928 13.293757 16
13.924912 -56.666968 13.562457 11
14.207812 -57.496488 14.066457 7
14.057612 -58.260678 14.570757 7
13.102912 -58.302358 14.667857 1
12.137212 -58.139088 14.462457 12
12.049412 -57.347788 14.922857 1
11.897512 -57.679778 15.806357 9
12.241112 -58.166408 16.518457 11
12.864912 -58.666088 15.898957 7
13.645112 -58.897998 16.459357 7
12.933912 -58.787698 17.162857 14
12.348612 -58.328348 17.836257 10
11.575012 -58.260088 18.408657 16
11.353312 -58.841518 19.121557 7
10.499912 -58.674028 19.600057 15
10.884612 -57.801538 19.319857 4
11.450812 -58.226168 19.985057 16
12.273512 -58.127038 20.369957 16
13.157112 -58.411228 19.947757 7
13.884712 -58.652078 19.360257 9
13.889212 -58.168588 18.519157 16
14.277712 -58.735108 17.779557 7
14.977612 -58.636288 18.359057 5
15.270112 -59.007298 17.517157 7
14.839012 -59.643138 18.076057 7
14.639512 -60.381608 18.600457 1
13.920412 -60.435066 17.948057 15
13.644512 -59.562828 17.853157 7
13.379512 -59.706428 18.841057 10
12.556012 -60.084878 19.214957 1
11.893012 -60.092088 18.598657 1
12.479412 -59.849888 17.863257 15
12.143712 -59.779948 16.917057 12
12.024812 -59.414038 16.020057 1
12.873212 -59.804638 15.831157 7
12.610812 -60.784132 15.649457 15
12.806612 -61.14663 14.709457 11
13.300912 -61.579716 13.987357 12
14.129112 -61.177167 14.541957 16
14.019912 -60.948098 13.635757 12
13.392512 -60.173018 13.746757 13
13.124312 -59.554948 14.441257 7
12.211912 -59.952448 14.327657 13
11.689012 -59.325708 14.847057 12
11.232212 -58.574108 15.239957 6
10.356612 -58.607188 15.713157 7
10.050812 -57.980128 16.376357 7
10.158612 -57.054548 16.345057 1
10.695712 -56.563678 17.019157 16
11.273312 -55.875108 16.575557 12
10.384512 -55.470028 16.637957 7
9.761612 -54.892208 16.190457 16
10.379112 -55.144858 15.452357 11
11.063312 -54.684868 15.979557 15
10.940312 -54.318008 15.107857 7
10.121612 -54.208748 14.587957 8
9.239012 -54.174588 14.301057 4
9.522912 -55.102038 14.478957 15
10.298512 -55.613198 14.337357 11
10.579812 -56.517728 14.019657 12
11.064512 -55.938688 13.429857 15
10.775512 -55.937338 12.531457 16
11.726212 -55.913658 12.419557 7
12.388712 -56.634718 12.419257 11
12.757712 -55.878928 12.014457 11
12.976412 -55.449828 12.848557 15
13.704312 -55.603608 13.455957 9
13.538712 -55.036918 14.256257 7
13.344812 -55.669318 15.047957 1
13.796412 -56.395878 15.460057 1
13.754612 -56.021398 16.282657 7
14.279212 -56.791008 16.491257 1
14.674912 -57.538888 16.048757 7
14.200612 -58.214088 15.652057 7
13.408812 -57.784998 15.994557 16
12.822612 -57.175818 16.643857 1
13.392112 -57.495428 17.319957 11
14.276612 -57.482738 17.308857 7
15.168212 -57.202778 17.276457 1
15.624012 -57.935168 16.783357 7
16.394312 -58.541908 17.015857 1
16.487612 -59.110408 17.771057 1
16.910712 -59.183998 18.601957 1
16.720912 -60.084338 18.307257 5
15.836912 -60.020038 17.786257 16
15.162112 -60.450169 17.201557 7
14.359212 -60.727224 16.698257 7
14.144412 -61.453142 16.204857 15
15.098712 -61.328698 16.183957 7
15.020512 -61.584617 15.189057 16
14.715012 -62.195332 14.526457 12
13.802612 -62.630418 14.482457 12
13.353312 -62.482398 15.359057 15
14.230412 -62.851538 15.462557 7
14.818112 -63.655068 15.372257 14
14.483812 -63.527028 14.512457 12
13.993512 -64.212658 15.037757 11
13.146112 -63.812548 14.892357 16
13.455312 -64.053098 14.040557 12
13.989612 -64.654798 13.454657 13
14.091412 -65.412578 12.946757 11
14.053812 -66.122058 12.224057 15
14.129812 -66.176248 11.221057 7
14.085612 -66.636128 10.379857 1
14.737012 -67.208418 10.784557 12
15.452412 -66.797938 11.179857 7
16.074112 -66.095888 10.873657 16
15.789512 -65.407838 10.221757 11
15.151312 -65.109578 9.586857 12
14.544312 -64.789358 8.910257 1
15.361012 -64.266348 8.987357 1
15.795912 -63.930768 8.168357 1
15.032412 -63.323438 8.113557 16
14.326712 -63.575668 8.720357 7
14.996512 -63.275328 9.326357 16
14.853212 -63.652428 10.248157 7
14.767112 -63.130558 11.053857 12
14.330012 -63.950168 11.444257 15
15.198312 -64.344808 11.239157 9
15.533412 -64.833988 11.972557 7
15.750212 -63.918268 12.250157 1
15.079312 -63.806758 12.992057 5
14.406012 -63.324818 12.427357 12
14.926012 -62.632198 12.889257 12
15.904012 -62.437628 12.737857 8
15.792912 -62.317657 13.741757 7
16.226512 -61.891134 14.453257 13
16.587412 -61.849406 15.379357 8
15.891912 -61.23161 15.507657 1
16.185512 -60.419936 15.948057 7
16.354912 -59.617448 16.534757 11
15.375112 -59.201018 16.509557 7
14.623712 -59.241208 15.979957 7
13.976512 -59.970348 15.998357 7
13.493012 -60.278038 16.835857 11
12.718112 -60.798038 16.759057 15
12.498412 -61.62798 17.158757 15
11.492212 -61.408359 17.325457 7
11.976512 -61.632072 18.097457 15
11.788912 -62.270491 18.753357 11
11.092312 -61.571272 19.004857 1
11.015112 -61.975088 19.931957 7
10.803312 -62.773028 20.448457 11
10.423012 -63.641488 20.798357 1
9.620612 -63.934788 20.344157 12
8.669712 -63.942698 20.570057 16
8.573712 -62.951978 20.496257 1
7.354212 -64.033748 21.117157 1
7.321312 -64.820468 20.516257 10
7.477512 -65.255458 21.407557 16
6.786612 -65.846488 21.094057 1
6.013912 -66.292288 20.570957 16
6.828812 -66.337068 20.027257 1
7.715412 -65.828818 19.974257 1
8.343512 -65.187208 19.752557 14
8.868412 -65.472488 19.015957 7
9.009212 -64.904988 18.231557 16
9.831812 -65.419958 18.440157 16
10.516512 -65.870858 18.914857 15
9.864512 -66.461628 19.098857 12
9.427012 -66.869688 18.307157 1
8.815012 -67.571728 18.041857 1
8.405712 -68.307428 17.607857 15
8.694312 -68.650628 18.429857 12
9.429312 -69.055978 17.895257 16
9.501912 -69.127588 16.921657 1
9.780612 -69.542088 16.130957 15
10.339312 -68.697418 16.037957 5
10.475912 -68.201958 15.159757 1
9.817012 -67.810158 14.617557 15
9.814812 -67.079278 15.236057 12
9.703312 -66.150988 15.401757 16
9.005512 -66.253998 16.065357 13
9.302812 -65.892768 16.974457 16
10.053012 -66.431868 16.647157 8
10.280512 -65.532428 16.329857 16
10.061512 -64.614698 16.280657 16
9.563812 -64.191588 15.532657 16
8.839212 -64.296608 14.955157 11
9.146612 -65.231508 14.819057 16
8.295612 -65.591748 14.475057 16
7.509712 -65.496398 14.979557 7
7.696512 -64.702458 15.627457 11
8.382512 -64.476968 16.325657 16
8.936712 -64.740398 17.120357 16
7.497512 -63.954358 16.905057 11
6.805112 -63.329868 16.785257 1
6.048812 -62.749698 16.620757 16
6.523812 -61.912673 16.355557 1
6.205512 -61.899556 15.429557 1
5.554912 -62.059456 14.791357 1
5.707312 -62.669678 14.046857 7
6.219112 -63.417518 14.437557 1
6.991312 -63.885618 14.788457 11
7.150412 -63.860938 13.811757 11
7.336612 -64.195478 12.971457 1
8.113012 -63.850688 12.466857 1
8.806512 -63.691038 13.121457 16
8.422112 -64.522188 13.554057 11
9.216712 -65.091058 13.707257 1
10.137812 -64.718218 14.115357 16
10.355112 -64.358198 13.216157 5
10.856712 -64.640008 12.457757 1
11.717712 -64.679538 12.859757 5
11.421912 -64.548738 13.777057 16
11.506912 -64.035198 14.584557 16
12.116212 -63.365218 14.602857 16
12.590412 -63.039068 13.808157 15
13.211312 -62.399007 13.343957 12
13.677012 -62.548338 12.566957 12
13.324612 -63.377638 12.617157 12
13.474812 -64.212218 12.054457 16
12.852412 -64.906568 12.256757 7
12.495612 -65.352318 13.041257 11
12.026212 -66.168618 13.231057 15
11.808212 -65.708768 14.088257 16
10.942112 -65.826068 13.652357 13
10.204012 -65.687388 14.335357 16
10.653512 -66.095288 15.050457 16
11.517112 -66.533228 14.977557 15
12.259312 -65.921068 15.158757 1
12.128612 -64.991018 15.170657 16
12.027412 -64.947298 16.098357 16
12.977012 -64.957468 16.274557 1
12.866712 -63.977528 16.510157 16
13.440412 -63.219258 16.426657 1
13.223812 -62.39715 16.929457 15
13.815412 -62.829118 17.574557 7
13.421012 -62.093356 17.935357 15
13.387812 -62.253443 18.880257 16
13.673512 -62.675858 19.770757 1
12.759812 -62.383645 19.836957 12
11.864612 -62.807488 19.762057 11
12.314812 -63.631928 19.938057 12
12.055212 -64.353528 19.369657 11
12.755112 -64.800448 19.858457 16
11.771712 -65.040118 20.110757 1
10.811412 -65.166628 20.006957 16
10.369312 -64.360028 19.744957 12
11.135712 -63.723338 19.759757 11
10.608512 -63.800868 18.939157 11
10.177812 -64.449048 18.321357 16
11.043212 -64.798208 17.873757 16
11.776812 -64.219318 18.162257 11
11.989412 -64.358398 17.245357 16
12.886912 -64.222848 17.585357 1
12.997912 -63.395018 18.132257 15
13.800212 -63.922798 18.218757 1
14.653112 -63.992198 18.580657 8
14.704312 -63.765368 19.525857 16
14.322812 -64.429628 20.156957 5
14.841012 -65.113778 20.570057 1
15.042212 -66.034668 20.538357 15
14.624612 -66.966808 20.639857 16
14.088612 -67.531518 20.088857 8
15.039512 -67.426138 19.821657 1
15.502612 -68.274938 19.893357 15
15.735012 -69.283448 19.740257 7
15.688412 -69.604828 18.818757 5
14.630612 -69.253688 18.749357 8
14.893112 -70.170568 18.607257 12
14.592312 -70.424048 19.495757 1
14.709312 -71.286978 19.103057 13
14.473012 -72.162328 18.717857 7
13.568212 -72.508128 18.482357 1
12.937912 -72.674428 17.802557 12
12.834212 -71.686128 17.749657 9
13.344212 -70.865368 17.921157 1
13.740112 -70.186138 18.497657 12
13.818312 -69.341838 18.057257 16
12.826412 -69.205998 18.025057 1
12.645612 -69.061858 17.110957 16
11.855812 -68.426378 16.919557 14
11.596512 -67.502448 16.564157 1
11.237712 -67.686718 17.461157 16
10.820612 -66.830958 17.420057 1
10.868512 -65.890808 17.222057 16
11.773012 -65.567328 17.191757 16
12.375212 -66.350308 17.133557 7
12.454312 -66.000168 16.295757 15
11.540812 -66.119188 16.152957 5
11.213712 -65.376668 15.710357 16
11.120112 -64.421988 15.630557 16
10.547712 -64.099098 15.006157 16
10.272512 -63.149208 14.989557 16
9.319812 -63.284398 14.844057 8
8.697612 -62.720868 14.337157 11
8.231012 -62.418758 15.149457 7
8.380612 -62.583208 16.064157 5
8.340512 -63.149278 16.819957 16
8.263512 -62.534248 17.595657 1
9.126212 -62.866988 17.816157 16
9.966712 -62.440908 17.982157 12
10.717812 -63.036658 18.242357 11
11.431012 -63.202308 17.549457 15
11.236112 -62.972688 16.558357 16
11.489012 -63.857598 16.362357 16
12.177612 -63.235388 16.761257 1
12.187712 -62.314942 16.621957 15
12.289812 -62.849468 15.853257 16
12.135312 -61.949551 15.396157 15
11.579712 -61.544343 14.602857 1
10.809412 -62.081711 14.335757 12
10.369512 -61.556704 13.675057 1
10.440412 -61.067305 14.509457 1
10.724412 -61.56633 15.282057 11
10.677112 -62.432168 15.673857 16
9.859112 -62.078964 15.472757 7
9.559912 -62.797768 16.092757 16
9.425312 -61.902256 16.489857 1
10.361512 -61.582671 16.442057 1
10.624612 -62.284004 17.095057 5
10.078012 -63.092098 17.003457 16
10.433912 -63.989198 17.046457 16
9.680012 -63.973648 17.590857 16
9.515612 -63.752228 18.524057 1
9.077112 -62.959148 18.811357 12
9.077912 -62.144559 19.442357 1
10.033512 -61.973114 19.461257 11
9.593612 -61.327706 18.888157 1
9.263912 -60.542554 18.331757 7
