-48.836918 -6.749333 -1.837497 4
-48.394418 -6.399103 -2.623797 14
-48.084218 -7.242383 -2.977497 1
-48.008818 -7.344513 -3.895197 1
-48.895218 -7.636583 -3.693897 2
-48.983618 -8.387703 -3.073997 2
-49.967918 -8.488423 -3.413797 1
-50.582218 -8.552663 -2.616197 1
-51.044318 -7.929423 -2.093597 1
-51.610618 -7.580543 -2.807197 16
-51.636518 -7.051503 -3.622397 12
-52.658718 -6.874143 -3.534097 1
-52.762018 -6.126523 -3.004097 3
-53.660318 -6.284333 -2.613897 1
-53.689918 -7.206783 -2.410197 1
-52.763918 -7.541243 -2.138897 13
-53.010118 -8.493063 -2.536197 2
-52.681718 -9.208623 -3.056797 8
-51.729118 -9.422633 -2.995697 2
-51.438318 -10.181663 -3.554397 11
-51.963818 -10.763383 -2.894397 1
-52.024518 -10.190453 -2.091897 15
-51.063218 -9.933013 -2.045697 9
-51.424118 -10.486303 -1.354097 5
-51.692018 -11.429733 -1.101297 1
-51.486218 -12.072603 -1.842097 8
-51.712618 -12.183493 -2.811997 15
-51.959118 -13.008371 -3.337097 2
-51.405318 -13.716837 -3.826897 14
-51.980918 -14.295804 -4.392597 9
-52.411118 -15.233283 -4.393597 6
-52.503218 -16.019813 -3.845197 2
-51.641718 -16.285213 -3.438697 14
-52.149818 -16.390103 -2.633097 2
-51.557718 -15.797013 -2.178897 2
-51.363118 -14.880583 -2.212497 14
-50.683018 -14.174705 -2.074597 14
-50.706518 -13.405229 -1.526597 1
-50.259018 -13.895345 -0.801597 14
-50.704218 -13.99015 0.077673 8
-51.543718 -13.702151 0.578953 6
-52.425718 -13.304972 0.296893 6
-52.860818 -13.340112 -0.602297 12
-53.502418 -14.067227 -0.831597 2
-53.501518 -14.757593 -0.202997 14
-54.289118 -15.335953 -0.474197 5
-54.497118 -15.848623 -1.255897 2
-54.882618 -16.781473 -1.457797 2
-55.431718 -16.757773 -2.231797 11
-55.755218 -15.964373 -2.637697 1
-54.911018 -15.680203 -2.972997 5
-54.301218 -16.439193 -2.756997 2
-54.515218 -17.313863 -2.839797 1
-53.633218 -17.353003 -2.531797 2
-52.778118 -17.144733 -2.237797 2
-52.515218 -17.207513 -3.173997 2
-51.894418 -17.523123 -3.818997 3
-52.180318 -17.300813 -4.735097 7
-51.522918 -16.635223 -5.019097 5
-50.674518 -16.190903 -4.723097 2
-50.030718 -15.741743 -5.302897 9
-49.946418 -14.801583 -5.582297 14
-49.678618 -14.459704 -6.449297 1
-49.099018 -14.396208 -7.222197 8
-49.954618 -13.956722 -7.301997 15
-50.479318 -13.450842 -6.724397 2
-49.747918 -12.883108 -6.366497 1
-50.144118 -12.152573 -6.744297 9
-50.786118 -11.525643 -6.301997 14
-51.386318 -11.304463 -5.578297 1
-51.609718 -12.216363 -5.351197 2
-51.065318 -12.75584 -4.739697 1
-50.388718 -13.284839 -4.259697 8
-50.014118 -14.01979 -3.819997 14
-50.739618 -14.366916 -4.374397 14
-50.913718 -15.247633 -3.956797 14
-51.731718 -15.244993 -3.447197 14
-52.573018 -15.357803 -2.979997 2
-52.780018 -14.553703 -2.525797 1
-53.510018 -14.380756 -3.066697 11
-53.396018 -15.064923 -3.894797 6
-53.688118 -15.978023 -3.911597 2
-53.271118 -16.839183 -4.031797 2
-53.454618 -17.264623 -4.943197 1
-53.743118 -18.069803 -5.238797 2
-53.942218 -17.490563 -5.983597 8
-54.051118 -18.189943 -6.684397 10
-53.593818 -19.000773 -6.528997 15
-53.379418 -19.873553 -6.802997 12
-52.741218 -20.660373 -6.969697 8
-52.301718 -20.367853 -7.831697 14
-52.744618 -20.037823 -8.619297 3
-52.829218 -19.115503 -8.434697 1
-52.075518 -18.564583 -8.176997 1
-51.210218 -18.802663 -7.803397 1
-50.567218 -19.494543 -7.656997 2
-50.550718 -20.442913 -7.747797 2
-50.579418 -21.149433 -7.052597 1
-51.020918 -21.569023 -6.273097 7
-50.821518 -21.305253 -5.357097 2
-49.810518 -20.953033 -5.420497 1
-50.255718 -20.100863 -5.174997 1
-50.300718 -19.293843 -4.644597 1
-50.551218 -18.358233 -4.354297 1
-51.025618 -18.055253 -3.537597 1
-50.513618 -17.574613 -2.880797 2
-50.437718 -16.654993 -3.177397 14
-51.087318 -16.688023 -2.446797 2
-50.671418 -16.946653 -1.607897 2
-50.583118 -16.000223 -1.860697 14
-49.694418 -16.370903 -1.689597 11
-49.589218 -15.413603 -1.732897 14
-50.177918 -14.969203 -2.351497 14
-49.834518 -14.169449 -2.758297 14
-49.679218 -13.196127 -2.722997 5
-49.065018 -12.546233 -2.890197 2
-48.579518 -13.365864 -2.982897 5
-48.747818 -14.004577 -2.357897 14
-48.097318 -14.501489 -2.792197 14
-47.237818 -14.953683 -3.259697 5
-47.155218 -15.679993 -2.555297 1
-46.789118 -15.794923 -1.626797 2
-46.147618 -16.446323 -1.301097 2
-46.742718 -17.209943 -1.480097 8
-46.598318 -17.400093 -2.405797 1
-47.230118 -17.526013 -3.095897 8
-46.969518 -17.238763 -3.987697 15
-46.691718 -16.518723 -4.558397 15
-45.791218 -16.927043 -4.476997 9
-45.655918 -16.500183 -3.641197 2
-46.336318 -16.302953 -2.971597 15
-45.600018 -16.656293 -2.394997 2
-45.594918 -17.590173 -2.383897 2
-45.962518 -18.037643 -1.648297 6
-46.597518 -18.765203 -1.438097 8
-47.474718 -18.602303 -1.114997 8
-47.996718 -17.829423 -0.794397 1
-48.004818 -17.093443 -0.224097 12
-47.082018 -17.007613 -0.399397 8
-46.551918 -16.219733 -0.121147 2
-45.917618 -15.690403 0.291693 2
-46.529518 -14.973823 0.212453 3
-46.826818 -14.604333 -0.554097 2
-47.761018 -14.873593 -0.393897 8
-47.233118 -15.653533 -0.605497 2
-47.821718 -15.721503 -1.356297 6
-48.191018 -15.521013 -2.166897 14
-48.613618 -14.748013 -1.692597 14
-47.669618 -14.656193 -1.606097 9
-46.965518 -14.536347 -2.279297 12
-46.046518 -14.693483 -2.686497 2
-45.206018 -14.186317 -2.782197 5
-44.424118 -13.75503 -2.889897 1
-44.259418 -14.523285 -2.423397 1
-44.646918 -15.350783 -2.363297 2
-45.279818 -15.364963 -3.082297 2
-44.324418 -15.347893 -3.413797 6
-44.894318 -15.865583 -3.961097 2
-45.070618 -16.133933 -4.957097 11
-44.785918 -15.360543 -5.452897 5
-44.807518 -15.684563 -6.325797 5
-45.313518 -16.546983 -6.533197 1
-46.157718 -16.099743 -6.251597 1
-45.942218 -15.315383 -5.696997 1
-46.597518 -15.062763 -5.073297 2
-47.343318 -15.605573 -4.674397 15
-47.407318 -14.723693 -4.493097 2
-47.679418 -14.976213 -5.408697 14
-48.202418 -14.147006 -5.349897 6
-49.145218 -13.704758 -5.480997 2
-49.061918 -14.355043 -4.635997 14
-48.687018 -15.305733 -4.679797 2
-48.341618 -15.730923 -3.905097 15
-49.187118 -15.462163 -3.674897 14
-49.972718 -15.035523 -3.374897 14
-50.108818 -15.917653 -3.803297 14
-49.375118 -16.513873 -3.756097 3
-49.288618 -16.817273 -2.829197 2
-48.644618 -16.123723 -2.762197 14
-48.091118 -16.760873 -3.287397 15
-48.412618 -17.540913 -2.785897 2
-47.853118 -18.386823 -2.905397 8
-48.376218 -18.492933 -2.067297 8
-49.288818 -18.159303 -1.808197 1
-50.248118 -18.037293 -1.841097 5
-50.846118 -18.664463 -1.515597 9
-51.533618 -17.909333 -1.358597 2
-51.085318 -17.679743 -0.480097 14
-51.984518 -17.294033 -0.576797 2
-52.012318 -17.666643 0.309793 8
-52.505518 -18.542503 0.143353 2
-52.999918 -19.300813 -0.152497 14
-53.904518 -19.582613 -0.107767 1
-54.103018 -20.024963 0.737383 9
-54.661518 -20.759123 0.537003 8
-55.431718 -20.378293 0.174763 1
-55.559918 -19.581433 0.695803 4
-54.849818 -18.902443 0.801393 3
-54.444118 -18.244103 0.306193 1
-54.305218 -17.367303 -0.129097 14
-53.791918 -16.733263 -0.593397 2
-53.375318 -15.868513 -1.007697 2
-53.392718 -14.962633 -1.408397 1
-53.440418 -15.573593 -2.151397 2
-52.745818 -16.192733 -1.917297 2
-52.247418 -15.865073 -1.167997 2
-52.165618 -16.041833 -0.217697 7
-51.369518 -16.308483 -0.711497 2
-50.500918 -16.766053 -0.563197 3
-50.526218 -16.017393 0.078383 1
-50.672618 -15.118253 -0.158397 14
-50.981918 -15.309183 0.722983 8
-50.914518 -15.753433 1.565673 2
-50.897618 -15.598563 2.508153 14
-51.851218 -15.840583 2.838463 1
-51.817918 -15.006863 2.334183 6
-51.464318 -14.21683 2.793833 3
-50.842518 -14.091338 3.530813 2
-50.763518 -14.612333 4.380823 1
-50.685018 -14.46375 5.297723 6
-49.963518 -15.086613 5.153373 2
-49.458118 -15.222393 5.963333 2
-49.361618 -14.571133 6.585633 10
-49.399018 -13.607568 6.723163 8
-49.895618 -13.608392 5.859023 12
-49.644618 -13.371128 4.983433 1
-49.155618 -13.378329 4.136143 2
-48.518918 -12.841425 4.680293 1
-47.731618 -13.364218 4.773223 14
-47.518018 -12.805132 4.107473 1
-46.909918 -12.380533 3.543603 7
-47.092218 -11.710513 2.876203 9
-47.347518 -10.852643 2.471833 8
-47.530518 -10.367253 1.617783 2
-46.578518 -10.263783 1.648393 3
-46.030518 -9.878423 2.365963 2
-45.247018 -10.112333 2.975943 1
-44.301018 -10.176333 2.852343 8
-44.049518 -9.184243 2.795563 14
-44.846918 -8.943003 3.322353 3
-44.756918 -7.968243 3.090613 5
-43.921618 -7.954363 2.477983 2
-43.847318 -6.994913 2.562373 1
-44.567818 -6.698193 3.142393 2
-44.402618 -7.222583 3.900873 15
-43.387018 -7.358493 3.718043 11
-42.971618 -6.567613 4.033633 2
-42.870918 -5.535443 4.097793 2
-42.215918 -5.118313 4.663093 12
-42.343318 -5.973943 5.257033 14
-42.802418 -6.868203 5.170803 3
-42.499818 -7.762693 4.940083 5
-41.584718 -8.211693 4.953443 8
-42.318918 -8.943803 4.688533 3
-42.072918 -9.849523 4.349703 2
-42.080418 -10.606463 3.771103 1
-41.682218 -11.378173 3.303033 2
-41.081718 -11.887173 2.740353 14
-41.073818 -11.251273 1.978673 1
-40.207718 -11.084933 2.307453 3
-40.402218 -10.495103 1.538773 1
-41.278418 -10.591143 1.302703 14
-40.627818 -11.190223 0.868653 2
-40.479618 -11.901173 0.225463 14
-41.175618 -12.581853 0.446063 1
-40.824418 -13.542831 0.313513 14
-40.566918 -14.421224 0.517543 1
-40.805318 -14.690913 1.376973 2
-41.074718 -15.587983 1.568863 1
-40.683818 -15.886243 0.731183 4
-41.517518 -16.241583 0.620553 2
-41.409418 -17.174923 0.693823 9
-41.447218 -17.366863 1.665233 2
-42.239318 -17.831333 1.775153 9
-43.191218 -17.936623 1.949993 6
-42.940318 -17.118163 1.548193 2
-42.623318 -17.374173 0.664233 9
-42.591418 -18.044903 0.048123 9
-43.502418 -17.725313 0.375503 2
-43.932118 -17.331813 1.132153 6
-43.536518 -16.679573 0.546993 9
-44.417618 -16.522413 0.394473 2
-45.119118 -16.832573 0.952583 6
-46.080518 -16.950013 0.618603 2
-46.798818 -17.516433 0.583013 9
-47.388718 -18.144173 0.092383 8
-47.769218 -18.228533 0.968033 14
-47.316818 -18.425413 1.832343 2
-47.395918 -19.296223 1.335603 14
-46.921418 -19.494133 0.552143 8
-46.868718 -20.466823 0.586103 3
-46.588718 -20.071823 -0.238997 8
-47.267418 -20.511993 -0.806097 2
-47.153418 -19.636313 -1.124897 8
-47.486118 -20.152713 -1.887097 6
-48.232418 -19.844473 -2.367997 8
-49.151918 -19.913213 -2.479497 3
-50.075118 -19.869383 -2.042097 6
-50.071918 -19.917543 -3.017797 8
-50.996218 -20.230183 -3.182997 2
-51.467718 -19.307873 -3.294397 3
-52.217718 -18.780423 -3.276097 2
-52.600818 -19.359203 -2.608797 12
-53.282118 -19.070653 -2.120197 2
-53.736518 -19.821133 -2.554597 12
-54.648018 -20.246163 -2.500297 1
-54.152918 -20.244173 -3.354297 3
-54.924418 -19.648113 -3.711897 10
-54.345718 -19.221453 -3.149897 3
-53.906818 -18.389973 -2.582497 2
-54.232718 -18.368963 -1.613997 14
-53.485718 -17.655783 -1.520997 2
-52.547118 -17.880753 -1.609997 2
-52.096118 -18.599433 -2.046497 2
-51.475818 -19.289363 -2.161797 3
-51.801218 -19.993883 -1.697597 1
-51.471018 -20.581893 -1.048297 1
-50.502918 -20.512143 -1.156597 3
-50.341818 -20.041983 -0.345197 9
-49.467918 -19.961413 -0.720197 2
-48.528318 -19.870073 -0.379197 8
-48.667918 -18.900203 -0.460297 8
-49.187518 -18.763363 0.388123 9
-50.096918 -19.068793 0.711743 14
-50.595618 -19.013433 1.611393 2
-49.763318 -18.703013 2.024223 8
-49.622218 -18.174533 1.258903 1
-48.795718 -17.728393 1.453623 1
-48.677618 -16.767403 1.428643 1
-49.589018 -16.605953 1.117153 2
-49.514318 -15.817263 0.565663 8
-49.189818 -15.618603 -0.343897 6
-49.700118 -14.802913 -0.619897 14
-48.914918 -14.386145 -0.233097 2
-48.402418 -13.633792 0.148493 3
-47.644718 -13.715356 0.749793 2
-47.432518 -14.701083 1.011943 7
-47.983018 -14.164566 1.654033 1
-47.088818 -14.495328 2.000933 2
-46.305618 -14.752413 1.507673 1
-45.391418 -15.035873 1.503313 3
-44.746118 -15.606443 0.871883 6
-44.075418 -15.129813 1.530083 2
-43.224818 -15.542593 1.515653 6
-42.774518 -15.749443 0.633893 1
-42.384318 -16.150093 -0.071797 9
-41.755418 -15.836033 -0.831397 3
-42.371818 -16.486603 -1.118097 9
-43.086018 -16.952293 -1.603197 14
-43.794918 -16.341693 -2.158797 2
-44.710718 -16.220053 -1.901697 2
-45.212818 -15.954713 -1.164097 2
-45.047418 -15.394613 -0.414397 2
-45.333118 -14.547053 -0.383897 8
-45.562818 -13.643545 0.080363 14
-46.124618 -13.487904 0.894553 3
-46.156418 -12.590886 0.646113 8
-46.046018 -12.250803 -0.252597 14
-46.584518 -13.022575 -0.579197 12
-46.366518 -12.675509 -1.485897 8
-46.138018 -13.61889 -1.511297 1
-46.027018 -14.572673 -1.562997 2
-45.202718 -15.000273 -1.383397 2
-44.448918 -14.416726 -1.161997 9
-44.758018 -13.51423 -0.827797 10
-44.444818 -12.673263 -0.959497 1
-43.750918 -13.041026 -1.486297 3
-42.895218 -13.337832 -1.015997 1
-42.539018 -14.057987 -1.620097 1
-42.526918 -14.312588 -0.768197 1
-43.322818 -14.488528 -0.323697 3
-43.349618 -15.452393 -0.483197 2
-43.491318 -16.289903 -0.918897 9
-44.419218 -16.486723 -0.812697 2
-44.672418 -17.317553 -0.398897 2
-44.795918 -18.240933 -0.272997 6
-45.664218 -18.516273 -0.722697 8
-45.708818 -17.573923 -0.479997 2
-46.036518 -18.193803 0.175143 8
-45.782118 -18.562213 0.980593 3
-45.334018 -18.195083 1.719193 6
-44.832018 -17.289553 1.834603 6
-44.072818 -17.072373 2.439963 6
-44.694918 -16.640263 3.040713 2
-45.391718 -16.893133 3.689533 3
-45.855018 -16.377543 4.275793 2
-44.951418 -16.400083 4.559913 14
-45.464018 -16.096403 5.385423 8
-44.872118 -16.374953 6.083303 2
-45.401318 -17.110333 5.732953 12
-45.258018 -17.981673 6.112073 1
-44.746718 -18.862123 6.226083 2
-45.070918 -19.421403 5.520043 12
-44.273018 -18.930153 5.211523 2
-43.756418 -19.430643 4.577673 1
-43.833318 -18.692603 3.975103 4
-44.283918 -18.571893 3.162373 3
-43.673218 -19.295163 2.964313 14
-43.609818 -20.129323 2.367883 2
-43.073518 -20.759863 2.825933 1
-43.318918 -20.132263 3.483393 3
-43.943418 -20.864313 3.518093 2
-44.887918 -20.872853 3.640913 8
-45.756018 -20.435783 3.819843 14
-46.077718 -20.231353 2.978423 1
-45.412318 -20.514033 2.261223 3
-45.244218 -19.720953 1.659913 2
-44.881918 -18.961873 1.188473 6
-44.074918 -18.738053 0.693443 6
-43.302618 -18.904613 0.133923 9
-43.618818 -18.148813 -0.590397 9
-44.141018 -17.645343 -1.255497 2
-44.832218 -18.105133 -1.763497 2
-44.587518 -18.196213 -2.663097 14
-43.728818 -18.080483 -2.141697 2
-42.849918 -18.340843 -1.873097 9
-42.439418 -17.804413 -1.251497 9
-41.714418 -17.547693 -1.827997 2
-42.500218 -17.464453 -2.370297 14
-43.016618 -16.777833 -2.740497 1
-43.791518 -17.038073 -3.109997 2
-44.699118 -17.364663 -3.426497 2
-45.304418 -18.085903 -3.663497 10
-45.899318 -18.774893 -3.380897 3
-46.368418 -18.922353 -2.569897 8
-46.352418 -19.802743 -2.095297 8
-46.027218 -20.765913 -1.959397 1
-46.793918 -21.285543 -1.682397 2
-46.271718 -20.826043 -0.965597 8
-45.972618 -20.964273 -0.030377 3
-45.587518 -21.943813 -0.001887 2
-46.191318 -22.606693 -0.359797 3
-46.079018 -23.357093 0.182113 1
-45.672818 -24.142883 -0.141697 8
-45.539818 -25.062383 0.131723 2
-46.221118 -24.986683 0.810743 2
-46.185218 -25.824783 1.207023 3
-46.512618 -25.699683 2.084953 4
-47.247818 -26.298983 2.094933 2
-48.281018 -26.482283 2.022783 3
-48.802118 -26.895583 2.708353 14
-49.503518 -27.623083 2.640803 6
-50.217118 -28.141083 2.099013 6
-50.442218 -27.325083 1.696083 3
-50.424818 -26.764983 0.926573 8
-50.207518 -25.782483 1.160313 2
-50.265618 -25.243483 0.324223 7
-50.996818 -24.706483 0.730993 3
-50.569418 -23.809583 0.526383 14
-49.915118 -23.441433 1.209713 14
-49.780718 -22.616043 0.813333 1
-49.940618 -21.698983 1.163153 2
-50.686718 -21.707563 0.600313 6
-51.051918 -21.732603 1.498783 5
-50.754518 -22.495813 2.128583 10
-51.508618 -23.190813 2.110553 2
-51.589818 -22.997243 3.075113 3
-51.356418 -23.259663 3.964493 13
-50.932418 -22.801483 4.812163 1
-50.828718 -23.616983 5.355433 3
-51.139118 -24.524283 5.200073 2
-50.208618 -24.457983 5.275603 7
-49.535718 -23.992483 5.799483 5
-49.606818 -23.434413 6.655743 3
-49.872318 -22.530923 6.415633 3
-50.067518 -22.232043 7.295763 8
-50.486218 -21.402213 6.951813 9
-50.400018 -20.908023 6.155913 1
-51.123118 -20.941113 5.493693 3
-50.304518 -21.016603 4.902113 9
-50.566218 -21.675943 4.256953 1
-51.334018 -21.128053 3.942483 8
-51.464118 -20.208113 3.712343 3
-50.827118 -19.778943 4.283643 1
-50.292618 -19.766753 3.471853 9
-49.817518 -19.215143 4.084903 3
-49.468818 -18.941643 4.946833 1
-49.700218 -18.834323 5.877483 14
-49.951518 -17.874153 5.793833 3
-50.395918 -18.224233 6.551883 10
-50.368718 -17.282223 6.493453 14
-50.213518 -17.187213 7.461353 1
-50.054418 -17.955103 8.016203 9
-49.686918 -18.716353 7.603723 10
-48.749818 -19.031883 7.641653 12
-47.895518 -18.631503 7.433043 3
-47.569518 -18.085603 8.147273 9
-47.190018 -17.244663 7.811503 2
-47.757318 -16.606873 7.322693 3
-48.088018 -15.753723 7.105843 5
-47.814518 -14.932253 7.515813 2
-46.823118 -15.139653 7.619403 3
-47.017418 -15.487263 8.563073 3
-46.318418 -16.218413 8.391233 4
-46.079218 -16.653273 7.589483 13
-45.217418 -16.743603 7.032253 3
-45.371418 -17.456243 7.685103 3
-44.740018 -18.284903 7.792143 1
-44.498818 -18.224133 8.817853 1
-44.148418 -17.364843 8.465483 2
-43.444818 -16.810373 7.937653 6
-42.750518 -16.870893 8.727393 7
-42.870718 -15.927813 8.610493 10
-42.659918 -15.315163 9.29454 1
-41.902618 -15.028433 8.794553 2
-42.619918 -14.984843 8.197063 1
-42.631218 -15.333933 7.299543 3
-41.890018 -14.717483 7.375553 10
-41.450018 -15.626073 7.331283 3
-41.157518 -16.271403 6.685213 8
-40.159218 -16.648893 6.672953 9
-40.202218 -16.777123 5.740263 3
-39.833318 -16.380133 4.897933 6
-40.484718 -15.713293 4.896663 13
-41.144218 -15.987593 4.267713 3
-41.845118 -16.498263 3.836243 6
-41.330518 -17.353463 3.794413 12
-40.643418 -17.881013 3.343853 3
-40.195518 -18.711033 3.278703 4
-41.114218 -18.769113 2.941873 8
-41.878418 -19.109273 2.385303 3
-42.741918 -18.888813 2.069753 9
-43.610218 -19.213863 1.654923 6
-42.972118 -19.592413 1.070703 9
-43.022218 -20.469503 1.370513 6
-42.082518 -20.456263 0.875833 3
-41.838118 -20.905153 1.756293 3
-42.096918 -21.435313 2.492533 14
-41.193518 -21.728293 2.705503 5
-40.574618 -21.517983 3.491703 5
-41.151218 -21.938743 4.214883 9
-40.674418 -21.121313 4.619483 3
-39.750918 -20.781073 4.665433 10
-38.952618 -20.238633 4.686343 9
-38.265918 -20.869013 4.386203 3
-37.779318 -21.364493 5.134083 5
-37.537118 -22.049823 5.752273 5
-36.887118 -21.871383 6.420013 14
-36.606818 -22.642443 6.953343 10
-37.497018 -23.044163 6.890053 8
-37.019718 -23.922283 7.016533 1
-37.510118 -24.710283 6.596843 3
-38.139918 -24.034283 6.500613 4
-39.087318 -23.847583 6.073763 3
-40.155118 -23.667083 5.878213 9
-39.509618 -23.458673 5.215403 1
-38.739518 -23.183213 4.606283 3
-38.959518 -23.784283 3.927773 1
-39.505318 -23.229163 3.291463 9
-39.203418 -23.390633 2.395163 4
-38.989818 -23.753983 1.537053 1
-39.417018 -24.448083 1.086913 1
-40.438118 -24.475083 1.004603 1
-41.274418 -23.905983 0.891033 3
-40.808318 -23.435113 1.639983 1
-40.368818 -22.840843 0.976793 6
-40.892818 -22.303543 0.451193 3
-41.611918 -22.039563 -0.204597 3
-41.469418 -22.298993 -1.167297 3
-41.238718 -22.893033 -1.856897 6
-41.839418 -22.540953 -2.604497 13
-42.458518 -23.207543 -2.752997 10
-43.236218 -22.699703 -3.058497 15
-43.745918 -21.994663 -3.455797 3
-43.502718 -21.604713 -2.549297 6
-42.528418 -21.859303 -2.504097 13
-42.708618 -22.352383 -1.716797 3
-43.534418 -22.915323 -1.609797 11
-44.085618 -22.435133 -0.964697 6
-43.192718 -22.414343 -0.668097 3
-43.359818 -21.553583 -0.327997 3
-43.562718 -21.327733 -1.185997 5
-43.042518 -20.630583 -0.630297 3
-43.284318 -19.718913 -0.844697 9
-44.170218 -19.507573 -1.161697 5
-44.917818 -19.242763 -0.687497 8
-44.796918 -19.406253 0.247123 9
-45.337518 -20.196843 0.593453 8
-44.991118 -21.101703 0.866703 9
-44.260718 -21.693643 1.143723 3
-44.054918 -22.597043 1.407353 3
-44.033318 -22.356873 2.362583 1
-44.449118 -22.508093 3.274673 4
-44.477018 -21.886083 4.022583 4
-44.100518 -21.724413 4.992473 12
-45.054718 -21.881213 4.995093 1
-45.383518 -22.820273 5.024803 3
-44.580018 -23.451423 5.001433 5
-44.113118 -24.203683 5.438823 3
-43.478318 -24.952683 5.353703 1
-42.962418 -24.827583 6.144393 5
-42.483518 -23.998083 6.088543 6
-41.782618 -24.011483 5.498203 3
-41.057918 -24.053883 4.823883 10
-41.126418 -23.575583 3.969113 1
-41.382318 -23.512433 3.000003 2
-41.301918 -22.758663 2.368683 6
-41.253618 -22.359013 1.429513 3
-40.768618 -21.535603 1.506063 5
-40.004418 -21.302013 0.893153 1
-40.766618 -20.758713 0.822423 9
-41.054618 -21.126853 -0.006357 3
-41.374818 -21.258273 -0.841397 3
-41.572018 -21.440383 -1.780197 13
-41.034818 -20.773023 -2.278897 13
-40.483518 -21.242263 -1.570597 3
-39.912718 -21.099473 -0.791697 3
-39.350318 -20.834803 -0.002777 14
-39.853418 -20.256593 0.573613 10
-40.548018 -19.919533 -0.066907 9
-41.468818 -20.120093 -0.035987 3
-41.719618 -19.371463 -0.491197 9
-42.551418 -20.010573 -0.037497 3
-42.267318 -19.126473 0.238803 9
-41.942618 -19.341783 1.133243 9
-41.137218 -19.712743 1.504263 1
-41.153818 -18.775173 1.538463 9
-40.638018 -18.118083 1.105993 9
-40.022418 -17.931093 1.820933 3
-39.791818 -17.048693 1.559263 3
-39.483918 -17.146663 2.459633 1
-38.850418 -16.516883 2.676523 8
-38.199318 -17.216663 2.473563 1
-37.526518 -17.583973 1.941833 3
-37.272218 -16.695133 1.577373 4
-37.867918 -17.101643 0.967633 1
-37.319518 -16.630323 0.358373 4
-37.452718 -17.242073 -0.338697 6
-36.864618 -17.287053 -1.059597 1
-37.175818 -18.008863 -1.672297 6
-36.694218 -17.568973 -2.387097 3
-36.531218 -18.523343 -2.867997 3
-35.719318 -19.004373 -3.117497 8
-35.052718 -19.390703 -2.547897 1
-34.128818 -19.351003 -2.116297 5
-33.954118 -19.804713 -1.294197 5
-34.500518 -20.392363 -1.770497 5
-35.281318 -20.478313 -2.321797 9
-36.155418 -19.953753 -2.542797 3
-36.985118 -20.102353 -2.155797 3
-36.776918 -19.163983 -2.069497 3
-35.963818 -18.587673 -1.832497 10
-35.066718 -18.279633 -1.977697 5
-35.621218 -17.894443 -2.720197 11
-35.263618 -17.906503 -3.597397 6
-36.087718 -18.185473 -3.998297 3
-36.468218 -19.114693 -3.955597 3
-36.315418 -19.999053 -3.923197 3
-35.740118 -20.065563 -4.686697 9
-34.931018 -20.581823 -4.519897 14
-35.604918 -21.102973 -5.082697 15
-35.010918 -21.933433 -4.756897 12
-35.457318 -22.627423 -5.206297 3
-35.267218 -23.584683 -5.194197 8
-35.137618 -24.251483 -4.527697 1
-34.652918 -25.045183 -4.923397 3
-35.079718 -25.993583 -4.811297 1
-35.577918 -25.626183 -4.036697 10
-34.756818 -25.411983 -3.482197 3
-33.979318 -25.332183 -2.967597 4
-34.575318 -25.202883 -2.195197 9
-35.226418 -24.994483 -1.560097 5
-35.136518 -24.321383 -2.278697 4
-35.716118 -23.822283 -1.724497 13
-36.007118 -22.976013 -1.334997 9
-36.664418 -23.033633 -0.576897 6
-36.539418 -22.136403 -0.948397 9
-37.048818 -21.416023 -1.169697 3
-36.800918 -20.547773 -0.631997 6
-37.407618 -19.886393 -1.126997 3
-36.695718 -19.227893 -1.021497 6
-37.455418 -19.128483 -0.353397 6
-37.756918 -19.957123 -0.159297 6
-38.382818 -20.601253 -0.628697 3
-38.603918 -21.410103 -1.083097 3
-38.599218 -21.694773 -0.197097 5
-39.464518 -22.209483 -0.359497 3
-39.989218 -22.986393 -0.227997 1
-40.464718 -23.738683 0.050973 1
-41.124118 -23.095723 -0.306397 3
-41.731318 -23.838683 -0.250597 3
-41.416918 -24.821683 -0.442397 5
-41.814618 -24.847083 -1.339497 10
-42.176918 -25.492683 -1.858497 1
-41.901918 -25.576383 -2.862697 9
-41.345618 -24.782183 -3.057997 9
-41.057718 -23.864483 -2.856697 1
-41.385218 -24.004783 -1.956897 13
-42.220518 -23.656683 -1.502497 3
-42.729318 -24.333883 -1.898597 1
-43.558918 -24.228083 -1.418597 6
-42.938518 -23.825383 -0.777297 3
-43.296818 -24.384683 -0.076207 5
-43.744718 -23.572183 0.132223 4
-42.863318 -23.183983 0.158843 3
-42.829118 -23.330613 1.124973 15
-42.512218 -23.189483 2.046903 8
-42.756418 -22.270603 2.018973 4
-42.547418 -22.328053 1.056613 3
-42.498418 -22.184713 0.079333 3
-42.877118 -21.482523 0.685163 3
-43.650018 -20.975043 0.508703 9
-44.433118 -20.502123 0.015053 6
-45.281618 -20.278133 -0.428797 8
-45.014918 -20.063893 -1.389897 8
-44.289918 -20.626643 -1.767597 14
-43.982818 -19.939903 -2.361297 9
-43.208118 -20.458093 -2.386997 13
-42.764018 -20.859273 -1.650997 3
-42.033918 -20.429443 -1.122697 3
-42.374618 -19.658543 -1.483297 9
-41.893918 -19.693363 -2.312797 13
-41.144718 -19.111033 -2.402697 1
-40.737218 -18.683643 -1.627297 9
-41.145818 -19.546713 -1.412497 9
-40.266318 -19.851253 -1.820097 3
-39.642618 -19.691473 -1.072997 3
-39.641218 -18.902633 -0.468197 5
-40.048418 -18.995013 0.431743 9
-39.392118 -19.236263 1.085343 4
-38.689618 -19.839903 0.817573 6
-38.802618 -20.123413 1.723843 10
-37.863918 -20.127013 1.418973 6
-37.254218 -20.246013 0.699803 6
-37.110618 -21.237803 0.456193 1
-36.982818 -21.658933 1.331793 3
-36.187518 -21.477413 1.853753 3
-36.532718 -22.319903 2.096153 1
-35.932118 -22.558223 2.906713 15
-35.275718 -22.095613 2.405863 3
-34.406418 -21.875563 2.646753 10
-34.287318 -21.424803 1.832303 3
-35.036918 -21.007483 2.165003 3
-34.867618 -20.600543 2.992763 6
-33.983318 -20.629963 3.334203 1
-33.627918 -20.678603 2.362363 5
-32.964718 -20.239593 1.783533 3
-33.723218 -19.656803 2.045453 11
-34.517918 -19.557993 1.505893 13
-35.446918 -19.346083 1.547233 9
-35.696718 -19.402843 0.578493 6
-35.572718 -19.836303 -0.287697 5
-35.753518 -20.362013 -1.085297 5
-36.068818 -21.073633 -1.725197 9
-36.877418 -21.244443 -2.198797 3
-37.729218 -21.372043 -2.627797 3
-37.718318 -21.346313 -3.640897 3
-37.250118 -21.262323 -4.485597 6
-36.897218 -20.969093 -5.379097 10
-37.074718 -21.061563 -6.448897 8
-36.197618 -20.737693 -6.853097 4
-35.291118 -20.678333 -7.125697 1
-34.403918 -20.221943 -7.084697 1
-35.114618 -19.561213 -7.228997 1
-35.942718 -19.350103 -6.715897 1
-36.708718 -19.309013 -6.159597 4
-37.238218 -19.860613 -5.492897 9
-37.561718 -19.946123 -4.606697 1
-37.869318 -20.329963 -3.628597 3
-37.799218 -20.304293 -2.659297 3
-38.153518 -19.437413 -3.070797 3
-37.698618 -18.711773 -3.524597 8
-37.603718 -18.531373 -2.554697 3
-38.490918 -18.483773 -2.104797 3
-38.888418 -17.984453 -2.812497 9
-39.074518 -18.953313 -3.099597 3
-40.060418 -18.746713 -3.085497 10
-39.768018 -18.245323 -2.316997 3
-39.496318 -18.290393 -1.382997 3
-40.278818 -17.698683 -1.148897 15
-41.166518 -17.982503 -0.952797 9
-41.742218 -18.419833 -0.349797 9
-41.030618 -17.911963 0.094883 9
-40.020718 -17.874143 0.297973 3
-39.154418 -17.872773 0.773863 5
-38.314718 -18.250403 0.968283 6
-38.589118 -18.760333 0.209253 5
-37.826118 -18.224353 0.066743 6
-37.968818 -18.192903 -0.888597 9
-38.516318 -18.925863 -1.189597 3
-38.671018 -19.551273 -0.454797 5
-38.719318 -19.964673 -1.349497 3
-38.647718 -20.233723 -2.238197 3
-39.548618 -20.120123 -2.645097 3
-40.177518 -20.279783 -3.297397 6
-40.292518 -21.155183 -3.682197 10
-40.505018 -21.053943 -4.624197 1
-41.223918 -20.473283 -4.333197 6
-41.392818 -20.583373 -3.468797 13
-42.185618 -20.991863 -3.729897 13
-41.692118 -21.436823 -4.548597 5
-41.616418 -21.542843 -5.528597 3
-41.566718 -21.832113 -6.441797 1
-40.858218 -22.395813 -5.967297 3
-40.921818 -22.781593 -5.135797 6
-41.096018 -23.690083 -4.899697 4
-40.395618 -24.196183 -4.441597 13
-39.968818 -25.071283 -3.939097 12
-39.460018 -24.193983 -3.850897 4
-39.574518 -24.151683 -2.844897 4
-39.331618 -23.278403 -2.519997 9
-38.833018 -22.498903 -2.176897 3
-38.691918 -21.463373 -2.114197 3
-39.552718 -21.330023 -2.625497 3
-40.135818 -22.097853 -2.300797 6
-40.294418 -22.672283 -1.507897 3
-40.154518 -23.632283 -1.244597 11
-40.361318 -24.367683 -1.816097 8
-39.618918 -24.865883 -1.272597 3
-40.250618 -25.581283 -1.478597 14
-39.803618 -26.031783 -0.788097 1
-38.873118 -26.201083 -0.418697 6
-37.990118 -26.421783 -0.244897 6
-37.311518 -25.734383 -0.152097 1
-37.520918 -25.659383 -1.133597 10
-36.570118 -25.512783 -1.306297 4
-35.865118 -25.607783 -0.559797 1
-34.903218 -25.643083 -0.452997 3
-34.279718 -24.916783 -0.738297 1
-33.616218 -24.479283 -1.302797 6
-34.258318 -23.811683 -1.549997 9
-34.054118 -23.710083 -0.604697 3
-34.769318 -23.128433 -0.190897 9
-35.457618 -23.610483 -0.724197 9
-35.679918 -23.748183 0.190933 3
-35.400018 -24.442583 0.866373 15
-36.004818 -24.634483 1.639213 1
-35.859518 -23.692583 1.371463 1
-35.218118 -22.972473 1.396323 3
-34.547918 -22.637533 0.778553 3
-34.499018 -21.636533 0.486443 3
-33.861618 -21.046703 0.031403 5
-33.419918 -21.242383 0.797963 3
-33.512918 -20.201253 0.815743 10
-32.581918 -20.220863 0.788643 8
-32.397318 -20.070953 -0.165797 8
-32.855318 -19.937463 -1.093397 5
-33.404418 -20.692793 -0.955697 5
-33.874418 -21.402423 -1.401597 13
-34.438618 -22.015533 -1.842097 9
-35.140018 -21.529533 -2.451597 9
-36.048918 -21.229033 -2.808797 3
-36.184418 -21.262373 -3.841497 3
-35.795318 -22.134623 -3.895397 6
-36.500318 -22.658613 -3.703197 3
-36.076218 -22.538813 -2.831797 3
-35.329918 -22.602593 -2.260497 9
-34.874218 -23.096013 -3.070297 13
-34.055818 -22.982083 -2.492597 10
-33.298718 -23.292073 -2.003797 11
-32.757718 -23.038633 -1.227697 3
-33.082718 -22.202893 -0.815797 13
-33.965518 -22.544503 -0.801597 13
-34.725518 -21.950893 -0.711397 9
-35.576118 -21.442833 -0.453297 9
-35.820518 -21.557383 0.460023 3
-35.180018 -20.876663 0.573773 3
-34.543618 -20.156393 0.409283 5
-34.232518 -19.153163 0.461993 15
-34.505418 -19.200993 -0.444097 5
-35.180618 -18.590583 -0.784697 5
-35.962418 -18.823313 -0.266097 6
-35.831718 -18.366873 0.705603 3
-36.606118 -17.801993 0.779803 4
-36.894218 -18.645803 0.455853 6
-36.703118 -19.288233 1.176513 6
-37.279618 -19.316613 1.908003 8
-38.201718 -18.940393 1.771953 6
-39.042018 -18.807033 2.235913 3
-38.218718 -19.104963 2.783623 6
-38.605718 -20.113713 3.054683 1
-37.982518 -20.847133 3.038823 1
-38.182218 -21.554453 2.423903 1
-37.966618 -22.210973 1.816233 4
-37.927918 -22.418603 0.888943 1
-37.171718 -22.421403 0.222773 10
-37.784818 -22.343933 -0.645097 3
-38.660118 -22.467653 -1.113297 3
-38.509318 -23.101573 -0.424097 10
-37.979618 -23.544003 -1.153497 1
-37.250518 -23.402703 -1.837197 1
-36.971318 -22.549153 -2.228897 3
-37.757418 -22.447233 -2.690697 3
-37.745618 -22.438233 -3.629497 3
-37.934618 -22.518713 -4.569997 1
-38.390218 -21.772113 -4.845397 14
-39.034918 -22.474343 -4.513897 9
-38.868218 -22.872143 -3.671797 3
-39.725718 -22.412143 -3.697697 4
-39.272618 -21.551353 -3.929397 3
-39.387318 -20.945273 -4.765697 5
-38.878018 -20.476623 -4.109097 3
-39.407218 -19.690203 -4.260497 4
-40.171318 -20.054153 -4.765397 10
-40.770118 -19.289593 -4.810797 11
-40.794618 -18.687953 -4.074897 9
-41.432818 -18.173203 -4.623197 5
-41.562318 -18.094143 -3.665597 9
-40.996618 -17.671133 -3.031797 6
-40.365218 -17.269673 -3.632597 12
-39.487418 -17.398763 -4.017497 10
-38.827818 -16.706253 -3.900497 6
-38.939918 -16.151223 -3.098397 8
-38.871618 -15.146273 -3.238197 10
-38.158518 -14.816743 -2.751697 3
-37.811018 -15.712523 -2.675197 9
-37.040818 -15.607493 -3.278197 4
-36.185318 -15.376603 -3.662897 10
-35.811118 -15.020333 -2.862997 13
-35.692418 -16.010233 -2.743897 10
-35.462718 -15.469063 -1.878097 13
-35.805818 -15.404983 -0.884097 4
-35.833918 -14.579773 -1.383197 1
-34.931118 -13.978253 -1.209597 13
-34.571618 -13.765393 -0.343697 6
-35.563318 -14.100043 -0.168297 4
-35.013018 -14.813023 -0.600797 13
-34.438618 -14.729993 0.113853 6
-35.205318 -15.022653 0.726073 4
-35.881618 -15.689163 0.800683 4
-36.358518 -15.998753 0.061503 4
-35.921918 -16.616053 -0.577897 3
-35.113718 -17.177353 -0.310097 5
-34.737418 -16.459103 -0.885597 1
-33.861018 -16.828253 -0.774997 1
-33.984218 -17.452363 -1.449697 5
-33.660418 -17.011603 -2.208397 13
-32.874118 -17.604793 -2.363997 3
-32.032818 -17.133893 -2.205797 10
-32.580518 -16.525973 -2.734597 13
-31.822018 -16.693023 -3.374897 9
-31.399218 -16.369563 -2.582497 10
-31.221318 -15.691753 -1.991697 10
-31.077218 -15.134143 -2.791197 6
-30.419818 -14.499061 -2.578697 11
-30.036618 -15.259403 -2.108197 10
-29.521118 -15.600463 -2.902297 10
-29.770218 -15.011793 -3.559997 3
-30.159118 -14.470665 -4.198597 4
-30.501618 -13.911087 -3.436797 11
-30.877718 -13.224645 -2.828597 4
-30.250718 -12.941001 -3.530597 11
-30.654918 -13.116194 -4.411297 8
-31.267318 -12.596186 -3.823997 4
-31.631718 -13.454895 -4.088197 4
-31.394218 -14.396593 -3.803797 6
-32.263018 -14.584243 -3.282197 13
-31.614718 -13.992138 -2.811997 4
-31.445718 -14.439198 -1.967897 10
-31.889418 -14.985863 -1.312397 1
-32.296318 -14.815403 -2.219897 13
-32.493818 -15.810743 -2.047497 13
-32.321118 -16.396983 -1.252597 10
-32.731418 -17.244003 -1.070397 6
-33.218718 -18.030653 -0.874397 5
-33.452118 -18.850243 -0.489297 5
-32.735318 -18.899773 0.262373 1
-32.191018 -18.301203 0.804563 3
-31.735918 -17.722243 0.209103 1
-31.666718 -17.090963 -0.519497 10
-31.800918 -17.896273 -1.178297 4
-30.878418 -17.594603 -1.040897 10
-30.593118 -18.520583 -1.115597 15
-31.101618 -19.228703 -0.731197 1
-31.022718 -20.176093 -0.996497 9
-31.127518 -20.985923 -0.364697 6
-31.068818 -21.803913 -1.000797 8
-31.684818 -21.460433 -1.703497 13
-31.197918 -21.350453 -2.513197 1
-31.475418 -21.348793 -3.419897 9
-31.927318 -22.236783 -3.620997 12
-32.756618 -22.602393 -3.965597 4
-32.170218 -22.556573 -4.691897 4
-31.503518 -21.869043 -4.921297 3
-31.157618 -21.011213 -4.559897 4
-30.396618 -21.180423 -5.237797 13
-30.485718 -22.135333 -5.461397 10
-30.003618 -22.199523 -4.680197 11
-29.369518 -21.762823 -5.266797 2
-28.961518 -20.996683 -4.939397 13
-29.333618 -20.911083 -4.101397 13
-29.958218 -20.234033 -3.986997 3
-30.249818 -19.570493 -4.743197 5
-29.629718 -19.456053 -5.501197 4
-30.003418 -19.146143 -6.409197 10
-29.689518 -19.586603 -7.200597 15
-30.334918 -19.090503 -7.770497 4
-30.182718 -18.459093 -8.410297 4
-30.813218 -18.772023 -9.099497 1
-30.190918 -19.430003 -8.922997 3
-29.949918 -20.340583 -9.116997 10
-30.341318 -21.035833 -8.542197 10
-30.291818 -20.278833 -7.869397 1
-31.175418 -20.105213 -8.304697 4
-32.171618 -20.001473 -8.146997 1
-31.938618 -20.679493 -7.524697 6
-32.366218 -21.121873 -6.654597 1
-32.579418 -20.246643 -6.347497 9
-31.862718 -20.128053 -5.794597 1
-32.358318 -19.775983 -4.982597 1
-33.120218 -19.404603 -5.442197 1
-33.340118 -18.641143 -6.063197 10
-33.018518 -17.747853 -5.928797 4
-33.017818 -17.835013 -4.961497 3
-33.710618 -17.376683 -4.479997 6
-33.795518 -17.456623 -3.534197 13
-34.336618 -17.705613 -2.768997 13
-33.776218 -18.375293 -2.266497 5
-32.698318 -19.502843 -3.215197 8
-32.515418 -19.485633 -2.267297 5
-31.575818 -19.413943 -2.101797 4
-31.006318 -19.160323 -2.826697 4
-30.826718 -18.337033 -2.319497 3
-30.717618 -17.349903 -2.340497 10
-30.313318 -17.255173 -3.157797 10
-30.658118 -17.274303 -4.098997 13
-30.407118 -16.345393 -3.808197 10
-30.518418 -16.504583 -4.745397 1
-30.407018 -15.588903 -4.555597 11
-29.485818 -15.579413 -4.795797 4
-29.354018 -15.306033 -5.751297 1
-29.124818 -14.659503 -6.395997 4
-29.731218 -13.989438 -6.559397 15
-29.357118 -13.275045 -6.021797 3
-30.034318 -12.610649 -5.676697 4
-29.208918 -12.63059 -5.119797 6
-29.645418 -13.380096 -4.739397 11
-28.715518 -13.619649 -4.969297 5
-28.589718 -14.384759 -4.357197 11
-27.665318 -14.407779 -4.280197 9
-27.393818 -14.545613 -5.190897 4
-26.905018 -14.579533 -6.035397 6
-27.109018 -15.497153 -6.374597 10
-26.578718 -16.342223 -6.574697 13
-26.018518 -15.758823 -6.983897 13
-25.660718 -15.602433 -7.838597 8
-26.170118 -16.126883 -8.488097 10
-26.861218 -16.370483 -7.851697 9
-27.495918 -16.965083 -8.214597 13
-26.926218 -17.554923 -8.708097 10
-27.196218 -17.453413 -9.643597 1
-27.276518 -17.593153 -10.550097 13
-27.108618 -18.498353 -10.217997 4
-27.602218 -18.665263 -11.082297 5
-28.274418 -18.818163 -11.782897 3
-28.801018 -19.467123 -12.236197 12
-29.084818 -18.911853 -12.942597 10
-29.844118 -18.516923 -13.312197 6
-29.791518 -17.941763 -14.083097 4
-29.863918 -18.745373 -14.583397 1
-29.092918 -18.909293 -14.118197 15
-28.153718 -19.156253 -14.158797 10
-27.484118 -18.489683 -13.903697 4
-27.074718 -19.306543 -14.110697 3
-27.018418 -20.202003 -14.535797 10
-26.116818 -20.397383 -14.838497 1
-25.597118 -20.627863 -15.647097 1
-24.761518 -20.224103 -15.675197 3
-25.535218 -19.543393 -15.775897 4
-25.937518 -18.742203 -16.114597 1
-25.407218 -17.843823 -16.283497 4
-26.296818 -17.417773 -16.228797 1
-26.094518 -17.523053 -15.280297 1
-25.104818 -17.192303 -15.348597 4
-25.262218 -16.328323 -15.710597 5
-24.269918 -16.248863 -15.447297 10
-23.742218 -16.003583 -14.681097 10
-23.138718 -15.550153 -15.360497 3
-22.359218 -15.477313 -15.988997 9
-21.451918 -15.612133 -15.612697 4
-21.369618 -14.945863 -16.393897 13
-21.614218 -14.374763 -17.144797 6
-21.359718 -13.90055 -17.899997 6
-20.854418 -13.467393 -18.586097 11
-21.757418 -13.201751 -18.885397 13
-22.173018 -12.298313 -19.118297 1
-22.916018 -11.948143 -18.602397 11
-23.216518 -11.647693 -19.488497 4
-22.597918 -11.721503 -20.203397 10
-23.119818 -11.382573 -20.955597 13
-23.093018 -10.597093 -20.382897 13
-23.999518 -10.141973 -20.179797 4
-23.874718 -9.545363 -20.933097 10
-24.743518 -10.072093 -20.776397 8
-25.711718 -9.987853 -20.999397 8
-26.411318 -10.279893 -20.379397 12
-27.340818 -10.657513 -20.362597 4
-27.250318 -11.070763 -19.517397 6
-27.905618 -10.397753 -19.259897 3
-28.598818 -9.656843 -19.237797 4
-29.557118 -9.602723 -19.358997 10
-29.819118 -8.836783 -18.830197 10
-29.253418 -9.140773 -18.106997 6
-28.833718 -9.813683 -17.632297 4
-29.329318 -10.512613 -18.077397 13
-28.830318 -11.198613 -17.558397 1
-29.593918 -11.772183 -17.406497 13
-29.648318 -10.919183 -16.926597 10
-29.566018 -10.913163 -15.940497 4
-29.520518 -11.841903 -16.352397 1
-28.722318 -11.547293 -15.945697 3
-28.572418 -11.534523 -14.936897 10
-28.508518 -11.584573 -14.011997 4
-27.860618 -11.254793 -13.419497 5
-26.946218 -11.320403 -13.085297 13
-26.275118 -11.315553 -12.326297 4
-26.285418 -10.375283 -12.416397 1
-27.087718 -10.114143 -11.849197 1
-27.973918 -9.895003 -12.084197 9
-28.813818 -10.353253 -12.068497 10
-28.938318 -11.296563 -11.869897 6
-29.876018 -11.216343 -12.034097 4
-30.232018 -10.819623 -11.240397 13
-30.687818 -9.986813 -11.093497 11
-31.626418 -10.248083 -11.113197 9
-31.848218 -10.020833 -12.044697 10
-31.268718 -9.263183 -12.227397 10
-31.241218 -9.659553 -13.109197 4
-31.030418 -10.628373 -13.012697 3
-30.345818 -11.309253 -13.289797 4
-29.701718 -11.839193 -12.821897 9
-30.583518 -12.059683 -12.550297 6
-31.532318 -11.908653 -12.077697 10
-32.210618 -11.269713 -12.029497 15
-33.079418 -11.147193 -11.542097 7
-32.583618 -11.507963 -10.794697 5
-32.471918 -12.466683 -10.504797 4
-33.003518 -13.034659 -10.014197 4
-33.387118 -13.394055 -10.806597 8
-32.742018 -13.566051 -11.524697 5
-32.529518 -13.861131 -12.376397 3
-33.062218 -14.504074 -12.960097 5
-33.923718 -13.992348 -12.800997 13
-34.022118 -13.499132 -13.653997 4
-34.828418 -14.104671 -13.802397 9
-34.531218 -14.991433 -13.515297 10
-34.569918 -15.308543 -12.635997 13
-33.766718 -15.088953 -12.082497 1
-33.096518 -15.688873 -11.684997 10
-32.562718 -16.459403 -11.397697 1
-32.879218 -17.073013 -12.147697 4
-32.917118 -18.076403 -12.062697 1
-33.038118 -17.673333 -11.192797 10
-33.978018 -17.257753 -11.132797 6
-34.821218 -17.240473 -10.661897 6
-34.436818 -17.249553 -9.712097 12
-34.835418 -18.172093 -9.628197 3
-35.323818 -18.456873 -8.863997 4
-34.710318 -18.827463 -8.186997 10
-34.555518 -18.357373 -7.384297 1
-34.186618 -18.171803 -6.473597 1
-34.773318 -17.424573 -6.205897 10
-34.661918 -16.447463 -6.215697 1
-34.459218 -15.726833 -6.793197 4
-35.057418 -15.059193 -6.430597 11
-34.766318 -15.252013 -5.544697 4
-34.990618 -15.828643 -4.708097 10
-34.893018 -15.834953 -3.691897 13
-33.988218 -15.596323 -3.491997 13
-33.336218 -16.362983 -3.413497 13
-33.068218 -15.918913 -4.321597 3
-33.570818 -15.060603 -4.462197 14
-33.531418 -14.601113 -3.661597 13
-33.274718 -14.038289 -4.467797 10
-32.747318 -13.424988 -3.923597 4
-32.667018 -12.460373 -4.100297 4
-33.376818 -12.869569 -4.591497 8
-34.244918 -12.948604 -4.926297 11
-34.125618 -12.000743 -4.961397 10
-35.104418 -11.849713 -4.713797 5
-34.467618 -11.392953 -4.157697 15
-33.578818 -10.975453 -4.297897 10
-33.547818 -10.075563 -4.462197 9
-33.040218 -9.615823 -3.796497 5
-32.261418 -10.157653 -3.896397 13
-31.845118 -10.298823 -3.056297 4
-31.243418 -9.589363 -3.360297 6
-30.912418 -9.660543 -2.438397 10
-31.025618 -10.430003 -1.892997 4
-30.711418 -11.349943 -1.834997 4
-29.772018 -11.270293 -1.672297 9
-30.122418 -10.883623 -0.870297 4
-29.226918 -10.437153 -0.874497 10
-28.491818 -11.088283 -0.906297 6
-27.987918 -11.132363 -1.768697 13
-27.768718 -10.180783 -1.632497 4
-27.539618 -10.132613 -2.598297 1
-27.353318 -9.187153 -2.528497 7
-27.548318 -8.280323 -2.336497 8
-28.110818 -7.628393 -1.872197 10
-28.331818 -7.650253 -0.932397 13
-28.961318 -8.026653 -0.267897 5
-29.334618 -7.392293 -0.883297 1
-30.089718 -7.388853 -1.449797 3
-30.669918 -8.094363 -1.643697 10
-31.174318 -8.861403 -2.062297 1
-31.610118 -9.534053 -1.550597 10
-32.395718 -9.633573 -1.007797 1
-32.307518 -10.501303 -1.260197 4
-32.378018 -11.517863 -1.146397 4
-32.893118 -11.163853 -1.873897 10
-33.812518 -11.260963 -1.953397 12
-34.334918 -11.560283 -2.843997 14
-34.876518 -12.300573 -3.233397 6
-34.603818 -13.186177 -3.246997 11
-34.201118 -13.969875 -2.820197 13
-34.019918 -14.089467 -1.890197 13
-33.132318 -13.855307 -1.563197 6
-32.218618 -13.757417 -1.314497 4
-31.256018 -13.773798 -1.116597 10
-31.151018 -12.804785 -1.024497 4
-31.375118 -12.035903 -1.510497 4
-30.668018 -12.538833 -2.001997 3
-30.154518 -13.397244 -1.780297 11
-29.765418 -14.292394 -1.801297 10
-30.099118 -13.983185 -0.891697 10
-30.011618 -13.020946 -0.536397 4
-29.965418 -12.955533 0.460563 5
-29.973418 -11.938783 0.200933 4
-29.745518 -12.063843 1.118833 10
-28.969418 -12.60012 1.024933 5
-28.477118 -12.756816 0.249423 1
-28.098918 -13.434705 0.824643 1
-27.812518 -13.480537 1.815453 9
-28.733718 -13.299139 1.849003 5
-28.959518 -13.070083 2.720673 10
-28.371518 -12.217473 2.530673 4
-28.410118 -11.292453 2.752753 15
-29.197618 -11.335113 3.277763 3
-28.893918 -11.372183 4.158853 13
-28.672818 -10.443633 4.150893 15
-28.590318 -9.589813 3.780133 1
-28.582018 -8.618083 3.912693 13
-28.117518 -8.494773 3.120343 10
-27.884918 -9.067253 2.402763 9
-28.156918 -9.951803 2.028603 10
-28.594418 -10.194943 2.846493 13
-29.558018 -10.413913 2.513343 9
-29.252218 -10.129503 1.636703 1
-30.114618 -10.442673 1.267213 13
-30.476618 -11.147593 0.679833 6
-31.076618 -11.522873 0.027703 4
-31.619018 -12.020913 -0.515397 4
-32.023618 -12.79187 -0.082557 4
-32.023818 -13.72096 -0.240297 3
-31.138918 -13.727871 0.303463 4
-30.371118 -13.827632 0.879003 5
-29.963818 -14.25707 0.023503 4
-29.024318 -14.363809 -0.458997 10
-28.859518 -15.157553 0.074113 6
-28.380418 -15.957993 0.365783 8
-28.140518 -16.881993 0.097653 4
-27.274818 -16.847723 -0.321597 7
-27.855018 -16.100303 -0.656397 4
-28.705718 -15.680723 -1.056897 10
-28.108118 -15.174113 -1.601697 8
-28.978618 -15.085483 -1.959397 10
-29.095218 -14.594743 -2.828197 11
-28.209918 -14.709403 -3.300397 13
-28.409418 -15.724503 -3.730797 10
-27.920118 -16.209453 -4.457097 1
-27.344518 -16.814853 -4.839797 1
-27.671018 -17.717083 -4.857897 1
-28.329818 -18.388213 -4.610597 6
-28.591118 -17.526333 -4.157597 1
-29.023718 -17.675683 -3.225897 13
-29.389818 -16.937803 -2.813997 10
-28.370818 -16.772043 -2.966397 4
-28.040718 -16.109773 -2.348997 12
-28.490018 -16.741423 -1.786297 10
-27.910918 -17.388223 -1.429097 4
-28.745918 -17.736483 -1.715097 6
-29.714218 -17.627093 -1.884297 1
-30.179918 -16.868093 -1.502097 10
-30.368018 -15.949453 -1.418497 10
-29.596618 -16.173613 -0.773497 10
-29.430318 -16.241343 0.187703 14
-29.431218 -15.886943 1.092603 15
-28.951018 -15.574883 1.875413 4
-29.115118 -14.755313 1.507503 3
-29.904918 -14.188101 1.779073 5
-29.876918 -14.560273 2.662553 13
-30.429818 -13.968796 3.347853 4
-30.368718 -13.333581 2.572883 5
-31.245318 -13.162203 2.849413 15
-32.001918 -12.596177 2.504223 13
-32.498718 -11.811753 2.734543 13
-32.400718 -11.920763 1.717643 4
-33.319518 -11.592823 1.307173 10
-32.876518 -11.035233 0.595673 4
-32.059818 -10.936533 0.060603 4
-31.376518 -10.363393 0.433623 6
-30.701818 -9.689633 0.503363 9
-31.634618 -9.379693 0.424053 3
-32.228618 -9.010973 1.051423 4
-32.674918 -8.909233 1.900743 1
-32.938118 -8.533653 2.832973 11
-33.465718 -9.366563 2.659313 13
-33.798818 -10.158093 3.094723 10
-34.784518 -10.086823 3.466383 10
-34.787818 -9.159173 3.365383 4
-35.759218 -9.053113 2.986433 1
-36.384018 -9.693063 2.570723 10
-36.725618 -10.559433 2.426023 7
-36.399518 -11.335503 2.939293 10
-36.966218 -11.816173 2.258313 5
-37.190018 -12.278063 3.171613 9
-36.236518 -12.320413 3.274153 10
-36.481918 -13.254609 3.521723 13
-36.123818 -14.114053 3.162123 4
-36.381718 -14.882863 3.637093 4
-36.119318 -15.111883 4.547443 13
-35.506518 -15.698993 5.057623 8
-34.851718 -15.811123 4.332523 7
-34.338318 -16.343513 4.934713 8
-33.629118 -15.799623 4.439623 11
-34.005818 -15.486143 3.593153 9
-33.632718 -15.595443 2.719923 10
-33.396018 -15.332643 1.730003 6
-32.432018 -15.701513 1.936823 1
-31.581018 -15.285243 1.997973 1
-30.673718 -14.895143 1.970933 5
-30.806618 -15.630403 1.339513 13
-30.844218 -16.335363 0.563833 10
-30.620518 -17.277823 0.423543 10
-30.302718 -18.054333 0.875703 4
-30.706018 -18.465353 1.647203 4
-31.159118 -18.692473 2.425273 3
-31.882818 -19.347673 2.417883 1
-32.427818 -18.712523 1.910543 10
-32.984518 -17.907993 1.835823 1
-33.667018 -17.263183 2.207413 4
-33.753518 -17.053473 1.267873 5
-32.817718 -16.774693 1.099953 1
-32.688418 -15.961153 0.539643 6
-32.030418 -16.205463 -0.133997 13
-31.378818 -15.796353 -0.839297 10
-30.492818 -15.514253 -0.401897 10
-30.877818 -14.986853 0.400243 4
-31.226018 -14.481338 -0.361997 10
-32.043718 -14.764473 0.177133 7
-32.908918 -14.733913 -0.170697 6
-32.829118 -14.921093 -1.127297 4
-33.279118 -15.068053 -1.955497 13
-33.924818 -14.915383 -2.640397 13
-34.659018 -15.533753 -2.559097 13
-34.474518 -16.142613 -1.845497 13
-33.671118 -15.967583 -1.318897 13
-33.992918 -15.521753 -0.440597 6
-34.416518 -16.045903 0.262593 10
-35.119318 -16.390023 0.826603 4
-35.454518 -16.610593 1.726253 4
-36.277918 -17.019123 2.026973 10
-36.355318 -16.069843 1.844623 4
-36.906018 -16.246703 2.618403 15
-36.236718 -16.051153 3.285393 9
-35.413318 -15.986533 2.793803 4
-35.452318 -15.326413 3.505173 5
-35.028318 -15.065963 2.728933 4
-34.781418 -14.408079 3.318373 9
-34.912018 -13.823661 2.544443 10
-35.398618 -14.465936 1.989133 4
-34.630918 -14.555543 1.434363 4
-33.737918 -14.394675 1.331743 6
-33.916918 -13.392446 1.438223 10
-33.281818 -12.689123 1.832433 10
-33.430718 -13.41082 2.444483 3
-33.258118 -12.547044 2.910043 10
-33.055118 -13.138183 3.728803 11
-33.779318 -13.757516 3.491833 1
-34.440518 -13.065469 3.530053 10
-35.341618 -13.450976 3.697073 10
-35.364218 -14.122199 4.367903 11
-34.820118 -14.564233 5.122613 1
-35.564118 -14.581583 5.734483 7
-35.493518 -13.625615 5.499443 1
-35.548218 -12.773112 5.027773 10
-36.348318 -12.443163 4.512823 10
-36.873318 -13.215002 4.733823 12
-37.168618 -12.449203 5.214283 10
-38.000018 -12.861719 5.094623 1
-38.117418 -13.797075 5.392743 7
-37.652918 -14.032262 4.585003 10
-38.038518 -14.870593 4.510883 5
-37.614718 -14.817383 3.642863 13
-37.121418 -14.716453 2.848463 4
-37.054718 -15.182013 1.964823 4
-36.227918 -15.036603 1.490143 4
-36.950218 -14.525755 1.074283 4
-37.680618 -13.981172 0.863673 7
-37.833518 -13.228731 0.204493 3
-38.081218 -14.013432 -0.352597 13
-38.927818 -14.610273 -0.450697 7
-39.468318 -14.135736 -1.028097 8
-39.548718 -14.287791 -2.044997 5
-40.261118 -14.857473 -2.337797 9
-40.552718 -14.074802 -1.894797 4
-41.017418 -14.130061 -2.746197 7
-41.656818 -13.708702 -3.315797 13
-41.131518 -12.884853 -3.173397 10
-41.128818 -12.054953 -2.815997 1
-40.835118 -11.643153 -3.614597 12
-39.812618 -11.581893 -3.777597 1
-39.394518 -11.728493 -2.930997 4
-38.827218 -11.310853 -2.234697 1
-39.132018 -10.614583 -1.685097 10
-38.289218 -10.947623 -1.266597 6
-37.999818 -11.877993 -1.177397 9
-37.231818 -12.386033 -1.164097 10
-37.311718 -12.616574 -2.094297 11
-36.695018 -13.34621 -1.964697 10
-35.812818 -13.714427 -2.163097 13
-35.396818 -13.783445 -2.986297 13
-35.894318 -12.95066 -2.921897 15
-35.665118 -12.58312 -2.063697 13
-35.654118 -12.788442 -1.147997 15
-34.750218 -12.335783 -1.207597 10
-34.239718 -11.523223 -1.005497 3
-33.389518 -11.931503 -0.906297 4
-33.748318 -11.643293 -0.063327 4
-34.643118 -11.733013 0.428203 10
-34.649918 -10.900013 -0.014837 5
-33.846918 -10.397783 0.309373 4
-33.356818 -9.591023 0.523613 11
-33.944518 -9.428133 1.307573 1
-34.092118 -10.349123 1.509423 8
-34.461118 -11.274203 1.594633 10
-34.847418 -11.964553 2.126643 10
-35.215018 -12.734987 1.717703 10
-34.963818 -13.490006 1.175523 4
-35.028718 -12.642042 0.718203 10
-35.793318 -13.054725 0.576983 4
-36.624818 -12.834389 0.290713 1
-36.556918 -13.799599 0.141873 4
-36.763518 -13.808737 -0.776197 1
-37.041718 -14.740543 -0.770897 7
-37.374418 -14.916413 0.183513 4
-38.120618 -15.130893 0.852253 1
-38.730618 -15.847893 1.125403 3
-38.687718 -15.564083 1.986553 5
-38.045518 -14.836343 2.093413 6
-37.536218 -14.01257 2.075123 4
-37.130018 -13.323775 2.655563 5
-36.264218 -13.093803 2.489893 10
-36.368718 -13.215035 1.500723 4
-36.467818 -12.243013 1.330063 10
-36.420418 -11.304633 1.489543 10
-36.052818 -10.359943 1.699423 7
-35.488118 -11.017113 2.153423 10
-35.159518 -10.119503 2.264603 10
-35.603818 -9.380063 1.772833 9
-36.210018 -8.594263 1.731363 7
-36.810318 -9.061073 1.100173 6
-36.722818 -8.661063 0.187923 4
-35.932118 -8.492093 -0.311897 3
-35.953818 -8.025243 -1.137997 13
-35.751018 -8.563193 -1.905897 10
-34.952618 -8.456883 -2.498097 1
-34.358318 -7.945173 -3.128097 10
-34.557818 -8.654433 -3.755397 4
-33.892018 -8.148413 -4.161497 13
-33.288018 -7.512713 -4.426997 9
-32.884318 -8.276073 -4.012997 4
-32.307818 -8.789153 -4.627597 1
-31.503818 -9.409923 -4.548697 1
-31.211418 -10.287293 -4.359897 1
-30.972518 -11.200443 -4.067097 7
-30.282718 -11.814313 -4.090997 13
-29.362118 -11.869643 -3.733697 1
-29.229718 -12.712268 -3.327497 11
-28.622018 -13.470399 -3.057897 11
-27.743318 -13.666763 -3.515297 10
-27.810418 -13.4747 -2.494097 4
-28.266618 -13.050267 -1.768397 10
-29.228518 -13.043682 -1.858597 11
-28.929818 -12.300503 -2.261697 8
-29.828418 -12.056963 -2.544997 7
-30.551018 -12.026753 -3.176497 10
-31.371818 -12.140773 -2.704597 4
-32.252218 -12.225583 -2.274497 4
-32.735418 -11.946353 -3.141897 3
-33.473418 -12.501763 -3.322497 8
-33.706618 -13.148449 -2.647397 13
-32.753618 -13.074681 -2.251197 4
-33.499818 -12.828269 -1.589497 5
-33.727418 -13.331711 -0.723597 6
-32.940218 -12.856828 -0.402197 4
-33.551518 -12.976704 0.289563 10
-32.803318 -12.571346 0.740033 4
-32.815318 -13.544453 1.011193 6
-31.928018 -13.4546 1.494833 13
-31.583118 -12.901036 0.849273 4
-30.994018 -12.128133 1.040633 4
-30.970018 -12.668631 1.850413 5
-30.525218 -12.067133 2.417073 7
-30.546118 -11.256983 1.863413 1
-30.907218 -10.947533 2.717343 5
-31.615318 -10.211533 2.412213 10
-32.522218 -10.631383 2.317783 1
-33.456918 -10.794883 2.392633 10
-33.632618 -11.175933 3.255723 10
-33.773818 -11.912403 3.802673 9
-34.551618 -11.983473 3.185803 10
-35.403918 -11.641463 3.109323 10
-34.985618 -11.102173 3.751163 10
-34.550618 -11.397543 4.543803 13
-35.317518 -11.685053 4.946573 10
-34.585818 -12.279613 4.888803 10
-33.740918 -12.668063 4.943713 13
-34.003518 -12.501223 5.881043 10
-33.024518 -12.720815 5.973623 15
-32.672918 -13.619848 5.805403 15
-32.816518 -14.304564 6.372143 9
-32.463418 -14.065415 7.239163 15
-32.349518 -14.979703 7.268113 7
-33.177018 -15.386203 7.572213 4
-32.780318 -15.896083 8.254743 4
-33.217518 -15.686273 9.069639 7
-33.412518 -16.605763 9.185412 12
-33.048818 -16.740273 10.05921 10
-32.966218 -17.710383 10.379011 7
-33.069718 -18.036923 11.269923 10
-33.107718 -18.864063 11.842423 4
-33.280018 -18.376753 12.624373 1
-32.672118 -18.042463 13.409703 12
-31.836818 -17.778183 13.777533 1
-31.578318 -18.119323 12.964413 7
-31.696418 -19.011993 13.067013 1
-30.796218 -18.983983 13.484283 3
-31.018718 -19.231923 14.414743 4
-31.223118 -18.462903 14.944453 10
-30.307818 -18.037683 14.960353 11
-30.691818 -17.360983 14.404433 6
-30.293518 -16.691783 15.006913 13
-30.203218 -17.048163 15.914333 7
-29.244118 -16.788223 15.750683 7
-29.173718 -15.996133 16.268223 9
-29.650818 -15.164573 15.917213 10
-29.933018 -15.061673 14.984103 11
-29.957318 -14.123851 15.198643 4
-30.828418 -14.136441 15.574253 13
-31.321518 -13.309304 15.457463 1
-32.014618 -13.899636 15.076043 7
-32.885418 -13.511271 15.280153 14
-33.250818 -12.68205 15.073123 4
-34.103718 -12.627034 14.578563 7
-34.182918 -11.730643 14.719733 12
-33.942518 -10.774663 14.519573 14
-33.746418 -10.621683 13.575833 7
-33.883418 -11.532983 13.318233 12
-34.694118 -10.982673 13.069163 7
-34.300118 -10.710883 12.178893 10
-34.329818 -11.229843 11.414763 4
-33.732318 -10.421273 11.492063 4
-34.343418 -10.350623 10.774946 10
-34.413218 -10.518453 9.787299 10
-33.911718 -10.596943 8.932661 13
-33.909818 -10.307673 8.059063 12
-34.550318 -9.921493 7.342923 12
-35.075818 -9.224823 7.015253 1
-35.518518 -9.110023 6.130813 7
-36.065518 -9.640483 6.701663 1
-36.319118 -10.649823 6.721123 4
-36.672318 -11.504993 6.423173 10
-37.159118 -11.451243 5.617673 1
-36.897418 -11.594073 4.683453 10
-36.240718 -11.004413 5.023793 10
-36.734218 -10.428493 5.708263 1
-36.812318 -9.443513 5.699463 7
-37.728818 -9.113973 5.629783 3
-37.563618 -8.112773 5.666603 7
-37.029518 -8.383913 6.429863 1
-36.943618 -7.423353 6.703613 7
-37.188318 -7.501263 7.663053 10
-38.151218 -7.479903 7.391893 12
-38.502218 -8.380633 7.423393 1
-38.840518 -8.740363 8.287483 4
-39.571918 -9.261543 7.992453 7
-39.307018 -9.571163 8.879351 4
-38.946118 -10.394853 9.39536 15
-38.795318 -11.327893 9.015528 14
-38.208618 -12.081693 9.251132 7
-37.676518 -12.571162 9.907068 5
-37.057618 -12.352753 10.648404 10
-36.537718 -11.773373 10.080762 9
-36.353718 -10.800573 10.349121 10
-36.602418 -10.706973 9.406705 11
-36.040918 -11.342243 8.906099 1
-35.165718 -11.777323 8.715163 11
-34.347218 -11.434263 8.288243 13
-34.109618 -11.058203 7.390703 12
-35.074618 -11.008933 7.350273 14
-35.434318 -11.360413 6.520803 10
-35.492618 -10.977163 5.646943 10
-35.653118 -10.047463 5.770783 14
-34.997318 -9.574963 5.296303 7
-34.518418 -9.659653 4.466963 10
-35.076918 -8.812633 4.264293 7
-35.376018 -8.210533 3.648143 9
-36.118218 -8.723573 4.077323 7
-35.814018 -9.627263 3.941683 10
-36.367818 -10.425553 4.014193 10
-36.697718 -9.827653 4.714363 7
-37.495618 -9.370913 4.257813 15
-37.240118 -8.570313 3.755923 4
-37.627518 -8.103333 3.020423 7
-36.748818 -8.128353 2.527373 1
-36.647218 -7.122543 2.782223 1
-37.383618 -7.021793 3.511253 1
-37.663618 -6.978173 4.486883 10
-36.966118 -7.654873 4.512163 7
-37.816118 -8.135893 4.476463 7
-38.766518 -8.254253 4.635973 12
-39.398618 -8.913843 4.230593 1
-39.825118 -8.045453 4.684683 1
-39.805418 -7.187193 4.293633 13
-39.478418 -6.285853 4.130603 1
-39.323618 -5.315763 4.215693 10
-38.389518 -5.555503 4.109083 4
-37.498118 -5.488853 4.505423 4
-37.431018 -4.939223 3.637893 12
-36.442418 -5.118313 3.771383 1
-36.287418 -5.976003 4.169453 10
-36.619518 -6.036163 5.131583 11
-36.579818 -6.326343 6.012063 7
-37.212818 -5.595563 6.148933 6
-36.638318 -4.944683 5.766693 10
-35.942718 -4.548803 5.162503 11
-36.327918 -3.623053 5.495433 7
-35.770018 -2.888583 5.697093 10
-35.818018 -2.041983 5.238683 4
-35.144618 -1.594583 4.657613 12
-34.801418 -1.059883 3.944293 7
-34.703418 -1.547283 3.116233 8
-34.079818 -1.843183 2.398273 5
-34.519718 -2.683583 2.350223 9
-34.165218 -3.554383 2.783673 10
-34.066518 -2.834183 3.420593 13
-33.028418 -2.491483 3.216743 10
-32.749018 -1.562083 2.849953 14
-31.964018 -2.101783 2.693123 7
-32.308418 -2.980283 2.455723 10
-32.702018 -3.324583 1.652703 1
-31.736018 -3.518483 1.561493 13
-30.799618 -3.390083 1.187493 15
-30.164118 -3.667083 0.507693 7
-30.321218 -2.705483 0.595053 11
-31.048118 -2.983983 -0.046517 7
-31.481818 -3.163483 -1.007097 1
-31.282018 -3.621243 -1.842297 1
-32.166018 -3.346583 -1.995797 1
-32.834018 -3.840753 -1.374197 10
-33.611718 -3.868923 -0.826297 7
-34.467618 -4.211573 -0.569897 4
-35.014018 -4.967953 -0.831697 1
-34.509318 -5.307533 -1.612797 16
-34.208218 -6.180093 -1.762597 10
-34.780718 -6.741543 -1.135097 6
-35.242318 -6.149153 -0.616797 4
-35.385318 -6.808813 0.116313 1
-36.133018 -6.706853 0.796083 7
-36.016418 -5.909023 1.282193 10
-36.692118 -5.423233 1.768503 7
-35.975118 -4.772303 1.711343 1
-35.087918 -4.474033 1.583583 7
-34.658118 -4.993983 2.297023 10
-34.403718 -5.382623 3.156053 4
-35.106418 -5.175503 3.813853 11
-34.806418 -4.711123 4.630443 11
-34.381718 -4.016053 4.106103 10
-33.635418 -3.530083 4.395193 10
-33.415618 -4.423713 4.237623 14
-33.430218 -4.955393 4.995743 7
-32.629818 -4.458433 4.932923 1
-32.475118 -5.050483 4.247233 10
-32.418118 -5.985483 3.918873 14
-32.331118 -5.400663 3.212973 11
-31.968918 -5.487453 2.305573 7
-31.493518 -4.750363 1.954993 10
-31.049018 -5.549563 1.741863 12
-30.123218 -5.682033 2.157133 1
-30.756018 -6.450253 2.329433 13
-31.098018 -7.361473 2.266493 7
-31.192718 -8.339963 2.334583 7
-31.889918 -8.457783 2.983043 4
-32.338218 -8.988903 3.684323 1
-33.062318 -9.075833 4.327343 9
-33.601918 -9.570783 5.023353 12
-34.192518 -9.000653 5.413083 7
-34.032018 -9.583553 6.189923 12
-34.344718 -10.445003 6.133573 12
-34.311318 -10.464633 5.157563 10
-33.604518 -11.133253 5.009073 10
-32.731418 -11.403523 5.417673 12
-31.772118 -11.404553 5.224693 7
-31.181918 -12.135153 5.158143 15
-30.402918 -11.750853 5.596923 4
-30.056118 -11.550593 6.533223 7
-30.704318 -11.163663 7.163373 7
-31.119518 -11.942263 6.765803 7
-31.311118 -12.729952 6.217673 15
-30.366618 -12.760519 5.991603 1
-30.709218 -13.618434 5.990303 1
-31.708718 -13.715409 5.998023 15
-31.196718 -14.544372 6.157883 1
-30.820318 -14.004664 6.958573 10
-30.308318 -13.472309 7.511843 15
-29.601418 -13.022833 6.994033 7
-29.229318 -12.046253 6.972423 7
-28.456918 -12.567787 7.199673 16
-27.636518 -13.02888 7.000093 1
-26.954818 -12.384773 6.946783 12
-26.694118 -11.592713 7.497203 1
-26.874018 -10.902733 6.891763 12
-27.244618 -10.003053 6.538293 10
-27.859518 -10.116113 7.345123 1
-28.382118 -9.404553 6.972183 3
-29.294218 -9.241213 6.662083 1
-29.248518 -10.187353 6.777493 7
-30.168618 -10.506633 6.674333 7
-30.294718 -9.791313 5.978493 10
-31.011818 -10.197793 5.442283 7
-31.116018 -9.223003 5.168043 12
-31.608818 -8.378643 4.991063 11
-31.002118 -8.565153 4.244723 15
-31.471518 -9.381353 3.965703 16
-31.328718 -10.348723 3.842173 1
-31.927718 -10.688883 4.492163 4
-32.457818 -10.163663 5.113193 12
-32.074818 -9.781473 5.906803 9
-31.293718 -9.398923 6.335233 1
-31.447818 -10.307803 6.793673 7
-32.417418 -10.293463 6.780243 12
-31.977818 -11.111203 6.462013 7
-32.167418 -12.010003 6.326943 15
-31.967718 -12.240013 7.307063 10
-31.262618 -12.173513 7.983513 7
-30.626418 -12.741 8.449723 7
-29.852718 -13.268951 8.683683 5
-30.315718 -13.397458 9.467619 1
-30.811918 -14.128798 9.900387 1
-31.743018 -14.050026 10.23293 1
-31.830318 -13.083494 10.240804 4
-31.508918 -12.818977 9.33018 7
-31.855718 -12.011973 9.703628 7
-32.704718 -12.258613 9.179679 15
-33.229918 -13.093067 8.872773 1
-34.045018 -13.489588 8.655593 1
-34.721118 -13.395151 9.317726 1
-35.192818 -12.610392 9.40292 7
-35.593318 -12.779031 8.564883 1
-35.857918 -12.340933 7.757053 1
-36.689118 -12.495253 7.288053 1
-36.010418 -12.354763 6.665693 10
-36.113118 -13.043337 6.015323 10
-36.005218 -13.587817 6.873553 7
-35.219818 -14.20324 6.807453 12
-34.750618 -13.35438 6.358643 10
-34.194718 -12.837993 7.066023 15
-34.367818 -11.903213 6.799293 10
-33.853818 -11.266243 6.350503 12
-32.982318 -11.155193 6.757173 12
-32.831218 -11.439803 7.639293 7
-33.628518 -11.902103 7.696173 11
-32.977318 -12.237843 7.035423 15
-32.767118 -12.894324 7.741863 15
-32.176818 -12.513963 8.385993 12
-32.017618 -11.611363 8.653063 7
-32.330518 -10.680453 8.549603 11
-31.359118 -10.779013 8.533763 7
-30.642618 -11.217353 8.136723 7
-29.961618 -11.778933 8.419033 7
-29.405218 -12.344793 9.005901 16
-30.017618 -11.920703 9.562599 7
-30.453818 -11.706063 10.461752 13
-30.982318 -11.105773 9.955393 7
-31.099618 -10.835203 10.928183 13
-31.895118 -10.400123 11.312573 16
-31.687618 -9.436333 11.177833 7
-31.060418 -8.754873 11.114133 9
-30.436518 -8.200653 10.658433 16
-29.957618 -8.770243 10.046611 9
-30.051618 -9.630973 9.615586 13
-30.609318 -9.870523 8.883984 7
-31.184818 -9.646373 9.713935 6
-31.784718 -8.881273 9.448251 11
-30.943318 -8.617733 9.013589 15
-31.085318 -9.191923 8.242643 7
-31.995618 -9.316613 8.370303 1
-32.021418 -10.098923 7.768333 7
-32.920418 -9.687433 7.650193 12
-32.266618 -9.247293 7.032503 1
-33.065718 -9.402373 6.387133 12
-33.101118 -8.593953 5.847713 16
-33.743718 -8.408673 6.582723 16
-34.066218 -7.525383 6.487913 10
-34.809918 -7.407253 7.008993 4
-35.743818 -7.304823 6.832823 14
-35.653118 -7.468943 5.892713 7
-36.189418 -8.316693 5.798493 7
-36.051718 -8.031123 4.859413 7
-35.753918 -7.447203 4.123133 12
-35.418518 -6.579513 4.414163 11
-35.321718 -6.422383 5.372513 11
-34.952918 -5.622093 5.671403 11
-34.477018 -5.943773 6.448883 7
-33.615118 -5.745063 6.015363 4
-33.440018 -4.794453 6.265533 1
-32.550118 -4.667983 6.679053 4
-31.842818 -5.176713 6.167703 12
-31.776318 -5.275763 7.106623 7
-32.419018 -5.552943 7.798003 1
-32.972218 -4.917973 8.336833 5
-33.434918 -5.583073 8.89756 15
-33.812818 -5.904133 9.750694 9
-33.590718 -5.208823 10.461077 16
-33.033418 -5.671873 11.062833 7
-32.091318 -5.473703 10.917283 16
-32.081618 -5.504063 11.886173 15
-31.246518 -5.131083 11.674563 1
-30.404418 -5.490043 12.006623 14
-30.981718 -5.520863 12.697443 7
-30.050218 -5.363573 12.971953 10
-30.486718 -5.172413 13.875903 10
-29.881218 -5.759683 14.352493 16
-29.948618 -5.960503 15.294523 15
-28.981718 -6.267623 15.288393 7
-29.162218 -5.451283 15.747583 1
-29.538618 -5.805643 16.588043 10
-29.842818 -4.925463 16.405983 13
-29.613118 -4.617983 17.325803 7
-29.671718 -4.111193 18.108573 10
-29.754418 -4.238423 19.083173 13
-29.209918 -4.062763 19.866893 1
-28.674118 -4.842103 19.923403 12
-28.029518 -5.250153 19.264993 7
-27.122018 -4.868423 19.497473 16
-26.783618 -4.110033 19.853703 12
-25.870018 -3.863813 19.774823 1
-25.768218 -4.766403 19.441863 7
-25.504718 -5.316323 20.149103 1
-24.996118 -5.811523 19.371543 1
-24.822918 -7.277673 18.651543 7
-24.597118 -8.045863 19.154783 7
-23.659318 -8.138413 19.313943 7
-23.749718 -7.463393 19.927303 15
-23.628918 -7.078103 19.076243 7
-23.055218 -6.409233 18.512053 6
-23.648618 -6.715823 17.802783 7
-23.285618 -6.538743 16.859733 15
-22.874218 -5.971663 17.514123 7
-22.376718 -6.801613 17.645453 9
-22.065518 -7.246023 16.866633 15
-21.282618 -7.067753 16.314033 7
-21.631218 -6.334673 15.741793 15
-21.577618 -6.034253 14.848953 4
-20.821518 -5.634933 14.280973 11
-20.231818 -6.161823 13.735293 16
-19.527618 -6.763343 13.636093 1
-19.815418 -6.537283 12.780643 11
-19.030518 -6.016083 12.504293 1
-18.440418 -5.370713 12.055243 11
-18.167918 -5.736403 11.245333 7
-18.544918 -6.494303 10.882143 10
-18.168518 -6.214153 10.033193 9
-18.095618 -6.963473 9.463298 12
-18.309418 -7.399843 10.234514 16
-17.876018 -8.143103 9.827546 13
-18.630018 -8.754553 10.019162 12
-19.504018 -9.184973 10.168015 7
-19.659618 -9.924853 10.808643 11
-20.342918 -10.551353 11.024333 16
-20.828618 -11.404293 11.059083 7
-21.567918 -11.645063 10.550465 4
-22.573618 -11.571303 10.606516 16
-23.326618 -11.468993 9.955799 10
-22.557918 -11.585973 9.362067 7
-22.957118 -12.422793 9.303844 12
-23.590518 -13.063664 8.791653 14
-24.338218 -12.761429 8.258143 5
-24.227918 -11.755193 8.393743 7
-24.269618 -11.017463 8.976215 7
-23.581118 -10.803353 8.290383 1
-22.873518 -10.498093 7.655823 16
-23.196218 -11.195133 7.034453 16
-23.658318 -11.924333 6.564593 12
-23.355918 -12.657287 7.046573 16
-22.712318 -12.281523 7.728683 10
-22.309818 -13.02169 7.238913 12
-22.351118 -13.980414 6.910383 15
-22.934318 -14.525088 7.332013 1
-23.752318 -14.236954 7.936033 10
-24.177118 -14.270795 7.003573 1
-25.117918 -14.33344 7.497993 7
-25.665918 -13.59217 7.730863 1
-25.162118 -13.381882 8.553573 1
-26.070718 -13.170622 8.944745 1
-26.932318 -13.19297 8.264523 16
-27.378718 -12.350823 8.503383 15
-28.215518 -11.818663 8.457713 1
-28.982218 -11.933023 7.877283 7
-28.617618 -11.059813 7.806723 1
-29.271818 -10.991863 8.533113 7
-29.828118 -10.288773 8.208263 7
-28.843618 -10.056323 8.339333 12
-28.030918 -10.138793 8.906728 16
-28.655018 -9.822643 9.547104 7
-29.323618 -10.475513 9.697489 13
-29.067718 -10.062933 10.4714 13
-29.068618 -10.788053 11.150553 13
-29.729218 -11.155213 11.691063 12
-30.293318 -11.316173 12.515373 15
-30.089418 -10.821003 13.336163 7
-29.484318 -10.930293 14.156263 5
-29.092318 -10.186443 13.488103 15
-28.149118 -10.084623 13.242353 7
-27.849618 -9.508313 12.488763 8
-27.389818 -8.924423 13.156533 12
-26.975718 -8.585373 14.074123 1
-26.726918 -9.216333 14.762813 7
-26.454718 -9.694023 15.523793 11
-26.766718 -9.293373 16.383963 12
-25.845818 -9.472133 16.331833 11
-26.190218 -9.747643 17.138733 7
-25.597818 -10.127813 17.780033 12
-24.685718 -9.695953 17.674563 7
-24.947018 -9.247083 16.864653 7
-24.740018 -9.434213 15.867243 11
-24.666318 -9.601783 14.949173 11
-24.387718 -9.719763 14.037943 16
-25.110918 -10.011293 13.419723 9
-25.430418 -9.196793 13.107723 1
-24.648318 -9.267163 12.416803 1
-24.656718 -9.670473 11.569693 7
-25.218318 -10.192083 10.887233 7
-24.856718 -10.939453 11.338963 4
-24.181718 -10.759833 12.035293 7
-23.259318 -10.395373 12.152393 16
-22.694218 -9.814863 12.771973 9
-21.952618 -9.144343 12.777543 5
-22.250218 -8.354243 12.221493 14
-21.558418 -7.945213 12.638983 7
-22.244118 -7.562913 13.189913 16
-22.467018 -6.591413 12.963613 7
-21.694318 -6.076713 12.665663 10
-21.238418 -5.315073 12.209323 15
-20.313918 -5.117703 12.009873 16
-20.486218 -4.890633 12.918793 16
-19.569818 -4.669733 13.175893 7
-19.992818 -4.083793 13.780363 1
-19.782918 -4.855553 14.323713 12
-19.422618 -4.502093 15.189693 7
-20.372118 -4.293703 15.370593 1
-21.368218 -3.996483 15.200433 11
-21.456818 -4.655323 14.504503 1
-22.260918 -5.202613 14.625883 1
-22.956818 -5.815613 14.238863 12
-23.191118 -6.093783 15.152703 15
-23.608318 -5.792463 15.950103 15
-24.237418 -6.122183 15.267733 15
-24.796618 -5.439913 14.825893 7
-25.446118 -5.945733 15.349263 10
-25.880018 -6.637373 14.835643 7
-26.291318 -6.077473 14.164333 16
-27.179218 -6.145263 13.890963 16
-27.240018 -5.307333 13.414023 12
-27.016418 -4.790773 12.623183 7
-26.336618 -4.888163 11.902183 1
-25.627418 -5.132193 11.331083 13
-24.797318 -5.418723 11.727133 12
-23.946318 -5.851843 11.965603 6
-23.499318 -5.051633 11.740193 11
-22.521718 -4.859143 11.766923 7
-21.909018 -5.508263 11.273583 12
-22.305118 -6.368973 11.436653 7
-23.259118 -6.705053 11.377843 16
-24.097218 -6.927663 10.973773 13
-24.801918 -7.502913 11.314123 7
-24.091918 -7.832223 11.756083 11
-23.765218 -8.352193 12.494963 15
-24.661918 -8.025433 12.687283 9
-25.375018 -7.595103 13.162673 8
-24.659418 -6.920373 13.221473 16
-24.155618 -7.626683 13.669413 7
-23.542518 -6.912263 13.862593 12
-23.631718 -7.284523 14.716573 15
-22.723718 -7.000563 14.887313 15
-22.798918 -7.637913 15.592713 15
-23.042118 -8.576463 15.486953 11
-22.663518 -9.475873 15.624173 7
-23.672618 -9.675423 15.536593 11
-23.648518 -9.080213 16.306993 7
-23.541218 -9.916843 16.852603 4
-23.433118 -9.679923 17.791633 7
-23.257918 -10.508313 18.360003 7
-22.325118 -10.711573 18.251173 1
-21.615118 -10.248863 18.754973 1
-21.002918 -9.587853 19.187273 1
-21.491818 -10.111973 19.818343 16
-22.490618 -9.988983 19.622383 1
-23.404918 -9.687433 19.349963 7
-22.999118 -8.935583 19.803013 1
-23.712618 -8.563003 20.345403 7
-24.465818 -8.441953 20.936203 1
-24.598718 -9.324973 20.532603 7
-25.414018 -9.099103 20.909803 11
-25.782718 -9.330323 21.831203 1
-25.422118 -10.082803 22.406103 1
-25.509318 -10.428253 21.565103 7
-24.839118 -10.654613 20.904703 5
-24.474518 -11.162253 20.231603 12
-23.784718 -11.004533 20.934503 15
-23.080418 -10.435363 21.312803 14
-23.349018 -10.129633 20.426903 11
-24.164518 -10.019853 19.916003 7
-25.118118 -9.901003 19.627723 7
-25.259918 -10.895563 19.309873 12
-24.725618 -10.972813 18.425353 7
-25.451818 -11.650793 18.673733 12
-25.736218 -12.159153 17.874653 15
-25.840118 -13.122215 17.740993 16
-25.790418 -13.630377 16.860663 16
-25.140518 -12.907897 16.885863 16
-24.802218 -12.008063 16.993813 1
-25.688618 -11.533613 17.001093 16
-26.411818 -11.019303 17.417713 11
-27.186718 -10.942163 17.914203 12
-27.104718 -10.002473 17.613793 15
-26.783918 -9.808173 18.575773 12
-26.258918 -9.068763 18.706573 7
-26.410618 -8.363173 17.978343 7
-27.283018 -8.626263 18.328313 11
-27.693918 -9.088553 17.603753 1
-28.152718 -9.980413 17.583253 1
-28.136218 -9.537633 18.425433 13
-27.668318 -9.809173 19.242023 12
-28.150918 -9.515623 20.052103 16
-28.533918 -9.926363 20.785403 1
-27.969118 -10.240173 21.495903 8
-27.495818 -10.789133 20.903203 13
-27.107618 -11.281203 20.195103 8
-26.409318 -11.470403 19.571433 12
-26.330818 -10.535993 19.697083 12
-26.891418 -9.980753 20.252203 5
-26.532918 -9.149213 19.768783 9
-26.001918 -8.510053 20.410703 15
-25.375918 -8.499303 19.626153 7
-25.257118 -9.168813 18.878333 7
-24.625218 -8.770903 18.325403 7
-23.678818 -8.909663 18.541333 7
-22.679018 -9.076723 18.580803 12
-22.266018 -8.377063 19.025833 16
-21.689218 -7.775573 19.492653 1
-21.091818 -7.951233 18.766753 1
-21.463318 -8.297933 17.944383 11
-22.339918 -8.573943 17.690433 1
-23.151418 -8.004883 17.448383 7
-23.059218 -7.531983 16.615383 15
-23.657518 -8.091643 16.060103 11
-24.440318 -8.418403 16.484863 7
-25.047218 -8.168093 15.748513 11
-24.712118 -7.280223 15.501923 15
-24.583618 -7.224413 16.479083 15
-24.066718 -7.697943 17.149513 7
-24.766518 -8.034143 17.610543 7
-25.711918 -7.913133 17.351593 7
-26.211618 -7.130123 17.653813 11
-26.289218 -7.194903 18.644723 7
-26.399718 -6.950523 19.608053 16
-27.256118 -6.682363 19.800753 16
-27.819418 -7.444803 19.880803 1
-28.000218 -8.199793 20.407203 1
-28.498218 -8.826623 21.050103 10
-29.298918 -9.347853 21.153303 1
-29.549118 -8.683733 21.735403 12
-29.147918 -8.690983 22.616603 16
-29.855518 -9.191993 23.107603 16
-30.510218 -9.800003 22.740703 1
-30.524818 -10.548043 22.149503 14
-31.087118 -11.105783 21.545903 1
-30.552418 -11.393043 20.653303 1
-29.738918 -11.964833 20.491003 7
-28.998818 -12.313603 19.993003 16
-29.425218 -13.166323 19.968003 15
-29.643118 -13.709809 19.280013 15
-28.916918 -13.394718 18.827203 15
-28.624018 -12.56849 18.470633 1
-28.166518 -12.537743 19.338243 12
-27.840018 -13.283518 18.920293 15
-27.666618 -12.959214 18.027853 16
-26.753618 -12.545156 17.938243 16
-26.735718 -11.806733 18.535443 12
-27.684818 -11.843493 18.471503 1
-27.879618 -11.526783 19.341153 12
-28.818018 -11.181853 19.218623 1
-29.478518 -11.424543 18.560873 5
-30.155718 -12.063353 18.481233 16
-29.491918 -12.141583 17.820543 1
-28.681718 -12.244253 17.376113 7
-27.837618 -11.723693 17.322733 13
-27.383718 -12.470913 16.895243 16
-26.938318 -11.682893 16.627693 16
-27.333718 -10.886203 16.344493 11
-27.885318 -11.640283 16.208263 16
-28.009918 -11.269933 15.355183 8
-28.164618 -12.071043 14.960963 11
-27.389618 -12.552645 14.598213 16
-26.540518 -12.309453 14.878863 16
-26.562018 -11.419183 14.555603 8
-26.174618 -11.044083 15.334623 11
-26.210218 -11.883993 15.817103 16
-26.190318 -12.814619 15.716453 16
-26.807818 -13.281188 16.168633 16
-27.738418 -13.665786 16.223543 1
-28.165518 -14.036955 15.384133 11
-27.943318 -13.131527 15.326133 16
-28.135418 -13.587017 14.413383 1
-27.260318 -13.587616 14.022483 16
-27.041118 -13.939807 13.198333 1
-26.930218 -14.021414 12.245183 1
-26.247318 -13.469261 11.897073 1
-25.831618 -12.686337 12.217033 1
-25.393218 -12.438183 13.069683 7
-25.802618 -12.340473 13.933843 16
-25.923918 -11.406163 13.708153 1
-26.148218 -10.604183 14.157793 1
-25.441018 -9.928423 14.427563 11
-25.175218 -10.814733 14.619193 11
-24.414118 -11.271603 14.119783 15
-24.444618 -12.177383 14.595933 16
-23.846318 -12.868763 14.275723 12
-24.439818 -13.591757 14.081893 15
-24.822918 -13.094302 14.844373 16
-25.712918 -13.317231 14.924343 16
-26.040018 -14.191101 14.709343 16
-25.704618 -14.131986 13.799283 12
-25.986818 -15.036603 13.568103 11
-25.143618 -15.498283 13.727243 7
-24.944718 -16.083863 14.446053 5
-25.939418 -15.906673 14.554473 12
-26.173418 -16.027893 15.463983 5
-25.814418 -15.151583 15.821793 16
-24.892018 -15.198923 15.998033 1
-24.833118 -14.348023 15.490683 16
-25.066118 -14.283427 16.436373 16
-24.406818 -13.635094 16.723863 16
-23.665618 -13.14309 16.322573 1
-22.828718 -13.210817 15.978553 7
-21.946618 -13.011266 16.293023 16
-22.284318 -12.679984 17.096753 1
-22.030018 -11.982953 16.426523 15
-21.704018 -11.600193 15.616623 15
-22.112718 -12.314813 15.041993 16
-22.599718 -12.769423 14.268053 13
-22.410118 -11.964043 13.758733 1
-23.207518 -11.523833 13.921293 16
-22.494518 -11.407983 14.683003 1
-23.212418 -11.299253 15.317863 15
-23.984418 -11.531263 15.817923 11
-24.540918 -12.328213 15.557303 16
-25.360218 -12.225293 16.082063 16
-25.306318 -11.211673 16.096403 11
-25.035718 -10.426423 16.566643 11
-24.566118 -10.770563 17.323753 16
-24.080218 -11.462223 17.732073 1
-24.376018 -12.329893 17.979573 1
-24.886318 -13.053461 18.297853 16
-24.915518 -12.772069 19.258073 12
-23.928418 -12.995926 19.407503 11
-23.632018 -13.086958 20.307003 16
-24.549518 -12.559873 20.278503 12
-24.635418 -12.333533 21.227503 11
-25.496618 -12.153483 20.851003 12
-26.282018 -12.030643 20.345203 12
-26.905418 -12.584392 20.829003 16
-27.835118 -12.952859 20.872803 5
-28.699618 -13.406409 20.920203 15
-29.097618 -13.340858 21.746703 1
-29.571618 -13.356533 22.565303 8
-29.642618 -13.442002 23.575903 5
-30.122518 -12.580297 23.803403 16
-30.534218 -12.615158 22.893203 8
-30.868518 -12.525133 21.996003 8
-31.473018 -13.204913 21.709703 1
-30.717318 -13.881891 21.602003 1
-30.011718 -13.627686 21.029303 7
-29.783918 -14.539369 21.069803 15
-29.486418 -15.321663 20.588603 15
-28.964518 -16.141033 20.705203 13
-28.096918 -16.549813 20.482403 1
-27.562618 -15.831213 20.178903 1
-26.763618 -15.638663 19.685533 1
-26.028118 -16.169743 19.938503 14
-25.302718 -15.527853 19.836953 1
-25.743418 -15.441023 18.985743 1
-25.490418 -14.836093 18.292513 16
-26.112518 -14.0802 18.053633 16
-26.756018 -14.000785 18.830463 1
-26.527618 -13.366722 19.579833 12
-26.044818 -14.170081 19.573873 7
-25.577418 -13.468051 19.123503 12
-24.851518 -14.00385 18.726343 16
-23.828718 -14.228254 18.682623 9
-23.849218 -14.022155 17.742203 16
-22.901318 -14.17942 17.545043 8
-23.289318 -14.965503 17.931673 7
-24.073518 -15.459723 17.574343 15
-24.842618 -15.021163 17.247503 16
-25.572518 -15.649913 16.932543 5
-26.543118 -15.723593 17.036963 16
-27.257118 -15.558573 16.398893 1
-27.420018 -15.320393 15.459653 11
-27.106118 -14.616773 14.832963 16
-27.105818 -14.276845 15.708013 16
-26.877218 -14.322777 16.607343 16
-26.981818 -14.549373 17.520173 16
-27.571818 -15.340653 17.596703 5
-28.505618 -15.382753 17.553953 7
-28.706618 -16.162023 18.016973 1
-28.594118 -15.588053 18.923633 12
-28.908218 -14.756783 19.289783 15
-28.200818 -14.818533 19.884903 15
-28.166018 -14.297745 20.698303 15
-28.065918 -14.377919 21.629703 11
-27.693418 -15.097863 22.142403 12
-27.866518 -14.571513 22.958203 1
-26.856018 -14.443789 22.787903 16
-27.302018 -13.679834 22.407403 1
-27.638618 -12.916004 22.019003 16
-26.720418 -12.510553 22.090303 1
-26.073318 -12.055663 22.710103 11
-25.728418 -11.207313 23.205403 16
-25.457918 -10.886423 23.986103 16
-24.560318 -10.661753 24.367103 7
-24.296118 -10.149353 25.147903 16
-24.782418 -9.536063 25.624003 12
-25.603918 -9.990853 25.810703 1
-26.037418 -9.353673 26.422303 7
-26.058918 -10.112653 27.025803 5
-26.915118 -10.641353 27.199703 16
-27.853318 -10.778543 26.910303 1
-27.356618 -11.628263 26.997403 16
-27.121418 -11.797313 26.086103 1
-27.302518 -12.584287 25.535703 1
-27.424418 -12.939298 26.359103 16
-27.337918 -13.677597 27.071503 16
-27.195718 -12.860748 27.497503 11
-27.287118 -13.555854 28.159103 1
