10.524168 -29.681034 -22.302534 1
11.065268 -28.907934 -22.012734 1
11.539268 -28.592434 -21.191134 2
11.897668 -27.713434 -21.250334 4
11.252868 -26.976634 -21.043234 14
11.787068 -26.277934 -20.657534 1
11.506868 -26.312034 -19.779334 1
10.824168 -26.200834 -19.071434 2
9.877668 -26.417434 -18.777734 3
9.598568 -25.850934 -18.020634 1
9.183568 -25.036234 -17.653934 1
8.275468 -25.025334 -17.554834 1
7.945668 -25.435334 -16.721034 1
7.991968 -26.423234 -16.857434 16
7.957468 -27.341334 -16.577434 12
8.203068 -26.991034 -15.642834 8
7.678768 -26.665834 -15.031234 15
7.374268 -25.657834 -14.959834 2
6.928668 -25.298834 -14.205534 15
6.953368 -24.532734 -14.812734 2
7.010468 -23.546134 -14.985534 2
7.060068 -22.812234 -14.382134 1
7.842568 -22.686334 -14.926534 5
8.269368 -22.176234 -14.292334 9
8.152668 -22.520034 -13.436134 13
7.682468 -22.602234 -12.543734 1
8.103268 -21.697834 -12.560834 8
7.536468 -21.125734 -13.090434 11
6.746568 -20.614734 -13.255634 9
6.117068 -19.971734 -12.833134 14
5.523968 -20.492434 -12.200134 1
5.614868 -20.040634 -11.308934 2
6.054968 -20.796834 -10.824634 2
5.529668 -21.528934 -11.216034 2
4.714368 -21.453534 -11.791734 6
4.936268 -21.825234 -12.612934 14
4.155568 -21.603834 -13.014534 12
3.193368 -21.571334 -13.071334 6
3.371968 -22.131634 -12.311434 2
2.854168 -21.809234 -11.525734 6
2.741468 -21.311034 -10.724234 8
2.305738 -20.797634 -9.979134 14
3.026968 -20.165934 -9.849934 14
3.211168 -19.888534 -8.998734 14
3.983168 -19.570234 -8.586634 14
4.897568 -19.270834 -8.862934 5
5.738868 -19.915134 -9.119734 2
6.214268 -19.524734 -8.419634 5
6.737368 -20.233034 -8.763234 2
7.666368 -19.982534 -9.059934 3
7.067368 -20.255134 -9.742434 2
7.007968 -21.066634 -10.278534 2
7.478168 -21.794234 -9.903234 2
7.888168 -22.176734 -10.654434 5
6.915668 -22.424234 -10.634834 1
6.753068 -22.570934 -9.677334 11
6.043468 -21.839634 -9.595634 2
5.391768 -21.481234 -10.174034 2
4.642668 -22.043534 -10.451034 1
3.958468 -22.795034 -10.397134 7
3.141368 -22.579234 -10.003134 15
2.495108 -21.865934 -9.922034 2
2.323528 -21.365234 -9.107934 14
2.367788 -21.556234 -8.184634 9
2.831668 -20.633534 -8.170534 14
2.037358 -20.122734 -8.033134 14
1.538288 -19.902334 -7.189034 8
0.958088 -20.349634 -7.807034 8
1.335528 -20.841134 -8.592534 14
0.636528 -21.469834 -8.402134 2
0.348138 -22.260934 -8.894934 1
1.250258 -22.445834 -9.088234 1
1.013228 -23.327334 -8.823434 1
1.616548 -24.073734 -8.826234 1
2.167948 -24.169834 -9.612834 9
1.648608 -24.136634 -10.462834 8
2.610458 -23.920234 -10.596334 10
3.521168 -23.857534 -10.334034 2
3.409168 -24.688634 -9.816734 1
2.997668 -25.305534 -9.245934 6
3.458068 -24.842634 -8.493534 15
3.508368 -24.171734 -7.822134 1
3.435468 -23.174834 -7.753934 12
3.519468 -22.302734 -7.548434 2
3.413868 -21.651134 -8.266034 14
3.418268 -22.339934 -8.914034 11
4.164468 -21.678534 -8.961034 14
5.081768 -21.581834 -8.795534 8
5.959768 -21.172834 -8.651634 2
6.630568 -21.685634 -8.151534 2
5.794068 -21.739134 -7.581034 1
5.108468 -22.232434 -7.145734 7
5.082468 -22.961334 -6.561034 3
5.384368 -22.602134 -5.699934 1
6.300168 -22.690134 -5.982334 1
6.443868 -22.914934 -6.940934 2
7.220468 -23.365534 -6.503934 1
7.873668 -23.657134 -5.767934 2
7.257768 -24.366234 -5.542634 1
6.989568 -24.230934 -4.647034 1
6.981968 -23.342234 -4.342034 14
7.887568 -23.083034 -4.597634 2
8.125268 -22.259034 -5.110434 1
7.649768 -22.425434 -5.901934 1
7.545968 -21.509134 -6.187634 1
7.154868 -21.384034 -7.057934 2
6.527568 -20.964634 -6.529734 14
6.134568 -19.969934 -6.492134 2
5.434568 -20.430634 -6.986234 5
4.817068 -20.935534 -7.620434 14
3.810668 -21.220934 -7.428434 2
3.423768 -20.353434 -7.262934 14
4.054668 -19.737034 -7.559334 14
4.646468 -18.916234 -7.751434 5
3.759268 -18.712234 -7.969034 14
3.198368 -18.869934 -8.786934 14
3.368668 -17.922034 -8.866534 2
4.176968 -18.445334 -9.073034 14
4.885468 -18.224634 -9.676434 11
5.201868 -17.611634 -8.938834 5
4.894768 -16.994634 -8.258934 1
4.095368 -16.611334 -8.643334 2
4.814068 -16.149134 -9.025634 8
4.697968 -16.349434 -9.953434 15
3.770868 -16.290434 -9.513234 2
3.786268 -16.052434 -10.371234 9
3.684668 -15.202234 -10.749234 15
3.536168 -14.445534 -10.209834 2
4.057268 -14.967334 -9.612034 2
5.061068 -15.031734 -9.369434 8
4.584568 -14.606434 -8.605634 2
5.404968 -14.882834 -8.204734 8
5.588068 -14.366134 -7.377734 1
5.472468 -13.494134 -6.870634 6
5.663368 -13.241834 -7.786234 15
5.431568 -13.773634 -8.546434 8
4.824568 -13.578734 -9.318634 2
4.337568 -13.605434 -10.151934 2
5.204668 -13.930234 -10.416934 12
5.023668 -13.224434 -10.981834 6
5.412168 -13.656034 -11.819034 2
5.452168 -14.506434 -11.570834 14
5.844668 -15.139534 -10.972934 14
6.012068 -15.158734 -10.073034 8
5.760168 -16.045534 -10.296634 2
5.910668 -16.942934 -9.793634 1
6.611368 -16.961134 -9.157034 12
6.678568 -16.097734 -9.583034 8
7.353968 -16.123434 -8.809734 3
6.993668 -16.153834 -7.915834 9
7.167468 -16.639534 -7.051734 1
7.678268 -17.354634 -6.444234 2
7.580668 -18.101934 -7.122234 2
6.598768 -18.150434 -7.222134 1
5.847568 -18.757634 -7.276334 5
5.203868 -18.291734 -6.760634 1
5.116568 -17.791334 -7.617434 5
4.241268 -17.666634 -7.888434 1
4.370668 -16.977734 -7.133934 6
3.426068 -16.874434 -7.339734 11
3.204368 -16.351834 -8.107734 2
2.753268 -15.840634 -8.818134 2
2.269388 -16.250634 -9.501834 2
1.720498 -16.711634 -10.109334 1
1.940668 -17.500734 -10.656734 5
2.649678 -17.329134 -10.027434 2
3.099968 -18.290534 -10.114334 14
3.855768 -18.217534 -10.672134 15
3.807468 -18.999634 -11.198634 6
4.692568 -19.237934 -10.860634 3
4.824668 -19.480634 -9.991434 14
5.586768 -19.972634 -10.242434 2
5.058968 -20.473634 -9.636134 2
4.156068 -20.281634 -9.409734 14
4.009068 -20.343834 -10.288334 2
3.462668 -20.175634 -11.087934 15
3.074668 -19.409334 -10.660634 14
2.523988 -19.784834 -11.368234 15
2.011938 -19.582534 -10.573534 14
1.546548 -18.792034 -10.262934 14
0.873248 -18.214634 -9.875134 5
0.660348 -17.395434 -9.391034 9
1.228268 -17.521934 -8.621834 2
1.096708 -18.451634 -8.476134 8
1.734038 -18.457334 -9.224834 14
2.283578 -17.718234 -8.835734 2
2.872268 -17.558834 -8.128334 2
2.660188 -18.187734 -7.376934 1
1.967798 -18.639034 -6.694934 1
1.068248 -19.077134 -6.623834 8
0.287408 -18.604234 -6.870334 8
-0.096422 -18.578934 -5.962534 9
-0.979002 -18.159834 -6.090134 2
-0.360312 -17.896134 -6.837634 8
-0.509842 -17.050734 -6.393334 14
-0.088872 -16.368934 -5.930934 2
0.286308 -15.745234 -5.402934 7
0.543868 -15.090034 -6.067234 14
1.299568 -14.724734 -6.580634 2
1.800468 -14.168634 -5.987534 1
2.088468 -14.088634 -6.893634 2
2.819668 -14.170634 -7.506534 2
3.390968 -14.249634 -6.719034 1
4.174068 -13.735134 -6.412334 3
4.352568 -13.505334 -7.372734 4
4.017268 -13.318534 -8.272734 2
3.741668 -12.853534 -9.015434 2
3.899468 -11.912934 -9.028634 1
4.155068 -11.291934 -9.708134 3
4.872868 -11.898534 -9.935434 1
5.701068 -11.647534 -9.443234 10
5.243668 -11.137834 -8.709334 2
6.110868 -11.262734 -8.216834 1
5.782568 -12.113134 -8.498634 2
6.598768 -12.408334 -8.827434 3
6.761168 -13.048634 -8.148034 14
6.554868 -13.828534 -8.563234 6
6.518368 -14.728634 -8.250834 8
6.848868 -15.087934 -9.129134 8
7.813468 -15.294834 -9.098034 2
7.914668 -15.376334 -10.147034 6
7.900368 -16.330134 -10.023734 14
8.182968 -16.196734 -10.958834 1
7.998168 -16.098334 -11.909134 2
7.973868 -15.107834 -11.515534 12
7.883568 -14.229634 -11.918034 8
7.247668 -13.829734 -11.368534 1
7.191668 -13.065234 -10.852934 1
6.419768 -12.454834 -11.023634 9
7.108468 -12.087934 -11.535434 8
7.614268 -11.325734 -11.143334 2
7.545268 -10.413334 -10.993934 2
7.517368 -9.413734 -10.938534 7
7.393268 -9.805134 -11.857434 14
6.718868 -9.445734 -12.445334 1
5.978268 -8.839434 -12.832534 14
5.190268 -9.289634 -13.111134 3
4.740868 -8.499934 -13.452934 3
3.987268 -9.143534 -13.630434 2
3.513168 -9.908734 -13.969734 1
3.520368 -9.622034 -14.970834 11
3.637568 -10.600234 -15.093334 5
4.521768 -10.702734 -14.591734 15
5.438968 -10.886834 -14.527634 3
5.359068 -11.265434 -15.389634 2
5.261368 -12.199334 -15.692834 2
6.238368 -12.209134 -15.876934 14
6.421068 -12.549234 -15.029834 2
7.297868 -13.016334 -14.971034 3
7.277268 -13.931734 -14.652234 2
6.853868 -14.364034 -15.377134 12
6.070568 -13.706534 -15.438934 5
5.266368 -13.446434 -14.926234 1
4.893368 -14.005734 -15.649834 8
4.048068 -14.032534 -16.236334 2
3.618568 -13.323934 -16.667534 14
2.823968 -13.826434 -16.424034 1
2.663598 -14.642834 -15.884634 14
2.169968 -15.369734 -15.475734 1
2.055528 -15.091634 -14.541134 1
1.987008 -14.351134 -13.978834 2
2.478238 -13.733634 -13.479134 1
2.952968 -13.113834 -14.049334 1
3.818668 -13.221834 -13.750234 14
3.363468 -13.429234 -12.945634 3
3.833868 -14.283034 -12.819934 4
3.843568 -15.174834 -12.980834 2
3.161968 -15.420034 -12.318534 2
2.845868 -15.039834 -11.518934 1
2.258548 -14.187334 -11.300334 14
1.888768 -13.648034 -10.589334 6
2.149858 -14.517434 -10.321034 2
1.897158 -15.490834 -10.296234 2
1.229198 -15.623834 -11.016234 9
0.295948 -15.651234 -10.476134 9
1.058168 -15.405834 -9.778134 2
0.061848 -15.417934 -9.575634 9
0.035768 -14.424834 -9.436334 9
0.817738 -14.208834 -10.001734 6
1.211088 -14.432134 -9.085934 2
0.970398 -15.233934 -8.621734 9
1.796318 -15.574634 -8.237334 2
1.398298 -16.046734 -8.943934 2
0.442888 -16.245534 -8.934634 9
0.136068 -17.089334 -8.524134 6
0.883488 -16.703534 -8.055734 2
1.083178 -17.250334 -7.311734 8
1.959078 -17.517234 -7.562434 2
1.321498 -18.281134 -7.440734 8
2.044698 -19.056134 -7.728334 6
2.114678 -19.234934 -8.664034 14
1.220258 -19.586534 -8.680934 8
1.517418 -19.653634 -9.646334 14
0.569258 -19.607634 -9.656334 6
-0.383102 -19.987834 -9.687634 3
0.050208 -19.843334 -8.855634 3
-0.017422 -20.184134 -7.942634 8
-0.169292 -20.743734 -7.121734 8
-0.252022 -21.095334 -6.231534 2
-0.373412 -20.112534 -6.171634 8
0.520068 -20.142234 -5.837534 3
1.336798 -20.411634 -5.292634 12
1.483638 -19.746634 -4.677834 2
1.052818 -19.032534 -5.296734 2
1.946848 -18.654934 -5.012334 3
2.693848 -18.017734 -4.837434 14
1.928188 -17.417134 -5.039534 1
1.077698 -17.641334 -5.652434 12
1.128608 -16.648734 -5.569334 3
1.294898 -16.460334 -6.500434 10
1.533538 -16.172334 -7.429134 2
2.501338 -16.204234 -7.400634 2
2.454428 -16.756534 -6.549734 3
2.276838 -15.786834 -6.361134 2
3.031668 -15.359534 -6.736334 2
3.184968 -14.831434 -5.903834 1
2.467878 -15.031234 -5.305834 9
3.240068 -14.478934 -4.923734 8
4.054068 -13.926534 -5.058034 1
3.571768 -13.286134 -5.462434 1
4.040568 -12.712034 -4.782534 9
3.346968 -12.195034 -4.370334 2
3.214068 -11.829034 -5.297634 3
3.016868 -12.512134 -5.942034 8
3.526668 -12.233534 -6.785534 14
2.812968 -12.938534 -6.905634 1
2.913368 -12.858134 -7.871334 2
2.374278 -12.720734 -8.595134 2
2.303378 -12.637834 -9.543034 1
3.047068 -13.192534 -9.831534 8
2.814868 -14.116334 -9.649334 2
3.044168 -14.717534 -8.857534 2
3.662868 -14.519934 -8.132334 2
4.397368 -14.838534 -7.600334 7
3.823368 -15.573534 -7.502834 2
4.740068 -15.689534 -7.242434 3
5.495668 -15.692434 -6.607234 6
6.328368 -16.010134 -7.057134 6
6.818968 -15.215434 -7.401734 1
7.071768 -14.974334 -6.500634 8
7.464068 -14.101234 -6.384334 1
7.958568 -13.398634 -5.964234 14
7.861668 -14.004034 -5.174134 1
6.949268 -14.221134 -5.154334 6
6.880968 -13.402834 -4.662834 3
6.554968 -12.610934 -4.133034 2
6.862368 -11.904234 -4.792034 9
6.689668 -11.394334 -4.021034 8
7.473968 -11.349334 -3.423634 14
7.505768 -12.390234 -3.475434 8
8.065568 -12.972134 -4.080234 14
8.690968 -12.479134 -3.555434 2
8.674968 -11.529334 -3.866334 3
8.905668 -10.746334 -3.426934 14
8.852268 -10.347334 -4.365734 3
9.476768 -9.962034 -5.044134 9
10.310668 -9.369934 -5.041134 2
10.137868 -8.450234 -5.232634 12
9.847568 -8.245334 -6.201634 2
8.870268 -8.164834 -6.123234 8
8.021768 -7.891734 -6.354334 1
8.406168 -7.033234 -6.303734 2
7.501768 -6.863634 -5.959334 2
7.060368 -6.371434 -5.211234 1
7.141668 -5.798234 -6.001134 3
6.334868 -6.298634 -5.996134 1
6.492268 -6.652034 -6.867134 1
6.548968 -6.823634 -7.842934 3
5.677168 -6.759834 -8.204234 9
5.020268 -6.172034 -8.571934 2
4.530668 -6.771434 -7.979634 9
4.511268 -7.616534 -7.473634 1
3.646268 -7.389634 -7.876534 2
2.784668 -7.409034 -8.316734 10
2.798368 -7.214034 -9.307334 2
2.189838 -7.069334 -10.051134 6
1.722168 -7.193034 -9.227734 8
1.763838 -6.477534 -8.555034 6
1.188898 -6.095734 -7.871134 2
0.425768 -6.302934 -8.411734 6
0.533618 -7.221534 -8.745534 2
0.851438 -8.131134 -8.602534 12
1.103888 -8.640834 -9.372134 2
0.254818 -9.112534 -9.451734 3
-0.238782 -9.319234 -8.649734 8
-0.602702 -10.138534 -8.229034 2
-0.037202 -10.670434 -7.625634 6
0.779318 -10.353534 -7.962234 14
0.501678 -10.886334 -8.680034 8
1.087628 -11.326434 -9.350334 3
1.076318 -12.069134 -8.744334 4
0.615258 -12.513734 -9.486834 14
1.282698 -13.092834 -9.040834 3
2.000098 -13.853634 -8.878034 2
2.090048 -14.503934 -8.223434 2
1.317558 -14.411034 -7.711634 2
0.770648 -13.593834 -7.685434 1
1.241768 -12.949434 -7.085134 2
0.612858 -13.040734 -6.314934 1
0.511568 -13.596834 -5.595134 12
-0.242712 -13.367134 -5.038634 8
-0.845412 -12.737334 -5.383034 1
-1.678672 -12.222234 -5.292634 14
-2.266572 -13.013834 -5.144034 1
-2.088962 -13.073534 -6.144334 3
-2.577282 -13.940934 -6.248234 2
-3.278822 -13.906234 -6.916434 2
-2.877052 -14.127434 -7.718834 9
-2.093982 -14.693434 -7.672834 2
-1.839572 -14.705834 -8.654934 9
-2.046882 -14.679234 -9.542934 9
-2.633942 -15.202534 -9.036234 9
-2.861562 -15.691034 -8.186034 6
-2.742012 -15.742134 -7.230734 14
-3.150532 -16.093934 -6.407534 14
-3.330402 -16.725634 -5.749334 2
-2.992792 -17.588334 -5.676034 3
-2.490062 -17.908534 -4.881634 6
-1.733522 -17.962034 -4.155934 2
-1.844842 -18.923234 -4.496334 1
-1.772902 -19.693034 -5.065834 3
-2.237602 -19.366034 -5.842334 10
-1.572312 -19.856634 -6.329934 8
-1.993092 -20.505834 -6.852334 2
-1.802752 -20.116934 -7.709134 8
-1.041682 -20.568834 -8.125834 8
-0.676662 -21.330534 -8.557834 1
-1.097432 -22.192034 -8.904134 2
-1.243572 -22.899934 -9.509734 3
-0.762102 -23.242334 -10.268634 2
-0.749842 -23.791734 -11.071034 3
-0.543912 -24.558034 -10.567334 1
-0.151852 -25.356134 -10.829334 8
-1.012622 -25.659634 -10.621934 2
-1.380282 -26.540134 -10.968634 2
-1.530342 -26.701434 -10.034434 3
-2.416682 -26.859834 -10.389734 6
-2.510632 -27.738834 -9.976234 8
-2.623902 -27.490234 -9.072234 3
-3.124682 -28.294834 -8.967134 14
-3.580282 -28.531734 -9.740234 3
-4.034672 -29.172034 -10.358234 14
-4.906782 -29.590434 -10.370434 2
-4.470802 -30.446934 -10.482934 2
-4.464992 -31.359034 -10.156134 3
-4.153652 -31.495434 -11.060134 14
-3.881632 -31.038634 -11.935234 2
-4.468832 -31.298034 -12.580634 4
-4.226032 -31.436434 -13.542134 6
-3.777792 -31.841334 -14.283634 7
-4.689222 -32.121634 -14.268434 7
-5.556352 -31.662534 -14.465034 13
-6.477205 -31.680434 -14.199434 5
-6.903545 -31.985834 -13.410434 3
-6.772024 -31.014834 -13.226934 2
-7.383005 -30.335134 -13.525834 3
-7.829177 -30.756134 -14.287834 2
-8.543442 -31.135534 -14.801934 6
-9.124492 -31.672734 -15.368134 3
-9.848772 -31.101934 -15.282034 5
-9.058102 -30.813234 -15.870034 1
-8.819212 -30.050434 -16.373534 2
-7.939774 -29.817034 -16.628634 10
-7.777545 -29.306034 -17.505634 1
-7.360071 -29.383534 -18.405434 3
-6.480486 -29.394834 -18.694334 1
-6.076682 -29.351334 -19.604934 9
-6.960077 -29.835634 -19.590834 8
-6.980566 -30.565734 -20.213834 3
-6.265522 -31.011534 -19.762334 9
-6.137722 -31.124734 -20.668834 3
-6.038562 -30.826034 -21.551334 1
-6.452795 -31.628734 -22.011134 1
-7.195736 -31.081234 -22.204234 3
-6.990026 -30.111534 -22.079434 8
-7.93919 -29.704634 -22.089434 3
-7.741607 -28.980534 -22.669734 9
-7.858268 -28.154434 -22.237734 10
-8.704402 -28.101334 -21.645334 14
-8.281942 -27.471334 -21.077934 1
-8.847952 -26.807934 -21.567434 3
-8.394062 -26.089734 -21.176934 12
-8.724012 -26.149134 -20.303434 3
-8.440782 -25.203534 -20.605934 3
-8.097173 -24.318134 -20.752334 1
-7.262003 -24.037634 -21.137634 5
-7.3679 -24.070934 -22.107434 9
-7.001088 -24.121634 -23.052334 9
-6.120542 -24.588334 -23.281534 14
-5.185062 -24.852834 -23.231134 2
-5.644772 -25.373634 -22.557434 3
-5.050592 -25.253634 -21.754734 2
-4.664752 -26.110734 -21.633034 10
-4.084742 -25.810534 -20.997334 4
-3.888042 -25.296034 -20.116734 13
-4.716182 -24.874034 -20.425534 1
-5.193602 -25.257534 -19.611634 6
-5.758352 -26.138834 -19.824434 2
-4.819562 -26.310934 -19.834434 2
-4.459672 -27.018334 -19.325434 3
-4.086792 -26.568534 -18.573234 10
-3.687842 -25.666534 -18.378134 3
-3.782742 -26.012734 -17.490734 8
-4.363122 -25.238434 -17.657834 3
-4.390382 -25.189834 -16.684434 1
-5.289832 -24.867334 -16.858434 1
-6.220132 -24.626234 -16.946634 1
-6.607269 -23.812634 -17.322734 3
-6.115432 -23.336134 -16.644134 10
-6.550807 -23.534234 -15.821334 7
-7.032236 -22.810934 -15.501834 9
-6.50661 -22.211434 -14.866934 4
-6.045872 -21.546634 -14.362234 3
-6.093872 -20.999434 -15.090934 13
-6.204272 -20.196634 -14.571234 9
-5.960422 -20.495434 -13.676434 3
-5.464622 -20.468234 -12.781034 6
-4.599022 -20.745234 -12.484734 6
-4.252832 -19.961034 -11.940334 6
-3.921822 -19.354834 -11.268134 3
-4.645072 -19.843334 -10.857834 6
-4.913662 -19.852234 -9.911034 9
-4.296522 -19.720634 -9.271634 8
-3.773032 -18.934134 -9.134234 3
-3.195122 -18.278534 -8.870934 12
-3.623012 -18.561634 -8.023434 3
-4.588432 -18.768434 -7.962434 5
-4.545822 -19.115034 -7.085534 10
-3.680992 -19.583534 -7.105534 5
-3.071942 -19.971434 -7.731934 10
-2.364262 -19.303634 -7.315834 14
-1.445982 -18.966134 -7.430534 8
-1.694652 -18.061934 -7.183234 3
-2.367532 -17.403834 -6.848334 3
-2.041402 -16.618234 -7.168134 14
-1.767882 -16.116234 -7.902634 5
-1.100092 -15.500934 -8.177334 9
-0.656632 -14.731234 -7.781734 3
-0.687422 -14.135134 -8.553634 9
-0.723382 -13.490734 -7.845134 5
-1.611592 -13.726834 -7.608434 1
-2.072402 -13.378934 -8.347534 9
-2.020672 -12.429634 -8.301834 3
-1.323992 -12.746034 -8.888334 9
-1.232792 -11.884834 -8.838734 1
-0.943562 -11.461134 -9.634734 1
-1.530862 -10.634134 -9.532234 1
-1.722892 -11.186834 -10.249834 3
-1.905052 -10.193234 -10.402534 1
-2.644372 -10.135934 -11.106234 3
-2.940902 -9.276834 -10.893634 1
-3.847902 -9.391234 -10.572234 3
-4.773192 -9.014034 -10.717834 1
-5.614192 -8.535234 -10.850234 4
-5.177372 -8.829434 -11.661734 4
-4.783642 -9.683234 -11.543234 3
-4.463072 -9.933234 -12.386034 3
-4.964372 -9.951434 -13.278034 6
-4.986442 -10.028134 -14.209234 15
-4.071192 -10.300434 -14.131834 13
-3.830872 -11.146034 -13.667034 3
-3.554162 -11.392734 -14.475734 10
-3.205092 -12.352334 -14.372534 3
-2.894222 -13.200934 -14.730034 6
-3.377282 -13.666634 -14.014934 6
-4.106792 -13.440434 -13.448934 13
-3.564932 -12.879234 -13.003734 6
-4.264922 -12.342934 -13.395434 3
-4.983652 -11.629234 -13.511634 11
-4.611292 -11.017734 -12.836234 3
-4.105582 -10.904334 -11.971834 3
-4.323772 -10.635434 -11.083034 3
-4.789992 -10.750834 -10.242234 5
-5.448542 -10.447634 -10.897634 3
-5.821262 -9.596234 -11.015634 4
-6.301553 -10.050134 -10.297434 4
-6.333813 -11.027734 -10.260234 5
-7.010675 -10.588334 -9.710134 9
-7.585727 -10.242634 -9.011134 8
-8.452962 -10.273134 -9.391234 8
-8.895872 -10.458934 -8.559534 12
-9.543002 -11.040734 -8.160834 1
-8.880972 -11.424634 -7.566034 9
-8.621022 -11.859834 -6.724234 3
-7.868203 -12.459834 -6.928234 9
-7.636965 -12.619134 -7.841034 1
-8.332682 -13.300034 -8.152634 10
-8.780292 -13.510834 -8.963434 1
-8.507962 -12.820834 -9.591534 6
-7.672018 -12.941634 -9.088034 1
-7.124762 -12.197334 -9.337734 3
-6.258132 -12.188134 -9.003134 5
-6.113482 -12.182834 -9.983834 5
-6.250402 -12.567134 -10.775434 2
-5.981552 -12.062834 -11.576834 1
-5.845252 -11.518134 -12.394334 3
-5.194202 -12.188934 -12.616434 6
-4.665682 -11.744234 -12.009934 3
-5.065792 -11.496634 -11.139234 3
-4.859032 -12.016634 -10.381334 5
-4.444622 -12.960534 -10.404234 10
-3.490042 -12.651934 -10.612634 3
-2.840332 -11.868134 -10.679334 3
-2.824822 -12.352334 -9.816934 13
-2.371912 -13.004634 -9.266434 9
-2.388062 -13.668834 -9.947434 9
-2.008022 -13.407934 -10.713134 3
-1.508382 -14.203834 -10.306834 9
-0.677322 -13.891734 -9.959334 9
0.053408 -13.280534 -9.917134 13
-0.177012 -12.967734 -10.769834 14
-0.968562 -12.487234 -10.742334 9
-1.864072 -12.238934 -10.737534 3
-1.931472 -12.127434 -11.787134 3
-1.679462 -13.103434 -11.736634 3
-1.039042 -13.679934 -12.131234 1
-0.314522 -14.279134 -12.476934 4
-0.411532 -14.712434 -11.604734 9
0.417248 -14.754934 -11.089034 9
0.504538 -14.096234 -11.764534 1
-0.062042 -13.276034 -11.882134 6
0.579668 -12.683434 -12.287834 8
0.158598 -12.106334 -11.508734 1
0.854598 -11.379834 -11.643934 3
0.261068 -10.782434 -11.079334 4
0.081018 -9.946834 -11.712334 1
-0.683122 -10.348534 -12.076534 6
-1.237392 -11.113434 -11.995634 3
-1.721102 -10.339634 -12.000734 3
-2.014992 -9.453434 -12.092034 1
-2.661382 -10.182234 -12.296234 3
-3.124942 -10.829434 -11.806634 3
-3.215412 -10.899134 -10.871034 3
-3.474692 -10.618034 -9.963334 8
-3.325082 -10.858834 -9.022434 5
-3.595892 -11.785134 -9.026534 6
-4.294592 -11.632034 -9.692134 5
-4.685892 -11.623034 -8.811434 5
-5.558822 -11.918534 -8.449334 5
-4.844752 -12.647734 -8.439234 9
-4.616402 -12.317734 -7.486034 3
-4.566172 -13.027234 -6.802834 11
-4.761662 -13.509334 -7.623334 3
-5.419482 -14.206534 -7.867134 10
-5.914482 -14.571334 -8.591734 1
-6.191262 -15.477934 -8.751134 12
-7.113263 -15.385634 -9.063334 3
-8.049048 -15.463634 -8.951034 10
-8.449622 -16.371134 -8.893134 1
-8.330772 -17.276034 -8.751034 3
-7.984887 -17.694134 -7.907334 1
-7.502335 -18.468634 -7.623534 4
-7.462187 -19.161134 -8.279834 3
-7.821941 -19.609234 -7.545934 15
-7.549555 -19.526334 -6.674834 3
-7.009959 -20.195934 -7.196834 8
-6.86631 -20.588534 -8.061634 9
-6.526629 -21.386234 -8.428534 3
-6.724164 -21.220434 -9.375034 14
-5.823522 -20.887834 -9.695334 3
-5.416732 -20.712134 -10.590634 6
-5.543742 -21.412234 -11.253534 6
-5.887142 -21.574234 -12.090934 9
-6.392852 -20.793434 -11.821334 6
-6.686387 -20.047434 -12.304934 3
-6.429409 -19.172634 -11.969334 4
-5.641692 -19.443534 -11.423234 13
-5.092202 -19.441234 -12.213634 6
-4.466482 -18.734934 -11.916334 9
-3.859152 -19.206734 -12.534334 6
-3.090612 -18.732634 -12.139134 3
-2.385592 -18.173034 -11.763534 3
-1.458772 -18.309034 -11.560834 3
-0.724682 -18.464334 -10.946234 9
0.186088 -18.777134 -10.991534 5
-0.217462 -19.440434 -11.508034 9
-1.214742 -19.480134 -11.607834 3
-1.552332 -20.297634 -12.035834 1
-1.266732 -19.719534 -12.667534 3
-0.860882 -20.377434 -13.269934 9
-0.659942 -20.851534 -14.037334 3
-0.427592 -21.825234 -14.024334 1
-0.285182 -22.721634 -13.709634 1
0.379568 -22.584634 -14.436734 5
-0.205922 -23.022834 -15.177534 13
-0.766572 -22.394234 -15.647834 1
-1.380512 -22.072734 -14.852234 10
-1.990392 -21.373334 -14.926434 1
-2.457962 -21.464534 -14.037134 3
-2.581312 -20.541034 -13.900534 5
-1.874422 -19.929434 -13.534434 4
-2.182742 -19.018734 -13.481234 3
-1.472672 -18.879334 -14.071634 8
-1.456242 -18.335534 -13.294434 3
-1.507832 -17.915234 -12.459334 3
-0.700922 -17.617634 -12.123334 3
-0.113182 -17.749034 -11.313734 6
0.127698 -17.657734 -10.352534 5
-0.382292 -17.543734 -9.573934 9
0.086078 -18.203434 -9.049834 15
0.043888 -18.922934 -8.435434 8
-0.332392 -18.902634 -7.581934 8
-0.807982 -18.321534 -8.136434 4
-1.135242 -17.443034 -8.051034 6
-0.824592 -16.558034 -8.210334 3
-0.571722 -16.026834 -9.018534 9
-0.824172 -15.779834 -9.973034 9
-1.533262 -16.383734 -9.923634 1
-2.041302 -17.042734 -10.478134 3
-2.742062 -16.824934 -9.924134 13
-2.537632 -16.212334 -9.199434 9
-2.043432 -16.988334 -9.031534 4
-2.209512 -17.182534 -8.039534 3
-2.249272 -18.069234 -8.580934 14
-2.378632 -18.517834 -9.429834 13
-2.816292 -19.359234 -9.237634 9
-2.620452 -19.956934 -9.994834 5
-2.668292 -19.145034 -10.458234 3
-2.262342 -19.061534 -11.280234 3
-2.634812 -19.689034 -11.867034 9
-2.866192 -19.438434 -12.864434 3
-3.564602 -19.505034 -13.545234 6
-3.148512 -18.640634 -13.660934 3
-2.902642 -18.836634 -14.524634 3
-3.523142 -19.295734 -15.019834 1
-4.302772 -19.791134 -14.701134 10
-3.896382 -20.425934 -13.954234 6
-4.236852 -21.098634 -13.361734 6
-3.404822 -21.453034 -13.015034 1
-2.759292 -21.108934 -12.315434 3
-3.458062 -20.819934 -11.777234 6
-3.344672 -21.674034 -11.257534 3
-2.624732 -21.203434 -10.748134 15
-2.528192 -21.407534 -9.799134 1
-1.718122 -20.846834 -10.147034 10
-1.349422 -19.905734 -10.134934 11
-1.138512 -19.430534 -9.363534 8
-1.327512 -18.613534 -9.943134 3
-1.405422 -17.655634 -9.675534 6
-1.208202 -17.617134 -10.659234 3
-0.944592 -16.677634 -10.743634 9
-0.055802 -16.674134 -11.013134 9
0.882568 -16.954634 -11.210334 5
0.451748 -16.903834 -12.081734 13
0.083648 -16.845834 -13.016534 3
0.730518 -17.545934 -13.265034 6
0.126978 -18.183034 -12.756134 3
0.771468 -18.184734 -12.063534 5
1.466408 -18.736634 -11.719634 5
1.586868 -19.655234 -12.060534 10
1.536838 -20.571334 -11.728434 1
1.248378 -21.342134 -12.199634 1
0.756158 -20.798234 -12.781434 9
0.600498 -19.997134 -13.375434 4
-0.041462 -19.297734 -13.077434 3
-0.426452 -18.595534 -13.530234 3
-0.180772 -18.381834 -14.410634 1
-0.080712 -18.377034 -15.370034 8
-0.730122 -17.658934 -15.171234 9
-1.081352 -17.638234 -14.268934 3
-0.222552 -17.185334 -14.224134 3
0.504848 -17.253934 -14.790634 4
1.364468 -17.745534 -14.804334 1
1.989108 -18.643734 -14.757834 3
2.488308 -17.899634 -14.415034 1
2.848568 -17.309034 -13.785834 3
3.243768 -17.495134 -12.925134 6
2.585818 -16.944034 -12.425634 5
2.760468 -16.146834 -13.003234 9
1.952328 -16.591134 -13.397034 15
1.454558 -16.836534 -12.562334 5
1.090058 -16.006234 -12.857734 10
0.209158 -15.640134 -12.703734 9
-0.158602 -15.907234 -13.559434 3
-0.946342 -15.277434 -13.783534 6
-1.291082 -15.815634 -13.006034 3
-0.764112 -15.507434 -12.277034 9
-0.682612 -16.421934 -12.009934 9
-1.325032 -16.839634 -12.603034 3
-1.813492 -17.356634 -13.258634 3
-2.053422 -16.954834 -14.083434 3
-1.814732 -17.014334 -15.024134 6
-1.484092 -16.972734 -15.935934 13
-1.697832 -16.145734 -16.381934 5
-2.648792 -15.902934 -16.410934 13
-2.032022 -15.433234 -15.797934 5
-2.074892 -14.802334 -15.089534 6
-2.663012 -15.529534 -14.862234 3
-3.285262 -15.805234 -15.497734 6
-3.113832 -16.653534 -15.066134 1
-3.015012 -17.207634 -14.311534 3
-2.816852 -17.257634 -13.401434 3
-3.281082 -16.582434 -12.956934 3
-4.257902 -16.259234 -12.935734 1
-5.213312 -16.130234 -12.769334 10
-5.363532 -15.656534 -13.577334 13
-5.467782 -15.012234 -12.816134 4
-6.060312 -14.363434 -12.283734 3
-5.907322 -13.406334 -12.153134 12
-4.990852 -13.355434 -11.986434 4
-4.288942 -13.054034 -11.382834 11
-3.649582 -12.547434 -11.954934 3
-2.946502 -11.841834 -11.713934 3
-2.662842 -12.278734 -12.509034 3
-1.847332 -12.607734 -12.931434 6
-1.397442 -11.817734 -12.890134 3
-0.858252 -11.057934 -13.110534 9
-0.251622 -11.733734 -13.439334 14
0.333678 -11.717434 -14.266434 8
-0.147702 -12.221134 -14.965434 4
-0.327292 -13.048134 -15.391834 10
-0.670752 -13.387234 -14.497234 1
-1.611882 -13.337634 -14.284434 6
-1.759502 -13.781234 -13.438034 6
-2.153942 -14.413134 -12.755434 1
-2.810772 -13.941934 -13.205234 6
-2.895962 -13.631634 -12.208934 3
-2.373532 -14.203434 -11.652134 9
-2.998662 -13.817734 -11.033834 3
-3.916882 -14.183034 -11.282734 1
-3.578962 -14.821834 -10.605034 9
-3.294342 -14.541834 -9.796934 9
-4.189622 -14.603434 -9.539434 3
-4.273472 -15.553334 -9.385834 1
-3.596302 -16.078934 -9.703834 4
-4.355252 -16.184634 -10.295734 13
-5.112742 -15.564834 -10.452734 5
-5.405662 -16.056534 -11.198034 8
-4.872342 -16.812334 -11.534334 1
-5.671452 -17.374034 -11.443134 5
-5.814902 -16.841534 -10.554834 8
-5.216362 -17.077134 -9.838234 1
-4.466652 -17.701534 -9.983534 15
-3.805582 -18.502734 -10.092934 3
-3.176912 -17.815934 -10.208434 3
-3.813302 -17.559934 -10.986734 10
-2.819242 -17.460334 -11.298234 3
-2.557972 -16.536434 -11.335134 3
-1.934842 -15.902234 -10.906434 5
-1.571052 -15.255234 -10.293034 9
-1.533042 -14.856634 -11.134534 9
-1.805892 -15.174934 -12.006334 10
-1.930422 -16.186834 -12.117034 3
-2.962262 -16.121034 -12.119734 3
-2.994432 -15.575834 -11.196534 9
-3.542372 -16.478234 -11.260534 13
-3.795622 -16.995834 -11.997534 11
-3.422412 -17.777334 -12.203234 3
-4.230502 -17.584734 -12.752734 13
-3.840152 -17.500534 -13.649134 9
-4.138612 -16.631934 -13.925834 3
-4.302152 -16.479234 -14.878934 9
-4.299552 -15.506134 -15.156534 13
-4.036692 -15.573334 -14.154234 3
-3.285962 -14.914834 -14.148834 6
-2.777742 -15.238234 -13.257134 3
-1.958672 -14.996634 -13.716734 6
-1.844572 -15.906334 -14.127834 3
-1.365982 -15.535434 -14.851134 6
-0.682132 -16.068434 -14.522234 3
-0.489612 -16.048634 -15.539234 15
-0.111812 -15.665234 -16.380534 3
-0.122422 -14.703634 -16.045034 5
-0.665312 -14.946934 -15.314834 6
-1.110192 -14.209034 -15.701634 5
-1.814092 -13.834434 -15.216734 6
-2.522742 -14.196834 -15.717234 4
-1.949522 -14.309234 -16.517034 5
-2.681902 -13.740534 -16.847134 8
-2.209692 -12.999534 -16.417734 6
-2.084222 -12.614834 -17.314334 1
-1.193942 -12.366734 -17.581734 1
-1.209292 -11.636134 -16.961134 1
-1.323672 -11.498334 -16.034534 3
-1.791022 -12.261734 -15.777534 1
-2.524412 -12.116934 -15.206034 10
-2.433092 -11.691434 -14.343434 10
-2.828362 -11.856734 -13.416134 3
-2.782402 -10.935834 -13.425334 3
-2.362142 -10.039034 -13.543434 1
-2.785572 -9.219734 -13.936234 1
-3.556972 -9.448534 -13.443134 1
-3.339452 -9.326334 -12.502834 3
-4.227672 -9.032534 -12.134234 3
-4.662452 -8.052334 -12.221534 4
-4.853752 -7.128634 -11.915534 4
-4.090662 -6.598634 -11.448534 14
-3.156842 -6.302534 -11.515534 9
-2.786152 -6.242134 -10.630934 3
-2.840542 -6.360134 -9.693734 12
-2.549732 -5.976734 -8.873634 11
-2.281542 -5.155534 -9.261734 5
-1.895862 -4.283634 -9.235734 3
-1.645032 -3.408934 -9.010834 6
-2.110652 -3.237234 -9.842134 10
-2.193612 -3.987834 -10.535634 9
-3.135532 -3.911634 -10.591634 5
-4.043552 -4.231634 -10.581434 4
-3.492662 -4.518034 -9.771134 9
-4.387582 -4.103934 -9.630534 3
-4.693432 -4.938634 -9.289234 8
-5.580102 -5.270234 -9.463134 10
-6.36592 -5.650234 -8.918234 6
-6.386364 -5.010034 -8.222434 10
-7.015668 -5.660334 -7.981034 9
-7.586824 -4.936134 -8.440934 10
-8.063745 -5.136034 -9.273334 3
-8.452582 -5.959734 -9.586234 13
-8.277992 -6.212034 -10.452034 13
-7.518719 -6.749034 -10.039534 1
-8.229983 -7.308034 -10.338334 13
-7.381447 -7.721634 -10.598734 6
-6.519321 -7.854334 -11.034634 4
-6.378279 -6.908734 -10.961034 10
-5.454182 -6.931734 -10.914834 4
-4.816822 -7.154234 -10.161834 4
-5.556992 -6.738034 -9.709134 13
-5.231522 -7.431134 -9.197634 4
-5.824332 -6.942734 -8.610734 3
-5.294922 -6.770734 -7.789034 1
-6.315218 -6.757034 -7.443734 1
-6.466421 -7.637834 -7.052534 10
-6.079742 -7.947634 -7.929034 6
-6.179992 -7.884134 -8.900934 13
-6.299317 -8.563334 -9.496834 4
-5.993212 -8.891134 -8.666534 3
-5.783972 -9.771334 -9.013734 4
-5.414032 -10.645134 -8.692134 5
-4.936982 -10.479134 -7.871034 13
-4.181112 -10.021034 -8.307234 5
-4.116962 -9.138734 -8.709034 9
-4.254652 -8.977634 -9.639334 10
-4.888792 -8.308734 -9.973734 4
-4.274632 -7.699134 -9.450634 6
-3.487952 -7.193034 -9.722834 11
-3.858312 -7.588234 -10.594934 10
-3.543742 -8.066034 -11.426634 4
-2.606762 -7.953634 -11.016934 10
-2.300822 -7.100534 -11.318434 11
-2.787062 -7.452434 -12.058534 4
-2.890792 -6.703834 -12.636834 8
-3.185752 -7.391534 -13.312834 4
-2.299472 -7.750334 -13.139034 10
-1.964182 -8.211834 -13.872534 11
-1.028332 -8.333234 -13.850834 3
-1.095312 -9.116534 -14.509434 13
-1.405622 -9.178134 -15.449634 1
-1.762042 -10.104534 -15.399734 3
-2.578322 -10.683534 -15.509934 13
-3.481972 -10.509334 -15.755134 10
-3.365342 -11.423534 -15.638434 4
-3.019342 -11.317134 -16.497934 1
-3.157732 -12.280734 -16.375234 10
-3.117572 -12.063834 -17.339734 5
-2.754852 -12.020634 -18.269434 1
-3.671312 -11.825234 -18.524034 13
-4.376362 -12.021334 -19.184034 5
-4.946862 -11.970034 -18.413634 6
-5.144942 -12.844534 -18.794434 6
-5.003862 -13.609634 -19.447234 10
-4.416612 -14.397734 -19.623234 4
-5.095592 -14.507634 -20.324634 9
-5.506222 -14.767734 -21.150434 4
-5.821442 -14.176634 -21.837134 10
-5.923662 -13.532334 -21.146334 4
-5.200752 -13.305534 -20.550934 8
-5.562202 -12.865534 -19.810134 9
-5.738512 -12.057434 -19.396234 12
-6.694316 -11.624034 -19.295834 3
-7.047653 -12.242434 -18.503234 13
-7.538247 -11.768634 -17.748534 4
-8.232143 -11.370934 -17.217634 15
-7.584251 -11.742434 -16.538134 1
-8.502632 -12.067434 -16.451534 6
-9.383582 -11.622434 -16.647734 1
-9.544202 -10.668734 -16.790034 10
-9.878402 -9.773234 -16.887034 13
-10.388802 -9.249134 -17.536734 10
-11.007012 -8.733834 -18.086234 15
-10.700852 -7.881434 -18.329934 2
-10.409862 -8.464934 -19.081934 4
-9.850592 -8.289434 -19.851334 13
-10.096582 -7.974034 -20.751434 3
-9.892812 -7.069534 -21.094834 4
-9.021782 -7.322034 -21.523434 5
-8.634382 -6.614934 -20.929934 4
-8.022 -7.283834 -20.626734 1
-7.51083 -8.017934 -20.318934 13
-7.068622 -7.259434 -19.857234 11
-7.583144 -6.484434 -19.574934 3
-7.225771 -5.975534 -20.282234 6
-6.644149 -5.506034 -20.843234 1
-7.521247 -5.802934 -21.229134 4
-8.443702 -5.354534 -21.370834 9
-8.989472 -5.061634 -20.636034 1
-9.684612 -5.799034 -20.563034 1
-10.510172 -5.257134 -20.510034 6
-10.960552 -5.888634 -19.956734 10
-10.326732 -6.639534 -19.769134 1
-10.464212 -6.247334 -18.892034 10
-10.793702 -5.312634 -18.688434 3
-10.493182 -5.808234 -17.939934 1
-9.790712 -5.995834 -17.294534 4
-10.125482 -5.099134 -17.140034 10
-10.581872 -5.307634 -16.279734 1
-9.825842 -4.863634 -15.971934 11
-9.319062 -5.640734 -15.725934 13
-9.067912 -5.946834 -14.834634 4
-9.384972 -5.212334 -14.242534 8
-10.016782 -5.710034 -13.727834 5
-10.853242 -5.792234 -13.293634 10
-10.246342 -5.489434 -12.553934 5
-10.945442 -5.090334 -12.000934 10
-10.174162 -5.330934 -11.549734 1
-10.887772 -5.871534 -11.132634 10
-9.995682 -6.068334 -10.644534 13
-9.157972 -6.196734 -11.115934 13
-8.992942 -6.622734 -11.996734 3
-8.662562 -7.094134 -12.773634 8
-7.791343 -7.239834 -12.451934 4
-8.389852 -8.036334 -12.215834 6
-8.022729 -8.462834 -12.984634 4
-8.901072 -8.919034 -13.125134 15
-8.756692 -9.607534 -12.424234 11
-7.772904 -9.987134 -12.508134 11
-7.23655 -9.920534 -13.309234 13
-7.243749 -8.990634 -13.565534 1
-6.893957 -8.980234 -12.701434 4
-6.164002 -8.362634 -12.626934 4
-5.570502 -9.102434 -12.917434 10
-5.913752 -9.829234 -12.183734 3
-6.772833 -9.865134 -11.838634 6
-7.421726 -9.185434 -11.465634 4
-8.233989 -8.658034 -11.190734 9
-8.441112 -9.669034 -11.306334 5
-8.532522 -9.344534 -10.235434 12
-9.440582 -9.174934 -10.266334 3
-9.614452 -8.426134 -10.919534 4
-9.504242 -7.849534 -10.129234 13
-9.851962 -7.342634 -10.872534 13
-10.520962 -6.947034 -11.456334 10
-10.377062 -7.229534 -12.389134 10
-10.534982 -7.963434 -13.012734 8
-9.665562 -7.598334 -13.285134 6
-9.411052 -7.530934 -14.225534 5
-9.109972 -8.428534 -14.402034 9
-8.200798 -8.716734 -14.299034 10
-7.236713 -8.423734 -14.408834 4
-6.954152 -7.522134 -14.732034 13
-7.566977 -6.734634 -14.564234 1
-6.671367 -6.586534 -14.258634 1
-6.284255 -7.097734 -13.598034 4
-5.925202 -8.010934 -13.622034 4
-5.568292 -8.720634 -14.131234 3
-4.784802 -8.582234 -13.603534 10
-4.458432 -7.736334 -13.262334 4
-4.904272 -7.362534 -13.981734 1
-4.086232 -6.901834 -13.734334 1
-4.523532 -6.669134 -12.893434 4
-4.932612 -6.036134 -12.385334 3
-5.510662 -5.289834 -12.259534 1
-5.108512 -5.054434 -13.091634 1
-6.012112 -5.353234 -13.189434 15
-5.478172 -5.985534 -13.737534 1
-5.815282 -6.423434 -12.894534 10
-5.879532 -6.693634 -11.983934 4
-6.474494 -7.344534 -12.427934 4
-6.874557 -6.507334 -12.570034 1
-7.412794 -5.943734 -12.002634 6
-8.052623 -5.203034 -12.243634 6
-8.796682 -4.553034 -12.044734 10
-8.458042 -4.749934 -11.140434 13
-7.728275 -4.622334 -10.541434 5
-7.160942 -3.835234 -10.193734 11
-7.405724 -4.335234 -9.374434 9
-8.327322 -4.131334 -9.589234 11
-9.244372 -4.369334 -10.013134 13
-9.642322 -3.718634 -10.636134 10
-9.736362 -2.738334 -10.458134 10
-9.484522 -1.792534 -10.387634 3
-9.976642 -0.931734 -10.354234 6
-9.079952 -0.762034 -10.536334 3
-8.512182 -1.345134 -11.003134 8
-9.128282 -1.709934 -11.614634 4
-9.360222 -2.700434 -11.548734 10
-9.363722 -3.491834 -12.135934 6
-10.333012 -3.539434 -12.221034 10
-9.993192 -4.173934 -12.972534 4
-10.748042 -4.734234 -13.089634 13
-11.741512 -4.456834 -12.858234 10
-11.532432 -3.662134 -13.351034 4
-11.639882 -2.699634 -13.209734 12
-11.357662 -1.923834 -13.676134 13
-11.846362 -1.418034 -13.013934 4
-12.369322 -0.630634 -13.010534 8
-13.170682 -0.863834 -12.480434 3
-13.743872 -1.086934 -13.309634 13
-14.084262 -1.852234 -12.894334 5
-13.896242 -2.273834 -12.007234 4
-13.549902 -1.723234 -11.325234 1
-12.923732 -2.406734 -11.209634 10
-12.202872 -2.165134 -10.660034 10
-12.735992 -1.679334 -9.996934 4
-13.109382 -0.914634 -9.504234 13
-12.353282 -0.584334 -9.946934 1
-12.194012 -0.006334 -9.208834 13
-12.489982 0.509566 -9.895734 1
-11.781112 0.366566 -10.590434 9
-11.170772 -0.131834 -11.155234 4
-11.170702 -0.613734 -10.354934 1
-11.507062 -1.132434 -9.625034 6
-11.960462 -1.907634 -9.202934 15
-12.321712 -2.689834 -9.695534 10
-13.226902 -2.452034 -9.193934 11
-13.759232 -2.388034 -9.999834 4
-13.745372 -2.953134 -10.801034 4
-13.199562 -3.356334 -11.470334 10
-12.901492 -2.768734 -12.312934 4
-12.296592 -2.067534 -11.970834 10
-11.758312 -1.309934 -11.900534 3
-11.182142 -0.580234 -12.160934 6
-10.490282 0.128566 -12.317034 9
-10.178052 -0.804434 -12.060434 9
-10.613792 -1.746834 -12.135934 13
-11.096462 -2.279034 -11.448134 10
-11.122082 -2.833934 -12.191734 10
-10.399592 -2.459834 -12.754234 5
-9.958432 -3.084634 -13.393534 1
-10.085052 -2.552234 -14.149334 9
-10.906962 -2.449734 -14.726334 4
-11.757622 -2.078434 -14.893934 4
-12.661832 -1.832934 -14.965034 8
-13.566552 -2.032734 -14.969134 7
-14.220502 -1.478234 -14.593234 5
-14.701972 -2.394134 -14.476334 5
-14.807672 -3.347234 -14.619534 3
-13.868792 -3.348134 -15.012434 13
-13.238492 -4.043434 -14.844334 4
-12.926522 -4.683234 -14.090334 13
-12.500452 -5.372734 -13.556834 10
-11.975962 -6.182634 -13.854134 10
-11.434682 -6.503834 -14.562534 4
-10.637572 -6.785434 -15.048734 1
-11.187682 -7.602834 -15.031834 12
-12.074292 -7.350034 -14.936934 1
-12.364282 -8.037334 -14.390734 4
-13.303172 -8.300634 -14.234134 4
-13.875152 -7.830834 -14.871634 6
-14.438892 -7.656134 -15.708634 10
-14.804222 -8.489334 -16.029434 1
-14.056922 -9.068034 -16.160834 1
-14.658332 -9.620234 -15.619534 3
-15.382562 -9.672434 -15.015534 6
-16.025632 -9.950634 -15.682834 10
-16.685682 -9.369934 -15.991634 1
-16.308732 -8.521834 -16.010834 4
-16.855232 -8.368934 -15.232834 13
-16.979382 -9.065934 -14.432234 10
-16.940042 -8.305434 -13.835234 13
-17.911832 -8.119934 -13.773734 10
-17.981032 -7.529934 -14.532334 14
-17.001322 -7.507834 -14.544834 13
-17.156182 -6.589134 -14.622634 4
-17.601232 -5.755134 -14.819034 11
-18.022432 -5.681634 -15.716534 3
-17.512432 -4.851234 -15.535134 11
-18.200132 -4.297334 -15.926334 4
-19.098732 -3.837034 -16.113934 10
-20.000732 -3.638834 -15.673134 13
-20.837032 -3.694334 -15.229634 8
-20.985232 -2.755334 -15.301834 5
-20.177232 -2.434934 -14.967534 4
-19.424232 -3.066634 -14.962534 9
-19.153432 -2.612334 -14.182534 10
-18.966532 -2.621634 -13.198234 4
-19.381532 -3.138034 -12.461534 10
-19.221932 -2.364434 -11.941634 15
-18.527432 -1.625634 -12.138134 9
-17.767732 -1.616834 -12.751534 6
-17.137052 -2.247234 -13.086534 10
-17.762032 -2.886334 -12.897334 5
-17.028192 -3.028434 -12.167134 13
-17.299732 -3.089634 -11.279334 4
-17.041002 -2.296334 -10.902634 4
-16.880552 -1.506634 -11.397634 6
-17.578432 -1.054634 -10.918034 8
-17.996332 -0.636034 -11.754334 1
-18.680432 -0.364134 -11.150334 10
-19.647432 -0.014034 -11.391834 13
-19.770932 0.931266 -11.642734 7
-18.941532 1.477066 -11.867434 10
-18.112532 1.946166 -12.006634 3
-17.234772 1.876366 -11.609034 1
-16.802662 1.770166 -12.372434 4
-17.154912 2.657866 -12.599434 4
-17.478532 3.402166 -12.131434 13
-17.814732 2.822666 -11.455134 5
-18.540632 2.580666 -10.910334 1
-17.768232 2.704266 -10.340034 10
-16.877372 2.690566 -9.988034 1
-16.040272 3.202666 -9.853334 11
-15.118392 3.167866 -10.158234 4
-14.611542 3.320466 -9.368234 4
-14.827542 2.375966 -9.387634 10
-14.207042 1.624466 -9.567534 3
-14.256742 0.612666 -9.408934 13
-15.121202 1.143666 -9.419234 11
-15.968462 0.711066 -9.868834 4
-16.883952 0.403266 -9.947734 13
-17.323532 -0.113634 -10.652034 12
-17.059262 -0.309934 -11.553534 6
-17.262972 0.709966 -11.598234 14
-16.362442 1.003666 -11.731634 4
-16.510362 0.204666 -12.206534 6
-17.236032 0.397966 -12.845034 10
-18.079632 0.143166 -13.260034 4
-17.979232 -0.079534 -14.192634 9
-17.957432 -0.117034 -15.208734 1
-17.555432 -0.370234 -16.077534 3
-17.525232 0.279466 -16.878934 1
-17.200192 -0.470534 -17.314034 4
-16.548922 -0.582834 -17.959134 10
-15.865352 -0.653034 -17.188534 4
-16.104782 -0.543934 -16.265634 10
-15.946042 -0.679334 -15.314934 5
-15.066632 -0.393434 -15.074334 5
-14.126952 -0.391634 -14.807634 10
-14.534192 -0.718034 -14.005634 5
-14.867922 0.112066 -13.679134 15
-14.676332 0.156866 -12.743734 10
-15.203622 -0.089834 -11.983734 6
-15.186112 0.761666 -11.468034 1
-14.405732 0.643066 -10.936734 10
-14.213282 -0.091834 -10.455134 13
-13.392362 -0.577134 -10.685834 9
-14.164942 -1.121934 -10.251234 13
-14.686552 -1.996334 -10.336934 4
-15.470872 -2.595234 -10.410234 4
-16.360042 -2.887734 -10.059834 4
-16.953622 -2.835534 -9.306734 9
-17.473532 -2.033534 -9.634834 1
-18.354732 -1.911934 -10.053034 13
-18.924432 -2.069934 -9.254634 15
-18.101932 -2.065034 -8.683934 10
-18.068732 -3.013734 -8.554134 13
-17.416632 -3.725734 -8.550634 8
-16.976452 -4.572934 -8.611934 8
-16.161352 -4.230834 -9.047534 4
-16.962872 -4.463134 -9.714834 10
-17.011232 -3.646534 -10.278734 5
-16.153352 -3.922434 -10.571934 4
-16.294322 -4.086034 -11.601234 4
-17.252072 -4.163134 -11.337334 7
-16.866292 -4.590134 -12.171334 10
-16.931192 -5.497934 -12.568934 3
-16.564852 -6.050234 -13.275834 13
-16.695272 -5.237434 -13.828134 11
-15.784752 -5.279234 -14.103534 4
-14.816912 -5.133434 -14.301234 10
-14.491732 -5.696034 -15.022234 6
-13.516822 -5.746834 -14.631534 6
-13.570442 -5.813434 -13.700934 10
-13.743042 -5.862334 -12.723034 10
-14.550622 -5.302034 -12.929834 1
-14.595482 -4.739634 -12.127334 4
-15.472162 -4.965234 -12.533234 1
-15.459812 -5.835034 -12.186934 1
-15.282512 -6.716934 -12.130834 13
-14.384922 -6.522634 -11.727034 10
-13.967192 -7.361634 -11.965534 1
-13.375902 -7.338434 -11.171534 10
-13.767542 -8.138434 -10.876834 6
-13.961632 -8.326334 -9.934934 12
-14.615062 -8.764934 -10.552634 4
-15.495562 -8.948034 -10.923334 1
-15.152712 -9.342934 -11.802434 4
-15.748492 -8.874834 -12.456934 13
-16.020132 -9.790734 -12.327134 15
-16.813592 -9.832634 -12.899934 5
-17.345732 -9.241534 -12.325234 13
-17.051342 -9.528634 -11.411134 3
-16.134312 -9.799234 -11.045334 10
-16.252512 -10.767834 -11.037334 14
-15.328762 -10.554134 -11.059834 5
-15.369772 -10.833834 -10.127034 10
-14.878072 -11.699234 -9.958434 4
-14.830742 -11.615134 -9.017734 15
-15.467182 -11.136934 -8.518834 13
-15.469712 -11.278234 -7.554834 10
-15.491512 -12.275734 -7.680234 4
-16.370352 -12.140034 -7.810934 10
-17.109942 -12.578134 -8.377034 4
-17.547032 -11.802034 -8.605334 13
-17.625632 -11.067934 -7.996334 10
-17.931932 -11.221334 -7.100234 9
-18.849332 -10.923234 -7.134234 1
-19.376032 -11.624034 -6.781934 4
-19.823932 -11.403734 -7.671934 10
-20.794932 -11.155934 -7.766034 4
-20.977332 -10.146134 -7.842034 3
-20.898832 -9.171034 -8.102134 6
-20.358232 -8.372234 -8.380634 4
-21.117932 -7.886634 -8.062734 11
-21.727732 -7.257634 -7.553234 1
-20.949332 -6.697434 -7.270734 7
-20.097732 -6.483234 -7.514734 7
-19.145732 -6.378034 -7.454434 9
-18.231832 -6.016234 -7.689334 13
-17.369232 -5.724334 -7.287234 11
-16.607142 -5.492634 -7.788534 5
-16.006272 -4.767234 -8.088534 8
-15.400022 -4.063834 -7.904934 8
-15.147302 -3.547434 -8.697334 4
-14.567922 -4.077834 -9.264634 4
-14.139332 -4.495734 -8.490134 6
-13.284162 -4.930634 -8.748534 10
-13.151642 -5.781134 -9.156734 9
-12.973182 -5.828434 -10.138334 10
-12.058192 -5.917334 -10.408634 10
-11.381372 -6.462134 -9.900334 13
-12.124612 -6.568034 -9.344734 1
-12.373382 -6.905034 -10.182434 10
-12.326922 -7.762834 -9.711534 4
-11.509652 -8.221734 -9.400934 5
-11.351242 -7.456434 -9.921234 10
-10.575712 -8.045534 -9.898834 13
-11.114872 -8.742434 -10.260234 1
-11.895952 -9.254734 -10.359534 1
-12.719232 -9.125634 -10.926634 10
-12.362342 -9.768934 -11.586534 3
-12.705852 -10.365334 -12.272634 5
-13.268112 -10.543434 -13.027434 1
-14.026622 -10.059834 -13.309334 4
-14.940452 -9.763434 -13.476834 1
-14.935742 -8.796034 -13.221834 4
-15.825942 -8.449234 -13.412134 13
-16.285322 -7.574134 -13.483834 13
-16.296652 -6.885434 -14.135534 13
-16.187272 -6.472934 -15.035734 7
-16.014782 -7.352234 -15.364934 13
-15.226872 -7.034534 -15.900434 10
-15.028622 -6.567234 -15.097934 6
-14.746172 -7.354634 -14.476534 6
-15.255772 -7.630934 -13.709834 13
-14.376222 -7.932534 -13.458334 4
-14.608492 -7.188034 -12.935534 13
-13.738252 -6.830334 -13.084834 10
-13.862232 -7.215134 -13.940634 6
-13.367642 -7.770834 -13.320934 4
-12.753742 -7.409334 -12.699234 10
-12.265342 -7.327434 -13.521434 4
-11.712412 -6.857134 -12.876934 10
-11.627602 -7.837734 -12.874734 4
-11.527622 -8.708234 -12.425434 4
-10.843892 -9.349534 -12.766334 6
-11.104382 -10.097234 -13.252834 10
-11.839182 -9.474134 -13.291334 4
-12.142042 -9.789534 -14.139334 9
-12.999102 -9.487734 -13.911434 4
-13.034332 -9.467834 -12.906334 4
-13.733812 -9.758634 -12.273034 15
-13.725982 -8.956034 -11.739734 5
-13.363072 -8.420534 -12.567934 4
-12.732582 -8.115534 -11.913734 9
-12.422972 -7.485734 -11.243934 10
-11.753222 -8.170234 -11.469434 7
-11.397312 -7.245434 -11.929434 12
-12.112742 -6.637834 -11.991934 10
-11.827472 -5.801634 -11.591234 10
-12.713682 -5.679634 -12.061234 10
-12.637972 -4.859934 -12.669834 1
-12.040922 -4.794434 -11.938934 10
-12.234722 -4.072334 -11.376034 10
-12.485642 -3.876234 -12.297734 10
-12.559852 -3.706634 -13.267234 1
-13.274022 -3.288334 -13.852434 11
-13.773792 -3.997034 -13.311134 1
-13.889732 -3.923334 -12.369834 10
-14.228282 -3.184834 -12.808434 3
-14.459082 -3.182034 -13.726634 11
-15.124942 -2.709134 -13.116834 5
-15.519822 -3.547934 -12.633334 1
-15.334132 -3.504734 -11.716634 4
-15.196662 -3.482834 -10.762034 4
-14.339962 -3.666034 -11.092434 4
-13.882572 -3.838834 -10.243434 13
-13.136872 -4.151634 -10.758234 10
-12.186092 -4.274234 -10.316634 10
-12.126162 -4.997934 -9.636734 3
-12.137842 -5.582934 -8.873734 7
-12.325022 -5.141034 -8.055534 8
-12.794932 -5.795334 -7.227034 13
-12.221702 -6.211434 -6.571534 7
-13.074842 -6.250534 -6.063634 7
-13.765942 -6.840534 -6.424634 4
-14.487612 -6.698134 -7.033734 6
-15.081192 -7.172834 -7.693634 1
-15.806242 -6.989134 -7.021534 9
-15.278772 -7.091534 -6.255934 10
-14.708152 -7.316234 -5.446034 13
-14.784702 -8.082634 -4.859634 7
-14.858042 -8.640734 -4.063234 5
-14.454092 -8.324234 -3.255434 4
-14.764992 -8.771634 -2.478734 12
-14.757152 -9.532634 -1.927234 9
-14.386932 -10.392634 -1.915934 10
-14.574792 -11.189634 -1.393334 4
-15.141462 -11.810734 -1.945634 10
-14.946962 -11.630534 -2.863934 1
-14.172802 -12.285934 -3.084734 1
-13.399002 -12.307934 -2.511034 10
-13.191042 -12.571234 -3.382334 4
-12.641332 -12.133534 -4.088734 10
-12.867842 -11.158234 -4.283734 5
-13.704142 -11.187734 -3.788434 15
-13.642372 -10.552934 -4.593834 10
-13.651382 -10.236734 -5.493634 15
-12.835772 -10.692834 -5.266334 13
-12.188252 -11.386534 -5.310034 11
-12.545712 -11.668434 -6.174634 4
-12.355392 -12.337334 -6.811734 11
-12.824532 -13.049934 -6.233234 13
-11.849412 -13.040634 -6.288334 3
-10.859522 -13.024434 -6.237234 4
-10.223582 -13.092034 -6.952534 13
-10.629522 -12.428934 -7.615834 1
-10.973322 -11.826134 -6.934934 4
-10.849612 -11.338434 -7.897434 1
-11.010202 -10.412634 -7.984734 4
-11.893832 -10.333634 -8.431934 10
-11.917572 -9.380334 -8.427834 7
-12.394972 -9.474534 -9.225634 10
-13.003792 -9.335434 -8.476634 1
-13.503632 -8.787734 -7.897034 1
-13.886262 -8.881034 -7.017734 4
-14.229222 -9.717534 -7.361534 10
-15.033652 -10.019634 -7.731634 4
-15.559182 -9.897234 -6.965634 10
-16.122932 -9.440534 -7.533534 8
-17.131502 -9.408834 -7.524434 3
-17.786232 -8.743634 -7.814934 6
-17.899232 -7.670434 -7.892434 5
-16.963282 -7.413634 -8.081834 9
-16.849982 -7.122934 -9.012134 7
-16.321832 -6.669734 -8.308434 7
-16.456052 -6.089634 -9.037034 10
-16.021252 -5.248834 -9.473334 6
-15.612002 -4.665634 -10.053034 4
-14.826342 -4.247834 -10.249534 4
-14.234222 -4.931434 -9.974734 10
-14.123662 -5.908934 -10.179534 5
-13.806442 -6.319534 -10.963834 10
-13.519802 -5.646234 -11.565134 10
-13.688832 -4.961034 -10.890434 10
-14.633852 -5.364934 -11.071634 4
-15.375322 -5.804734 -10.693334 9
-15.569512 -6.696434 -10.359734 3
-15.530892 -7.618234 -10.249234 1
-15.503302 -7.825934 -11.239534 4
-16.313012 -7.924734 -11.706734 13
-16.606352 -7.116434 -11.304334 1
-16.593622 -6.159534 -11.117834 10
-16.400172 -6.262834 -12.070934 1
-16.563552 -7.020034 -12.592934 13
-17.361532 -7.508534 -12.619334 13
-17.808232 -7.927434 -11.832934 1
-18.564832 -7.543134 -12.312634 4
-19.486732 -7.214334 -12.190734 1
-19.375432 -6.317634 -12.052634 7
-20.065132 -5.798534 -12.448834 10
-19.980732 -5.345234 -11.638234 7
-19.467032 -4.500734 -11.691734 3
-19.058632 -4.622034 -12.617734 4
-18.482232 -5.321734 -12.378834 10
-18.440132 -5.441034 -13.359134 8
-18.539632 -5.015734 -14.274234 4
-18.448332 -4.085134 -14.199634 11
-17.764432 -4.195634 -13.529934 10
-16.868802 -3.914834 -13.343534 8
-16.521672 -4.049434 -14.305534 11
-17.209192 -3.396034 -14.501834 13
-17.124582 -3.929634 -15.323434 11
-17.071982 -3.059134 -15.787534 4
-16.631932 -2.531634 -15.043034 10
-15.884632 -2.503434 -14.413634 4
-15.935452 -1.786434 -13.819634 5
-15.637652 -0.897834 -13.716934 5
-15.917882 -0.539934 -12.822834 6
-15.533132 -1.454534 -12.824834 10
-16.207712 -1.822434 -12.229034 6
-15.635752 -2.530834 -12.092734 4
-15.829962 -1.938134 -11.316634 4
-15.761912 -1.251734 -10.581134 1
-15.246082 -0.778234 -9.893934 1
-15.251202 -0.295234 -9.082034 13
-15.693972 -1.131034 -8.712334 5
-15.055632 -1.562434 -9.325034 10
-15.156362 -2.525034 -9.220634 4
-14.162562 -2.701734 -8.992434 4
-13.483362 -3.480034 -9.062234 7
-12.718802 -3.731334 -9.562434 10
-12.508662 -3.387234 -8.713434 15
-11.655522 -3.064234 -8.497934 15
-10.748952 -3.054234 -9.059234 10
-11.083012 -2.499334 -9.754234 10
-11.428462 -2.790734 -10.568234 10
-11.394552 -3.729434 -10.845234 10
-10.614672 -4.220034 -11.119734 10
-10.363362 -4.848934 -10.498234 9
-11.119132 -4.443134 -10.083234 10
-10.764982 -4.139334 -9.196434 10
-10.726172 -5.043234 -8.842234 15
-10.576832 -5.921534 -9.086034 9
-9.747172 -6.067734 -9.501234 13
-9.619692 -6.967034 -9.073634 13
-10.421652 -7.431734 -8.904034 7
-10.208662 -8.278934 -8.496834 1
-10.236182 -8.173734 -7.530634 7
-9.192432 -8.244234 -7.582234 4
-9.164062 -7.745334 -6.731134 12
-8.235378 -7.729434 -6.663734 7
-8.047645 -8.619334 -6.431634 10
-8.811912 -8.857534 -5.937834 1
-9.572922 -9.133134 -5.460934 3
-10.363402 -8.793834 -5.131734 4
-10.115532 -7.933334 -4.840434 1
-10.949632 -7.405534 -5.159134 4
-11.533062 -7.790534 -5.849834 12
-11.388182 -6.842334 -6.183234 10
-10.647382 -6.637134 -6.804434 7
-10.828702 -6.102834 -7.540034 13
-10.190322 -5.619234 -6.982634 10
-9.250872 -5.439834 -7.216334 7
-8.411122 -5.130334 -7.600234 7
-8.360822 -5.406634 -6.694434 11
-8.500252 -4.497634 -6.541134 6
-7.837556 -4.750034 -5.848434 11
-8.730602 -5.187834 -5.725434 7
-8.416232 -5.089334 -4.846934 10
-9.257032 -4.842434 -4.376434 9
-10.088572 -5.209134 -4.663734 13
-10.038062 -5.610534 -5.494734 4
-10.549652 -6.149134 -4.844634 4
-9.856452 -6.262734 -4.214634 1
-10.125402 -6.091734 -3.334634 14
-10.509922 -6.980234 -3.197334 4
-11.119822 -7.645634 -2.606634 7
-11.486072 -6.922734 -1.961234 12
-11.805792 -6.704134 -2.856834 10
-11.701222 -5.940334 -3.409034 10
-11.666102 -5.229634 -2.778734 14
-12.538882 -5.204034 -3.213634 12
-12.746092 -4.446934 -3.807934 4
-12.785972 -3.650234 -4.336334 10
-13.232452 -2.782934 -4.229534 12
-13.269432 -1.848734 -4.569434 7
-12.412272 -1.474334 -4.488834 7
-11.801222 -2.312734 -4.568134 13
-11.775902 -3.096734 -5.141934 4
-10.963202 -2.948034 -5.756934 12
-10.807192 -3.777434 -5.176934 1
-10.011222 -3.238634 -5.113934 1
-9.519712 -3.052234 -4.299634 4
-8.924652 -2.310134 -4.502434 7
-9.384132 -1.872634 -3.816234 3
-9.469542 -0.998234 -3.448534 1
-10.269812 -1.265234 -2.878234 1
-10.761942 -1.244834 -2.035734 10
-11.459492 -1.618834 -1.460234 10
-11.380862 -0.942734 -0.760334 10
-10.585022 -0.466934 -0.346934 7
-9.835652 0.013966 -0.653934 1
-9.342302 -0.691234 -0.142934 7
-9.452542 -1.349134 -0.845234 10
-9.448342 -2.288034 -0.648734 7
-10.069122 -1.894834 0.055066 9
-10.952152 -1.617434 0.011466 10
-11.454042 -2.394234 0.297266 1
-11.949842 -3.009734 -0.333234 1
-12.083052 -3.865934 -0.762834 7
-12.851852 -3.310134 -0.821234 4
-13.827542 -3.264534 -0.581834 14
-13.642312 -3.919234 -1.271234 5
-13.376432 -3.363734 -2.076734 4
-14.099192 -2.657134 -2.014034 15
-13.588082 -1.811834 -2.241934 10
-14.473732 -1.436334 -2.037034 11
-14.453792 -1.421034 -2.959634 11
-14.143272 -0.914234 -3.662934 7
-13.620762 -1.826734 -3.516434 12
-12.968062 -1.025734 -3.510134 7
-12.148352 -0.946734 -2.908434 10
-11.470502 -1.617734 -2.756534 10
-11.223512 -2.532634 -3.084334 13
-12.090062 -2.931134 -3.401234 12
-11.940082 -2.828134 -2.433734 10
-11.334312 -3.624134 -2.252034 14
-10.711682 -3.842534 -2.925134 15
-10.231292 -3.348634 -2.241834 10
-9.576872 -3.864334 -2.777234 7
-9.830622 -4.808434 -2.493434 14
-9.222882 -4.323134 -1.885634 7
-8.778712 -3.893134 -1.115534 9
-9.719402 -3.680934 -1.063234 7
-10.190472 -2.792934 -1.299834 10
-9.864952 -2.103934 -1.843134 10
-9.115762 -2.699334 -1.817734 7
-8.186005 -2.936834 -1.870934 13
-7.970647 -2.532034 -1.028734 1
-7.339443 -2.517934 -0.322434 4
-6.737961 -2.050734 0.290566 1
-6.008762 -2.408534 -0.274034 1
-5.638052 -3.050634 0.408066 1
-5.834032 -3.327934 1.305666 4
-6.151412 -4.099934 0.918766 12
-6.729709 -4.828034 1.186566 1
-6.186722 -5.155934 1.951166 7
-6.839763 -5.085934 2.712166 1
-7.302837 -5.561034 3.357966 10
-7.964626 -5.923234 2.789166 7
-8.808462 -6.254134 3.131266 1
-8.673422 -7.165034 3.321766 11
-8.217594 -7.716134 3.948066 4
-7.386116 -7.816934 3.512866 7
-6.732582 -8.246334 4.108466 10
-7.338605 -8.552534 4.791166 7
-8.164653 -9.034934 4.629966 6
-7.980899 -9.846834 4.147366 4
-8.851522 -10.112334 3.791566 7
-8.900402 -11.045334 3.661466 12
-9.744182 -10.690334 3.912466 10
-10.613752 -10.596734 4.183166 10
-11.598602 -10.511534 3.874066 8
-11.745332 -9.633534 3.532466 12
-12.193992 -9.425634 4.306366 11
-12.905222 -9.252834 3.685766 10
-12.683942 -8.452934 3.117766 7
-13.202962 -8.100734 3.825166 15
-13.709212 -8.089934 4.640766 7
-14.533702 -7.673434 4.528766 1
-14.898202 -7.375034 3.674666 14
-14.500882 -8.050134 3.218766 13
-14.745462 -8.880234 2.832866 10
-14.534402 -8.897334 1.860066 11
-15.303412 -8.338434 1.507466 5
-15.247502 -7.387634 1.675566 10
-15.415142 -7.396934 2.616966 9
-14.803902 -6.630234 2.590566 13
-14.317922 -5.774434 2.589766 1
-13.548222 -5.206034 2.554066 7
-12.676462 -5.429834 2.997566 10
-13.234512 -6.160134 2.968766 1
-13.259172 -6.972834 2.411866 1
-13.358382 -6.945134 1.454066 7
-12.894392 -7.012034 0.577066 1
-12.265172 -6.357234 0.418066 6
-12.413932 -5.379734 0.422866 1
-11.973052 -5.467934 1.307266 10
-11.382612 -5.840734 0.672266 7
-11.408512 -6.133134 -0.303234 4
-11.304422 -7.170734 -0.299934 10
-10.567692 -6.892934 0.248066 16
-10.259752 -6.028334 0.508366 1
-9.902872 -6.297134 -0.312034 4
-9.675212 -5.781634 -1.221234 7
-10.510492 -5.452934 -1.361734 14
-11.426992 -5.636634 -1.699134 14
-11.397912 -5.074934 -1.001734 4
-10.641322 -4.378234 -0.956634 7
-10.984462 -3.471734 -0.995634 1
-11.170212 -2.487534 -0.925834 10
-12.037412 -2.575134 -1.421534 10
-12.827922 -2.171234 -1.105434 10
-13.363792 -1.367334 -1.087234 11
-12.452682 -1.100134 -1.266534 10
-12.776442 -0.683334 -2.066134 10
-13.619152 -0.756234 -2.498234 11
-13.728942 0.152766 -2.206734 11
-13.123692 0.837466 -2.568834 7
-12.857842 1.758266 -2.806534 7
-13.138902 2.109766 -3.643534 7
-13.815912 2.250066 -4.354634 12
-13.985942 1.320966 -4.226834 1
-14.936982 1.384366 -4.611934 12
-15.552042 1.959366 -4.987634 12
-15.359572 2.062566 -5.945834 12
-14.513512 2.300066 -6.350034 1
-13.679962 1.890666 -6.520234 10
-13.579492 2.515366 -5.838134 12
-12.887692 2.163166 -5.317334 4
-12.592522 1.499066 -4.614434 7
-11.998462 0.854866 -4.133234 7
-11.274942 0.141266 -4.061734 13
-10.635892 -0.407634 -3.573834 9
-11.242292 -0.085534 -2.848634 10
-11.903542 0.382566 -2.324534 10
-12.101832 1.061166 -2.989834 7
-11.213182 1.106066 -3.261834 4
-10.551392 1.444766 -3.851534 1
-11.213522 1.988866 -4.289934 7
-10.828882 2.665966 -3.713834 1
-11.457892 2.900266 -3.059834 7
-10.919982 2.230766 -2.639734 15
-11.837152 2.078666 -2.499934 7
-11.804232 2.218066 -1.549234 7
-10.846522 2.156266 -1.376334 15
-11.228312 2.990666 -1.389534 7
-10.563062 3.069466 -0.771534 1
-9.763902 2.554066 -1.096834 15
-9.323562 3.049466 -1.734034 15
-8.356712 3.273566 -1.834034 12
-8.040816 4.160866 -1.697434 11
-7.639337 5.084866 -1.456534 12
-6.99267 5.637066 -0.935434 7
-7.293992 6.620566 -0.716034 16
-6.286146 6.558866 -0.608334 10
-6.664683 6.531066 0.284866 10
-7.596625 6.578466 0.584866 12
-6.998742 6.486266 1.349666 7
-7.507597 5.989966 1.967966 3
-7.230642 5.114466 2.265666 1
-7.75809 4.412666 1.904266 7
-8.581802 3.926466 1.886066 1
-8.477342 4.442466 1.052766 1
-9.418332 4.269066 0.835566 1
-10.023892 4.911466 1.093466 1
-10.223112 4.720166 0.127566 12
-11.101452 4.470366 0.179366 7
-11.536172 3.662566 0.578166 5
-11.831342 3.523766 -0.333834 7
-11.789722 3.845966 -1.220834 7
-11.137472 3.881666 -2.064134 15
-10.556542 4.604066 -1.914834 16
-9.744842 4.363066 -1.521334 9
-9.691132 3.897766 -2.390634 15
-8.869082 3.926966 -2.873634 12
-9.454382 4.134566 -3.587334 4
-9.880372 2.968166 -4.110134 10
-9.596162 2.256066 -3.495834 1
-9.689232 2.953766 -2.779434 15
-8.796022 2.483466 -2.806234 7
-8.266993 2.232966 -2.011034 1
-8.457692 1.383966 -1.653834 1
-8.383922 0.503866 -1.487534 1
-7.589719 0.590066 -2.001134 1
-6.734443 0.931666 -2.014534 7
-5.815932 1.146766 -2.106234 1
-4.908652 1.205766 -2.526634 7
-5.355122 0.694866 -3.200034 1
-5.156772 -0.157334 -3.517334 1
-5.842372 -0.083034 -4.190534 1
-6.700378 0.313466 -4.245334 10
-7.590287 0.340066 -3.841234 1
-8.274912 1.019966 -3.594334 4
-9.172172 1.388166 -3.677634 12
-9.747242 1.246466 -2.897234 15
-10.455062 1.057366 -2.255534 15
-11.265492 1.205366 -1.757734 7
-10.960592 0.290466 -1.675234 10
-11.760132 0.506666 -1.112634 15
-12.478092 0.013266 -1.409634 10
-13.094072 0.757766 -1.220434 7
-13.969852 0.484466 -0.941134 11
-14.532112 0.433866 -1.706234 11
-14.586882 1.066466 -2.421534 12
-13.895672 1.377466 -3.092034 7
-14.729902 1.481066 -3.481834 12
-15.209932 2.234866 -3.086534 12
-14.310442 2.423566 -3.215934 10
-13.617442 2.522966 -2.524334 7
-13.195482 3.141166 -2.039534 7
-12.733242 2.316966 -1.917934 7
-12.882312 1.929866 -1.059634 7
-12.164812 1.582766 -0.557434 16
-11.496102 1.064566 -0.150334 13
-10.751652 1.510666 0.231366 9
-11.352802 1.310466 0.965066 9
-11.529602 2.283366 1.087366 16
-12.155662 2.244166 0.354366 13
-12.661642 3.035966 0.064366 7
-12.794282 3.162666 1.029366 7
-12.650142 3.860366 1.669666 13
-12.966932 4.630966 1.178266 16
-13.305112 4.068566 0.521266 7
-14.302232 3.755466 0.638366 7
-14.104642 2.841066 0.673166 16
-13.702552 2.311166 1.418766 6
-12.811592 2.021766 1.465166 14
-12.407052 1.265066 1.877066 12
-12.855802 0.464066 2.242466 7
-12.255272 0.848266 2.880966 1
-11.477262 0.326866 3.280366 1
-11.157162 -0.014934 2.458166 4
-11.471162 -0.593234 1.731166 7
-12.030222 -0.857534 0.976666 16
-12.552422 -1.115134 0.164566 10
-13.081992 -0.362934 -0.197034 12
-13.963232 -0.703834 -0.365334 11
-14.057352 -1.378434 0.346966 15
-14.961362 -1.523534 0.109866 7
-14.849272 -1.087034 -0.708134 11
-15.293392 -0.659934 -1.448134 11
-16.164312 -1.011334 -1.611934 7
-16.443052 -1.788134 -0.962834 12
-16.773642 -1.047834 -0.496634 11
-16.920902 -0.135334 -0.753734 7
-17.721832 -0.351734 -1.223234 4
-18.648232 -0.573034 -1.333034 1
-18.837932 -1.220334 -0.701634 5
-19.087232 -1.880934 -1.401734 15
-19.760732 -2.144834 -2.103034 4
-19.570832 -3.086734 -2.214734 12
-20.497332 -3.253734 -1.872734 1
-19.987632 -4.173534 -2.047734 7
-19.130432 -4.471934 -1.614434 10
-18.979132 -4.264834 -2.524334 7
-18.147132 -3.677534 -2.852634 7
-18.148332 -4.085534 -3.732034 1
-18.064932 -3.329734 -4.329134 10
-18.463632 -4.133034 -4.711134 16
-17.546732 -4.221234 -4.753734 9
-17.416532 -4.731634 -5.614934 10
-16.527122 -4.620834 -5.299434 7
-16.099152 -3.782034 -5.340734 14
-16.399872 -2.890034 -5.294034 16
-16.510552 -2.507934 -6.128534 15
-16.748172 -1.675934 -6.447534 15
-17.385032 -1.225534 -5.869234 16
-17.026812 -0.340534 -5.577134 1
-17.234552 -0.952334 -4.825334 1
-16.322432 -0.776734 -5.032534 16
-16.079942 0.136366 -5.326234 12
-15.252232 0.194666 -4.893134 12
-13.375872 0.492866 -4.558134 7
-13.357732 -0.058334 -5.428634 7
-13.330862 0.888266 -5.637334 7
-14.328182 1.167166 -5.567034 12
-14.608992 0.482466 -6.111734 10
-14.327832 0.984566 -6.811434 1
-14.061852 0.981866 -7.824934 13
-13.744792 0.138466 -7.389634 7
-13.241562 0.395066 -8.190534 13
-12.601192 1.042366 -8.484734 1
-13.070642 1.446366 -7.736234 15
-12.768152 0.981466 -6.991434 9
-12.523512 0.483966 -6.241134 7
-12.246422 -0.311734 -5.871034 7
-12.353872 -1.100134 -6.404534 7
-11.486452 -1.156734 -6.980834 11
-11.568362 -1.747234 -7.800234 15
-11.761642 -2.686534 -7.459934 15
-12.641412 -2.472934 -7.112634 15
-12.329542 -2.796234 -6.245934 7
-13.205002 -2.274134 -6.167834 16
-13.889362 -2.067434 -6.763634 6
-13.755092 -1.245434 -6.255234 7
-14.393902 -0.663634 -5.801634 4
-14.091012 -1.247234 -5.053034 7
-14.765262 -1.789634 -4.634034 10
-15.202042 -1.344734 -3.839134 9
-15.388692 -0.455634 -3.435734 11
-16.306532 -0.206234 -3.417334 16
-16.262132 0.838166 -3.545934 12
-15.352052 0.703966 -3.707634 12
-14.581242 0.392266 -3.226534 11
-13.708672 0.094466 -3.735934 7
-12.882902 -0.091434 -3.183234 16
-12.607962 -0.010934 -4.102534 7
-12.195092 -0.538734 -4.832834 7
-11.284702 -0.986434 -5.047234 1
-10.808262 -0.390834 -5.559334 13
-10.998072 0.485866 -5.212934 11
-10.198762 0.819066 -4.568834 1
-9.455752 0.461566 -5.112434 16
-9.442692 1.015966 -5.916634 7
-8.964052 0.446666 -6.504834 14
-8.26239 0.512166 -7.217934 16
-8.426072 1.249366 -7.814934 16
-8.331482 1.913866 -8.529334 7
-7.463867 1.789866 -8.104734 4
-7.281372 0.913066 -8.265034 16
-7.007541 0.383366 -7.406634 5
-6.934973 1.039066 -6.554234 12
-6.563822 1.572166 -7.201534 10
-6.718716 2.507266 -6.828134 12
-7.37493 2.742666 -6.128734 7
-6.87253 3.047166 -5.408734 1
-6.573771 3.921866 -5.861234 10
-7.074268 4.671166 -5.586534 7
-7.932468 4.340366 -5.948234 1
-8.698482 3.729666 -5.687334 7
-8.694492 3.785266 -6.645134 1
-9.232262 4.626766 -6.777534 1
-9.749972 3.936166 -7.222734 12
-10.386622 4.541966 -6.765934 1
-10.784162 5.124066 -6.066734 10
-11.572322 4.887266 -5.642334 15
-11.543672 4.022466 -5.153734 15
-11.231312 3.209066 -5.645934 1
-10.947152 2.301466 -5.805734 16
-11.813132 1.971266 -5.459234 1
-11.781732 1.099066 -5.845734 7
-11.565072 1.169266 -6.750134 1
-11.822062 0.240866 -7.046234 5
-12.332842 -0.483334 -7.274134 7
-12.489222 -1.279234 -7.843434 15
-13.374252 -0.885134 -7.537334 7
-13.457672 -0.623834 -8.403034 13
-13.212222 -1.535334 -8.606634 15
-14.003532 -1.712734 -7.944234 7
-14.501582 -1.036834 -8.412834 13
-15.223192 -0.531534 -7.935234 13
-15.436332 -0.001934 -7.083734 8
-15.796102 0.806666 -6.668334 12
-16.528762 0.714266 -6.019934 16
-16.434952 1.513566 -5.525834 12
-16.557522 2.013766 -4.714934 12
-17.339732 1.767766 -4.230434 7
-17.984032 1.567666 -3.498734 16
-17.870332 0.988366 -2.725634 1
-16.892052 1.047966 -2.728734 11
-16.546592 1.768966 -3.186234 12
-16.444102 1.927566 -2.174034 9
-15.512362 2.062366 -2.017634 12
-14.549402 2.291566 -2.180034 7
-14.614982 1.670066 -1.378334 7
-14.923792 1.171366 -0.612534 11
-15.646762 1.125466 -1.263234 1
-16.285252 1.343766 -0.662134 7
-15.915872 0.548166 -0.335734 11
-16.639602 0.280766 0.288866 1
-15.682282 0.211066 0.707366 7
-14.817182 -0.170134 0.636966 11
-14.129062 0.228466 0.075666 16
-13.547882 0.943366 -0.136034 10
-13.815942 1.766666 -0.654434 7
-13.404872 2.199466 0.088366 5
-13.485232 3.109666 -0.391234 7
-13.547482 3.598166 -1.280934 7
-12.715362 4.011066 -1.650934 7
-12.305482 4.779166 -1.213034 4
-11.838942 5.296866 -1.905734 9
-12.215422 5.917666 -2.470434 16
-12.843612 5.164266 -2.429934 7
-13.371422 5.333366 -3.265934 14
-13.195812 6.186966 -3.639634 16
-12.873342 5.506666 -4.274334 15
-12.255242 5.693266 -3.541134 16
-11.765822 4.959066 -3.025134 1
-12.377362 4.571466 -3.601334 15
-12.495182 3.953466 -2.796134 7
-11.609752 3.830566 -3.043734 7
-11.601902 3.909766 -4.045234 1
-11.727632 3.074466 -4.618734 1
-12.446192 2.980266 -4.003934 7
-13.190422 3.648466 -4.011934 1
-13.565502 3.468066 -3.094034 7
-14.395722 3.352566 -3.720134 12
-14.360412 3.202566 -4.652334 12
-13.398812 3.066166 -5.006034 11
-12.932302 3.871966 -5.257934 15
-13.416572 4.634366 -5.178334 15
-13.764242 4.597966 -4.230334 10
-14.026342 4.403166 -3.315934 7
-14.243872 5.162866 -2.706834 7
-14.282792 6.156566 -2.696034 11
-14.226422 6.449266 -3.589734 16
-14.586552 5.873266 -4.346834 1
-14.874322 5.298166 -3.632834 13
-15.127352 4.434966 -3.382634 12
-14.670972 4.294466 -2.532634 7
-15.175542 3.549166 -2.785134 7
-15.737752 3.056466 -3.530034 12
-16.519002 3.649466 -3.469634 16
-16.654792 3.870766 -4.415834 16
-16.226502 4.689566 -4.119234 13
-15.745932 4.475966 -4.978134 12
-15.387152 4.852766 -5.843934 6
-14.819032 4.623666 -6.575634 16
-14.454812 5.449666 -6.230934 8
-13.497682 5.368966 -6.051734 15
-13.402012 4.480466 -6.304834 9
-12.518402 4.576266 -5.910734 15
-12.016372 4.426366 -6.697134 7
-12.292762 4.952966 -7.424034 11
-13.185082 5.296366 -7.105234 15
-13.421482 4.638266 -7.872534 4
-13.655882 3.751666 -8.144134 7
-13.264012 4.415866 -8.806434 12
-12.723842 3.621366 -8.676234 11
-12.056992 3.102466 -8.179934 7
-11.322572 3.577566 -8.526334 15
-10.642462 2.926066 -8.338134 11
-9.590832 2.933066 -8.358134 1
-8.995102 2.958366 -9.126034 7
-9.203392 3.116666 -10.089234 1
-9.455372 2.230066 -9.824234 1
-9.793492 2.577666 -10.693634 11
-10.565732 3.035066 -11.193934 1
-10.926492 3.880766 -11.379434 16
-10.121892 4.333066 -11.539134 7
-10.704082 5.079166 -11.467134 1
-11.542002 4.855166 -11.001434 7
-12.464642 5.338266 -10.953334 1
-13.328212 5.822966 -10.635034 7
-14.159302 5.337566 -10.348734 7
-14.750142 4.801366 -11.045334 1
-14.770202 4.443666 -11.902234 1
-15.293282 5.254666 -12.005934 7
-16.154742 4.798466 -11.971634 15
-16.846552 5.179766 -12.556534 12
-17.496532 5.716466 -12.285934 7
-16.900792 6.413066 -12.306234 16
-16.897182 7.372766 -12.543234 14
-17.483332 7.578466 -11.761234 12
-17.748732 7.930366 -10.866134 16
-16.838522 8.377366 -10.852934 15
-16.041172 8.844066 -10.971434 11
-16.424282 8.923166 -10.078434 16
-17.251752 8.500966 -9.699734 12
-16.844722 8.568166 -8.715434 7
-16.957762 8.131566 -7.870334 5
-17.910932 7.989366 -8.058334 7
-18.193032 8.510266 -8.816834 12
-18.449932 7.711066 -9.211734 7
-17.476632 7.541066 -9.233634 1
-16.961412 6.792866 -9.544834 11
-16.500112 6.072466 -9.026434 12
-16.387682 5.135866 -9.151134 1
-15.938562 4.418266 -8.693734 1
-15.930482 5.399366 -8.284234 16
-16.253922 4.904766 -7.569534 15
-16.664362 5.685666 -7.087134 13
-17.299232 5.107866 -6.690134 7
-17.092522 4.093966 -6.746734 16
-16.840692 3.498466 -6.034334 12
-15.973902 3.844666 -6.313234 1
-15.223662 3.715066 -5.846834 11
-15.262022 3.098766 -5.114434 12
-15.965122 2.829166 -4.477734 12
-16.836962 2.738266 -3.957434 9
-17.547532 3.171266 -3.529734 15
-18.067632 2.842266 -2.779034 7
-17.907632 2.322666 -1.936934 5
-17.270652 2.162966 -1.269734 16
-17.444132 3.050766 -1.242634 1
-16.582952 2.977066 -0.938834 13
-15.816452 2.306066 -1.027234 8
-14.932042 2.635166 -1.386834 7
-14.477992 3.379766 -0.912734 7
-15.167752 3.079166 -0.210134 12
-15.104152 4.020966 -0.388334 7
-15.201062 4.947466 -0.120834 8
-14.576912 5.035266 0.652566 15
-13.655002 5.362166 0.717866 1
-13.170052 4.871366 0.042166 7
-13.395082 5.488366 -0.727034 1
-13.440802 4.689666 -1.219734 7
-14.317552 4.336666 -1.507834 7
-15.023782 4.908966 -1.153834 11
-15.812112 4.760566 -1.673834 7
-16.525982 4.730866 -0.937434 15
-16.093122 5.487466 -0.627734 7
-15.476042 6.004966 -1.153634 11
-14.726022 6.401366 -0.739534 11
-14.449582 6.896766 0.129566 7
-15.355712 7.242766 0.358666 15
-14.928572 7.798066 -0.257634 11
-14.365832 8.388266 0.213166 1
-13.834762 7.628466 0.449566 1
-13.164502 8.155466 -0.016734 16
-13.021522 8.196566 0.969866 10
-12.197372 7.850966 1.345466 1
-12.309322 6.874266 1.397566 14
-11.411122 7.049666 1.186766 16
-11.849422 7.171266 0.275666 12
-11.553062 6.314966 -0.161834 1
-10.765822 6.631666 -0.713934 1
-10.676002 7.077466 -1.546234 1
-10.265102 7.365666 -2.322034 7
-10.897002 7.975466 -2.677434 16
-11.325532 7.118866 -2.762334 16
-12.084402 7.547966 -2.353334 16
-11.948932 8.423466 -2.062534 15
-12.530732 8.061566 -1.389334 16
-12.685002 8.909266 -1.049634 12
-12.428042 9.665266 -0.520634 1
-11.633232 9.714166 -1.185534 1
-12.286632 10.397866 -1.342334 15
-12.179022 11.234966 -1.920834 15
-11.406012 10.874866 -1.594934 1
-11.421142 10.680666 -2.525234 1
-11.940692 9.944166 -2.818734 5
-12.625572 9.576966 -3.350934 16
-13.110312 10.121866 -2.632534 15
-13.878372 9.895566 -3.204534 16
-14.704132 10.272666 -2.842534 12
-14.370932 9.401266 -2.441234 12
-13.600752 9.443066 -1.729134 8
-13.403482 8.899966 -2.480734 16
-12.614312 8.596466 -2.920234 16
-12.869082 7.815066 -3.383434 16
-13.810672 7.777166 -3.284934 16
-14.263742 7.330666 -2.512834 11
-13.420042 6.994066 -2.997534 16
-13.010832 6.724466 -2.148634 16
-13.866152 6.607766 -1.721634 11
-13.135782 6.784166 -1.054934 13
-13.610822 7.630266 -1.136134 16
-14.600412 7.539166 -1.197534 11
-14.699142 8.517766 -1.055834 16
-15.568232 8.767866 -0.798034 7
-16.271522 9.293566 -0.338234 8
-16.988942 8.940966 0.178266 1
-16.334652 8.234766 0.424966 1
-16.923922 7.511566 0.282366 1
-16.481622 6.682966 -0.096834 1
-16.663582 7.401566 -0.731534 11
-17.218992 6.893566 -1.317134 1
-17.231062 7.875766 -1.495134 1
-18.073532 7.678566 -1.005534 11
-18.371732 7.129066 -1.691934 1
-18.688632 7.653966 -2.486334 16
-18.769832 8.589066 -2.419434 16
-19.046932 8.704266 -3.353934 7
-18.970032 8.541566 -4.279634 16
-18.468532 7.785066 -3.970634 11
-18.192932 7.666666 -4.915034 1
-17.513532 8.162066 -4.424034 1
-17.495432 8.671166 -5.282634 5
-16.563372 8.291466 -5.284934 16
-15.757852 8.534466 -5.777434 15
-14.787282 8.522366 -5.673134 16
-14.950002 9.036166 -4.822134 5
-15.522742 9.427466 -4.168634 12
-14.808962 9.945666 -3.930634 12
-14.077152 9.484666 -4.250334 16
-13.167932 9.479966 -4.260634 16
-13.029252 10.427166 -4.421134 12
-13.704182 11.171866 -4.326434 16
-13.228602 11.408666 -5.128834 11
-13.608602 10.608466 -5.444434 7
-13.608542 10.101866 -6.257934 15
-13.759222 9.042966 -6.320534 16
-13.773912 8.635766 -7.205134 1
-14.586102 8.207666 -7.318734 1
-15.176482 7.497966 -7.609534 16
-14.535882 7.136366 -6.999134 15
-15.019242 6.274066 -6.877834 7
-15.351742 6.788066 -6.152334 1
-15.188912 6.953266 -5.212934 1
-14.265892 7.171066 -4.882534 16
-14.049602 6.607666 -5.627834 15
-13.474262 6.058766 -5.115534 13
-12.969852 6.903366 -5.131934 16
-13.076992 6.358466 -6.014234 15
-12.621672 7.270666 -5.978134 16
-13.238132 8.139366 -5.987734 16
-13.519282 7.796266 -5.175334 16
-13.233282 8.234566 -4.414134 16
-14.180402 8.143966 -4.295934 16
-14.889512 8.399266 -3.714434 12
-15.010892 7.437266 -3.732834 11
-15.752862 6.926666 -4.003834 1
-15.652532 6.144666 -3.412834 1
-15.642742 5.945666 -2.406234 11
-16.522302 5.942266 -1.964234 16
-16.058402 6.815766 -1.947834 11
-15.531502 7.623966 -1.804234 11
-15.243292 8.165466 -2.527334 12
-15.887172 7.841266 -3.144034 11
-16.141382 8.705366 -2.866034 12
-15.967662 8.742966 -1.912734 16
-15.673152 9.641566 -1.934234 12
-15.702042 10.569566 -2.068334 5
-14.920552 10.414866 -1.504034 8
-14.367172 10.159366 -0.771334 5
-13.483952 10.665366 -0.711534 15
-13.840092 11.501766 -1.053634 15
-13.674022 12.443266 -1.496934 1
-13.662142 12.401566 -2.425834 1
-13.013222 11.824266 -2.021534 15
-12.351212 12.422766 -2.338134 16
-12.417802 12.546666 -3.334734 1
-12.782272 11.589166 -3.298934 16
-12.638712 12.041066 -4.210334 7
-11.656382 12.076866 -4.473834 8
-11.536402 13.028866 -4.430934 8
-11.367052 13.990326 -4.603834 12
-11.008142 13.826166 -5.496834 16
-10.345822 14.245376 -5.006234 7
-9.494222 14.024676 -4.639134 16
-8.830962 14.448946 -5.226434 1
-8.177883 15.122346 -5.329934 1
-8.329092 15.062806 -6.252434 1
-9.164862 14.682606 -6.517034 1
-9.525532 13.859066 -6.740934 13
-9.074682 13.136066 -6.373634 1
-8.897712 12.214366 -6.269934 14
-8.952362 11.268666 -6.554634 16
-9.514852 11.073266 -5.794034 9
-9.365172 10.718166 -4.856034 1
-8.984492 9.929266 -4.372234 12
-9.379802 9.449166 -3.673034 7
-9.971992 9.933066 -3.075434 5
-10.779092 9.393866 -3.217934 1
-11.657192 8.976266 -3.131134 16
-11.579952 9.499366 -4.036634 7
-11.114112 8.563066 -3.913134 16
-11.493822 7.881566 -4.464734 16
-12.408482 7.456066 -4.209034 16
-12.488432 6.529466 -4.326734 16
-11.925142 5.788166 -4.486434 15
-11.206372 5.960066 -3.834134 11
-11.488332 6.869666 -4.002234 16
-10.564102 7.055966 -4.186634 5
-10.306352 6.153866 -4.440334 8
-10.973842 6.328566 -5.078234 16
-11.661052 6.119566 -5.722534 15
-10.786502 6.331066 -6.224634 12
-11.591242 7.021866 -6.188734 16
-11.910282 6.489266 -6.969834 1
-12.899922 6.406166 -7.060234 15
-12.947792 6.523366 -7.988534 1
-13.795292 6.707066 -7.620334 15
-13.763722 7.100166 -8.504234 12
-14.155692 7.887166 -8.792234 11
-13.940322 8.824766 -8.894134 16
-14.578902 8.991666 -9.535034 11
-14.319662 9.780066 -9.038934 16
-13.472022 9.686166 -8.551134 16
-12.486822 9.766466 -8.526334 1
-12.680182 9.586566 -7.606734 1
-12.548872 10.153266 -6.852634 5
-11.831812 10.245466 -6.132834 1
-12.286552 9.866466 -5.298834 1
-12.744192 9.039866 -5.009834 16
-11.774642 8.928266 -5.066134 16
-10.860852 8.733166 -5.348934 7
-11.338222 7.947466 -5.469434 16
-11.120642 8.263766 -6.309334 1
-11.332392 8.982366 -6.867734 16
-10.697372 9.419366 -7.474134 1
-10.757732 9.649166 -8.438534 12
-11.436152 10.286766 -8.683834 16
-11.617082 10.797366 -9.424634 1
-12.335142 11.262566 -9.780334 7
-12.591612 11.299166 -8.742034 11
