33.032998 1.875368 -19.528444 3
33.808798 2.138068 -19.105744 1
34.138298 1.297068 -19.412744 1
34.824798 0.736668 -19.749744 1
34.219298 0.248068 -19.204844 1
33.809298 -0.377432 -19.827644 1
33.128598 0.335568 -20.071044 16
32.761598 -0.196732 -19.311144 2
32.979098 -0.244532 -18.367244 1
33.312298 -1.044632 -17.705344 14
34.163098 -1.492632 -17.907344 12
34.000698 -1.117632 -16.944444 1
34.930298 -0.809032 -17.265044 4
34.931698 -1.637632 -16.848344 2
35.322598 -2.289032 -16.258944 1
36.019198 -2.489432 -16.810944 8
36.465498 -2.403832 -17.609744 2
37.235698 -2.078232 -17.091544 1
37.607898 -2.218332 -16.155344 9
38.423398 -1.677432 -16.123044 9
37.928898 -1.042032 -16.697244 15
37.075998 -0.549832 -16.435644 8
37.105198 0.425568 -16.263244 2
36.608898 0.961668 -15.645944 1
37.468898 0.650368 -15.295944 5
37.746198 1.481368 -15.759044 11
37.428798 2.028168 -14.951544 14
36.508898 1.748468 -14.975044 13
36.705298 1.583868 -14.038544 15
36.361998 2.319768 -13.521244 2
36.810798 1.664368 -12.894844 14
36.792298 0.792768 -13.238544 14
36.786698 -0.226032 -13.429044 2
37.325698 -1.136732 -13.459144 1
37.956798 -0.564432 -13.900844 6
38.212698 0.310268 -14.172544 2
37.893298 0.522668 -13.223444 14
37.903898 -0.143632 -12.479844 14
38.804498 -0.053332 -12.790244 12
38.997898 -0.881332 -12.325244 6
39.104398 -0.958432 -11.354144 8
39.040798 -0.021132 -11.496644 14
39.976398 0.293968 -11.268344 6
40.704298 0.280168 -10.644544 2
41.730398 0.196168 -10.869344 2
42.637998 0.505768 -11.131944 3
42.351198 0.803068 -10.235344 5
41.926498 1.296868 -9.478244 2
42.391698 0.595568 -9.146344 5
42.042098 -0.341232 -9.171244 2
42.242398 -1.013232 -8.511144 2
41.444998 -1.214332 -9.033444 11
40.805698 -0.512732 -9.011644 2
40.756198 0.425468 -8.751744 2
41.161998 0.796968 -7.980544 5
41.072198 1.359468 -8.715044 1
40.605298 1.097668 -9.645544 2
41.121998 1.560868 -10.359844 1
40.372398 2.086968 -10.030844 7
39.882498 1.990568 -10.852244 2
38.901898 1.848668 -10.809244 14
39.005998 2.779668 -10.896144 15
38.568898 3.681668 -10.987344 1
38.153298 3.381468 -10.179144 1
37.507898 2.837268 -9.700444 8
37.929598 2.051968 -10.128644 14
37.520498 2.536168 -10.901144 14
36.665298 2.737168 -10.541544 14
36.033298 3.332368 -10.231644 2
36.468798 3.308168 -9.375444 8
35.564298 3.686468 -9.328644 9
34.795498 4.112768 -8.895444 9
34.590298 5.023868 -8.789644 1
34.436198 5.725568 -9.414144 2
33.688998 5.339668 -9.846744 1
33.557498 5.084368 -10.773344 11
32.804598 5.753268 -10.794244 1
33.538498 6.319168 -11.166844 2
33.483298 7.126268 -11.709344 2
33.390898 7.422068 -10.765544 15
33.982598 7.910768 -10.218344 12
33.662898 8.779268 -10.556944 8
32.715898 9.001768 -10.838744 2
32.822998 8.475968 -9.988544 14
32.296398 8.048568 -10.695844 2
32.378498 7.458868 -11.455044 8
31.775298 6.754068 -11.268944 14
31.263498 5.951468 -11.493844 1
30.916498 4.999068 -11.706244 6
31.462398 4.364268 -12.170344 10
32.241198 4.955768 -12.308944 2
32.273698 4.868068 -13.317244 2
31.412198 4.974268 -13.794044 2
31.532098 5.105768 -14.739544 1
32.113698 5.759668 -14.152144 1
32.491498 6.420568 -13.570444 7
33.219298 5.802668 -13.662344 1
33.868598 6.428768 -13.364244 1
34.655698 6.349468 -12.684744 14
34.265998 5.564268 -12.308444 1
33.645398 5.024968 -11.838144 1
34.106698 4.461268 -12.547844 1
34.011998 3.608268 -12.943044 3
34.866598 3.307268 -12.566044 1
35.513498 2.642068 -12.159944 1
35.364698 1.804068 -12.609644 2
35.340898 1.211568 -11.843944 14
34.482798 0.981368 -12.309444 11
35.160398 0.308868 -12.263644 14
34.927598 0.221968 -13.189444 2
35.204698 -0.643632 -12.667244 5
36.066698 -0.421232 -12.258444 14
36.932998 -0.110232 -11.920144 14
37.194698 -0.926132 -11.520844 5
37.259298 -1.469332 -10.767744 5
37.989498 -1.420932 -10.163144 2
37.489798 -0.613832 -10.406844 2
36.793398 -0.164532 -10.901644 14
36.910298 0.744168 -11.277744 14
37.428598 0.566668 -10.491344 14
37.639798 0.197268 -9.681344 2
37.951598 0.686668 -8.824544 8
38.044498 -0.279832 -8.888544 2
37.115698 -0.197032 -8.625644 2
36.375198 0.239868 -8.163144 8
35.539898 -0.096932 -7.823444 15
34.808298 -0.455032 -8.371644 15
35.503598 -1.114332 -8.597844 15
36.453098 -1.277632 -8.730144 2
36.338598 -1.709332 -9.574044 1
35.904998 -2.560232 -9.672144 2
36.212098 -2.919832 -8.823344 8
35.301798 -3.154732 -8.894344 9
35.185998 -4.002632 -8.448844 1
34.275698 -3.684832 -8.375144 6
34.278898 -4.568732 -8.038244 8
33.970998 -5.002732 -7.243444 12
34.811298 -4.769232 -6.810744 9
35.591398 -5.065832 -7.238344 14
36.150598 -4.516232 -6.623944 2
36.591398 -5.267832 -6.264544 2
36.143198 -5.691732 -5.565944 3
35.640198 -6.473832 -5.937644 8
36.230598 -6.934032 -5.393744 2
36.971998 -6.387632 -5.536044 14
38.001998 -6.506032 -5.446644 12
38.155398 -7.110632 -6.239344 1
38.206098 -7.405732 -7.152844 6
38.963398 -6.980932 -7.595444 8
39.182598 -6.325532 -8.285344 2
40.118098 -6.189232 -8.362344 1
40.683398 -5.605032 -8.820444 2
41.062798 -4.730732 -8.510044 1
40.904698 -3.924732 -8.003744 11
40.841998 -2.959432 -7.768644 1
40.013198 -2.724232 -8.268844 5
39.888398 -2.614732 -9.213444 5
38.979598 -2.549632 -8.911344 2
38.841998 -1.970832 -9.629744 1
38.381398 -1.219732 -9.083944 2
38.398198 -1.886932 -8.345744 2
37.704698 -2.488632 -8.147044 6
37.616798 -2.053932 -9.016744 2
37.462998 -2.929432 -9.340344 5
37.452298 -2.323532 -10.127644 1
37.676398 -2.998932 -10.770044 15
36.815798 -3.361132 -11.169144 6
35.992098 -2.944432 -11.152944 2
35.547698 -2.043232 -11.184144 15
35.427198 -1.135832 -10.778144 15
35.704098 -0.270532 -10.342244 14
35.192598 0.541168 -10.572344 14
34.864698 1.449568 -10.641044 2
35.101498 1.854268 -9.835344 3
36.010098 1.747768 -10.069644 14
35.664398 2.166968 -10.841444 2
36.135298 1.409268 -11.289744 14
36.916098 1.764468 -11.758244 14
37.751298 1.939468 -12.176144 14
38.408298 2.172468 -12.940344 2
39.025998 1.837268 -12.305344 1
39.339398 0.935768 -12.274144 9
38.484798 0.961168 -11.899444 14
38.709998 0.793368 -10.919944 14
39.189798 0.430668 -10.186044 2
38.804998 0.989868 -9.509744 8
39.090598 0.158768 -9.172444 2
39.738198 0.790068 -8.945444 2
39.634898 1.673268 -8.619344 8
39.385598 2.388768 -8.022744 5
38.535298 2.535668 -7.578344 8
38.958498 1.952868 -7.002344 1
39.072098 1.045968 -7.256744 9
38.375198 1.173668 -7.910944 8
38.928898 0.492268 -8.141044 2
39.371998 0.035668 -7.431644 2
39.795498 -0.812832 -7.512644 2
39.135398 -1.429432 -7.203344 4
38.291198 -1.193332 -7.531444 2
37.960698 -0.353032 -7.777544 2
37.209598 -0.840132 -7.428044 1
36.632498 -1.595032 -7.725444 2
36.100298 -0.913032 -7.278044 1
36.369198 -1.340032 -6.425444 3
35.849298 -1.919132 -5.881644 1
35.074198 -1.864432 -5.205344 14
35.829498 -1.378832 -4.963744 7
35.516798 -0.555232 -4.560544 1
35.841298 0.185168 -4.048244 2
36.055098 1.098968 -4.249344 3
36.425798 0.406768 -4.943044 1
37.138698 0.646968 -5.506144 3
36.848498 1.441568 -5.988344 14
36.915398 1.182068 -6.901144 8
37.770898 0.647068 -7.093944 8
37.907598 -0.208032 -6.708444 2
38.386898 0.050768 -5.871644 6
39.075598 -0.243832 -5.192244 10
39.564098 0.544768 -5.592344 6
40.499798 0.756168 -5.622044 12
40.204598 1.624568 -5.168344 2
39.914698 1.113668 -4.374744 2
40.295998 0.615268 -3.621844 1
39.858598 1.005068 -2.798244 14
39.584598 1.788868 -2.279244 2
39.194898 2.531268 -2.841744 2
38.773298 1.701768 -2.796744 2
38.300798 0.851368 -2.798944 8
39.001598 0.569468 -2.192344 1
39.292698 -0.310532 -1.822744 7
38.479098 -0.842532 -1.883444 1
38.333398 -0.386032 -1.058044 3
37.614498 -0.375732 -0.448144 14
37.329398 0.142468 0.322856 14
37.943398 0.778268 0.831556 1
37.929698 -0.136132 1.110756 3
37.831598 -0.628532 1.946256 2
38.477798 -1.274632 1.607556 1
38.807098 -0.647832 2.201956 8
39.231498 -1.075932 2.940356 9
39.667098 -1.744232 2.467956 2
40.483598 -1.853832 3.067356 1
40.713698 -1.553332 3.975456 12
40.032798 -2.198732 3.971256 2
40.207098 -1.882332 4.972056 15
41.070898 -2.191932 5.393156 5
41.656598 -1.602932 5.041356 11
42.607898 -1.556232 4.779556 14
42.925798 -0.750332 4.366556 5
43.147398 -1.361732 3.697656 2
43.946098 -1.683732 3.237256 8
44.242598 -2.471532 2.845656 3
44.941098 -2.021932 3.221856 2
45.895698 -1.906032 3.073656 3
46.429998 -2.779032 3.104456 2
46.205598 -2.467932 2.223256 2
46.275498 -1.540332 1.963256 4
46.814498 -1.813732 1.178856 1
46.544098 -1.076332 0.600356 14
45.778998 -0.513132 0.615756 1
45.227298 -0.435632 -0.210144 2
45.314198 -0.096532 -1.098844 3
45.202898 -0.331432 -1.978244 14
45.404398 -0.449932 -2.922144 2
44.984698 0.360168 -3.191844 14
44.418498 1.092268 -3.547344 1
43.822698 1.088268 -4.290444 1
42.876598 0.884268 -3.964744 1
42.368898 1.527568 -4.531244 1
41.960598 1.989668 -5.347844 14
41.172998 2.222568 -4.865144 2
41.372098 3.170468 -4.902644 9
40.520098 3.190368 -4.482344 9
39.981398 3.221368 -3.628044 2
40.712298 3.595268 -3.113544 2
40.600998 4.524968 -3.355144 9
39.667798 4.219468 -3.581944 2
40.198598 4.317768 -4.399644 9
39.382998 4.821168 -4.424444 9
38.623598 4.228668 -4.246044 2
37.692398 4.312868 -4.541544 6
37.782098 3.557668 -5.148544 6
38.009798 2.649268 -5.187344 2
38.174698 1.838068 -5.600044 9
37.505598 2.170668 -6.218244 6
37.868498 2.867068 -6.794744 8
37.242598 3.585768 -6.812444 2
37.361998 4.146368 -7.626244 3
36.728798 3.714568 -8.142244 8
36.518298 3.085368 -7.421944 6
37.048398 2.273768 -7.581044 8
37.821798 2.059168 -8.054644 8
37.325398 1.737468 -8.820944 8
36.910298 1.243468 -9.510244 14
36.136098 1.502568 -9.073944 6
36.295398 2.002068 -8.272044 8
35.825398 1.724468 -7.396444 2
35.423498 1.539768 -6.593444 3
35.720698 2.383068 -6.329344 14
35.927198 1.788468 -5.566144 2
34.957598 1.850568 -5.361544 10
35.336698 2.783568 -5.382544 3
35.280298 3.552068 -4.735244 14
35.417198 3.328468 -3.767444 1
34.730698 3.048268 -3.106744 12
35.458298 2.917468 -2.501244 3
36.201298 3.188668 -3.069044 2
36.979598 3.922168 -3.164644 3
37.867798 3.614968 -3.180544 2
38.003398 3.185468 -4.103844 2
37.086998 2.843768 -3.940944 12
37.261098 1.913668 -3.470144 2
38.066098 1.892068 -4.042644 3
38.848698 2.488868 -4.170644 2
39.369998 3.229868 -4.474944 2
39.736598 3.794268 -5.211944 9
39.460898 3.527168 -6.170944 8
40.483998 3.343268 -6.112544 9
40.338398 2.727268 -5.406644 2
39.841698 2.310968 -6.261744 1
40.784898 2.404368 -6.621344 3
41.715498 2.314168 -6.284044 1
42.642598 2.147368 -6.541244 1
42.674098 1.296168 -6.893244 14
43.308298 0.511068 -6.810944 8
42.837398 0.046168 -7.411544 2
41.989098 -0.160532 -7.152844 1
41.512398 -0.939932 -7.491244 8
40.898098 -0.318432 -7.853444 2
40.843398 -1.235832 -8.167644 1
39.903998 -1.290432 -8.389444 2
40.009498 -1.555232 -9.319644 1
39.396298 -0.749932 -9.323344 2
39.504398 -0.759832 -10.321644 2
40.355298 -0.948932 -10.837844 3
40.883798 -0.698532 -10.001144 2
41.103298 -1.680632 -10.105144 6
41.100398 -2.313132 -9.409444 8
41.835798 -2.747232 -8.998444 3
41.304798 -3.513332 -9.122844 6
41.342698 -4.381632 -9.718844 6
42.188298 -4.241032 -9.292544 7
42.109998 -4.103832 -8.327744 14
42.244298 -4.774032 -7.636144 1
42.812598 -4.061032 -7.287244 1
43.708198 -3.882832 -7.036944 8
43.974398 -3.357732 -7.793944 9
44.723398 -3.939632 -7.447444 14
45.616098 -3.687732 -7.887744 3
45.940098 -3.175732 -8.653144 8
45.801398 -2.189832 -8.585044 14
46.191098 -1.810432 -7.749144 2
45.629798 -2.493432 -7.282244 2
44.840798 -1.886732 -6.987744 12
44.303698 -1.453832 -6.385044 2
43.742898 -1.862732 -5.619344 8
43.894698 -2.797032 -5.713044 2
44.583298 -3.460732 -5.710944 3
44.552398 -3.009932 -4.853044 14
44.517998 -3.786132 -4.243844 9
45.487698 -3.567232 -4.123544 3
45.340398 -3.518732 -3.183344 2
45.058798 -4.005932 -2.472144 1
44.295998 -4.369132 -2.899344 10
43.817098 -3.609532 -3.286544 2
44.224898 -3.105232 -2.593044 2
44.533498 -2.486332 -3.242144 1
44.880398 -2.341432 -2.396644 2
44.574398 -2.795432 -1.656044 1
44.068098 -2.225132 -1.099344 3
44.914798 -1.761632 -1.445844 2
44.369998 -1.079232 -1.119744 1
43.618798 -0.494832 -1.010944 9
43.184798 0.226368 -0.519844 1
43.880798 0.740368 -0.924644 9
43.485998 1.613468 -1.236044 3
42.995098 2.393268 -1.159044 6
42.496498 1.809868 -0.590144 6
42.462398 1.510468 0.327356 2
41.906698 2.162968 0.779256 8
41.326398 2.450168 0.065956 6
41.018798 3.264268 -0.292744 6
40.455098 2.951068 0.420256 2
40.042198 2.337168 0.994156 12
39.971498 2.869668 1.735556 14
39.023198 2.935468 1.797756 2
38.537898 3.672668 1.387056 3
38.316798 3.885968 0.494356 2
37.772798 4.638468 0.325056 8
37.098498 4.956468 -0.270644 8
36.730198 4.191668 0.143156 2
36.093698 4.804468 0.570756 1
35.295298 4.629468 1.092556 3
34.989998 3.698868 1.105856 3
35.629798 3.191168 0.608556 12
35.558798 2.381068 1.071556 4
36.419598 1.883068 1.069456 1
36.794898 1.470768 0.301656 14
36.818598 2.356368 -0.143444 2
37.718198 1.924268 -0.224244 14
37.989898 2.746668 0.307256 1
37.604098 3.203968 -0.419544 8
37.805698 2.527168 -1.163444 2
38.635698 2.647968 -0.640444 1
39.454798 2.121368 -0.966844 2
39.328498 1.206368 -1.184244 1
38.414798 0.903568 -1.170144 14
38.626498 0.907768 -0.215144 14
39.421498 1.253368 0.300256 9
40.157198 0.653168 -0.058544 2
40.780598 1.375168 -0.184044 9
41.140498 1.880468 -0.930844 3
41.687298 2.222268 -1.713444 6
40.738898 2.027868 -1.919144 2
40.886598 1.387268 -2.699144 9
40.592798 1.711468 -3.544344 2
40.948798 2.586268 -3.738744 2
41.660798 3.190168 -3.484444 9
41.387898 2.899468 -2.595944 2
41.383798 3.168768 -1.671044 6
40.570398 3.417168 -2.025044 2
39.932698 2.714068 -1.748144 2
39.468498 3.529068 -1.520744 2
39.217498 3.942968 -0.693444 1
39.054198 4.855368 -0.884644 8
39.729698 5.232168 -1.432344 3
39.448298 6.186468 -1.311644 3
38.838998 6.284568 -2.125244 3
37.984998 5.834768 -1.932644 10
37.611698 4.998368 -1.638044 8
37.188698 4.455968 -2.363344 1
37.309798 3.940868 -1.538944 8
38.207798 4.093368 -1.726944 8
38.543698 3.323468 -2.397344 2
37.748798 2.827768 -2.171444 2
37.998798 1.904368 -2.211644 2
37.576898 1.149168 -1.725244 14
36.961898 0.456668 -1.641244 2
36.683898 0.083968 -0.789244 14
35.774598 0.281368 -0.846244 6
35.344898 0.464468 0.029656 14
34.607498 0.417768 0.620656 3
34.395798 0.451068 1.647056 8
33.808798 0.822568 2.318456 7
33.855098 1.469368 2.999656 3
34.192798 2.219468 3.379056 4
34.052798 2.515068 2.364956 3
33.943498 3.467768 2.569056 3
34.569798 3.689268 3.311156 6
34.824098 4.621868 3.487756 2
35.044598 4.811568 4.393456 3
34.788098 4.146268 5.033456 1
34.646198 4.835068 5.686356 2
34.709598 5.812668 5.468156 5
35.604298 5.817268 5.035356 10
36.296698 6.327068 4.529756 3
36.981898 7.049968 4.407656 2
37.515598 7.705668 5.010556 3
38.475098 7.544268 5.235656 1
38.516398 6.475468 4.981556 3
39.312398 6.173568 5.475856 5
40.112998 5.862768 5.810356 13
40.424998 6.236468 5.036856 2
40.179598 6.372168 4.147256 7
40.188598 6.614468 3.156656 6
39.800798 6.788168 2.266056 9
38.941598 7.012768 1.870356 9
38.786098 6.057068 1.682856 3
38.486998 5.160668 1.746956 8
38.355698 5.289668 0.815956 1
38.968198 5.174668 0.114456 1
38.984698 6.010668 -0.423644 3
39.362198 6.135468 0.400456 3
38.721198 6.784168 0.615056 9
37.882598 6.374068 0.643056 1
37.619598 5.962568 -0.172044 14
37.465498 6.917668 -0.239744 8
37.797298 6.580068 -1.079644 3
37.026798 6.867068 -1.578444 10
36.585898 7.531068 -1.058144 1
36.117698 7.723168 -0.142744 4
36.805998 7.886568 0.524456 2
37.563698 7.763068 1.123356 3
38.293798 8.229568 1.664256 1
39.026598 8.583568 1.147256 9
39.331898 7.796768 0.635956 9
39.292798 7.765568 -0.346444 3
39.799898 8.463368 -0.828344 5
39.965798 7.536768 -1.169644 3
39.083198 7.095868 -1.159644 3
38.196298 7.579368 -1.332144 13
37.718798 8.243968 -1.825444 2
37.043598 8.269968 -2.514444 14
36.966398 7.378368 -2.700744 10
36.536998 7.342068 -3.613644 12
36.964098 7.476768 -4.439544 1
36.724298 8.452668 -4.620644 1
36.615998 9.070668 -3.808644 1
37.115098 9.895468 -3.968544 2
38.008598 10.172768 -4.169044 8
38.642898 9.384468 -4.331144 6
39.249698 8.650668 -4.161144 3
39.126698 7.882968 -4.708144 3
38.092598 7.718268 -4.551944 1
38.682098 7.072268 -4.011744 3
37.908898 6.922768 -3.413744 10
38.065498 6.090568 -3.089544 10
38.326698 5.197468 -2.948144 7
38.886898 4.323068 -2.797944 2
39.526198 5.044068 -2.487444 3
40.461598 4.973968 -2.290844 4
41.268198 4.490968 -2.105044 6
41.552198 5.024068 -1.419644 6
40.743098 5.563968 -1.393244 3
40.564498 5.001568 -0.670544 6
40.233998 5.009068 0.228656 3
40.348698 4.870768 1.246556 12
40.048498 5.741868 0.992356 9
40.573798 6.305568 0.389256 3
40.865198 6.283868 1.312356 6
40.633898 7.099568 1.722056 9
41.263398 7.523068 1.174356 13
40.408198 7.690768 0.743056 9
40.408598 7.946368 -0.233844 3
41.017098 8.609768 0.143156 8
41.232898 9.594268 0.069856 5
40.728698 9.522068 0.899156 9
40.855098 10.465168 1.020856 3
40.676998 10.902368 0.166356 3
40.162798 11.638168 -0.286544 14
39.346498 11.966668 0.038056 10
38.576898 11.545268 -0.282944 3
39.371998 11.158468 -0.675644 14
39.748898 10.375368 -1.047844 5
38.941598 9.973868 -1.295044 5
39.260798 9.512468 -0.582844 5
38.982298 9.124568 0.292456 9
38.647798 9.820868 0.840456 3
38.064598 10.519168 0.357256 8
38.051098 10.680068 1.285056 10
37.806798 11.553068 1.253456 4
38.737898 11.494968 1.195156 3
38.976198 12.202968 1.737156 1
39.523398 11.554368 2.172056 3
40.049598 10.760968 2.262456 1
39.565498 10.079068 1.868956 1
39.702298 9.075668 1.616356 9
40.575198 8.615668 1.516656 9
41.515898 8.699668 1.312756 1
42.524998 8.906868 1.272756 1
43.358198 8.785468 1.694056 3
43.107098 7.794868 1.386556 1
42.893798 7.237268 0.685956 1
42.485398 8.044168 0.376256 4
41.952698 7.893168 -0.425244 3
42.195898 7.136368 -0.924044 3
42.921498 6.601668 -0.462744 11
42.803398 5.542968 -0.282944 6
43.186198 4.720168 -0.001944 6
42.581898 4.350468 0.725156 3
42.166398 3.554568 1.051656 13
42.569898 3.479468 0.158956 3
42.039198 3.902068 -0.476244 6
41.666498 4.771768 -0.403744 6
41.300598 4.651468 0.487856 10
41.802198 5.475768 0.346456 15
41.877998 6.252068 -0.273344 13
40.983198 6.602568 -0.499244 3
40.459098 6.573468 -1.318644 3
40.892698 6.959468 -2.103644 3
40.492198 7.842268 -1.975944 3
40.572598 8.563668 -1.414844 5
41.470798 8.353468 -1.873344 3
41.809898 9.145668 -1.386744 9
40.936998 9.464968 -1.737444 5
40.440198 9.873268 -2.406944 12
39.757198 9.668668 -3.048644 1
39.309098 10.336468 -3.577444 3
39.812098 10.740268 -2.867944 4
38.938398 11.264468 -2.531844 9
38.943498 11.453468 -3.502444 8
38.103798 11.827668 -3.240644 9
37.545198 12.017068 -2.474644 8
36.736698 11.371568 -2.335144 4
36.503798 12.269368 -2.201044 3
36.001098 12.901468 -2.741244 5
36.284398 13.814068 -2.459644 3
36.948498 13.359068 -2.997044 2
37.454098 14.109168 -3.442044 3
37.656298 13.688668 -4.410244 1
37.804698 13.588168 -5.359544 1
38.646398 13.209668 -5.421544 10
38.831998 12.351368 -5.025544 5
39.399698 11.545468 -5.386144 6
38.935098 10.733068 -5.501444 1
39.688598 10.237368 -6.081044 3
39.223798 9.444368 -5.743944 5
40.133798 9.005768 -5.821844 3
40.334598 9.800468 -5.341844 1
41.015198 9.720068 -4.695344 6
40.649498 8.818168 -4.744444 3
40.047498 8.108968 -4.541244 3
40.622398 8.075668 -3.766944 10
40.925198 7.106568 -3.767044 3
40.648498 6.605568 -4.461944 3
40.755098 5.873768 -5.045044 9
39.798098 5.849568 -4.970244 9
39.324398 6.625468 -5.322844 14
40.160898 7.248668 -5.067144 3
40.913598 6.896268 -5.424744 3
41.273698 6.175468 -6.010444 9
42.178598 5.831268 -5.749244 13
42.136098 4.976868 -6.170644 13
41.221398 4.950568 -5.824644 9
40.561398 4.479468 -6.320344 9
40.415798 4.653268 -7.322644 1
39.816898 3.868768 -7.361744 1
39.279098 4.410368 -6.774544 4
39.198798 5.104468 -6.035844 9
38.363098 5.095368 -6.564644 8
38.123598 4.145568 -6.312144 3
37.303498 4.618768 -5.935144 4
36.497898 4.882668 -5.460944 6
36.459498 5.893868 -5.507044 1
37.089698 6.281168 -4.916944 6
37.979198 6.501068 -4.554044 1
38.484698 5.792368 -4.134444 1
39.267898 5.725968 -3.593844 9
39.574498 6.512168 -3.101944 3
39.067098 7.294368 -2.976344 3
38.320198 7.886268 -2.936744 10
38.376698 8.712968 -2.421344 5
39.319498 8.968968 -2.490144 5
40.175898 8.626368 -2.670144 11
40.115298 7.680468 -2.912844 3
40.481198 6.778668 -2.968644 3
40.694698 5.854968 -3.151444 9
41.216898 5.896168 -2.306444 3
42.170498 5.981268 -2.322444 3
42.491198 5.805868 -1.449444 6
42.594698 6.747868 -1.739344 5
41.875898 7.354368 -1.933244 3
42.730898 7.759768 -2.020144 1
43.026298 8.027068 -1.081644 8
43.799598 8.569168 -0.907444 5
44.104498 8.243568 -1.781944 1
43.841898 8.934568 -2.301944 12
42.961998 9.346668 -1.875544 9
42.254798 9.673768 -2.440844 15
42.839398 9.339368 -3.215244 3
42.914798 8.522668 -2.798144 4
41.948198 8.508768 -3.017744 3
41.670298 8.610568 -3.952344 8
41.837498 7.670968 -3.831644 3
42.444398 7.567368 -3.147344 3
43.147398 7.036868 -2.723244 14
43.513298 6.243168 -2.227544 3
44.455198 6.353068 -2.317744 1
44.571098 5.779468 -1.487544 10
43.928098 5.154868 -1.156744 3
43.345898 4.875068 -1.805644 6
42.974298 4.018468 -1.935144 6
43.549998 3.269368 -1.642544 3
42.829398 3.592768 -1.070044 6
42.014898 3.945168 -1.588744 6
42.038298 3.818368 -2.572844 6
41.922598 4.298968 -3.362844 9
42.740798 4.730968 -3.384144 4
42.459998 5.464968 -3.876344 5
42.303698 6.421568 -3.786544 3
41.419698 6.104468 -3.826644 3
41.412598 5.091768 -3.839544 9
41.161698 4.995168 -4.761144 9
41.743298 5.756668 -4.830044 3
42.261198 4.962868 -5.000144 13
42.007398 4.022268 -5.067944 9
42.978498 4.086068 -5.298844 13
43.187598 3.093968 -5.449344 1
42.567798 3.333568 -6.125044 3
42.272498 3.202268 -7.045644 1
42.127598 3.444868 -8.002744 3
42.434698 4.329368 -8.229644 1
42.650898 5.326268 -8.456844 5
41.925798 5.844168 -8.841244 1
40.945498 6.028368 -9.136644 3
40.894798 6.831768 -9.748544 9
40.468398 6.353268 -10.435644 5
39.880798 5.999468 -9.793944 1
39.690698 5.025868 -9.692044 3
39.630398 4.260768 -10.276344 10
39.147998 3.409168 -10.083744 3
38.835998 2.689368 -9.497744 4
38.237798 2.920368 -8.800844 8
37.670998 3.785268 -8.716344 8
37.496998 4.730768 -8.773944 15
36.733898 4.601368 -9.311544 3
36.017398 5.300268 -9.434844 3
36.426198 6.026068 -9.988444 6
36.251298 6.739568 -9.407544 4
36.370798 7.124768 -8.530344 3
36.563498 7.911768 -7.873644 9
36.591198 8.179968 -6.921644 6
37.506198 7.789668 -6.894244 3
38.172598 7.420768 -6.372544 8
38.993898 8.016368 -6.595544 5
39.748198 7.621768 -6.087544 3
40.089898 6.735468 -6.241044 9
40.769998 7.397468 -6.497044 3
41.002498 7.000768 -7.305244 14
40.860998 6.138968 -6.920644 9
41.792498 5.934368 -7.129044 13
42.366698 6.729768 -7.135544 3
42.763898 7.346968 -7.809944 5
42.685098 8.062868 -7.156344 9
43.701898 8.153368 -7.133744 3
43.405098 9.076868 -7.121044 1
44.357798 9.169668 -7.397344 4
44.620998 9.251268 -8.359944 9
45.436098 9.033768 -8.816644 9
46.188998 8.904668 -8.270044 13
46.034098 8.989468 -7.356744 10
45.743898 9.676068 -6.632944 3
45.098698 8.968468 -6.498244 3
45.033698 8.736068 -5.549744 6
44.351998 9.397868 -5.257344 3
44.398998 10.314968 -4.908244 1
43.517098 10.671268 -5.155044 1
43.049198 9.913868 -4.923044 15
43.046098 8.967568 -5.201844 1
43.434998 8.231968 -4.661044 3
43.767898 7.957968 -3.772044 3
44.413198 7.388568 -4.284444 6
43.981298 6.381668 -4.156644 6
44.060698 6.587868 -5.077144 6
44.250098 5.673268 -5.305844 10
44.775698 6.120868 -6.016044 8
44.577798 6.745468 -6.666644 9
44.167198 6.246068 -7.522044 5
44.604698 6.391168 -8.380344 5
44.690898 7.336368 -8.570744 9
45.211498 7.876668 -7.996844 3
44.500998 7.442968 -7.486644 6
43.577698 7.068768 -7.129244 5
43.227098 7.051968 -6.266444 6
43.179598 6.326768 -5.714144 13
42.604498 6.992968 -5.402044 3
42.788898 7.941768 -5.457344 10
42.145598 7.898268 -4.739844 3
41.771098 7.564968 -5.517644 3
41.924298 8.341668 -6.056344 11
41.551398 8.701068 -5.228044 3
41.821798 9.450268 -5.823744 1
42.148198 10.369368 -6.128344 1
43.060198 10.143568 -6.035544 8
43.069098 10.340968 -6.966844 4
43.214298 10.917368 -7.756344 3
44.095998 11.015568 -7.400644 1
44.261698 10.540668 -8.206144 4
44.027498 9.890468 -8.913344 9
44.058998 10.169268 -9.857244 9
43.305598 10.327868 -10.404944 3
43.600298 9.469368 -10.735844 1
44.190798 8.853568 -11.130344 3
43.927398 8.457668 -11.905044 3
43.031498 8.456268 -11.663944 1
43.124698 7.902168 -10.867144 3
42.953998 8.750268 -10.277944 6
43.532498 8.670468 -9.501644 9
44.115598 8.193168 -10.078644 9
44.034698 7.246168 -10.122844 3
43.720498 7.493068 -9.295844 9
43.913098 6.492368 -9.307744 5
42.957398 6.508268 -8.962544 5
42.270798 6.740668 -9.552944 15
42.874898 7.121368 -10.106144 3
42.380398 6.418668 -10.527744 10
42.393898 7.098868 -11.297044 9
43.374498 7.155568 -11.384844 3
43.609798 6.258968 -11.106944 6
44.355898 6.708968 -11.424444 3
44.238898 5.840168 -11.878544 5
43.751098 6.518868 -12.448544 3
43.768698 7.410168 -12.787944 13
44.506998 7.637068 -12.186944 3
45.362598 7.709168 -12.495644 3
45.794198 8.039068 -13.243144 13
46.486198 8.465368 -12.595944 3
47.384498 8.042568 -12.553144 6
48.095098 7.485968 -12.827544 1
47.698998 8.143568 -13.458744 1
47.542898 9.121968 -13.475844 10
47.434498 9.982268 -13.146344 6
47.964298 10.085268 -12.383044 6
48.911898 9.907068 -12.365544 3
48.594598 9.530168 -13.143244 5
48.664798 8.601068 -13.072344 12
48.363698 8.808268 -12.199044 6
48.887798 7.991568 -12.065844 9
48.104698 7.561068 -11.666644 4
47.779698 7.524468 -10.691844 13
47.032598 7.571868 -11.342444 3
46.339798 6.917868 -11.321444 3
46.103798 7.118668 -12.209244 3
46.974698 6.872368 -12.375144 14
46.519398 6.111768 -12.156644 4
45.556798 6.058868 -11.806144 3
45.273598 5.646768 -12.639444 11
46.074698 5.897968 -13.054244 4
46.706598 5.277768 -13.475544 3
47.538198 5.409868 -13.951744 8
48.222398 5.427268 -13.155844 3
48.831998 4.756168 -13.472144 1
49.359698 4.767768 -12.654144 1
49.510098 5.293668 -11.814644 6
48.682498 5.590668 -11.466244 6
47.790398 5.195668 -11.366044 1
47.711898 4.578368 -10.670544 6
47.253698 3.830768 -11.221044 3
46.828698 2.924968 -11.182844 10
46.133698 3.484868 -10.847144 9
45.277498 3.888368 -10.771844 4
44.618598 3.603668 -10.083744 9
44.001598 3.009068 -9.672744 1
43.222598 3.333068 -10.153744 3
42.366198 3.264168 -10.670744 9
41.934598 4.066568 -11.211844 15
41.312998 4.761768 -11.113344 8
41.705698 5.371068 -10.523244 1
42.613598 5.182068 -10.257544 5
43.142098 4.494868 -10.571744 3
43.464998 4.442368 -9.708144 1
43.797598 4.653568 -8.763644 5
44.418798 5.216868 -9.131444 5
45.103398 4.785768 -9.632944 8
45.139698 5.756768 -9.924144 10
45.215998 6.395168 -10.737344 3
45.005098 7.290768 -10.390344 3
45.955298 7.545968 -10.473544 3
46.796298 7.229468 -10.293544 9
47.644398 6.962268 -9.788244 13
47.208498 7.516568 -9.125644 13
46.369498 7.478768 -8.659444 10
45.523198 8.019368 -9.055344 9
45.165998 8.292668 -9.876644 9
45.193398 8.235068 -10.853544 3
44.954698 8.377768 -11.762344 3
45.611098 8.839168 -12.216744 3
46.379598 9.286968 -11.734244 6
46.261198 8.915168 -10.896244 3
46.979598 8.569568 -10.242744 13
47.254198 8.821068 -9.417044 13
46.280098 8.777668 -9.570544 11
45.657498 9.427168 -9.848944 9
44.936198 9.953968 -10.318344 9
44.417898 10.134068 -11.096644 3
44.245698 10.548068 -11.912544 5
45.182398 10.960268 -11.970944 5
46.030198 10.764068 -12.396044 6
45.590498 9.907168 -12.125744 3
46.333198 9.628068 -12.774444 6
45.585198 10.212168 -13.161044 4
45.433598 9.213568 -13.163144 3
44.549098 9.572568 -13.172744 3
44.844098 10.157568 -13.815844 5
45.596198 10.843868 -14.040444 6
46.518798 10.902868 -14.330844 8
47.085498 11.424768 -13.747844 6
47.516298 10.719468 -14.153244 6
47.459598 9.813468 -14.389944 3
47.544598 9.112568 -14.989044 15
47.192598 9.579768 -15.750544 3
46.649298 9.128968 -16.355644 1
46.266898 9.763968 -17.073144 1
45.492398 10.329768 -17.298744 1
45.162198 9.508268 -17.629344 10
44.712098 9.352168 -16.713644 4
45.087498 8.504668 -16.297544 1
45.576998 8.610068 -15.444344 3
44.981898 8.118168 -14.744844 10
44.509098 8.413068 -13.974044 3
43.608498 8.540468 -13.618444 1
43.478798 8.921968 -12.714844 3
42.571598 8.623868 -12.743344 1
42.516298 9.603868 -12.991544 3
43.071698 9.498768 -13.776944 1
42.335198 9.985668 -13.950044 9
42.573498 10.924168 -13.681744 14
43.169798 11.596268 -14.081444 9
43.736498 11.577368 -13.297844 5
43.571098 10.802168 -12.687444 5
42.881198 10.767868 -12.069244 12
42.760098 11.238068 -11.196844 11
43.498298 11.792968 -10.754244 4
44.078198 11.628268 -9.985644 3
44.628598 11.071568 -9.433944 9
45.363698 11.419468 -9.973044 3
45.877798 10.630068 -10.016444 4
46.008398 9.964968 -10.661844 3
46.497898 10.671668 -11.168944 6
47.288198 10.885168 -10.495144 10
48.078298 10.541968 -10.843044 10
47.521498 9.825268 -11.180444 6
47.738698 9.730568 -10.261744 10
48.237398 8.980868 -10.424344 13
48.690798 8.457868 -11.211544 9
49.543598 8.729068 -10.869144 4
49.047098 8.232668 -10.253644 13
49.208398 7.343568 -10.732644 10
48.590398 7.099768 -9.977644 13
48.774498 6.415768 -10.719344 6
47.906898 6.196968 -11.106344 4
47.392398 5.862368 -10.342944 10
46.852398 5.851868 -11.167744 8
45.949598 5.620368 -10.876444 3
46.384098 5.120568 -10.196444 1
46.548898 4.927468 -9.251544 1
46.835798 4.569268 -8.338544 4
46.840898 4.373968 -7.397344 4
45.880898 4.243268 -7.694644 4
45.508998 4.854368 -8.318744 5
45.598498 5.554268 -7.707444 13
45.885198 6.508468 -7.714644 10
46.789098 6.651368 -7.458644 5
47.509698 6.572468 -8.110044 1
47.797198 7.458068 -7.975244 13
47.768598 8.053468 -7.245044 4
46.766798 8.098868 -7.317144 13
46.765998 7.805868 -6.408144 3
47.291598 7.356768 -5.784944 6
48.286898 7.601968 -5.913144 3
49.228898 7.329968 -5.698044 10
49.273998 6.418068 -5.474844 10
48.681198 5.701968 -5.959544 3
48.527598 5.297868 -6.769444 11
47.627198 4.822168 -6.982044 4
47.503698 5.771868 -7.319144 9
47.543198 6.099568 -6.429244 10
46.900998 6.267168 -5.741844 11
46.540998 5.685768 -6.418144 6
47.130998 5.034868 -6.098344 11
46.251798 4.610168 -6.392944 4
46.158198 3.843168 -5.832044 4
45.191098 3.713168 -5.862044 8
45.255198 4.217668 -6.706344 4
44.351198 4.699368 -6.829144 10
43.818898 5.469768 -6.573244 13
43.512398 5.357968 -7.464444 5
42.997198 4.722968 -6.743944 13
43.388598 3.815768 -7.019544 6
43.161698 3.208868 -7.682544 1
43.634298 3.794668 -8.177544 10
44.552098 4.200368 -8.407044 5
44.981298 3.323668 -8.301544 1
45.703498 3.007468 -7.708244 4
45.038398 2.380368 -7.703044 10
45.663298 1.908168 -7.100044 13
46.108998 1.093468 -7.412144 6
45.681298 0.224968 -7.184544 10
45.573598 0.208168 -8.170644 1
45.372998 0.784468 -8.909144 3
45.657398 1.662368 -8.705844 1
46.219198 2.418568 -8.464344 4
46.128198 3.003668 -9.228644 10
46.224798 3.981668 -9.278144 12
47.136198 3.827968 -8.995544 4
47.121698 2.833468 -8.913344 4
48.104198 2.872368 -8.954344 13
48.152598 2.705668 -9.899444 15
48.365698 3.381068 -10.559644 3
48.663798 3.894068 -11.247844 9
49.185098 4.694568 -11.111644 6
49.905498 4.229368 -10.640844 1
50.786198 4.418768 -10.720544 9
50.679198 4.334568 -9.755044 8
51.160498 5.158668 -9.436344 4
51.680098 5.671268 -8.837744 4
51.306698 4.901568 -8.488144 4
51.446398 3.941368 -8.084244 2
50.581798 3.769168 -8.518844 3
50.822998 3.208668 -7.843444 15
51.697698 2.934168 -7.457944 10
51.077698 2.189468 -7.399844 13
50.896398 1.898368 -8.290344 5
51.180098 2.198068 -9.182644 13
52.086898 2.049368 -9.672844 10
51.405298 2.440168 -10.137044 11
51.453198 2.667268 -11.079944 3
51.777898 1.867268 -11.522944 1
51.017398 1.180768 -11.700144 13
51.133598 0.282568 -11.129544 4
51.279098 -0.215332 -11.938944 1
50.579398 -0.378932 -12.519944 1
49.846198 -0.957832 -12.521344 9
49.865698 -0.391132 -11.768544 10
50.136098 -0.664832 -10.839044 1
50.344998 -0.544632 -9.892644 10
50.444398 0.373668 -10.250544 1
50.256898 1.368068 -10.303644 3
49.397798 1.836768 -10.424044 4
49.625098 2.890768 -10.256744 10
49.221498 3.661168 -10.008544 1
48.596798 4.325868 -9.776344 6
48.107298 4.202268 -8.955244 4
48.126498 5.105468 -9.387844 6
48.059398 6.070268 -9.449244 1
48.563198 5.998568 -8.575544 13
48.556198 5.162968 -8.120444 1
48.976098 5.811968 -7.543944 3
49.968498 5.746268 -7.695944 4
50.505698 6.318468 -7.110744 10
50.437098 6.722368 -8.068544 4
50.759598 7.622068 -7.870944 10
50.560198 8.478168 -8.180844 8
49.908098 8.126268 -7.552144 11
49.789798 7.227468 -7.236444 10
49.165498 7.467468 -7.913144 5
49.101998 8.367668 -8.186544 8
48.236798 8.173268 -8.669744 13
49.013698 7.820768 -9.290844 13
49.986598 7.693768 -9.346144 5
50.276398 6.813068 -9.085244 4
49.340898 6.697168 -9.017844 13
49.203198 6.087268 -9.701744 6
50.108598 5.780168 -9.819044 4
49.652798 4.739868 -8.832144 3
50.376798 4.837568 -8.138044 4
50.250798 4.075768 -7.568544 15
49.775898 3.495068 -6.991244 10
49.838598 2.846968 -6.242944 1
49.226398 2.020468 -6.516844 4
49.767298 1.632768 -5.773544 11
50.661298 1.519268 -5.365744 11
50.934798 2.461868 -5.169844 9
51.802098 2.070268 -4.999944 5
52.025598 2.961468 -4.615344 10
52.127398 3.841368 -5.179744 8
51.299598 4.147068 -4.796844 6
51.421498 4.964368 -4.270744 13
50.805098 5.003868 -3.475644 9
50.105398 5.459168 -3.984744 3
50.497698 6.215768 -4.469344 10
50.440198 5.942668 -5.479244 10
49.864698 5.300468 -5.916044 13
49.609398 4.773868 -6.679244 12
48.963798 4.055768 -6.354744 5
48.236498 3.964668 -6.901944 4
48.727898 3.509968 -7.600844 13
48.101198 2.754868 -7.680244 1
47.409598 3.275068 -7.223944 4
46.696598 2.641668 -7.320644 4
46.603398 2.099268 -6.568844 1
46.907998 2.893168 -6.243444 4
47.381198 3.263168 -5.520644 4
47.760198 4.114168 -5.238044 1
47.832498 5.026468 -5.043144 1
48.248298 5.524468 -4.270244 15
47.436898 5.988468 -4.486944 3
46.768498 6.652568 -4.224044 3
47.163098 7.184168 -3.492044 10
47.460098 8.108068 -3.176244 4
47.688098 8.912168 -3.691144 1
46.858998 8.934468 -3.193244 1
46.540798 9.820868 -3.157144 10
45.611298 9.702068 -3.398444 1
45.730298 10.610268 -3.627444 4
45.904398 11.615868 -3.520444 4
45.051798 11.861968 -3.887244 13
44.322298 12.291568 -4.457644 5
44.722498 11.659268 -5.006944 10
45.118498 11.873768 -5.847544 1
46.044098 12.129368 -6.009644 10
46.579298 11.545668 -6.536244 13
46.701698 12.249568 -7.130344 3
47.126298 11.478968 -7.549944 10
47.970398 11.163468 -7.289244 6
48.649798 11.706368 -6.818744 9
49.679698 11.505368 -6.844344 6
50.040598 11.832868 -7.714544 11
50.624798 11.096768 -8.098044 11
50.391898 10.182168 -7.919644 8
49.682998 10.855868 -7.743444 4
49.753598 10.889568 -8.751944 10
50.352398 10.544468 -9.460144 3
51.002098 10.170868 -10.016544 13
50.813998 9.250668 -9.818544 6
50.432698 9.238168 -8.893344 8
49.696698 9.425568 -9.413344 4
48.968898 9.732168 -9.985244 13
49.097598 10.642168 -10.353944 10
49.597498 10.822168 -11.183344 4
48.837998 10.893268 -11.821344 12
48.900698 11.391468 -12.681844 6
49.783698 11.018568 -12.419144 4
50.525498 11.540268 -12.724644 10
51.007698 12.188168 -13.323144 13
50.694298 13.038668 -13.728644 5
50.740798 13.263368 -14.737544 3
49.843498 13.465768 -15.017344 4
49.032098 13.069668 -14.573244 13
49.878798 12.668768 -14.385544 1
50.099698 11.763968 -14.749344 10
50.475998 11.006268 -14.291544 4
50.961198 10.706168 -13.538144 1
51.646298 10.650368 -14.302044 1
52.411698 11.052368 -13.816744 4
51.952398 11.164268 -12.987844 1
52.541298 11.525568 -12.268244 13
53.104698 12.321068 -12.426044 9
53.998298 12.380868 -11.871144 10
54.585998 11.687568 -12.267144 11
55.417798 11.551168 -12.758044 4
56.000498 11.980068 -12.169744 10
56.688798 12.241268 -12.854444 6
57.191898 12.687268 -12.159844 10
58.151898 12.423968 -12.193244 9
58.660898 11.960668 -12.802344 3
57.773698 11.630668 -12.957344 6
57.889598 10.891168 -13.645244 10
58.496798 10.370268 -14.233544 15
58.973798 10.929868 -14.963844 9
58.423798 11.544368 -15.421544 10
59.004398 12.123568 -16.001344 4
59.000398 11.800168 -16.927244 4
59.752898 11.264768 -17.176744 13
59.588798 10.297768 -16.915344 9
59.907098 10.039668 -16.003444 13
60.620698 9.503368 -16.243244 5
61.441498 9.124568 -16.736244 1
60.917698 8.271668 -17.035344 3
61.628898 8.538468 -17.725744 10
62.329698 8.233768 -18.290844 4
62.099398 7.403268 -17.930344 5
61.144298 7.233068 -17.643444 4
61.164498 6.447868 -18.122344 5
60.421198 5.840368 -18.113144 10
59.740098 6.561868 -18.156944 7
59.389898 5.712568 -17.914944 13
59.590698 6.226868 -17.085444 8
59.553898 6.327668 -16.097844 4
60.415998 6.264068 -15.709444 10
59.743298 6.305868 -15.041744 12
59.237398 7.146168 -14.971044 6
58.266098 6.969468 -15.258644 4
58.165598 7.827368 -14.700644 6
57.172898 7.879468 -14.713444 4
57.011898 8.337368 -13.858644 1
57.807298 7.931868 -13.552144 10
57.518898 7.463968 -12.750444 4
57.783898 7.191168 -11.913044 1
57.566798 7.325668 -10.970244 1
57.998798 8.204568 -11.099444 10
57.782798 9.053668 -11.454644 1
57.338398 9.494468 -10.770544 1
56.895798 8.637968 -10.698344 3
56.266898 9.165968 -10.201444 4
56.428498 10.051568 -9.767444 13
56.463298 9.550268 -8.945744 14
56.003898 9.658568 -8.091744 10
55.872298 8.889668 -7.539244 4
54.994798 9.192968 -7.322544 13
54.490998 8.364468 -7.251244 3
53.562598 8.272868 -6.888644 13
53.009598 7.494068 -6.957844 10
52.732098 8.192968 -7.566044 4
52.780198 9.063868 -7.180644 13
52.175898 9.672668 -7.638344 8
52.379398 10.592768 -7.884144 10
52.129498 11.505868 -7.872844 11
51.553598 11.637768 -8.682344 11
51.547598 10.685268 -8.641244 4
51.871898 10.216468 -9.411644 10
52.700498 9.701968 -9.386344 9
53.258698 9.494068 -8.538444 13
52.501598 8.854768 -8.628744 9
51.816298 8.355368 -8.223444 5
51.684598 7.798268 -7.436244 10
51.399898 6.840768 -7.537544 10
51.326198 6.688168 -8.481544 4
51.399398 7.403468 -9.210244 4
50.826898 7.599268 -9.962244 15
50.211898 7.528768 -10.725044 5
50.002998 6.602468 -11.061744 6
50.767198 6.262368 -10.640844 4
50.543198 5.644268 -11.322244 6
50.269198 6.060468 -12.149344 10
51.114498 5.841868 -12.524444 13
51.066298 4.985068 -12.133544 10
51.705998 4.333068 -12.437144 1
52.102398 5.254368 -12.238944 4
52.125398 5.564368 -13.169744 8
51.443598 5.739768 -13.794544 5
51.076898 4.856168 -14.049444 3
51.789498 4.912968 -14.674844 7
52.774598 4.996968 -14.722344 10
53.216298 5.711168 -14.197444 1
53.682898 5.937368 -13.394944 4
53.077098 6.195568 -12.688744 1
52.790598 6.167768 -11.734544 13
52.229198 6.801168 -11.313644 1
51.923698 6.760068 -10.377144 4
51.996298 5.775868 -10.630144 13
52.211198 5.610168 -9.714844 4
52.425798 4.861768 -10.379044 11
53.124998 4.992268 -9.756044 4
53.219098 4.024068 -9.695744 12
53.716698 3.717668 -8.914244 14
53.278598 4.514568 -8.718044 4
53.250798 3.922668 -7.970344 13
52.655898 3.512468 -7.315344 3
53.221498 2.737168 -7.193644 10
53.848998 2.164968 -7.763744 11
54.158098 1.585068 -8.538944 6
55.033798 1.808068 -8.186944 10
55.296498 2.700168 -8.538144 6
54.691798 3.033768 -9.228544 1
54.679498 3.405268 -10.124744 5
55.370998 3.957668 -9.664944 10
55.375998 4.614768 -10.384844 4
55.380798 5.130668 -9.541344 15
54.570898 4.895268 -9.072644 5
53.953498 5.666568 -8.986444 4
54.212098 5.876068 -9.868444 3
55.155998 6.196768 -9.577244 10
56.140798 6.541568 -9.642944 1
55.817898 7.349168 -9.285744 4
55.308698 7.095068 -8.551844 10
55.457698 6.173368 -8.386644 5
54.658798 5.710568 -8.147544 9
53.804598 6.145568 -7.933944 10
53.187298 6.700868 -8.589644 4
53.276698 6.358768 -9.518944 4
53.145998 6.630968 -10.435944 13
53.557598 7.231168 -11.063944 1
53.155498 8.117868 -11.112244 10
53.593898 7.926468 -10.271444 9
52.700398 7.765268 -10.280044 10
52.554698 7.692068 -9.301644 4
53.513098 7.745268 -9.127044 9
53.626398 8.320868 -8.334444 13
54.234098 8.796668 -8.898544 1
54.419398 9.594968 -9.449344 6
54.997898 10.124168 -8.822644 15
54.542198 9.866168 -8.034044 13
53.747498 10.355368 -7.697344 13
53.901898 11.192468 -7.117444 5
53.784298 11.639468 -7.921844 10
53.177498 12.017268 -7.232344 4
52.168398 12.219868 -7.142444 11
51.916998 11.838868 -6.282744 4
51.422798 11.227468 -7.005444 8
51.001698 11.613168 -6.193544 4
50.532698 11.584868 -5.266644 4
49.859198 11.076768 -5.763044 6
49.103498 10.420668 -5.836344 10
48.089098 10.428068 -5.848844 7
47.751598 9.612368 -6.344844 3
47.918198 9.846868 -7.265544 10
47.952498 9.272568 -8.089844 13
48.810298 9.632968 -8.517544 8
48.627298 10.386268 -7.870944 1
48.457998 10.888668 -8.647744 10
48.267998 11.652468 -9.228844 10
49.074098 11.311168 -9.583744 10
49.695298 11.559968 -10.277244 12
49.267298 12.004568 -11.043244 10
49.215998 12.803168 -11.550244 13
49.902298 12.411768 -12.084744 1
50.752298 12.814868 -11.807344 4
51.177298 13.479068 -11.205544 6
51.672398 14.321868 -11.139444 1
52.222798 14.612268 -10.397744 4
52.608098 14.431668 -9.517444 6
53.132298 13.734768 -9.076644 1
53.729898 13.942368 -8.332444 1
54.118698 14.293668 -7.538444 10
54.373598 13.447368 -7.111144 15
53.621198 13.208768 -6.583044 4
53.850198 12.318768 -6.485544 4
54.644098 11.980968 -6.103444 15
55.037498 11.237768 -6.553944 10
54.165298 10.972468 -6.251644 13
54.005798 11.349868 -5.392044 4
54.573398 10.604468 -5.112944 5
54.497698 9.644968 -4.786244 13
54.321398 8.723468 -4.328144 14
54.335498 8.102268 -3.611444 5
54.474498 7.688468 -2.680844 10
54.691598 8.540868 -2.367044 13
55.557898 8.919968 -2.481344 3
55.196098 9.296768 -1.663844 10
55.834798 9.450568 -0.985444 13
56.181898 8.665168 -1.445644 4
56.598498 7.790668 -1.615344 7
56.295398 6.923168 -1.956544 4
55.631998 6.369368 -2.400544 10
56.369298 6.642868 -3.000044 4
55.672098 6.860568 -3.665644 1
55.382598 6.001668 -3.982744 3
54.714198 5.326568 -4.223144 4
53.866198 5.001568 -3.821944 11
53.918098 5.922768 -3.560144 9
53.132398 5.795968 -4.078844 6
52.474298 5.374068 -3.496044 1
52.083898 6.162268 -4.051744 10
51.542798 5.908368 -3.186944 4
51.537998 6.855868 -3.580844 9
50.872098 7.190968 -4.333944 10
50.596798 7.698468 -3.550444 13
49.676098 7.894768 -3.398044 7
49.782698 7.652968 -4.347544 10
49.760698 8.636968 -4.486944 11
50.386798 8.121568 -4.998944 9
50.392698 7.905468 -5.921944 10
50.067698 8.662468 -6.482244 4
50.463498 9.300668 -7.111544 8
50.310198 9.977968 -6.484644 5
51.035898 9.434568 -6.163644 6
51.977898 9.245668 -6.176144 13
51.483398 8.920668 -6.939744 8
51.373398 8.174468 -6.271744 10
52.292498 8.172368 -5.923844 13
52.000198 8.645468 -5.128644 1
51.460198 7.848668 -4.995744 5
51.175298 7.237768 -5.715144 10
51.153298 6.428768 -6.147644 10
51.138798 5.408068 -6.186044 1
50.940098 5.018168 -7.014944 4
51.191598 4.361968 -6.309144 3
52.045398 4.514868 -6.753344 1
52.648498 4.557668 -7.519044 5
52.159198 5.148868 -8.029244 4
52.180498 6.156468 -8.101344 4
52.663998 6.598568 -7.453644 1
52.644798 5.987668 -6.724844 1
52.295198 6.263268 -5.859844 10
52.348398 7.082968 -5.362444 10
53.244298 7.323468 -5.690144 7
53.169198 8.264368 -5.320344 13
52.973598 8.458168 -4.362244 4
53.119398 9.401768 -4.269744 6
53.444498 9.494768 -5.156444 13
53.965298 8.827668 -5.514544 13
54.226098 8.985468 -6.451944 13
55.062698 9.450368 -6.215144 13
55.141198 10.365868 -6.029744 13
55.835998 10.762668 -5.488144 4
55.782998 11.682968 -5.819444 6
55.534898 11.826468 -4.922344 10
54.781698 12.357268 -5.257344 6
53.956098 12.493768 -4.775944 4
53.489598 12.255668 -5.547544 4
52.490698 12.054068 -5.439744 4
52.134098 12.110068 -4.535644 4
51.608998 12.360268 -3.718244 10
51.096298 11.875368 -4.402744 4
50.395198 11.456868 -3.839044 9
50.303398 11.566468 -2.923744 9
50.790998 12.380168 -3.083944 10
50.082498 12.949968 -3.475644 5
50.585998 13.816768 -3.315844 15
51.085998 13.507168 -4.084244 10
51.901698 13.112368 -4.488144 4
52.562598 13.686368 -4.072344 4
51.950298 14.462968 -4.214044 6
51.455898 14.295668 -3.412244 10
50.992598 14.716768 -2.667544 3
50.015198 14.784568 -2.875744 11
49.382998 14.464268 -2.249744 1
49.360398 13.448368 -2.124044 10
49.466198 13.559168 -1.158544 1
49.979098 13.655368 -0.282944 12
50.468398 13.159768 -0.913944 1
50.702898 13.651268 -1.828744 7
51.105898 12.853368 -2.057744 10
52.000198 13.215068 -2.071644 10
52.406698 12.446168 -1.649344 10
52.608198 11.802068 -1.002644 11
52.254098 11.519568 -1.829444 10
52.936998 11.957568 -2.376344 10
53.206898 11.121268 -2.666544 7
52.884398 11.080968 -3.612644 7
52.316198 11.056868 -4.426744 4
52.805598 10.794368 -5.269944 4
53.102798 10.135268 -5.894544 13
53.310498 9.896468 -6.777644 13
52.849898 10.678568 -6.908044 7
52.195198 10.764968 -6.177544 4
51.297698 10.464868 -6.104744 8
51.780198 10.325368 -5.177844 5
51.111398 10.680068 -4.554044 4
51.633698 10.505068 -3.720044 3
51.956198 11.272768 -3.182444 10
51.394698 11.083068 -2.449044 10
50.906798 10.663968 -1.752844 1
50.100598 11.008968 -2.144644 4
49.184198 11.128168 -2.051744 9
48.783698 11.451468 -2.839144 10
48.975298 10.550668 -3.145444 4
48.281098 10.106168 -2.672344 1
47.826298 9.880668 -1.862944 1
48.254598 9.034768 -1.770144 9
48.650898 8.441868 -2.360944 10
49.294698 8.555468 -1.684744 6
49.087498 8.553668 -0.696044 5
49.938798 8.197668 -0.304144 7
50.362198 8.779368 -0.858244 13
50.210998 9.501168 -0.170344 1
50.927598 9.184368 0.450756 10
51.294098 9.643768 -0.329844 12
51.814598 10.511868 -0.351344 15
52.065498 10.369068 0.518956 4
52.987598 10.188668 0.750756 4
53.322398 9.891968 1.572656 15
52.892098 10.565068 2.167856 13
53.208698 11.372268 1.740856 10
54.012598 11.418768 2.272556 11
54.691998 11.408968 3.002256 4
54.528398 11.249968 4.001456 10
55.142298 10.980768 4.763056 13
54.298498 11.186468 5.255856 13
53.363098 10.969168 5.164256 10
52.741898 11.575668 4.807056 5
53.183598 12.111768 5.472556 11
52.734298 12.846668 5.794956 3
52.734998 13.458368 5.069456 8
53.199198 13.203868 4.277256 10
53.911998 13.685368 3.838256 4
53.250498 14.062768 3.270256 1
52.697998 14.738968 3.678056 1
52.168498 14.337668 3.041256 4
52.101998 15.085768 2.415656 7
52.429198 15.623268 3.191456 1
52.610498 16.530168 3.632456 10
52.633798 16.616068 2.712256 10
52.162998 17.295468 2.167456 1
52.495998 16.708868 1.492356 4
53.144698 17.142268 1.026756 10
53.858398 17.504468 0.472956 3
53.298098 17.629168 -0.232044 4
52.402898 17.828168 0.018956 10
51.548598 18.185968 0.294956 7
51.603498 17.164468 0.230256 4
50.724798 16.806968 -0.035444 9
51.096098 15.952268 -0.194444 10
51.348698 15.102468 -0.629344 5
51.722698 15.830668 -1.253644 6
52.421798 15.177468 -1.277444 5
53.017498 14.597268 -0.877344 6
52.742998 14.050968 -1.644044 7
52.398098 13.848368 -2.706444 10
52.602398 12.909768 -3.102744 10
52.780498 12.241568 -3.746044 4
53.723998 12.246168 -3.875844 4
53.694598 12.488368 -2.941144 10
54.326598 11.784468 -2.928544 1
54.342498 11.362268 -2.067744 13
54.586598 11.201168 -1.108144 4
54.593298 12.182868 -0.807444 9
53.683898 12.449668 -1.103644 10
53.443098 13.344068 -0.893044 1
54.388998 13.479768 -0.907344 1
54.190898 13.523968 -1.798644 10
53.818898 14.387468 -1.768444 7
54.694798 14.355668 -2.210144 1
54.380998 14.334268 -3.117244 3
53.695798 15.018768 -3.652844 13
53.460298 14.046768 -3.437144 1
53.704898 13.290168 -4.015544 4
54.426298 13.646068 -4.512544 13
53.957198 13.416168 -5.312044 8
53.114398 13.372668 -5.734144 4
52.196298 13.158268 -5.508544 4
51.724898 12.965068 -6.285844 4
51.440898 12.961368 -7.207944 11
52.035198 13.712068 -7.370644 13
51.585398 14.170068 -8.140944 10
51.643698 13.393068 -8.768944 8
51.342698 12.515368 -9.126044 11
50.825498 13.207568 -9.494344 7
50.330498 12.597768 -10.059944 3
49.714498 12.411568 -9.396044 11
48.749398 12.502968 -9.353544 10
48.462298 12.761068 -10.265444 10
48.976598 13.557068 -10.141344 4
48.786198 14.427968 -10.578044 5
48.171798 14.200268 -11.284944 7
47.307798 14.629268 -11.385944 13
46.763498 15.412068 -11.593844 4
45.839998 14.990668 -11.601344 10
44.947098 14.580068 -11.885944 1
44.980798 13.826468 -12.509744 10
44.135098 13.513868 -12.958644 1
44.972698 13.035068 -13.178744 4
44.729898 12.106968 -13.261644 5
45.334098 11.789968 -12.593844 5
46.317698 12.038568 -12.666044 4
46.923198 11.206568 -12.539344 6
47.649798 11.750568 -12.456644 4
47.824498 10.967768 -11.873044 6
47.511398 11.619768 -11.259944 10
47.434298 12.247068 -10.484344 10
46.883398 12.899368 -10.127944 10
46.080798 12.385668 -10.308944 15
46.472098 11.514668 -10.103344 13
47.377698 11.566268 -9.740344 10
46.981998 10.667168 -9.514744 10
47.542798 10.351468 -8.813144 10
47.037398 9.528268 -8.599244 13
46.213098 10.030168 -8.754644 9
45.629298 10.817368 -8.406044 9
46.210698 11.550568 -8.407544 10
45.645098 11.995868 -9.026944 15
46.596298 12.283768 -9.160144 10
46.101398 12.880968 -8.632844 15
46.040198 13.071668 -7.696244 1
46.408498 13.813868 -7.171244 7
45.682798 13.455668 -6.669044 4
45.488798 14.481568 -6.442044 7
44.777498 14.701368 -5.825844 12
44.331998 14.446368 -5.023744 4
45.110798 14.748968 -4.500944 10
45.973798 14.947368 -4.932144 1
45.579498 15.594868 -5.525344 12
45.990698 15.494868 -6.363744 7
46.646998 14.800468 -6.335544 7
47.247498 14.495168 -5.680844 1
47.120098 13.769868 -6.325744 4
47.106998 12.789868 -6.158744 10
47.929398 12.219268 -5.963344 3
48.226298 12.876268 -5.293644 14
49.010098 12.272068 -4.980244 4
49.685598 12.605968 -5.593544 10
50.455798 12.478768 -6.020644 4
50.449998 12.653968 -6.985944 11
49.769698 13.101168 -7.434644 1
49.887498 12.708368 -8.276044 10
50.773798 12.952368 -8.295944 11
50.309098 13.751568 -8.230444 9
49.583898 14.320268 -8.523644 13
48.882198 14.571168 -7.962444 13
48.648098 15.496268 -7.726044 6
47.617498 15.613468 -7.720844 7
46.737198 15.483468 -7.906344 7
47.148198 14.765668 -7.379044 7
47.922098 14.445668 -6.901044 12
47.931098 14.059768 -7.811344 14
48.567198 13.481568 -7.324944 4
48.530898 12.515568 -7.581344 12
48.187898 12.326868 -8.443444 10
47.255398 12.700968 -8.408244 10
47.443798 13.621668 -8.683144 7
48.299298 13.324868 -8.533044 4
48.417498 14.098168 -9.147544 12
47.754298 13.679168 -9.736944 10
47.772098 14.617968 -10.097244 4
47.557398 15.267968 -9.452044 7
48.299598 15.304568 -8.872344 7
48.722998 15.769168 -9.579244 13
48.443198 15.523668 -10.488044 12
47.504298 15.805868 -10.369044 7
47.469598 16.366168 -11.174144 3
47.990198 16.751368 -10.454044 1
47.704498 16.775468 -9.548644 7
48.530598 17.219168 -9.283744 4
48.292898 17.955868 -9.798944 10
48.664998 17.925968 -10.689344 1
48.322698 18.823868 -10.608744 1
48.282898 19.278568 -9.738344 10
49.249898 19.045368 -9.570544 1
48.901298 18.609668 -8.786144 1
47.996998 18.326668 -8.444644 10
47.071398 17.902568 -8.585644 10
47.521798 17.147668 -8.325644 7
48.031198 16.520168 -7.901744 7
48.982098 16.434368 -8.271644 1
49.606998 16.025468 -7.643444 10
50.081398 16.463768 -6.896044 11
50.964198 16.093468 -6.761744 9
50.374298 15.443168 -6.392144 7
51.242898 14.981468 -6.668844 12
51.207698 14.860568 -5.698744 7
51.195598 13.974768 -6.090244 11
51.291498 13.593968 -5.296544 4
50.478298 13.081468 -5.138244 4
49.566298 13.377668 -4.861244 10
49.543898 14.268668 -5.248544 5
49.074598 15.113268 -5.307344 14
48.977598 15.358768 -6.251344 15
48.753898 16.231968 -5.811844 1
47.912398 16.740868 -5.877244 10
47.112598 16.134668 -5.841944 7
46.602698 16.232468 -5.047744 14
46.228398 16.642668 -5.793144 12
46.445798 16.776468 -6.724244 7
47.419198 16.719268 -6.777344 7
47.030398 17.535668 -6.283944 13
47.055998 18.412068 -5.939044 14
47.251298 18.284768 -6.893144 10
48.036298 18.261668 -6.329744 9
48.141598 19.265368 -6.362844 7
47.500298 19.470468 -7.073344 10
48.143798 19.568168 -7.768344 15
47.970398 19.374168 -8.700044 10
48.074698 20.305068 -8.457444 10
48.898098 20.365168 -9.016244 1
49.179498 21.117868 -8.448844 4
50.120898 21.409168 -8.434244 1
50.756798 21.332068 -7.767044 7
50.154298 21.681568 -6.986744 1
49.988898 22.243768 -6.268444 12
49.220798 22.585668 -6.843844 13
48.518998 22.321368 -7.443344 10
48.470598 23.339568 -7.290144 1
49.124698 23.775568 -7.868644 1
49.157998 24.602168 -8.368744 1
48.323498 24.732168 -8.725544 4
48.158198 24.507168 -7.732044 7
47.475298 24.198568 -7.019744 7
47.962498 24.216968 -6.172144 10
47.173798 24.326268 -5.598944 8
47.450398 23.398268 -5.561944 6
47.327498 22.469868 -5.862244 12
47.753098 21.676368 -6.268044 4
46.847198 21.233568 -6.307244 11
47.262698 20.731968 -7.110944 10
46.605098 20.255768 -6.615744 11
46.401398 19.619668 -7.277644 10
46.380998 18.812868 -6.819644 1
45.743998 18.144268 -7.051144 12
46.257198 18.355568 -7.828144 10
46.092498 17.413868 -7.965744 7
45.557498 16.897468 -8.574044 4
46.206498 16.166468 -8.539144 7
46.620398 16.937168 -8.826744 7
46.870798 17.658868 -9.535844 10
46.621898 18.428068 -10.097044 10
46.046398 17.665568 -10.166244 9
45.892198 16.764968 -9.858444 7
44.885998 16.820968 -9.833144 5
44.852198 17.789868 -10.125944 1
45.101998 18.285268 -9.305744 10
44.153298 18.456168 -9.522644 7
43.218598 18.455368 -9.795244 1
42.522898 17.796768 -9.952744 13
43.091898 17.238968 -10.474644 13
43.190598 16.469168 -11.011944 14
43.335798 16.016668 -11.791644 15
43.608298 15.990768 -12.706844 7
43.593998 16.946568 -12.320144 11
43.601798 17.441068 -13.161944 7
44.516898 17.858168 -13.389844 1
44.634698 17.727968 -14.323744 1
44.468898 18.665068 -14.582044 7
44.528098 18.813768 -13.642744 1
45.406298 18.854968 -13.396944 1
45.782598 19.025368 -12.494944 4
45.314298 18.412868 -11.909144 6
45.170898 19.027068 -11.278944 4
45.419398 19.441668 -10.407744 7
46.040798 19.303568 -9.672544 10
46.998698 19.375268 -10.018144 10
47.708898 19.821168 -10.457044 1
48.286698 20.598668 -10.181044 10
48.294798 21.511368 -10.417544 16
48.383398 21.853268 -9.517044 7
47.611198 21.282168 -9.466644 10
47.136598 20.838768 -8.645044 10
47.361598 21.430968 -7.910944 14
46.510998 21.487968 -7.346544 11
45.968898 21.979368 -6.747744 11
46.565498 22.637068 -7.128944 7
46.053798 22.385168 -8.056744 4
45.185098 22.051168 -7.831344 14
45.511298 21.110068 -7.661844 11
46.169798 20.628968 -8.180144 10
45.671998 20.870568 -8.963844 1
45.667498 20.219968 -9.693544 7
46.405298 20.142468 -9.107544 10
46.896598 19.300268 -8.940544 10
46.164798 19.355868 -8.292744 10
45.247098 19.156268 -8.210644 1
44.717798 18.473568 -7.878544 4
43.980298 17.795368 -7.667444 12
43.320898 17.271768 -8.102644 10
42.318698 17.183468 -8.262644 1
42.313398 16.240068 -7.941044 7
43.160298 16.125168 -7.599044 9
43.806398 16.216868 -6.783944 12
44.157298 15.369468 -7.108144 12
45.092998 15.396868 -7.330444 7
45.923698 15.999868 -7.451244 7
45.510198 16.344068 -6.681544 12
44.694498 16.801068 -6.674644 12
44.634398 16.269168 -7.495744 13
44.601398 15.924668 -8.362744 7
43.962298 15.303068 -8.148944 1
44.133898 14.353868 -7.831644 10
45.074098 14.353668 -7.926744 7
45.672998 13.776968 -8.427144 15
46.393698 14.426568 -8.327344 7
46.466098 14.255168 -9.288044 4
46.499098 15.232968 -8.992844 7
45.697998 15.764468 -9.363044 7
45.653698 15.891168 -10.352144 1
44.796498 15.734868 -9.949344 1
44.992598 15.070868 -9.256344 7
45.007298 14.042268 -9.357544 15
44.608798 13.369668 -9.902144 15
44.902698 12.480568 -9.947344 15
44.064898 12.614968 -9.530944 1
43.631398 13.198068 -8.886544 7
43.643798 12.582868 -8.105844 1
43.396098 12.868068 -7.241244 7
43.846298 13.639668 -6.779144 10
43.554598 13.497968 -5.864144 3
43.132598 14.330768 -5.996644 12
42.556698 14.760768 -5.395644 11
41.999398 15.555768 -5.210244 1
42.647898 16.066968 -4.720544 1
42.919298 16.502568 -5.577944 7
43.866398 16.487168 -5.752144 12
43.462498 17.333368 -5.699544 10
44.395898 17.476268 -5.767144 12
44.324698 18.092268 -4.982544 16
44.302298 18.526268 -4.094944 7
44.696198 19.432668 -3.691744 4
44.652798 20.284568 -4.248344 1
44.806298 21.273968 -4.089244 15
45.193298 21.795468 -3.420544 15
45.637898 22.198768 -2.632944 12
45.762298 22.937168 -2.050044 5
46.652298 23.090068 -2.339844 7
46.836498 23.510168 -1.496444 7
47.702198 23.494168 -1.808444 1
48.409498 23.090668 -1.259844 9
48.921898 23.314168 -0.489444 12
49.063398 24.085568 0.063256 16
49.476298 25.072468 0.007656 7
49.914598 25.543068 0.716756 10
49.934098 26.403068 1.098456 1
49.700198 27.151168 1.654656 1
49.410898 27.359668 0.725256 7
48.729298 27.275368 0.004556 1
48.174898 27.378468 -0.840144 1
48.650598 27.896368 -1.500844 1
49.397298 27.581968 -1.995944 1
49.325298 27.230168 -2.917044 1
48.497398 27.119568 -3.404944 1
48.936698 26.347668 -3.081944 10
48.455598 25.681568 -3.696544 7
47.584498 26.103968 -3.656344 4
47.013598 25.565468 -3.095444 15
47.102798 24.777468 -3.760744 1
46.597398 24.447968 -3.050444 7
46.427698 23.552268 -3.302644 7
45.788298 23.666468 -4.058444 10
46.129098 22.754368 -4.256944 15
46.077698 22.175068 -5.044244 10
46.057698 21.161368 -5.065344 7
45.306798 21.530668 -5.651144 11
44.570198 21.640868 -5.040444 15
44.140598 22.460568 -5.150944 15
43.686198 21.795568 -5.725844 12
43.011898 21.647868 -6.393144 12
42.727098 22.541868 -6.359644 12
42.794498 23.143568 -5.638944 12
42.660098 23.865168 -6.314844 11
42.745298 24.549068 -5.632644 10
42.188798 25.013268 -4.893444 7
42.285198 25.989568 -5.059544 7
41.364198 26.032768 -4.831344 9
41.401298 25.359968 -4.099044 7
41.936198 24.798468 -3.595244 13
42.912498 24.765268 -3.650244 7
43.375098 25.569268 -3.512744 7
42.720598 25.565168 -2.846544 7
41.778098 25.379468 -2.737344 9
41.577298 26.181068 -3.245544 7
40.791898 25.548568 -3.133244 16
41.118298 24.647468 -2.849144 13
40.265898 24.501168 -3.305044 13
40.163698 23.978768 -2.425144 7
40.141498 23.071668 -2.770944 16
40.952698 22.587068 -2.929044 16
41.420898 22.756168 -2.103444 11
40.518298 22.819168 -1.684044 1
40.541098 21.899868 -1.730544 16
40.850998 21.866868 -0.746344 7
41.678398 21.792068 -0.293044 12
40.997798 22.345368 0.308356 1
41.126798 23.268268 0.207456 16
41.193798 24.058868 0.760956 7
40.415298 24.197368 0.224656 10
40.722798 24.889468 -0.330044 14
40.378598 25.424668 -1.074644 6
40.762398 26.288568 -1.141944 12
39.868698 26.457368 -1.195944 7
38.879098 26.289468 -1.395844 15
39.193998 25.874368 -2.269044 4
38.905698 25.025568 -1.960344 12
38.695898 24.977768 -1.056744 7
38.322598 24.300568 -0.498944 5
37.398298 24.171068 -0.446244 15
36.792898 25.012968 -0.316744 7
36.943498 25.703168 -0.986344 11
37.839398 25.410068 -0.655844 12
38.633898 25.543368 -0.006244 7
39.606898 25.912468 0.144156 1
39.284898 26.471468 0.895756 11
38.485298 25.988568 1.271256 7
37.834998 26.501168 1.769156 4
37.991098 27.239668 2.379056 4
38.859798 27.617568 2.151756 11
39.423498 28.036268 1.484056 1
39.784998 27.770368 0.676356 16
40.579898 28.002868 0.220156 10
41.031598 28.039768 1.072756 14
41.644898 27.470868 0.594256 15
42.227598 26.750068 0.279856 1
42.456398 27.550668 -0.175244 10
42.010898 27.159668 -0.904944 15
42.971398 27.035368 -1.153844 16
43.134598 27.039268 -2.115744 7
43.777298 27.680468 -1.727944 9
44.460398 28.367768 -1.987644 16
43.915198 28.305768 -2.765644 10
44.177798 27.417068 -2.887644 7
43.826798 27.273868 -3.753444 7
44.599198 27.373768 -4.389844 1
45.186598 27.916068 -3.810544 13
45.255098 26.918168 -3.652644 7
45.454198 26.142868 -3.081244 10
45.825898 26.067468 -4.001844 1
45.844498 25.170868 -3.666944 1
44.958598 25.469868 -3.763244 7
44.824298 24.727468 -4.488444 12
43.961198 24.592168 -4.905544 7
43.173098 24.282268 -4.419244 7
42.436198 23.840168 -3.952244 12
41.835598 23.081568 -3.892644 13
41.790098 22.542568 -4.629344 12
41.460898 21.742768 -4.160444 1
40.945398 21.598468 -3.325744 16
41.783898 21.095868 -3.308444 1
42.264198 20.605568 -4.050244 11
43.127298 21.102568 -4.270144 4
42.970498 22.104268 -4.134444 15
43.404998 22.864668 -4.450444 15
44.329698 23.267868 -4.441144 15
44.794298 23.868568 -3.898344 7
44.602398 22.963268 -3.409844 15
43.728998 23.025568 -2.992744 6
43.482998 23.819668 -3.402344 7
44.326998 24.009568 -3.030844 7
45.112898 24.541668 -3.048944 9
44.441898 25.284068 -2.823844 7
43.692698 25.785568 -2.472544 7
43.376498 25.371868 -1.658044 16
43.459898 24.416968 -1.642244 7
42.599598 24.054268 -1.455644 10
42.867298 23.418068 -0.841744 1
43.810998 23.558868 -0.524344 16
44.593898 23.683268 0.087156 11
44.305198 24.561668 -0.362144 7
45.192898 24.817268 -0.427144 1
45.214498 24.825368 0.510556 7
44.457998 24.901668 1.087456 12
44.041098 24.771068 1.970156 11
44.501198 25.510968 2.204156 13
44.787298 25.166868 3.069756 7
45.161998 24.640668 3.851456 9
46.499998 23.998568 4.187956 16
46.808798 23.661168 3.234556 11
46.733198 22.678368 3.221756 1
46.826998 21.641068 3.233156 7
46.718998 20.893868 2.582456 14
47.228498 20.418868 3.249256 16
46.907398 19.684368 3.884056 12
46.305698 20.258768 4.402356 16
45.876398 19.379468 4.061156 7
45.047798 19.821468 4.118756 10
44.507498 18.948268 4.167156 4
43.617198 19.334868 3.921956 7
43.351998 20.245368 3.810756 16
43.292198 20.497268 2.909456 5
42.962998 21.276568 2.431356 10
43.839498 21.902268 2.558056 16
44.436898 22.004768 1.881256 12
44.250398 21.196568 1.381356 1
45.124998 20.749868 1.238456 16
45.577098 19.938368 0.982356 7
46.005698 19.162368 0.676156 7
46.948798 19.197568 0.370856 12
46.631298 19.298468 -0.503944 7
46.902798 18.327568 -0.521644 1
47.035898 17.555368 -1.103744 1
46.713798 16.605368 -1.241444 15
45.801998 16.938768 -1.400744 1
45.958698 16.656768 -2.312944 1
45.364198 17.424668 -2.442444 10
44.936098 16.594468 -2.087244 1
44.352498 16.339568 -2.868144 1
44.408898 15.595068 -3.474444 15
43.841298 15.750768 -4.272444 7
44.356498 15.662768 -5.158144 12
44.888898 16.029768 -4.441644 7
45.657998 16.570668 -4.658944 15
45.241898 17.396368 -4.922044 12
45.949598 17.907968 -4.519544 13
45.873798 18.174068 -3.565644 8
46.515598 18.696568 -4.116844 7
47.003898 19.484968 -4.384244 16
46.880598 20.230068 -4.996244 13
45.961798 19.888068 -4.815944 7
45.688698 19.279168 -4.195044 13
45.693498 18.739868 -5.062544 5
45.115998 18.454568 -5.805044 12
45.235598 19.245568 -6.372044 15
45.085098 20.116668 -6.756544 11
44.199098 19.973968 -6.411644 7
43.711998 19.218668 -6.250944 1
43.641898 18.392968 -6.725544 12
42.912698 18.608968 -6.120944 11
42.711698 18.416268 -5.222144 1
42.609698 18.225068 -4.268744 12
41.632398 18.066368 -4.299344 11
40.883998 18.476468 -3.856444 7
40.474598 17.929768 -4.486144 16
40.870598 17.223668 -3.940344 7
40.922798 17.176768 -2.981744 11
41.563898 17.858868 -2.756444 7
41.562998 18.791368 -2.860944 9
41.033698 19.434468 -2.387644 1
40.945898 20.007968 -1.706244 9
40.132398 19.616768 -1.831744 4
40.113398 20.356768 -1.119344 14
39.216998 20.067368 -0.901544 10
38.774198 20.915668 -1.308644 7
39.040498 21.459068 -2.088444 16
38.598398 22.018468 -2.738044 7
39.221098 22.687868 -3.231444 16
39.096498 22.326968 -4.113044 16
38.136298 22.673168 -4.271844 5
38.243498 23.096068 -5.134344 7
38.189098 22.373668 -5.776044 7
37.199598 22.301868 -5.760544 7
36.823498 22.489968 -4.882444 16
36.364098 23.359168 -4.763044 15
36.673198 23.785568 -5.609144 11
36.519398 23.093068 -6.350444 7
36.253498 23.807868 -6.952044 12
37.188698 23.838668 -7.070444 7
37.489798 23.854468 -7.992144 15
37.156498 23.314368 -8.691344 1
38.039698 23.022968 -8.939044 15
38.133098 22.855368 -9.934744 10
39.029398 22.447768 -10.028344 15
38.674298 21.544068 -10.231544 1
38.560398 21.751368 -9.264544 1
38.286798 21.531668 -8.353444 12
38.513098 21.514668 -7.454644 7
38.513398 20.739568 -6.872744 7
39.177598 20.064468 -6.951444 1
39.937498 19.397168 -6.817944 13
40.055998 20.120968 -6.235744 16
39.442698 20.801568 -6.459644 7
39.916998 21.545768 -6.842444 7
40.814198 21.383168 -6.417444 12
41.044898 22.372068 -6.548044 12
41.504198 23.196368 -6.510844 11
41.832098 22.588268 -5.887644 12
41.557298 23.313268 -5.336544 6
40.778498 23.962368 -4.949344 13
40.325798 23.248768 -4.456044 16
39.930998 22.422568 -4.821844 16
39.173398 22.322768 -5.379744 7
39.746598 22.396768 -6.131544 7
40.176298 22.582468 -6.958944 1
40.074398 23.471868 -7.400944 11
39.341898 23.989868 -7.801844 15
39.761798 24.843568 -7.631244 7
40.307798 24.284468 -8.165544 11
39.613998 24.042968 -8.828844 15
39.226998 23.127068 -8.603044 15
39.675698 22.452568 -8.007444 11
39.130998 22.623368 -7.173844 7
38.197598 22.608968 -6.878944 7
37.417398 22.833168 -7.464344 15
37.202998 21.979468 -7.704044 4
37.508798 21.044268 -7.370544 12
37.547898 20.110068 -7.010544 16
37.907698 20.236068 -6.022744 9
37.117398 19.681368 -6.133844 8
36.424098 19.744168 -5.481444 11
36.718398 20.690868 -5.344344 16
36.536398 21.305668 -4.604144 1
36.504098 20.369668 -4.166944 1
36.829998 20.532068 -3.310444 1
36.513198 19.669968 -3.076744 7
37.287198 19.082568 -3.285444 1
37.440698 19.858368 -3.806544 1
38.166998 19.340768 -4.092844 7
38.467398 18.517768 -4.525144 1
38.299998 18.777168 -5.400544 7
39.219698 18.681868 -5.557944 1
39.699098 19.500168 -5.245944 1
39.382798 20.512768 -5.163244 7
38.756998 21.013568 -5.731544 7
38.217898 21.377768 -4.874444 15
39.203998 21.321268 -4.587044 7
39.533398 21.494668 -3.577344 16
39.198198 20.784868 -3.056844 11
40.088798 20.868468 -2.652644 16
40.078798 19.947268 -2.873044 7
40.187698 19.124168 -3.414944 5
39.855498 19.779868 -4.104544 14
40.347198 20.523068 -4.566544 16
40.904098 20.877568 -5.296844 7
41.745698 20.883968 -4.856944 15
41.665098 21.618468 -5.451844 12
42.313298 20.933868 -5.750344 12
41.558898 20.622268 -6.275944 12
41.117198 20.065268 -6.931544 7
41.073398 19.962368 -7.925144 1
42.039598 20.250368 -8.100444 12
42.110298 20.897268 -7.357744 12
43.028198 20.838968 -7.805044 16
43.863498 20.659968 -8.182644 1
44.197998 20.407568 -7.319944 1
44.674798 21.024968 -6.865544 11
44.187598 21.894968 -6.869944 7
44.244098 22.688868 -6.276144 12
43.789698 23.487868 -6.305944 13
44.112798 24.155068 -6.981044 16
43.677898 25.006768 -6.778144 11
43.287398 25.464668 -5.976644 15
43.247898 26.223068 -5.392544 7
43.966398 26.687368 -5.831344 1
44.240798 26.464268 -4.927244 12
44.178398 25.745668 -4.318044 7
43.453498 26.339468 -4.171744 7
43.337198 27.160068 -4.694344 1
42.624198 26.844268 -4.144244 7
41.646098 27.070268 -3.873044 12
42.247498 27.307168 -3.097644 7
41.711098 28.152168 -3.176044 9
41.848198 28.838068 -3.892244 15
41.633798 28.318168 -4.725544 16
42.410698 28.831768 -4.738644 8
43.355998 28.951168 -4.551744 12
43.186298 28.196368 -5.186144 13
42.378398 27.656868 -5.320644 5
41.615698 27.365368 -5.877544 8
41.324798 26.526968 -6.372844 1
41.465098 25.586268 -6.196444 7
41.716098 24.663168 -6.473644 11
41.636998 24.831968 -7.414044 11
40.970998 25.479468 -7.754344 7
40.632198 25.154868 -6.919544 15
40.378398 24.486968 -6.177944 11
39.640098 23.859368 -5.930344 7
39.303798 23.953168 -5.038644 7
38.577498 24.679268 -5.151244 1
38.449098 24.071168 -5.903844 7
38.427698 23.784168 -6.840044 7
38.367198 24.541068 -7.466044 15
38.362198 25.458968 -7.596144 15
38.532698 25.597968 -6.630344 11
37.816698 25.583368 -6.015244 1
37.342998 26.316168 -5.461544 16
37.562598 26.949268 -4.815444 14
37.634698 27.935268 -4.761644 16
37.171998 28.734668 -4.601144 1
36.176598 28.568468 -4.510744 1
35.626198 28.381568 -5.314544 1
35.479698 27.611868 -5.891744 10
35.337598 26.665368 -6.193844 7
35.645098 26.412768 -7.047044 1
35.969498 26.653768 -7.966144 16
35.510198 26.523768 -8.732044 12
34.641298 26.320168 -8.380944 16
34.082598 26.907468 -7.997644 1
34.104798 27.211768 -8.891344 16
35.000998 27.584868 -8.783444 15
34.993298 27.450168 -9.723044 1
35.887098 27.429968 -9.608444 16
36.558698 26.743868 -9.467844 1
37.283998 27.346468 -9.793644 1
38.018598 27.792168 -9.420444 12
38.721998 27.781768 -10.054444 15
39.184598 26.973368 -9.829444 12
39.981298 26.520468 -10.149944 16
40.498698 26.340468 -9.343344 16
39.801698 26.765168 -8.879444 12
39.213898 26.058668 -8.694644 15
38.414698 25.680268 -9.039944 15
38.359398 25.472768 -10.017644 1
38.393798 24.791268 -10.753344 5
38.527298 24.685968 -11.742644 11
39.393398 25.008868 -12.001744 13
39.619898 25.123068 -11.081544 16
40.305998 25.833968 -11.134644 16
40.072298 26.743468 -11.257444 8
40.994898 26.928868 -11.287544 16
41.503198 26.823268 -12.157944 11
41.149498 25.927468 -12.019144 16
41.652998 25.802168 -11.167644 16
42.080798 25.774868 -10.299344 16
42.901698 25.292268 -10.103944 16
42.991098 25.026068 -9.151544 8
43.138998 25.402568 -8.253844 11
43.570998 26.223068 -8.465544 7
43.718898 27.102268 -8.853644 16
44.215898 27.172868 -9.684744 11
44.311998 27.170968 -10.603944 1
44.711698 27.241968 -11.561444 1
44.074098 27.641868 -12.165744 11
43.280498 28.168168 -12.050244 1
43.015098 27.799668 -12.892344 1
42.282698 27.599868 -12.297644 1
42.068998 27.009268 -13.021144 1
42.732898 26.331168 -13.084644 1
42.217098 25.788268 -12.465244 7
41.844798 25.019668 -11.977444 16
42.534998 24.300268 -11.805644 16
43.313298 24.861868 -11.716944 11
42.633398 25.544668 -11.590344 16
42.793098 26.553168 -11.493644 1
42.269998 26.818868 -10.713844 16
42.273298 26.625168 -9.717844 15
41.653098 27.294168 -9.910844 16
40.744998 27.449468 -10.347844 16
40.884498 27.922168 -9.468244 1
39.904898 27.839368 -9.406944 12
39.613198 28.690368 -8.935644 7
38.675798 28.638268 -9.309544 12
38.531698 29.576768 -9.487044 5
37.838698 29.056768 -9.872744 16
37.004798 29.028468 -9.363144 11
36.462698 28.228568 -9.309344 16
37.124498 28.156668 -8.574044 15
38.044998 28.073568 -8.330744 12
37.771298 27.213968 -8.188844 5
37.613198 26.220868 -8.043444 16
37.031598 25.506268 -8.504244 15
36.236798 25.168468 -9.014444 13
36.547398 25.317368 -9.911744 1
37.316898 24.727068 -9.961644 1
37.968198 24.233968 -9.454344 15
38.798498 24.596368 -9.430444 15
39.733898 24.437868 -9.748344 16
40.333098 24.518768 -10.497244 16
40.559698 23.904968 -11.220944 16
40.336998 23.032668 -11.630344 1
40.995098 22.353768 -11.585844 1
41.947398 22.199168 -11.329744 16
41.255398 22.128868 -10.642744 16
40.924998 21.563868 -9.878544 7
40.740998 20.790768 -9.406344 1
41.098698 21.379268 -8.704744 16
41.361498 22.304268 -8.289544 11
41.512398 21.703768 -7.548744 12
42.050598 22.521468 -7.369344 12
41.265598 23.141868 -7.570644 11
41.307498 23.959368 -8.100544 11
41.707798 24.041668 -8.978344 16
41.335798 24.914268 -8.792344 16
42.139398 25.047968 -8.274844 1
42.442998 24.150168 -8.178444 11
42.948898 23.477668 -7.789344 11
43.450098 24.011568 -8.359644 16
44.237498 24.514668 -8.273844 12
44.592798 25.472668 -8.245744 16
44.858498 26.377568 -8.506744 1
45.134498 27.256568 -8.801844 15
45.674798 27.114468 -7.987944 8
46.287398 26.592868 -8.611944 8
46.374498 27.062068 -9.476244 5
46.602698 27.113668 -10.476444 12
46.362898 26.928968 -11.450344 16
46.316498 26.641668 -12.340244 15
46.046298 27.446268 -12.744044 7
45.449998 27.709068 -13.383444 1
45.625498 28.477068 -13.861944 8
45.239598 28.942268 -13.169144 15
44.485598 29.325468 -12.639244 1
44.796298 29.554568 -11.779444 16
44.159398 29.819868 -11.099744 5
44.341698 30.026868 -10.192344 14
43.729398 29.711468 -9.466944 12
44.308198 30.225268 -8.854144 16
44.825698 29.413568 -9.051344 1
44.679598 28.899568 -8.248844 1
43.765598 29.006468 -7.957744 1
43.070098 29.131368 -8.589344 16
42.180698 29.021968 -8.212544 16
42.222798 28.206768 -7.722044 1
41.571698 28.249268 -8.386744 13
40.629398 28.192668 -8.281944 9
40.427198 27.441568 -7.794544 1
39.468098 27.319468 -7.695744 12
39.080398 26.713768 -6.905344 1
39.782998 26.326868 -7.368644 7
40.058798 25.806968 -8.160844 5
40.409898 25.360268 -8.982544 16
41.222298 25.543068 -9.531244 16
41.176098 25.233468 -10.420744 16
41.243698 24.264268 -10.626544 16
41.528198 24.099668 -11.555844 16
41.381098 24.133668 -12.548344 7
40.475798 24.627568 -12.500044 16
39.758998 24.783668 -13.182644 5
39.101598 24.500268 -13.794944 1
39.909498 24.795368 -14.308844 15
40.675398 24.302768 -13.938844 11
40.538798 23.359068 -13.753044 8
41.290798 22.873968 -14.165744 7
41.839498 22.256868 -14.681544 16
41.738998 22.249768 -15.719444 15
41.372898 21.437868 -16.041344 12
40.932398 21.450468 -15.194444 16
40.053398 21.690168 -14.965744 11
40.002398 21.539868 -13.976944 1
39.015598 21.412968 -13.742744 16
38.685298 22.207868 -13.276244 15
38.898998 22.171768 -12.359744 1
39.315098 22.265268 -11.550744 1
39.776598 22.208568 -10.722244 12
39.693698 23.094068 -10.346944 15
40.542898 23.521068 -10.247844 16
41.485298 23.491868 -9.910044 16
41.534598 22.697868 -9.307644 11
42.368798 22.968668 -9.753144 1
42.467298 22.156568 -10.231644 1
42.994398 21.418168 -9.843444 1
43.483298 22.151368 -9.432944 16
43.104998 22.844068 -8.812944 11
43.527698 23.303568 -9.600544 12
43.336898 23.005668 -10.478444 1
42.885098 23.464768 -11.143044 7
42.252398 23.786068 -10.476944 16
42.996498 24.337968 -10.553844 16
43.765998 24.919168 -10.817644 1
44.151398 25.343068 -10.052344 1
44.709098 25.529768 -10.818844 16
45.610398 24.973668 -10.889444 5
45.476398 24.223468 -10.308944 7
44.865798 23.421568 -9.827044 16
