25.579639 60.229409 -2.558614 1
24.747739 59.787509 -2.782714 1
25.582339 59.196809 -2.609214 2
26.396339 59.602009 -2.848014 16
26.867239 59.807609 -2.048914 1
27.362939 59.045409 -2.449614 1
28.332739 58.865309 -2.171914 3
29.027239 59.518709 -2.388814 14
28.858439 59.181209 -3.259614 4
28.787039 58.174509 -3.361714 2
29.005539 57.236809 -3.218414 1
29.880039 57.378009 -3.668214 1
29.309639 57.617309 -4.455114 12
29.671939 56.910209 -5.004714 1
30.413939 57.347509 -5.365814 1
30.695439 58.195409 -5.906514 8
29.954039 58.327009 -6.525714 13
29.961339 59.313409 -6.592114 1
29.519639 60.112909 -6.457214 15
28.731239 60.390909 -6.750214 9
28.357639 59.587109 -6.292714 11
27.604439 58.926309 -6.234414 5
27.310339 59.150109 -5.285714 8
26.858539 59.154009 -4.422814 15
26.677139 58.224009 -4.724614 14
25.766539 58.190509 -4.519814 1
25.445839 57.230909 -4.758014 9
24.831639 57.309909 -5.499314 2
24.052039 56.888809 -5.908914 2
23.212239 56.774409 -5.505014 2
22.634739 57.313409 -4.956114 6
21.991339 57.745209 -5.494214 6
22.447539 58.451909 -6.072514 2
21.844239 59.076909 -5.692414 14
21.557539 58.498409 -4.948214 6
22.321539 58.380309 -4.359014 8
21.793739 58.454009 -3.568414 14
21.931739 59.476509 -3.525114 2
21.877639 60.412009 -3.273214 1
21.680339 61.263809 -2.845914 12
22.621039 61.532609 -2.833714 14
23.571239 61.337109 -2.917414 2
23.688339 62.041509 -3.694614 14
24.275739 61.440709 -4.185314 2
23.928439 61.530009 -5.045914 14
23.453239 60.854909 -4.610814 3
23.870939 60.028309 -4.594714 5
23.567439 59.102309 -4.707414 11
23.273039 58.336409 -5.270014 2
23.643439 57.577809 -4.990614 2
23.793039 58.213009 -4.324314 1
24.574339 58.344409 -4.928414 2
25.305139 58.334609 -5.684014 7
25.086739 57.742609 -6.434014 2
26.070039 58.032909 -6.708814 5
26.804239 57.467709 -6.594314 5
26.052239 57.106609 -6.189014 2
25.807839 56.221309 -5.846014 1
24.958239 56.121209 -5.395114 2
24.914939 55.483609 -6.018814 2
25.414639 54.644809 -5.913614 14
25.446539 54.854809 -4.902914 9
25.782539 53.969809 -4.811614 9
25.654539 53.697109 -5.703214 14
26.425639 53.206209 -5.506514 8
25.753539 52.831809 -4.946714 1
26.437439 52.713609 -4.291214 2
27.365339 52.449509 -4.294914 15
28.033339 52.494009 -3.543914 14
27.248639 52.644109 -2.917214 8
27.518339 52.453909 -1.997214 1
28.436839 52.451209 -2.008714 1
28.262339 51.484509 -2.193014 14
28.162839 51.774209 -1.197714 1
27.918739 50.983409 -0.658514 2
28.711639 50.504209 -1.014714 6
28.934939 50.802909 -0.076214 14
29.500139 50.023909 0.273886 1
29.421939 50.466709 1.109386 10
29.415239 49.626209 1.581086 2
29.545839 48.605209 1.222486 11
29.475139 47.642009 1.445286 14
28.732339 47.174909 1.099086 2
28.053039 47.480309 0.510886 8
27.811239 47.895909 1.354886 2
26.929339 47.610409 1.642186 12
26.225139 48.044809 1.141986 15
26.851639 47.530409 0.646286 1
27.268739 47.952809 -0.129214 8
27.130339 47.446409 -0.890014 2
26.835539 46.560909 -0.610314 2
26.063939 46.592809 -0.019514 1
25.379039 47.180809 -0.430514 1
25.172039 47.696709 -1.220614 1
25.650839 47.220009 -1.929514 3
25.810639 48.121709 -2.358114 2
26.706039 48.367609 -2.645914 14
27.373439 49.030109 -2.464414 1
28.117239 48.927009 -3.108914 1
28.111739 49.847409 -3.266914 1
27.211439 49.897509 -3.817414 1
26.891639 49.077809 -3.499714 1
26.263539 49.715609 -3.122014 1
25.910639 50.250209 -3.932014 2
25.756139 49.649409 -4.720914 7
25.726839 50.445009 -5.342614 2
26.151839 50.346409 -6.231514 5
26.667039 50.972409 -6.775114 5
25.794039 51.088509 -7.068214 5
25.642439 52.055309 -7.086814 14
24.691539 52.011809 -6.832414 14
23.931839 52.078009 -7.446514 14
23.343439 51.299809 -7.742214 2
23.167339 51.483509 -6.788814 2
23.238439 51.337809 -5.888914 11
23.991839 51.901909 -6.062314 2
24.650739 52.598509 -5.931214 14
25.149339 52.928409 -6.688414 14
24.736839 53.619009 -7.343314 14
23.922639 53.378509 -7.844614 14
23.352039 53.674209 -8.629314 8
23.113339 54.169709 -9.463214 8
24.042639 54.459509 -9.653214 9
24.538839 55.365509 -9.599514 15
25.361939 55.876409 -9.607114 1
24.813739 56.688009 -9.604714 2
25.493539 57.412609 -9.712814 15
25.869739 58.009209 -9.010514 6
25.190139 58.290709 -8.435814 2
25.565339 57.496209 -8.094414 8
24.964439 57.175709 -7.456314 2
24.130939 57.350909 -6.886914 2
23.341439 57.625209 -7.330114 2
23.021239 57.746809 -8.229814 15
22.696039 57.122409 -8.917714 1
21.844239 56.591809 -9.010114 9
22.313439 55.672809 -9.118514 8
23.057439 55.110709 -9.452114 8
23.807739 55.091109 -8.749914 14
24.191239 55.887609 -8.471114 2
23.942839 56.706409 -8.828314 2
24.273939 57.502809 -8.455214 2
24.299539 58.116709 -9.218114 3
24.046339 58.587009 -8.474714 2
24.423339 59.465709 -8.723114 8
24.243339 60.358509 -8.839814 6
23.361239 60.253609 -8.433714 14
22.746339 59.527509 -8.409314 12
23.087739 59.676209 -7.535214 1
22.228339 59.751609 -7.103914 12
22.779839 60.398409 -6.711714 1
23.570839 59.840309 -6.576814 1
23.636439 59.130709 -5.964914 2
23.616639 58.617709 -6.763914 2
24.179439 59.318009 -7.120214 6
24.842439 58.722609 -6.765314 2
25.072439 59.086809 -7.693114 2
26.076339 58.769509 -7.612214 5
26.175139 58.878209 -8.598114 1
26.471339 59.773709 -8.476614 1
27.245639 59.267409 -8.425814 2
27.306939 58.395709 -8.108614 5
27.687839 57.654409 -7.627414 5
27.922439 56.844209 -8.133014 1
26.999339 56.599609 -8.384814 11
26.084339 56.624509 -8.121414 2
25.794739 55.811009 -8.709114 2
26.423639 55.109609 -8.920214 14
27.156739 54.563709 -9.235414 15
26.767839 53.663009 -9.204514 15
25.856839 53.681309 -9.450214 2
26.271439 52.820509 -9.397414 6
25.577539 52.613609 -8.689714 14
24.981639 53.177209 -9.229114 3
24.918539 53.516909 -8.282814 14
25.482139 54.161109 -7.838914 14
25.156939 55.076509 -7.683514 15
24.790039 54.642409 -6.877714 14
24.111239 54.807409 -6.218714 2
23.828539 54.148509 -6.918014 14
22.990139 54.371109 -7.418114 8
22.057739 54.584009 -7.583114 8
22.096939 55.492509 -7.622914 2
21.752739 55.130509 -8.469814 5
21.609339 54.179809 -8.430214 8
20.958639 54.681609 -8.985114 8
20.208839 55.281509 -9.051214 14
20.377739 56.136209 -8.637014 9
19.983839 56.229109 -9.512714 1
20.279539 56.777009 -10.232114 2
20.917439 56.964209 -9.512414 9
20.453739 57.728309 -9.826814 2
20.332039 58.496809 -9.306614 1
19.535239 58.286009 -9.847914 14
19.707439 59.003609 -10.532614 2
18.847239 59.515509 -10.470914 1
18.836839 60.433309 -10.757014 3
19.299039 61.269909 -10.449514 2
19.932239 61.924109 -10.179714 7
19.387039 62.673709 -9.864814 2
19.517939 63.456809 -9.317914 3
19.789639 64.178309 -8.739914 2
19.463539 64.840909 -9.456014 1
19.409639 65.793109 -9.642814 14
18.689939 66.208409 -10.124914 2
18.023539 65.509409 -10.158314 1
17.332239 66.095509 -10.111514 2
17.465839 65.546509 -9.287714 1
17.026839 64.762309 -9.526214 4
17.158439 63.915909 -9.047214 2
16.246239 63.688909 -8.809014 2
16.448439 62.876709 -8.309514 14
16.208439 62.145009 -8.824414 10
16.657539 61.355509 -8.427114 14
17.102339 61.417909 -9.329614 1
17.029039 60.453309 -9.527114 2
16.887039 60.208709 -10.474614 1
17.060239 59.401309 -10.977614 2
17.641539 58.941209 -11.591914 3
18.246539 59.777809 -11.682714 8
18.884139 59.302609 -12.252914 6
18.500139 58.492709 -12.644714 2
18.830139 59.033209 -13.346414 8
18.594639 58.129409 -13.672614 12
19.374639 57.523209 -13.901014 6
19.811439 56.669009 -13.879114 2
20.454839 56.576109 -13.193614 9
20.638839 56.053309 -14.069014 1
21.591039 56.125109 -14.233614 2
22.231339 56.062309 -13.519314 14
22.680639 56.502309 -12.706714 1
22.303039 56.241709 -11.781314 3
22.040839 55.398809 -12.028914 3
22.982539 55.315309 -11.896514 2
23.107939 55.234509 -10.891414 1
22.673139 54.619509 -10.329514 8
23.359939 54.204509 -10.792914 7
23.213339 53.481509 -10.162314 14
22.599839 52.815409 -10.224114 1
22.126939 53.565309 -9.922314 8
22.366439 53.605609 -8.977414 8
22.756039 52.786009 -8.866614 3
23.679239 52.705209 -8.828914 12
24.397739 52.032209 -8.650014 14
24.700939 51.910909 -9.571414 2
25.611439 51.623509 -9.833614 3
25.577439 51.371109 -8.909814 2
26.217139 50.749709 -8.399014 5
26.938839 50.540909 -9.121614 2
27.856039 50.796309 -8.909214 11
28.607139 50.203809 -8.560814 1
27.878039 49.532509 -8.435614 2
27.206539 49.657209 -7.740914 5
27.882239 50.144809 -7.253914 15
28.449039 50.920009 -6.980514 2
27.847139 51.701709 -6.831414 1
27.095939 52.421909 -6.987914 1
26.457039 53.167109 -6.811714 14
26.503039 53.839009 -7.485214 14
27.344339 54.271809 -7.561614 3
28.125639 54.858309 -7.754714 1
28.354139 55.446209 -7.019614 1
27.418139 55.044109 -6.920214 1
27.535839 54.325409 -6.264914 2
26.692639 54.822509 -6.226114 4
26.158839 54.899309 -6.990414 14
25.870639 55.739609 -7.214014 1
24.981439 56.099709 -7.427814 2
24.137239 56.088209 -6.800214 2
23.988439 55.345609 -7.437614 14
23.216739 55.939909 -7.543714 2
22.848639 56.815709 -7.709914 2
21.905239 57.020309 -7.946514 9
21.681739 57.942109 -8.220814 9
20.939139 58.204409 -8.608414 9
20.059439 57.921809 -8.258914 9
19.776539 58.367309 -7.459314 2
20.406139 58.253909 -6.788014 6
20.961539 57.776009 -7.386014 9
21.607139 57.851309 -6.615014 6
22.461139 57.395109 -6.954514 2
22.336339 57.018809 -6.096914 2
21.291939 56.976009 -6.207814 6
21.201039 56.623709 -7.121214 2
21.258139 56.156709 -7.930514 9
21.047739 55.606109 -7.144114 8
20.076839 55.679409 -7.415714 2
20.315239 54.934209 -6.880614 8
19.468539 54.535909 -7.111514 14
19.801339 54.719709 -8.017114 8
19.573639 54.434909 -8.952814 2
18.801739 54.218009 -9.427214 3
19.165739 53.368509 -9.348914 2
20.089539 53.581109 -9.388514 8
20.015539 53.976209 -10.279114 14
20.539639 54.724109 -10.613714 6
21.248039 54.209609 -10.274714 8
21.262839 53.614309 -11.028714 6
21.286139 52.997409 -10.280814 8
20.639439 52.518609 -10.889614 3
20.928139 51.563609 -10.893314 1
21.250939 51.445609 -9.975814 14
21.763239 50.728309 -9.662114 2
22.545339 51.266009 -9.946314 3
22.573639 51.740509 -9.147014 10
22.579239 51.027109 -8.488814 2
23.295839 50.348709 -8.382514 3
22.510439 50.190209 -7.919714 2
22.707839 49.649709 -7.176414 3
21.739139 49.878809 -7.174114 3
21.450539 50.695209 -6.630214 2
21.681139 50.466509 -5.676414 12
21.216339 51.323409 -5.462314 12
21.761839 51.549509 -6.182314 2
22.199539 52.155309 -6.788014 2
22.613039 52.974109 -6.993714 8
22.880139 53.204209 -6.075714 8
22.867539 52.284109 -5.841914 1
23.173539 52.132009 -4.975214 3
22.250739 52.382509 -4.794514 9
21.804139 53.043909 -4.223814 1
22.296839 53.516409 -3.594014 2
22.399639 53.143909 -2.649814 8
22.655439 54.015509 -2.561214 2
21.727539 54.280809 -2.402214 1
21.478639 54.743209 -3.196114 14
21.416039 55.653509 -3.328614 9
20.458339 55.544909 -3.199914 1
19.943239 55.541209 -4.032714 2
20.219539 56.224609 -4.615014 1
19.696439 56.755009 -5.260714 2
20.561839 57.124009 -5.109014 6
20.603039 58.015809 -4.700814 6
19.901639 58.291509 -5.315414 3
19.778139 57.710309 -6.039014 6
18.848739 58.001409 -6.127014 1
18.060539 58.130809 -6.592814 2
17.349739 57.497609 -6.298014 1
18.086839 57.156709 -6.871214 1
18.141739 56.222709 -6.996814 3
17.321639 55.603009 -7.172014 7
17.621339 54.799509 -7.595614 2
17.848439 53.960509 -7.175414 8
18.157139 53.050909 -7.252114 14
17.927439 53.497309 -8.087714 2
18.877539 53.357109 -8.289714 12
19.710239 53.214809 -7.670914 14
20.389839 53.791109 -7.225814 8
20.059739 53.179709 -6.601914 14
20.782739 52.564909 -6.594214 2
21.345539 53.353909 -6.252214 8
21.680839 52.695109 -5.550014 3
22.285639 53.381609 -5.190814 3
23.210739 53.427809 -4.895314 9
23.842139 53.204609 -5.594914 14
24.068239 53.956009 -5.040414 9
23.733639 54.790209 -5.233014 2
24.335739 55.441809 -4.739514 2
25.032139 55.923309 -4.188314 2
25.727839 56.328109 -3.667414 8
25.736839 55.631309 -3.051314 3
25.662639 54.820409 -2.474914 2
24.859839 55.143709 -2.000314 1
24.731139 55.241109 -1.075414 9
25.125239 55.043909 -0.178114 1
25.468539 55.304309 0.728486 2
25.908539 55.843909 1.395486 10
25.046639 55.677209 1.694186 2
24.113439 55.634109 1.511186 9
23.989439 55.738509 0.546086 2
23.296639 56.420909 0.497886 1
22.963539 56.017009 -0.262914 1
22.739139 56.135409 -1.180014 3
22.179339 56.261109 -1.941714 2
21.674039 56.994609 -2.316614 1
20.981339 56.845109 -3.033414 14
21.625339 56.772909 -3.704314 6
22.408939 56.576909 -4.325414 6
23.369139 56.712309 -4.024814 2
23.203439 56.023309 -4.721614 2
22.537139 55.275809 -4.618814 3
21.646339 55.607409 -4.750414 6
21.283139 54.753309 -5.011814 12
21.649439 54.113609 -5.627814 8
22.006839 54.984109 -5.619614 3
22.257939 55.167509 -6.504914 8
23.172339 55.563009 -6.604014 2
22.726739 55.896609 -5.888114 2
21.732039 55.890709 -5.967614 6
21.006639 55.200209 -5.906614 8
20.450539 55.902909 -5.564214 1
19.517539 55.757909 -5.672014 2
18.951139 55.506009 -4.954814 3
19.848339 55.105509 -4.935114 3
19.579939 54.368009 -5.440914 8
19.612939 53.452309 -5.108014 1
19.289039 53.065209 -5.903214 14
18.355739 52.972209 -6.147414 14
17.809339 52.489709 -5.558614 2
17.856439 51.593909 -5.957214 4
18.789539 51.868109 -5.854214 2
18.998839 51.704509 -4.894214 1
19.599339 52.148209 -4.206014 12
20.065939 51.347909 -4.401514 1
20.061139 51.289409 -5.378314 2
19.363539 50.646809 -5.294214 1
19.332439 50.432609 -6.310914 14
18.832539 49.714909 -6.857714 6
18.206539 49.275809 -7.452614 9
18.041039 50.223109 -7.465814 3
18.499239 49.988109 -8.248114 9
19.450639 49.909309 -8.469714 9
20.036339 50.397409 -7.778814 2
20.306339 50.736309 -6.940814 6
20.070939 51.647909 -6.918214 2
19.408839 51.168509 -7.347014 2
18.729439 51.825309 -7.669614 14
19.319639 51.467709 -8.406214 2
19.874339 50.811709 -8.930014 2
19.682039 50.286509 -9.680414 9
19.567839 51.083609 -10.292514 8
18.918239 51.843709 -9.910614 1
19.785039 52.221409 -9.843914 3
20.230339 51.920809 -9.009414 2
20.781039 52.697609 -8.931514 8
20.850239 52.366009 -8.007414 2
21.442839 53.130709 -8.232114 8
21.411639 53.738209 -7.511914 8
21.588339 52.846609 -7.204614 3
22.096239 52.148709 -7.762914 2
21.538239 51.472709 -8.217614 2
21.186339 50.708009 -7.763614 2
21.218039 50.006909 -8.373314 1
21.486139 49.221409 -8.933514 10
21.752339 48.517609 -8.300414 3
22.631939 48.827609 -8.072014 3
23.306439 48.871809 -8.737114 3
22.957439 49.481709 -9.434414 14
23.533039 49.615109 -10.235914 2
23.725639 49.843309 -11.155714 6
24.242139 49.756409 -11.997114 8
23.520539 49.105309 -12.215414 7
23.689839 48.755809 -13.128314 14
23.425539 49.594009 -13.643614 2
23.252539 49.997609 -14.455814 2
24.029039 49.949009 -14.983814 6
24.742639 49.215909 -14.922914 3
23.916039 48.793909 -14.711514 14
23.614339 48.741109 -15.640914 4
22.947039 49.281509 -16.036114 3
22.224539 49.878409 -16.063414 13
22.382839 50.830209 -16.322614 3
22.446139 51.775909 -16.571414 2
22.688639 52.450909 -15.916214 1
21.825039 52.875709 -15.945014 5
20.967039 52.918709 -15.520614 10
20.678639 52.296309 -16.214714 3
19.834039 51.881909 -15.829814 1
19.137539 51.830009 -16.520314 2
18.175339 51.774109 -16.200414 3
17.665039 52.305209 -16.773914 6
16.746939 52.179109 -16.799514 5
15.869139 52.138309 -16.280614 3
15.672539 52.119109 -15.285614 2
16.542739 51.941809 -15.043114 7
16.212939 51.653209 -14.130414 3
16.882839 52.360809 -14.127614 10
17.709139 51.975209 -13.811314 8
18.040139 51.359909 -14.419314 14
17.921739 50.388509 -14.402114 1
18.373639 50.689709 -13.589414 9
17.802739 51.343609 -12.935314 3
18.006239 50.985909 -12.048214 1
17.708639 50.080509 -12.061714 8
17.994839 49.263809 -11.674514 3
18.576639 49.043609 -10.967714 9
19.237339 48.260909 -10.686414 9
19.545739 48.583509 -11.608314 3
19.617639 47.665809 -12.008814 1
18.756839 47.190409 -11.774914 1
17.978239 46.882709 -11.232814 12
18.336939 46.083309 -11.536514 4
18.587739 45.115109 -11.664714 2
18.606739 44.559009 -10.911714 9
18.782039 44.984409 -10.029414 3
19.421939 44.582209 -9.356214 3
19.445639 43.591409 -9.193414 3
18.428139 43.462609 -9.154314 10
18.640039 42.890309 -8.412014 13
17.721639 42.864609 -8.494414 14
17.291739 43.291809 -7.796814 1
16.730039 43.768409 -7.137014 2
17.044339 43.865209 -6.246114 9
17.542039 44.423509 -5.620214 3
18.202439 43.897709 -5.113014 5
17.561639 43.683809 -4.425914 1
18.079439 44.443009 -3.972014 3
18.612739 44.445109 -3.155214 1
19.147739 44.693309 -2.463414 6
18.864139 45.423409 -1.845814 1
19.832739 45.681609 -2.058114 2
20.378039 46.452309 -2.074214 7
20.675939 47.304009 -2.393814 3
21.182239 48.088609 -2.214914 2
22.101739 48.117909 -2.607114 8
22.213739 47.389009 -3.243014 3
22.259539 46.541709 -3.714314 1
21.358639 46.707509 -3.477714 10
20.643739 46.651009 -4.163214 3
20.689039 46.133409 -5.059314 10
20.181539 46.614209 -5.706914 6
19.814439 47.251409 -5.201114 3
20.254839 47.591009 -6.025714 6
19.579239 48.126209 -6.659414 8
19.526639 48.821309 -7.413014 9
20.217839 49.209809 -7.924314 4
20.919339 48.652709 -7.668414 3
20.978139 48.189509 -6.792214 3
20.971339 48.314909 -5.811514 6
20.772839 49.183809 -6.181614 9
21.695739 49.319609 -6.214714 3
21.949539 48.685309 -5.579014 13
21.812139 49.459209 -4.972214 12
22.558439 49.404209 -4.456914 9
22.721539 49.547209 -5.427414 6
23.379939 49.037709 -6.002314 14
23.087939 48.716209 -6.847614 3
24.019639 48.591809 -6.903114 3
24.689839 49.154409 -6.536214 5
24.273039 49.864209 -5.994014 9
23.701739 49.939909 -6.725614 3
24.257539 50.437809 -7.310614 5
24.251839 50.894009 -8.199614 10
24.333639 49.954309 -8.221914 3
25.184739 50.548709 -7.907014 5
25.496439 50.026709 -8.678814 9
26.273139 49.529609 -8.511114 5
25.671039 48.983509 -8.897114 10
25.670739 48.589209 -9.775714 14
26.586639 48.235809 -9.598014 8
25.873139 47.566109 -9.480014 3
25.994839 46.956809 -10.244114 1
25.990839 46.262809 -10.933914 9
25.957439 46.692609 -11.821514 1
26.216439 46.040909 -12.496914 3
25.944839 46.839909 -12.889714 3
26.867639 46.745809 -13.233814 1
26.847639 47.546709 -13.737114 4
26.150039 48.102109 -14.206714 1
25.270739 47.739609 -14.375914 4
24.920939 47.684309 -13.511314 1
24.223539 47.776909 -12.710014 3
23.778439 47.000609 -12.356114 1
23.968639 47.520309 -11.586314 1
23.618939 47.139909 -10.809414 9
24.401939 47.373409 -10.270314 6
24.131939 46.945809 -9.436714 11
23.786139 46.790609 -8.568114 15
23.098639 47.110609 -7.952214 3
22.478439 47.782109 -7.629314 3
22.072739 47.619709 -6.843314 3
22.733339 47.965309 -6.220914 13
23.247139 47.479709 -6.899514 3
23.321139 46.811809 -6.228114 3
23.281539 45.907209 -6.018414 10
22.518539 45.734909 -5.354114 13
21.708939 46.207609 -5.386414 6
21.892939 46.432009 -6.407914 6
21.053539 46.704409 -6.835114 6
21.548339 46.488509 -7.662914 3
22.045339 46.902909 -8.364114 3
22.750339 46.464209 -8.894114 4
22.772539 46.795909 -9.773214 9
21.909739 47.176509 -9.472814 3
21.415639 47.767009 -8.883914 3
20.975339 48.340009 -9.519414 5
20.492839 48.779309 -10.203514 9
20.557939 49.773809 -10.273214 9
20.112739 50.074809 -11.091514 5
21.046939 49.962409 -11.474714 12
21.427639 49.001209 -11.373114 8
21.523639 48.419409 -10.579414 1
22.423939 48.712409 -10.634014 4
22.657439 48.408309 -9.716114 3
23.577939 48.600909 -9.751614 8
23.640239 47.998509 -9.006614 3
24.541439 47.853909 -8.693114 2
25.300539 48.044109 -8.158814 10
24.471739 48.498309 -7.862914 3
24.726339 49.468909 -7.525114 3
25.608639 49.101009 -7.406914 5
26.141939 49.401909 -6.676014 5
26.621339 48.456609 -6.797114 6
27.270039 47.992509 -7.392114 1
27.004139 47.050109 -7.354014 1
26.567739 46.191009 -7.306014 1
27.100739 45.391909 -7.364814 5
27.070339 45.715409 -8.273514 1
26.648939 44.975309 -8.670814 6
26.672339 44.390509 -9.364014 3
25.770239 44.650609 -9.656314 3
25.351439 44.695409 -10.439114 14
24.608439 44.910309 -10.984214 9
23.985839 45.579009 -11.289814 9
24.288839 46.359709 -10.833014 3
24.182439 45.936209 -10.005314 9
23.239139 45.730709 -9.535714 9
22.508839 45.416509 -9.068414 3
22.886539 44.659609 -9.526014 9
22.125339 44.063809 -9.247614 10
21.172739 44.133509 -9.026014 3
20.690539 43.332009 -8.811114 3
20.258839 42.506109 -8.707614 13
20.235339 41.613109 -8.771614 13
20.594539 40.741209 -9.105114 3
20.495039 39.819309 -9.295614 1
20.382239 40.354509 -10.170214 9
20.579339 41.319909 -10.299814 6
20.113539 41.007409 -11.045614 6
19.930639 40.321109 -11.633014 4
19.664639 39.759309 -12.359214 3
18.939239 39.460009 -12.934514 3
18.817439 38.610609 -13.388614 1
18.593039 38.673209 -14.296814 1
17.689439 38.874009 -14.460314 4
17.454739 38.407709 -13.589614 8
17.274439 39.425809 -13.526714 9
17.224839 40.322009 -13.198914 1
18.068539 40.512209 -12.712214 1
18.521939 40.347009 -13.572314 3
18.198139 41.183209 -13.355914 11
19.162339 41.288809 -13.655414 3
20.090939 41.236709 -13.876614 3
20.050539 41.405609 -14.822014 3
20.913939 41.707309 -14.534914 5
21.301039 41.429209 -15.393814 6
22.149539 41.320209 -15.954614 3
21.925839 42.264809 -15.912414 8
21.836739 42.292909 -14.909814 5
22.461439 41.495609 -14.984014 3
22.898339 41.702109 -14.139514 5
22.460939 41.062109 -13.549914 10
21.794339 40.937209 -14.282614 5
21.354239 40.066809 -14.688514 9
20.563939 39.684809 -15.029214 1
19.616739 39.395709 -15.060014 15
19.666839 39.117209 -15.965314 12
18.668939 38.962209 -16.133714 10
19.081439 39.723209 -16.587614 3
18.260739 40.099309 -16.228314 1
18.452939 40.956609 -15.843014 9
18.475139 40.603409 -14.924914 3
18.964639 41.485909 -14.723014 3
18.042339 41.744709 -14.797014 8
17.541339 42.545109 -14.786614 4
17.156339 41.973009 -14.142714 14
17.918839 42.318109 -13.682714 1
18.797139 42.469609 -13.361414 3
18.637039 41.854409 -12.562914 3
19.194039 42.583109 -12.302814 3
19.851939 42.019109 -11.793914 6
19.989739 42.787509 -11.229614 6
19.988239 43.635009 -10.782814 3
20.846639 43.205009 -10.887814 6
21.642539 42.836709 -11.338914 6
22.262239 43.575009 -11.248214 9
22.853139 44.145709 -11.750414 9
22.260439 43.516209 -12.391614 5
21.478839 43.678209 -11.917214 3
20.981939 44.442709 -11.620314 9
20.032939 44.368209 -11.438414 3
19.744639 45.040009 -12.034414 13
19.963739 44.366009 -12.683814 4
20.395239 43.536309 -12.578514 6
19.976039 43.007509 -13.284614 3
19.458139 43.761209 -13.418714 10
19.223139 43.210809 -14.126914 3
19.502739 43.777609 -14.850714 1
19.827539 42.889309 -15.026914 3
20.245639 43.225209 -14.248914 3
20.951739 43.813009 -14.609414 1
21.841039 43.780809 -14.256614 5
22.242339 44.581309 -14.655514 1
22.929839 43.894209 -14.527914 5
23.157039 44.345609 -15.343814 1
22.918539 45.318309 -15.364614 3
23.814839 45.092609 -15.731214 9
24.131339 46.041609 -15.772514 13
23.518339 46.391909 -15.104514 9
22.788839 46.900309 -15.448314 1
22.863739 47.870509 -15.223514 4
22.258839 47.541709 -14.487314 9
21.559039 47.889709 -13.911714 6
22.178639 48.635909 -13.983314 4
22.361339 48.397509 -13.032614 8
22.073139 48.303409 -12.066614 8
21.273639 47.777009 -11.802214 15
20.798239 47.387109 -10.995914 6
21.228339 46.717109 -10.341114 5
21.455939 46.122309 -9.627014 3
20.652239 45.732609 -9.130614 3
20.393139 44.884409 -9.426514 3
19.889439 44.836309 -10.242214 3
19.541939 45.254709 -11.051114 8
19.583639 46.181409 -10.522914 3
19.012939 46.609509 -9.787114 3
18.655739 47.454409 -9.927914 9
17.659539 47.313209 -10.093414 14
17.556339 48.020109 -9.435214 9
16.715739 47.480209 -9.350814 4
16.429339 47.021809 -10.074914 13
15.645139 47.315509 -10.634114 13
16.215539 47.919209 -11.175714 5
15.827939 48.767909 -10.624314 3
16.656539 48.847609 -10.019914 1
17.178739 49.087809 -9.164614 3
18.131539 49.188309 -9.044314 9
18.966239 49.268009 -9.385014 9
18.457939 49.674509 -10.172414 9
18.322139 50.627509 -10.032614 3
17.710539 50.690609 -9.315014 15
16.889739 50.344709 -8.851014 6
16.536739 50.286009 -7.989114 1
16.286239 51.163809 -8.270114 3
15.582939 51.717909 -8.052514 3
16.130539 52.304109 -8.594014 6
16.239639 52.739109 -9.455814 3
17.221439 52.652809 -9.704814 10
17.281139 52.778809 -10.656414 1
16.515939 53.335909 -10.832314 10
16.038739 53.970509 -10.284214 3
15.116939 53.657709 -10.509814 6
14.697039 53.074709 -11.218314 3
14.518839 52.789209 -10.257214 6
14.268739 52.095409 -10.899914 1
14.419939 51.414809 -11.554014 3
13.897339 50.709309 -11.875414 10
12.923339 50.613609 -11.499914 6
12.425139 50.293809 -10.753214 3
11.662839 49.722109 -10.521114 9
11.690139 49.047109 -9.834914 5
12.087939 48.203109 -9.582414 6
11.579239 47.504009 -10.051414 11
11.191539 46.637909 -9.951114 9
10.420639 45.994609 -9.903414 8
11.265639 45.617409 -9.572914 5
10.491639 44.939009 -9.518814 3
10.688639 44.593309 -8.615514 3
11.043339 45.507909 -8.439714 13
11.719539 44.922809 -8.185514 5
12.271839 44.233809 -8.564614 1
12.570439 43.339709 -8.195614 4
13.349639 42.727009 -8.185514 9
14.277939 42.385409 -8.407114 4
13.767539 41.998609 -7.645614 3
14.128439 42.862109 -7.529314 3
15.030239 43.174209 -7.673814 1
15.767139 42.702909 -7.305314 9
16.246939 42.770209 -8.114814 3
16.639939 43.457209 -8.718814 8
17.042939 44.427409 -8.775614 1
17.930239 44.713009 -8.557714 1
18.774539 45.185609 -8.943514 3
19.008439 46.059409 -8.636514 3
18.201839 46.477509 -8.734114 1
17.778239 48.289709 -8.307814 9
17.667339 47.928809 -7.428514 15
18.130739 47.088809 -7.397914 3
19.084139 47.347909 -7.284314 6
18.996639 47.763209 -8.202014 9
19.495239 47.002509 -8.196914 10
19.989439 46.399809 -8.710214 3
20.336239 46.646209 -9.657314 3
19.727739 47.380109 -9.749914 5
19.569439 48.398109 -9.710514 9
19.761739 48.377609 -8.724114 9
20.446839 47.632809 -8.492814 3
20.291839 47.806909 -7.508214 6
20.489539 46.848809 -7.728714 3
20.702439 45.941509 -8.007414 3
20.380039 45.890009 -7.158314 6
19.776639 45.781909 -6.414814 6
18.811639 45.627009 -6.103714 1
17.805139 45.461809 -6.219514 10
18.090439 46.377909 -6.606914 1
18.937839 46.240609 -6.959114 6
19.245839 45.369209 -7.553814 3
19.154639 44.531409 -7.955714 3
18.312339 44.519009 -7.459414 5
18.040639 43.899209 -6.735614 3
18.574839 43.148009 -7.066614 5
19.124139 42.342109 -7.197214 13
19.665539 42.925909 -7.697314 13
20.126139 43.705609 -7.455814 3
19.799739 44.278609 -6.778414 11
20.481739 44.951409 -6.592114 6
20.415039 44.922409 -7.606714 3
20.953439 44.964809 -8.415114 3
21.904039 44.708309 -8.479814 3
22.707239 44.198109 -8.287414 14
22.323039 43.225509 -8.403214 8
21.945039 42.605109 -7.765914 13
22.824239 42.200309 -7.782814 4
22.746839 41.898709 -6.886014 4
22.988839 42.842409 -6.731314 4
22.538339 43.562109 -7.154514 12
22.161839 44.405809 -7.418214 3
21.314739 44.486009 -6.947814 3
21.153239 44.092409 -6.000714 9
21.521339 44.942709 -5.677214 6
22.266839 44.941409 -6.288514 1
22.545039 45.616309 -7.001214 3
22.600039 45.941009 -7.915914 3
23.169039 45.271109 -8.438614 6
23.480739 45.062109 -7.555514 1
24.389539 45.380309 -7.830314 1
25.050739 44.718109 -7.715314 3
25.220739 43.918309 -8.188214 10
25.257639 43.052709 -8.715214 4
24.814539 42.582109 -9.347714 1
24.193339 43.121909 -9.824314 6
23.757339 43.945509 -9.893814 9
24.035539 44.099809 -10.838214 9
23.593139 43.456709 -11.329414 9
24.323039 42.741009 -11.196714 1
24.371539 42.857109 -12.221114 3
24.453439 42.017909 -12.704814 13
23.844639 42.002909 -13.428514 8
23.493739 42.946709 -13.624214 5
23.792739 43.819809 -13.550814 5
24.110339 44.629909 -13.079714 8
23.166739 44.392409 -12.739914 9
22.692039 44.836409 -13.458914 5
23.349539 45.380309 -12.878314 1
23.414939 46.213109 -13.409414 15
22.984939 46.370009 -14.227014 3
22.631539 46.998209 -13.578614 3
21.735939 47.000709 -13.339114 10
21.722339 46.511109 -12.541814 3
21.060239 45.831009 -12.660614 13
20.227839 45.973509 -12.237014 10
20.699639 45.825409 -11.396014 3
21.579739 46.224309 -11.622914 11
22.238239 45.702509 -11.245814 9
23.002239 45.090209 -11.223314 9
22.477339 45.149209 -10.315914 9
21.593439 45.377009 -10.550714 3
20.985639 44.611709 -10.370714 3
21.756339 44.036609 -10.284114 9
21.304239 43.257409 -9.854214 3
21.383139 42.350409 -9.422714 13
20.640439 42.300109 -10.048114 6
19.893839 42.811709 -9.935614 3
18.933639 42.461209 -10.027914 13
18.425139 42.563709 -10.908414 15
18.641239 41.687309 -11.012314 6
19.143439 40.953709 -11.399414 4
19.330039 41.117209 -12.392514 3
20.209639 40.999309 -12.599714 3
20.851739 41.445209 -12.057714 6
21.227839 41.480309 -12.964414 5
20.688839 42.011509 -13.645914 3
21.071339 42.662609 -13.093414 6
21.753239 43.085509 -13.559414 5
22.541139 42.592409 -13.159014 5
21.859139 42.252809 -12.615514 3
21.698039 41.936109 -11.675914 6
21.638139 41.670109 -10.702914 6
21.878539 40.939509 -10.157814 8
22.424239 40.300509 -10.602814 3
22.842439 40.398709 -11.463714 1
22.051239 39.970109 -11.783514 1
21.635839 39.819109 -12.615414 1
20.749539 39.940809 -13.044714 3
20.332739 39.909209 -13.977914 3
19.564539 39.408009 -13.789014 3
19.891339 38.532109 -14.102114 1
20.685239 37.897709 -14.166714 10
21.515539 37.367709 -14.240514 4
21.824739 38.163609 -14.668314 10
21.918939 38.263609 -13.660914 1
22.866139 38.226509 -13.950214 1
22.663739 37.853509 -13.072014 1
22.242039 36.983709 -13.292014 3
22.269039 36.027509 -13.300514 3
22.571639 35.951209 -12.371714 9
21.812639 35.517709 -11.921414 12
21.151339 34.833909 -12.095014 3
20.252939 34.793409 -11.832914 6
19.511339 34.978509 -12.445614 11
19.407439 33.895009 -12.549214 5
18.706439 33.691109 -11.835014 4
19.405539 33.740709 -11.241114 9
19.752439 34.204209 -10.463714 14
18.873139 34.497709 -10.243414 10
18.413739 35.203709 -10.796914 5
19.003239 35.876409 -10.640914 4
18.488439 36.614209 -10.786814 9
17.995239 37.236709 -11.364614 3
17.207539 36.723709 -10.973314 9
16.955639 37.440509 -10.339314 3
17.287239 38.294809 -10.501914 13
17.053839 39.156209 -10.725014 10
17.474839 39.566609 -10.009714 4
17.134539 38.999109 -9.348514 10
16.848239 39.758309 -8.862814 6
17.809339 39.811409 -8.943714 1
18.584039 40.384809 -8.904914 10
19.233639 40.091209 -8.228814 4
19.642039 41.011509 -8.186514 13
19.233039 41.272909 -7.352114 13
19.013039 40.793809 -6.489414 8
19.411739 41.504909 -5.917314 10
19.614339 40.742709 -5.352014 6
20.391939 40.238809 -5.122114 6
20.773839 40.458009 -5.969514 3
21.667039 40.743709 -6.074114 4
21.767439 41.547809 -6.642214 4
21.151539 41.616009 -7.338914 13
22.152339 41.505909 -7.611114 4
22.148539 41.351609 -8.586514 13
22.462739 41.120109 -9.447414 5
23.409939 40.769109 -9.364814 1
24.082539 41.162109 -8.861614 10
24.037139 41.829709 -8.125214 4
24.906839 42.176209 -7.817914 3
25.447139 42.907909 -7.637014 1
24.619039 42.861909 -7.087914 5
24.831839 43.467609 -6.429114 13
24.009239 42.946709 -6.274914 4
23.367039 43.710809 -6.370314 8
23.880039 44.535509 -6.199114 11
24.817639 44.694609 -6.011014 10
25.721639 44.467009 -6.245214 4
25.467939 44.384109 -5.330814 9
26.075239 43.612509 -5.322614 10
26.444839 43.867409 -4.410314 3
26.717739 43.892909 -3.482814 4
26.322239 43.216409 -2.818614 10
26.570139 42.947209 -1.909714 11
27.286639 43.630909 -1.983714 6
27.758439 42.994709 -2.672214 10
28.488339 43.303709 -2.176714 4
29.369939 43.434009 -1.820214 11
28.989839 44.292309 -1.931014 5
29.238539 45.139909 -2.242714 1
29.969539 45.449109 -1.672214 13
29.787139 45.191009 -0.708414 4
29.272539 44.760109 0.038886 3
28.469739 45.282809 0.148086 13
28.416339 44.426009 0.628986 1
27.507139 44.198909 0.780786 10
27.479739 44.441209 1.701986 5
27.668739 44.843109 2.546086 10
27.415739 44.059209 2.913486 13
26.669739 43.444309 2.957986 6
25.977039 42.792209 3.121886 1
25.197139 42.332309 2.526486 10
24.634739 43.183609 2.708586 6
23.733939 43.459509 2.571986 12
24.023039 44.375509 2.763286 4
23.233639 44.626209 3.292986 8
22.335039 44.529409 2.848086 9
22.846439 44.518309 2.086586 6
22.700939 43.802409 1.476986 3
22.252439 42.997309 1.329286 9
21.965439 42.143609 1.608086 4
22.789839 41.887109 1.202086 4
23.388139 41.680709 0.418386 13
23.194739 42.612909 0.487086 1
23.087739 42.311409 -0.485014 1
22.371439 41.785009 -0.090814 4
22.772739 41.413309 -1.014214 10
22.743239 42.100609 -1.717214 15
21.922539 42.292009 -2.156514 10
21.412939 43.018209 -2.422914 13
21.300839 42.516209 -3.227214 10
20.913139 43.269009 -3.715214 2
21.008339 44.252109 -3.545314 13
21.754039 44.505909 -3.993014 11
22.558539 43.963609 -3.989014 1
22.559139 42.988109 -4.205314 15
22.709239 43.078309 -5.224814 4
22.148539 43.914109 -5.306514 5
21.942039 43.523109 -6.178414 4
21.454639 43.336109 -7.021414 3
20.948039 42.602309 -7.388514 13
20.326839 42.523309 -6.619214 3
21.144739 42.412509 -6.051714 4
20.257839 42.509909 -5.555714 1
19.394739 42.426709 -5.075214 9
19.447739 42.307509 -4.120014 3
19.451039 41.383809 -4.484114 6
20.335739 41.720709 -4.331614 10
21.037539 41.121709 -4.663414 1
21.555239 41.672309 -5.413614 4
21.445739 42.466009 -4.827114 1
22.409739 42.094109 -4.942314 4
22.172539 41.648909 -4.136014 10
22.949339 42.184109 -3.699214 10
23.566639 43.020109 -3.901314 1
23.850739 43.966509 -4.038714 6
24.579239 43.346009 -3.853814 1
24.714039 43.373609 -2.934514 1
24.220639 43.715609 -2.140214 13
24.403839 43.821809 -1.222114 5
24.273439 42.885609 -0.998014 13
24.237739 42.052909 -1.531914 4
23.795639 42.130609 -2.422214 8
23.061639 41.417009 -2.559114 10
22.593339 40.628909 -2.808614 10
22.875539 40.035609 -3.511414 10
23.256239 39.668409 -4.332714 5
24.209239 39.401909 -4.625514 3
24.901639 39.690609 -5.268214 11
25.572539 38.987709 -5.460214 13
25.044739 38.504509 -6.136614 1
24.152339 38.131409 -6.196014 8
23.424239 38.376709 -6.780114 4
23.006239 37.505509 -6.951314 11
23.520139 36.900209 -6.425514 3
24.438939 36.987709 -6.595114 13
24.013739 36.965109 -7.441814 5
24.305039 37.169909 -8.349014 4
23.714039 36.745609 -9.013714 4
23.720539 35.865709 -8.512014 6
24.541439 35.661709 -8.879614 9
23.864939 35.151309 -9.449314 1
24.400939 34.661709 -10.121314 4
24.819939 34.080609 -9.396714 6
24.664039 33.317709 -8.800614 11
24.643039 32.365109 -8.643414 10
24.059539 32.090809 -9.419214 15
23.259739 31.542709 -9.774014 4
23.849739 30.892509 -10.277214 10
24.037439 29.976409 -10.227914 6
23.062839 30.065509 -10.456614 5
22.148439 30.123909 -10.446614 13
22.397739 30.093209 -9.430014 4
22.111939 30.020809 -8.442614 1
22.923439 29.792009 -7.876014 3
23.253939 30.694309 -7.600314 10
24.048739 31.332009 -7.459914 10
23.828639 30.906809 -6.621514 13
22.935139 30.743209 -6.328314 8
22.432839 30.073309 -5.739314 4
22.126139 29.297209 -6.186414 13
21.255239 29.629209 -5.736214 12
20.514239 28.977509 -5.597214 9
19.871939 29.517309 -5.115214 4
19.368239 30.258409 -4.848814 3
18.924539 29.484009 -4.495814 1
18.221839 29.770109 -3.848114 3
18.109039 30.782509 -3.954714 10
17.834539 30.361209 -4.866514 4
17.082839 30.718209 -5.354414 1
16.257939 30.135109 -5.509814 1
16.004439 30.987609 -5.822414 4
15.514639 30.803509 -5.055414 10
15.293739 31.388209 -4.321814 4
14.355839 31.433009 -4.289514 1
14.387439 32.111109 -3.521714 1
13.634839 32.650909 -3.434514 15
13.927839 33.553409 -3.280914 1
13.438039 33.749409 -4.075514 13
13.153939 34.271109 -4.847814 1
12.617139 33.768509 -5.459214 6
12.301039 33.837009 -6.307314 5
11.561839 34.414809 -6.196414 6
11.341739 35.350309 -6.114614 11
11.574639 35.931209 -5.451214 10
11.130839 35.562909 -4.647214 13
11.556739 35.393809 -3.732514 10
11.853639 36.227909 -3.334314 4
11.629639 36.993909 -3.841414 11
12.329639 37.645709 -4.096414 10
13.041539 37.070109 -3.838114 9
12.803439 36.749309 -2.986614 4
12.619939 35.971409 -2.407914 3
13.232439 36.434409 -1.852514 8
12.483239 36.535209 -1.259814 4
13.232139 36.769009 -0.580414 10
13.696339 35.849509 -0.372514 13
14.154439 36.531209 -0.887414 10
14.152339 37.215509 -0.178714 6
14.671239 37.205509 0.647886 4
15.401839 36.532709 0.461286 8
14.904039 35.825809 0.067086 13
15.701039 35.840009 -0.756114 4
16.512139 36.200609 -1.094914 10
16.690839 37.190709 -1.382314 3
16.262639 36.783509 -2.107814 6
16.762839 36.914109 -2.922214 4
17.059539 37.884109 -2.769814 12
17.951539 37.606609 -3.215314 4
18.767739 38.078509 -3.024714 13
19.356939 37.302309 -3.206114 13
18.711939 36.904509 -2.557914 4
19.273439 37.571309 -2.281214 13
19.207339 36.866309 -1.620814 1
20.054939 36.557009 -1.964214 1
19.850239 36.066109 -1.084414 1
20.241939 35.407809 -1.685114 10
20.169939 34.543809 -2.105514 3
20.339939 33.596009 -1.946514 4
20.034739 33.752709 -1.104614 5
19.959239 34.705009 -0.944714 1
19.122439 34.302809 -0.701014 10
19.134939 34.129509 0.214886 9
18.180839 34.117709 -0.167614 4
17.404339 33.643509 0.067286 10
17.285239 33.743509 0.983486 9
17.285339 32.822509 1.272586 9
17.376439 32.084709 0.684886 6
18.355539 32.311109 0.778786 4
19.282039 32.015909 0.746786 10
19.586939 32.783109 0.233686 13
19.575439 33.205609 1.126986 10
19.741239 33.962609 1.687586 6
20.584639 33.454409 1.418886 4
21.513939 33.840809 1.726486 10
21.636139 34.209609 0.874486 3
22.333339 34.527309 1.434486 11
22.205939 35.371309 1.946286 15
22.766539 35.623109 1.290886 8
22.393439 36.072209 0.535286 13
22.496439 36.963709 0.268586 5
23.214839 37.460709 0.643486 4
24.066339 37.161909 0.411086 13
23.440539 37.294509 -0.347714 5
23.198739 37.844909 -1.138114 5
23.823339 38.256809 -1.755014 7
24.164239 39.106609 -1.624914 4
23.909539 40.015509 -2.056614 10
24.098039 40.997209 -1.977014 10
24.932339 40.546409 -1.954514 4
25.775939 40.883809 -2.324114 9
25.635739 41.150309 -3.212814 1
25.329639 41.951109 -3.585914 3
24.586639 41.833509 -2.933714 3
24.089839 41.404009 -3.676514 10
24.477039 41.864909 -4.580614 12
23.886239 42.352909 -5.187214 1
23.343239 42.135609 -5.990614 4
23.450339 41.307509 -6.405614 4
23.799439 41.226609 -5.462814 6
24.689539 40.962109 -5.277214 1
24.801839 40.720409 -4.341914 4
23.927239 40.368609 -4.050414 10
24.621039 40.198909 -3.329514 1
23.951139 39.611209 -3.065014 10
24.775039 39.100709 -2.909014 1
24.439439 38.622709 -3.715714 1
23.484939 38.793909 -3.765114 6
22.706939 38.922309 -3.257014 10
21.837739 38.735309 -3.654314 10
21.213939 37.850409 -3.435314 8
20.336839 37.573309 -3.750014 13
20.569439 36.674109 -3.537614 13
21.463239 36.753909 -4.043014 4
21.344139 35.848109 -4.332314 10
20.337739 35.772709 -4.096114 13
19.483739 35.292009 -3.997514 14
19.625939 35.306309 -3.119014 3
19.668839 36.293709 -3.068014 13
18.846039 36.316809 -3.587314 4
18.601339 35.679009 -2.881314 4
18.749939 34.750809 -2.790714 11
18.108739 34.350609 -3.425914 11
17.109739 34.343809 -3.516914 10
16.722839 35.008509 -2.969814 15
17.617939 35.282209 -3.081314 4
17.440039 35.743009 -2.267014 4
17.021639 34.891909 -1.861314 5
17.292339 34.689809 -0.917514 6
18.218939 35.230109 -1.207914 9
17.570239 35.906109 -0.882314 9
18.475439 36.231209 -0.578814 10
19.268839 36.128209 -0.033514 4
18.474439 36.096809 0.562086 13
18.942439 35.575309 1.164586 10
18.409639 35.712909 1.926386 4
18.673839 35.632609 2.864386 6
19.549239 35.778709 3.176186 5
19.613339 36.569009 3.874186 7
19.151539 37.007909 4.640086 1
19.101939 37.843709 5.261286 10
19.135539 37.622509 6.214386 4
20.127739 37.753709 6.256486 13
21.065839 37.479509 6.313486 1
22.012439 37.779409 6.172686 4
22.391339 38.627609 5.998786 5
22.535739 39.556109 6.077386 3
22.950839 40.388109 5.845986 8
22.459239 40.442409 5.006386 1
22.373239 39.929409 4.227386 1
23.045839 39.259209 4.246186 10
22.534039 38.722809 3.653986 10
22.554439 39.601709 3.316986 13
22.704939 40.533409 3.075386 4
22.732139 41.442609 3.404486 4
22.348439 42.206909 3.791886 10
22.421839 42.742209 4.591186 12
22.516639 43.121309 5.529786 6
22.571939 42.894809 6.521786 3
23.412039 42.983009 5.955786 11
23.760539 42.700909 5.145386 13
23.556039 41.962709 5.757486 4
23.763039 41.613909 4.873486 11
23.968639 42.009609 4.030886 13
24.484539 41.624309 3.314086 14
24.907439 40.892009 2.901786 4
25.244439 40.489709 2.079086 6
24.353439 40.108509 1.920186 10
24.431039 41.072409 1.918386 15
23.496339 40.872909 1.796586 5
22.659339 40.905609 1.354486 4
22.760039 40.491609 0.471286 9
22.045439 40.848409 -0.104914 4
22.056439 40.475109 -1.005914 10
22.670239 39.703109 -1.237914 10
22.992839 40.106409 -0.428914 3
23.805639 39.429909 -0.590214 1
23.131139 38.744509 -0.147414 5
22.334939 39.159409 -0.362814 10
22.104439 38.970109 0.550286 4
21.481539 38.367309 0.034286 5
21.113239 38.485509 -0.818414 10
20.197539 38.310009 -0.703414 1
19.615039 37.745209 -1.162014 15
18.781639 38.131109 -1.259214 13
18.911539 38.808909 -0.484814 10
19.383339 38.374009 0.209086 1
20.055039 38.111409 0.771186 9
20.810539 38.186609 1.351886 10
20.539939 38.855309 2.038086 13
20.508239 39.242509 2.902186 6
20.198839 40.205009 2.728286 1
20.166839 40.765209 1.961386 4
20.079739 41.665709 2.341586 4
20.037639 42.358809 2.973886 13
20.615239 42.564409 3.684786 9
21.022039 42.936409 2.884186 13
21.506939 42.004209 2.681386 4
21.313739 41.387809 3.523886 11
21.479439 40.951009 2.656786 4
21.832239 40.662509 1.851486 4
21.053839 40.467809 1.410086 4
20.336839 39.988709 1.052386 7
19.760339 40.709209 0.623486 8
18.976339 40.943009 0.145986 6
19.575439 41.515809 -0.449014 13
20.453039 41.415509 -0.734514 8
21.252639 41.385309 -1.235914 4
21.227739 40.539709 -1.592814 10
21.992539 40.123009 -2.004414 10
21.895339 39.146009 -2.201714 10
22.523839 38.762609 -1.612214 3
22.103339 37.870409 -1.448614 5
22.629139 37.355209 -2.084414 1
23.475539 36.974909 -1.843114 1
24.060339 36.345309 -1.425614 10
24.037339 35.545709 -0.757814 12
24.293039 34.598509 -0.784114 4
24.339439 34.163309 0.058086 10
24.720839 33.474809 0.575986 6
23.830139 33.662509 0.813286 1
23.187039 32.873209 0.551286 10
22.790139 32.165509 1.029586 13
22.187639 31.578109 0.581186 1
22.099039 31.139809 -0.304614 4
22.296439 31.928409 -0.864214 6
22.132839 32.599009 -1.533114 10
22.364739 33.427309 -1.018414 1
22.404339 33.773609 -0.111514 15
21.910039 34.574309 -0.278714 4
21.864639 35.240009 -0.965714 14
21.612139 35.092209 -1.869114 10
21.200139 35.670309 -2.507514 15
21.309939 36.724609 -2.521714 13
21.831239 36.682209 -1.676314 5
21.071739 36.132809 -1.448914 3
21.245739 35.960909 -0.483014 13
20.682639 36.801609 -0.403914 4
21.432539 37.381309 -0.654814 5
20.824739 37.482909 -1.398514 4
20.230839 38.050609 -1.888314 13
20.784339 38.895509 -1.828114 10
20.506439 39.728909 -1.387814 10
19.738939 39.207909 -1.342314 13
20.172139 39.512909 -0.415714 1
20.842539 40.215409 -0.587614 10
21.088039 40.494609 0.317986 4
20.563839 41.208809 0.810186 4
20.065639 41.986809 1.036886 7
19.685739 42.526509 1.733486 3
18.872039 42.221109 1.371686 4
18.456239 41.562009 1.904486 1
17.790939 40.904809 1.498286 6
17.237739 41.711709 1.895886 10
17.394739 41.163709 2.751186 4
16.622339 41.562109 3.045686 11
16.364839 41.969909 3.906486 9
15.703539 42.330709 3.370386 10
16.031239 43.069309 2.857986 11
16.569239 43.528709 3.512186 4
16.979139 44.271009 3.735686 10
17.334839 45.194309 4.163386 7
17.464139 45.737909 3.377186 13
18.292339 46.132009 3.115486 6
18.664739 46.920609 2.557286 10
18.579439 46.263009 1.879786 9
19.190439 45.422209 1.911086 8
20.110839 45.129009 2.151186 13
20.247039 45.764309 1.448186 8
20.761539 44.946409 1.219586 5
20.986739 44.737909 0.331886 10
21.739739 44.384909 -0.237314 4
21.546239 43.748909 0.472186 9
21.078539 43.258809 1.121686 3
21.117539 42.265309 1.007086 4
20.616639 42.424209 0.168286 1
21.435039 42.621909 -0.248914 4
20.707539 43.016209 -0.771914 13
21.418739 42.802409 -1.328714 1
20.808239 42.201609 -1.696614 5
21.159939 41.649909 -2.433514 10
21.556939 40.749409 -2.806914 10
21.974739 40.742009 -3.718714 10
22.175039 39.982509 -4.289614 5
22.155639 40.280309 -5.215314 1
22.781039 40.234009 -5.916014 4
22.425739 39.279209 -5.870914 1
21.770839 39.185009 -5.240414 1
20.778039 39.072009 -5.077314 13
20.081839 39.439609 -4.496914 6
20.413439 38.753609 -3.917214 13
20.958039 39.101309 -3.182214 10
20.109939 39.261309 -2.651314 13
20.266739 39.787709 -3.512514 4
21.042039 40.344009 -3.571814 10
20.522439 40.738109 -2.876514 10
19.608339 40.983109 -3.012514 7
19.247139 40.063609 -3.296014 6
19.156639 39.034809 -3.329214 13
19.066039 39.283609 -4.228014 6
18.367539 38.651909 -4.051314 13
17.924139 37.853709 -4.508414 4
18.674239 37.355009 -4.200814 13
18.127239 36.538209 -4.197214 4
17.378139 35.982609 -4.074714 4
16.581539 36.079809 -3.598614 5
15.717839 35.816309 -3.408914 6
15.712539 36.666209 -3.808514 15
16.331539 36.941009 -4.502914 4
17.108739 36.677109 -5.005014 4
16.390439 36.871609 -5.592514 10
17.273039 37.207409 -5.957114 4
17.692639 36.372109 -6.106614 4
16.770539 36.032709 -6.047214 10
16.126539 35.738809 -5.385414 9
16.575239 35.312709 -4.604914 10
17.490139 34.967409 -4.540214 4
16.985839 34.898009 -5.428614 9
16.522639 34.848309 -6.235014 10
15.741239 34.228109 -6.161314 10
15.695239 33.286109 -6.067014 3
16.138839 33.461009 -6.932414 10
16.000539 33.586709 -7.827514 7
16.144739 32.661309 -7.550314 1
15.218539 32.533409 -7.293414 11
14.659539 33.187509 -7.774914 1
15.119539 33.773909 -7.148214 10
14.844739 34.684409 -6.953314 10
15.068739 34.607109 -7.881914 10
14.260139 35.045009 -8.249314 1
14.264939 35.855609 -7.607214 10
13.308739 36.079309 -7.297814 11
13.947839 36.359209 -6.715214 12
13.784339 37.044509 -6.003714 4
14.213339 36.566809 -5.211114 10
14.447439 37.245809 -4.576214 7
14.350139 38.100209 -4.107214 4
15.053039 38.292209 -4.763714 3
15.406939 37.745209 -4.037514 10
16.357339 37.840309 -3.895114 4
17.242039 38.294409 -3.823314 4
17.019139 38.950909 -3.153214 5
16.706139 39.875209 -2.865314 7
17.211439 39.406809 -2.212714 8
18.089839 39.018609 -2.264814 13
18.528539 39.191709 -1.388614 13
18.075739 39.727809 -0.762214 7
17.738839 40.616109 -0.967114 1
17.538639 41.644209 -1.037714 10
18.324839 41.247009 -1.458314 9
18.667739 40.646309 -2.078014 13
18.335739 40.866309 -2.943414 10
18.167139 40.625109 -3.815614 9
18.436739 40.177109 -4.637514 6
17.739639 39.522009 -4.764014 5
17.145539 38.764309 -5.097514 1
17.674939 38.124009 -5.599114 4
17.480639 38.601509 -6.412814 12
18.255139 38.404009 -6.914014 4
18.603039 38.025009 -7.915514 7
19.517239 37.726809 -8.372214 1
19.470439 37.955309 -9.350914 1
19.003039 37.587509 -10.147314 10
18.077039 37.499109 -10.295614 13
17.569839 36.983309 -9.565814 11
16.999239 36.865109 -8.862114 5
17.483739 36.939209 -8.076414 10
17.690239 37.369909 -7.184314 4
17.061339 36.645209 -7.043314 10
18.779539 36.604509 -7.500214 15
19.262039 37.049109 -6.788914 4
19.917639 36.689309 -6.204314 11
20.701439 36.402309 -5.687814 13
20.858339 35.523709 -6.069414 15
20.238639 35.428709 -5.398014 3
19.789139 36.161409 -5.040514 13
18.820539 36.175509 -4.918214 4
18.677339 36.299409 -5.823714 4
18.879139 35.416709 -6.138514 1
18.018339 34.998509 -5.880314 10
18.563939 34.906209 -5.011614 4
18.566639 34.002409 -5.175214 1
17.750939 33.625409 -5.550114 1
17.475339 33.341009 -6.465614 4
16.938839 34.157109 -6.866914 10
16.933739 34.751009 -7.625014 10
16.188439 35.240209 -8.044214 10
16.071139 34.545709 -8.725514 8
16.029439 33.898709 -9.595514 7
16.133639 32.954009 -9.562214 4
17.097239 33.165709 -9.172514 1
17.095939 33.711209 -8.400514 3
17.909539 33.966209 -8.978214 10
17.131039 34.425509 -9.495414 6
17.612339 35.237809 -9.600314 9
17.758939 35.344109 -8.637314 10
18.416339 34.769809 -8.288314 4
18.046739 35.338209 -7.630114 10
18.242539 34.596909 -7.069414 10
19.031339 34.390709 -6.532114 5
19.906639 34.513409 -6.070914 4
19.816239 33.838909 -6.780614 5
19.083439 33.736709 -7.458214 7
19.736939 34.414409 -7.682014 4
20.681639 34.036209 -7.688314 6
21.625739 34.297609 -7.478314 10
21.949439 35.124909 -7.836714 7
22.486139 34.596509 -7.163514 7
22.268639 35.184009 -6.374514 10
22.222639 36.132309 -6.361214 1
21.662039 36.793909 -5.948414 4
21.550639 37.238009 -5.075514 13
20.840239 37.408909 -5.612714 13
21.089339 37.887809 -6.356114 1
20.463839 37.600909 -7.073314 1
21.307439 37.050109 -6.998914 3
21.574939 37.647209 -7.761014 1
20.913339 38.102909 -8.315714 4
20.056739 38.605909 -8.314114 1
20.564839 39.170109 -7.646014 9
20.461339 40.010309 -8.105614 10
20.732339 40.988709 -8.055314 13
21.313339 40.375809 -8.508314 7
22.201639 39.987909 -8.743814 10
22.601939 40.454509 -8.031214 4
23.488539 40.137009 -7.903814 11
23.605139 40.349809 -6.920514 4
24.439639 39.867009 -6.857014 11
24.699539 40.629109 -6.302914 10
24.541839 41.609509 -6.390414 4
24.337939 41.171109 -7.250714 4
24.831539 40.584009 -7.809514 13
24.863139 39.644209 -8.121414 10
24.105939 39.095209 -8.435314 11
23.286639 39.182709 -8.914814 8
22.801739 38.671509 -8.230814 8
22.163939 39.092909 -7.667414 3
22.101039 39.632209 -6.872914 4
21.330339 39.539409 -6.313114 5
20.414539 39.398609 -6.534114 10
19.694439 38.862909 -6.147714 6
19.800639 38.461009 -5.198114 5
19.904939 37.597809 -4.927914 13
19.201239 37.152209 -5.400414 4
18.721739 37.985309 -5.329514 4
18.417839 38.887409 -5.283514 6
17.902439 39.434509 -5.853714 7
18.130539 39.490209 -6.800614 1
17.617439 40.394109 -6.681914 1
18.126039 40.485309 -7.569714 5
17.458139 41.014209 -8.092614 10
16.916439 41.659309 -7.493714 4
15.988739 41.357709 -7.516114 9
15.651139 40.388709 -7.780214 10
15.029739 39.751209 -8.260514 15
14.079539 39.868509 -8.556414 13
14.361439 38.880609 -8.585614 10
13.715439 38.248409 -9.005714 13
14.337939 37.638809 -9.422114 15
14.591839 37.072509 -8.739714 9
15.091139 36.452809 -8.115914 10
15.006339 36.701409 -7.226214 10
14.918439 36.053909 -6.452614 10
15.678439 35.487409 -6.385614 10
16.389239 35.733809 -7.077114 10
16.108239 36.400609 -7.755314 10
15.742339 37.227209 -8.283614 15
16.587839 37.393909 -7.766914 7
16.638239 37.596809 -6.818514 10
15.900839 38.122109 -6.618314 7
15.087639 38.578209 -7.034314 12
15.200939 39.517509 -6.820314 4
14.346339 39.777309 -6.637314 7
13.656139 40.101109 -6.060714 1
12.925539 40.539409 -6.492814 12
12.019739 40.667209 -6.709314 1
11.907239 40.850909 -7.649114 4
11.903939 39.954009 -8.096614 3
11.085139 40.529109 -8.110114 10
10.172139 40.260209 -8.174614 7
9.969939 40.250409 -7.179314 1
10.127839 41.126709 -6.771914 4
9.967939 41.185609 -7.691314 14
9.456739 41.466609 -8.550514 10
9.178539 42.292309 -8.844314 4
9.940339 42.117309 -9.475914 13
9.202339 41.716709 -9.983414 7
8.591039 41.223809 -9.416414 1
8.409339 40.350909 -8.954414 4
8.099639 39.832409 -8.168314 10
7.661339 40.546309 -7.705314 11
7.003139 41.151609 -7.419014 13
7.314739 41.944309 -7.954514 6
6.782539 42.203909 -7.170914 9
6.458339 42.560109 -6.377114 7
5.958339 42.960409 -7.125714 7
5.485939 43.268609 -7.969514 11
5.449539 42.707209 -8.796814 10
4.677139 42.960609 -9.332314 7
5.306439 42.989609 -10.037814 14
6.000739 42.537109 -10.454414 12
6.511239 42.681609 -11.239314 4
6.210739 43.477409 -11.660214 10
5.338539 43.475409 -12.059314 4
5.119239 44.207209 -12.717214 7
5.409139 44.997909 -13.174014 12
5.321639 44.626809 -14.031714 7
6.080439 45.104709 -14.439014 10
6.457839 44.370009 -14.887814 12
6.223639 44.957309 -15.729314 13
6.012939 44.059109 -15.823914 12
5.256639 44.716209 -15.800614 4
4.964139 45.282509 -16.479114 1
5.018739 45.594509 -17.455214 7
4.125739 45.216109 -17.606594 10
3.403539 45.050309 -18.230644 10
2.464539 45.117109 -17.906444 1
2.666239 45.976109 -18.396274 7
3.517839 45.941709 -18.862394 10
3.809139 46.343209 -18.046064 1
4.670239 46.366509 -18.547484 10
4.887939 47.049009 -17.933674 1
5.720039 47.458809 -18.158344 3
6.616739 47.470109 -18.449954 7
7.113539 47.861009 -19.189064 1
6.448739 48.497909 -18.932074 4
6.635539 48.855509 -18.064924 7
7.299939 49.220509 -17.365614 5
7.524439 49.261609 -16.408114 10
7.349839 48.335809 -16.431214 1
7.251339 47.937609 -15.497014 11
6.803439 47.015409 -15.438214 9
7.566339 46.494309 -15.599114 4
7.229739 45.633309 -15.774114 4
7.047339 45.041409 -16.559214 14
6.800339 44.183509 -16.843114 12
6.723339 44.463009 -17.775784 10
7.642339 44.183109 -17.986964 1
7.790939 43.273009 -18.257994 15
7.144439 42.767509 -18.815644 11
6.401439 42.168509 -19.062794 7
5.548839 42.589209 -19.298714 7
5.182639 43.366209 -18.873124 10
4.763439 44.176109 -18.671244 10
3.852739 44.433309 -18.943504 10
3.058739 44.723209 -19.427224 13
2.922839 43.935109 -19.973544 7
3.480439 43.176609 -19.646274 10
3.963439 43.228409 -20.489784 15
4.086539 42.703409 -21.288344 7
4.098039 43.121309 -22.193974 14
3.364739 42.558809 -22.310364 9
2.990939 43.325809 -21.867104 12
2.835939 42.450009 -21.340504 7
3.040039 41.539309 -21.397204 10
2.767639 41.115809 -22.189744 7
3.390039 41.286909 -22.968664 14
4.087939 41.283009 -23.639964 13
3.868639 40.311609 -23.592174 4
4.663439 40.506909 -23.040684 7
4.516339 39.664809 -22.596414 10
4.662239 39.106309 -23.386094 12
5.051039 39.306309 -24.284314 4
5.494939 40.103109 -23.922454 10
6.433239 40.165809 -24.049674 1
7.491039 40.058309 -23.878304 1
7.152539 40.549009 -23.096044 1
6.595139 39.809509 -22.967234 1
6.402439 40.219709 -22.087274 7
5.665939 40.818309 -22.405704 1
5.924839 41.245009 -21.581714 7
6.012939 42.228809 -21.480694 1
6.450539 41.657209 -20.763664 7
7.437139 41.563609 -20.781834 7
8.174839 41.863109 -21.351544 4
7.706439 42.666509 -21.532664 12
7.597339 43.208509 -20.735764 11
7.166039 43.999509 -20.374254 11
6.234939 44.343609 -20.348494 10
6.397439 45.005409 -21.011884 6
6.100139 45.483809 -20.200714 8
5.481439 45.501709 -19.366454 10
5.515739 44.967409 -18.602924 10
6.161939 45.647409 -18.414884 12
6.401939 45.947009 -19.307884 1
5.993239 46.578709 -19.887944 7
5.118739 46.361409 -20.223494 4
5.461739 46.265809 -21.108684 7
5.335039 47.156709 -21.545554 10
5.550639 47.834009 -20.961644 13
4.757139 47.944309 -20.425394 7
4.052939 47.641209 -19.825434 15
3.621739 47.008809 -20.340004 14
3.580139 46.089409 -20.209034 1
4.363839 45.838509 -19.720314 7
4.688139 44.946409 -19.731214 10
4.119239 44.901709 -20.474474 1
5.027739 44.383109 -20.466904 10
5.380839 44.154009 -21.346954 11
4.593039 43.875909 -21.758584 9
4.964939 43.688109 -22.611904 13
5.288639 44.510109 -22.992314 5
5.700139 45.101709 -23.764234 10
5.948139 45.882409 -24.170934 4
6.391239 45.873209 -24.991374 6
6.943539 45.832209 -24.163534 10
7.095839 46.523909 -23.375904 1
6.635839 47.461609 -23.420134 1
7.509339 47.830209 -23.213454 7
8.044139 48.472109 -22.695274 7
8.417139 49.317109 -22.332674 1
7.765539 48.853409 -21.768644 1
7.394639 48.066709 -21.252714 1
8.026039 47.475909 -21.657114 4
8.530239 46.735009 -21.299944 10
8.363739 46.235609 -22.080824 16
8.640239 45.583809 -21.465424 7
8.744039 44.721609 -21.073234 11
8.156139 44.961409 -20.383874 4
7.951339 44.784809 -19.479254 11
7.029739 45.103909 -19.223214 14
6.505539 44.269809 -18.960514 10
6.204839 43.392709 -18.919434 10
6.597639 43.365809 -19.823104 11
6.483939 42.466509 -20.034294 7
6.039739 42.943209 -20.756084 14
5.458039 43.392809 -20.051774 10
5.146639 42.503909 -20.260394 7
4.446839 42.695909 -19.593414 10
4.653539 41.735209 -19.312774 7
3.725139 41.736209 -19.566994 1
3.620639 42.318909 -18.776674 10
3.377139 41.619309 -18.172004 1
3.984039 41.141109 -18.746114 4
4.786639 40.670009 -18.386744 7
4.547139 41.325909 -17.770184 9
5.292439 41.804009 -17.315314 12
4.976339 42.415609 -18.033194 7
4.905939 43.333109 -17.802054 10
5.116639 42.828809 -16.996514 12
5.674239 43.140709 -16.273014 12
5.594439 43.846809 -16.985114 13
5.026539 44.452409 -17.372214 10
4.476139 44.243209 -16.651414 1
4.525039 43.494509 -16.069514 7
4.927339 42.745009 -15.503114 12
5.488839 42.091009 -15.066514 12
5.729639 41.579109 -14.353814 7
5.244839 40.748609 -14.108914 15
5.859439 40.329909 -13.535014 10
5.207139 40.278409 -12.870414 4
5.205539 39.526809 -12.329514 7
4.972639 38.797009 -12.919214 7
5.673139 39.166809 -13.511314 15
5.880839 38.292909 -13.133614 7
6.191239 38.533809 -12.249614 1
5.503239 38.798009 -11.601314 7
6.096139 39.539209 -11.546714 1
7.118639 39.590509 -11.702114 1
7.918739 40.086509 -11.647114 15
8.872439 39.708009 -11.751714 7
8.425739 38.830009 -11.539614 15
7.863839 38.481409 -12.194814 1
8.571339 38.410309 -12.803614 1
8.500639 37.497909 -12.835614 10
8.115039 36.577209 -12.821314 3
7.364139 36.363409 -12.257714 1
6.510739 36.056309 -12.559014 10
6.025839 36.095009 -13.404814 12
5.900039 37.099509 -13.504214 1
5.190939 36.984009 -12.888414 7
4.301439 37.301509 -12.782114 7
3.699839 36.802209 -13.266914 7
3.572239 35.863809 -13.418014 12
3.536939 35.118109 -13.985314 11
3.516939 35.522709 -14.888714 12
3.662839 36.513209 -14.671614 16
4.368439 37.078609 -14.293714 7
5.331139 36.852709 -14.334914 1
5.483439 37.807609 -14.528614 7
5.826639 38.696109 -14.600614 15
6.509039 38.662109 -13.935314 9
6.546239 39.382509 -14.620414 15
7.092039 40.077809 -14.230914 5
7.287339 40.502909 -15.083714 16
7.218039 39.664709 -15.591414 12
8.179739 39.563809 -15.672414 7
7.664939 38.788109 -15.281714 1
7.442939 38.826809 -16.183014 12
7.340239 39.141609 -17.168614 4
7.330839 39.115609 -18.193264 10
6.615039 39.483809 -18.811144 7
7.534639 39.584909 -19.192964 1
7.040439 40.433709 -19.217804 7
6.259439 40.902809 -19.119834 7
5.312239 40.720309 -19.281504 7
4.442739 40.281209 -19.458494 1
3.774939 39.720609 -20.005024 1
3.354839 40.004409 -19.122504 1
2.530839 40.378009 -19.420584 15
1.629839 40.325609 -19.650784 4
1.554939 41.134409 -20.165474 1
2.391739 41.659709 -19.841724 1
2.074139 42.023709 -19.007734 1
2.397739 42.431309 -18.187334 1
2.649639 42.980409 -18.868274 1
3.052839 43.568109 -18.273274 10
3.625539 43.137609 -17.611934 10
3.530839 42.234409 -17.202614 11
3.535739 41.807809 -16.303714 7
4.420439 41.411809 -16.224214 12
4.624539 40.534909 -15.907814 15
5.161239 39.895709 -15.467414 15
6.084339 40.169009 -15.273714 15
6.187339 40.958109 -15.844514 10
6.070539 41.183709 -16.818614 12
6.335239 41.177409 -17.909724 7
6.444039 42.088509 -18.053434 7
5.946839 42.882709 -17.987644 10
6.637939 43.178009 -17.370514 12
7.354839 42.477109 -17.388014 11
7.003239 41.619709 -17.279714 12
7.685539 41.056509 -17.782244 7
7.918539 40.678809 -18.655744 7
8.515139 40.073609 -18.270744 9
9.116539 39.292809 -18.415514 16
8.859539 39.700109 -19.340244 13
8.884339 39.782609 -20.353594 16
8.170239 40.280109 -20.038474 13
7.194139 40.640409 -20.188664 7
6.288139 40.829909 -20.259404 7
5.365239 40.624009 -20.335604 7
5.243239 40.298209 -21.273564 13
6.081139 40.013309 -20.927744 7
6.626339 39.110609 -20.807684 9
7.133639 39.680109 -21.383314 7
7.611639 39.232409 -22.037344 16
8.265539 39.518309 -21.388084 15
8.007039 38.608309 -21.081504 1
7.595839 38.021209 -20.351824 16
8.064639 37.205309 -20.556654 4
8.587439 37.956409 -20.706224 7
9.054039 38.783009 -20.511664 12
9.997239 38.526209 -20.596204 11
10.315439 38.966209 -21.398694 10
10.637039 39.590709 -20.755684 16
10.566539 40.578509 -20.735184 12
11.074339 40.845909 -21.540694 1
10.125139 40.926009 -21.884274 6
9.530539 41.125609 -21.174214 7
9.070839 41.827909 -20.746204 14
8.890839 42.830209 -20.674894 7
9.270639 43.729809 -20.864024 1
9.824439 43.486109 -20.149854 7
10.661939 42.938709 -20.225884 12
9.867839 42.485709 -19.874054 15
9.718039 41.555209 -19.539454 12
8.916039 41.133209 -19.863324 5
8.061239 41.258309 -19.502394 7
7.842539 42.121409 -19.205014 7
7.997039 42.950709 -19.616214 11
8.490339 43.609509 -18.944094 11
9.044439 44.311009 -19.403754 11
9.250039 45.130809 -19.869714 4
10.177039 45.295909 -20.048964 1
10.473639 44.678309 -19.375444 7
11.343239 44.420909 -19.812344 4
12.232139 43.847109 -19.882014 7
12.669139 43.031509 -19.477354 14
11.967339 43.194109 -18.741884 1
11.714039 42.471509 -18.213184 16
11.967739 43.341409 -17.732424 15
11.100639 42.914709 -17.503544 10
10.749939 41.823209 -17.761594 16
9.861439 41.926509 -17.941754 7
9.005039 41.588709 -17.634614 15
9.054039 40.627709 -17.349714 10
8.715339 40.314209 -16.488014 16
9.510839 40.842909 -16.470214 1
9.251539 41.484709 -15.803614 9
8.647439 41.414009 -16.510614 10
7.755939 41.409309 -16.072714 7
7.112739 42.162009 -16.336114 12
6.370339 42.413009 -15.772914 12
6.998939 42.925809 -15.195114 12
7.610239 43.437509 -14.743614 1
6.968639 43.830509 -14.109514 7
6.810839 43.903909 -13.109314 16
7.628539 44.523909 -13.001614 7
8.151639 43.781109 -12.641514 1
8.205939 43.385409 -11.688914 1
7.777339 42.712209 -12.246514 13
7.042639 42.073309 -12.393514 7
6.139239 41.907109 -12.773914 1
6.238139 41.212809 -12.104714 7
5.646539 41.558009 -11.468714 10
4.691739 41.278209 -11.681814 13
3.947739 40.778109 -11.415214 9
4.530939 40.246209 -11.979814 7
4.167539 40.527809 -12.732914 11
4.120239 40.173709 -13.637314 7
4.426539 39.580009 -14.323814 15
4.321639 38.798809 -13.728314 7
4.514139 38.303309 -14.443614 7
4.867139 38.988009 -15.059914 15
4.419339 38.389009 -15.711414 16
5.376539 38.132709 -15.999214 15
5.419339 37.115509 -15.794014 4
5.771139 36.837309 -16.697914 7
6.457039 36.205409 -16.538014 6
6.995739 36.103909 -17.325714 15
6.446239 35.260809 -17.207614 7
6.714039 35.307309 -18.180764 10
5.924839 34.649209 -18.330194 11
5.625939 33.810109 -18.737654 9
4.701339 33.804809 -18.726584 16
3.716839 33.995709 -18.882434 1
3.144139 34.229109 -18.117864 16
3.710039 34.684009 -17.541334 12
3.148339 34.027309 -16.972114 7
2.806439 34.875709 -16.765214 13
2.444039 35.748909 -16.675214 7
2.001939 34.983509 -16.102514 1
1.353739 35.776409 -16.355514 11
0.738539 35.109409 -16.411714 7
1.117139 34.252409 -16.733714 11
0.406139 33.658609 -16.429714 12
0.936739 33.126709 -15.713314 10
0.675739 32.211509 -15.611414 16
0.244839 31.589509 -16.167614 12
0.614439 31.549009 -17.056214 7
1.501939 31.259509 -16.741014 1
1.654739 31.166009 -15.849014 10
2.301939 30.438809 -15.701214 7
2.554539 30.972009 -14.949814 4
3.168939 31.195509 -14.159214 5
3.036739 32.034709 -13.798114 16
3.646839 32.418009 -13.115614 12
3.031339 33.083209 -13.566814 7
3.835539 33.461909 -13.147414 16
4.756939 33.215509 -13.376114 14
5.135739 33.945409 -12.945414 16
5.444839 34.219309 -12.081614 16
6.374739 34.234809 -12.139714 1
6.532439 33.747009 -11.313914 1
7.345439 33.997709 -11.702014 15
7.343139 33.021309 -11.682614 1
7.571939 32.296709 -11.022414 1
8.118439 32.551309 -10.249614 12
9.016639 32.799909 -9.958014 7
8.436539 33.554309 -10.114014 7
8.462439 34.365609 -10.615814 15
8.634839 34.631609 -9.674614 1
8.945939 34.282809 -8.833414 7
8.363239 34.694009 -8.163114 1
8.151639 35.398509 -7.598014 10
7.877939 36.292609 -7.231814 1
7.197139 35.859009 -6.744114 13
6.790239 36.403209 -7.427514 12
5.927039 36.310609 -7.012814 13
5.026239 36.364009 -6.489514 7
4.795039 36.634709 -5.600814 5
4.401839 35.789009 -5.786114 7
3.544239 36.216409 -6.201914 8
3.151239 35.344109 -6.067614 7
3.295839 35.663509 -5.129714 13
2.986939 36.612509 -5.184214 15
3.585339 37.081209 -5.792314 12
3.442839 38.021509 -6.116914 16
4.071339 38.614609 -6.477514 7
4.707239 38.855009 -7.123714 15
4.127239 39.237509 -7.795414 12
4.447139 39.172109 -8.728314 16
3.502039 39.226009 -8.606514 11
3.704039 40.191109 -8.723614 1
4.727539 40.179809 -8.866214 1
5.638139 40.014909 -8.549714 11
6.089339 39.580809 -9.345414 1
5.454239 38.740609 -9.161314 9
4.721639 38.221209 -9.472614 12
4.383639 38.484309 -10.324714 7
3.485439 38.286509 -10.018014 7
2.891239 38.552709 -9.294914 11
2.742639 37.608409 -9.360714 12
2.454139 37.231809 -10.197814 11
2.929039 36.783109 -10.957714 7
3.885539 36.376109 -11.028014 7
4.309339 35.729509 -11.693514 16
5.072339 36.263609 -11.810014 16
4.593539 37.038609 -11.551814 7
4.082339 37.790809 -11.849814 7
4.763539 38.063609 -11.166714 7
5.732739 37.769609 -11.149214 15
6.653639 37.826009 -10.952414 16
6.340739 38.033709 -10.059414 5
6.084239 37.682909 -9.183514 9
5.745039 36.782109 -8.946814 10
5.627639 36.349409 -9.785914 7
5.085739 35.961909 -10.480114 4
4.619439 36.797609 -10.274014 7
3.936139 36.207609 -9.990814 14
3.372739 35.494109 -9.598614 16
2.555339 35.564809 -9.131914 10
1.964639 36.251009 -9.479614 7
1.103239 36.701309 -9.450914 1
0.827439 36.767009 -8.431514 15
0.785739 36.375209 -7.549514 15
0.640339 35.448609 -7.628914 7
1.523039 35.432609 -7.759614 1
1.107839 35.337309 -8.623914 7
0.856839 35.348909 -9.666314 1
0.175639 35.750209 -10.192814 12
0.129539 35.229509 -11.009814 1
-0.226861 34.310709 -11.330714 12
-0.876861 34.986909 -11.550814 15
-0.215061 35.412709 -12.049414 11
0.717839 35.582509 -12.288214 7
0.297339 34.950509 -12.931014 13
0.296039 35.038709 -13.855614 7
0.657439 35.310609 -14.729214 11
1.113239 36.133009 -14.976014 16
0.456139 36.804809 -14.626914 16
0.146839 37.439409 -15.318914 12
0.239139 37.978609 -16.124114 6
0.972839 38.532809 -15.600414 7
0.961939 38.555209 -14.641214 1
0.960339 38.234409 -13.749114 12
1.801439 37.883709 -13.753914 12
2.653939 38.262809 -13.684414 7
2.711939 37.304309 -13.712914 7
2.230639 37.060909 -14.511914 16
1.395839 37.290309 -14.999514 13
1.851439 38.102409 -15.042014 9
1.723339 37.632909 -15.926014 11
1.918239 38.563309 -16.068214 16
2.764939 39.092309 -16.175414 8
3.755139 38.976309 -16.231114 15
3.944339 39.823709 -16.542314 15
4.050639 39.567409 -17.438294 11
4.908839 40.010409 -17.646924 7
5.080839 40.410309 -16.776414 12
5.852339 39.942209 -16.375014 15
6.289739 40.075809 -17.263814 7
6.354839 39.319309 -17.790674 7
5.766639 39.062609 -16.949614 15
5.825639 38.122509 -17.058714 4
6.032739 37.424909 -17.699624 11
5.754939 37.578109 -18.672994 1
5.627039 37.384709 -19.688114 1
5.100239 37.987109 -20.286554 1
5.426639 38.831209 -19.908154 7
6.368439 38.815209 -19.600234 7
5.933239 38.685509 -18.757084 1
5.419939 39.447109 -19.004674 7
4.877139 38.923509 -18.411444 16
4.135739 38.321409 -18.084544 11
3.572939 37.522509 -18.289704 7
3.039739 38.142609 -17.875414 1
2.889239 39.112009 -17.821614 1
2.446739 39.876809 -17.309814 7
1.801539 40.522209 -17.252114 1
2.218939 40.385009 -16.357014 1
3.125439 40.647609 -16.509014 16
3.134639 40.299509 -15.528514 15
2.815439 39.895309 -14.680514 16
2.730239 39.317809 -13.895014 12
3.370139 38.832709 -13.297714 7
4.119239 38.358909 -12.778514 7
3.388839 38.752609 -12.255514 7
2.423439 38.825509 -12.516914 12
2.682239 39.646009 -12.864714 16
2.782039 40.641309 -12.990014 15
1.816439 40.887909 -13.264914 5
2.095839 40.417509 -14.039314 11
1.262339 40.075809 -14.335714 14
0.821339 39.314209 -13.910514 7
0.690639 38.958109 -12.996914 12
1.426639 39.296909 -12.424114 12
1.819839 40.083909 -11.855314 7
1.680539 40.595109 -11.022814 11
0.856739 40.338009 -11.431014 12
0.668039 41.009709 -12.123214 16
0.728239 41.527109 -11.355614 15
0.799639 41.109209 -10.528114 11
0.032139 40.748909 -10.089814 16
-0.654561 41.086809 -10.649414 1
-0.318061 41.957509 -11.037414 1
-1.223961 41.631409 -11.370214 13
-1.978061 41.296809 -11.964114 12
-1.578261 40.989209 -12.755014 7
-0.790861 40.559009 -12.972014 1
-0.057161 39.903709 -12.978614 1
-0.315261 39.071209 -12.721514 12
-1.061961 39.410809 -13.221214 1
-1.584361 38.673209 -12.960714 8
-2.367461 38.137909 -12.905014 13
-1.704561 38.097709 -12.239614 15
-0.745561 37.913909 -12.133014 12
-0.378361 37.088609 -12.397414 5
0.253939 37.088809 -13.217414 9
0.672839 37.504309 -12.407514 12
1.437539 36.807409 -12.413314 7
1.931839 36.555609 -13.212714 16
2.789139 36.654709 -12.708114 7
2.346039 37.227409 -11.997214 8
3.142839 37.676009 -11.589914 7
2.833239 38.123609 -10.801714 7
2.684039 38.923909 -10.284914 11
2.669839 39.437809 -11.110314 15
3.561739 39.659509 -11.717014 7
4.228839 39.583809 -11.027314 7
3.383539 39.783809 -10.456614 11
3.670139 40.558809 -10.020714 1
2.743439 40.739109 -9.630514 11
2.699639 41.365609 -10.389814 1
3.110439 41.825809 -9.633914 7
2.181339 42.119609 -9.695314 11
2.889039 42.921609 -9.849314 15
2.471639 43.782809 -10.338314 7
1.834939 43.066709 -10.359114 15
1.459939 43.030009 -9.510714 7
1.004239 43.009409 -8.625014 7
1.868739 43.259109 -8.260714 1
2.500939 42.622309 -7.813314 10
2.214939 42.890609 -6.975114 1
1.172539 43.074109 -6.833814 12
0.608639 42.652409 -7.451414 1
0.391339 41.784909 -7.051814 16
-0.498061 42.049309 -7.369614 16
-0.583961 41.232409 -6.873114 16
-1.409861 40.969109 -6.474514 16
-1.113561 41.672409 -5.882514 14
-0.638761 41.154909 -5.146814 7
-0.451761 40.798309 -4.296614 1
0.477639 40.966709 -4.165614 1
0.331339 40.024709 -4.167214 1
-0.302161 39.736209 -4.912714 16
-0.470461 39.643309 -5.840114 16
-0.591861 38.931309 -6.466214 15
-1.413461 38.451409 -6.393814 5
-1.338161 38.313109 -5.402414 12
-2.118861 37.831609 -4.956614 1
-1.617161 36.999109 -4.800014 1
-1.143761 36.662109 -5.537314 1
-0.213761 36.838909 -5.373414 12
-0.238261 37.148809 -6.329414 15
0.633439 36.793309 -6.550514 12
1.274139 37.180809 -5.903214 16
1.301539 38.085209 -6.249414 1
0.505439 37.882509 -6.638614 15
0.350439 38.298309 -7.470914 15
-0.165361 39.200809 -7.510814 16
-0.902061 39.329709 -8.114914 16
-0.614261 40.148609 -8.412914 16
-1.084261 40.932109 -8.054714 16
-0.803861 41.793609 -8.288514 16
-1.365661 42.514709 -7.977014 16
-1.037961 43.181609 -8.680714 13
-1.957161 43.473009 -8.959314 8
-1.740061 42.870009 -9.710714 11
-1.157761 42.024009 -9.257814 16
-0.178161 42.094009 -9.327414 7
0.433939 41.551509 -8.703414 16
1.206239 41.910109 -9.104014 11
1.239239 41.849909 -8.144114 8
1.050039 40.952609 -7.889914 16
1.729239 40.349009 -8.289914 11
2.663339 40.393809 -8.433814 11
2.505939 41.221109 -7.903714 7
1.928839 41.150109 -7.108514 1
1.081339 41.152109 -6.695214 1
0.415939 40.456109 -6.914014 16
0.389239 39.983609 -7.838014 16
0.751639 39.426709 -7.133514 1
1.000239 39.269409 -6.260214 1
1.978239 39.142709 -6.339414 1
2.879639 38.945609 -6.657614 1
2.664639 38.732409 -7.525614 11
3.304239 38.009809 -7.666514 16
3.442239 37.197409 -8.148914 1
2.506039 37.548909 -8.380314 1
1.795439 38.249609 -8.687314 11
0.943939 38.506909 -8.478314 16
0.354439 37.698109 -8.466414 15
-0.481061 37.795009 -8.115214 15
-0.643861 38.442409 -8.800214 16
-0.581661 38.133509 -9.742714 1
-0.308661 39.025209 -9.671214 16
0.468339 39.155009 -10.124414 11
0.127039 38.916009 -10.985714 12
-0.581361 39.199209 -11.621714 12
-0.759461 39.635809 -10.769414 5
-1.478261 39.455109 -10.176214 16
-2.213861 38.999609 -9.795614 16
-2.590861 38.071809 -9.926314 5
-2.999861 38.430909 -9.166114 12
-3.307461 39.370109 -9.223514 7
-2.443861 39.489009 -8.913714 16
-1.910561 38.847009 -8.456314 16
-1.356361 38.407409 -7.744314 15
-1.490761 39.274409 -7.291814 16
-2.473161 39.268509 -7.126214 1
-3.006961 39.819609 -7.743614 16
-3.201761 38.861009 -7.681214 1
-3.879561 38.316709 -7.449814 13
-4.122361 37.750509 -8.193814 1
-3.342361 37.243809 -8.294014 16
-2.550361 36.656609 -8.246314 7
-2.347961 37.422109 -8.819714 15
-1.786061 36.827309 -9.323714 16
-0.903061 36.917109 -9.133014 15
-0.226661 36.598209 -9.736614 1
0.482739 37.062109 -10.335314 12
0.806739 37.932209 -10.205014 11
0.352739 37.839709 -11.080514 12
1.295439 37.726009 -11.190014 1
1.311239 38.693609 -11.486314 12
1.570139 39.067309 -10.667514 11
1.701139 39.196809 -9.719114 11
1.171639 39.491909 -9.003814 16
1.816439 40.157709 -9.276914 11
1.062439 40.617709 -9.202514 11
0.225139 40.497009 -8.752714 16
-0.335961 40.011509 -9.361514 16
-1.077361 40.358509 -9.971814 16
-1.522261 40.479309 -10.734814 16
-2.147061 39.977209 -11.255114 1
-3.075661 40.018409 -11.453414 1
-3.013361 39.584909 -10.528314 16
-3.396761 38.876809 -11.014414 5
-2.834261 38.340509 -11.594014 8
-3.295161 37.641209 -11.084114 1
-2.988061 36.691909 -11.331214 7
-3.521461 36.117209 -10.758114 12
-3.253561 36.146709 -9.818614 8
-2.297561 35.901309 -9.840714 8
-1.516161 35.431309 -9.622814 16
-1.633261 35.591409 -8.687514 5
-1.078661 36.036409 -8.000714 15
-0.681261 35.801109 -7.083914 1
-0.864261 36.759909 -7.216514 15
-1.578661 37.369009 -6.989814 15
-1.973161 36.798709 -6.346214 1
-2.868961 36.415309 -6.378814 12
-3.225461 36.904809 -5.568014 1
-2.931261 37.673609 -6.082814 16
-3.933961 37.870309 -5.951914 9
-4.475461 37.898109 -5.206314 13
-3.791661 38.007909 -4.535914 16
-4.564461 37.542309 -4.046814 1
-5.231961 37.401109 -3.361014 7
-5.126761 36.726809 -2.706314 14
-4.332261 37.196809 -2.307814 12
-3.899661 36.805609 -1.529314 1
-2.940461 36.833609 -1.447114 1
-3.351661 37.671209 -1.636214 1
-3.087261 37.632509 -2.555114 16
-3.297961 38.145109 -3.357614 1
-3.383161 38.858909 -3.977214 16
-4.116961 39.493909 -4.192614 11
-3.486361 40.112709 -4.501714 5
-2.960261 39.798509 -5.209514 8
-3.046261 40.314309 -6.100514 7
-2.164861 40.285809 -6.316914 15
-1.771961 40.451309 -7.207914 16
-2.270161 40.921309 -7.835214 16
-3.237961 41.200109 -8.029314 5
-3.416261 40.918209 -8.912514 7
-2.499561 40.536009 -8.807014 16
-1.564961 40.465409 -9.066514 16
-1.650461 41.205009 -9.679314 16
-2.543961 41.218309 -9.492114 16
-2.437161 42.148009 -9.657014 1
-2.691461 42.288409 -8.781114 15
-2.448561 42.033109 -7.878314 16
-2.479161 42.091709 -6.939014 16
-2.584561 43.055009 -7.115014 15
-1.788761 43.612409 -7.081114 1
-1.032461 43.914409 -6.526114 1
-0.497361 44.595409 -6.802514 11
-0.608961 45.447409 -6.417714 16
-0.438961 45.111709 -5.564514 1
-1.411061 44.964009 -5.629714 12
-0.899661 44.153609 -5.522014 16
-0.283361 44.057509 -4.782214 12
0.484739 43.390809 -4.852514 15
0.984139 43.374509 -3.986614 11
1.683339 42.675209 -3.965914 1
2.206739 43.467909 -3.956414 5
2.367239 44.347409 -3.559914 7
3.245039 44.861709 -3.392614 16
3.587039 45.574809 -2.901514 16
4.445539 45.646609 -2.451514 12
5.070639 45.025909 -2.901214 11
5.994139 44.874909 -3.151714 1
6.083939 45.524709 -3.861314 1
5.227639 45.751909 -4.283514 16
5.774239 46.305909 -4.804014 16
6.275839 45.660009 -5.308314 1
7.270639 45.725809 -5.217314 1
8.073539 46.297409 -5.449814 7
8.631339 46.491809 -6.218814 16
