-6.41154 -36.933251 0.640874 4
-5.92474 -37.671551 0.327374 14
-5.51294 -37.776151 1.160374 1
-6.02214 -37.932051 1.980874 1
-6.68154 -37.765351 2.743574 2
-5.91154 -37.284951 2.995074 2
-6.23854 -36.390451 3.171674 1
-6.70394 -36.056851 3.960674 1
-6.36074 -36.580151 4.720774 1
-5.55954 -37.079151 5.040974 16
-5.11904 -38.003751 4.820374 12
-4.76854 -38.824151 4.571974 1
-4.05144 -38.838051 3.981174 3
-3.40194 -38.166051 4.238474 1
-2.99924 -38.380751 5.099374 1
-2.09324 -38.084851 5.117674 13
-1.88424 -38.841151 4.625474 2
-0.96414 -38.562651 4.503274 8
-0.22724 -38.089251 5.014274 2
-0.19594 -37.698451 5.953074 11
-0.31564 -38.652851 5.997474 1
-0.30694 -38.028951 6.869074 15
0.43956 -38.394351 7.267974 9
0.72236 -37.425551 7.254774 5
1.24956 -36.862951 7.790474 1
1.91656 -36.924851 8.504774 8
2.71916 -36.484451 8.741474 15
3.19986 -36.684551 9.521374 2
3.76106 -37.348051 9.962974 14
3.92656 -37.737251 9.077174 9
3.03996 -37.788651 9.420974 6
3.29916 -38.477451 10.002774 2
2.98496 -37.919451 10.737974 14
3.31396 -38.769551 11.147974 2
3.09926 -38.562551 12.066774 2
3.60316 -37.793251 11.862374 14
3.96176 -36.970551 12.189074 14
3.42746 -36.182951 12.155274 1
2.86756 -36.799851 11.772174 14
2.19986 -36.172651 11.462274 8
2.07896 -36.138251 10.459074 6
2.17736 -36.956651 9.961874 6
1.72816 -37.867751 10.060574 12
1.40566 -38.866551 10.048274 2
0.74916 -38.149451 10.282974 14
1.34366 -38.159251 11.010374 5
2.27376 -38.425451 11.288174 2
1.66476 -38.670251 11.994074 2
0.79156 -38.989551 12.309874 11
0.44096 -38.415651 11.644674 1
0.82746 -39.138351 11.123674 5
1.60936 -39.677851 10.920674 2
1.49016 -40.551551 10.550474 1
2.38836 -40.317551 10.804474 2
3.23796 -39.963051 10.928674 2
2.93926 -40.101851 9.922274 2
2.81436 -39.517651 9.155374 3
3.24276 -39.239751 8.383374 7
3.10226 -38.927251 7.524674 5
2.73186 -39.652251 6.915974 2
2.62776 -40.505451 6.635874 9
3.28166 -40.995951 7.160274 14
3.99456 -40.573551 7.736174 1
4.63886 -39.965651 7.246574 8
4.57336 -39.947451 6.251174 15
4.73086 -39.037451 6.502074 2
4.14706 -38.627551 7.153874 1
4.48226 -37.766651 6.987174 9
5.24456 -37.691751 6.365974 14
5.01456 -36.759751 6.562074 1
5.99316 -36.650651 6.626974 2
5.63916 -36.618351 7.567474 1
5.28256 -36.419051 8.434274 8
5.45466 -36.247551 9.371174 14
4.55976 -35.909851 9.401574 14
4.05496 -36.355751 10.070474 14
4.09346 -35.625651 10.749474 14
3.23156 -35.410951 10.380674 2
3.29836 -34.820951 9.624574 1
2.64546 -35.548551 9.484374 11
1.89086 -35.028251 9.768174 6
1.42576 -35.842151 9.406974 2
0.65036 -36.478151 9.176474 2
0.00956 -37.201551 9.358274 1
-0.06124 -37.624851 8.425174 2
-0.25684 -38.456851 8.076774 8
-0.68444 -39.107251 7.432374 10
-1.14584 -39.098551 8.353274 15
-1.88244 -39.634651 8.336674 12
-1.49864 -39.953151 7.504374 8
-1.06344 -40.572351 8.078274 14
-0.50494 -40.070951 8.751274 3
0.34306 -40.489251 9.072274 1
0.82186 -41.311051 9.361174 1
1.70286 -40.855651 9.606774 1
2.16966 -41.438751 10.217874 2
2.95436 -41.695051 9.695374 2
3.40256 -41.235451 9.034074 1
3.05216 -40.434451 8.703374 7
3.86386 -40.080251 9.275274 2
4.73736 -40.600851 9.378074 1
5.24026 -40.132451 8.710474 1
4.62876 -39.337451 8.656374 1
5.54236 -39.122951 8.958174 1
5.96726 -39.835651 9.602074 1
4.96276 -39.549551 9.694574 2
4.95826 -38.894951 10.529974 14
4.75936 -39.839151 10.765174 2
4.20906 -39.290751 11.309074 2
4.69956 -38.494251 11.635274 14
5.65966 -38.605351 11.710274 11
5.48496 -37.715051 11.924174 14
4.68736 -37.330351 11.538074 14
4.59306 -36.438651 11.341474 14
4.40306 -35.889051 12.087974 5
4.20806 -35.004151 11.828374 2
5.12436 -35.135551 11.971774 5
5.43936 -35.849851 11.507874 14
6.28436 -36.339051 11.835974 14
6.70906 -37.142351 12.185774 5
7.28426 -36.456351 12.075674 1
7.73656 -36.853851 12.820874 2
8.53016 -37.319151 12.616274 2
8.63356 -38.134851 12.170674 8
7.71346 -37.989451 11.766274 1
8.31536 -37.644151 10.993574 8
8.41886 -37.613351 9.984574 15
8.51236 -36.815051 9.520874 15
9.16596 -36.769451 10.268574 9
9.16336 -36.335251 11.082274 2
8.39116 -36.473951 11.555474 15
9.06716 -37.067951 11.911574 2
9.97996 -37.238051 11.681774 2
9.66606 -38.114151 11.755774 6
9.61596 -39.091051 11.779474 8
8.84796 -39.587151 12.019674 8
8.06816 -39.292551 12.514374 1
7.72056 -39.336951 13.406674 12
8.20916 -38.539451 13.379674 8
8.89086 -37.887251 13.462474 2
8.82836 -37.790451 14.438074 2
8.61646 -37.603451 15.353284 3
7.80996 -37.214951 14.890834 2
7.75416 -38.203651 14.630774 8
7.33876 -38.010551 13.824974 2
6.53026 -37.774651 13.363774 6
5.57006 -37.649251 12.982774 14
6.04146 -36.815951 13.069274 14
6.97446 -36.416951 13.322874 9
7.55796 -35.690151 13.250474 12
7.77306 -35.361851 12.348774 2
7.47476 -34.829751 11.635174 5
8.31146 -34.539151 11.218574 1
8.65836 -35.407651 10.860674 1
9.00946 -35.439051 11.733574 2
9.52296 -35.404751 12.622874 2
10.16206 -34.673951 12.391174 6
10.57716 -35.083451 11.622074 2
9.92646 -34.470651 11.254474 11
9.92336 -34.040951 10.428074 5
10.03326 -34.270651 9.505374 5
9.92826 -34.335451 8.569674 1
8.97826 -34.426951 8.533074 1
8.09456 -34.565651 8.991674 1
7.91336 -35.104251 9.858674 2
7.60706 -35.998951 9.752274 15
7.13166 -35.670851 10.554974 2
6.22926 -36.050551 10.701974 14
6.19426 -35.461451 9.914974 6
5.93446 -35.383551 8.950174 2
6.94106 -35.255851 8.839574 14
6.63146 -36.166651 8.847374 2
6.33426 -36.898551 9.472874 15
5.49526 -37.071651 9.991074 14
4.65656 -37.108651 10.485974 14
4.65756 -37.896251 9.940374 14
5.61546 -38.133851 9.702374 3
6.53426 -38.196151 9.814474 2
6.34986 -37.573851 10.504974 14
7.28016 -37.558651 10.610774 15
7.63946 -38.402051 10.520974 2
8.21086 -39.236451 10.394674 8
7.99246 -39.566951 11.267674 8
7.08796 -39.751451 11.042974 1
6.12206 -39.742951 11.285274 5
5.55316 -39.617351 11.988374 9
4.60306 -39.650251 12.144774 2
4.80636 -38.881851 12.779974 14
3.82326 -39.077551 12.751674 2
3.72076 -39.879051 13.346974 8
3.73696 -40.581151 12.627374 2
3.95156 -41.403451 13.009574 14
3.21136 -42.076051 13.047874 1
2.44216 -41.729251 13.569374 9
1.65866 -41.241351 13.304374 8
1.05026 -40.990751 12.569674 1
0.75076 -41.856951 12.188774 4
1.28276 -42.678451 12.330174 3
1.40796 -43.245351 11.513274 1
1.99976 -42.465951 11.316374 14
2.36916 -41.528151 11.303174 2
3.02056 -42.145451 10.908074 2
3.10306 -42.326251 11.808574 1
3.60196 -41.454351 11.713074 2
2.99926 -40.727651 11.754574 2
2.55886 -40.242851 12.500374 2
1.80736 -39.633651 12.524674 7
2.63806 -39.199251 12.699274 2
2.99156 -39.196251 13.605974 3
3.27916 -38.399651 14.005874 1
3.91156 -38.165751 13.290474 14
4.36616 -38.309451 14.118774 8
4.14096 -37.407851 13.835174 2
4.79696 -36.961151 13.256374 14
4.25106 -36.213851 13.372174 1
4.88716 -35.617151 13.777874 6
5.39346 -35.269151 14.533034 3
4.64846 -34.778051 14.685734 2
4.98556 -34.111751 13.996774 1
4.57386 -33.197451 13.803374 6
4.04446 -33.954551 13.609374 2
3.61406 -34.293851 14.462374 2
2.82346 -34.798851 14.395674 10
2.04256 -34.711551 13.877674 8
1.26586 -34.365851 13.487174 12
1.18466 -33.522651 13.957674 1
0.40696 -33.994951 14.258774 2
-0.39894 -34.470251 13.980174 1
-0.59074 -33.427451 13.894074 14
-0.54974 -32.878451 14.725474 1
-0.20844 -33.058351 15.608464 7
-0.54464 -33.076351 16.468824 9
-1.32444 -33.619851 16.441384 8
-1.18994 -33.163751 17.313694 2
-0.88704 -32.289151 17.347914 3
-0.45244 -31.417961 17.178524 2
-0.04914 -31.328521 18.071384 1
0.61586 -30.984861 18.739434 8
0.68426 -31.817651 19.323304 14
0.63206 -31.503751 20.195944 3
0.03006 -31.817351 20.947324 5
0.22436 -30.859971 21.267344 2
-0.00894 -30.493251 22.239704 1
0.48746 -29.701471 21.800294 2
1.05176 -29.115821 22.336534 15
1.43356 -29.312921 21.392354 11
2.02256 -29.726341 20.720604 2
2.87736 -30.148331 20.805584 2
3.19946 -31.048431 20.442454 12
2.82526 -31.201531 19.544444 14
2.61676 -31.621751 18.763504 3
3.54326 -31.833951 18.452224 5
4.49676 -31.709751 18.508704 8
4.32946 -31.229591 17.625954 3
4.19886 -31.992851 17.031424 2
5.01976 -32.131051 16.573514 1
5.80346 -31.735151 16.210564 2
6.65336 -32.151651 16.163544 14
6.98606 -32.960351 15.722674 1
7.95906 -32.997351 15.596384 3
8.92826 -33.016051 15.385524 1
9.62216 -32.936451 16.042174 14
10.60186 -32.953251 15.956824 2
10.63106 -33.775051 16.459794 14
10.84686 -34.588851 15.853974 1
11.19326 -34.662151 16.857984 14
11.95536 -34.058651 16.972774 1
12.81576 -34.418451 16.632834 2
13.48256 -34.404851 16.003544 1
14.11676 -34.685451 15.371254 4
14.42166 -35.609851 15.337304 2
13.69996 -36.123551 14.946364 9
13.91456 -36.499851 15.760764 2
13.83766 -37.334251 15.273494 9
13.36466 -38.111451 15.611924 6
12.76866 -37.322651 15.420274 2
12.97366 -36.875151 14.538684 9
13.07606 -37.191751 13.668074 9
12.37826 -37.643351 14.096274 2
11.91706 -37.964451 14.892224 6
11.38166 -37.159651 14.668714 9
10.51796 -37.302151 15.132494 2
10.62196 -38.064351 14.416174 6
9.76636 -38.566451 14.387574 2
8.95166 -39.024651 14.068974 9
9.02846 -39.805551 13.556874 8
8.38316 -40.469251 13.846174 14
8.77966 -40.921251 14.514174 2
9.22746 -41.167151 13.722574 14
9.95736 -40.604751 13.359974 8
10.85526 -40.889051 13.135674 3
10.14476 -40.795351 12.416374 8
9.43236 -41.327651 12.055174 2
9.48906 -40.365851 11.681574 8
9.64516 -40.606951 10.689174 6
8.72486 -40.659951 10.648174 8
8.32856 -41.196851 9.942174 3
7.47306 -40.719851 9.859374 6
7.62846 -40.731651 10.797574 8
7.21126 -41.610551 10.749574 2
6.67866 -41.801451 9.994074 3
7.43406 -42.512751 10.023774 2
7.26356 -43.456151 9.717374 12
6.33216 -43.349151 9.343674 2
6.63706 -43.660251 8.455574 12
6.05986 -42.931151 8.135074 1
5.11706 -43.172051 8.305174 3
5.12626 -43.101951 9.274174 10
5.04156 -42.158651 8.953874 3
5.04336 -41.665851 9.762274 2
4.11526 -41.439651 9.979674 14
4.19996 -40.574451 10.358074 2
4.17786 -41.359951 10.990974 2
5.07606 -40.938851 11.345274 2
5.67386 -40.857551 12.140174 3
5.64246 -41.601951 12.777174 1
6.46246 -41.581051 12.313874 1
6.41746 -40.726251 12.877874 3
6.43086 -40.536751 13.829174 9
7.32826 -40.600851 13.518774 2
7.89676 -40.707551 12.818974 8
8.36206 -41.424251 12.365374 8
8.24076 -42.315951 12.709874 9
7.69266 -41.788251 13.374874 14
8.22896 -42.171951 14.123374 2
9.16906 -42.291751 13.809174 8
10.00246 -41.870851 14.136874 1
10.16366 -41.648751 15.053934 1
9.18606 -41.761251 15.023684 1
8.96636 -42.106751 15.943424 2
8.28366 -41.358951 15.778894 8
7.57496 -41.484751 15.071774 6
6.80876 -40.865451 14.960204 14
7.21646 -40.024851 14.700374 2
7.39356 -39.624151 15.574634 3
7.34066 -38.651351 15.553884 2
7.41486 -38.400151 16.477624 7
7.90996 -38.515551 17.255044 1
8.72576 -38.598051 17.705314 2
9.55796 -38.323551 17.307394 1
10.45606 -37.982551 17.074344 3
11.29706 -37.858551 16.536194 6
11.44576 -36.890951 16.722844 2
11.53566 -37.222851 15.786244 6
11.95306 -36.319651 15.358764 1
12.17396 -35.743251 14.615014 9
12.05356 -34.890751 14.273574 3
12.04746 -35.581251 13.527474 9
11.11826 -35.523551 13.275374 14
10.39686 -35.860651 12.742574 2
9.65126 -36.404451 12.723674 2
9.09806 -36.857751 13.374074 2
9.03216 -36.777851 14.318674 2
9.30036 -36.032051 14.890514 8
9.27476 -36.498451 15.765274 14
10.02796 -36.521051 16.389414 3
9.15986 -36.041351 16.680324 8
8.33306 -36.030051 16.230244 14
8.29806 -35.682451 15.244034 12
7.41936 -35.434251 14.906344 8
7.74896 -36.247351 14.404874 1
8.39086 -36.115551 13.675374 2
8.73536 -35.290951 13.280774 2
9.02486 -34.329751 13.358674 9
9.19456 -33.557751 13.956174 10
9.90456 -33.023251 13.661774 1
10.40196 -33.193651 14.414974 3
10.39236 -33.957251 14.971684 1
9.67776 -34.575651 15.168744 1
9.44396 -35.009051 14.349874 1
10.27126 -35.462351 14.457674 3
10.29566 -36.425951 14.353074 2
11.11506 -36.251151 13.888774 9
10.42696 -36.741351 13.400774 2
10.66666 -37.614751 13.258574 2
10.96206 -38.509851 13.283974 6
10.33776 -38.883551 12.611374 8
9.83706 -38.372051 13.339974 2
9.94366 -39.242351 13.649874 8
10.53906 -39.672651 14.258674 3
10.78886 -39.270551 15.087864 6
11.74276 -39.029851 15.363194 6
11.45016 -38.932451 16.275004 6
10.68206 -39.178051 16.789624 2
10.26796 -39.621651 17.525294 3
9.37406 -39.892351 17.646714 2
8.93996 -40.747751 17.457184 14
9.39106 -41.464851 17.112414 8
9.73826 -41.862151 17.932474 2
9.06696 -41.766451 18.577404 12
9.58816 -41.835751 19.341644 1
10.31846 -42.171851 18.890834 2
10.75456 -42.991551 19.365264 12
9.91776 -43.340151 19.298154 2
10.07006 -43.879851 20.010674 1
11.01966 -43.805151 20.023204 4
11.40456 -44.052551 19.069764 3
11.23376 -44.356751 18.168344 14
11.29506 -44.612151 17.213644 2
11.63726 -43.739651 17.200204 1
12.17296 -42.913251 16.994054 3
11.52146 -42.230251 16.776354 2
11.37786 -42.164051 15.774444 8
11.88906 -41.388951 15.485834 14
12.11986 -42.036751 14.710114 1
12.43116 -41.170051 14.505974 3
12.07446 -40.325551 14.817214 2
12.17636 -39.582451 14.125174 6
12.48136 -38.661251 13.793374 6
12.93236 -38.064951 13.229974 9
12.17816 -37.491651 13.042274 9
11.49686 -37.613451 12.382174 2
10.61766 -38.007451 12.268574 2
11.15746 -37.769151 11.470874 14
11.64446 -37.015151 11.605274 2
12.40026 -36.613451 12.044474 9
12.54886 -36.236751 12.919074 9
11.60316 -36.491051 12.998874 2
11.41386 -35.802951 12.351874 14
11.61346 -35.354951 11.539374 1
11.11736 -36.114251 11.374074 2
10.61646 -36.576851 10.768274 2
10.08706 -37.174451 10.303274 10
9.56576 -37.959051 10.153174 3
9.74056 -38.691151 10.742474 8
10.24486 -39.605551 10.909474 8
10.94476 -40.068851 10.434174 1
11.05936 -40.971351 10.628774 2
10.61246 -40.788751 11.439974 8
10.90436 -41.467751 11.975474 3
11.85996 -41.316551 12.056574 2
12.02916 -42.004251 11.354474 3
11.99236 -42.947451 11.222074 1
11.83116 -43.788951 10.648874 8
12.21956 -44.585251 11.046774 2
12.23996 -45.537251 11.306874 2
11.34546 -45.930451 11.355674 3
10.47436 -46.052751 11.726174 4
9.77816 -46.464151 12.275274 2
9.27556 -46.235551 13.108974 3
8.86206 -46.403051 13.942874 14
8.58506 -46.873551 14.772044 6
8.91906 -47.241651 15.615474 6
9.75116 -47.533551 15.278044 3
9.79266 -48.404451 15.496764 8
9.80546 -47.974251 16.379354 2
9.47566 -48.059451 17.280334 7
8.44986 -48.124251 17.159214 3
8.47786 -48.181951 16.176634 14
8.12036 -49.002551 16.504154 14
7.98586 -49.942351 16.260484 1
8.48706 -50.706551 16.666014 2
8.05286 -50.022651 17.232524 6
7.15916 -49.942651 17.407664 5
6.64016 -49.165051 17.445344 10
5.72026 -49.061851 17.773524 2
4.99216 -48.635951 18.212204 3
5.54806 -48.456351 18.973774 13
5.02446 -47.646351 18.822784 1
4.26396 -47.278851 19.342684 3
3.31636 -47.436151 19.526534 2
3.76066 -47.120351 20.292284 7
3.73296 -47.871251 20.900884 5
4.55106 -47.531751 21.422484 3
5.23196 -47.006251 21.812794 3
6.18406 -46.873551 21.672034 8
7.10826 -46.725751 21.931614 9
6.92606 -46.816851 22.866164 1
6.34186 -47.188351 23.582762 3
6.30806 -48.111051 23.431314 9
7.18456 -48.474151 23.419444 1
7.27016 -49.136651 24.05727 8
7.35666 -48.730351 25.009658 3
8.07176 -48.126351 25.059274 1
8.95776 -48.308851 24.718209 9
9.09516 -49.179851 24.212173 3
8.22626 -49.577351 24.272605 1
7.90416 -50.449251 24.162441 14
8.89726 -50.397151 24.082732 3
8.66786 -51.143151 23.477094 10
8.77276 -51.982551 23.132584 14
8.54776 -51.759651 22.227124 1
9.15026 -51.041451 22.186114 9
9.55416 -50.176651 21.900604 10
10.51776 -49.943651 21.669034 12
10.24846 -49.168551 22.251154 3
10.75106 -48.891251 21.498354 9
10.28786 -48.754751 20.608304 2
9.86346 -48.294251 19.829704 3
10.09166 -47.658451 19.169784 5
10.24366 -47.154551 19.956614 2
10.63636 -46.306851 19.738214 3
10.67926 -45.363051 19.390314 3
11.70086 -45.481251 19.604444 4
12.24866 -44.851151 19.071684 13
13.15396 -44.609051 18.658434 3
14.01686 -44.499851 19.026884 3
14.86806 -44.675651 18.731504 1
14.58026 -44.531251 17.860604 1
15.17646 -43.848251 17.350794 2
14.95026 -43.074951 17.900744 6
15.13896 -42.377651 18.552454 7
15.29966 -41.391351 18.578134 10
14.53036 -40.971651 19.055174 1
14.04656 -40.299151 18.519234 2
13.19046 -40.819551 18.483744 1
13.18196 -40.908551 19.447394 3
12.67966 -40.112051 19.583784 10
13.44156 -39.580151 19.300534 3
13.23976 -38.533151 19.320904 8
13.55886 -38.183951 18.491214 9
13.01696 -38.295451 17.693554 3
12.78306 -37.860451 16.901984 6
13.74036 -37.740751 16.967864 13
13.68046 -38.664851 16.626874 3
13.10616 -38.996751 15.908794 6
13.91106 -39.485451 16.089964 12
13.99716 -40.506151 16.176384 3
14.75936 -40.321851 15.650814 4
15.66366 -39.966551 15.326684 8
14.94436 -39.233351 15.174434 3
14.34796 -38.559151 14.903214 9
13.84796 -39.378751 14.756334 6
13.92336 -38.917651 13.966274 9
14.35426 -39.189851 13.076374 6
14.96836 -39.208351 12.376974 3
15.55546 -38.427851 12.281174 3
16.04866 -38.544551 13.109274 14
16.70466 -38.431751 13.762974 5
17.33936 -38.920951 13.129774 5
17.45936 -39.433851 14.003374 9
17.29606 -40.323051 14.380674 3
18.01396 -40.391851 13.798774 10
18.07296 -41.369551 13.695974 9
18.66666 -41.261851 14.481574 3
19.28226 -42.011451 14.378674 5
18.53916 -42.377851 14.854414 5
17.96096 -43.079551 14.586514 14
18.40376 -43.962351 14.832944 10
18.07646 -44.830551 14.608194 8
18.91746 -44.634751 14.097474 1
18.85466 -45.010651 13.202774 3
18.37976 -44.420551 12.533574 4
18.50006 -43.525051 12.088874 3
19.21276 -44.046251 11.761474 9
18.82066 -43.544451 11.030274 1
19.27776 -44.075551 10.304674 3
19.48336 -43.249951 9.825974 1
18.78376 -42.660051 10.213374 9
17.87786 -42.975851 10.083574 4
17.29966 -42.478651 10.699874 1
16.68936 -41.934851 11.210974 1
16.01276 -41.250651 11.094274 1
16.21696 -40.160751 11.081274 3
16.95326 -39.675451 10.795774 1
17.10696 -38.852851 10.355774 6
16.15416 -38.957551 10.527874 3
15.23046 -38.732851 10.770874 3
14.81616 -38.838251 9.918074 3
14.89416 -38.536251 8.996774 6
15.04086 -37.984051 8.215974 13
14.12826 -38.411951 8.276574 10
13.60496 -39.217551 8.505374 15
12.82166 -38.604751 8.747874 3
12.16486 -38.038251 9.165774 6
13.07566 -37.877551 9.402374 13
13.53936 -38.597151 9.801474 3
12.99256 -39.516751 9.747674 11
13.71756 -40.023951 9.545874 6
14.18326 -39.690451 10.285174 3
13.34906 -39.572151 10.815374 3
13.02846 -38.722351 11.036974 5
13.44386 -38.262251 11.882574 3
12.53436 -37.919651 11.989174 9
12.06666 -38.574751 12.499874 5
11.28166 -39.143351 12.366874 8
12.06156 -39.575851 12.570074 9
11.49716 -40.294751 12.417274 8
12.47356 -40.546251 12.480174 9
13.37426 -40.399551 12.132874 3
13.85516 -41.196851 11.936174 3
13.17336 -41.434151 12.571874 1
13.14606 -41.597951 13.486874 4
13.75706 -42.295551 13.163574 4
14.51386 -42.128851 13.774974 12
15.05846 -41.393151 13.574674 1
14.68676 -40.543451 13.201074 3
15.46546 -39.994151 13.151374 5
15.65986 -40.289251 12.199974 3
15.77916 -41.287151 12.071074 1
16.65296 -41.456251 12.520374 5
16.75196 -42.363651 12.259974 6
17.65866 -42.663351 11.912974 3
17.74796 -41.738851 11.626874 10
18.22186 -40.939251 11.329674 1
17.85006 -40.735851 12.198374 2
17.04706 -40.191751 12.214774 6
16.54466 -39.364551 12.406374 3
17.15566 -38.583251 12.121174 5
17.14826 -37.633451 12.235674 1
16.49546 -37.567251 11.502374 9
15.62346 -37.996151 11.317274 3
14.81356 -37.871351 10.707274 3
14.50336 -37.817251 9.788974 13
14.59636 -36.894151 9.568274 13
15.41066 -36.961451 9.952574 3
16.13876 -37.094751 10.626974 3
16.31036 -36.422851 11.300774 14
16.39206 -36.664851 12.267674 10
15.45226 -36.732851 12.522574 9
15.00256 -37.465451 12.097874 3
14.27996 -36.981451 12.438274 9
14.06076 -37.960251 12.546374 3
13.96916 -37.404751 13.282374 9
14.68886 -37.819251 13.808474 9
15.17466 -38.067251 14.599644 1
15.21876 -37.072251 14.470274 9
14.88556 -36.159251 14.572554 9
15.81136 -35.986851 14.886584 3
16.18296 -35.501251 15.582004 3
16.67516 -35.917651 16.258054 1
17.11066 -35.052051 15.866794 8
17.46026 -34.210551 15.454514 1
16.50966 -34.118551 14.996744 3
16.83896 -33.305051 15.393084 4
15.94616 -33.105951 15.305824 1
16.31596 -32.750551 14.506974 4
16.45136 -32.977451 13.576674 6
15.74716 -32.802851 12.977474 1
15.90776 -33.315151 12.197574 6
15.74996 -32.955951 11.296974 3
16.12746 -32.153951 10.799374 3
16.14106 -31.551851 10.035974 8
16.90566 -30.929881 9.960874 1
17.28506 -30.794801 10.826074 5
18.23156 -31.052701 11.006374 5
17.90046 -31.422391 10.175374 5
17.38706 -31.904851 9.555974 9
16.80956 -32.601751 9.945974 3
17.05116 -33.511851 10.302874 3
16.65916 -33.197051 11.062074 3
17.00496 -32.617851 11.769174 10
16.55426 -31.750551 11.824874 5
15.67386 -32.030851 11.942674 11
14.82126 -32.355151 11.591674 6
15.04706 -32.492651 10.656174 3
15.21236 -32.441051 9.655474 3
16.02726 -32.659951 9.199474 3
15.84966 -31.672751 8.900674 9
15.62506 -31.814651 7.887974 14
15.09356 -31.145071 8.303174 15
15.24776 -30.340561 7.765374 12
15.99006 -29.918891 7.284774 3
16.97426 -29.936151 7.110674 8
17.69256 -30.404611 6.565774 1
17.72506 -31.341511 6.413074 3
18.55546 -30.969331 6.052674 1
18.95176 -31.658551 5.429274 10
18.76526 -32.376651 6.089974 3
19.23026 -32.905851 6.791674 4
19.92456 -32.734151 7.360274 9
20.38736 -33.420351 6.878374 5
20.51866 -34.284351 7.279174 4
19.63106 -33.986651 7.565074 13
19.47496 -33.827651 8.470874 9
19.67216 -34.486351 9.145774 6
18.83826 -34.060251 9.526774 9
18.19226 -34.562751 10.113474 3
18.03586 -33.724351 10.679374 6
17.29536 -34.182851 11.142674 3
17.47256 -33.634451 11.930274 6
17.36256 -34.566651 12.237774 6
17.55656 -35.222051 11.557474 6
17.74786 -35.577251 10.642274 3
16.86666 -35.907351 10.469874 3
17.36836 -36.613251 10.800874 5
17.47836 -36.434451 9.852274 3
18.04546 -37.113951 9.445074 1
17.52356 -37.944451 9.376774 1
16.67976 -37.669851 9.780274 3
15.92396 -37.503751 9.150674 3
16.61166 -38.077051 8.733074 5
16.94566 -38.982251 8.437874 10
16.69646 -39.897951 8.477274 1
15.92386 -39.839451 7.876374 9
15.03366 -40.154651 7.807074 9
14.66456 -39.953651 8.667374 1
15.60566 -39.760551 8.842074 13
15.82026 -39.183151 9.535774 3
16.84136 -39.494251 9.624874 1
16.86406 -40.520851 9.575074 6
15.92886 -40.507251 9.753674 3
15.77796 -41.504651 9.653074 5
14.81496 -41.307551 9.657374 4
14.62806 -40.656751 10.406974 3
14.02766 -41.419251 10.529174 15
14.36706 -41.972051 11.218274 8
14.98836 -41.197751 11.258274 4
15.19396 -40.218251 11.350974 3
14.67666 -39.468351 11.293174 3
13.87646 -39.269551 11.815074 3
12.91486 -39.331751 11.860074 9
12.26996 -39.990951 11.586674 6
11.40666 -39.582351 11.468074 8
11.61786 -38.737551 11.012674 8
11.22106 -38.729751 10.126774 14
12.00596 -38.187251 10.162374 9
12.52966 -37.414751 10.219474 13
13.35276 -37.609851 10.666174 3
14.12096 -37.525051 11.223274 3
13.30776 -36.927151 11.454174 9
13.62266 -36.301551 10.782374 13
13.37196 -35.454751 11.216674 1
14.17746 -35.277051 11.784374 9
14.35126 -36.261551 11.683974 9
14.64706 -35.874451 10.907774 3
15.43616 -35.823851 11.480074 3
15.67936 -35.797751 12.391374 5
15.58556 -36.047251 13.279774 9
16.54166 -35.966551 13.283274 4
16.83756 -35.019751 13.108774 6
17.70056 -35.613851 13.056774 10
18.25356 -34.919351 12.662874 6
19.05386 -34.269051 12.616674 6
19.68186 -34.297351 11.900974 1
20.57786 -34.273651 11.614674 3
21.48356 -33.983451 11.608374 3
22.00146 -34.634851 12.161774 1
21.41456 -34.160351 12.805174 15
22.02386 -33.682551 13.349274 3
22.13836 -33.024651 12.668274 10
21.66886 -32.682651 11.959674 3
21.22776 -31.984151 11.514574 3
21.54226 -31.797151 12.429374 6
20.78706 -31.249821 12.437174 1
20.27246 -31.804051 11.898374 5
20.65556 -32.719151 12.214774 3
20.21346 -33.024951 13.021574 11
19.41236 -32.836151 13.601474 13
19.24396 -32.952951 12.584774 9
18.55726 -33.267751 12.036874 6
18.13976 -32.746351 11.338174 5
17.90716 -32.717251 10.431074 5
18.09876 -33.382551 9.742474 9
17.52676 -34.101751 9.476474 3
16.77886 -34.618151 9.153574 3
16.17046 -34.250751 8.372474 3
16.29576 -33.492451 7.744074 6
15.87756 -33.155451 6.888074 10
15.05326 -33.154451 6.407074 8
14.63356 -33.984751 6.501574 4
14.14786 -34.810651 6.787774 1
13.58286 -35.047551 7.524874 1
12.89766 -34.419851 7.676674 1
12.93646 -33.706251 8.224874 1
13.81116 -33.383351 7.882774 4
14.61836 -32.904151 7.712874 9
15.00306 -33.222251 8.540974 1
15.64736 -33.634951 9.194274 3
16.19106 -34.147851 9.761674 3
15.33056 -34.135651 10.171974 3
14.38806 -34.001851 10.364274 8
14.99926 -33.722551 10.957074 3
14.89456 -33.978151 11.910474 3
13.93386 -34.214451 11.797174 9
13.06806 -34.004951 11.527074 3
12.22736 -33.835651 11.953374 10
12.68786 -33.455751 12.734774 3
13.13916 -34.294051 12.905074 3
13.04826 -35.026551 12.212174 15
13.45416 -35.424551 12.997274 9
13.69526 -36.349651 13.208774 9
14.16096 -35.792951 13.834474 9
14.13716 -34.877551 13.971774 3
14.30476 -34.203351 13.333474 5
15.11596 -34.368551 13.829974 6
15.23876 -33.490351 13.496074 5
15.59216 -34.024751 12.759074 6
15.09256 -34.876651 12.623774 9
15.85706 -34.669351 11.918174 3
16.50966 -35.375951 12.046574 5
16.28636 -35.231151 11.036074 3
15.87986 -34.968951 10.236674 3
14.97816 -35.190551 9.998774 3
13.92846 -35.188051 10.107274 6
13.21656 -34.541951 9.888574 10
12.82406 -35.081651 9.226174 1
13.26786 -36.039451 9.373874 13
13.27696 -36.623551 8.651774 13
13.17516 -36.821351 7.747474 5
13.67386 -37.332751 7.148874 3
14.03316 -36.519151 6.894674 1
14.66866 -37.027451 6.338474 3
15.54306 -37.230251 6.013274 6
16.34706 -36.988451 5.586874 4
17.03156 -36.712351 6.238474 13
16.71796 -37.330451 6.858374 12
17.71546 -37.308851 6.763874 4
17.85216 -37.075751 7.635274 4
17.70236 -36.343451 8.259874 9
17.00786 -36.073951 8.849474 3
16.48446 -35.510251 9.539374 3
15.64236 -35.926551 9.279874 3
15.03946 -36.504251 8.730374 6
15.98276 -36.482151 8.509274 3
15.75226 -37.146851 7.853574 11
16.57066 -37.733651 7.708474 8
16.97966 -38.514551 7.337674 3
17.75626 -39.030651 7.085474 14
18.20276 -38.886551 6.283974 1
18.97326 -38.462651 6.623174 6
19.23286 -37.665351 7.082274 6
19.49626 -37.247651 7.892174 1
20.38766 -37.324351 7.643274 10
20.54926 -37.351251 8.622674 4
20.85366 -36.695451 9.246574 1
21.51796 -35.923151 9.365474 3
21.69926 -35.563851 10.225374 1
21.12206 -34.799151 10.113774 6
20.51216 -34.062051 10.099874 9
21.02906 -33.202851 9.990974 3
20.59166 -32.510051 9.461574 9
20.90716 -32.955351 8.719474 9
21.45866 -33.709351 8.664874 3
22.42036 -33.765751 8.339574 15
22.50416 -33.772651 9.314174 1
22.62626 -33.956651 10.265274 1
21.95576 -33.250551 10.496574 3
21.74376 -32.314051 10.506774 3
20.81426 -32.110351 10.588674 3
19.88876 -31.794151 10.447174 5
20.07176 -31.102731 9.853274 3
19.68806 -30.361191 9.419374 10
19.98246 -30.049831 10.275374 8
19.74366 -30.038551 11.170474 8
18.81906 -30.198591 10.891574 5
18.99986 -30.909011 10.266174 5
19.01116 -31.411501 9.447574 13
19.04856 -31.890451 8.635274 9
18.18726 -32.271251 8.498374 9
17.76116 -33.101151 8.649774 3
17.29256 -32.988751 7.816874 3
17.17336 -33.217151 6.895274 6
17.70406 -33.955451 7.222674 3
18.26556 -33.549951 7.902874 3
18.87136 -32.778251 7.862474 9
18.99196 -31.856451 7.600074 13
19.20716 -31.005171 7.218274 10
19.90196 -31.127361 6.577374 11
20.66886 -31.256251 7.143874 3
20.19856 -31.244391 7.988574 13
20.13746 -31.701951 8.853274 13
19.63086 -32.339851 9.476274 9
19.23276 -32.862051 10.096874 9
20.10296 -32.958451 10.492374 3
19.91866 -32.799951 11.410474 3
19.35256 -32.153251 11.727174 5
19.20696 -31.550351 12.456074 15
18.45906 -31.640151 11.836374 5
17.65056 -31.986651 12.337974 5
17.44016 -32.897951 12.692674 6
18.05306 -32.387451 13.234274 3
17.39236 -32.452351 13.913274 4
17.40176 -33.381851 13.667174 6
17.36696 -34.297851 13.695774 6
18.26416 -34.570051 13.783374 8
18.90006 -33.886551 13.544474 6
19.75206 -34.011651 13.770374 3
19.36636 -34.927251 13.726274 6
20.00576 -34.830151 12.931574 1
19.81676 -35.647251 12.454174 1
19.13086 -35.580651 11.788974 1
19.88246 -36.071651 11.474374 4
19.95516 -36.633251 10.673874 1
19.07246 -36.344251 10.557874 10
18.60146 -35.738351 9.992574 3
18.47096 -36.067051 9.093274 3
19.41036 -35.880451 9.054874 10
19.75286 -35.395051 8.291674 1
18.85236 -35.177951 8.397074 1
18.16486 -34.733651 8.845674 3
17.40026 -35.187051 8.442874 3
17.00726 -34.952551 7.666374 3
16.68106 -34.986251 6.714274 1
16.12846 -34.314151 7.203674 14
15.27756 -34.772051 7.083274 9
15.26126 -34.789251 8.051274 3
14.52446 -34.130951 7.802474 4
14.66526 -34.229351 8.738774 3
14.10326 -34.899951 9.152874 5
13.63336 -34.081551 9.089774 3
13.01256 -33.399651 9.321974 4
12.47776 -32.854951 9.865274 10
13.40306 -32.726051 9.953074 11
13.84236 -32.014251 9.486874 9
12.88686 -31.865751 9.289174 5
12.11316 -31.484351 8.834474 9
12.06906 -31.471951 9.819174 6
11.66736 -30.603741 10.240574 12
11.65686 -29.750291 10.752874 10
11.35526 -29.192711 11.433674 6
10.93976 -29.132521 12.318474 8
11.64926 -28.509701 12.345774 10
12.57826 -28.988051 12.585074 3
13.15766 -28.244301 12.334674 9
13.60336 -29.138371 12.313074 4
13.63706 -28.768101 13.152174 10
14.50856 -29.024191 13.515174 13
15.28286 -29.647481 13.332674 10
15.79896 -29.917221 14.045674 13
15.98666 -30.441651 14.778924 4
15.45046 -29.790671 15.195094 1
16.09336 -29.044651 14.922204 13
16.90326 -29.274951 15.439254 6
16.61636 -30.195861 15.608744 4
16.83956 -29.892931 14.695434 13
17.84376 -29.669171 14.731604 6
17.73596 -30.457731 15.357234 4
17.15316 -31.214241 15.330374 4
16.63146 -31.522351 14.628084 4
16.76666 -31.600751 13.725574 3
16.96086 -31.067211 12.933774 5
16.01606 -31.038441 12.745074 1
15.88846 -30.513041 11.971374 1
16.70306 -30.122391 11.520174 5
17.01346 -29.155441 11.577474 13
17.22516 -28.286031 11.129674 3
17.16346 -27.336611 11.020274 10
17.30586 -27.595191 11.903174 13
18.20806 -27.307361 11.992974 9
18.59356 -27.282571 12.878174 10
19.06126 -26.624781 12.409674 10
18.62136 -25.752531 12.378074 6
18.75506 -25.267641 13.274974 11
19.49926 -25.723731 12.958374 10
19.47946 -24.923441 12.499174 10
18.88046 -24.244251 12.387974 3
18.19926 -24.119921 13.071574 4
18.01556 -24.509051 13.935474 11
17.49106 -25.136481 14.470174 4
17.36426 -24.201891 14.715084 11
16.89486 -24.145111 13.867774 8
16.22346 -24.750691 14.199874 4
16.70236 -25.282531 13.605274 4
16.05376 -25.553921 12.919074 6
16.49226 -26.306521 13.258874 13
17.19896 -26.304941 13.970774 4
18.20936 -26.373581 13.724274 10
17.59486 -26.198821 12.972174 1
17.59596 -27.131131 13.344274 13
17.70136 -27.869981 12.738274 13
18.56426 -28.284251 12.496774 10
18.15606 -29.081201 12.873174 6
18.06076 -30.026641 12.407474 5
18.64176 -30.586431 11.956474 5
18.84366 -29.625871 11.902674 1
19.31516 -29.053121 12.543874 3
19.38426 -28.623031 11.670374 1
20.28066 -28.553181 11.890074 10
20.82886 -29.335701 12.164174 4
21.21316 -28.455211 12.452974 10
21.27036 -28.193921 11.579974 15
21.86326 -28.645671 10.910774 1
21.34036 -27.989381 10.426674 9
20.91896 -28.656341 9.882474 6
21.44086 -29.251781 9.268774 8
20.62916 -29.207781 8.757074 13
20.22956 -28.695001 8.102874 1
19.68816 -28.472541 7.394474 9
18.99686 -27.876401 7.227374 12
19.37866 -27.127911 6.617474 4
19.26256 -26.463231 5.921774 4
19.27736 -27.285211 5.534874 3
18.88866 -27.019241 4.709474 4
17.88696 -27.134651 4.971174 13
17.29126 -27.676901 4.580374 10
17.46256 -28.583861 4.197174 11
17.79916 -28.875431 3.349674 2
18.03506 -27.977801 3.060974 13
18.50386 -27.240181 2.474874 13
18.33396 -26.316041 2.132774 3
17.45026 -26.258031 1.863074 5
16.76606 -25.862651 2.448474 4
16.00086 -25.276391 2.221274 10
15.84716 -24.379741 2.699474 15
15.56886 -23.433061 2.614274 4
15.79596 -22.681751 3.298674 4
16.33226 -23.519031 3.456174 1
15.89726 -24.263791 3.919174 3
15.05086 -24.749501 3.834774 10
15.54066 -24.890371 4.647574 10
14.60876 -24.869771 4.946674 1
14.60956 -24.809901 5.933574 4
13.99986 -25.405501 6.281974 1
14.27246 -26.245121 6.509374 6
14.62846 -26.159231 7.348174 1
14.28616 -27.000021 7.737474 9
13.96796 -27.927971 7.753674 1
13.50696 -28.693281 8.160874 1
13.51546 -29.456091 8.789674 1
13.30746 -30.290181 9.250274 10
13.69556 -30.499181 10.128074 4
14.45366 -30.248791 9.616274 3
14.70336 -29.416061 10.064474 6
15.38716 -29.485831 10.766374 13
16.37356 -29.210231 10.793974 13
17.18516 -29.720731 10.441474 5
16.71986 -29.533591 9.619374 8
17.66876 -29.414651 9.536674 8
18.09136 -29.302921 10.420674 5
19.08056 -29.167441 10.387174 4
20.06726 -29.119141 10.654174 4
19.68956 -28.259341 10.543574 3
19.92806 -27.790201 11.348174 10
19.79126 -26.911761 11.632274 10
18.93256 -26.847701 11.235174 13
18.35996 -25.980581 11.322074 10
17.86526 -26.617621 10.885374 1
17.62596 -26.546631 9.956574 11
18.15866 -27.184011 9.405174 4
18.42226 -26.589521 8.658574 1
19.16796 -26.877961 8.150374 4
19.15136 -25.889001 8.430174 15
18.98676 -24.992631 8.031974 3
19.46286 -24.904401 7.174174 4
18.51446 -24.460951 7.072174 6
17.71906 -24.498951 7.703374 11
17.24776 -24.248541 6.906874 5
16.84696 -23.693301 6.203474 11
17.21386 -23.012851 5.687874 9
18.13966 -23.202081 5.725674 4
17.96726 -22.343988 5.395674 6
18.37336 -22.368041 6.262374 10
19.32626 -22.626601 6.333574 13
19.16336 -22.768511 7.312374 13
20.02696 -23.184431 7.158074 8
20.61846 -22.811151 7.810274 10
21.11796 -22.813871 6.905974 9
21.07126 -23.350451 6.132474 13
21.26106 -22.561361 5.603774 10
21.51816 -21.582806 5.454474 1
21.15466 -20.714755 5.150674 13
20.61016 -21.445803 4.932574 4
19.86426 -21.922915 5.357174 5
18.99516 -21.598437 5.548374 3
18.53716 -20.999231 4.899374 12
18.87736 -20.076811 4.901874 10
18.81366 -19.090601 4.796974 6
19.26076 -18.684931 5.522274 4
18.53266 -18.811771 6.119074 1
19.33006 -19.053791 6.597374 15
19.51336 -19.766651 7.208374 10
19.70356 -19.852161 8.151474 4
19.17596 -19.041251 7.883074 3
18.90866 -18.165911 7.677774 10
19.71036 -17.665421 7.484174 1
19.46046 -16.774761 7.295474 1
19.35966 -16.042911 6.608274 3
20.01596 -15.534051 7.108574 4
19.84916 -15.164241 7.930274 1
19.43536 -14.843951 8.745974 4
19.31886 -13.907631 8.967874 1
19.14576 -13.296641 8.245974 1
18.79196 -12.994941 7.341774 4
18.48466 -13.262231 6.500674 5
18.38096 -12.318301 6.278374 10
19.08616 -11.632401 6.179774 10
18.93536 -10.776251 6.774174 3
18.38886 -10.528751 6.030674 9
17.73876 -9.789651 5.997874 4
17.43466 -8.865151 5.774374 13
16.70966 -8.272751 5.633874 6
16.56326 -8.460851 4.741174 6
17.13316 -8.677651 4.030774 11
16.59406 -8.281051 3.354174 13
16.43186 -8.472751 2.396674 1
15.50956 -8.439951 2.262074 11
15.57176 -9.458951 2.330774 4
14.84646 -10.159251 2.499574 10
13.83566 -10.094551 2.552674 13
13.12146 -10.090351 3.213474 13
12.34866 -10.552951 3.538174 4
11.79876 -11.130751 2.900874 10
11.14266 -11.068851 3.688074 8
10.81746 -10.966051 4.597274 8
10.71456 -10.318551 5.334574 12
10.93856 -11.034551 5.867074 4
10.75746 -10.808951 6.893474 6
11.59786 -10.781551 7.301674 3
11.45646 -11.625791 7.863774 4
11.64726 -11.310651 8.760374 10
12.43166 -11.794991 8.988074 10
12.34786 -11.540421 9.938474 6
12.37446 -12.508841 10.106674 4
11.92946 -13.349371 10.185874 13
12.49446 -13.913241 9.568774 1
11.74026 -13.831041 8.988874 13
12.40776 -13.536931 8.423274 10
11.56386 -13.528791 7.998374 4
11.98296 -13.572701 7.163974 1
11.07566 -13.784431 6.753774 3
10.30496 -14.280041 6.903774 10
9.60856 -13.952691 6.240074 4
10.25146 -13.542491 5.551874 5
9.87886 -14.388301 5.175774 13
10.44996 -15.100421 4.820374 4
10.32156 -15.693001 5.669074 1
9.38656 -15.796101 5.467374 1
8.64616 -15.834211 6.103574 9
8.50126 -16.685121 5.701174 10
8.03536 -17.371531 6.192974 6
8.58286 -18.140021 5.963274 4
8.61866 -19.127431 5.874174 13
7.68776 -19.340991 5.838474 11
7.48786 -20.257721 5.665074 9
6.88186 -21.037304 5.759074 10
6.82616 -21.902224 6.309674 10
7.61866 -22.26162 6.695474 4
7.35696 -22.307522 7.603274 3
7.22836 -22.711321 8.484374 4
6.68116 -22.626091 9.309974 9
6.71376 -22.911721 10.296874 6
6.78166 -23.862501 10.421274 10
6.79426 -24.438111 11.217874 15
6.48536 -24.395661 12.107774 7
7.39216 -24.720961 12.206574 5
7.28836 -25.388591 12.879074 4
7.55516 -26.336681 12.938774 4
8.34816 -25.872881 12.721574 8
9.06086 -26.607401 12.811974 5
9.12116 -25.950281 13.571974 3
9.01456 -26.568001 14.306674 5
9.42126 -27.124471 15.017354 13
10.34516 -27.472731 14.927064 4
10.23506 -28.263891 14.385674 9
10.48066 -27.457381 13.774174 10
11.42576 -27.759311 13.781174 13
11.54136 -28.020041 14.709374 1
11.97846 -27.094171 14.469374 10
12.58856 -27.305481 15.147554 1
12.24406 -26.500141 15.581024 4
13.05796 -26.348941 15.061244 1
12.62426 -25.600151 14.690794 10
12.47906 -25.373261 13.820874 6
12.13746 -25.457941 12.928774 6
12.82586 -24.833011 12.964074 12
12.78986 -23.846161 12.784474 3
13.03246 -23.393341 11.883774 4
13.97246 -23.685141 11.851774 10
14.54166 -24.180031 11.206574 1
14.56406 -24.318901 10.203974 1
13.90176 -25.032121 10.248574 10
14.42416 -25.582141 10.811974 1
15.15046 -26.049431 11.361474 4
15.66296 -26.166801 10.593974 11
15.88696 -27.010931 10.991974 4
16.40526 -26.713231 11.724274 10
16.27576 -27.638911 11.698374 13
15.63326 -27.839491 12.378674 13
14.86566 -28.344131 12.045474 13
14.35436 -27.497931 12.035674 3
14.84796 -26.952931 12.669174 14
15.62276 -27.031781 13.205374 13
14.98826 -26.247781 13.398074 10
15.67936 -26.283511 14.198474 4
15.46316 -25.347691 14.185374 4
14.78576 -24.919671 13.750674 8
14.32896 -25.293271 14.460674 11
13.76846 -24.971841 15.112264 10
14.17416 -24.292931 15.710924 5
13.61156 -24.161351 16.538524 15
13.71266 -25.143561 16.304074 10
14.65816 -24.997621 16.337654 9
15.49616 -25.046711 15.820294 5
15.55986 -24.089611 15.882054 13
16.21446 -24.398541 16.536194 4
15.88076 -24.307111 17.504254 6
16.84936 -24.470461 17.573274 10
17.83606 -24.598691 17.379854 4
18.37226 -24.775581 16.578714 4
18.89706 -24.093791 16.981824 9
19.15656 -25.045561 17.254294 4
18.85396 -24.533161 18.028184 10
18.25886 -24.203891 18.773474 6
18.45096 -25.168051 18.805374 13
17.93876 -25.891781 18.365904 4
17.14716 -25.200531 18.609954 1
17.19906 -25.463101 19.545174 7
16.71376 -24.514401 19.476384 8
16.07276 -23.925321 19.191534 10
15.21426 -24.288161 18.928464 13
14.82246 -24.735871 18.179154 5
14.11986 -25.359161 18.191124 1
14.68056 -26.140221 18.262284 3
15.12786 -26.919961 18.521814 10
15.59376 -26.543021 19.243034 1
15.61156 -25.697861 18.743804 10
16.37656 -25.801471 18.167774 1
17.15146 -25.658741 17.628524 4
17.34246 -26.244321 16.941614 4
16.48526 -25.856821 16.890854 10
15.60646 -26.214461 16.741984 12
14.93036 -26.269571 16.092394 14
15.06026 -26.328211 15.142354 6
14.89546 -27.275921 14.807544 11
15.55956 -27.554631 14.119674 13
16.29996 -28.127661 14.408474 13
17.22406 -27.678311 14.573834 6
17.98636 -27.169411 14.904774 4
18.87786 -26.919601 14.665424 10
18.72966 -26.443501 15.577064 4
18.14816 -25.692881 15.938904 4
18.36606 -25.152051 15.114144 3
19.18566 -25.001491 14.755394 11
19.43006 -25.625101 14.036974 10
19.89456 -26.314641 14.561714 10
19.87736 -25.911591 15.476834 4
20.68026 -25.942471 16.010154 5
20.10436 -25.616701 16.643674 4
20.85626 -25.120661 17.086364 10
21.47906 -25.867321 16.672234 5
22.11216 -25.522901 17.333614 1
22.84416 -26.156181 17.261944 1
23.07026 -27.009361 16.925534 9
22.59476 -27.511131 17.613494 5
23.26766 -26.990471 18.004504 10
24.14446 -27.262471 18.055534 4
24.00666 -28.187721 17.973904 15
23.38096 -28.912621 18.260104 3
23.07756 -29.684481 18.737904 13
22.72066 -29.127231 19.447034 15
22.76366 -28.177761 19.681774 1
22.44816 -27.358501 19.187214 13
23.09276 -26.704921 19.507124 10
22.27656 -26.243801 19.552094 9
22.04416 -25.371911 19.869404 10
21.31966 -26.028291 20.037094 13
20.28736 -26.004801 20.106364 9
20.24126 -26.040061 19.165814 1
19.53156 -25.378481 18.725914 13
19.78496 -25.776791 17.927114 6
19.25446 -26.182501 17.215304 4
18.57806 -26.461201 16.621924 4
18.71006 -27.266921 16.255964 4
19.24486 -27.566211 15.553864 3
20.10206 -27.245391 15.311894 4
21.03046 -27.464121 15.449764 5
21.23576 -27.277421 14.495174 4
20.99366 -26.318231 14.509574 10
21.94356 -26.309291 14.334874 6
22.40746 -25.517211 13.950374 8
22.21936 -26.135891 13.272474 4
22.39706 -25.626931 12.378274 7
21.70286 -24.991691 12.566674 4
21.35336 -25.594221 13.241274 10
21.17846 -24.675991 13.475274 8
20.33236 -25.109171 13.616174 10
20.09216 -24.197691 13.150174 11
20.36876 -24.400231 12.194974 13
20.45096 -25.125071 11.529874 10
21.03986 -24.360541 11.437574 1
21.97016 -24.140101 11.706174 1
22.86676 -24.031201 11.344774 1
22.35096 -23.731201 10.555274 6
23.01206 -23.332791 9.917874 1
23.66786 -23.495561 9.261474 13
24.41576 -23.920731 9.849374 10
24.30806 -24.783881 9.368674 4
23.64966 -25.362611 9.763774 12
23.10776 -26.073891 9.350774 10
22.52836 -25.519991 9.981074 4
22.41556 -25.878071 10.907474 6
21.57266 -25.936001 11.477574 1
20.67166 -26.353651 11.770674 10
20.04466 -26.588081 12.569074 10
21.06386 -26.427911 12.707974 10
21.69296 -27.091791 13.099774 14
22.35856 -27.728711 13.379174 15
22.64026 -27.881811 14.329374 4
22.26976 -27.891871 15.202124 3
21.95916 -27.391211 16.051664 5
22.31136 -28.229981 16.200814 13
21.37356 -28.357521 16.340934 4
21.18966 -27.823741 17.074814 5
21.51596 -28.368831 17.787414 15
20.87066 -28.507711 18.397164 13
20.53236 -27.763031 17.902614 13
19.59746 -27.918791 18.083134 4
18.71486 -28.331841 18.016174 10
18.25886 -27.501341 18.107254 4
18.49546 -26.550471 17.912304 4
18.99366 -26.618011 18.713584 6
18.76116 -25.963231 19.340554 9
18.05516 -25.734141 19.955644 3
18.63596 -26.202951 20.674264 4
17.79276 -26.761001 20.970394 1
17.63776 -27.729421 21.181154 11
17.55306 -28.674191 20.876614 13
18.00786 -28.916141 20.093354 10
17.85846 -29.709911 19.551364 10
17.34826 -29.717491 20.444184 4
16.95296 -30.541951 20.247474 1
17.86276 -30.636751 20.079994 10
17.70756 -31.590651 20.006724 7
18.40576 -31.562551 19.414874 10
17.85346 -32.269551 19.111944 5
18.61816 -32.588551 18.710394 9
19.30656 -31.990451 18.415774 10
19.22536 -32.331251 17.520024 13
18.21876 -32.470551 17.606894 4
18.01976 -33.244651 17.049534 4
18.35616 -34.131451 17.263734 13
19.25026 -34.131351 17.638984 8
19.02666 -34.809451 18.191074 7
19.15536 -35.735651 18.575094 8
19.42926 -35.950551 19.497494 11
20.04366 -36.363151 18.841254 9
20.66096 -35.963751 19.461934 10
21.03366 -35.505351 18.683774 6
21.65256 -35.082251 19.373014 1
20.88736 -34.584951 19.113694 1
20.46266 -33.945751 19.679774 5
20.99936 -33.470851 19.064134 13
21.06196 -32.452851 19.270144 10
20.57926 -31.597051 19.220064 10
21.17026 -31.334991 18.472344 4
22.10226 -31.228791 18.203524 4
22.99816 -31.733951 18.202504 3
22.72656 -31.681751 17.272044 1
22.23006 -31.035631 16.735064 10
22.04196 -30.139431 16.246014 1
21.41686 -29.817651 15.607464 4
21.23596 -29.059391 15.014634 5
20.62716 -29.513491 14.400474 1
19.61766 -29.379181 14.378274 6
20.14706 -28.705441 13.842574 13
20.35726 -28.227451 13.065774 10
20.25546 -27.327161 13.368774 10
20.18316 -27.508301 14.249574 4
19.38316 -27.860121 13.668874 10
19.33076 -28.269301 14.492274 7
18.38766 -28.416281 14.658964 6
17.89226 -28.175891 13.783874 4
16.98556 -28.184881 13.493174 13
16.04436 -28.129221 13.362074 13
15.63086 -28.807841 12.898374 13
16.32916 -29.364201 12.524674 13
17.10416 -29.174021 12.992474 13
17.50106 -29.586401 13.743874 6
17.59376 -30.590931 13.801774 10
17.78746 -31.427151 14.383174 4
18.48906 -32.173451 14.468174 4
17.98896 -33.068051 14.474474 10
18.29666 -32.763251 15.337864 4
19.03716 -33.428751 15.137874 15
19.87286 -32.855951 15.073854 9
19.17036 -32.201151 15.409004 4
19.88256 -31.527951 15.715654 5
19.10186 -31.617251 16.240574 4
19.62976 -31.382701 17.046034 9
18.75996 -31.148551 17.473804 10
18.07306 -31.440951 16.817194 4
18.41616 -30.794181 16.170194 4
18.23036 -29.866181 16.197044 6
18.62526 -29.990111 17.041444 10
19.12556 -29.219821 17.418844 10
19.91196 -28.663011 17.273424 3
20.15716 -29.533141 17.779864 10
21.13796 -29.702801 18.135984 11
21.28306 -30.490931 17.619564 1
20.32156 -30.667191 17.626344 10
19.86486 -31.094461 18.305874 10
20.35826 -31.736351 17.812564 11
20.67616 -32.563251 17.406014 1
20.57946 -33.254251 18.155004 7
20.08936 -32.636351 18.602754 1
19.66556 -32.379951 19.419844 10
19.39576 -31.959751 20.241524 10
18.82546 -32.721251 20.119004 12
18.11576 -32.721751 20.757024 10
17.31356 -33.261851 20.654294 1
17.64386 -33.077651 19.739614 7
17.26936 -33.159951 18.798824 10
17.51726 -33.527051 17.942244 5
16.80906 -33.376651 17.214954 13
16.46916 -32.831851 16.452694 4
17.39746 -32.828251 16.058944 4
17.41726 -31.909551 16.083954 4
16.55426 -31.674751 16.464734 4
15.64706 -31.599451 16.680274 7
15.54366 -31.041601 17.456104 3
14.59116 -30.819881 17.336694 13
13.69096 -30.521881 17.254444 7
13.27176 -31.381261 17.446304 8
13.17796 -31.309921 16.443024 5
13.27536 -32.050351 15.883054 9
12.53216 -32.552451 15.524804 4
13.03986 -32.369151 14.756914 7
13.78706 -32.668051 14.161974 13
13.87806 -31.685651 14.272874 10
14.16096 -31.017491 13.595174 1
13.20516 -31.179211 13.556574 12
12.25736 -31.123531 13.730674 1
11.35576 -30.855891 13.454874 4
11.61116 -30.396481 14.251074 1
11.45326 -29.466941 14.098374 10
11.61126 -29.509641 15.082864 6
12.34216 -29.919391 15.580684 9
13.00556 -29.802951 14.912974 10
13.83686 -30.055931 14.546864 11
14.01866 -29.394921 15.234624 10
14.72956 -29.001231 14.773634 13
14.60726 -28.113331 14.342374 13
14.19166 -28.236811 15.223034 15
14.68366 -27.689701 15.873984 13
15.09996 -27.919441 16.699624 15
16.02356 -28.170711 16.863384 10
15.94446 -27.469971 17.475474 3
16.75556 -27.150331 17.025394 4
17.02836 -27.858641 17.613034 4
17.26796 -28.645901 18.140944 10
16.67016 -28.210901 18.722674 5
16.70936 -27.229071 18.761004 4
16.86216 -27.169051 19.688594 11
17.61136 -27.617551 19.204884 1
18.44156 -28.064151 18.988364 8
18.28266 -28.936781 18.725534 10
18.50286 -29.884131 18.639124 10
18.12786 -30.366161 17.899364 10
17.47776 -30.189481 17.271034 4
16.96236 -29.392721 17.508964 10
16.73936 -29.855271 16.607534 4
16.00536 -30.021171 17.172934 1
15.73716 -30.561561 16.443654 4
15.02056 -30.939071 15.826014 1
14.48216 -31.620951 15.513734 7
15.42106 -32.018251 15.584074 4
14.93406 -32.673551 16.126184 1
15.58716 -33.369651 16.555894 3
15.82916 -33.133351 17.516164 5
15.75656 -32.323751 18.002614 6
16.49396 -31.910751 17.629834 4
17.26166 -32.219851 18.154734 5
17.83936 -31.465851 18.287414 10
17.26706 -31.243631 17.428484 4
16.92686 -30.659811 18.113774 10
16.72646 -30.350091 19.070324 10
15.78506 -30.052261 19.075414 7
16.32006 -29.463151 18.542334 10
16.70736 -29.253631 19.394554 10
15.81296 -29.113961 19.725854 9
16.06856 -28.360861 20.202014 7
15.70606 -27.414031 20.241314 6
15.74026 -26.488531 20.423254 4
16.26816 -25.627011 20.329004 3
15.99826 -24.948811 21.024814 13
16.63116 -24.194051 21.058684 10
17.40956 -23.814901 20.583194 1
17.63556 -23.021841 21.027974 10
18.59726 -23.176671 21.158624 4
18.81116 -23.251731 20.179664 13
19.24926 -23.488951 19.359004 9
18.49816 -23.126301 18.893424 4
18.94346 -22.269488 18.399414 1
19.56726 -22.955421 18.251734 1
19.78256 -22.190625 17.750484 1
19.98296 -22.448031 16.851184 7
19.62686 -23.307091 16.465164 13
19.53626 -23.527321 15.562064 1
19.34086 -23.435521 14.609054 11
18.50406 -23.306081 14.181974 11
17.64646 -22.851351 14.272074 10
17.87176 -21.911979 14.438174 4
17.96426 -22.37025 15.230584 10
18.38886 -23.192731 15.614614 11
18.12296 -23.125641 16.577494 8
17.35866 -23.677531 16.445934 7
17.61496 -24.249061 15.770204 10
17.33386 -25.123461 15.420884 4
16.95826 -25.925031 15.890694 4
16.26986 -26.571991 16.108104 3
15.62606 -27.292841 15.895424 8
16.13206 -27.260421 14.975264 13
16.86956 -26.716201 15.229484 4
16.64136 -27.491991 15.758014 5
17.06686 -28.280231 15.476304 6
17.74066 -27.910921 16.098214 4
17.59926 -28.404511 16.959294 10
18.54066 -28.137251 16.806484 4
18.86626 -28.489381 15.971824 6
19.80976 -28.520341 16.131684 13
19.79226 -27.680311 16.579994 4
20.15896 -26.985391 17.210364 4
20.91206 -26.481801 17.462484 5
20.70596 -26.801381 18.304094 7
19.99016 -27.121331 18.853304 1
20.21626 -28.061691 18.934864 5
19.60836 -28.526341 19.386314 10
19.31216 -27.959121 20.114064 1
19.00836 -28.781351 20.534584 10
19.77596 -29.302191 20.376764 10
20.10946 -29.531561 19.532724 9
19.48456 -30.155111 18.994264 10
18.73736 -30.504701 19.580754 10
19.49876 -30.282901 19.976244 10
20.39096 -30.572461 19.741404 13
19.92096 -31.144521 20.328354 10
20.85876 -31.098671 20.617914 10
21.60186 -31.196551 20.055564 13
21.56276 -30.304241 20.564204 10
22.47436 -30.065061 20.402364 15
23.29376 -30.521011 20.699614 15
23.71186 -31.406221 20.624614 9
24.48106 -31.636451 21.194864 15
25.07746 -31.690951 20.437414 7
25.58126 -32.435951 20.566084 4
25.55706 -33.018551 19.805504 4
26.17966 -33.769351 20.043714 7
27.02316 -34.260151 20.024844 12
26.40296 -34.925151 20.469784 10
26.91346 -35.465951 21.032784 7
27.80756 -34.970751 21.229104 10
27.99226 -35.933151 21.204844 4
27.95646 -36.499251 21.943634 1
28.22076 -37.238551 22.509944 12
28.87006 -37.713751 21.993814 1
28.49086 -38.654851 21.953154 7
28.46056 -39.022551 22.898244 1
29.10276 -39.639451 22.434664 3
28.29176 -40.095251 22.273394 4
27.37786 -40.244251 22.558394 10
27.84516 -40.575651 23.381104 11
28.42976 -39.808651 23.512324 6
28.64836 -38.982351 24.025258 13
29.33536 -39.041951 24.690122 7
30.08486 -38.443151 24.791746 7
29.34096 -37.828451 24.684519 9
28.57926 -37.833451 25.31956 10
28.09136 -37.389351 26.029674 11
27.84406 -36.586951 26.552024 4
27.34906 -35.931551 27.065814 13
26.47056 -36.326851 27.206214 1
26.16236 -35.994051 28.075664 7
26.43106 -35.279551 28.637074 14
27.17186 -34.787151 29.053824 4
27.34086 -33.857351 29.384164 7
27.06916 -33.129451 29.971684 12
26.86326 -32.216951 29.419104 14
26.02646 -32.493451 29.014754 7
25.42366 -32.881151 28.333834 12
25.08266 -32.094251 27.841684 7
24.44076 -32.330051 28.494474 10
23.87686 -32.874751 27.935444 4
23.16906 -32.729551 27.220434 4
22.92726 -32.638351 26.192264 10
22.78176 -32.174051 25.39202 10
22.25766 -31.297631 25.371858 13
21.50686 -31.582451 24.880526 12
20.77006 -31.181191 24.306139 12
19.84876 -31.252711 24.110423 1
20.20836 -31.371031 23.231074 7
19.77996 -32.188151 22.812084 1
19.92466 -33.139851 22.629524 4
20.05126 -32.864351 21.685324 10
19.13326 -32.650351 21.489264 1
19.01596 -31.725251 21.455434 10
19.54306 -30.927811 21.342024 10
19.64496 -31.175991 22.319614 1
19.11026 -30.483111 22.733944 7
18.90206 -31.323771 23.144314 3
19.10826 -30.707191 23.902402 7
19.03476 -30.504751 24.839868 1
18.23516 -29.994871 24.614697 7
17.56816 -29.680871 25.229554 10
16.94456 -30.225871 25.761974 12
16.89906 -31.242621 25.710324 1
17.26796 -31.824551 26.324204 4
18.06826 -32.325851 26.281764 7
18.69696 -32.132151 26.965064 4
19.29876 -31.374281 26.729814 15
19.76836 -31.767151 27.462964 14
19.83316 -32.652151 27.246754 7
20.31526 -33.064651 27.971114 5
20.52836 -33.670051 27.205044 10
20.82056 -34.169551 26.443474 9
20.93606 -33.244051 26.176694 10
21.80146 -33.640251 26.010954 11
21.73666 -32.985551 25.388682 1
22.36526 -32.942451 24.644428 11
22.61296 -32.653751 23.772837 13
21.71876 -32.203551 23.627405 12
21.17626 -31.793551 22.895644 14
21.00196 -31.760851 21.977324 10
20.56096 -30.944801 21.708384 10
20.60616 -30.117641 22.314354 14
19.64166 -29.856131 22.340824 7
20.17786 -29.413371 21.670764 10
19.48466 -28.904801 22.123054 7
19.06026 -28.127641 22.458324 9
18.49216 -28.694511 21.878524 7
18.16186 -29.541771 21.456044 10
18.30406 -30.491711 21.392104 10
18.13956 -30.386091 22.351414 7
17.32066 -30.755491 22.598324 15
17.32116 -31.507151 23.259164 4
17.51986 -30.913501 24.01257 7
16.61856 -30.467391 24.052623 1
15.94876 -29.768781 24.101583 1
16.05776 -28.838971 23.813692 1
16.73586 -28.962251 23.139134 10
17.58786 -29.474191 22.965574 7
18.07056 -28.808821 23.490254 7
17.66136 -29.085371 24.291502 12
18.40586 -28.743771 24.817597 1
18.06876 -28.880071 25.689624 1
18.99126 -28.483371 25.774344 13
18.89296 -28.258051 26.663274 1
18.83076 -28.990241 27.330814 10
19.62886 -29.535681 27.425284 4
20.56146 -29.669761 27.322324 4
20.67816 -30.389571 27.990834 12
20.90326 -29.533921 28.426654 1
21.33036 -29.590331 29.313684 10
21.57556 -30.113061 30.098154 11
20.68916 -30.564551 30.071594 7
19.95686 -31.156561 29.995034 6
20.44176 -31.324431 29.188964 10
19.59296 -31.825151 29.334884 11
19.13166 -32.631651 29.579204 7
19.09406 -33.441651 28.934024 10
18.18616 -33.768351 28.689894 4
17.61656 -34.565251 28.830064 12
16.90196 -35.141651 29.096914 7
16.35816 -34.497651 28.705414 8
15.66446 -33.781851 28.911324 5
14.96406 -33.383051 28.384024 9
14.84606 -32.557051 27.771174 10
14.86746 -31.979851 27.008224 13
15.58756 -32.531951 26.713544 10
15.78486 -33.317351 26.193604 14
15.13676 -34.032451 26.131484 7
15.14316 -34.554351 26.961794 10
14.85246 -35.425351 27.242034 1
15.68336 -35.890651 27.070174 13
15.24816 -36.112851 26.241614 15
14.63286 -35.428051 26.069554 7
14.32836 -34.724551 25.296158 11
14.21796 -34.284751 24.442807 7
14.07576 -33.370451 24.656975 1
13.79036 -32.590551 24.154267 1
13.17096 -32.327851 24.877697 1
13.20596 -32.317051 25.939254 10
12.56516 -32.713451 26.608014 7
12.06436 -31.929851 26.797094 4
11.46306 -31.458251 27.327774 1
11.14796 -30.561851 27.139224 16
12.16596 -30.662531 26.870544 10
12.75656 -30.212911 27.459204 6
13.08816 -29.332491 27.578194 4
13.13866 -29.432101 26.618984 1
13.61786 -28.633801 26.459554 7
14.38296 -28.804931 25.936094 10
15.18856 -29.083811 26.177234 7
15.29266 -28.667901 25.321075 1
15.27916 -27.713521 25.649764 7
16.08526 -27.187571 25.696034 10
17.04166 -27.439211 25.620384 4
17.57566 -26.763891 25.308648 11
17.60516 -27.021801 24.385276 11
17.37476 -27.889731 23.881229 10
17.08156 -27.564211 22.999454 10
17.77476 -27.062371 22.561764 14
17.06376 -26.368181 22.747794 7
17.34036 -25.458231 22.901004 1
17.45816 -24.991221 23.795457 10
18.25756 -25.059671 24.348953 14
18.70176 -25.340801 25.136518 11
19.69436 -25.594891 25.127321 7
20.60606 -25.769201 24.860471 10
21.20686 -25.704381 24.112901 12
20.63266 -26.361201 23.681575 1
20.13136 -27.145281 23.476194 13
20.30136 -27.985281 22.905524 7
20.76396 -28.370261 23.687748 7
21.24236 -27.928211 24.393508 4
21.88966 -27.566291 23.807475 1
21.95266 -28.294371 23.196844 9
21.71736 -29.208061 23.196874 12
20.89276 -29.648481 23.384404 7
21.19036 -30.217731 24.080356 12
21.24226 -30.681731 23.268154 12
21.58456 -30.434971 22.339304 10
21.35476 -29.941561 21.512544 10
21.42376 -29.106841 20.922614 12
22.07456 -28.925311 21.617114 7
22.83106 -29.044281 21.089794 15
22.85256 -28.107351 21.260494 4
23.45206 -27.668641 21.833444 7
23.86836 -28.173521 22.540754 7
23.75466 -29.080261 22.182494 7
23.59816 -29.621101 21.404464 15
24.38766 -29.825321 20.820784 1
24.75666 -30.514711 20.314244 1
24.03086 -30.275061 19.752184 15
24.66936 -29.688691 19.449174 1
23.90156 -29.220501 19.444674 10
24.10866 -28.593241 20.151274 15
24.63846 -27.946991 20.562564 7
24.60526 -27.329661 21.358154 7
25.22936 -26.845431 20.824804 16
25.56246 -25.979071 20.922144 1
24.84966 -25.338821 21.236904 12
23.95156 -25.504731 21.542034 1
23.36506 -25.939621 22.237444 12
22.93086 -26.351361 21.467874 10
22.79756 -27.095501 20.820574 1
21.87596 -27.187421 20.594804 3
21.99786 -27.034541 21.609564 1
22.46076 -27.299091 22.450104 7
23.24796 -27.480001 22.994514 7
22.95046 -26.782291 23.580033 10
23.83396 -26.610351 23.354034 7
24.37526 -25.735961 23.352634 12
24.24246 -26.110691 24.232339 11
23.65356 -25.633911 24.936642 15
22.74986 -25.311291 24.767225 16
22.33696 -25.934451 25.475941 1
22.24416 -26.890501 25.158445 4
22.99446 -27.324141 25.416607 12
23.75506 -27.196571 24.891276 9
23.32756 -27.762191 24.249467 1
23.19646 -28.321951 23.497294 7
22.59536 -29.084641 23.534107 12
23.05806 -29.421731 22.760504 7
23.37756 -30.270161 22.367124 15
24.34826 -30.047661 22.307484 10
24.88776 -29.211151 22.332874 7
25.51316 -28.901361 21.659574 7
26.23806 -29.408911 21.205194 5
26.12306 -30.179261 21.685594 1
26.80036 -30.954431 21.936374 1
27.02836 -31.909251 21.878674 1
26.05596 -32.139951 22.013264 4
25.12896 -32.501451 21.825184 7
24.76696 -33.366551 21.798384 7
24.13616 -33.981251 21.449294 15
23.75856 -34.376051 22.248484 1
22.95846 -34.706951 22.732584 1
22.24316 -34.355151 23.278354 1
21.82206 -34.129251 22.459634 7
21.24316 -34.894151 22.273654 1
21.39786 -34.542451 21.429864 1
21.05396 -33.679151 21.143904 1
20.79106 -32.760951 20.994864 10
21.31996 -32.023251 20.889124 10
21.79606 -32.412851 21.657894 7
22.71126 -32.411851 21.398694 12
22.35356 -31.646151 20.823054 10
22.91486 -31.178401 21.541094 15
22.33416 -31.686351 22.134964 10
22.37556 -31.006011 22.919034 12
23.05596 -31.323091 23.460554 12
24.00956 -31.481051 23.578232 7
24.04096 -32.149251 22.756814 11
24.23736 -31.265631 22.434184 15
24.99476 -30.932431 21.935324 15
25.36346 -30.235551 22.546634 12
25.26556 -29.568931 23.256464 7
25.04126 -29.358351 24.19793 11
25.09956 -28.569481 23.619795 7
24.86106 -28.241151 22.794664 7
25.34876 -27.773421 22.076074 7
26.16106 -28.131191 21.690474 16
26.60966 -27.893851 22.481564 7
26.80496 -27.577321 23.400904 13
26.33376 -28.407771 23.709554 7
27.08946 -28.646781 23.156674 13
26.93586 -29.393231 22.575894 16
26.40256 -29.821241 23.231524 7
27.23256 -30.049201 23.710431 9
26.82516 -29.779241 24.513798 16
27.78976 -29.712941 24.624647 9
27.66656 -28.928651 25.060662 13
26.72276 -28.653131 24.993724 7
26.08326 -28.476421 25.766334 6
25.74916 -28.446831 24.863152 11
24.83956 -28.471961 25.158649 15
24.26256 -28.514101 24.300999 7
23.51566 -29.066411 24.604262 1
23.61846 -29.685631 23.906727 7
23.09926 -30.503101 24.130009 12
23.17286 -30.490021 25.076804 1
22.25116 -30.264211 24.753197 12
21.71886 -30.177051 25.542894 16
22.20546 -29.346851 25.767294 16
21.43936 -28.990151 25.271633 10
20.76626 -29.355901 25.812794 4
20.19566 -29.188111 25.065318 14
20.03106 -29.410281 24.08227 7
19.16986 -29.558041 23.63128 7
19.07486 -28.612121 23.709697 7
19.59016 -27.957781 24.278012 12
19.15866 -27.060501 24.188165 11
19.49646 -26.723021 25.063738 11
18.82486 -26.638611 25.753754 11
18.83636 -25.732521 26.207354 7
19.38406 -25.054661 26.578964 4
19.49696 -24.911481 27.528154 1
20.17946 -24.575621 26.938324 4
20.09416 -23.979861 26.162184 12
19.39426 -23.637991 26.703134 7
19.54606 -23.138861 27.542144 1
20.25806 -22.458871 27.640474 5
20.35136 -21.590757 27.940994 15
21.00866 -20.88735 27.825464 9
20.78566 -20.129961 28.344374 16
19.77766 -20.4568 28.478044 7
19.15836 -20.853568 29.083524 16
18.88786 -21.115096 29.901814 15
19.05026 -20.769796 30.819864 1
19.32606 -21.711888 30.651874 14
19.72536 -21.980052 29.823024 7
20.12936 -22.844201 29.813114 10
21.06856 -23.218281 29.769944 10
20.64956 -23.916321 30.290034 16
21.43746 -23.662721 30.798704 15
20.94056 -23.144811 31.490864 7
21.32966 -23.038941 32.392014 1
22.15666 -22.881961 32.886204 10
22.89086 -22.521661 32.252534 13
23.34016 -23.312901 31.856954 7
24.03966 -23.012271 32.473674 10
24.85526 -23.473161 32.725014 13
24.41066 -23.885471 33.455504 1
25.05136 -24.428681 33.102304 12
26.03096 -24.686651 33.102724 7
26.17836 -24.207131 32.313064 16
26.26686 -24.789621 31.501524 12
26.08296 -25.554301 30.974044 1
26.40976 -26.369721 30.503664 7
26.92646 -26.838751 31.171064 1
27.81346 -26.655601 31.523524 1
28.58246 -27.181531 31.348504 12
29.47186 -27.328131 31.035494 7
29.61306 -26.379521 31.289144 7
29.28836 -25.669291 30.644394 7
28.62996 -25.729171 31.354044 15
29.25636 -25.011851 31.739754 7
29.27116 -24.194601 31.247204 6
30.14446 -24.328571 31.650214 7
30.83536 -23.679011 31.695744 15
30.75046 -23.411841 32.616714 7
30.95486 -23.035941 33.508224 9
31.79276 -23.352201 33.124584 15
32.17546 -22.836201 32.344444 7
32.88846 -23.104301 31.701544 15
33.46266 -23.459961 30.993124 4
33.49386 -23.763101 30.097134 11
34.23466 -24.123341 30.740034 16
35.03586 -23.887391 30.295614 1
34.55376 -24.514411 29.675434 11
34.67996 -23.710751 29.179154 1
33.95776 -23.572261 28.497104 11
34.16936 -22.629431 28.255734 7
34.68846 -22.593421 27.403674 10
34.61476 -21.931401 26.644764 9
35.25666 -21.570219 26.007734 12
34.75136 -21.202127 25.322254 16
33.89956 -21.270165 24.857004 13
33.73116 -21.8521 24.138592 12
34.63066 -22.003455 24.028624 7
34.43266 -22.068079 23.107494 11
33.93146 -22.877081 23.253484 16
33.04676 -22.826501 22.842474 7
32.11026 -23.265871 22.944284 4
31.47116 -22.544041 23.072464 16
30.54556 -22.869931 22.869544 10
30.73886 -21.822056 22.857574 7
29.75306 -21.809457 22.805164 12
29.64276 -21.260666 22.018574 14
30.10296 -21.565415 21.252054 5
29.51526 -22.270166 21.625124 7
29.12716 -22.708211 20.826824 7
29.68866 -23.282231 20.317634 1
29.77216 -24.198671 20.483524 16
29.28056 -24.926191 20.163404 16
28.34066 -24.728661 20.404154 12
27.54056 -24.802681 19.957024 16
27.92576 -25.659271 20.116414 10
28.66826 -26.250391 19.956144 12
28.71296 -27.190041 19.838084 15
29.55996 -27.248891 19.300104 1
29.75206 -27.543661 20.166634 10
30.17006 -27.200991 20.950394 1
29.77906 -27.504941 21.769914 7
29.14576 -28.273651 21.702394 1
28.19586 -28.102081 21.829724 1
27.65236 -27.541691 21.194554 1
27.75086 -26.600051 21.414304 16
26.87846 -26.386871 21.062874 15
26.34436 -26.514401 21.915804 1
25.51426 -26.771121 22.396774 7
25.61306 -26.261861 23.246334 1
24.85376 -26.854251 23.407644 7
25.06866 -27.518161 24.070665 7
25.31596 -26.866801 24.760068 12
26.16466 -26.350811 24.650941 16
26.26796 -26.872281 23.87875 7
26.49446 -27.576751 24.540639 13
27.29666 -27.043601 24.378647 13
28.17746 -27.458141 24.309453 13
28.96126 -27.747171 24.80884 12
28.40196 -27.240271 25.376257 15
28.68576 -27.870191 26.084074 7
29.42856 -27.198621 26.111374 5
30.31616 -27.429371 25.917454 15
30.88706 -27.289501 25.09801 7
31.43806 -27.315391 25.902544 8
31.20456 -26.477311 26.375384 12
31.15806 -25.516291 26.698164 1
31.93386 -25.850191 27.103254 7
32.50196 -25.699911 27.910694 11
32.91586 -26.561441 27.857824 12
32.35246 -26.473321 28.685324 11
31.86696 -26.794841 29.424994 7
32.29756 -27.231801 30.110564 12
31.68656 -26.861171 30.835984 7
32.05136 -26.070861 30.439394 7
32.47876 -25.682021 29.647814 11
32.53546 -24.881921 29.156764 11
32.68146 -23.893591 28.885234 16
32.35696 -24.424851 28.109924 9
31.60136 -23.891181 27.793214 1
30.79786 -24.401901 27.487404 1
30.71996 -24.859331 28.349874 7
30.01596 -24.360231 28.893334 7
29.43616 -23.727911 29.339564 4
30.06996 -23.243891 28.852284 7
29.64026 -22.393193 29.184574 16
28.72476 -22.911521 28.946374 9
28.35616 -22.413229 29.651514 5
28.90336 -22.150687 30.522274 14
28.41026 -21.940046 31.367614 7
27.42716 -21.951191 31.251324 16
26.57976 -22.39579 30.872614 7
26.53686 -23.432001 30.827364 10
27.34036 -23.787781 31.449194 15
27.00746 -22.938031 31.782664 16
26.73886 -22.342197 32.597014 16
26.61356 -23.148451 33.160614 7
26.28706 -22.646461 33.939374 1
27.01146 -22.072951 33.865564 12
27.94376 -21.930662 34.011234 7
28.28756 -22.790961 34.204114 1
28.28866 -22.797231 33.240534 11
28.59496 -23.056861 32.321864 1
29.43246 -22.631641 32.238154 1
29.60546 -22.367586 31.304404 12
30.02546 -22.923251 30.658194 15
30.60656 -22.722821 31.332294 15
31.23256 -22.363233 30.606644 15
31.63646 -21.430676 30.618144 7
32.33026 -20.797364 30.733144 10
32.93516 -20.426395 30.082494 7
33.31206 -19.596851 29.854254 16
32.94166 -18.695241 29.679924 16
33.59536 -17.986411 29.694094 12
34.09496 -18.220561 30.514294 7
34.57776 -19.080831 30.765774 1
34.43846 -19.903331 31.219684 13
35.11786 -20.60468 31.351444 12
35.28616 -21.297442 30.763924 6
36.01246 -21.571278 31.287994 11
36.50746 -22.469131 31.105624 7
35.69716 -22.957701 31.073684 12
35.19666 -22.342913 30.564594 7
35.01106 -22.397423 29.615524 16
34.16086 -22.767521 29.820444 13
33.72126 -22.279349 30.609624 7
33.35566 -21.93769 31.490664 11
32.42036 -22.200545 31.512674 15
32.58366 -21.795381 30.649564 9
32.69416 -22.218233 29.657054 8
32.42236 -21.243252 29.502504 16
31.48896 -21.260338 29.455034 7
31.06736 -22.137453 29.365974 12
31.56876 -22.881321 29.692234 15
32.18866 -22.987251 30.410744 15
32.18396 -23.880361 30.828304 15
32.83296 -24.525301 31.307644 11
32.72356 -25.483491 31.576924 7
33.01326 -25.744581 30.566384 11
32.68716 -26.409391 31.289904 7
33.08686 -26.958051 31.980074 4
32.25986 -26.630921 32.181704 7
31.48346 -26.018821 32.612724 7
31.26656 -25.982851 33.514224 1
31.71056 -25.246421 33.848834 1
32.40046 -25.472761 33.105314 1
32.46006 -26.362991 33.470754 16
31.78966 -27.023021 33.294724 1
30.84336 -27.090661 32.952914 7
30.17686 -27.140971 33.659564 1
29.76246 -26.863931 32.844014 7
28.89346 -26.656241 33.186054 1
28.17856 -27.103671 33.576214 7
28.81406 -27.711371 34.057494 11
28.41316 -28.334961 33.348894 1
28.93266 -27.756811 32.761114 1
29.67516 -28.033821 32.202694 7
29.67196 -28.873361 31.707414 5
30.47586 -29.217201 32.079614 12
30.34186 -29.394761 33.002664 15
29.69246 -28.823941 33.279414 14
30.38306 -28.134771 33.133134 11
30.95516 -27.968771 32.356024 7
30.96636 -28.003001 31.407694 7
31.78556 -28.507031 31.502584 12
32.27096 -27.704821 31.482724 7
32.79146 -28.380201 31.124764 12
33.67776 -28.179171 30.730434 15
34.36856 -28.483851 30.134134 16
35.24966 -28.300161 29.754834 16
34.77636 -27.538811 30.219324 16
34.16896 -26.928741 30.605564 1
33.55006 -27.392091 30.070794 16
32.97256 -27.499811 29.209774 11
32.27526 -28.276711 29.226104 12
31.52406 -27.786761 28.873974 15
31.15786 -28.224561 29.639584 12
30.49106 -27.415151 29.595884 7
29.51386 -27.326421 29.421274 7
28.75126 -27.450951 28.949664 11
28.60046 -27.836681 29.847534 1
28.09126 -28.379481 29.235474 1
27.97116 -29.068451 28.576084 13
28.39226 -29.810491 28.146844 12
28.98236 -29.093801 27.941154 16
29.61526 -29.846601 28.079274 1
29.69986 -29.882621 29.097554 8
30.20386 -30.373771 29.807654 13
31.01706 -30.765761 30.289074 8
31.04516 -29.800531 30.420984 12
31.02106 -28.873791 30.603424 12
30.07936 -29.032431 30.721284 5
29.53176 -29.331121 30.002224 9
29.43386 -28.366561 30.297704 15
30.16126 -27.804951 30.448734 7
30.69966 -27.210651 30.854724 7
30.68666 -26.323731 31.126454 7
30.63886 -26.082531 32.030874 7
29.73516 -25.786141 32.166854 12
29.77776 -25.572141 33.236094 16
29.95446 -24.964611 33.960714 1
30.09376 -24.292181 33.228504 1
30.67466 -24.982981 32.991264 11
31.29576 -24.415541 32.496684 1
31.03506 -24.970991 31.783874 7
31.55906 -24.276151 31.450864 15
31.90946 -24.916791 30.776144 11
31.12376 -25.455731 30.601774 7
31.20086 -25.058411 29.755084 11
30.72426 -24.116371 29.753594 15
30.13546 -23.968231 30.512984 15
29.70916 -24.822201 30.293214 7
30.25496 -25.599951 30.117604 7
30.16416 -26.106481 29.315654 7
30.82926 -26.344941 28.653564 11
31.06866 -26.289341 27.652794 7
30.62396 -27.193341 27.851364 16
30.84496 -27.689421 26.986204 16
30.74626 -28.659741 26.850554 1
31.09076 -29.563801 27.001394 1
31.56366 -29.015871 27.839924 10
31.81696 -29.585971 28.629644 1
30.99596 -29.755541 29.177554 12
31.42856 -30.585371 28.939434 16
31.23336 -31.609851 28.762174 16
31.78106 -31.881851 28.003664 1
32.60076 -31.535351 28.221494 14
33.13216 -32.283551 28.111164 1
33.76786 -32.543951 27.455684 1
34.33556 -32.655451 28.251734 7
34.01226 -31.785451 28.540114 16
33.68066 -32.171051 29.352214 15
32.79136 -32.190051 29.713814 15
32.60366 -31.965651 30.627294 15
32.47136 -31.050221 30.630214 1
33.30646 -30.524031 30.808884 12
33.94226 -30.570141 30.065654 15
33.71086 -29.670161 29.730994 16
33.59326 -28.696051 29.483624 16
32.82236 -28.864311 30.049104 12
32.82126 -29.322901 29.227114 1
32.67406 -29.940941 29.953174 12
32.88036 -30.485021 29.179014 1
33.61306 -30.082801 28.658614 5
34.54416 -30.228091 28.962864 16
34.86856 -30.709071 28.151094 1
34.64266 -30.032351 27.436384 7
34.16056 -29.230661 27.731984 13
34.16866 -28.628531 28.426784 16
33.73206 -27.855031 28.303084 16
33.37446 -28.446071 27.654894 11
33.95116 -27.963231 27.079054 16
34.73966 -28.591901 26.738984 11
35.34306 -27.837361 26.898024 16
34.66746 -27.091041 27.004424 16
33.83316 -27.059461 27.648224 8
33.61066 -26.756691 28.589614 11
34.51796 -26.957181 28.470384 16
35.30306 -27.455321 28.759124 16
35.23466 -28.428891 28.700714 16
35.26866 -29.233721 28.126174 1
35.66346 -28.735841 27.394814 11
35.95346 -28.045431 27.995504 16
36.89776 -27.935601 27.820524 1
36.38836 -27.296171 27.292844 16
36.21446 -26.823161 26.421494 1
36.91366 -26.073531 26.291454 1
36.15156 -25.671441 25.904834 1
35.20176 -25.425981 26.066984 1
35.13206 -26.032031 26.889164 7
34.60576 -26.136371 27.724794 16
34.04456 -26.205551 26.932524 1
33.45406 -25.512351 27.426994 1
33.42666 -24.845481 28.111284 11
34.15236 -25.071051 28.650444 11
34.97486 -25.141081 28.137004 15
35.59076 -25.825021 27.809264 16
36.47776 -25.371821 28.008094 12
36.72006 -26.007861 27.354454 15
36.37276 -26.598921 27.989814 16
36.18356 -27.142541 28.709074 16
37.02126 -27.530351 28.792524 16
37.56476 -26.893221 28.262384 12
38.47996 -26.983231 27.852024 11
39.05676 -27.407441 28.468224 7
38.60156 -26.852271 29.120204 5
38.08396 -26.104751 28.801314 12
37.13996 -26.068361 29.065964 5
36.23956 -26.163181 29.416324 16
36.98196 -26.629011 29.933894 1
36.82056 -27.590141 29.882124 16
36.18136 -28.073751 30.266944 16
36.29766 -27.198301 30.723964 16
35.81666 -27.065521 31.537044 1
35.70636 -26.993111 32.450384 7
34.90176 -26.785011 32.999474 16
34.08406 -27.300301 33.394934 1
33.63286 -26.706341 33.969814 15
33.91006 -26.204561 33.186004 15
34.49006 -25.555671 32.706114 16
35.24446 -25.056271 33.051834 13
35.24396 -24.241081 32.487804 1
34.99016 -24.092651 31.529054 16
35.80036 -24.483571 31.094324 1
36.04146 -25.294361 30.630824 15
35.83976 -26.157981 30.681954 11
35.13726 -26.180021 29.963194 16
34.61846 -26.817641 29.430464 16
34.19706 -25.987451 29.409124 11
33.64476 -25.357051 29.824364 11
34.13946 -25.489021 30.713944 16
34.63456 -26.057561 31.383854 1
33.93766 -26.271181 32.061664 1
34.14666 -27.202681 31.972654 16
33.86326 -28.043361 32.408884 12
34.35836 -28.543931 33.010624 11
33.42666 -28.740581 33.124974 16
32.46946 -28.968221 33.287474 12
31.99486 -29.483781 32.622164 11
32.57856 -29.388261 31.879614 12
32.38396 -30.189311 31.557644 12
32.37346 -31.172471 31.888024 16
31.82546 -31.702951 32.492074 5
32.13686 -32.242051 31.764244 15
31.42406 -32.863351 31.601234 1
32.05066 -33.589451 31.799794 8
32.28416 -34.535051 32.065734 5
32.73646 -34.932851 31.269404 16
32.60896 -35.646551 30.670734 8
32.69336 -34.851451 30.097644 8
33.46956 -34.553651 30.564064 1
34.06686 -35.124551 31.221084 1
34.47586 -34.280751 31.200564 7
33.88276 -33.528451 31.167664 15
34.58856 -33.076751 30.627494 15
35.54416 -33.205551 30.832424 13
35.63816 -32.234351 30.953514 1
36.44946 -32.555151 31.342584 1
36.95406 -31.740651 31.309324 1
37.15386 -30.746011 30.951864 14
36.26746 -30.691671 31.366454 1
36.44236 -29.793961 31.035834 1
35.55136 -29.458101 31.213194 16
34.81646 -29.379381 30.579154 16
34.86056 -30.351351 30.791304 1
34.12486 -29.930281 31.205554 12
34.39066 -29.686431 32.205064 7
33.60356 -29.107861 31.935434 12
34.45886 -28.758121 31.668344 16
35.23096 -29.074421 32.181014 9
35.56696 -28.105841 31.904714 16
36.45206 -27.795431 31.897674 8
36.40946 -28.494271 32.565024 7
36.88096 -28.962701 31.847964 15
36.23016 -28.680951 31.228574 16
36.98736 -28.155841 30.953764 5
36.90116 -29.100771 30.471224 16
37.58526 -29.593401 30.209354 1
37.85046 -29.065711 29.396824 11
37.14636 -28.718961 28.812154 16
36.65886 -29.220831 29.436464 16
35.74696 -29.272891 29.121914 16
35.29346 -29.852241 29.658494 16
35.37056 -30.694541 29.205744 5
36.02836 -31.208661 28.727404 7
35.97686 -31.854051 29.497584 1
35.01746 -32.004451 29.201474 12
34.53766 -32.178651 30.095514 15
34.33546 -32.174551 31.007414 15
33.40136 -32.126551 31.413514 15
33.74786 -31.319361 31.671124 11
34.01856 -30.879571 32.524384 12
34.08626 -31.429551 33.255214 1
33.22256 -31.369331 33.787554 16
32.76756 -31.806751 33.055124 1
32.60906 -32.737051 33.366214 16
32.13746 -32.848751 34.148344 1
31.23916 -33.048051 34.427724 11
30.45446 -33.459451 34.012114 16
29.80166 -33.887351 34.567974 16
30.10006 -34.761651 34.129904 7
30.93696 -35.106651 34.369294 16
31.06876 -36.061251 34.657374 12
32.01076 -35.809051 35.011374 1
31.68736 -36.425051 35.695774 7
30.83596 -36.112251 36.011974 5
31.04366 -36.484651 36.912274 16
30.76956 -37.462551 36.904774 1
30.07686 -37.275951 36.337274 16
30.29926 -37.119451 35.396874 1
29.99056 -36.220151 35.468674 1
29.75206 -35.340651 35.189274 16
30.10446 -34.995651 36.010874 16
29.18786 -35.024951 36.363574 11
28.95796 -34.648951 35.471574 1
