-22.662345 49.046396 2.817786 1
-22.124345 49.877796 3.011386 2
-21.570945 50.607196 2.513786 2
-21.051445 50.329896 1.710086 12
-20.310745 50.388396 2.249286 1
-20.270245 49.396396 2.069286 4
-20.107845 49.190896 2.981586 1
-19.240645 48.886396 2.819186 3
-18.557145 48.208596 2.716486 1
-17.704045 47.717096 2.774286 16
-16.790145 48.015496 2.513586 1
-15.949445 48.117096 2.894486 1
-14.949345 48.017996 2.970286 1
-14.769545 48.868896 2.530786 1
-14.228345 48.579896 1.749286 14
-13.606145 47.956296 1.199886 13
-13.457945 48.855196 0.861786 8
-13.161645 48.802496 1.787386 15
-12.261845 49.067896 1.811486 2
-12.752045 49.826796 2.094586 8
-13.004745 50.158196 2.986686 5
-12.245545 50.646396 3.302686 2
-11.589645 50.699296 2.655686 9
-10.699245 50.513096 2.232686 14
-11.198545 50.614296 1.440286 1
-10.256645 50.355796 1.365086 15
-9.954245 50.105196 0.433386 2
-9.270745 50.455596 0.982386 9
-8.971245 50.157396 1.833786 11
-8.103545 49.595896 1.849886 1
-7.448445 49.830996 2.497686 1
-6.653545 50.148196 2.939986 2
-6.268545 49.284996 3.213586 14
-6.670545 48.575396 3.716386 14
-7.229745 48.669096 4.490986 6
-6.485145 48.550696 5.190786 12
-6.070145 49.047296 4.460886 14
-5.440445 48.812696 5.144286 14
-4.989245 48.417296 6.033586 14
-4.799145 47.555896 6.562486 2
-4.868045 46.597996 6.540686 6
-5.008245 46.718796 7.478186 2
-5.701645 46.397796 6.980586 6
-5.447945 45.488496 6.742886 8
-5.093145 45.542896 7.590586 2
-4.218945 45.992996 7.324686 2
-3.497045 46.260096 6.708186 2
-2.770245 45.627496 6.602686 2
-2.003445 45.298296 6.155486 7
-2.003445 46.095196 5.733886 2
-1.110345 46.249696 5.548486 1
-0.625245 46.893296 6.093186 5
-1.408745 46.506196 6.506186 2
-1.676945 47.171296 5.843486 2
-0.954345 47.718996 5.388486 5
-0.563945 47.373096 4.557086 3
-0.470445 48.279796 4.315886 11
-1.188045 48.818996 4.768986 5
-2.040445 49.230196 4.688786 1
-2.781245 49.521896 4.119086 2
-3.340745 48.922996 4.694386 14
-3.181945 49.360996 5.533886 2
-3.357645 50.001296 6.293886 1
-4.145245 49.513096 6.323186 14
-4.024045 49.697796 7.273386 8
-3.612245 50.517996 7.590486 1
-3.725945 50.805296 8.514986 8
-3.265345 51.630796 8.103286 14
-2.633345 51.221796 7.465086 15
-3.051945 51.792596 6.793686 1
-2.674745 52.265296 6.066286 1
-3.593845 52.169296 5.739786 14
-4.297145 52.838096 6.085086 2
-4.985745 52.208696 5.818886 9
-5.036845 52.510996 6.741186 9
-5.417745 51.655796 6.660486 15
-6.019645 51.480496 7.381086 2
-5.889245 51.417496 8.317386 11
-6.516445 50.671296 8.380586 2
-6.196145 50.451196 7.528086 10
-6.243645 50.159796 6.613186 6
-5.397145 49.861496 6.364186 1
-4.936745 49.817996 5.475886 14
-4.157445 49.894796 4.929086 14
-4.689545 50.761696 4.634486 1
-5.009845 51.260996 3.836986 12
-4.384945 51.147296 3.139986 2
-4.321745 51.862496 2.498686 2
-3.837545 52.536296 3.128386 8
-3.436445 53.400096 2.869486 8
-2.759045 53.991796 3.261086 7
-2.357245 54.235996 4.125286 1
-1.730045 54.881896 3.739586 14
-1.893245 55.173096 4.642886 1
-1.392545 55.112496 5.440286 1
-1.102745 55.345196 6.299186 2
-1.651145 54.699096 6.954386 1
-0.826845 54.365696 7.357886 1
-1.002945 53.671196 8.012386 1
-0.761645 53.260796 7.179586 2
-0.863845 53.240496 6.211186 1
-1.099145 52.399596 5.811186 3
-1.563145 51.532896 5.886986 2
-2.179045 50.821696 5.640286 1
-1.780945 49.992996 5.675586 1
-1.021145 49.546496 6.005586 5
-0.109045 49.497696 6.264786 14
-0.715245 48.878796 6.769086 5
-1.392445 48.562896 7.404786 14
-1.000845 47.652096 7.145786 2
-0.631745 47.969696 6.318086 5
-1.619845 48.088296 6.394886 2
-2.561045 47.853796 6.085286 2
-3.132945 47.781896 5.224386 14
-2.976045 46.846096 5.331986 2
-3.957045 47.080696 5.188086 14
-4.560745 46.786796 4.465086 11
-4.886445 47.611496 3.993886 14
-4.839845 48.513596 4.258086 14
-4.114545 49.040096 3.981586 14
-3.548145 49.423396 3.293486 15
-3.965245 49.938196 2.605186 2
-3.450145 50.589496 3.185486 1
-2.766445 51.120596 3.428886 9
-3.370245 51.525096 2.842086 8
-3.451445 50.993496 2.084886 2
-2.701145 50.507596 1.731086 8
-3.319445 49.743996 1.656586 15
-4.097145 50.257896 1.314286 2
-4.986645 49.982996 1.538286 2
-4.912645 49.236896 0.896786 8
-4.375845 48.454596 0.732386 15
-5.135645 48.045696 1.055986 1
-4.829445 47.083996 1.203986 6
-5.624645 47.395596 1.721686 2
-5.143445 46.732096 2.270186 8
-5.199445 47.494296 2.815386 14
-6.057945 48.032096 2.509186 14
-6.762845 48.708696 2.511286 1
-6.377645 49.103196 1.724086 12
-6.482045 50.008196 1.256086 2
-6.659345 50.576596 0.495586 12
-5.767445 50.912696 0.373286 9
-5.228045 50.878096 1.229486 2
-5.240345 51.613996 1.889186 2
-4.755645 52.379296 1.585486 2
-3.873545 52.794596 1.750986 8
-3.152345 53.436296 1.635386 8
-3.030945 54.376996 1.399486 3
-2.464345 55.151696 1.526086 6
-2.724745 56.030796 1.645586 5
-3.059245 55.913396 0.752686 1
-3.851545 55.460796 0.514086 5
-4.035245 54.529496 0.645686 1
-4.738845 54.526896 0.015486 11
-5.194745 54.074896 0.710086 1
-5.070645 53.101396 0.871786 2
-5.719945 52.784396 1.632786 2
-6.679945 52.537896 1.408586 1
-6.511245 51.713196 0.862986 5
-6.253045 51.512396 1.809486 2
-6.545545 51.175896 2.714686 2
-5.919045 51.841696 3.089286 1
-5.482045 51.033596 2.949086 2
-5.598645 50.139796 3.364886 6
-5.082945 49.892096 2.611686 2
-4.838045 49.260396 3.250686 14
-5.102045 48.721896 2.507386 14
-4.460745 48.601696 1.783486 15
-4.309045 47.783196 2.190086 14
-3.367045 47.681296 1.959986 15
-3.488545 47.082996 2.696486 2
-3.791245 47.322796 3.560386 14
-3.336345 46.752596 4.192386 3
-2.766345 47.368396 3.822686 2
-3.229645 48.242396 3.581986 14
-2.598945 48.658296 3.059786 2
-1.867045 49.152896 2.592586 6
-2.454345 48.765096 1.977386 15
-2.016845 49.384196 1.348486 14
-1.060545 49.227996 1.753386 1
-1.110345 50.130896 1.285486 5
-1.643345 51.046296 1.469586 8
-1.244845 50.978996 0.616486 9
-1.841945 51.252296 -0.036414 2
-1.380845 52.055696 -0.093014 14
-2.173445 52.259196 0.501286 14
-2.431845 52.428996 1.423386 8
-3.222645 51.867296 1.522786 8
-3.424645 51.392196 0.668686 2
-3.825245 51.170196 -0.160114 1
-4.663445 51.316296 0.365286 2
-4.337545 52.155096 0.615386 2
-4.017345 52.799896 -0.042514 8
-4.796545 52.354796 -0.414914 9
-4.662545 51.697396 -1.162314 7
-5.316345 51.262396 -0.634014 3
-5.823845 51.985296 -0.335914 2
-5.981045 52.355996 -1.183114 14
-5.851045 52.459996 -2.192314 2
-4.947845 52.412796 -2.472214 4
-5.040745 53.283996 -2.936414 2
-4.419445 52.716796 -3.416414 3
-4.355945 52.587196 -4.384314 2
-5.149845 52.076296 -4.054314 1
-4.441345 51.581296 -3.657414 1
-4.729745 51.108996 -4.462514 2
-4.827645 51.782496 -5.193614 1
-3.948645 52.040196 -5.532414 2
-4.198245 52.434596 -6.387914 1
-3.606345 52.384296 -7.108814 1
-2.931345 52.422596 -6.438814 2
-1.979345 52.571296 -6.293214 2
-1.155245 52.410696 -6.712614 8
-1.135045 51.485096 -7.088014 3
-0.971145 51.203596 -8.023814 1
-0.199045 50.720996 -7.598214 10
0.375155 51.362596 -8.117414 2
1.181555 51.793596 -7.834014 6
1.201955 51.210996 -7.062714 12
1.958655 50.650396 -6.687214 14
2.233555 50.146796 -5.905714 2
2.640855 49.300496 -5.671014 6
3.107355 48.518096 -6.020614 8
3.277855 48.026796 -6.887114 14
2.518855 48.555996 -7.036914 14
1.606055 48.367296 -7.369714 2
1.154755 48.085096 -8.118414 14
0.775955 47.426296 -8.833414 8
0.165655 46.712296 -8.596014 7
0.344655 47.206196 -7.779914 2
-0.078045 47.385696 -6.838314 3
0.231655 47.086696 -5.975114 3
-0.141145 46.232096 -5.913814 1
0.484655 45.684496 -5.514114 2
0.357855 45.003296 -6.114314 8
-0.356845 45.244896 -6.762014 9
-1.161445 45.701996 -6.567914 1
-1.995745 45.871796 -6.099114 1
-2.214345 46.449796 -5.341714 1
-1.419745 45.995096 -5.044114 2
-1.982945 45.502696 -4.491814 14
-1.617245 44.725396 -4.090914 1
-1.887645 45.471296 -3.496114 5
-2.835245 45.227896 -3.362514 3
-2.923445 45.375896 -2.425014 15
-2.735445 44.482196 -2.123114 3
-2.992045 44.773696 -1.240414 2
-3.758145 44.213896 -1.039214 5
-4.698545 44.157596 -1.210914 2
-5.643745 44.416096 -0.899214 11
-6.417945 45.016196 -0.600514 2
-5.926445 45.317496 0.227186 12
-6.424945 45.529496 0.983786 2
-7.049445 46.134696 1.411686 8
-6.979245 45.739496 2.277686 2
-6.742945 46.182496 3.185186 1
-7.031445 47.122896 3.289786 2
-6.086845 47.299896 3.422186 14
-6.630145 47.097296 4.235086 14
-6.952845 46.224396 4.532486 3
-6.514545 45.561196 5.202086 1
-7.115545 46.037496 5.904286 1
-6.466045 46.598896 5.352386 1
-5.609445 47.046996 4.886186 14
-5.988545 47.697696 5.414586 14
-6.885745 47.531596 5.354186 4
-7.807445 47.250496 5.506686 1
-7.650145 47.510296 6.393486 2
-6.688245 47.696096 6.506186 1
-6.257345 47.215896 7.278686 2
-6.186845 46.708496 8.040086 9
-5.878345 47.453596 8.644286 9
-5.221945 46.815396 8.950486 2
-5.055945 46.049396 9.498086 2
-4.531445 46.340396 10.228186 2
-5.171045 45.786296 10.705186 6
-5.253845 46.720496 11.004486 9
-5.735445 47.167396 11.743986 9
-6.233545 47.831296 12.171286 6
-5.710745 47.996996 12.950586 6
-4.776145 48.080396 12.683486 9
-5.376545 48.709196 12.150086 2
-5.281545 48.545396 11.223786 9
-5.548445 49.447796 10.899886 2
-4.740345 49.959196 10.944586 6
-4.285245 49.663396 10.169986 8
-4.916045 49.013196 10.020886 3
-5.115945 48.803896 9.059086 14
-5.288145 49.251196 8.189986 14
-4.345945 49.078596 8.212786 8
-3.522145 48.827096 7.723486 2
-2.982745 49.534896 7.293486 6
-2.381945 49.367396 7.967286 8
-1.953445 50.114396 7.471886 3
-2.426345 50.384796 8.266286 8
-2.824845 50.107896 9.126186 8
-2.699845 49.193096 9.061486 8
-2.686845 48.341896 8.479386 2
-2.525645 48.185996 7.561686 2
-3.015345 47.639396 6.904186 2
-3.641545 47.219796 6.220986 2
-3.980945 48.006196 5.812786 14
-3.391545 48.673096 6.293686 3
-3.894945 48.203796 6.957286 2
-4.486745 48.018496 7.710286 2
-5.382745 48.181496 7.573486 12
-6.084945 48.821596 7.291186 3
-6.938245 49.209696 7.635586 1
-7.887545 48.909296 7.838186 2
-7.896445 48.930696 6.903786 10
-8.779945 49.121096 7.331386 3
-8.949045 50.039796 7.117886 12
-8.749345 50.092696 8.070986 2
-8.437545 50.884896 8.579586 3
-7.677945 50.643696 9.052186 8
-6.999245 51.137096 9.593986 2
-6.775345 50.714996 10.444786 1
-7.358645 50.091896 10.915586 8
-6.998645 49.192896 10.584186 1
-6.560045 48.902096 9.816786 1
-6.548545 47.967396 9.652886 2
-6.075345 47.206496 9.890486 1
-5.289345 47.765696 10.309786 14
-4.358945 47.386396 10.082586 2
-4.101245 48.130096 10.717786 9
-4.123945 49.037196 10.942486 8
-3.969245 48.551296 11.768686 9
-4.341545 49.418296 12.132586 1
-4.360645 49.866596 12.916386 3
-4.074245 50.734496 13.132686 3
-4.505245 50.743296 12.297686 3
-5.247445 50.724296 11.759586 6
-5.391945 51.405196 11.177686 7
-5.281545 51.310196 10.242186 1
-5.126845 50.846996 9.393586 6
-5.143245 50.593796 8.509286 1
-4.542945 50.001696 9.047886 1
-3.777745 49.404096 9.217686 8
-3.496945 48.475996 9.303686 6
-4.036145 47.835096 8.879786 2
-4.370645 47.136396 8.273186 2
-3.580845 46.572796 8.204586 2
-3.143445 47.103296 8.853186 2
-2.233045 46.911396 9.050186 14
-2.346945 47.272296 8.141786 2
-2.898045 46.771796 7.513086 2
-2.184145 46.153796 7.313386 2
-1.361245 46.178196 7.837786 14
-1.313145 47.183396 7.981186 2
-0.777545 47.818796 8.473186 12
-1.612945 48.268196 8.527386 3
-1.816345 48.654396 9.376386 8
-2.062445 47.765896 9.623686 14
-2.847145 47.810296 10.167086 14
-3.154345 48.352896 10.976286 9
-2.415245 48.857296 10.571486 8
-2.428745 49.673096 10.984686 8
-2.852545 49.241796 11.723986 9
-3.119745 49.122296 12.691286 3
-2.209645 48.901896 12.602386 9
-2.361445 49.387496 13.400186 3
-2.403845 50.056996 12.726886 3
-1.601245 50.346396 12.081986 2
-1.437145 49.394196 11.990786 1
-1.310745 49.660696 11.055386 2
-0.468745 49.735996 11.502886 1
-0.144245 50.145296 10.670786 2
0.313455 51.058496 10.573986 1
0.768355 51.132296 9.759486 9
0.198355 51.543496 9.109486 2
-0.067045 52.422796 9.431686 1
0.384655 53.265796 9.182586 2
-0.568745 53.053396 8.785186 10
-0.730845 52.301696 8.086786 1
-1.263545 51.725096 8.597986 2
-1.019745 51.356796 9.498586 3
-1.835045 50.746796 9.559486 8
-1.117445 50.378896 10.172486 2
-0.861445 49.544996 9.646786 8
-0.283345 48.809996 9.788286 12
0.646355 48.876196 9.700386 6
1.193255 49.542196 10.085486 6
1.509555 48.720896 10.407386 6
1.345455 47.972296 11.093686 2
0.448355 47.540596 11.093086 14
-0.092145 46.789896 10.653786 2
0.703655 46.351396 11.086886 3
0.452155 45.553696 11.603886 8
1.043555 45.343396 10.824386 6
0.129755 45.162896 10.449286 14
-0.428345 44.367496 10.634186 1
-1.148945 44.848296 11.081786 3
-1.784945 45.494396 11.540786 3
-1.921045 45.865496 10.656986 14
-1.511945 45.577796 9.807686 1
-1.694645 45.689696 8.886086 2
-2.175545 45.267896 8.081186 2
-1.623445 44.560796 7.598886 1
-2.551645 44.406796 7.582786 1
-3.225845 44.682896 8.180086 2
-4.061545 45.170096 8.007486 2
-4.636645 44.530596 7.569286 12
-5.036245 43.996496 8.292286 4
-4.853845 43.956196 9.276186 8
-4.861445 44.920596 9.629686 6
-4.150445 45.572996 9.437386 2
-3.518545 45.753396 8.744886 2
-3.010745 46.205996 9.438286 2
-3.502245 46.510296 10.135286 2
-3.118045 46.772796 11.006486 14
-3.216845 46.495896 11.959386 9
-3.289645 47.239996 12.546686 9
-2.548845 47.192896 11.943386 9
-2.184545 47.514896 11.094986 14
-1.336345 47.617196 10.747486 1
-1.172145 47.295096 11.658686 6
-1.049645 46.502496 12.321686 3
-1.571645 47.222696 12.581386 9
-0.785145 47.788396 12.749386 2
0.068755 47.614996 12.215186 3
0.074855 48.557496 11.977086 1
-0.153045 49.270396 12.677086 10
-0.086345 50.171696 12.312986 1
-0.482345 51.194596 12.180786 2
-1.220445 51.628296 11.857786 2
-1.486045 51.744096 10.907986 2
-2.258445 51.532696 11.482086 8
-2.840245 51.074996 12.067286 3
-3.651245 50.936396 11.554186 3
-3.278545 50.366796 10.865686 8
-2.744245 50.542496 10.115086 8
-1.935845 50.776796 10.573686 2
-2.445645 51.468896 10.074886 2
-3.425145 51.490696 9.983186 8
-4.254445 51.949596 10.080086 3
-4.775245 52.609896 9.529986 6
-4.373345 53.429596 9.735786 14
-3.544745 53.558796 9.283286 2
-2.882645 53.128196 8.669886 4
-2.741545 52.363196 9.266186 8
-3.081445 52.732296 10.098286 2
-2.944945 52.645796 11.063086 6
-3.096545 52.181096 11.880386 3
-2.840145 51.981896 12.797086 3
-2.514845 52.732996 13.396186 14
-2.427845 53.633296 13.626586 2
-1.779645 54.127296 14.240786 7
-1.984845 54.967596 13.837986 14
-1.993445 55.190696 12.882986 3
-2.707545 54.449896 13.033086 6
-2.862345 54.589496 12.096886 1
-3.673545 55.210296 12.027486 13
-4.382645 54.599196 12.019986 2
-4.384145 53.595296 12.117286 10
-3.963245 52.750396 11.961986 2
-4.260045 52.552196 12.813786 3
-5.069245 52.182896 12.430886 2
-4.735545 51.625096 13.110586 3
-4.570545 51.184996 13.952486 3
-5.137745 51.999196 14.121386 7
-5.957645 52.100596 13.569586 5
-6.124845 51.269196 13.108986 3
-6.320745 52.071196 12.548486 1
-7.158145 51.572196 12.358886 5
-8.089445 51.378696 12.614686 3
-8.621245 52.181496 12.503186 1
-9.203045 52.947496 12.721886 3
-9.131645 53.835696 13.277386 9
-8.866445 53.036096 13.815286 10
-9.379645 52.827796 14.613286 8
-9.009945 52.231596 15.240186 9
-9.780645 52.257796 15.886186 9
-9.488545 52.349496 16.786486 1
-8.505545 52.499696 16.930286 1
-7.596745 52.194996 17.166386 8
-7.245745 51.818496 17.973986 3
-7.363145 51.354896 18.780086 3
-7.971545 51.554096 19.438786 1
-8.228645 51.139896 20.244186 14
-8.335445 50.496496 19.395986 12
-9.235645 50.333196 19.700986 9
-9.489945 51.268096 19.917286 5
-10.259645 50.813996 20.284086 4
-10.179945 50.310296 21.057686 2
-10.952345 49.960496 21.568986 3
-11.134545 50.829996 21.992786 1
-11.348945 50.163296 22.707186 3
-10.910445 49.891596 23.496986 2
-11.031045 49.646296 24.400586 3
-11.865245 49.156996 24.650386 9
-11.900345 48.466896 25.252086 10
-11.236845 48.966596 25.764486 14
-11.837745 48.464996 26.356086 3
-11.181545 47.922596 26.746186 13
-10.680545 47.401296 27.423686 3
-11.231945 48.067396 27.829286 2
-10.813345 47.826196 28.653686 3
-11.493945 48.468196 28.937686 3
-11.383645 49.325296 29.482486 7
-10.399045 49.247496 29.488586 6
-9.500845 48.829096 29.208786 1
-9.250845 48.920596 28.314086 2
-8.943945 48.505096 27.445386 1
-8.170445 48.276496 27.018486 10
-8.475845 47.403796 26.853086 1
-7.794745 46.745196 26.729886 8
-8.232045 46.907696 25.888786 1
-7.511345 47.460396 25.623086 10
-6.979345 48.246096 25.306286 3
-6.793945 49.250296 25.353986 4
-5.948745 48.968996 25.014886 9
-5.990045 48.614296 24.113086 13
-6.653745 49.363096 24.277486 3
-7.459645 49.502296 23.760486 6
-7.143145 50.385496 23.672486 9
-7.783245 50.690796 23.052486 6
-7.506945 51.301496 22.416286 8
-7.015145 50.713396 21.849586 6
-7.445345 49.957796 22.254486 3
-7.659345 49.308396 21.538286 3
-6.972145 48.823696 22.076486 12
-6.555345 48.661696 21.230286 3
-6.138145 48.847296 20.379286 9
-5.570345 48.149196 20.735486 6
-5.069245 48.852596 21.122086 5
-4.452945 49.029196 21.805586 3
-3.783945 48.992696 21.088986 9
-3.845545 48.654996 20.172186 5
-2.987745 49.084396 20.270986 9
-2.775345 48.211096 19.871286 8
-2.475645 47.920496 19.017686 10
-1.539545 47.936296 19.343886 3
-1.167145 47.500796 18.510586 3
-0.939445 48.019896 17.728486 10
-0.196745 48.591396 17.524586 14
0.428855 48.359796 16.844586 5
0.264155 47.532696 17.277286 5
0.724955 46.660696 17.613286 14
1.138655 47.286096 18.196986 3
0.800555 47.977196 18.823486 1
1.563855 48.576196 18.947886 1
1.043155 49.237896 18.592386 3
0.804755 50.144696 18.577186 9
0.830955 51.051396 18.911886 4
0.442355 51.626796 18.300886 4
0.159755 51.816196 19.244286 1
0.087455 52.563596 19.812986 1
-0.628745 53.113996 20.178186 3
-0.436345 52.854196 21.017086 3
-0.518445 52.217496 21.684386 3
-0.287845 51.262996 21.871386 1
-1.269845 51.379796 21.909386 9
-1.755445 51.909296 22.470886 1
-2.558245 51.390096 22.631886 1
-3.079745 52.200596 22.654986 10
-2.699545 52.851596 22.019686 6
-3.153445 53.608496 21.714186 15
-3.705545 53.591896 20.913886 6
-4.508945 54.231396 20.623986 3
-4.723245 53.345796 20.202386 6
-5.058745 52.543096 19.753186 3
-4.840845 52.318696 20.659386 6
-5.611345 51.799396 20.381286 3
-6.385445 52.117896 20.827986 11
-6.416545 52.779396 20.019986 13
-6.427645 52.243296 19.276086 3
-6.504845 51.427096 19.777786 3
-6.093845 50.662296 19.355886 3
-6.083645 49.759296 18.989786 13
-6.442045 49.030596 18.433086 9
-6.594045 49.516696 17.645786 12
-6.264945 50.454996 17.774186 3
-5.613545 49.790596 17.952486 5
-5.342345 48.950196 18.403686 4
-4.481745 48.714196 17.901786 9
-4.502145 49.744296 17.887686 3
-4.078945 50.474596 17.432286 3
-3.189445 50.290296 17.004286 4
-2.301245 49.916596 16.857586 9
-2.590845 49.547196 17.669886 3
-1.636845 49.402696 17.625586 1
-1.326545 49.573996 16.704786 8
-0.936545 48.672196 16.522886 5
-1.540245 47.985296 16.872986 8
-1.289745 47.125896 17.154886 6
-0.736945 46.587096 16.597386 6
0.217955 46.686096 16.474886 5
0.421455 45.719696 16.402386 1
0.605455 45.010096 15.740386 3
1.202055 45.807596 15.793986 1
1.064455 46.727096 15.478286 5
1.138555 46.220596 14.624586 10
0.752055 45.704396 13.950986 2
0.653255 45.613796 13.010486 5
-0.248145 45.695296 12.626886 3
-0.504245 45.081096 11.898886 3
-0.596545 44.582396 12.742186 3
0.075855 44.151996 12.198786 1
-0.277345 43.280196 12.320086 1
-0.859145 43.765796 11.714286 3
-1.563045 43.357496 12.168286 3
-1.347845 42.419796 12.444986 10
-1.868645 41.720396 12.823786 9
-2.740345 41.863596 12.547486 9
-2.740245 42.865096 12.419086 3
-2.471045 42.951396 11.494486 14
-2.356945 43.905896 11.709586 3
-2.187945 44.671096 11.108686 3
-3.045445 45.071096 11.061286 13
-3.713445 45.767096 11.020986 3
-4.191245 46.580796 11.316486 9
-4.177345 46.919896 12.226686 9
-5.073045 47.082096 12.569186 13
-4.760145 46.341696 13.095286 9
-5.657345 45.967096 13.040386 6
-6.175445 46.047396 12.185086 9
-6.728145 46.816396 12.366486 8
-7.459745 47.339796 12.048986 1
-7.797645 48.087096 11.495486 3
-8.705145 48.217696 11.261586 1
-8.880645 48.761796 10.460386 4
-9.739345 48.924996 10.931686 6
-10.633045 48.951296 11.228986 9
-11.284545 49.325396 11.846086 3
-10.440945 48.972996 12.284386 1
-11.223545 48.625096 12.669186 1
-10.756145 48.173396 13.417586 3
-10.388145 48.403696 14.322886 4
-10.123245 49.266896 14.137486 1
-9.439245 49.914496 14.144886 11
-8.730845 49.973696 14.882286 5
-8.566545 50.814196 14.519886 8
-7.685845 50.922796 14.069386 3
-7.129045 50.672196 13.328786 5
-6.292045 50.280996 13.425986 3
-6.992245 49.519596 13.399686 3
-6.790345 48.859896 14.006086 6
-7.062745 49.537796 14.531286 10
-7.072245 48.885796 15.233086 5
-7.423445 47.947996 15.270586 9
-7.850045 47.930096 14.368186 3
-8.620045 47.479896 14.599486 5
-8.299645 46.604596 14.860586 3
-8.729945 47.114396 15.656286 1
-7.840245 46.762496 15.935386 9
-7.812345 46.809296 16.900686 1
-8.147945 47.738996 16.969086 15
-7.317845 47.875496 16.380086 8
-6.725545 48.713996 16.455586 3
-6.458445 49.594896 16.471686 4
-5.828145 49.887296 15.771686 12
-5.695745 50.676896 16.397386 3
-5.952445 51.515196 16.034486 1
-5.430445 51.589596 16.884586 3
-6.026545 52.031596 17.569386 3
-6.305445 52.902896 17.457086 10
-6.255745 53.083696 18.483786 14
-5.585045 52.381596 18.478286 3
-4.645345 52.110796 18.551586 3
-4.073445 52.458696 19.270086 6
-4.299945 51.488096 19.373186 3
-3.995645 51.235496 20.218786 13
-3.097445 51.037196 20.575786 9
-2.935245 51.854996 20.193586 6
-2.188145 51.943896 20.820286 9
-2.161845 52.748296 20.233086 6
-2.102345 53.704396 19.874886 3
-2.990045 53.454096 20.116986 6
-3.849245 53.552596 19.637586 6
-3.392245 54.380396 19.549086 5
-3.529345 54.705496 18.654486 9
-4.176745 54.055496 18.278486 4
-4.865445 53.489696 17.788386 3
-4.897845 53.428196 16.854786 3
-5.285845 54.227196 16.444186 13
-5.551045 53.717196 15.631786 3
-5.132145 54.555996 15.336386 5
-5.257145 55.446196 15.095086 3
-5.254145 55.920596 15.960786 10
-5.753945 56.333996 16.741686 1
-5.318045 56.588996 17.495586 1
-6.201145 56.292896 17.825486 1
-6.735345 55.542896 17.812886 1
-6.455045 55.548296 18.699086 3
-6.248645 54.637496 18.889886 9
-6.073845 54.433596 17.977186 1
-7.024445 54.211596 18.303786 3
-7.823845 54.270496 17.714786 9
-7.535945 53.728396 16.955886 5
-7.015345 53.096396 16.488786 8
-6.033045 53.040896 16.420186 8
-5.212345 52.467196 16.387286 4
-4.497445 51.920596 16.636786 3
-4.552645 51.370396 17.472586 3
-5.250645 51.482596 18.083786 3
-5.463845 50.645796 18.538686 3
-4.977345 50.624796 19.369786 3
-5.153645 50.350596 20.247686 8
-4.610445 49.682296 20.847686 9
-4.705445 50.154696 21.703886 4
-4.823745 51.086796 21.937286 5
-4.506845 52.010696 21.997986 15
-4.122045 52.555796 21.377786 6
-3.686845 51.724796 21.055586 6
-3.348345 50.847296 21.503686 9
-2.841945 50.001196 21.640686 9
-2.854345 50.028596 22.632386 3
-3.327945 49.302496 22.943286 13
-2.989045 48.865796 22.047486 1
-2.102645 49.255896 21.757786 3
-1.612045 49.942396 21.318886 9
-1.209945 49.296196 20.823186 4
-0.949145 48.351696 21.152286 3
-0.265145 48.891096 20.674686 13
-0.006045 49.854396 20.604886 3
0.184155 50.260796 19.727086 5
-0.644545 50.658596 19.931986 14
-1.473445 50.631796 20.474986 9
-2.170745 51.178396 20.190486 9
-1.537545 51.592996 19.558086 10
-2.068745 52.087696 18.884386 6
-2.210345 52.287496 17.966386 10
-2.803945 51.772896 17.410686 3
-3.396845 51.315796 18.007886 3
-3.250645 52.164096 18.345386 6
-3.582945 53.033696 18.533786 6
-3.724545 53.275396 17.559286 1
-3.779045 52.376596 17.104086 3
-3.004645 52.676196 16.577286 6
-2.976745 51.856696 16.049386 3
-2.642545 51.020096 16.261986 3
-1.781245 51.238996 16.415786 1
-1.021245 51.787296 16.428886 1
-0.960745 51.069696 17.146186 15
-0.676045 50.797396 16.304186 3
0.086855 50.333796 15.915086 5
0.786555 50.228896 16.621586 6
1.151255 49.590096 16.046086 5
0.966755 49.262896 16.911286 5
0.410955 49.756596 17.599586 6
-0.544645 49.760696 17.674486 11
-0.699245 49.704896 18.642086 3
-1.379345 49.177296 19.132186 8
-2.033545 49.382596 19.751786 9
-2.219845 50.185196 19.277086 3
-3.078145 50.024796 19.674386 9
-3.163045 49.389196 18.977286 13
-3.444945 50.191696 18.540686 3
-3.645545 49.361896 17.996086 10
-3.948045 49.198296 17.080286 4
-4.671145 49.790596 16.808986 3
-4.489445 49.312696 15.993886 8
-4.756345 50.167396 15.681886 3
-4.989345 51.131396 15.541186 3
-5.713845 51.155996 14.922586 1
-5.123145 50.532296 14.420986 3
-5.526545 49.718996 14.652886 9
-5.152845 49.649296 13.773686 3
-4.895545 48.669296 13.878286 1
-5.133945 47.657996 13.868886 9
-5.590045 47.187196 14.615486 1
-6.511745 47.041096 14.384586 4
-6.794645 46.592096 15.220286 1
-6.189845 46.651696 16.036586 1
-5.385745 46.257496 15.604586 3
-4.736045 46.570196 14.913686 5
-4.360645 46.362096 14.048686 9
-3.748745 46.066596 14.722486 6
-3.339245 45.320996 14.230586 3
-2.848445 45.572296 13.417086 9
-1.862645 45.704696 13.587386 3
-1.184445 46.437596 13.521286 10
-1.741345 47.202496 13.521386 9
-1.796445 47.637696 14.358586 6
-1.611345 48.302296 13.726886 9
-0.682645 48.164596 13.905686 3
-0.517745 48.994896 14.346486 5
-0.987545 49.156796 13.569986 15
-1.324845 50.090296 13.587186 3
-0.729345 50.767496 13.985486 10
-0.597045 50.040396 14.515886 5
-1.086345 50.616096 15.136786 1
-2.022645 50.418796 15.057486 3
-1.710345 50.176196 15.897886 13
-0.812545 49.728696 15.727386 5
-1.427045 49.328696 15.072686 6
-2.037245 49.509396 14.364786 3
-2.715845 49.512896 15.034386 6
-3.204745 50.211296 14.658686 3
-3.447645 50.894196 14.011186 3
-3.006245 51.020496 13.173486 3
-2.101945 51.318296 13.157786 6
-1.384945 51.945196 13.280386 13
-0.482645 52.063696 13.115986 1
0.309255 51.630996 12.694686 14
0.860655 51.250696 13.410986 4
0.417855 51.258496 14.333586 4
0.826155 51.689696 15.065986 4
-0.086045 52.034596 15.148186 9
-1.031645 52.025696 15.067286 11
-1.733245 52.283996 14.312986 8
-1.928545 51.328196 14.580786 3
-2.801045 51.523096 14.226686 3
-3.640645 51.704196 14.592986 3
-3.416545 52.544096 14.926886 12
-3.965245 52.373396 15.755486 6
-3.923045 51.376296 15.782286 3
-3.702745 50.532296 16.023886 3
-3.523245 49.631196 16.018486 13
-4.011645 49.629196 15.146986 3
-4.457345 48.745396 15.075386 4
-5.035345 47.985696 15.052086 10
-4.327345 47.502096 14.564086 1
-3.993945 47.124996 15.383086 1
-3.257745 47.757996 15.354286 6
-3.350645 48.641496 15.044886 1
-3.926545 49.025696 13.366486 3
-3.390945 48.140796 13.200486 9
-2.769745 48.314196 13.978286 1
-2.865045 47.485696 14.374786 6
-3.058745 47.210596 13.529786 9
-2.946945 46.404396 13.919286 9
-2.182045 46.601596 14.522586 6
-2.317145 45.663096 14.583486 3
-2.344945 44.776796 15.001586 3
-3.077345 44.569396 15.651486 8
-2.907945 44.152096 16.575786 5
-3.569545 43.418296 16.552186 10
-4.446545 43.540696 16.369186 15
-4.144845 43.922196 15.437386 5
-4.581445 43.612596 14.640686 8
-4.572345 42.655396 14.757786 3
-3.732945 42.195696 14.665786 13
-2.974545 42.630496 14.383386 1
-2.769345 42.935996 13.461286 3
-3.633445 42.906896 13.088186 1
-4.104045 43.197296 12.259586 9
-5.004845 43.042196 12.485586 5
-4.914345 43.465096 13.357186 13
-4.055445 43.710796 13.721686 13
-3.359445 44.441896 13.334586 3
-3.917745 45.210296 13.115486 9
-4.623245 45.082996 13.725886 6
-5.353545 44.683996 13.253886 11
-5.040245 45.274696 12.574986 9
-4.905245 45.113796 11.676886 9
-4.864045 44.152596 11.901886 3
-3.961545 44.622596 11.858886 10
-3.117745 44.569796 12.291486 3
-3.062045 45.547396 12.398086 9
-2.330845 44.951396 12.742086 3
-1.635545 44.513996 13.196986 3
-1.213945 43.726096 13.478586 13
-2.068545 43.680996 13.934286 3
-1.495445 44.324396 14.424786 3
-0.931645 45.186496 14.319786 8
-0.637045 45.995196 14.734286 15
-0.990945 46.850596 15.035986 6
-0.054645 46.886296 14.831486 3
0.135155 47.559296 15.403186 5
0.435755 48.400896 15.688986 5
-0.467845 48.507596 15.541886 5
-1.312445 48.108296 15.264986 6
-1.879645 48.313896 15.952786 6
-2.712445 47.765596 16.288686 4
-2.426645 46.839296 16.324686 6
-1.936345 46.306596 15.677286 6
-1.274645 45.597996 15.606886 3
-1.547845 45.614296 16.562486 10
-1.168845 45.550596 17.490186 1
-1.062345 46.025696 18.298086 3
-0.789545 45.203096 18.576986 1
-0.669945 44.326096 18.914186 3
-0.363645 44.036896 18.010186 1
-0.091745 44.119996 17.035486 1
0.772155 43.949496 16.636286 1
1.031755 43.293896 17.237186 3
1.923055 43.299996 16.984186 3
2.880555 43.020296 17.106586 1
3.246755 43.598496 16.413286 4
4.169355 43.667896 16.586386 3
4.382755 43.936196 17.550686 10
3.853955 44.168796 18.394786 1
4.507055 44.934296 18.610386 4
5.092055 45.695496 18.624286 9
5.881355 45.213296 18.884886 14
6.692555 45.685396 18.672586 9
7.596055 45.691896 18.206186 3
7.550655 46.580996 18.584986 3
8.054955 46.912096 19.399686 5
8.004655 47.906996 19.402286 9
8.653255 48.082996 18.656486 10
9.263355 48.338196 19.367386 4
9.786355 48.810296 18.659286 3
8.967355 49.322996 18.324586 11
9.102755 50.023896 17.710786 12
8.866155 50.948796 17.636186 6
8.170355 50.991696 18.285886 5
7.358755 50.771596 17.815986 3
7.297555 50.896696 16.786486 13
7.009055 50.942696 15.814386 6
6.610055 50.035896 16.015986 9
5.755055 49.842496 15.555286 10
5.556355 48.839196 15.714586 13
4.608555 48.946596 16.086886 4
4.630155 49.308796 15.186686 10
4.602855 49.920996 15.920986 8
4.162755 50.509196 15.300086 10
5.097355 50.976596 15.320186 10
5.514155 51.726296 15.697486 1
6.359255 51.655896 15.283186 6
6.997655 52.238896 15.678586 4
7.565555 51.913696 16.357886 13
7.560255 52.838096 16.467886 13
8.602555 53.003096 16.564686 10
9.242455 52.619396 15.939686 3
9.679955 51.793296 15.754886 1
9.323055 50.957296 16.162886 13
10.085455 50.331496 15.856786 5
10.471955 50.974296 15.243586 4
11.217955 50.405796 15.527486 6
11.389355 50.297596 14.553186 13
10.578855 50.118896 14.155386 1
9.882255 49.893696 13.560286 5
9.112355 49.297496 13.667586 3
8.922555 48.523396 13.165286 4
7.965855 48.435696 13.405186 4
7.334355 48.815196 12.811586 4
7.029955 48.244996 12.155686 4
7.570455 47.877696 11.490086 4
8.090055 48.519096 11.054186 4
8.039355 48.705996 10.139186 8
7.709055 48.614196 9.264186 11
7.873355 48.620096 8.385686 11
8.274755 48.136196 7.645786 10
8.563855 48.555896 6.826386 10
8.722255 47.987896 6.104286 10
9.274955 47.771996 6.873986 6
9.756155 48.259296 7.570086 9
10.236055 47.426496 7.803986 11
9.858655 46.682896 7.254386 4
9.429355 46.727296 6.310886 3
8.402655 46.748796 6.343186 10
8.170555 45.993096 6.871186 13
8.237155 46.778596 7.410986 10
8.646155 46.085996 7.907186 1
8.965055 45.906796 8.837686 13
9.649855 46.272196 9.411986 1
9.564455 45.410096 9.817186 6
9.913655 44.396296 9.869686 5
10.171755 44.287096 10.793986 4
10.300655 43.306496 10.880186 5
9.363555 43.512896 10.740586 3
8.715655 42.889996 10.414686 6
9.468555 42.644896 9.796386 10
9.876955 42.119296 10.472686 10
10.290355 41.838796 11.279586 1
9.736355 41.746596 12.072586 13
9.404955 42.370596 12.766886 4
9.527455 43.236396 13.190086 6
10.175855 43.941196 13.187286 1
9.537155 44.436596 12.670286 15
8.766455 45.126096 12.476286 1
8.278555 45.491096 11.719386 9
7.702955 45.125996 12.400186 8
7.301155 45.967196 12.347786 4
6.642555 45.813596 13.066286 3
7.102855 46.721196 13.247686 4
7.043555 46.718996 14.206586 13
7.661755 47.440296 14.102286 4
8.117455 48.157996 14.646186 10
8.136355 49.086096 14.223186 12
8.011055 49.652896 13.449686 9
8.415755 49.421496 12.602286 4
9.370255 49.309796 12.567586 3
8.690455 49.243296 11.719286 4
9.081155 49.171496 10.820986 13
8.521955 49.739796 10.304186 5
8.368355 50.269296 9.490486 11
8.490455 50.900496 10.207186 10
8.944655 51.764096 10.488086 4
9.770155 51.998496 10.041886 3
9.435655 52.955896 10.224686 13
9.007055 53.762196 10.397586 15
8.135855 53.844896 9.971286 10
8.432055 54.436996 9.314686 2
8.653355 54.931496 8.490886 1
9.564155 54.714696 8.205086 13
10.405155 54.645496 8.766986 4
10.232555 55.348796 9.404186 1
10.725855 56.174096 9.763586 10
10.045055 56.543196 10.350686 3
9.221655 56.541896 9.813786 10
9.240255 56.485796 8.896386 1
9.792955 57.248796 9.120686 6
10.752755 57.486996 9.106186 1
11.599055 57.048896 8.923786 9
12.450455 56.730196 9.319486 6
12.836255 57.597296 9.497886 1
13.501365 58.329696 9.658786 1
14.291835 58.543496 9.122086 4
14.965615 58.516196 8.441986 10
15.761025 58.186896 7.976386 1
16.767075 58.317096 7.922386 4
17.361145 57.604896 8.323386 5
17.509875 57.530496 9.325686 10
16.967895 56.777396 9.138186 11
16.720895 55.895896 8.758286 5
15.778555 55.911596 8.963786 3
15.969775 55.891196 9.933586 8
15.543225 55.036896 9.889286 10
15.301445 54.588196 9.012686 13
15.538035 53.731796 9.376186 10
15.306915 53.438896 10.196086 13
14.656075 53.389996 10.846886 4
14.525595 52.422196 10.982086 1
13.774085 52.481996 10.387586 8
13.129955 51.733996 10.263286 13
13.188555 51.175696 9.484486 4
12.213055 51.055096 9.418786 10
12.429455 50.872296 10.333086 3
11.710555 51.609296 10.441886 15
10.786655 51.562696 10.645286 13
10.507555 52.387996 10.871586 4
9.733555 51.949396 11.185786 9
9.406055 51.018096 11.095886 5
9.079155 51.336296 11.993086 11
9.164955 51.639696 12.978986 4
8.250755 51.964396 13.007386 1
7.367155 52.290996 13.172486 4
7.202555 51.952696 14.124486 6
7.799555 51.161696 13.915386 6
8.172455 50.344296 14.369586 11
8.090055 51.068996 15.062986 13
7.509055 50.181696 15.148486 6
8.293155 49.893196 15.601386 13
8.030655 48.953796 15.607586 3
7.862155 48.099596 16.057786 10
8.026455 47.422296 15.384686 13
8.342055 46.533596 15.308886 1
8.055255 46.359196 14.380286 10
8.211455 46.705696 13.429086 8
7.934155 47.485196 12.875786 4
8.375855 47.254496 12.060586 4
9.249755 47.482996 12.434186 9
10.183055 47.275596 12.327286 10
10.182955 47.841896 11.589486 12
10.039455 47.969896 10.680186 5
10.658955 47.345496 10.257586 3
10.905355 48.221396 9.962486 3
11.561255 48.861696 9.474686 10
11.435955 49.064096 8.516386 10
12.368355 49.133596 8.379086 15
11.844155 49.751096 7.794886 1
11.726055 49.337696 6.971486 4
12.312955 49.981196 6.492486 1
12.480455 50.560496 5.779186 4
12.633555 51.059396 4.960186 1
11.826055 51.470196 5.393286 4
11.476755 51.978696 4.721686 1
10.759755 52.349696 5.204686 1
10.147555 51.767796 5.603386 1
10.552255 51.184596 4.861286 4
10.263555 50.278596 4.909886 6
10.133955 49.315496 5.027886 13
9.806455 48.916996 5.772586 9
8.869655 49.151496 5.755086 10
8.646155 49.549896 6.624186 4
7.674455 49.635996 6.520486 10
7.413455 50.211096 7.245286 4
7.534055 49.636896 7.988586 11
7.815855 50.461296 8.441186 11
7.892355 51.264096 7.809386 13
7.189955 51.958596 7.800786 6
7.064555 51.650396 8.707586 1
6.388455 51.939896 9.338486 3
6.494555 51.398496 10.157286 10
6.980555 51.745296 10.879086 5
6.314055 52.085996 11.483886 4
6.826855 51.812996 12.361686 6
6.081055 51.297496 12.505486 6
5.765955 51.981696 13.019986 8
5.131655 51.741496 12.347386 13
5.192455 50.838096 12.971286 8
4.581055 50.358096 13.594086 10
3.993555 50.010596 14.370086 10
3.270855 50.505496 14.652886 10
2.411055 50.701396 14.962186 4
2.656455 51.333796 15.659786 12
1.731655 51.625696 15.855686 3
1.965055 51.844596 14.965186 4
1.738555 52.788296 14.796286 4
1.267155 53.690196 14.773486 13
1.116055 53.108796 14.044386 4
1.435855 53.178696 13.159686 1
2.041155 52.762696 13.723786 4
2.823255 52.320396 14.001886 5
3.267355 51.445196 13.871486 10
3.328455 52.022496 13.090286 1
4.065255 51.260296 13.240186 10
4.150555 50.860196 12.369886 1
4.312355 50.357296 11.534386 13
5.239855 50.586396 11.501686 9
4.615155 51.186996 10.947986 13
5.183455 51.873096 10.596686 4
5.094655 51.939896 9.593586 3
4.724955 51.104096 9.952886 13
5.150955 50.590696 9.161286 1
5.728155 50.514596 9.933786 13
6.386355 50.330496 10.638886 10
6.971655 50.184496 11.364286 9
6.578155 49.697896 12.180286 4
6.798355 50.167096 12.938486 3
7.253155 50.312096 13.766386 6
6.607755 49.894896 14.425186 6
5.860455 49.255596 14.441286 10
6.503355 48.892796 13.808986 4
5.909355 48.155096 13.587786 4
5.509855 47.421696 14.103686 11
5.419555 47.659296 14.995086 15
4.752955 48.356796 14.720886 10
4.291155 47.805296 15.355686 9
3.712855 48.529696 15.501586 10
3.125755 48.101396 16.055386 8
2.723455 47.586296 15.389586 13
1.983055 47.660696 16.053986 5
2.350955 46.865296 16.433286 3
2.429755 47.388696 17.263586 4
1.615755 47.754496 17.098586 5
1.452455 48.237296 17.946286 10
2.028655 49.003996 17.604986 9
2.216255 49.246196 16.718486 5
3.170255 49.593596 16.445186 10
2.918855 50.536796 16.660686 13
2.754455 51.110096 17.404486 4
3.252855 51.855996 16.986986 1
2.696455 52.501896 16.634086 7
2.526955 53.565496 16.635586 4
3.231555 54.250496 16.647686 1
3.141255 54.764296 15.850986 1
4.081155 54.769496 15.388586 3
4.496255 55.687996 15.330986 4
4.264855 55.521896 14.403586 10
4.922955 54.868096 14.238386 12
5.319155 54.027996 14.523386 1
5.181255 53.044696 14.385786 4
4.998155 52.215896 13.988886 1
5.270755 51.388696 14.437986 10
6.158055 51.581296 14.196486 6
6.063755 50.691696 13.962486 6
5.573955 49.948996 13.559586 10
5.674755 49.762196 12.679886 4
5.022555 49.704896 11.951986 1
4.999055 49.196896 11.107786 13
4.082955 48.997196 11.235986 14
3.969255 49.458896 10.436686 13
4.497955 49.708796 9.646786 13
5.227655 49.324996 9.104986 10
5.774155 49.739596 8.460486 8
6.344955 49.993496 9.191086 11
6.551355 49.314396 9.751986 11
5.601755 49.355696 10.088186 13
6.290855 49.361696 10.819086 10
6.359355 48.849296 11.585186 4
7.054055 48.522996 10.888986 4
7.473555 47.798896 10.344486 10
7.078455 47.046596 10.958886 4
6.427055 46.369896 10.893686 3
6.167855 46.665596 11.745986 4
6.325955 46.805396 12.755486 4
6.224855 47.659196 12.456686 4
5.453955 47.094296 12.407286 6
5.027755 46.759996 13.192386 4
4.244355 47.349696 13.505986 13
3.902355 47.776496 14.324986 10
3.121555 47.142796 14.254486 9
3.312955 46.225596 14.149386 15
2.554455 45.837696 14.717186 10
2.093955 46.268496 13.913786 9
1.387855 46.933596 13.635386 6
0.747555 47.337296 14.263086 5
1.346055 48.060896 14.089286 5
2.251955 48.500196 13.999486 10
2.215855 47.588296 13.674486 1
2.750155 47.973796 13.021386 10
2.597255 47.668296 12.134686 1
3.049755 47.634896 11.187686 1
3.008755 47.023596 10.461786 7
3.454555 47.549796 9.772286 4
3.986755 47.869696 10.539886 13
4.127355 46.881296 10.401386 5
4.453155 47.232696 9.555986 3
4.214455 47.822496 8.879086 4
5.061455 48.208396 9.178586 13
5.792955 47.689596 8.829886 1
6.174255 47.774296 7.876686 8
6.906055 47.658196 7.211886 10
7.149055 48.546796 6.867186 10
6.999055 48.592896 7.829386 6
6.964055 47.954596 8.547886 11
6.747855 47.762096 9.442486 3
6.395755 47.442996 10.259086 4
5.708155 48.209796 10.076186 13
5.363255 47.299296 10.231086 12
5.362655 47.287996 11.188186 4
4.853655 48.105196 11.077386 13
4.548655 48.252496 11.971586 6
5.508355 48.251396 11.968086 4
5.144555 48.394396 12.813686 4
4.387855 48.489096 13.436386 10
3.978755 49.360596 13.347186 10
3.790255 49.067596 12.355186 11
3.029355 48.926296 11.696686 14
2.589955 49.421196 12.340986 3
2.661055 49.390896 13.345886 10
3.055255 49.571596 14.209686 10
2.384455 50.209496 13.975686 4
2.246555 49.565496 14.838986 9
2.834055 48.748396 14.821886 10
2.038555 48.765496 15.394586 5
1.133455 48.920796 15.114786 5
0.711755 49.273496 14.245386 5
1.432655 49.908696 14.173586 4
1.027855 50.029396 13.252286 15
1.726655 50.664096 13.293586 1
2.023355 51.550096 13.467486 4
2.725955 51.148796 13.000986 10
3.164455 51.415496 12.170786 1
3.762755 51.451796 11.435186 13
3.101855 52.073396 11.016786 13
3.766455 52.690196 11.245986 9
4.289055 52.786796 10.499486 13
4.035855 53.604196 10.861586 10
3.321555 53.114496 10.456486 1
2.600255 53.465096 10.958486 4
2.594055 54.442796 11.053186 6
1.686155 54.274896 10.676686 4
2.189755 54.767996 9.992286 15
1.891455 54.784396 9.052286 1
2.366355 54.646196 8.222486 10
1.787655 54.936396 7.459486 13
2.137055 54.433996 6.738586 9
3.024155 54.644896 6.628286 4
2.889755 55.066496 5.789886 10
3.642555 54.750396 5.255486 3
4.609055 54.603696 5.167886 6
4.935755 54.912796 4.326286 13
5.065255 55.856596 4.447786 11
4.416155 56.404096 4.962786 4
3.543355 56.001096 4.828586 8
2.674155 56.475296 4.781686 4
1.772855 56.287396 5.035886 8
1.420955 57.156496 5.156686 4
0.961655 57.835096 5.620886 10
0.360955 58.590596 5.646886 10
-0.066245 58.672996 6.480786 5
0.612755 59.140796 7.123286 4
1.329355 59.741496 7.421286 7
0.812555 60.445696 7.972286 10
-0.127245 60.818096 7.771486 6
-0.442345 61.717996 7.624586 12
-0.183645 62.546396 7.179686 1
0.172655 62.409396 6.320186 1
0.140055 62.832396 5.493186 10
0.281855 63.726296 5.753286 4
0.809855 63.323096 6.362486 4
1.539055 63.782996 5.876286 1
2.123155 64.356996 6.369086 1
2.038555 64.463596 7.358986 13
2.418655 63.535896 7.160386 1
2.385355 63.181096 6.302786 10
3.174155 62.730596 5.884786 6
3.699955 63.049896 5.090986 10
3.354855 62.821896 4.203386 10
3.301155 62.525196 3.285786 3
2.642555 62.874296 2.746386 4
1.897555 62.857796 2.160286 13
1.758555 62.123696 1.487986 10
2.729355 62.238396 1.273186 15
3.029755 62.088596 2.170886 4
2.369655 61.405096 2.299586 5
1.821555 61.954396 2.793686 13
1.605655 62.730996 3.544186 15
1.058655 63.542996 3.419486 13
0.364255 63.048096 3.042186 10
-0.407445 62.805896 3.542786 14
-0.861645 61.943296 3.502086 4
-1.357645 61.553096 2.690486 5
-1.034945 60.901696 3.267886 6
-1.489445 60.124596 3.622586 4
-2.041245 60.613896 4.261186 4
-2.900345 60.379296 4.476686 1
-3.444745 60.167796 3.695286 3
-2.995745 60.263696 2.798386 11
-2.119345 60.817796 3.014186 13
-2.009145 60.284296 2.228986 1
-1.277445 59.736296 2.081786 10
-1.359645 58.852696 2.489886 4
-1.874845 58.047896 2.602486 7
-2.203945 57.426496 3.349086 10
-1.807045 56.623896 3.670086 10
-1.171445 56.723896 2.902286 4
-0.734945 57.365896 2.274186 9
-0.149845 58.069996 2.074086 5
0.748355 57.626496 1.945486 13
0.243655 57.022096 1.441886 9
-0.515645 56.945196 0.925386 13
-0.255345 56.021396 1.179486 11
-1.006045 55.361696 0.996886 10
-0.633645 54.818996 0.326786 4
-0.737645 53.962996 0.792486 9
-0.585945 54.088196 1.775086 10
-0.004645 53.270896 1.668786 10
-0.319845 52.360196 1.473386 4
-1.270445 52.347496 1.461686 6
-1.748945 52.498796 2.316886 8
-2.085245 52.203096 3.111886 8
-1.452745 51.553596 3.107686 7
-0.616345 51.234296 3.418886 1
-0.376845 50.523296 4.022986 1
-0.025445 50.594296 4.935986 10
-0.211845 50.642396 5.944286 1
0.708755 50.639296 6.142886 4
1.372655 51.071496 6.711086 10
2.239955 51.331296 6.301786 1
2.497855 50.413096 6.141486 3
2.422355 49.449496 6.382286 10
2.101155 48.565996 6.247886 4
1.235955 48.516796 6.755686 4
0.394455 48.368696 6.319386 5
0.014555 48.117096 7.229486 5
0.006055 49.005396 7.647886 13
0.770355 48.814896 8.155586 1
1.668155 48.666896 7.700886 4
2.190455 49.244096 8.341086 6
2.108755 50.166096 8.658686 7
2.924155 50.695196 8.875686 13
2.798855 51.646096 8.817786 10
3.544555 52.067996 9.323186 13
4.199155 51.558596 8.811786 10
3.914455 50.987096 9.481386 13
3.088255 51.121996 9.904086 13
2.111655 51.099296 9.706286 10
2.297555 50.084896 9.844986 6
2.909955 49.965596 10.534986 13
2.387455 49.162096 10.668086 4
2.868255 48.841796 9.873186 6
3.833455 48.897096 9.515886 13
3.193855 49.073096 8.762386 10
3.515055 48.405296 8.184286 4
3.156055 47.751896 7.515986 4
3.049255 47.939596 6.545086 4
3.268755 48.813796 6.184386 4
3.844755 49.583396 6.299086 15
3.899055 50.530796 6.001986 10
4.085255 50.812896 6.883186 9
3.934155 50.370396 7.734986 6
3.403355 49.599196 7.478186 4
4.347855 49.555796 7.270786 4
4.653655 48.775496 7.811986 4
5.518855 49.100796 7.743386 5
5.829955 49.353096 6.851986 10
6.238155 50.196196 6.526786 9
6.589955 50.262896 5.606786 10
6.719455 50.423896 4.702386 3
6.449755 50.284596 3.774586 1
6.994055 49.522696 4.156386 10
7.795955 49.802696 4.573286 1
7.479755 49.507996 5.423686 10
8.038055 48.867396 4.947586 10
8.323655 48.921296 3.977486 11
8.049755 48.013996 4.024486 12
7.135255 48.121696 4.250586 7
7.072255 48.510496 5.211886 10
6.114555 48.291696 5.513386 10
6.119855 48.267296 4.584286 10
6.433855 48.661596 3.668986 1
6.725155 49.454496 3.138486 11
5.971555 49.169796 2.636186 5
5.647755 48.398296 2.092786 7
6.397055 47.894396 2.071486 1
6.857455 47.191996 2.526986 8
7.583755 46.711896 2.911486 4
7.943255 46.563696 3.759486 4
7.202455 47.099996 3.963186 10
7.212455 46.153996 4.275286 7
7.538155 46.766396 4.911086 10
7.566755 45.957596 5.487186 13
7.457455 45.015896 5.170286 13
8.190755 45.332396 4.609086 4
8.241755 45.514096 3.616786 7
8.426755 46.077096 2.882286 3
7.751555 45.694596 2.256486 4
8.429055 45.330196 1.664186 1
9.306655 45.331196 1.231786 10
9.899055 46.009096 0.758186 4
10.034955 46.954696 0.946386 13
9.814055 47.823896 1.185686 1
9.668755 47.421296 2.049586 5
9.795255 47.747396 2.984786 9
10.276455 48.595496 2.922386 1
10.939555 48.272496 3.519486 9
10.573655 48.401496 4.404886 4
10.151555 47.888596 5.089386 7
9.494855 47.230196 5.260986 12
8.536855 47.370996 5.065786 6
7.698255 47.743496 5.335386 10
6.966055 47.931196 6.108486 10
7.185155 46.993596 6.047486 15
7.123955 46.165096 6.546686 13
6.708955 45.412496 6.960386 13
6.269855 45.661396 7.816686 3
5.868955 46.566196 7.989286 15
5.195155 47.227996 7.618486 4
4.360655 46.809196 7.320086 11
3.834855 47.386896 6.800486 4
3.324655 47.119796 6.021886 4
3.958855 46.421896 6.188586 5
4.677455 45.774696 6.136886 11
5.354255 46.358996 5.632386 10
6.194455 46.304996 6.124686 13
5.944155 47.251496 5.997986 10
5.301755 47.927896 5.957186 10
4.857655 48.023496 6.858786 4
4.663555 48.919496 6.307386 4
5.586555 49.087096 5.880086 10
5.512355 49.843296 5.345286 3
5.330655 49.522796 4.474886 10
4.238755 49.185396 4.671886 10
3.566355 48.548296 4.945986 4
2.723155 48.896896 4.739786 4
2.530855 49.707396 5.238186 1
2.100355 50.562196 5.000986 1
2.069755 50.160296 4.113786 7
1.128055 50.145996 4.296886 10
0.856555 49.216496 4.185186 8
1.127255 48.982796 5.074886 1
0.448255 48.292396 4.833786 5
0.967355 47.548096 4.723786 10
1.818155 47.599496 5.061186 4
1.258855 47.621196 5.846986 5
2.181655 47.269196 6.084586 4
1.570255 46.530096 5.718286 10
1.257455 46.538896 4.839386 7
1.522955 45.641896 5.076286 9
2.483755 45.784996 4.923886 4
2.533255 44.776096 5.315886 7
2.951055 44.271796 6.179886 10
3.288455 43.553496 5.619886 10
3.648855 44.123996 4.871386 6
4.342855 43.527296 5.223686 10
5.171255 43.125896 4.882386 6
6.200155 42.960296 5.034386 3
7.033355 42.774696 5.605686 4
7.165555 43.505196 4.856986 13
7.944555 43.329096 5.434086 1
7.892555 44.001496 6.146286 1
6.948955 44.254996 6.007286 13
6.891455 43.435496 6.555686 1
6.069955 43.451496 6.048286 10
5.964955 44.477596 6.219286 13
5.904055 43.869196 6.971086 10
5.688755 43.785396 7.920586 1
6.211355 43.798696 8.750086 4
6.231355 44.394896 9.476786 1
5.434455 44.810496 9.939386 9
4.816555 45.181596 9.295186 7
5.270855 44.724896 8.559686 4
4.294155 44.555996 8.590186 8
3.859455 44.870196 7.836986 11
3.568655 44.415396 7.065286 10
2.836655 44.872796 7.450486 3
2.591455 45.856596 7.544886 4
1.982655 45.737996 6.738986 8
2.593155 46.128696 6.059786 4
3.313155 45.560196 6.506786 11
3.622855 45.103096 5.750986 10
3.981255 45.842896 5.230686 13
4.498355 45.688196 4.419186 11
4.585455 46.590596 4.642386 10
4.109755 46.862496 3.870586 7
3.456455 46.363496 4.414886 4
3.234255 46.272796 3.415886 7
2.479555 46.434696 4.096786 4
1.637055 45.956296 4.142386 10
0.684355 45.652996 4.157086 1
0.156355 45.994096 4.928186 13
0.396255 46.495896 5.722286 5
0.019155 45.779396 6.395786 1
0.883955 46.194696 6.600686 5
1.681455 46.742796 6.949586 4
0.850755 46.822096 7.507286 5
0.923955 47.409696 8.321286 10
1.295855 48.121196 8.767486 6
2.242955 47.964096 8.986386 6
2.457055 48.159696 8.114186 4
2.400855 47.182496 7.919586 4
1.793655 46.484396 8.337486 10
1.935455 45.550496 8.295286 15
1.358755 44.974896 7.773886 9
1.283955 44.018796 7.752586 9
2.113455 43.644796 7.344086 10
2.035155 43.464896 8.264186 13
2.960455 43.143296 7.921986 10
3.941655 43.657796 7.887186 15
4.188655 43.523996 6.955086 10
4.014755 43.038596 6.154286 10
3.204055 42.552496 6.079886 10
2.318355 42.226096 6.134686 13
2.581055 42.496696 7.099186 10
3.082755 41.648696 6.728786 10
2.291855 41.072896 6.858686 15
2.176155 41.333396 7.770086 1
1.924255 41.977596 8.487386 4
1.721555 42.038396 9.375886 7
1.228655 41.986196 10.171186 10
1.541655 42.902496 10.136286 3
1.623055 42.836296 11.147786 4
1.883955 43.727896 10.810086 7
2.416255 43.604696 10.008286 1
3.299955 43.315596 10.397586 12
2.894055 44.192696 10.701686 7
2.783755 44.825396 9.981086 12
2.471355 44.426296 9.092686 7
3.055255 45.167396 9.003786 10
3.394555 46.106396 8.832386 1
3.233455 46.585996 8.001986 4
4.151655 46.766296 8.498386 4
4.370855 45.842996 8.501886 9
5.048755 45.945596 7.789486 11
5.370955 45.425196 7.034386 11
4.981655 44.645396 6.587786 10
5.031355 44.606496 5.589186 10
5.623055 45.239396 5.208286 13
5.432455 44.677596 4.457286 13
5.142255 45.170996 3.651586 4
4.835555 45.984796 3.140486 7
5.352855 45.584496 2.483886 7
4.914755 44.672196 2.464386 1
4.870955 44.992596 1.579286 7
5.711255 44.471896 1.308486 14
6.537555 44.396196 0.802286 6
7.197455 44.420496 1.570386 7
7.957455 44.245996 2.160986 10
7.346155 43.553496 2.436786 12
7.518055 42.544996 2.493386 7
8.418855 42.396196 2.142486 4
8.477355 41.850696 2.918486 12
9.411955 41.797896 2.561686 4
9.546155 41.232396 1.816686 12
8.899155 40.756396 1.257586 10
8.031755 41.119996 1.056586 13
7.419055 40.324296 1.063186 12
7.855855 39.507696 1.386786 14
7.415855 39.369096 2.251486 4
8.305955 39.408196 2.664886 10
9.128155 39.805296 2.815186 7
9.458355 38.940596 2.718686 1
9.506055 38.215196 3.262086 10
9.915455 37.288496 3.037386 3
10.166655 36.382596 3.293686 1
9.926055 35.380796 3.363986 1
8.989655 35.443896 3.537486 10
8.456455 35.876896 4.225786 1
8.716955 35.729196 5.118886 7
7.897255 35.770796 5.764186 10
7.374255 36.611596 5.472886 4
6.459255 36.411996 5.326486 1
5.829955 37.041196 4.927086 10
5.110955 37.365296 4.372386 7
4.213855 37.092196 4.743586 7
4.156255 37.214896 5.707986 7
4.241755 36.638896 6.458086 4
5.133255 37.028196 6.364386 12
5.086955 37.986396 6.076786 7
5.959355 38.012096 6.518086 11
6.895455 38.400096 6.526386 11
7.063955 39.339296 6.480286 7
7.289455 40.158196 5.874786 4
8.119155 39.808596 5.602886 9
8.520655 40.656396 5.913586 15
8.293255 41.591896 5.711086 1
7.412455 41.284296 5.930286 10
6.487255 41.438296 5.808686 14
5.807555 41.177296 5.113086 5
5.088755 41.425996 4.403286 1
4.635555 41.815896 5.109586 10
4.754655 42.577696 5.737386 10
4.664855 42.569296 6.647886 10
5.192955 42.735696 7.436286 13
5.564255 42.379596 8.202586 7
5.738655 41.530396 8.537386 14
4.822255 41.479596 8.137086 7
4.301955 41.592596 7.335186 10
5.234255 41.373596 7.068286 12
4.719955 40.878296 6.437386 10
3.942155 40.785296 5.862286 10
4.257055 39.937296 6.051786 15
4.447455 39.091096 5.602586 7
4.787155 39.150196 4.723686 7
5.241155 39.915596 4.387986 14
5.429155 39.709196 3.418986 9
5.330155 39.834896 2.498386 7
5.834555 39.534796 1.730286 13
5.211855 40.160796 1.285286 7
4.554455 39.758496 0.674386 4
3.913355 39.804296 -0.016814 1
3.264255 40.279196 -0.489714 1
3.458755 41.113096 -0.667714 4
3.305855 41.475896 -1.513914 10
3.186955 42.145996 -0.849814 1
2.258855 42.125396 -0.796514 1
1.912655 41.656696 -1.546314 10
1.360655 42.325796 -1.940314 1
0.773655 42.888896 -1.371014 7
0.771855 42.954996 -0.413414 1
1.053255 43.811696 -0.642714 12
1.931455 43.820296 -0.991714 1
2.654455 44.220796 -0.524414 11
2.587755 44.987396 0.130486 10
3.162755 45.607196 0.559086 12
3.140855 45.464996 1.563186 8
3.476855 45.794196 2.391786 7
3.413455 46.512796 1.793286 7
2.613155 47.140296 1.986886 12
1.737555 46.874696 2.127286 7
2.181055 47.219396 2.891186 11
2.829855 47.505796 3.516386 6
3.000855 47.585796 4.416786 4
3.720555 47.408896 5.048886 4
4.462555 47.718096 4.562086 10
5.290955 48.001596 4.111086 10
4.629955 47.898596 3.417586 15
4.114255 47.821296 2.620386 7
3.497155 47.642696 1.847886 5
4.319455 47.097696 1.623286 7
4.974955 47.622896 2.077286 10
5.072455 46.838696 2.685786 7
5.750755 46.413396 3.239886 9
6.176855 46.812796 4.133886 10
6.168555 46.428696 5.015586 10
6.447955 45.529796 4.673586 13
6.876355 44.848796 4.103586 14
6.961855 43.963696 3.682986 1
6.021755 43.855296 4.103886 13
5.210555 43.971496 3.601386 1
4.497455 43.429996 3.274586 11
4.267355 43.124096 4.219186 10
3.911055 42.299896 3.577186 1
3.274455 41.504196 3.634686 1
2.747555 42.302996 3.565086 4
2.569055 42.728396 4.340886 6
2.393755 41.912996 4.969986 4
3.171355 41.677996 5.452686 10
3.050155 40.945196 4.825386 16
3.064255 40.035896 4.996486 7
2.397455 40.033096 4.371486 1
2.725955 39.112896 4.224486 7
3.498355 39.486496 3.754786 7
3.820855 39.301096 2.854086 1
3.852255 39.742096 1.984886 10
3.119355 40.182996 1.496986 1
2.503055 39.482596 1.427086 7
2.239455 40.244396 1.964386 10
1.956155 40.378296 2.881386 11
1.188255 40.769496 3.278286 7
1.432055 41.230296 2.436286 14
2.019655 41.148996 1.682986 11
2.248655 41.064696 0.766886 4
2.243555 40.597496 -0.064214 11
1.796655 39.908296 -0.584814 10
0.868355 39.651496 -0.669014 14
0.800955 39.057996 -1.610814 10
1.630055 38.891896 -1.004614 10
1.226455 38.314096 -0.306814 1
1.583455 37.916096 0.481686 7
1.572255 36.990196 0.525086 10
0.628755 36.882896 0.430286 12
0.543155 37.857396 0.523286 1
0.502755 38.654996 1.005986 10
0.797855 38.515896 1.889986 7
0.939555 37.602996 1.996186 12
1.484755 36.852096 1.951286 12
2.007655 37.654196 1.794786 1
2.757255 38.362296 1.660586 4
2.879155 38.761096 2.550686 7
1.977855 38.639296 2.951086 10
2.200655 38.193596 3.797386 7
1.726655 37.407696 3.557586 12
0.764055 37.413296 3.961586 12
0.115255 38.009496 4.395986 13
-0.366545 38.640196 3.921486 9
0.139555 39.460796 4.213586 1
1.054255 39.389996 4.559286 1
1.744855 38.786096 4.878086 15
2.092155 39.194596 5.686586 15
2.970755 38.902696 5.773886 7
3.602755 38.228096 5.570786 7
3.590255 37.974296 4.592186 7
4.281555 38.386796 4.085886 7
5.276255 38.384396 4.017986 1
6.088455 37.888396 3.874486 4
6.252855 36.996896 3.541786 15
5.519055 37.267996 2.955486 10
4.828755 37.643496 2.366286 15
4.285955 38.182896 2.998086 7
3.555955 37.667696 2.600786 7
3.972055 37.026196 2.155486 10
4.647255 36.642696 2.789986 1
4.305755 36.202496 3.655886 7
3.807855 35.942896 2.877186 1
3.860255 35.449496 2.033186 11
2.944455 35.606696 1.952986 12
2.729955 34.786396 1.601586 1
2.598155 33.842496 1.521186 16
3.088855 34.125696 2.314686 1
2.500155 33.845696 3.087086 7
1.620355 34.319696 3.112386 10
1.745655 35.220896 3.428886 3
1.454555 35.993496 2.815886 12
2.066155 36.690896 2.966186 12
2.881355 37.244996 3.229586 7
2.884055 37.513496 4.106686 7
2.471355 36.655196 4.039586 12
3.404855 36.444096 4.220686 7
2.762555 36.243596 4.935486 16
2.393155 36.465796 5.838686 7
1.760855 37.133896 6.036486 15
2.038655 37.288496 5.131786 7
1.229055 36.835196 4.813686 4
1.502355 36.080496 5.379886 10
0.872755 35.416696 5.041686 1
0.835655 35.055196 5.935686 12
-0.031545 35.302796 6.220486 1
0.192755 35.560196 7.144886 15
1.132555 35.556896 7.021686 5
1.783955 35.062296 7.557486 9
2.477455 34.965996 8.223086 4
2.034355 35.163596 8.997386 1
2.308055 35.428196 9.825486 1
2.979455 34.900196 10.368186 7
2.771155 34.760396 11.293086 1
3.499255 35.322596 11.528886 1
2.957355 35.973896 11.062486 1
3.494955 36.681496 11.449286 1
4.038555 37.436096 11.223886 1
3.288855 37.596496 10.686686 1
3.942355 37.791096 10.049986 10
3.529155 37.182096 9.361986 7
3.009455 37.654996 8.637986 1
2.377555 38.406796 8.745686 15
2.592955 38.229296 7.793586 7
3.446255 38.107396 7.273286 10
3.369455 37.145496 7.286586 11
3.135055 37.228096 6.338186 7
2.503355 37.878196 6.001086 7
2.093455 38.297296 6.850986 15
1.379755 37.682796 7.151186 12
0.808855 38.421396 6.856286 10
0.294255 38.119896 6.080286 15
-0.075145 37.226596 5.775286 7
-0.882745 36.726896 5.727686 12
-0.380145 35.941096 5.312986 15
0.185055 36.283596 4.686786 10
0.310655 36.453996 3.724486 12
0.705155 35.571596 3.679586 12
0.037655 34.831796 3.503286 11
-0.867445 34.342496 3.554786 16
-0.704245 33.775496 2.809686 7
-0.722445 34.034696 1.868586 13
-1.384145 33.256596 1.630886 7
-1.804045 32.781596 2.307986 7
-2.709945 33.049196 2.563886 7
-2.955245 33.910496 2.338586 7
-2.912845 34.873896 1.962686 9
-2.158845 34.405296 1.664186 7
-2.653045 34.501896 0.833986 16
-1.702745 34.588296 0.749186 13
-2.102045 34.410596 -0.144714 16
-1.462845 35.106596 -0.492614 9
-1.081745 35.317496 0.403786 13
-1.385145 36.250596 0.561486 7
-0.718945 36.920396 0.992686 14
-1.243945 37.716696 1.005086 16
-0.886945 38.607496 0.905386 4
-0.276345 39.311096 1.215786 16
-0.179745 39.377296 0.241286 1
-1.043545 39.770896 0.233986 10
-1.838345 39.835696 -0.408514 11
-2.502145 39.322696 -0.814114 6
-2.473245 38.356496 -0.902314 12
-2.635645 38.682996 -1.901614 7
-2.669145 38.407796 -2.760414 15
-2.014545 37.708896 -2.743814 1
-1.220245 37.319996 -3.125314 12
-1.420145 37.662596 -4.060014 7
-2.364745 37.886096 -4.472314 7
-2.280345 36.969696 -4.144714 11
-2.136245 36.101696 -3.689914 7
-2.413645 35.166896 -3.636714 1
-2.293145 35.007096 -2.627314 11
-1.636245 35.760696 -2.445014 7
-1.038545 35.560296 -3.174614 12
-1.116845 34.998496 -3.947314 4
-0.311145 34.615196 -4.325714 15
0.300455 33.924796 -4.025314 12
1.093155 33.410896 -4.012714 11
1.169255 32.774496 -4.724814 4
1.631355 32.470096 -5.490514 7
2.590655 32.363496 -5.416714 7
3.269155 32.411796 -4.755314 1
4.177355 32.554296 -4.559214 5
4.236255 32.456896 -3.550114 16
4.084855 33.458996 -3.765014 7
5.032055 33.705996 -4.161614 9
5.483155 32.890096 -3.922814 14
6.402055 33.128396 -4.063714 7
6.554855 34.050096 -4.190014 15
6.946755 34.142096 -3.256214 10
6.914955 33.240196 -2.860914 15
6.250955 33.607996 -2.285114 10
5.789855 33.184496 -1.524214 10
6.309755 33.414096 -0.728214 1
5.517855 33.205696 -0.188914 7
5.065855 32.368796 0.122786 16
4.430655 32.797896 0.687986 1
3.848255 32.059396 0.937386 16
3.243055 31.756996 1.600586 10
2.830555 32.619496 1.537986 7
1.881355 32.631896 1.121486 12
1.631455 33.428396 0.604386 1
2.621255 33.354196 0.347386 7
3.005555 33.883496 -0.323614 16
2.643955 33.788096 -1.166714 7
1.746255 34.242296 -1.029914 1
1.557255 34.408996 -0.121214 1
0.688155 34.731796 -0.498214 1
0.033055 35.351296 -0.198714 7
-0.101745 35.326196 0.805886 13
0.658355 35.864596 0.847486 12
0.371855 35.466196 1.692986 12
0.190255 34.497596 1.540686 13
0.431755 34.240396 2.435386 6
0.173655 33.290996 2.513186 11
-0.298145 32.606096 2.169686 7
0.471755 32.459496 1.544586 4
0.419655 31.708996 2.191786 16
-0.574245 31.577896 2.439186 7
-1.493545 31.630796 2.702286 7
-2.289845 31.274396 3.207986 15
-2.656545 30.879696 4.027486 15
-2.547945 31.768896 4.342986 7
-1.967645 31.731496 5.170086 9
-1.766745 30.817996 4.768986 15
-1.660045 31.567096 4.117286 7
-1.087045 32.207996 3.621286 7
-0.756345 31.322396 3.800686 15
-0.181145 31.724496 4.540086 9
0.192855 32.404696 3.989086 10
0.923355 31.811296 3.581886 11
1.840655 31.868496 3.905086 16
2.147355 32.763396 3.648286 11
1.389055 33.089596 3.164086 16
0.591955 33.525596 3.419186 1
-0.297945 33.144196 3.492986 12
-1.321145 33.165696 3.417486 7
-2.181345 33.521296 3.690186 7
-2.613045 34.301096 3.318486 7
-2.328845 35.189096 2.893186 1
-2.095145 36.092796 2.624886 11
-1.421545 35.914896 2.053686 13
-0.479645 36.286496 1.987786 12
-0.084245 37.046496 2.472086 12
-0.775045 37.426296 3.076186 16
-1.641945 37.090696 2.810886 7
-1.642645 37.040096 3.734186 16
-2.397845 37.434696 4.323386 16
-2.739745 36.758496 4.917686 7
-2.579845 37.159296 5.736486 10
-3.362945 37.160196 6.326886 1
-2.608345 37.611796 6.790186 7
-3.031145 37.110196 7.487886 5
-3.013745 38.048896 7.654386 4
-3.288345 38.217696 8.636486 16
-3.989945 37.467796 8.576986 14
-4.204045 37.778296 9.502886 12
-4.969845 37.393696 9.929986 10
-4.588045 36.523596 10.136386 1
-4.214945 35.661696 10.480186 16
-3.683745 35.058396 10.039286 15
-3.064945 34.346496 10.336786 7
-2.859345 34.275196 11.280886 10
-2.167245 33.691496 11.153786 1
-2.766445 33.199896 11.742686 1
-1.833845 33.447196 12.121386 12
-1.177845 33.900096 12.764486 15
-1.510145 33.255896 13.434286 7
-1.922045 32.714096 14.098486 7
-2.358845 32.015296 14.665886 1
-2.740545 31.542296 13.960686 1
-2.892145 31.076196 13.122586 1
-3.543545 30.300196 13.106786 1
-2.807445 29.698896 13.140986 16
-2.998945 29.671496 12.170486 12
-3.500645 29.626696 11.335686 8
-4.146145 28.956496 11.021386 13
-5.034045 28.795596 10.684286 7
-5.471545 29.365796 10.001686 12
-5.204545 28.473396 9.704086 13
-5.534945 27.685396 9.312986 7
-6.222345 26.952396 9.510286 13
-5.315145 26.768796 9.893086 15
-5.153645 27.495896 10.485786 5
-4.282845 27.532896 9.980386 7
-3.358645 27.324596 10.324586 12
-3.167945 26.473696 9.925086 7
-3.469445 26.839196 9.070586 15
-3.847945 27.214996 8.307186 16
-4.484545 27.604196 8.868786 12
-4.610045 28.265196 8.234086 7
-5.262245 28.708496 8.688786 1
-6.064645 29.291396 8.517086 7
-6.193545 29.263696 7.472086 1
-5.778145 29.993996 6.839286 7
-5.461845 30.258796 5.966786 11
-6.393145 30.226396 5.752786 12
-6.918645 31.038196 5.837286 1
-7.015245 31.324596 4.832486 7
-6.125845 31.289596 5.211486 9
-5.562445 31.109496 4.442786 11
-4.795645 30.872496 3.971986 11
-4.821945 30.434196 3.101786 11
-4.627545 29.505296 2.765786 16
-3.764945 29.584096 3.208786 15
-3.332845 29.617696 2.371586 7
-3.907545 29.430396 1.528486 16
-3.205545 29.966496 1.374886 10
-2.477345 29.720496 0.860686 9
-2.212845 30.371596 1.516986 14
-2.025145 31.267696 1.684286 7
-2.301545 32.132396 1.316686 7
-1.954345 31.963096 0.400386 16
-1.711845 32.755496 0.857386 7
-0.998045 32.268396 0.368786 5
-0.280545 31.708796 0.086386 4
-0.249545 31.681896 1.041086 7
-1.061645 31.160096 1.082386 16
-1.104045 30.853396 2.033786 7
-1.916245 30.590096 2.502486 15
-1.114845 29.907296 2.568086 1
-1.851445 29.655896 3.108986 15
-2.174445 29.407396 2.273286 1
-1.622445 28.746796 2.590686 12
-0.730645 28.396396 2.311486 1
0.041555 28.018196 2.636986 11
0.493055 27.701996 3.402486 7
0.224055 27.525396 4.198286 1
-0.040645 26.617996 4.235286 7
0.117555 25.825296 4.782086 10
0.281555 25.783196 5.780086 7
0.629055 26.698696 5.951686 15
0.919255 27.601196 6.073086 12
1.748655 27.547496 6.539786 7
1.896255 28.550296 6.674886 16
1.463855 29.435296 7.044486 13
1.121555 30.329596 7.078286 11
2.083255 30.341696 6.938386 16
1.711755 31.055096 7.432786 12
0.961955 30.663396 7.949586 1
0.125055 30.840496 8.507486 16
-0.648645 31.381496 8.344186 7
-1.558245 30.960196 8.208486 7
-1.901345 31.853796 8.340786 6
-2.831845 31.980496 8.146486 13
-3.376445 31.648696 7.377686 12
-3.933145 30.857096 7.344386 12
-3.800245 30.121796 6.668286 7
-4.175645 30.853096 6.100986 11
-4.798745 31.489396 5.823486 7
-4.605445 31.611196 4.882486 11
-3.830345 32.149896 4.767586 8
-3.593745 31.232496 5.029686 4
-3.686745 30.318596 5.280486 11
-2.820145 30.581696 4.974486 15
-2.275745 29.971896 5.587286 9
-1.826945 29.294296 5.042386 15
-0.998945 28.911696 4.715386 12
-0.607845 28.741796 3.816686 7
-0.901345 29.668696 3.788886 15
-1.175445 29.948896 4.604186 15
-1.108845 30.169796 5.555386 16
-0.506945 30.846596 5.879286 7
-0.931245 31.658496 6.346086 1
-0.419245 32.320696 6.707886 1
0.288355 31.637196 6.733686 7
0.424555 32.271896 5.974086 1
0.628355 33.202996 5.738986 1
-0.023345 32.979496 5.089486 11
-0.886245 33.229596 4.788686 7
-1.641245 33.783896 4.581086 7
-1.754845 34.760996 4.685386 1
-1.596345 35.482996 5.284186 1
-2.123745 35.167996 6.122086 1
-2.080345 34.353596 5.621986 7
-2.316045 33.979596 6.453686 1
-2.072345 33.370296 5.749986 16
-2.610045 33.096096 5.032886 7
-2.859445 32.907496 4.188786 7
-3.626245 33.404196 4.503686 15
-3.711545 34.301996 4.018886 7
-3.660545 34.439896 4.980786 5
-3.882745 35.209196 5.590986 12
-4.270745 35.519096 4.762286 14
-3.423045 35.602396 4.351186 16
-4.085045 35.887196 3.756286 12
-3.928345 35.127796 3.306686 16
-3.727245 34.415296 2.720586 7
-4.169545 34.912596 1.998686 15
-4.591645 33.976796 2.238486 7
-5.357345 33.678296 2.809986 16
-6.235445 33.273996 3.107986 11
-7.097145 33.769996 3.334986 12
-7.882545 33.162196 3.149286 1
-7.271545 32.532396 2.660886 11
-6.765045 32.458796 1.875686 16
-7.633845 32.177196 1.676386 1
-7.959045 31.286796 1.333386 12
-8.211345 31.085696 0.434686 12
-7.725045 30.863696 -0.344614 7
-6.887445 30.447396 -0.110214 12
-6.230645 30.867096 -0.604714 7
-6.435045 30.626996 -1.587514 16
-7.301645 30.845196 -1.312914 15
-6.753845 31.573496 -1.362014 13
-6.786845 32.300696 -1.980214 11
-6.571145 32.996096 -2.638914 1
-7.084745 32.806196 -3.549614 1
-7.526845 32.746496 -2.682114 7
-7.954245 33.437196 -2.148414 13
-7.694145 32.905096 -1.343214 12
-8.277445 32.808996 -0.486014 8
-8.525045 31.912296 -0.146614 15
-7.847245 32.170596 0.503486 12
-6.947245 32.474496 0.833286 7
-6.350145 33.108796 1.186986 8
-5.840645 33.913796 0.950486 1
-5.276945 34.704896 1.080686 9
-5.076445 34.192696 0.277686 16
-4.408045 33.739296 0.802386 12
-3.631345 33.582396 1.341686 7
-3.312545 32.884496 0.696186 5
-3.313045 32.534796 1.590586 7
-3.234745 31.831596 0.947386 1
-3.953745 31.247696 1.157086 1
-3.319045 31.310496 1.854786 7
-3.301745 31.382696 2.848186 15
-3.774645 30.750596 3.323686 15
-4.471745 31.409796 3.123586 11
-3.946145 32.027096 2.545886 7
-3.294345 32.361196 3.177586 7
-4.105145 32.510596 3.765286 11
-4.536345 33.208596 3.211986 7
-5.390245 32.910096 3.546286 11
-5.239445 32.300896 2.889386 11
-4.741245 32.606696 2.092586 7
-5.362345 31.968096 1.624386 15
-6.032545 31.319696 1.409086 7
-6.270345 30.576596 0.858986 12
-5.527245 30.039696 0.842686 14
-5.840245 29.061896 0.938086 16
-5.548945 28.190796 1.242686 16
-5.377345 27.417796 0.703286 16
-4.908545 26.678096 0.304286 1
-4.950245 26.716896 1.267786 16
-5.099045 25.831496 1.520586 1
-4.879345 24.916696 1.871086 1
-4.229445 25.065296 2.753386 7
-3.536445 24.657596 3.192886 1
-3.219945 25.505396 2.793686 1
-3.372845 25.862796 3.653586 16
-2.591445 26.355996 3.427186 10
-2.122145 26.988396 2.980586 1
-1.888045 27.876596 3.271486 12
-2.703945 28.248496 3.816486 15
-3.002645 27.309096 3.743686 5
-3.318645 27.769396 4.499486 15
-3.268945 27.682496 5.516086 12
-3.448445 28.132296 6.331886 16
-2.673745 28.721696 6.324486 1
-2.875045 28.641196 5.364286 1
-2.974045 29.057096 4.484486 15
-2.950545 29.296796 3.542686 15
-3.228745 28.610596 2.815586 12
-3.846245 28.439696 2.004486 16
-3.571245 27.604796 2.305486 1
-3.563245 27.797896 1.365086 16
-3.385745 27.711796 0.399786 1
-4.309845 27.632896 0.508086 16
-4.215245 28.549896 0.917886 16
-4.889745 29.282196 0.756486 16
-4.277245 29.073396 -0.065714 8
-4.692545 29.694896 -0.645514 11
-5.309645 28.967096 -0.758314 16
-6.022345 28.403296 -0.521414 16
-5.869245 27.506396 -0.240614 16
-5.177045 27.890696 -0.787014 16
-4.235145 27.938796 -0.837014 13
-3.687545 28.017196 -1.708814 7
-3.166045 28.675196 -1.232914 11
-2.818245 27.911496 -0.880314 8
-2.104845 28.092196 -0.328114 16
-1.370845 28.572496 -0.888414 11
-1.046945 29.407096 -1.198414 7
-1.022345 28.906396 -1.937314 1
-0.987345 28.075696 -2.350114 1
-0.233245 27.555996 -2.017314 1
-0.164845 27.618096 -2.955814 1
-0.481845 27.048996 -3.594614 1
-0.611445 26.107696 -3.401714 11
-0.650945 25.835396 -4.345214 11
-1.085345 26.056896 -5.118314 1
-0.764745 26.919796 -5.476014 1
-1.557645 27.107496 -5.961214 16
-1.969845 26.317396 -5.895114 1
-2.795445 26.623096 -5.540214 16
-2.364045 27.507896 -5.391514 11
-2.912845 28.095796 -4.958614 16
-2.982545 27.312296 -4.419214 12
-3.445845 26.986696 -3.563414 16
-3.777145 26.203396 -3.150514 7
-3.893345 26.840096 -2.418314 16
-4.379445 26.749796 -1.606614 12
-4.791945 27.429596 -2.183814 15
-5.425545 27.375996 -2.872414 16
-6.373745 27.439796 -2.745714 5
-6.462645 27.371396 -1.808414 1
-6.702145 27.752296 -1.007114 5
-6.935645 27.527596 -0.095814 16
-7.260345 28.397896 -0.024414 16
-7.328545 29.162096 -0.574414 15
-7.780345 29.436196 0.231186 12
-8.555645 29.086096 0.704086 11
-8.211645 28.431196 1.340286 16
-8.828045 27.913996 0.733886 1
-8.390145 27.312896 0.235386 16
-7.708945 26.742196 0.013486 16
-7.409145 25.863696 -0.304614 1
-8.199745 25.497296 -0.719514 15
-7.903545 25.286296 -1.630714 15
-7.213945 25.417296 -2.284814 16
-6.367245 25.094796 -2.547014 7
-5.942545 25.852096 -2.072014 13
-5.217345 25.951096 -1.370814 1
-5.900545 25.866296 -0.598014 15
-6.085245 26.515496 0.187486 1
-6.451345 27.111296 0.818686 16
-6.698245 27.849996 1.490286 16
-7.122845 28.622996 1.231586 16
-7.583745 29.434096 1.387086 12
-6.750145 29.948196 1.726386 12
-7.098645 29.353396 2.366686 16
-6.326345 29.774896 2.866386 1
-5.656345 29.724096 2.149686 16
-5.769445 30.680896 2.500586 11
-6.560045 31.044396 2.815886 11
-7.388245 30.641396 3.026786 12
-7.734445 31.235796 3.723886 16
-6.733045 31.202596 3.835686 11
-6.210545 31.857996 4.292486 11
-6.455145 32.760196 3.988586 16
-7.208845 32.272696 3.764486 11
-8.152445 32.410096 3.912486 1
-8.925145 32.545296 4.555586 15
-8.825845 31.491896 4.615886 7
-9.692545 31.462196 4.966086 8
-10.356445 31.831096 4.211986 5
-10.112445 32.450196 4.888286 16
-10.301145 31.911496 5.623786 16
-10.033745 31.616096 6.588586 5
-9.794945 30.677696 6.695786 15
-10.030245 30.805196 7.619686 1
-9.645245 30.558896 8.494486 8
-8.855345 30.140896 8.143586 12
-8.707945 30.556796 7.277586 1
-8.324145 29.633496 7.228386 1
-8.464045 28.745096 7.664486 8
-7.995945 28.588396 6.828086 15
-7.764745 28.263096 5.920586 1
-7.716545 27.600296 5.317186 1
-7.735645 27.189396 6.189586 1
-8.295845 26.657396 6.789586 16
-8.877145 26.786496 6.018486 9
-9.507745 26.044996 5.886586 1
-10.121245 26.613896 5.353986 1
-10.850045 26.614296 4.702586 13
-10.651145 27.071296 3.907286 14
-9.706645 27.373196 3.805386 7
-9.270345 27.902496 2.999786 1
-8.375245 28.131496 3.069186 16
-8.524445 28.805496 2.363586 16
-8.826545 29.648196 1.952186 12
-8.982445 30.456196 2.512386 12
-9.945045 30.245796 2.452086 1
-9.612945 29.400796 2.704086 7
-9.679045 28.502496 2.354986 5
-9.129845 27.747496 1.898086 8
-8.112645 27.450996 1.910086 16
-7.988545 26.699296 1.314286 16
-7.259645 26.420396 0.834186 16
-6.747045 25.674496 1.156586 5
-6.189145 25.240696 1.919586 7
-6.141445 26.172696 1.683886 16
-6.193745 26.426096 2.617386 16
-5.417245 25.895996 2.545786 15
-4.638345 26.302896 2.198186 11
-4.960245 27.172196 2.508886 16
-4.560445 28.025796 2.679686 16
-4.018645 27.616496 3.305186 15
-4.912945 27.678396 3.661286 1
-5.739745 27.738496 3.229386 1
-5.468245 28.054396 2.345386 16
-5.512245 28.888096 2.831286 16
-5.706645 29.312396 3.651986 12
-5.240245 29.794296 4.413786 11
-4.433645 29.429296 3.975686 15
-3.926245 29.151596 4.768386 15
-4.485445 29.403196 5.533786 11
-4.958345 28.676796 5.210086 12
-5.386545 28.396896 6.033286 1
-6.004745 27.739396 5.947686 16
-6.446945 27.681896 6.737986 16
-6.745745 28.558996 6.681486 1
-6.970945 29.356896 6.171186 7
-7.278645 29.524396 5.274786 7
-8.169945 29.892296 5.311386 16
-8.298345 30.331096 4.483986 1
-7.934245 29.625096 3.963986 5
-8.052345 29.877096 3.040786 12
-7.704945 28.954896 3.209086 16
-7.188945 28.247296 3.636486 1
-6.709345 28.586696 2.928086 16
-6.589845 27.743396 2.502286 16
-7.450145 27.335596 2.732386 16
-7.955945 26.566696 2.497686 1
-8.842245 26.512996 2.102386 11
-9.178945 26.122696 2.877286 1
-8.621345 25.853496 3.630286 1
