-7.613971 10.887258 10.094067 1
-7.999571 10.774358 10.945367 4
-7.723271 9.792458 11.009267 1
-7.312271 9.092058 11.555467 1
-7.835971 8.699558 12.291567 14
-7.473771 9.287758 13.023367 1
-8.164171 9.853958 13.094367 2
-7.983571 10.154758 13.960867 1
-8.107371 10.213258 14.938767 1
-8.254971 9.348958 15.485367 12
-9.112671 9.104458 15.047967 1
-9.479671 9.562258 14.285167 1
-10.121571 9.306858 14.930467 3
-11.007571 9.266058 14.637467 16
-11.101471 8.963458 15.584867 2
-11.207571 8.042658 15.936267 15
-10.895571 7.273458 15.546667 9
-10.239871 6.546558 15.532267 15
-9.675471 5.763458 15.542167 9
-9.400971 5.043758 14.954967 1
-8.884771 5.887658 14.769767 2
-8.141771 5.604158 14.061367 8
-7.375771 4.945858 14.024367 1
-7.058871 4.221058 14.584667 14
-8.042571 4.233558 14.417267 2
-8.969971 4.407458 14.126867 11
-9.828471 4.063658 13.858467 8
-10.267971 3.918358 13.002067 2
-10.502871 3.027958 13.430267 13
-9.836871 2.432358 13.080067 5
-9.405271 1.629258 12.665567 6
-10.402571 1.495158 12.860767 14
-10.122171 1.344358 13.770367 14
-9.807071 0.653558 14.287167 6
-10.535971 0.055758 14.387567 14
-10.737171 0.544258 13.558367 14
-11.292071 -0.067542 13.034267 2
-11.505171 0.841258 12.769267 14
-11.095571 1.225958 11.983667 8
-10.087871 1.277058 11.715667 1
-10.080171 0.462658 12.213667 6
-10.881471 0.027058 11.748667 2
-10.605171 -0.880642 11.413367 2
-10.055171 -1.120942 10.625567 12
-10.266371 -1.942742 11.117367 2
-9.837671 -2.724642 11.499267 3
-10.717471 -2.544542 11.824567 2
-11.184171 -2.700942 11.017667 2
-11.809671 -2.983642 10.311567 5
-11.266271 -3.404742 9.538567 11
-10.730671 -4.200942 9.730867 1
-10.066971 -4.154742 10.437567 1
-11.008271 -4.155642 10.803967 2
-11.913171 -4.422642 10.981967 7
-12.418571 -3.873042 11.501967 2
-13.101371 -3.173742 11.277167 5
-13.250071 -3.636342 12.088967 2
-13.134371 -2.741742 12.512567 2
-13.928571 -2.322442 12.948467 5
-13.510971 -1.579142 12.527767 2
-13.644071 -0.767142 13.095667 1
-13.532671 0.188058 13.417167 14
-13.487371 0.022958 12.448767 1
-13.067771 0.814358 12.127867 2
-13.498571 1.272158 12.923167 14
-14.210571 1.610258 12.243467 2
-14.922571 2.293858 12.151967 15
-15.056771 1.430358 11.801567 1
-16.075071 1.328258 12.033867 9
-15.943271 1.380458 12.960467 14
-15.125471 0.946658 12.662467 8
-15.472471 0.197958 12.166467 9
-15.779171 0.453358 11.330967 8
-15.380271 0.686258 10.513267 1
-14.882971 -0.022342 10.882667 14
-14.166971 -0.297142 10.185767 8
-13.478971 0.291358 10.173567 2
-14.060671 1.022458 9.838367 12
-13.623471 1.184558 9.000767 6
-14.514071 1.703058 8.833567 14
-15.246071 2.274058 8.996767 1
-16.039171 2.430758 8.521067 2
-16.214971 3.366158 8.603967 2
-15.282871 3.230758 8.341167 11
-15.056571 3.743958 7.607967 15
-15.260171 4.588558 7.960967 8
-14.672471 4.473858 8.767767 10
-14.019671 4.697058 8.048067 14
-14.080771 5.606158 8.327767 2
-13.862371 5.348758 9.283267 1
-13.134171 5.218558 8.663267 1
-12.301371 4.300758 9.891867 14
-11.818171 5.117358 10.115667 1
-11.273771 5.523058 10.827867 2
-10.863671 4.610058 10.583967 1
-10.499671 4.350358 11.459767 7
-11.362571 4.702258 11.566367 1
-12.118371 4.836958 12.220267 1
-12.537871 5.721358 12.003467 1
-13.401071 5.643758 12.297267 1
-13.511371 5.095558 11.400567 2
-13.693171 4.206258 11.710367 1
-13.027871 3.613858 11.190167 3
-12.646071 2.894058 11.725067 1
-12.701171 3.115958 12.701967 5
-12.915471 2.141658 12.601467 14
-12.247471 1.678058 12.101467 14
-11.639771 2.389258 11.959867 5
-11.594671 2.234958 12.909167 14
-12.036171 2.366958 13.731867 14
-12.893671 2.808458 13.627767 2
-13.397271 1.970358 13.798567 14
-13.807171 1.289258 14.438467 5
-13.786971 0.330358 14.596367 14
-13.460971 -0.543442 15.066567 11
-13.550071 -1.278742 14.392267 2
-12.684071 -1.802642 14.337267 14
-12.529171 -1.559142 13.431467 2
-11.894971 -2.259042 13.309567 2
-12.095971 -3.172542 13.305367 9
-11.473971 -3.735342 12.879667 2
-11.331371 -4.492842 12.387567 2
-10.643171 -5.072542 12.101867 8
-10.291671 -5.999642 12.038967 15
-9.649471 -6.694042 11.757667 2
-9.273571 -5.865842 11.525467 15
-8.599671 -5.452342 12.021867 6
-8.452871 -4.801942 12.814267 2
-8.478971 -4.149642 13.527267 1
-8.084671 -3.220142 13.574867 15
-8.959071 -2.671042 13.747567 1
-9.044371 -2.140842 14.576067 2
-8.223871 -1.616442 14.669567 8
-7.455971 -1.134542 14.440267 8
-6.893771 -0.487542 13.900267 2
-6.391471 -1.249642 13.628767 12
-6.477971 -1.759642 14.457167 8
-5.612771 -2.147842 14.211467 2
-5.126771 -2.267142 13.316767 2
-4.630771 -2.181742 12.453467 12
-4.351971 -1.355942 12.794367 8
-4.359871 -0.411042 12.339067 14
-4.600671 0.005358 11.506267 1
-4.888471 -0.136042 10.594967 9
-5.605971 -0.574242 10.042067 14
-6.152671 -1.210642 9.672767 6
-6.066471 -0.376442 9.097167 3
-6.520271 0.516858 8.846067 2
-6.944171 1.314458 8.748067 8
-7.096971 1.299358 9.701767 5
-7.706771 0.809558 9.227367 2
-7.789071 0.172558 9.872567 1
-8.661471 0.447458 10.320767 1
-9.015971 0.682258 11.231267 6
-9.788971 0.681558 10.548967 1
-10.382771 0.115558 10.047367 11
-11.279471 -0.033142 10.301367 5
-11.648871 -0.691442 10.957867 2
-12.347871 -1.364342 11.399767 2
-12.837671 -0.495542 11.433067 5
-13.537171 -1.213542 11.547567 1
-13.203971 -2.082942 11.144667 1
-12.237471 -2.412242 11.397567 2
-11.689271 -2.555142 12.158367 2
-11.211571 -1.742042 12.515567 2
-11.710871 -0.968942 12.351567 2
-12.077871 -0.147542 12.110967 15
-12.331671 -0.656142 12.993967 2
-12.537071 0.199258 13.305167 14
-12.796371 -0.397742 14.048767 15
-12.420371 0.282458 14.587367 14
-11.774671 -0.197642 13.942767 2
-11.874871 0.710258 13.874367 14
-12.124471 1.555258 14.306767 14
-11.431771 2.125058 14.761967 14
-10.583071 2.075358 14.413367 14
-10.083571 2.610258 15.030967 3
-9.120971 2.418658 15.085067 15
-8.781371 1.496458 15.057667 6
-8.763871 1.077758 15.957567 2
-7.879271 0.826158 15.835767 9
-8.174571 -0.090742 15.739067 8
-8.391171 0.230958 16.656367 1
-8.634271 0.109458 17.564467 14
-8.283171 -0.798342 17.632267 8
-7.623571 -0.241842 17.326967 2
-6.895471 -0.914942 17.098167 8
-6.334371 -0.272442 17.528567 9
-6.569571 0.487658 18.021767 14
-6.731371 -0.067542 18.848167 1
-7.319171 0.584658 19.326467 8
-6.654971 0.019158 19.883467 2
-5.860171 0.256958 20.474667 5
-5.662171 -0.654542 20.262367 2
-4.753171 -0.490342 20.401267 2
-3.832871 -0.280642 20.600967 1
-3.422271 0.460558 21.153967 3
-2.862671 -0.210242 21.610167 2
-3.752171 -0.615042 21.717567 1
-3.394471 -1.051542 22.525467 1
-3.589471 -1.667642 21.840467 2
-4.387571 -1.342142 21.464167 3
-4.052971 -1.488842 20.549667 2
-3.941171 -1.884942 19.750567 2
-4.062971 -2.064942 18.825567 7
-3.562771 -2.884942 18.684167 14
-3.275271 -3.413342 19.389167 4
-3.357471 -3.462942 20.343667 2
-3.307671 -2.503842 20.479567 1
-3.029371 -2.443442 19.544667 1
-2.416371 -2.113542 20.192367 10
-1.428371 -2.035442 20.092767 2
-1.235371 -2.617342 20.862667 1
-0.881771 -3.069442 20.082467 6
-0.305871 -3.702442 20.649567 8
0.389529 -4.048442 20.117467 14
0.999629 -3.389642 19.855767 12
1.468469 -2.632242 19.549967 3
0.802529 -2.380642 20.120367 2
0.577429 -1.775642 19.277867 8
-0.027671 -2.437142 19.477867 14
0.217429 -3.108642 18.637667 2
0.448529 -2.474842 17.987767 6
-0.109871 -2.320142 17.190667 2
-0.708971 -2.432042 17.973267 3
-0.594671 -1.494442 17.886767 2
-0.595271 -0.683942 17.260567 7
-1.537971 -0.651742 17.123867 1
-2.247971 -0.701842 16.501667 3
-2.742271 -1.240742 17.103067 8
-3.530671 -1.767842 16.908867 1
-3.552871 -2.646642 16.624367 14
-3.990071 -2.456242 15.739167 14
-4.207771 -2.799142 14.902967 2
-5.152971 -2.921042 15.201767 2
-4.936271 -2.104642 15.820467 1
-5.500471 -1.360442 15.533967 8
-4.873971 -1.534842 14.697567 1
-5.226171 -0.641842 14.735567 9
-5.766271 -0.403042 15.548067 8
-5.006971 0.176058 15.735267 2
-4.773771 0.465958 14.876967 3
-3.882771 0.626558 14.536667 5
-4.053171 -0.288542 14.899467 14
-3.579071 -0.618542 14.085267 5
-2.702271 -1.048042 13.906267 2
-3.111171 -1.990842 13.894867 12
-3.940971 -2.547542 13.872767 2
-4.147071 -3.136742 13.128167 2
-3.671571 -3.693642 12.463267 1
-3.464871 -4.559242 12.239567 3
-4.139671 -4.903542 12.805667 15
-3.313971 -5.289742 13.139067 11
-3.508571 -4.461942 13.633667 2
-3.321771 -4.368042 14.613767 2
-3.311971 -3.443142 14.946567 2
-3.317771 -3.897842 15.883467 14
-2.373071 -4.055142 15.955567 3
-2.341571 -4.284842 16.862167 2
-2.020271 -4.905742 17.589267 1
-2.624671 -4.737542 18.318967 1
-3.077871 -4.321342 17.575867 1
-3.582371 -3.592442 17.043667 14
-4.500871 -3.550642 17.307167 14
-4.217371 -4.308642 17.699067 1
-5.201771 -4.460842 17.814367 14
-5.627671 -5.070942 18.440767 4
-6.352271 -4.492842 18.646767 1
-6.002471 -4.131742 19.466267 1
-6.449971 -3.465242 18.850967 9
-5.983671 -3.001042 19.519767 2
-6.668071 -2.917742 20.098767 2
-7.354571 -3.572842 20.167467 9
-7.215171 -3.914242 21.067567 6
-7.788471 -3.204542 21.089167 9
-7.096471 -2.810042 21.691567 6
-6.383771 -2.310142 21.184867 2
-7.315671 -1.962542 21.044667 6
-7.115071 -2.053442 20.129867 2
-7.901571 -2.051642 19.527467 9
-7.474771 -2.871342 19.427267 2
-8.242071 -3.471342 19.425967 9
-8.187971 -2.955142 18.621967 9
-7.416771 -2.380242 18.286467 2
-7.113171 -2.617042 17.389967 8
-6.559771 -3.122942 16.802667 14
-6.964271 -3.754842 16.254967 2
-6.007371 -4.019642 16.292667 6
-5.395071 -3.230142 16.248167 14
-6.095371 -2.811642 15.780567 2
-6.327371 -1.918142 15.776367 8
-7.062271 -1.564342 16.235267 8
-7.415771 -2.482942 16.437767 3
-8.076671 -1.913642 16.034267 8
-8.254371 -2.774442 15.673367 2
-7.814971 -2.868542 14.843167 8
-8.004671 -3.727942 14.482767 6
-7.093071 -3.738442 14.803367 3
-6.826971 -2.801542 14.625267 8
-6.078171 -3.245042 14.330167 2
-6.068171 -3.146342 13.387167 2
-6.617271 -3.757042 12.950967 3
-5.614371 -4.056342 12.953467 12
-4.729171 -3.877442 13.303767 2
-4.998671 -4.251342 14.148967 2
-4.654971 -3.887342 15.055467 2
-5.171671 -4.504442 15.626267 3
-4.955471 -4.298642 16.471567 14
-4.717471 -5.216942 16.711967 3
-4.107771 -5.883042 16.292167 10
-4.371171 -5.988842 17.299167 1
-4.670371 -6.849342 17.001867 2
-5.363371 -7.107442 16.393867 12
-5.591971 -7.023942 15.495267 3
-5.206571 -6.123742 15.660967 8
-5.831371 -6.097542 14.934467 3
-6.292471 -5.642942 15.639967 1
-5.967771 -5.151742 16.347967 8
-6.794471 -5.154142 16.759967 1
-6.496371 -4.469142 17.390067 14
-7.245771 -3.868942 17.643467 9
-7.955971 -3.864142 16.946167 2
-8.429171 -3.008242 16.982267 1
-8.619771 -2.328242 17.587767 8
-9.278271 -2.350642 18.245967 9
-8.582071 -1.702142 18.432367 2
-8.995271 -1.067042 19.040767 1
-8.039471 -0.795542 19.064967 1
-7.392471 -1.414142 18.827867 2
-6.600871 -1.372242 18.306367 2
-5.888071 -1.118942 17.707367 8
-5.232571 -1.244242 18.403667 7
-5.725971 -1.410842 19.207667 2
-6.587371 -1.087642 19.615267 2
-7.049571 -0.776442 20.389267 1
-6.615671 -1.124142 21.184267 6
-5.683171 -1.484042 21.004867 2
-5.818071 -1.177242 21.933667 6
-5.826271 -0.786742 22.823967 3
-5.813271 -1.736242 22.984067 14
-6.320471 -2.548542 22.724667 6
-5.620071 -3.187242 23.005567 1
-5.952371 -4.042842 22.738767 1
-5.693671 -4.858542 22.304967 3
-5.243971 -4.839342 21.484367 14
-4.505171 -5.042642 21.980567 8
-3.889371 -4.308742 22.350667 3
-3.843871 -3.720342 21.561467 8
-4.338471 -3.254542 22.222767 12
-4.886971 -2.676242 21.691467 9
-5.332271 -2.445042 20.916167 2
-5.026471 -2.729942 20.063767 2
-5.330371 -2.325242 19.264767 2
-5.797071 -2.301342 18.419967 2
-6.057771 -3.040642 17.889267 9
-5.054771 -2.841742 17.701867 14
-4.933071 -1.848342 17.672067 14
-4.898671 -0.949342 17.531167 3
-4.926071 -0.577842 16.606567 8
-3.963071 -0.174442 16.574067 1
-3.411171 0.081158 17.334867 2
-3.038971 -0.023442 18.262267 10
-3.025271 -0.230842 19.178267 9
-3.926471 -0.250242 18.841267 2
-4.785671 -0.015842 19.069567 1
-4.715471 0.859058 19.575567 2
-4.425671 1.459558 18.890867 3
-4.945271 2.047458 18.357167 1
-5.058171 2.447258 17.422567 1
-5.852871 2.535658 17.949367 3
-6.159771 3.241058 17.440167 9
-5.486771 2.978258 16.672167 2
-6.134071 2.245958 16.601167 1
-6.555671 1.374658 16.839467 2
-6.709271 0.441258 16.572067 14
-7.045971 -0.363042 16.160667 8
-6.614571 0.322958 15.605467 2
-7.397271 -0.076142 15.095567 8
-7.338771 0.470458 14.301567 6
-7.902471 1.278858 14.046667 3
-8.595071 1.128658 13.310967 6
-8.093771 1.654458 12.681767 12
-7.945771 0.966158 12.046067 3
-7.931271 0.303858 12.751067 2
-8.598171 0.011858 13.301067 6
-8.866871 -0.823542 13.675467 8
-9.567771 -1.194742 13.100267 2
-9.530671 -0.322542 12.725667 6
-9.714771 -0.663142 11.789267 2
-9.185071 -1.547642 11.759567 2
-8.344371 -1.465742 11.270267 1
-8.198971 -1.918742 10.358367 14
-8.707571 -1.937642 9.465467 12
-8.746071 -2.857142 9.141467 3
-8.227371 -2.830142 8.358867 14
-7.774471 -3.548742 8.941867 1
-7.998971 -4.249742 9.596967 2
-8.756871 -4.426342 10.165967 1
-8.303071 -4.622042 10.990967 2
-8.232171 -3.735742 11.480167 8
-9.152271 -3.730942 11.664367 4
-10.100771 -3.715642 11.424367 3
-10.370071 -3.438442 12.313167 2
-9.519571 -3.255742 12.724967 1
-9.763071 -2.354942 13.051267 2
-10.260271 -2.840442 13.806567 2
-9.907471 -3.426142 14.466267 1
-9.532871 -3.671642 15.354767 14
-9.337371 -4.509342 15.712467 9
-9.169571 -4.096842 16.558467 2
-8.760871 -4.396042 17.380067 6
-8.486071 -3.933142 18.208167 9
-9.386471 -4.204742 18.134367 9
-10.251371 -4.316842 17.726167 2
-10.378871 -4.305342 16.750867 6
-10.826571 -3.900242 15.912167 14
-10.623171 -2.973542 15.685567 9
-10.989171 -2.542042 14.814267 3
-11.011871 -2.167242 13.971767 2
-10.580871 -1.665442 13.193367 2
-10.487071 -0.741842 13.612167 2
-10.899971 -1.019442 14.407367 2
-11.262271 -0.384042 15.081267 1
-11.269671 -0.941942 15.881067 8
-11.075371 -1.292842 16.715367 10
-10.259371 -1.822542 16.801067 3
-9.767571 -1.058642 16.722767 3
-8.852371 -1.539142 16.877267 8
-9.182471 -1.820342 16.053167 3
-8.784271 -0.996942 15.705067 8
-9.370571 -1.253642 14.980767 2
-9.783271 -0.616642 14.422067 2
-9.425671 -0.023342 15.063867 8
-10.086571 0.351758 15.681967 1
-10.918071 0.799658 15.642267 14
-11.657271 1.341658 15.360367 14
-12.497671 1.064758 15.753267 6
-12.921571 1.218758 16.618067 3
-13.547571 0.438758 16.706667 2
-12.972971 0.124058 17.425867 3
-12.675171 -0.741542 17.746967 14
-12.422971 -1.035142 16.832167 2
-12.512771 -2.031942 16.850767 2
-13.420071 -1.928542 17.139367 7
-13.345171 -2.701142 17.754367 3
-13.154771 -2.929042 16.873967 4
-12.800071 -3.873642 16.643667 8
-12.201471 -4.651242 16.559267 3
-12.181671 -4.900042 17.499867 6
-13.045771 -4.839842 18.021667 1
-12.922171 -5.725242 18.420367 2
-12.179471 -6.297042 18.567767 1
-11.621871 -7.111842 18.618467 7
-10.961771 -6.949942 19.241167 10
-10.119671 -7.400142 19.393667 2
-10.618071 -7.591542 20.172867 3
-9.994171 -7.109942 20.741767 5
-10.191971 -6.212542 20.873267 5
-10.520871 -5.623742 21.575367 6
-10.352971 -4.939942 22.235867 3
-11.197171 -4.628742 21.981367 3
-11.737171 -4.406142 21.149267 13
-11.170971 -4.573542 20.380267 3
-10.799071 -4.143842 19.601267 2
-10.049671 -4.241042 19.023667 9
-10.076771 -3.330442 19.479667 8
-9.169971 -3.449142 19.932067 9
-9.857571 -3.651842 20.583567 3
-9.682371 -2.713242 20.533867 3
-9.941071 -2.186442 19.779267 1
-10.065271 -2.526042 18.890767 9
-10.730371 -1.760442 18.902467 14
-10.767971 -0.804942 18.626167 1
-10.974871 -0.798742 19.551167 10
-10.255271 -0.429042 20.076667 3
-10.438071 -1.047042 20.918767 1
-10.281771 -1.817842 21.505967 3
-9.895071 -0.970742 21.863167 8
-9.363971 -1.518942 22.468067 1
-9.856471 -2.449242 22.561867 3
-9.972371 -1.869942 23.374267 5
-10.254071 -2.676942 23.886567 3
-11.088571 -2.409042 23.715767 3
-10.885871 -1.456442 24.062167 9
-11.037871 -0.457942 24.005067 10
-11.416071 0.106758 23.356767 2
-10.592171 0.367258 23.024367 13
-10.365171 1.236258 22.705767 3
-10.721771 2.032558 22.261467 12
-10.245571 1.647758 21.500167 14
-9.582671 0.963958 21.210467 1
-8.865571 0.773058 21.868467 9
-9.103271 1.710558 21.987567 4
-8.750371 2.054658 22.807567 2
-8.856471 2.836658 22.277367 3
-9.517371 3.563858 22.269467 2
-8.991871 4.292058 22.109067 10
-8.359171 4.665458 22.693067 2
-8.524471 5.538058 22.385767 8
-8.603971 5.769758 21.445767 6
-8.480571 6.142058 20.586267 3
-9.145171 5.892258 19.925267 1
-8.783471 5.155458 19.374667 1
-9.650071 4.688658 19.057867 7
-10.086071 3.842758 19.071867 3
-11.074571 4.091558 19.048467 1
-11.324971 3.371458 19.592067 10
-10.804871 3.902058 20.202267 1
-9.995371 3.747158 20.691167 3
-9.306271 2.993758 20.660167 12
-8.423371 2.569758 20.434967 6
-8.055571 1.629758 20.468567 3
-8.015471 1.666958 21.454167 13
-7.537371 1.011358 22.003967 9
-7.488971 0.050558 21.952667 6
-8.337671 -0.411042 21.863767 4
-7.594671 -1.040442 21.580767 6
-8.243371 -1.200442 20.849767 8
-8.747671 -1.652542 20.160267 9
-9.269771 -1.561042 20.977267 3
-8.727271 -2.343342 21.198167 6
-8.818171 -3.289142 21.132667 9
-9.368371 -3.903242 21.606967 3
-9.550471 -4.794942 21.463667 3
-9.411871 -5.627542 21.936967 5
-8.557971 -5.067342 21.893967 3
-8.837971 -5.298742 20.977867 5
-9.138571 -4.651342 20.263667 9
-10.092471 -4.701042 20.302067 3
-10.081871 -5.636642 19.999367 10
-9.448471 -5.445242 19.325067 9
-8.626571 -5.783342 19.647467 8
-8.270371 -6.498842 20.206767 5
-8.032871 -7.259142 19.601567 3
-8.560171 -7.395642 18.788267 14
-8.082171 -7.644642 18.011067 3
-7.851171 -8.385242 18.617867 14
-7.803271 -9.347342 18.643767 5
-7.048271 -9.133842 19.161967 10
-6.349571 -8.796942 18.594867 1
-5.955671 -7.959542 18.296067 4
-6.162071 -7.615242 17.373567 1
-6.987371 -7.396842 17.828967 1
-6.831871 -6.720942 18.535667 3
-6.641371 -5.871842 18.081367 3
-7.455471 -5.743742 18.617867 1
-7.910371 -4.920542 18.846767 9
-7.808971 -4.510942 19.697867 9
-7.505971 -4.752642 20.598167 3
-6.574071 -4.588342 20.626967 1
-6.424071 -5.358342 21.249767 4
-6.945671 -5.122442 22.000567 1
-7.371171 -5.217342 22.965067 1
-8.289871 -4.759542 23.074067 3
-8.106571 -3.837242 22.746467 11
-8.459071 -2.907142 22.515167 6
-9.370071 -3.409042 22.493967 3
-10.132071 -3.891442 22.341667 3
-9.820771 -3.908042 23.287067 3
-9.005771 -4.208742 23.639967 3
-8.964071 -3.294242 23.483067 15
-7.953271 -3.095742 23.504567 6
-8.072771 -2.704042 24.393467 13
-9.009171 -2.478042 24.168167 3
-8.555271 -1.864142 24.737367 13
-9.373671 -1.484842 24.415167 3
-8.738871 -1.287242 23.648467 10
-8.390471 -1.929142 23.018467 6
-7.701971 -1.318442 22.748767 6
-7.889671 -0.430542 23.056767 12
-8.485871 -0.304942 23.873767 9
-9.261971 0.173058 23.692167 3
-8.541771 0.794258 23.933867 5
-9.151471 0.455958 24.683167 8
-9.991371 0.344558 25.172567 3
-9.677971 -0.407742 25.674467 8
-9.115071 -0.869042 26.246867 4
-9.790471 -1.507242 26.586167 4
-9.773871 -2.525942 26.619467 3
-10.306471 -3.107142 27.116567 5
-10.777571 -3.811542 26.661667 3
-11.551871 -3.244442 26.576167 9
-12.178471 -2.782142 27.251067 9
-12.635171 -2.556742 28.076467 1
-12.430771 -2.750142 29.052867 2
-11.480671 -2.737342 28.929667 5
-11.761671 -1.856842 29.247067 3
-10.925871 -1.606342 28.863667 6
-10.380871 -2.213442 28.301867 5
-10.901971 -1.411742 27.847267 1
-11.177671 -0.548742 28.110867 6
-11.640071 0.297858 27.953967 1
-12.066771 1.023158 27.550967 3
-12.878271 1.506258 27.377667 1
-12.929371 1.327558 28.371967 10
-13.680671 0.824858 27.872467 1
-13.646671 -0.026442 27.343567 5
-14.166471 -0.783642 27.071667 3
-14.173771 -1.202242 26.180967 3
-14.153771 -2.000942 26.712667 10
-13.383671 -2.707442 26.857767 9
-14.186271 -3.251742 26.571967 13
-13.482771 -3.021742 25.916967 9
-12.803471 -3.480142 25.427367 9
-12.121771 -3.323742 24.657367 3
-11.795371 -3.216242 25.590867 9
-10.928471 -3.583742 25.603867 3
-10.303571 -3.865842 24.978867 3
-10.492371 -3.733542 24.028467 3
-11.397071 -3.541542 23.702267 3
-12.065171 -2.826542 23.617567 14
-11.661671 -3.224042 22.749667 3
-12.526871 -2.817242 22.554267 9
-13.229971 -3.361842 22.319767 13
-14.077371 -3.009842 22.609567 3
-14.454271 -2.154942 22.865067 1
-14.779171 -2.220042 23.808967 4
-14.716671 -1.390442 24.334867 1
-15.149871 -0.531142 24.660467 9
-15.809171 0.093658 24.446167 6
-16.103471 -0.774142 24.158667 1
-16.491771 -1.462542 24.693667 1
-16.368271 -2.320242 25.161367 3
-16.133971 -2.921442 25.938867 6
-16.167871 -3.901242 25.797567 3
-15.723571 -4.724942 26.007167 1
-15.263071 -5.538642 25.976967 4
-14.579371 -5.306342 25.274367 9
-15.284971 -4.706942 24.875567 8
-14.668271 -4.945942 24.136967 11
-13.802771 -5.262842 24.455167 8
-13.025771 -5.652642 23.939567 5
-12.091671 -5.616742 23.627667 3
-11.199371 -5.972842 23.742167 3
-10.365871 -5.937542 23.152467 3
-10.886171 -6.277742 22.406867 5
-11.762371 -6.193342 22.849267 3
-12.138371 -6.668042 22.055467 10
-12.089971 -7.343242 21.340567 6
-11.538771 -8.101442 21.633267 3
-10.684071 -7.798142 21.738167 5
-10.697071 -7.427342 22.623967 5
-10.122271 -7.781442 23.272467 9
-10.467971 -8.596042 22.783667 1
-10.694271 -9.291342 23.521967 9
-9.889971 -9.528742 24.007667 14
-9.039071 -9.242142 24.179367 12
-8.480771 -9.891842 24.639667 15
-9.144171 -10.468642 24.925867 3
-8.436971 -11.215542 25.202467 4
-8.026771 -11.206242 26.093167 1
-7.358371 -10.638442 26.591867 3
-7.322671 -10.345742 25.638767 1
-7.713471 -9.529242 25.762567 3
-6.911171 -9.084042 25.562267 3
-6.671171 -8.411542 26.240067 3
-5.965171 -8.020742 25.725267 8
-6.337671 -7.216042 26.107567 10
-6.328271 -7.660742 26.944067 3
-7.095171 -7.162842 27.240467 6
-7.536571 -7.942942 27.687467 3
-8.104671 -7.930342 28.419067 3
-7.851671 -7.117742 28.112367 6
-7.832271 -7.122842 29.059667 9
-7.698271 -6.691742 29.972467 9
-8.315771 -5.979442 29.755867 6
-9.180871 -6.112142 30.268267 3
-9.385271 -5.483042 31.063367 9
-9.876771 -4.560842 31.073167 3
-9.817671 -4.581042 30.073167 13
-9.470371 -4.940942 29.283867 4
-8.925971 -4.229842 28.896767 5
-8.572871 -5.098542 28.550867 6
-9.129771 -5.849442 28.546767 6
-9.100871 -6.617142 29.149967 13
-8.774471 -7.429142 29.662367 9
-8.713871 -7.937442 30.504967 9
-9.344371 -8.591942 30.167067 3
-10.215371 -8.918442 30.463567 1
-11.039671 -9.134842 30.840367 10
-10.649271 -10.039742 30.954867 3
-10.141271 -10.597442 30.398667 1
-10.341471 -10.753542 29.519467 1
-9.527771 -10.772442 28.928367 3
-9.273571 -11.469542 28.397867 1
-10.169871 -11.665542 28.103067 5
-9.732871 -12.512042 27.849267 3
-9.056471 -13.164342 28.193367 1
-8.419171 -13.396942 28.878567 5
-9.147471 -13.429142 29.499667 9
-8.805571 -13.628542 30.326967 8
-8.243171 -13.313142 31.019867 8
-7.571771 -12.660142 31.218367 6
-8.026271 -11.890842 30.812667 3
-8.384371 -11.541142 29.948467 5
-8.276871 -10.820142 29.268967 6
-7.543371 -10.230242 29.242267 3
-7.823971 -9.669542 28.534467 3
-7.354971 -9.428342 27.694867 3
-6.966871 -10.304942 27.482867 3
-7.638071 -10.638642 28.060067 4
-7.639971 -11.452742 28.586467 15
-6.819171 -11.931042 28.909467 8
-6.968271 -11.243342 29.549067 4
-6.602571 -10.963142 28.696467 3
-6.263171 -11.039242 27.784667 14
-5.733971 -10.482742 28.364467 3
-5.889571 -10.179542 29.258467 13
-5.698671 -9.787742 30.117267 5
-6.506771 -9.293042 30.119967 4
-7.079671 -9.375542 29.339967 3
-6.847371 -8.447842 29.613967 9
-6.750171 -8.062942 30.485167 9
-7.020671 -7.146742 30.647667 9
-7.413271 -7.698942 31.229767 9
-7.414571 -8.642342 31.202667 13
-7.772371 -9.295742 30.579867 1
-8.050671 -8.843942 29.742767 9
-8.340171 -8.851142 28.816767 3
-9.328871 -8.984242 28.905667 15
-9.216871 -8.406742 28.122967 3
-9.081971 -7.502942 28.398667 10
-8.776171 -6.685542 28.039667 6
-9.156071 -7.092742 27.234367 6
-8.480871 -7.741342 27.247067 1
-9.194771 -8.363342 26.918767 3
-9.020071 -9.379642 26.739967 1
-8.618271 -9.756442 27.523167 3
-8.513771 -10.529342 27.066867 6
-8.373971 -10.122642 26.204767 10
-8.061871 -9.358742 26.745067 3
-7.660371 -8.505342 26.700767 3
-7.801571 -7.588442 26.502667 6
-7.581271 -7.870242 25.556067 1
-8.449371 -7.594742 25.080367 11
-8.114871 -7.141042 24.279867 9
-8.653971 -7.769942 23.712867 13
-8.535971 -7.938642 22.778767 6
-8.225471 -7.027942 22.789967 8
-9.002271 -6.752942 22.268367 5
-9.191171 -7.387742 21.532567 5
-8.273471 -7.488642 21.240567 6
-8.038271 -6.518942 21.331867 5
-8.158471 -5.985142 22.177867 9
-8.776771 -5.997442 22.961067 10
-9.308371 -5.288942 23.450167 3
-10.143371 -4.972242 23.268067 3
-10.857071 -4.809842 23.909767 3
-11.760271 -4.595042 23.753967 3
-12.698071 -4.477642 23.539767 1
-11.979671 -4.509542 22.791667 3
-12.153171 -5.272142 22.273067 3
-12.866771 -5.584342 21.692567 4
-12.311471 -5.741142 20.864367 1
-11.603871 -5.432342 20.204267 3
-12.210671 -5.181842 19.538767 1
-12.425071 -6.117042 19.757067 9
-13.332171 -5.777242 19.806167 4
-13.868371 -4.979942 20.040567 1
-14.316071 -4.366742 20.666667 1
-13.648071 -3.846942 20.277567 3
-12.836671 -3.500542 20.675867 9
-12.063871 -3.171742 21.156567 8
-11.100071 -3.271242 21.054567 3
-11.029271 -3.475542 22.027467 3
-11.008671 -2.513342 22.074267 3
-11.030671 -1.619842 22.384267 9
-11.621471 -1.433342 23.129567 6
-11.892671 -1.756942 24.001767 5
-11.768471 -2.126542 24.825767 3
-12.573771 -2.075042 25.268567 9
-13.288871 -1.458142 25.061867 6
-13.066571 -0.841842 25.740967 3
-12.654971 -1.532242 26.295167 9
-11.929971 -0.867842 26.345067 10
-12.116371 -1.095342 25.411867 5
-11.669471 -1.891742 25.868067 9
-10.768971 -1.643942 25.705767 15
-10.731571 -2.630442 25.629167 3
-9.960671 -2.826042 25.095167 3
-9.451471 -2.125642 25.470967 6
-8.843971 -2.588442 25.943567 1
-8.628071 -3.365742 25.385967 13
-9.280471 -4.068242 25.249467 3
-8.746971 -4.440542 24.543167 3
-7.799071 -4.603942 24.642867 13
-6.912071 -4.707142 24.165967 5
-7.057871 -5.624342 24.378567 10
-7.758971 -6.013142 24.884467 1
-7.841471 -5.974642 25.812167 3
-7.870771 -5.597142 26.749567 6
-7.618371 -5.845642 27.688367 6
-6.762371 -6.054442 28.157167 5
-5.931571 -5.680742 27.906167 3
-4.969071 -6.175442 27.782867 6
-5.494971 -6.224442 27.001967 8
-4.883371 -6.225042 26.182467 3
-4.268271 -6.100442 25.454767 11
-4.481571 -6.944742 25.202467 9
-3.938471 -7.710642 25.597267 12
-4.830871 -8.185142 25.635667 3
-5.437771 -8.970242 25.664267 4
-5.203571 -9.895742 25.820167 13
-6.109571 -10.000342 26.022667 3
-5.610371 -10.295942 26.779467 14
-5.200571 -9.630042 27.380967 4
-6.162871 -9.597442 27.518367 3
-5.850271 -9.146142 26.714667 3
-5.419671 -8.360942 27.066567 4
-5.018171 -8.299942 27.944467 10
-5.091671 -7.542342 28.610067 1
-6.016671 -7.287342 28.709267 9
-6.455071 -7.972742 28.183467 3
-6.173771 -8.908242 28.381967 3
-5.839971 -8.343942 29.019467 6
-5.399271 -8.133042 29.861867 1
-5.827371 -7.278242 30.049567 9
-6.070571 -6.396742 30.444467 1
-6.630271 -6.242342 29.605267 9
-7.328271 -5.629542 29.322767 6
-7.516071 -5.230742 28.504267 6
-7.008771 -4.498842 28.232367 3
-5.976571 -4.383242 28.246267 4
-5.603071 -5.015342 28.856567 1
-5.940671 -4.309542 29.428567 3
-5.810171 -3.837842 30.221367 15
-6.786071 -3.552842 30.169967 13
-6.492171 -3.571842 31.115767 10
-7.334871 -3.288142 31.497767 8
-8.293871 -3.498542 31.473067 1
-9.151271 -3.195442 31.438567 9
-9.716871 -3.312042 30.672367 3
-9.363671 -2.831542 29.894867 5
-9.711371 -3.698642 29.429267 3
-9.977271 -3.433542 28.459467 5
-10.644671 -3.898042 28.913467 5
-11.073571 -3.506342 29.687367 3
-12.037671 -3.836842 29.812267 8
-12.358671 -3.818142 28.912867 1
-13.253471 -3.835642 28.469467 3
-13.097271 -3.872142 27.501567 9
-13.838471 -4.463542 27.273467 10
-13.482571 -4.375442 26.350367 13
-13.146071 -4.638142 25.583767 11
-12.524371 -4.445342 24.847267 3
-12.137371 -4.389942 25.740467 9
-11.259971 -4.785042 25.581367 3
-10.634371 -4.939642 24.898367 3
-9.745171 -5.173442 25.190767 3
-8.747271 -4.972342 25.426567 9
-7.884571 -4.552742 25.630667 13
-7.352371 -4.484642 26.444367 9
-8.146271 -3.927042 26.797467 6
-7.659971 -3.361942 26.161067 13
-7.093971 -2.847842 26.842067 15
-7.354871 -3.142642 27.686367 4
-8.307371 -2.921642 27.841767 5
-8.277571 -3.852042 28.068767 6
-9.176771 -3.729342 27.961867 5
-9.138571 -4.590642 27.465167 6
-9.828071 -4.122442 26.938667 3
-9.145671 -4.274842 26.272467 3
-8.771971 -5.031242 26.714267 6
-9.583671 -5.409742 26.215267 3
-8.905171 -6.028142 26.584467 6
-9.848771 -6.375542 26.406767 8
-9.724871 -5.920242 27.250067 6
-10.116771 -5.140842 27.508067 5
-10.648271 -5.149742 26.652767 3
-10.853271 -6.056542 27.060867 4
-11.203471 -6.827142 26.552367 1
-10.949871 -6.975342 25.613867 3
-11.300271 -7.989642 25.472367 1
-10.395771 -8.279442 25.927967 10
-9.710771 -7.623342 25.820567 1
-9.484971 -7.198142 25.020267 1
-9.984971 -6.374442 25.029367 3
-10.037671 -6.757642 24.129367 3
-10.723771 -7.401142 24.550867 1
-11.600571 -7.045242 24.846467 1
-11.045571 -6.232442 24.831067 3
-11.710071 -6.147942 25.475467 3
-12.161171 -5.434042 25.940367 1
-12.198171 -4.820442 26.700467 10
-11.516471 -4.930042 27.377267 4
-11.956971 -4.086142 27.352367 9
-11.545871 -4.350342 28.288667 5
-10.925271 -4.984542 28.629667 5
-10.583871 -5.410242 29.457667 11
-10.337371 -5.648642 30.332967 6
-11.035271 -5.344942 30.954567 4
-11.552571 -6.216142 30.951667 9
-12.048971 -6.914142 30.502767 9
-12.920071 -6.596142 30.197067 3
-13.722271 -6.377242 30.625567 14
-14.189771 -5.556942 30.378267 3
-13.957971 -4.994742 29.559267 12
-14.438471 -4.710042 28.710667 10
-14.755171 -4.169542 29.437067 3
-14.760171 -3.780042 30.361767 10
-14.558471 -3.547942 31.276067 6
-14.036071 -3.584642 32.069667 8
-13.402971 -2.842142 32.228567 13
-12.917271 -2.352742 32.860267 10
-12.183571 -2.318342 33.491667 1
-11.937271 -1.380342 33.686767 10
-11.396371 -0.577442 33.660167 4
-10.571471 -0.414142 33.098767 9
-10.561571 -0.477842 32.133567 3
-10.986871 0.012358 31.510467 4
-10.795671 -0.780642 30.969367 13
-10.645071 0.039958 30.392767 6
-10.359671 -0.250542 29.546067 10
-10.438871 -1.206542 29.824167 13
-9.499171 -1.584342 29.812567 3
-9.590171 -2.176142 28.970567 5
-9.345871 -1.514642 28.252567 4
-8.619371 -2.117342 28.342367 5
-8.419771 -1.988542 27.383867 4
-8.103571 -2.209642 26.524367 13
-8.109771 -1.179542 26.553067 4
-8.190671 -1.352042 25.502367 13
-7.983771 -0.402042 25.478667 1
-8.648471 0.222558 25.786067 4
-9.086971 0.836158 26.409367 13
-9.545571 1.263858 25.690367 10
-10.199671 1.795358 26.093367 3
-10.959571 2.103658 25.532367 6
-11.377471 1.270858 25.703867 1
-10.951471 1.047358 26.613867 3
-10.567971 1.219758 27.464067 6
-9.786971 0.682158 27.617967 10
-9.469471 -0.004742 26.976067 4
-9.649571 -0.265142 27.872867 4
-8.674171 -0.091242 27.966567 4
-8.040671 0.646458 27.659467 11
-7.242371 0.220558 27.911567 11
-6.909571 -0.550142 27.449567 10
-7.888071 -0.826442 27.577067 4
-7.602871 -0.595042 28.525967 11
-6.675571 -0.874142 28.678467 10
-7.171171 -1.784242 28.704567 9
-6.258171 -2.005742 28.393067 10
-5.569371 -2.149542 29.156567 8
-5.225171 -3.036742 28.890367 5
-4.743971 -3.109342 29.748367 1
-4.335671 -2.536242 30.417467 6
-4.082871 -3.452642 30.434067 1
-3.855571 -2.983842 31.261467 3
-3.638071 -3.949742 31.268667 13
-4.415571 -4.307542 31.793467 10
-3.678171 -4.829142 32.149567 1
-3.221671 -4.094242 32.571667 10
-2.769071 -3.977842 31.725367 4
-2.418071 -4.614442 31.071167 13
-2.034471 -4.240342 30.284667 6
-1.510771 -3.814742 29.602367 5
-1.158571 -3.787442 28.738367 13
-0.462771 -4.402042 28.828267 10
0.482729 -4.402442 28.771567 1
1.127529 -3.661242 28.648067 15
1.268389 -3.159642 29.499667 4
2.141589 -3.117642 29.928567 9
2.959229 -2.633042 29.973767 4
3.019569 -3.602242 29.713667 8
3.436479 -3.225642 28.986667 10
3.796889 -3.373642 28.134967 9
4.021729 -3.395142 27.214967 4
4.289419 -2.545542 26.772067 4
5.030649 -2.800242 26.214367 12
5.200599 -3.078442 25.282967 3
5.991729 -2.682042 24.864067 1
6.814539 -2.919742 24.435467 13
7.298669 -3.162242 23.651967 6
7.070089 -4.066842 23.625167 10
7.053089 -4.339142 22.658867 4
7.716509 -4.561642 22.015867 13
8.286589 -3.816042 22.198067 1
8.649929 -3.754342 23.133367 15
8.471869 -3.505742 24.036467 11
8.630539 -4.324742 24.475467 4
8.220499 -5.017742 23.873867 5
8.108849 -5.728742 23.295567 3
9.064229 -5.811942 23.347167 3
8.843009 -5.533742 22.390967 13
9.228539 -4.624642 22.550067 2
9.297719 -4.100542 21.753167 4
9.973109 -3.537542 22.146067 10
9.950599 -2.777242 21.588167 13
10.546351 -3.159942 20.929967 4
11.228257 -3.804242 21.102667 6
11.955204 -4.382442 21.239667 1
12.483389 -3.818742 21.805367 10
11.594929 -3.989842 22.153567 6
11.604652 -4.622742 22.907667 1
11.306571 -4.788642 23.849867 1
10.396168 -4.832942 24.062367 3
10.081409 -4.987342 24.908367 9
10.801447 -4.393042 25.036067 1
11.131515 -3.583742 25.424967 10
11.624807 -3.114842 26.101167 4
10.694146 -2.906342 26.358667 1
10.386905 -3.737742 26.532967 1
9.975069 -4.598342 26.201267 10
10.304418 -4.588342 27.159067 13
10.028339 -4.992842 28.009967 10
9.140469 -4.889742 28.567467 1
9.330339 -5.147742 29.500967 3
9.807799 -4.669942 30.162667 13
10.80134 -4.845142 30.570767 13
11.741637 -4.837742 30.792667 8
12.114188 -5.474842 30.119167 5
12.971249 -5.943642 30.408567 10
12.792659 -5.204942 30.960167 11
12.703779 -4.220442 31.135467 10
12.427669 -3.349142 30.818067 4
11.761504 -3.013342 30.139967 4
11.073698 -2.501542 30.658667 8
11.27669 -2.351142 31.659767 5
10.330077 -2.100142 31.595367 6
10.237984 -1.517942 30.936867 4
10.379996 -1.390842 29.969067 9
10.620062 -0.500342 30.350767 10
11.585605 -0.348142 30.231967 4
12.208389 0.256458 30.774167 3
13.165049 0.251258 30.895267 4
13.002449 1.091858 31.239967 1
13.432639 0.775758 32.021367 11
13.472179 -0.166742 31.754567 13
12.637489 -0.581142 31.452067 4
12.379909 -0.713742 32.328567 11
13.317159 -0.829142 32.507167 5
13.064709 -1.201542 33.329467 6
12.980239 -2.096842 33.682167 15
12.064393 -1.978342 33.448767 13
11.143065 -1.853842 33.590467 8
10.549913 -1.846142 34.315767 12
10.25172 -1.839142 35.253407 5
9.456209 -1.746742 34.693167 4
8.683249 -1.223442 34.924767 1
7.815339 -1.513642 35.130877 4
6.978979 -1.083642 34.647867 3
6.412769 -0.528942 34.073767 6
5.729999 0.105858 34.140867 10
5.157929 0.788058 34.064767 10
6.127199 1.241158 34.063967 13
6.836059 0.527858 33.964067 9
6.607269 0.262958 34.822867 10
7.080739 0.104558 35.686597 13
7.363249 -0.549542 36.297487 4
7.681489 -1.520242 36.292017 15
7.795119 -2.158542 37.094167 3
7.622049 -1.784442 37.980977 1
7.520809 -2.738842 38.248187 1
7.536109 -3.188742 39.162077 4
7.421709 -4.109142 39.470257 10
8.310019 -4.603642 39.352217 4
7.595599 -5.373042 39.336877 3
8.373139 -5.617442 38.772787 4
7.677179 -6.133542 38.369637 10
7.172519 -6.951242 38.456297 1
6.472429 -6.434042 38.866077 1
6.021009 -5.823242 38.180927 1
5.213639 -6.391842 38.204897 1
4.342909 -5.792642 38.531767 10
3.865259 -5.062642 38.366757 11
3.671809 -4.497942 39.159317 13
4.233489 -3.969942 38.699317 9
4.617029 -3.769742 37.835777 4
5.369979 -3.201442 38.160217 1
5.102579 -2.265042 38.137177 4
4.560279 -2.153242 38.971557 11
4.077589 -1.336842 39.078717 6
4.313639 -0.462642 38.702067 6
4.770599 0.105758 38.088257 10
4.817219 0.931258 38.526197 3
5.015639 0.993158 37.562817 13
5.030059 0.153058 36.855747 5
4.918119 0.322758 35.872967 10
3.975729 0.553158 36.365827 6
3.450609 1.331658 36.775197 8
3.510349 1.899558 35.972827 12
3.836869 2.221858 35.135567 10
4.267089 3.104058 35.329027 13
4.553679 2.630858 36.139227 4
5.260149 2.684958 35.528497 4
5.063259 1.761658 35.311877 10
5.889249 1.913558 34.870767 3
6.632529 2.659058 34.905267 4
6.536509 3.611158 34.532667 4
6.103529 2.933858 33.909667 6
5.498999 2.799058 33.194967 13
5.075519 2.027458 33.491967 10
4.188919 2.456358 33.673367 8
4.363899 2.234358 32.791267 10
4.283669 3.131458 32.682967 1
4.091209 3.219658 31.728067 4
3.194879 3.477458 31.505067 10
2.445479 2.872458 31.283467 13
1.542979 2.945558 31.010667 13
1.755429 3.860258 31.106867 3
1.729929 4.752658 31.403367 1
1.961569 4.464058 32.275467 1
2.145469 4.046258 33.148267 4
1.986119 3.108658 33.042567 5
1.164429 2.701258 33.149167 13
1.582539 2.035558 33.701367 9
2.206379 2.596658 34.120167 4
2.619579 1.832758 33.636767 1
3.415169 1.370158 33.898867 10
3.537599 1.166058 34.888467 6
4.425329 0.964758 35.121397 10
4.169249 0.646558 34.280867 10
3.410839 0.147958 34.596967 4
2.989939 -0.130842 35.495827 11
2.081069 0.216058 35.173047 15
1.977309 0.037758 34.213167 9
1.726949 -0.748642 34.681267 10
1.217259 -1.340142 34.091067 13
1.247309 -1.808242 33.232867 6
2.179879 -1.669542 33.030167 4
2.168999 -1.109242 32.227467 4
1.683809 -1.193742 31.468067 3
1.240249 -0.565542 32.070167 9
1.027429 0.338058 31.827067 4
1.460569 1.267858 31.967067 13
1.086129 0.709758 32.738267 9
0.219529 0.330258 32.747167 5
-0.357871 0.077958 32.014967 4
0.258829 -0.352042 31.401467 1
0.303829 -0.380342 30.472867 3
1.170429 -0.039142 30.460767 10
0.982729 0.643758 29.809267 13
0.153829 0.158858 29.345167 7
-0.724771 0.566758 29.488167 5
-0.703071 -0.179542 30.076967 5
-0.793271 -0.637642 29.227767 10
-1.158571 -1.236242 29.851167 8
-1.649571 -1.857542 29.262867 4
-1.999771 -1.083342 28.826567 1
-1.579071 -0.758042 28.025567 12
-2.239871 -0.739742 27.263167 1
-3.197171 -0.451142 27.217667 10
-2.960471 -0.435642 26.211767 6
-3.722471 0.245058 26.189567 10
-3.468871 1.234858 26.272367 4
-2.772371 0.626958 26.706367 3
-2.428871 1.520058 26.446467 4
-1.481071 1.407158 26.391767 10
-1.288371 2.079258 26.984567 4
-0.659171 2.373458 27.671167 6
-0.319571 1.474758 27.699367 1
-0.485971 0.458658 27.715867 1
0.166829 0.645158 28.414067 1
0.326729 1.582558 28.809367 13
1.096229 1.054758 28.341767 10
2.060459 1.066658 28.673867 13
2.634019 1.523758 28.108567 14
2.988239 2.437058 28.116267 10
2.120249 2.968358 28.468967 4
1.695909 2.676758 29.277567 13
2.437719 2.106558 29.235267 13
3.317509 1.590158 29.228567 11
3.659279 0.625258 29.054067 10
3.173309 0.143358 29.657467 8
3.011349 -0.724442 29.273867 3
2.885859 -1.366442 29.922267 11
3.020809 -0.981842 30.762667 4
2.774139 -1.701842 31.400967 4
1.991389 -2.104942 31.774667 15
1.946659 -3.070242 31.591467 13
2.241979 -3.206942 32.548067 5
2.896069 -2.933442 33.174567 6
3.733819 -2.551942 33.067267 4
4.357589 -2.274242 33.784667 9
3.880249 -2.098142 34.630067 6
3.915089 -1.139142 34.794967 5
4.060189 -0.510242 34.099767 10
3.891089 -1.095042 33.343967 4
3.972429 -0.640842 32.462967 4
4.362069 0.355858 32.470767 10
3.747329 0.248958 33.253867 10
2.773709 0.166858 33.485067 9
2.874579 -0.568842 32.882467 4
2.723189 -0.810942 33.846667 5
2.677109 -1.698642 34.256367 3
3.061469 -2.555442 34.408367 13
3.836729 -3.263342 34.312867 4
3.997499 -3.378042 35.304247 1
3.663799 -2.725942 35.877287 13
3.882679 -2.794542 36.776727 10
4.824799 -3.128142 36.562777 1
5.746459 -2.950342 36.378157 1
6.275829 -2.122442 36.508547 1
5.949449 -1.409042 35.948007 7
5.706389 -0.493842 35.350947 10
5.064259 -1.196442 35.084727 8
5.232989 -0.836842 34.077667 10
4.934979 -1.212042 33.295167 4
5.324769 -2.080642 33.105467 4
5.434449 -3.094642 32.803867 13
5.977539 -2.521042 32.231467 12
6.168989 -3.193942 31.642267 11
6.222399 -3.959842 32.215567 6
7.026739 -4.321342 31.878667 4
7.644829 -3.867042 31.321667 10
8.327039 -3.884442 31.971667 4
8.119499 -4.495142 32.873367 10
7.280909 -4.423142 33.364767 14
6.408039 -4.528142 33.093467 6
5.956659 -5.107142 32.525467 4
5.741989 -5.501842 31.651467 3
4.743149 -5.308542 31.695067 11
4.707009 -5.159342 30.738467 13
3.785139 -5.255442 30.476867 10
3.709489 -4.338342 30.802367 5
4.211869 -4.120942 29.989667 4
5.094959 -4.449642 29.846167 3
5.000599 -3.527542 29.528167 15
5.110779 -2.863142 28.884967 10
4.541979 -2.171042 29.210567 1
4.115639 -1.492442 29.729967 4
4.867539 -0.971342 29.257967 9
4.709279 -0.264142 29.915567 4
5.186109 0.398858 29.478567 5
5.727179 0.775958 30.126467 1
4.934829 0.675358 30.680667 10
4.594219 1.595558 30.353267 5
5.121409 1.700458 31.233467 10
4.939269 2.684458 31.229367 6
4.085229 2.189958 31.199367 1
3.181869 1.923758 30.755267 13
2.976659 1.284458 30.124467 15
2.055249 1.453958 30.183267 13
2.264919 0.789758 30.910267 13
2.248569 0.235858 31.697567 4
2.286719 0.704758 32.517867 9
2.451969 1.603158 32.163567 13
3.256349 1.530958 32.648667 1
4.117049 1.282758 32.153667 10
3.635639 0.839158 31.406767 9
3.470159 0.017758 30.796767 4
4.068569 -0.187442 31.521767 4
4.969069 -0.242042 31.279167 10
4.972619 -0.987542 31.900767 4
5.814039 -1.119742 32.489367 6
5.321369 -0.233142 32.473867 10
6.192299 -0.087342 32.847867 11
5.575729 0.636858 32.999467 10
6.210199 1.024658 32.475267 10
6.889509 0.691458 31.799467 3
6.592899 0.254358 31.003767 8
6.435389 -0.755042 31.035567 5
6.152999 -1.587242 30.487267 8
5.777079 -2.040942 29.711867 7
5.590889 -2.696842 30.380967 13
4.777599 -2.114142 30.431967 4
4.563829 -1.802442 31.314367 4
3.798589 -1.307842 31.638867 4
3.610929 -2.248342 31.712567 4
3.503089 -3.243542 31.597567 10
4.269859 -3.598842 32.093367 13
3.428259 -4.169342 32.324567 10
2.557239 -4.346842 32.629267 12
2.827979 -5.030542 33.307567 1
2.134489 -5.314542 32.752167 6
1.383719 -5.059442 33.357767 10
1.036629 -4.264842 33.721667 4
0.533829 -3.461542 33.582667 1
1.134129 -3.236642 34.376567 1
0.234729 -2.909342 34.833667 1
-0.521871 -2.252042 34.803267 1
-0.643671 -1.507642 34.283567 6
-1.339971 -1.567842 33.559667 10
-0.778571 -0.822742 33.570567 4
-1.600271 -0.296942 33.316867 4
-1.464371 -0.209142 32.319567 10
-1.476771 0.442658 31.579867 15
-0.738971 1.103258 31.510867 5
0.210729 1.035658 31.633167 10
-0.098671 1.205158 30.673967 15
0.521429 1.717958 30.162767 13
1.295249 2.148958 30.394267 13
0.941129 2.069058 31.312567 13
0.559129 2.205358 32.201267 10
0.162129 1.859358 32.948067 3
-0.439071 2.533058 32.689267 4
-1.051071 3.335258 32.885567 5
-1.515171 2.961158 32.071767 14
-1.546671 2.478058 32.949667 10
-1.101471 1.673758 32.857867 11
-0.887771 0.710158 32.788267 13
-0.755271 0.641758 33.769367 7
-1.342571 0.694958 34.563267 9
-1.003471 1.157658 35.292777 4
-1.409671 0.918658 36.156247 10
-2.241571 0.401858 36.449027 1
-2.558071 0.311058 35.513867 10
-2.886971 1.226258 35.438567 6
-2.631971 1.599558 36.339057 4
-2.818971 2.288658 35.718257 1
-2.435171 3.220858 35.773467 4
-3.242571 3.114658 35.091887 3
-4.148771 2.837658 34.836967 4
-4.980071 2.713858 35.268027 10
-5.352171 1.897058 34.854667 8
-6.354471 1.896958 34.842967 4
-6.730871 1.046358 35.146517 10
-6.492971 0.545758 34.365667 6
-5.890571 -0.251142 34.349067 8
-5.366971 -0.156942 35.178537 11
-4.491271 -0.431042 35.042867 13
-3.885171 -0.872842 34.390867 9
-3.232071 -0.607542 33.647167 7
-3.332071 -0.826842 32.689267 9
-3.728871 -0.100042 31.992767 4
-2.774071 0.144558 31.983767 10
-2.449371 0.750058 31.294967 13
-2.317971 1.259558 30.538167 5
-2.837471 0.418558 30.359667 10
-2.012771 0.246858 29.852267 5
-2.743571 -0.464442 29.788567 3
-3.477671 -1.103642 29.743067 1
-3.681471 -0.808342 30.637667 10
-2.899171 -0.862142 31.230967 4
-2.825071 -1.844142 31.472767 1
-2.683871 -2.831342 31.666867 13
-2.961771 -2.800742 30.759167 4
-2.871271 -2.553842 29.827967 1
-3.546271 -2.252642 29.274867 1
-4.152371 -1.954642 28.585267 4
-4.856971 -1.620442 28.034167 10
-4.494771 -2.412242 27.708967 5
-5.124471 -1.983842 27.090167 1
-5.180371 -1.016242 27.020867 10
-6.165971 -0.999642 26.712567 10
-6.785271 -1.720642 26.841567 4
-7.153371 -2.080742 26.029567 13
-6.281671 -2.617342 26.118867 7
-6.903971 -2.782442 25.412967 13
-6.582471 -2.712742 24.491467 13
-6.958171 -2.917542 23.624867 6
-7.504571 -2.061442 23.764767 13
-6.807471 -1.509742 23.227367 6
-6.511371 -1.574742 24.175567 13
-7.032871 -0.727242 24.217167 4
-6.826671 -1.038942 25.061667 13
-5.991671 -0.861342 25.541467 10
-5.655971 -0.600742 24.659167 6
-5.672571 0.144158 25.236467 10
-5.012971 0.879358 24.965567 9
-4.463471 1.714758 24.919967 4
-3.557471 1.622258 24.987067 4
-3.930871 0.798558 25.241867 10
-4.228371 0.197758 24.403667 9
-3.429671 0.650758 24.049167 4
-2.606871 1.010558 23.665567 10
-3.258371 1.682258 23.610367 15
-3.254671 2.473258 24.131867 4
-3.071371 3.323958 24.510567 6
-2.655471 2.976758 25.320567 4
-1.788471 3.272958 25.635467 4
-0.849271 3.282258 25.712767 5
-1.393771 3.615758 26.403367 4
-1.118871 4.515058 26.190667 7
-1.193571 5.223758 26.786067 10
-0.394271 5.327058 26.305767 3
-0.248571 5.843358 27.188167 10
0.508629 6.098058 26.647367 11
0.611729 6.340858 27.529067 10
1.487279 5.882758 27.674967 1
1.224389 6.300758 28.518967 11
0.564129 7.056858 28.431567 10
0.750329 6.719058 29.331067 12
0.182929 6.027158 28.996167 10
0.064029 5.447758 28.305067 10
0.147129 4.550058 28.059167 1
-0.618171 4.136658 27.618667 10
-1.276771 3.434358 27.722667 1
-2.055071 3.575058 27.187067 4
-2.861571 4.181658 27.248767 4
-2.995571 3.193858 27.114667 4
-2.386471 2.585258 27.591667 4
-1.869871 2.580958 28.384267 8
-0.950871 2.424958 28.728967 7
-0.299171 3.128558 28.536767 7
0.378729 2.779058 27.939867 3
1.100029 2.436658 28.448667 13
1.539149 2.630358 27.604367 1
1.829609 2.512858 26.718867 10
2.752749 2.758058 26.456467 13
2.587709 3.013858 25.575767 5
3.119649 2.228958 25.761567 10
3.829389 2.715358 26.232367 7
4.685769 2.549258 26.696567 4
4.351299 2.952358 27.492467 9
5.157629 3.483758 27.690167 10
5.698999 2.676358 27.907467 5
5.933709 2.911058 28.809467 6
6.002199 3.887158 28.768167 10
5.507239 3.732358 29.587367 12
5.182789 4.705258 29.552867 7
5.781329 5.283958 30.105167 4
5.817979 6.136858 30.635867 1
6.217429 6.802158 31.292467 1
5.377899 6.520258 31.820667 9
4.921789 5.913458 31.231267 1
4.050439 5.524758 31.430867 13
3.590989 6.136858 32.042967 10
2.630689 6.213958 31.841967 3
2.977399 6.542758 31.011567 4
3.868109 6.809058 31.026267 10
4.154349 6.912058 30.076967 13
3.369059 6.331058 29.951667 15
2.557669 6.195558 29.356767 10
2.139499 5.255258 29.417967 11
2.372719 4.411658 29.135667 4
2.181809 3.650858 29.795767 5
1.367229 3.263158 30.065467 13
0.958529 4.069258 30.336267 11
0.340329 3.542558 29.794267 13
-0.510571 3.893458 29.525567 15
-0.870371 4.426058 28.771867 10
-1.699771 3.926558 28.587867 4
-1.836071 4.409958 27.865667 10
-2.057571 4.637558 26.951867 8
-2.681871 5.318858 26.652867 10
-3.189571 4.773358 25.962067 4
-3.269771 4.504458 25.007367 10
-3.375971 3.638858 25.442867 4
-4.240471 3.671058 25.037067 7
-4.916771 3.950458 25.662267 1
-4.369071 3.160858 25.952367 4
-4.916871 2.541558 25.507867 4
-5.894671 2.350758 25.524767 1
-6.650371 2.915558 25.711467 1
-6.937271 2.228358 25.047067 3
-6.260171 1.436858 25.163267 1
-5.787471 0.901658 25.849167 10
-5.155171 1.622258 25.978167 4
-5.823071 1.670158 26.627167 6
-5.421171 0.821558 26.881967 10
-4.752371 0.194458 27.061667 10
-3.908571 0.561358 27.394467 5
-3.616471 1.416858 27.719267 4
-2.751071 1.661258 27.996367 4
-2.586671 0.908758 28.584067 5
-2.907671 -0.008242 28.531667 6
-3.290271 -0.817742 28.219367 10
-2.798171 -1.595242 28.339067 7
-3.388071 -1.751942 27.599267 7
-4.129371 -1.672542 26.994867 10
-3.494571 -1.857642 26.314867 9
-3.990271 -1.391342 25.631767 10
-3.529471 -1.520542 24.807367 7
-2.860171 -2.122042 24.407967 3
-3.571971 -2.814742 24.426167 1
-3.782071 -3.657742 24.829567 4
-3.954071 -2.934742 25.423867 13
-4.828471 -3.360042 25.429467 1
-5.059271 -2.462842 25.814267 1
-5.284471 -1.557242 25.786767 13
-4.873771 -0.705742 25.643767 10
-4.011471 -0.279942 25.452767 10
-3.181171 -0.096342 25.146367 1
-2.354371 0.201058 24.672467 9
-1.983871 1.009158 24.643567 13
-2.501471 1.347058 25.387267 1
-2.986871 2.113058 25.777967 4
-3.320571 2.874358 26.187767 4
-4.025671 2.867758 26.855367 4
-4.329371 1.998758 27.102967 4
-5.193971 1.793858 27.435267 10
-5.779071 2.510158 27.631667 8
-6.457971 1.786158 27.697667 11
-6.291671 0.895358 27.411767 10
-6.593371 0.311958 26.677667 10
-7.514071 0.656658 26.613767 4
-7.920171 1.531758 26.690767 7
-8.387771 2.287158 27.117367 8
-8.045571 2.875758 27.810267 13
-7.301471 2.444658 28.166167 11
-6.651671 3.005558 28.650467 11
-5.817571 3.603458 28.461667 3
-5.529871 4.235858 27.818267 7
-5.700171 3.540258 27.148967 6
-4.767071 3.674058 26.813267 4
-4.645171 3.032758 27.581167 4
-4.650171 2.818958 28.546067 6
-3.869571 3.345158 28.524667 4
-3.670971 2.936658 29.397967 1
-3.018171 2.556558 28.871467 4
-3.090471 1.663758 29.298767 5
-3.230071 1.873358 30.217267 10
-2.387571 2.299358 29.966167 5
-2.168671 3.247458 30.238967 1
-1.469371 2.750158 29.759067 10
-1.212971 1.894458 30.207267 5
-0.422771 2.411958 29.900967 13
-0.685871 2.558158 30.831567 13
-0.929971 3.389358 30.500067 10
-1.061171 4.355758 30.344767 9
-1.427871 5.150058 29.891267 10
-1.024671 5.455158 30.736467 13
-1.115371 6.117158 30.022067 10
-0.991171 6.929158 30.480367 15
-1.687271 6.931158 29.802067 10
-2.036471 7.778058 29.528967 15
-1.366771 7.836558 28.913067 10
-0.735971 7.986158 29.614967 15
-0.343471 7.051058 29.623667 9
-0.944571 6.626358 28.999967 10
-1.389571 6.037958 28.382267 10
-1.759571 5.202558 28.638567 10
-2.410671 4.845858 29.157867 1
-2.558571 3.944958 29.515267 4
-3.298771 4.352758 29.914467 12
-2.881271 4.870658 30.621467 7
-3.693571 4.441858 30.995767 10
-2.917071 4.129058 31.427667 1
-3.632071 3.607458 31.834967 7
-4.233671 2.829058 31.613867 3
-3.400571 2.560258 31.209567 4
-4.075271 1.778158 31.350967 10
-3.759971 1.006558 30.930367 1
-4.664371 0.536458 30.995167 7
-5.583071 0.645858 31.343767 12
-5.854971 -0.290942 31.516967 4
-6.006071 -0.895842 32.283167 7
-6.025071 -1.884642 32.389467 7
-5.784271 -1.874242 31.462167 9
-5.876471 -1.082442 30.814367 13
-6.430571 -0.627642 30.203967 10
-6.991071 0.273758 30.206067 7
-7.636871 -0.401042 29.940367 14
-8.121671 0.446558 29.911367 11
-8.963571 0.473558 29.563867 1
-9.576271 1.047958 29.913867 10
-9.389071 1.348358 29.014567 6
-8.435071 1.460558 28.619067 11
-8.484571 2.291658 29.188867 4
-7.962671 3.073758 29.444367 4
-7.215771 3.704558 29.207467 7
-6.696171 4.524258 28.977067 13
-5.827571 4.737458 28.633967 4
-4.991071 4.593558 29.034667 12
-4.591171 4.131658 28.298867 4
-3.988771 4.848858 28.712567 12
-3.302771 4.411258 28.269467 4
-2.993871 5.273458 28.040067 10
-2.448171 6.003258 28.361767 10
-3.002371 6.383158 29.088567 10
-3.687371 6.019558 29.750467 12
-4.304371 6.632258 29.277567 12
-4.567471 7.565058 29.092167 7
-5.497971 7.744058 29.339767 13
-5.361071 8.492558 28.758867 7
-5.613971 7.838558 28.123767 14
-4.688371 8.152658 28.019967 7
-4.623871 8.010158 27.059067 3
-5.447871 8.492458 27.151867 1
-4.748471 9.130058 27.194167 7
-4.565171 9.340258 26.230467 10
-4.234071 10.181558 26.550567 7
-3.644971 10.571158 25.910367 1
-3.005371 9.823558 25.726267 1
-2.848671 9.636558 26.682667 7
-3.115971 8.714858 26.829467 7
-2.715971 7.821358 26.672167 1
-2.296071 7.019458 26.738967 4
-2.051871 6.557758 27.573467 10
-1.140171 6.190058 27.325167 10
-0.486271 6.834558 27.033767 10
0.276629 7.053358 26.467367 1
1.222909 7.111258 26.643967 14
1.721059 6.993758 27.460167 7
2.326119 6.383458 27.069467 4
3.125429 5.801258 26.949767 9
3.526989 6.168458 26.116067 7
4.251999 6.768958 26.236267 4
4.055279 7.650458 26.555867 1
4.310109 8.499558 26.330367 11
4.550999 8.782858 27.249667 5
4.178869 9.040758 28.112667 15
3.380459 9.372858 28.508867 11
2.953409 9.526558 27.723367 1
2.339409 8.895258 27.401367 10
3.156299 8.388058 27.224367 12
2.882119 8.854958 26.357867 10
2.887719 7.940658 26.194267 7
1.914149 7.995558 26.196167 15
1.545389 8.282058 27.038967 9
0.897929 8.215858 27.714667 10
0.188729 8.375358 28.352867 12
-0.426671 7.531958 28.597067 10
-0.176671 7.528558 27.662667 10
-0.202971 8.132458 26.901767 14
-1.115371 7.982958 27.313667 10
-1.904271 7.901658 27.882867 10
-2.105771 8.675058 28.394967 13
-1.785171 9.452558 27.827767 14
-2.714071 9.621958 28.052167 7
-3.576271 9.324758 28.488467 7
-3.793171 8.600358 28.041467 7
-3.356171 7.759258 28.057367 1
-3.614171 6.813758 28.301767 13
-3.936971 5.859758 28.211367 12
-3.701571 6.071958 27.301467 1
-3.645471 4.994558 27.048067 4
-4.353671 4.802858 26.407967 4
-4.496871 5.402458 25.688167 1
-4.585471 5.628258 24.674467 10
-4.893171 5.848258 23.762467 7
-5.382771 5.357458 23.094667 7
-6.071471 5.422558 22.424467 1
-6.957171 5.070558 22.348067 1
-7.042671 5.968258 22.700167 1
-6.367771 6.719358 22.923267 10
-6.180771 6.786258 23.891867 7
-7.095971 6.899158 24.114267 12
-7.906071 7.196058 24.610967 10
-8.782071 6.919058 24.734767 11
-9.759671 7.141958 24.715167 4
-9.601771 7.850058 25.320967 6
-9.961071 8.493758 25.938967 4
-9.731971 8.474658 26.923867 10
-10.381671 8.945758 27.367067 7
-10.397371 9.839958 27.110267 8
-10.497571 10.604558 26.575067 1
-10.849971 11.197358 27.298067 11
-11.585771 10.673858 26.932767 7
-12.452271 10.846358 26.546067 12
-12.612171 11.043658 27.461067 7
-12.977671 11.892658 27.813567 10
-13.621671 11.901858 27.069567 1
-14.246271 12.293558 27.666867 10
-14.599571 11.382358 27.715367 5
-15.273271 11.470558 28.487067 7
-15.885671 10.761958 28.615667 15
-15.579371 9.723758 28.546167 10
-15.320771 10.106758 27.640767 7
-14.427671 9.596258 27.694967 13
-13.568371 9.940358 27.976767 7
-13.610271 9.849758 28.949167 1
-13.386671 9.679358 29.909567 14
-13.220271 8.832358 30.042967 11
-14.003571 8.807858 30.530967 9
-14.305671 8.023658 31.060467 13
-13.476371 8.026558 31.524467 10
-12.926871 7.494958 32.201667 1
-12.207271 6.809058 32.192467 10
-12.222071 5.865758 32.097367 4
-12.851771 5.820758 32.807967 7
-13.102371 5.966358 33.811867 10
-12.388171 5.741158 34.509367 16
-11.719171 5.396158 33.900367 1
-10.751871 5.013758 33.632267 7
-9.875471 5.412858 33.610367 10
-9.562571 5.515958 32.716367 6
-8.955971 4.678958 32.860267 7
-9.298571 4.163858 32.175367 1
-9.308571 3.185758 32.404667 1
-8.926371 3.439358 31.575267 4
-9.187671 2.789658 30.906867 1
-8.433971 2.214058 30.597567 4
-7.873771 1.647058 30.055067 10
-7.199571 1.318558 29.385767 11
-6.180871 1.168658 29.590867 1
-6.655471 0.780358 28.829067 11
-6.023771 0.172858 28.423667 10
-5.838371 0.071058 29.348167 14
-5.290671 -0.683442 29.024367 7
-5.059671 -0.353342 28.195067 10
-4.314971 0.322858 28.302867 10
-4.482071 0.739358 29.126567 14
-4.258271 1.400058 28.472667 7
-5.199471 1.761658 28.690967 10
-5.587871 2.613858 29.027067 11
-5.040871 3.017658 29.775767 7
-4.233471 3.035058 30.402967 10
-4.217371 4.004158 30.140967 7
-4.798971 4.587258 30.625067 12
-5.286871 5.194658 30.002767 12
-4.673871 5.906458 30.157667 12
-4.258071 6.659858 30.549767 9
-5.032071 6.759958 31.113067 12
-5.821971 7.287058 30.832467 12
-5.732771 7.864558 31.524467 1
-5.135171 8.150558 30.889667 13
-4.732071 8.654358 30.098267 7
-3.781071 8.611258 30.060867 7
-3.260971 8.235958 29.337867 1
-2.919371 7.384958 29.289967 10
-2.911171 7.291758 30.249367 4
-2.525571 7.860358 30.951967 15
-2.340671 8.682758 30.559767 15
-2.554171 9.408558 29.950067 15
-3.385971 9.322858 29.445567 7
-4.192771 9.825658 29.112467 7
-4.988471 9.495958 29.349467 7
-5.854271 9.065858 29.649267 1
-5.869371 9.442658 28.692167 7
-6.337671 8.868658 27.976367 15
-5.567771 9.496958 27.729567 7
-5.906571 10.025458 26.894867 10
-6.493571 10.343558 27.553767 4
-6.328671 10.704258 28.537867 7
-6.575271 10.923258 29.467667 1
-6.782271 11.929858 29.576867 1
-5.831471 11.852158 29.380767 1
-5.072871 11.304858 29.355167 7
-5.014871 10.422858 29.751667 7
-5.964971 10.179158 29.919967 3
-6.606271 9.578058 30.251167 1
-7.503471 9.120458 30.130067 11
-7.281871 8.553658 30.935367 10
-7.956071 8.048258 30.551867 1
-8.056071 7.461358 29.740767 10
-7.101871 7.609658 29.810767 7
-6.349371 6.989458 29.854467 12
-6.772971 6.880058 29.010267 1
-6.119571 6.828858 28.338767 16
-5.274071 6.611258 28.731967 12
-5.772371 5.968758 29.317467 12
-6.310471 5.537758 29.957167 16
-6.982171 5.110758 30.571167 7
-6.073471 5.195958 30.987467 12
-6.235371 5.194558 31.913967 1
-6.128571 6.109658 31.515767 12
-5.571171 6.677758 32.028167 4
-5.198871 6.786858 32.857667 7
-4.796671 7.337758 33.504967 1
-4.059871 7.391358 32.929567 9
-3.236571 7.928858 33.133467 5
-2.890571 8.389758 32.295167 15
-3.361871 7.948458 31.490067 10
-3.127771 8.818758 31.242367 15
-4.015471 8.876558 31.014067 7
-4.949371 9.240358 31.040667 7
-5.732871 8.953958 31.552467 1
-5.668071 9.920458 31.663667 10
-6.481571 10.466258 31.792867 1
-7.188871 10.379958 32.453367 15
-7.392671 9.997058 33.319667 1
-6.563471 9.555158 33.380967 1
-5.834271 9.587858 32.708467 1
-5.163271 9.062958 33.118667 7
-5.715171 8.370558 33.524267 1
-6.237171 8.178758 34.281567 1
-5.260271 8.169558 34.489267 7
-4.622571 7.425858 34.527167 1
-3.994871 6.683658 34.605367 1
-3.175171 6.429058 34.021067 4
-2.981071 5.599058 33.531167 7
-3.868671 5.847458 33.538667 11
-4.476271 5.723658 32.777767 10
-4.266971 5.601058 31.837867 12
-4.034571 5.391458 30.905667 12
-3.384771 5.264558 31.596267 7
-3.058971 6.128558 31.550567 7
-2.164671 6.150658 31.886967 11
-2.345871 7.068458 32.113967 12
-1.755771 7.691958 31.627967 15
-1.038271 8.328058 31.643167 15
-0.256071 8.903058 31.703367 12
-0.070271 9.834058 31.838367 10
-0.607071 10.535958 31.692767 7
-1.387871 11.221258 31.736167 10
-1.850071 10.715058 31.063767 15
-1.209371 11.311358 30.569067 7
-1.883271 11.697858 29.895167 16
-2.516971 12.047158 29.233267 16
-3.161971 11.354058 29.471367 7
-3.960271 11.802058 29.827667 7
-4.363871 12.535158 30.306067 13
-4.474371 12.913758 29.387067 9
-4.444271 12.720358 28.396767 16
-5.237471 12.369158 28.792967 9
-5.430171 11.641458 28.170267 13
-4.571071 11.214158 28.292767 7
-4.174171 10.306158 28.194967 7
-4.766171 10.078958 27.536767 7
-5.233071 10.907758 27.506467 7
-5.678971 11.423758 26.811567 13
-6.320971 11.596358 27.573467 1
-6.758771 12.378358 27.147867 16
-5.938071 13.009758 27.045067 7
-6.750471 13.462058 27.368767 12
-7.595571 13.938158 27.549867 6
-7.769271 14.335858 26.659267 14
-7.779371 14.683858 25.746067 11
-7.991071 14.063458 25.038167 7
-7.091471 14.297958 25.055267 10
-6.217971 14.177758 25.536067 12
-5.227671 13.871158 25.455767 15
-4.437671 14.421058 25.654267 4
-4.017571 15.284458 25.396167 16
-4.362971 15.809958 26.074167 1
-4.263071 15.234558 26.856267 7
-3.405371 14.888158 26.694367 5
-2.790471 15.325358 26.059867 4
-2.309771 14.710058 25.441667 11
-1.635171 14.142958 25.019967 7
-1.665871 13.154258 25.044067 12
-2.067471 12.303658 25.326767 4
-2.671771 12.879058 25.797567 11
-2.944771 11.954458 25.880467 1
-2.237571 11.444458 26.283267 11
-3.034571 11.192758 26.750967 7
-2.501771 10.450958 27.071467 1
-3.144571 10.501358 27.789567 7
-3.468371 11.265258 28.288267 7
-3.362771 12.169758 28.618367 12
-2.869171 12.966158 28.267467 15
-2.937271 13.889858 28.132467 16
-3.713171 14.385258 28.483967 16
-3.120271 14.984758 28.013667 15
-3.697971 15.664458 28.444767 15
-3.600071 16.419958 29.059467 10
-2.822171 16.193058 29.604267 14
-2.408271 17.072658 29.635967 10
-1.699371 17.640458 29.885967 9
-1.946871 18.354058 30.598167 16
-1.048671 18.446158 30.936367 1
-1.085171 17.879658 31.682467 1
-1.524371 17.182058 32.167367 10
-0.534971 17.013058 32.087267 7
-0.297871 16.787358 33.011967 7
-0.206771 16.482058 33.882867 7
0.065129 17.434358 33.724467 12
-0.617571 17.389158 34.361667 13
-1.110671 17.055858 35.062187 7
-1.918371 16.739358 34.591167 13
-1.433771 16.445958 33.818967 10
-2.006071 17.020358 33.257267 16
-2.108171 16.086058 33.059167 1
-1.799871 15.219858 33.255467 7
-1.982571 15.267058 32.263767 1
-0.949071 15.164258 32.264267 7
-1.061071 14.265758 32.136767 7
-1.526471 13.496458 32.562267 1
-2.398271 13.020958 32.518267 12
-3.009271 12.546458 31.963667 1
-3.934071 12.682158 31.709467 12
-4.738371 12.152958 31.367767 7
-4.291371 11.432658 31.000167 16
-4.245871 10.764158 30.289967 7
-3.400671 10.401558 29.960867 7
-3.229371 10.178458 30.878067 15
-4.017171 9.912558 31.272767 7
-3.833171 9.375558 32.109767 4
-2.834871 9.486358 32.011667 15
-2.157271 9.269058 32.675667 9
-1.449871 9.598358 32.117767 15
-1.818071 10.279058 32.723867 6
-1.083771 9.999458 33.349767 7
-1.182071 10.836958 33.905567 11
-0.755171 10.486158 34.691767 15
-0.140771 10.203458 35.350617 7
0.256329 9.649158 36.093367 12
0.534529 10.585158 36.252997 7
1.130029 11.300458 36.318067 16
1.441699 12.216958 35.981167 16
1.926299 12.928058 35.530857 11
2.753729 13.282058 35.284637 11
3.204089 13.350258 36.109277 11
3.221729 12.827658 36.949037 7
3.088059 12.175858 37.726577 13
2.475229 12.609258 38.308537 9
1.982839 12.045758 38.956427 1
1.748399 11.935658 39.979907 10
1.952559 12.831258 39.816467 1
2.095749 13.192258 40.745007 12
1.695959 13.545858 41.523247 7
0.808929 13.663058 41.338637 16
0.099129 14.358258 41.425087 5
-0.550571 13.572658 41.494777 7
-1.486271 13.570258 41.352547 10
-2.402371 13.269758 41.375357 4
-3.209971 13.509358 40.883357 16
-3.907671 13.770658 41.598467 12
-4.562171 13.177858 42.007837 12
-5.152771 13.826558 41.504987 10
-5.691171 14.615558 41.684467 16
-5.861371 15.261258 40.920037 7
-6.293871 16.146958 40.848257 7
-6.835771 16.207958 41.627507 14
-7.591071 16.208858 42.204997 1
-8.414971 16.768958 42.145287 16
-8.086071 17.529158 41.656477 16
-7.118671 17.729058 41.602927 15
-6.559471 17.719258 42.327007 1
-5.804871 17.698458 41.672597 1
-5.270771 17.064058 42.177797 1
-4.687671 16.464958 41.786917 1
-4.861971 16.816958 40.907187 1
-4.013171 16.409658 40.921757 15
-4.039071 16.589458 39.954967 10
-4.204571 15.761758 39.443257 7
-4.802271 14.913058 39.179557 1
-4.473471 14.722158 38.224777 7
-4.506471 15.606758 38.508477 1
-3.892671 16.266158 38.236907 12
-4.051571 16.704258 37.414017 7
-3.181571 16.321058 37.313617 13
-2.873871 16.369858 36.308437 15
-2.136171 16.304558 35.772287 12
-1.603971 15.745158 36.393237 13
-0.841571 15.700758 35.748557 5
-1.123171 14.772458 35.820287 16
-0.789771 14.546958 34.949167 12
-0.758871 15.217958 34.176667 7
0.058929 15.074758 33.672867 7
0.092229 15.040458 32.733467 7
-0.105471 14.133558 32.532867 7
-0.113171 13.325158 31.977667 15
-0.383071 12.733458 31.217567 8
0.135529 11.991158 31.479467 12
0.979429 11.616558 31.837967 13
1.063429 11.114458 32.658667 7
0.380529 11.118958 33.373767 1
1.313179 10.798358 33.868367 16
1.580519 11.585558 34.363767 9
2.142899 12.121558 34.879967 11
2.959579 12.550758 34.658467 11
2.782049 11.794358 34.094467 1
2.055259 12.198758 33.596767 7
2.462119 13.034458 33.345167 11
3.178149 13.227558 32.621967 12
2.929729 13.845358 31.850067 1
2.022749 13.825558 32.139467 7
1.695499 14.259658 31.277567 7
2.241219 13.877958 30.555067 11
2.959989 13.250758 30.978967 12
3.485459 13.491858 30.197867 9
3.921929 14.453458 30.064067 14
3.618669 15.255858 30.424767 10
2.793719 14.804658 30.740267 16
2.063789 15.390158 31.028667 7
1.916249 15.925458 30.195767 15
1.306129 15.917758 29.453667 4
0.438329 16.056358 29.105067 7
0.293129 16.401158 30.017467 5
0.911829 15.738158 30.421267 16
0.992429 15.158258 31.237067 7
0.671529 14.245458 31.094767 7
-0.091871 14.346858 30.440567 16
-1.050871 14.421058 30.108267 16
-0.431671 14.914558 29.620967 7
-0.289271 14.710858 28.689067 1
0.578229 14.327258 28.851067 12
0.348929 13.560258 29.380167 7
0.697529 12.609958 29.369467 1
-0.084371 11.985358 29.291067 1
0.096629 11.539858 28.389167 12
-0.789471 11.361658 28.125567 10
-1.795671 11.456158 28.284267 1
-2.174271 10.590858 28.441367 7
-2.207671 10.489458 29.378967 7
-1.353971 10.062058 29.406867 11
-1.435171 9.949958 30.444767 15
-1.437871 9.041358 30.798767 15
-0.607971 8.735758 30.505567 15
0.293429 8.390258 30.602767 7
1.147629 8.638958 30.185267 12
0.864329 9.638558 30.100667 7
0.967829 10.480458 30.506967 1
1.777849 10.435658 29.961167 16
1.944479 10.982758 30.744567 13
2.185599 11.903058 31.064367 16
3.101079 11.867458 31.536267 12
2.703719 12.555658 31.990367 12
2.146449 11.891258 32.439767 16
1.406069 12.489358 32.475867 13
1.064129 13.375358 32.582567 7
1.198029 13.196758 33.613067 11
0.284129 13.001358 33.276367 6
-0.492171 13.560258 33.349967 7
-0.112671 14.122258 34.010667 7
0.176129 13.981258 34.835467 16
0.743129 13.207558 34.781967 15
1.419689 13.862658 35.092217 11
2.315289 14.098558 34.871267 11
1.714789 14.865558 35.002267 15
1.902219 15.619358 35.612057 12
2.582799 14.956258 35.692947 11
2.666359 15.465558 34.865767 8
3.326379 16.007458 34.431667 15
2.682809 16.570158 34.038167 9
2.074539 16.496758 33.243567 4
1.404119 16.040758 32.584867 7
0.710029 15.566958 32.181867 7
-0.221071 15.906658 32.264467 7
-0.630671 16.038458 31.404967 15
0.335829 15.997058 31.270067 7
0.660729 16.812558 30.959967 7
-0.209871 17.101258 30.849167 1
0.290529 17.680958 31.593267 7
0.545629 18.269858 30.758067 16
1.064629 19.041858 30.574167 1
1.716739 19.181758 29.798567 11
1.386949 19.849358 29.114467 7
2.311739 19.930058 29.231467 1
2.746939 19.071258 29.216467 1
3.469209 19.560758 29.767067 7
3.812379 18.626758 29.646567 1
4.003499 17.706158 29.595367 1
3.945089 16.775758 29.350267 1
3.958119 16.205458 30.114367 1
4.101439 16.154258 31.108567 15
3.482849 16.053358 31.874667 12
2.519929 15.951158 31.855267 7
2.406229 16.706058 31.145867 7
2.194799 17.373058 30.513367 14
1.591719 18.046258 30.459467 12
1.457659 18.110258 29.498367 7
1.985289 18.203658 28.618467 15
2.930669 18.265258 28.591467 16
2.949069 17.361458 28.327367 16
2.194509 17.566658 27.688467 12
2.492659 17.582258 26.763567 7
2.666729 17.752258 25.856867 11
1.760159 18.131158 25.661067 5
1.921869 17.206458 25.350967 16
2.345519 16.373658 25.262167 13
2.290589 15.398858 25.033867 15
2.276619 14.498658 25.632367 1
3.228419 14.205258 25.396167 16
2.822659 13.279358 25.802167 12
3.075729 13.758258 26.651967 1
3.860169 13.258158 26.915867 16
3.868519 12.384358 27.324267 7
4.514909 11.621558 27.537367 1
5.206669 12.242658 27.265167 11
5.466529 11.367258 26.970967 7
5.903749 11.516058 27.809867 12
6.763859 11.052758 28.071967 11
6.419389 10.887058 28.900567 12
6.525569 11.018858 29.845067 1
7.368169 10.978558 29.438067 13
7.347279 10.154958 29.974967 7
6.381179 10.007058 30.193367 1
5.400729 9.783958 30.449467 8
5.185989 10.643558 30.779567 9
4.511609 10.786458 31.414467 8
4.143199 11.660758 31.440067 12
4.724199 11.934658 30.721167 7
4.695209 12.907258 31.018067 12
4.806749 13.864758 30.851367 7
4.112099 13.890058 31.607167 12
3.695139 14.662858 32.054167 5
2.854419 15.067458 32.402367 7
3.585219 15.420758 33.048267 15
3.473449 14.506158 33.393767 16
3.134559 14.730258 34.232767 11
2.285559 15.073458 33.714467 1
2.186179 14.084758 33.765467 11
1.767249 14.283858 32.959967 7
1.220189 15.079158 32.998067 7
1.062629 15.447258 33.861467 7
1.220889 16.430458 33.835267 15
0.981529 17.073258 33.157367 7
0.576329 17.839658 32.753267 1
1.153429 18.181658 32.087467 11
1.392279 17.337958 31.501167 7
1.939839 16.872558 32.217467 7
2.819499 17.175158 32.547967 11
3.697159 16.826058 32.591367 15
4.629379 16.908758 32.919467 15
5.477649 17.395258 32.981767 1
5.790669 18.159358 32.526767 16
6.542389 18.045758 33.082967 7
7.346119 18.560658 33.337867 10
8.288089 18.740758 33.174867 16
8.899239 18.180558 32.689767 1
8.588739 18.811558 32.067767 16
8.948089 18.068558 31.514467 1
9.110009 17.113058 31.697967 1
8.839619 16.209058 31.262867 12
9.420839 15.696358 31.968367 16
8.632419 15.225858 32.083667 1
8.485289 14.447358 32.672467 14
7.914519 14.175358 31.922067 16
8.433349 13.424658 31.622267 1
7.469469 13.250658 31.662767 15
6.804259 12.698158 31.962267 16
5.878299 12.578258 32.265967 12
6.012199 12.707858 31.305467 16
6.161149 13.693058 31.443967 12
5.501309 14.380058 31.307267 5
5.984419 14.900358 32.094367 1
6.385599 15.779058 32.448067 1
5.473859 15.990558 32.747067 15
4.600509 15.999958 33.364867 15
4.604919 15.129258 33.035667 15
4.985349 14.467658 32.381367 12
5.792909 14.187958 32.896367 1
6.178949 14.068958 33.762967 1
5.857439 13.400358 34.380567 16
5.049609 13.581358 34.857967 8
4.062069 13.667358 34.751267 11
4.178469 13.715258 35.772717 11
4.212789 13.357258 36.654547 16
4.014649 14.066258 37.287137 7
4.911609 14.504158 37.431287 16
5.550029 15.087958 36.823397 16
6.162649 14.552058 36.285217 16
6.930379 14.521558 36.805237 16
7.241229 13.796058 36.216377 13
6.325859 13.517458 36.339407 16
5.594479 13.354458 35.692107 16
4.942949 12.713958 35.528127 11
4.977499 12.472958 36.497827 8
5.475989 13.079858 37.090547 16
5.232959 12.426758 37.771877 1
6.194099 12.259858 37.868897 16
6.641319 11.519458 38.260087 1
6.479219 10.714358 38.864497 11
6.926609 10.025758 38.289547 1
6.046229 10.209258 38.000967 7
5.324819 10.539058 37.458747 1
4.835539 10.045958 36.806677 1
3.869439 9.802858 36.812577 1
3.640109 10.679058 36.564317 16
2.872699 11.261358 36.420947 11
3.219779 11.057558 35.521297 1
3.311469 10.590958 34.741667 11
2.585499 10.465258 34.152667 16
2.535949 10.756858 33.207667 1
3.208619 10.159758 32.636267 5
3.750109 10.872758 32.901867 1
4.531189 11.465958 32.593567 12
5.308839 11.638458 31.958467 7
4.689659 12.361958 32.021567 12
4.396479 13.038158 32.607367 12
4.785179 13.601558 33.327667 16
4.749409 14.415958 33.794667 15
4.847769 14.828258 34.685267 15
5.440729 14.467158 35.413217 16
4.861939 15.015958 35.999867 16
4.096839 14.463758 36.437277 16
3.074419 14.499458 36.412517 11
3.458099 15.237558 37.058937 16
3.111629 15.913958 37.624587 5
2.410289 15.379658 37.659047 15
1.521999 15.027758 37.413057 1
1.547519 14.102458 37.637277 16
2.394469 14.347658 38.114947 13
3.291629 14.101058 38.194567 7
3.731659 14.941758 38.034337 1
4.268949 15.781758 37.944377 16
4.055509 16.645558 37.817367 1
4.781409 16.443058 37.267627 16
5.487679 16.047358 36.778247 16
6.042589 16.567558 36.209077 16
5.579429 16.699658 35.245117 16
6.162589 16.981258 34.585867 1
6.131909 15.992158 34.413967 15
6.437459 15.937658 33.498767 15
6.806599 15.263158 34.015467 1
6.234929 14.914558 34.685667 16
6.670059 15.041758 35.589317 16
7.610029 15.012858 35.230067 11
7.488889 14.040458 35.267567 16
8.018749 13.226558 34.877367 11
7.056459 13.108958 35.107847 16
6.564679 12.431558 34.529967 1
5.712399 12.140558 34.075667 12
4.961599 12.724358 34.044767 12
3.978839 12.799558 34.162567 11
4.035479 12.073458 33.466867 12
4.134449 11.402358 34.139067 16
3.598659 11.799058 34.888967 11
3.942699 11.694758 35.796687 11
4.638629 10.903058 35.543857 7
4.493609 9.919458 35.396907 5
4.628839 9.018258 35.903457 15
4.979329 8.512858 36.632317 1
5.719379 8.516158 37.342847 16
6.189769 8.235958 36.515117 1
7.147629 8.602558 36.525547 8
7.641799 7.827658 36.199917 1
7.658949 6.975558 36.615737 15
8.171229 6.814758 37.378197 12
8.496339 6.299458 36.588727 16
9.378229 6.159758 36.721337 8
10.197739 6.589258 36.944677 15
10.428529 7.089858 37.698207 8
9.662439 7.036458 38.255027 5
9.947819 6.649958 39.140737 1
10.129819 7.678558 39.141507 9
9.674639 8.261958 39.813387 12
10.29223 8.649358 39.235187 16
9.800539 9.092558 38.559107 13
9.911159 9.831458 37.973087 1
10.503207 10.489758 37.624307 7
10.040779 11.363158 37.893967 1
9.305359 11.636658 38.408157 1
8.523879 11.352658 37.787277 14
8.049129 12.000358 37.308987 1
7.121669 12.358258 37.120987 12
7.581249 13.062058 37.523777 16
6.869269 13.632658 37.660577 16
7.007299 14.048858 38.511197 1
6.177179 13.608358 38.317227 16
5.268549 13.688958 38.627677 15
5.633879 14.556458 38.263007 16
5.972769 14.471058 39.097207 7
6.727779 14.613958 39.711717 5
6.434669 15.579058 39.604507 7
6.580459 15.458758 38.688087 11
5.720439 15.740458 38.842627 16
5.786089 16.640558 39.228257 8
5.595829 16.731358 38.236217 16
4.888079 17.272858 37.902707 5
4.616719 17.380258 36.959827 16
3.631839 17.285658 37.072327 1
3.865129 16.406058 36.779737 16
4.042229 15.834558 36.020647 16
3.971849 15.228658 35.233737 11
4.728639 15.949858 35.246877 16
4.541809 17.118958 34.213467 15
4.567889 17.151258 35.114997 16
5.395899 17.673458 34.954667 1
6.007459 18.081058 35.520317 12
5.533689 17.505858 36.119677 16
5.246419 18.207358 36.683497 1
5.905839 18.160658 37.498477 16
5.855509 18.350758 38.456357 12
6.651479 18.748158 38.915627 11
7.521139 19.075458 38.817247 1
7.995419 18.221558 39.229667 15
8.743009 17.827958 38.626797 1
9.060959 17.264558 37.896087 7
9.222409 16.363658 37.505347 5
8.982419 15.525058 37.781917 1
8.088869 15.254658 37.593067 1
7.351179 15.694558 37.236737 1
6.568559 15.280658 37.740257 16
6.300919 16.188058 37.530107 16
6.831399 16.771058 37.022027 16
6.929829 17.489258 36.335187 7
7.688879 17.654258 36.818537 1
8.441669 17.041958 36.585487 12
8.389449 16.119558 36.712157 1
7.531409 16.058058 36.259477 16
7.504859 16.641858 35.501267 11
6.731169 16.068958 35.513687 16
