26.108722 57.321546 6.816858 1
26.509022 57.041746 7.705958 1
27.120622 57.348746 6.939858 1
28.016222 57.152846 7.341658 12
28.302822 56.300946 7.689958 1
28.071622 55.630146 8.358658 14
28.803322 55.407646 8.881758 2
28.513922 54.630246 9.428458 16
28.210622 54.052446 8.689158 1
28.767322 53.488946 8.187458 2
28.820722 53.034646 7.354258 1
29.765322 52.944446 7.589858 4
30.235522 52.180846 7.207258 1
30.226622 52.152946 8.152458 3
29.983222 51.460846 8.751658 1
29.469522 50.684446 8.342558 5
28.584722 51.060246 8.396058 14
28.143422 50.584346 7.677858 2
28.711722 50.247346 6.956058 13
29.138122 50.244046 6.096858 9
28.961422 49.417946 5.666558 2
28.281922 49.510946 5.036358 8
27.697822 49.731246 4.226458 1
27.084122 49.397746 5.075158 8
27.255122 48.695646 5.824758 9
27.246422 48.256146 6.615158 2
27.564622 48.029546 7.523058 15
28.286422 47.415246 7.764258 15
27.545522 46.871846 8.060658 11
28.098722 47.169546 8.893758 1
27.971622 47.873146 9.527258 14
27.267622 47.628546 10.093858 14
26.476722 47.116346 10.065758 6
26.543322 46.939646 9.138858 1
26.014722 46.225746 8.856958 6
26.824422 45.758146 9.194058 2
26.967322 45.520546 10.164758 8
27.790122 45.014746 10.310058 12
28.045522 45.210246 11.209158 2
27.340522 44.510846 11.125058 2
26.481622 44.227846 10.871358 14
26.999822 43.373946 10.898158 14
27.587422 43.315546 11.739358 2
27.124922 42.565646 12.103058 6
26.491022 43.261746 12.400958 14
27.180722 43.498546 13.143258 3
27.986122 43.479646 12.682658 2
28.755822 43.951346 12.768358 2
28.149722 44.701246 12.936858 2
27.658422 45.589246 13.081958 1
28.548722 45.804446 13.304658 1
28.598422 45.026546 13.854258 2
27.654522 45.028246 14.162858 5
28.235522 44.403446 14.743758 2
27.330822 44.123846 14.443958 2
26.733022 44.743546 14.830258 7
26.185922 44.145446 14.190458 11
26.937622 44.541646 13.645158 2
26.174422 44.428046 13.080058 5
26.465522 45.162346 12.464658 5
26.866122 44.391746 12.085858 2
25.907122 44.432846 11.854858 14
25.296522 43.750946 12.167458 14
24.443922 43.329846 12.420358 1
24.531722 42.436646 11.932858 8
25.331022 42.579846 11.436958 1
26.230322 42.295846 11.701058 14
26.622222 41.484646 11.968158 8
26.835322 41.727446 12.922558 15
26.892022 41.580346 13.885758 14
25.903322 41.373346 14.073058 9
26.468722 41.704946 14.783758 9
26.137022 42.463846 14.248558 1
26.975422 42.659446 13.754258 1
27.894022 42.820746 14.046958 2
28.221822 43.081546 14.972958 8
28.868622 43.383046 14.332758 2
29.247822 43.926546 13.612958 2
30.138922 44.256746 13.752658 2
30.743522 43.583846 13.400158 2
31.345122 42.990346 13.806158 1
31.935322 42.245746 13.672758 15
32.405522 42.593246 14.398058 6
33.132222 42.735946 15.011158 10
34.024522 42.405746 14.977258 14
34.976822 42.316646 14.915658 12
34.563222 42.206146 15.816558 14
34.730722 42.790646 16.638558 11
34.511722 43.461846 17.337058 8
34.027522 44.059146 17.909458 1
33.292422 44.417446 17.332258 1
32.486622 44.641246 16.694258 1
32.205922 44.263146 15.777258 1
31.629322 44.137446 15.040358 3
30.942622 43.351646 14.929458 2
30.450722 44.179946 14.915658 2
29.719322 43.765846 15.382258 2
30.083822 44.237246 16.179958 1
30.988822 43.898746 16.161858 1
31.414622 43.383946 16.835258 1
32.079022 42.855246 16.483058 7
31.535422 42.137446 16.817158 1
30.656422 41.755646 16.532658 1
30.700822 41.176146 15.786458 14
30.466922 40.431346 16.283458 1
31.221122 40.002646 16.508258 5
31.289722 39.526846 15.632158 11
30.709722 39.465446 14.932458 14
29.762522 39.799946 14.830258 14
29.296122 39.550446 14.069258 14
29.025222 38.612446 13.994858 14
29.173422 37.705746 13.796458 2
29.746522 37.564046 13.003958 5
29.633722 37.625646 12.071958 2
29.770422 38.510946 12.457858 5
29.698922 38.978146 13.303358 14
30.646622 38.727746 13.247658 14
30.800922 38.011146 13.844458 2
31.148422 38.855546 14.095158 14
31.528122 39.560146 13.661258 2
31.543922 40.377946 13.161658 15
32.087622 40.961946 12.522758 6
31.476422 41.232046 11.869558 15
32.321522 41.509846 11.448558 8
32.327922 42.158746 10.755058 1
32.345922 43.173946 10.763558 1
31.553722 43.457146 10.390558 9
30.772622 44.107546 10.594558 2
31.082322 44.936846 11.092358 8
30.319722 45.551646 11.146658 2
31.054822 45.952946 11.585858 15
31.125122 45.330346 12.295858 8
30.395522 45.083246 12.858558 2
29.881422 45.158746 12.039258 2
29.328322 45.857946 12.321758 2
29.467922 46.457946 13.112858 8
28.864322 46.993446 13.657858 1
29.659622 47.082146 14.181158 3
28.839422 47.111746 14.709458 6
28.096122 47.182346 15.437158 2
28.923722 46.938746 16.066858 12
28.469722 46.706046 16.796058 9
29.070722 46.114646 17.207058 14
28.923522 45.253946 17.727158 12
28.685222 44.441846 17.354458 8
29.146822 44.788046 16.562358 2
28.871022 43.908846 16.119258 8
28.810222 44.753446 15.539858 2
29.246622 45.471346 14.959758 2
29.864422 46.045246 14.630458 14
29.657822 45.410446 13.919458 2
30.247622 45.105446 14.674358 2
30.999122 45.372146 14.056058 11
31.715222 46.108846 14.259258 1
32.427922 45.498446 13.944458 1
31.887422 44.682946 13.938658 5
32.072222 44.055246 13.191958 1
31.882822 43.624446 12.381358 1
31.666622 42.699046 12.569758 5
30.986322 43.357446 12.284358 5
30.573022 44.099446 11.775058 2
29.795022 43.572346 11.498758 2
29.344822 42.744346 11.392158 6
29.944022 42.455346 12.062158 1
29.348322 43.076246 12.423258 2
29.859722 43.068846 13.234358 2
30.523822 42.390646 12.909058 15
30.542422 42.287946 13.839758 6
30.346222 42.354446 14.823058 2
30.305522 41.464746 14.579258 14
30.524122 40.546446 14.640058 14
30.963422 41.016046 13.880658 15
30.232622 40.578546 13.327758 14
29.506522 39.978846 13.183758 14
29.422122 40.861646 12.582558 2
30.122422 41.493846 12.800858 15
29.548522 41.629446 13.531058 14
29.477322 42.395746 14.109158 2
29.143522 41.645946 14.701658 14
29.048022 42.026046 15.595058 3
29.060522 42.453846 16.436858 8
28.208122 42.264346 16.840758 8
27.466522 42.140046 16.239758 8
27.708422 41.815246 15.329758 1
27.661622 41.289846 14.554558 9
27.762722 40.477746 14.999258 9
28.686322 40.236746 14.744658 14
28.541422 40.343146 13.767858 14
27.979322 41.049246 13.300958 1
28.222922 41.919546 12.929658 2
28.415422 42.570046 12.259758 2
27.842522 42.124646 11.633658 5
28.262122 42.745746 10.944458 2
29.038222 42.687846 10.344658 8
29.240922 43.682546 10.557858 2
29.889422 44.225146 9.902658 2
29.274922 44.036046 9.140458 14
30.158522 43.806746 8.773458 1
30.031622 44.796046 8.771358 1
30.238422 45.569246 9.346258 1
29.914222 45.315246 10.193758 2
29.093022 44.951146 10.271558 2
29.250022 45.489146 9.391558 4
29.444422 46.257746 8.800058 3
29.770022 46.413346 9.770658 3
29.080922 46.001946 10.379358 2
28.150122 46.206846 10.773158 2
27.607022 46.581346 11.490158 7
27.841722 45.843746 12.040758 1
28.556222 45.276846 12.191358 2
29.123322 44.537546 11.938358 2
28.736322 44.352546 11.033758 2
27.991122 43.776646 10.812758 2
28.396222 43.510946 9.998158 3
28.320022 42.754046 9.286058 12
28.607722 41.895446 9.574358 8
29.466222 41.359846 9.434458 6
30.031922 40.583946 9.326658 6
29.829722 40.242046 10.266558 1
29.758622 39.548646 10.971658 2
29.363922 40.145146 11.560458 1
28.778522 39.754946 12.243858 14
28.255322 39.747146 11.355858 10
27.566322 39.255046 11.830258 8
28.045722 38.670446 12.428258 14
27.756322 38.683346 13.333158 14
27.096722 38.196046 12.873858 2
26.350222 37.655946 13.097758 3
25.571922 37.352046 13.514358 1
26.103022 37.526946 14.330058 14
25.988722 36.527946 14.512258 3
25.592422 35.728846 14.926158 2
25.028422 35.712546 15.725758 1
24.322122 35.306846 15.233858 1
24.678022 35.202346 14.338358 8
25.071222 34.524746 14.834358 7
25.712522 33.869746 14.982558 2
26.052922 33.555646 15.816458 1
26.811222 32.998646 15.364358 8
26.654622 32.678546 16.318358 9
26.928122 31.760146 16.107658 2
26.664122 31.868046 15.247558 14
26.167922 31.119846 15.564458 11
25.530022 31.352946 16.344158 15
25.259622 32.246246 16.219158 3
24.316022 32.601146 16.372458 2
23.756422 32.470146 17.143258 2
23.514122 33.143146 17.765358 1
23.433222 32.942346 18.705258 3
24.309322 33.221946 19.061558 8
25.172322 32.823546 19.403508 2
26.063422 33.077846 19.685638 2
25.660422 33.826446 20.201438 5
25.890922 34.082846 19.258958 5
26.576022 34.569446 19.730208 12
27.098022 35.240946 19.341658 14
27.913722 34.613646 19.437318 2
28.014122 35.297046 18.713758 14
28.022122 34.563246 18.150158 3
27.981022 35.406546 17.531058 4
27.257022 35.923446 17.204358 1
27.981022 36.350146 16.666858 1
28.533822 36.707746 15.983358 1
28.452522 37.638846 16.209958 1
28.286522 38.497046 15.702958 14
28.071722 38.319646 14.725458 14
27.296322 38.661846 15.233858 1
26.568422 38.235846 15.698958 2
26.006322 39.051146 15.533758 2
25.866422 39.171646 14.529758 1
26.089022 39.938246 15.081858 9
25.773022 40.830046 14.944358 9
25.148922 41.402346 15.425458 2
25.840122 41.179346 16.033158 9
25.528722 40.762346 16.825658 2
24.902522 41.056146 17.507858 6
24.916422 40.446546 18.237758 6
24.840722 39.712146 17.666158 2
24.750722 39.873546 16.630158 9
25.579422 39.432546 16.449458 2
26.151722 40.086246 16.088058 9
26.807222 40.136646 16.786358 2
27.043922 41.037946 16.519658 9
27.860722 40.620246 16.265258 2
28.805922 40.878746 16.423358 6
28.725222 40.451346 17.236658 2
27.950322 41.045446 17.254158 14
28.042822 41.775946 17.935258 8
28.014822 42.744146 17.894158 8
28.763622 43.186546 18.215258 8
29.571522 43.748346 18.182858 3
29.815322 43.172946 17.492858 8
30.557222 42.730446 17.955458 2
30.136822 41.967146 17.689558 8
30.161522 41.737646 18.648158 6
29.503822 41.454746 19.339958 14
29.009922 41.608746 18.534658 8
28.373322 40.918146 18.438758 2
29.162122 40.436246 18.746158 3
28.485522 39.875146 19.005558 6
29.312022 39.459546 19.189158 2
29.771522 39.253046 18.390958 3
28.857722 38.931446 18.432658 12
28.063522 39.308346 18.145458 2
28.421822 38.868746 17.400358 14
27.483222 38.669246 17.256358 2
26.739322 38.030546 17.236458 3
26.066322 38.710546 17.416158 2
25.527322 39.041346 18.187558 2
25.064522 38.260346 17.718958 3
24.837622 38.184446 16.864758 10
24.997922 38.220746 15.894358 3
24.162522 38.268546 15.262158 12
23.643722 39.089246 15.350758 2
23.936522 39.689046 14.638458 1
24.932222 39.701746 14.743058 9
24.777422 40.668146 14.630058 9
24.461722 41.579746 14.404558 1
23.907122 42.275346 14.888358 1
24.794522 42.646846 14.974158 2
24.834822 43.590646 15.154258 2
25.798322 43.313246 14.988358 1
26.251722 43.490846 15.814758 3
26.451822 44.450946 15.853958 1
26.914822 44.298746 16.632458 14
27.862522 44.012946 16.717158 8
27.482722 43.161146 16.986058 8
26.943622 43.175646 17.865958 8
26.404222 43.931446 17.576858 1
26.472822 44.902646 17.696758 2
26.023622 45.196646 18.513158 2
25.196622 44.694646 18.604958 1
24.497122 44.099946 18.256458 3
25.020622 43.269446 18.112258 2
24.080922 43.168946 18.074158 1
24.463522 42.497346 18.641558 6
24.053822 41.908946 18.088458 6
24.060622 41.807546 17.145758 3
24.874122 42.226346 16.876858 14
25.741422 42.592146 17.117058 2
26.150722 42.109546 17.794958 8
25.190922 42.057746 17.902058 1
25.474322 42.458846 18.748558 6
25.990222 43.279646 18.752158 7
26.845022 43.675546 18.961058 2
27.626722 43.239646 18.785558 8
27.770322 44.103646 19.262958 2
28.577622 44.378846 18.813058 14
27.966622 44.972846 18.357158 8
28.395822 45.812346 18.623058 9
28.580522 45.363746 19.449748 3
28.084822 44.741446 19.978988 2
28.816422 45.183446 20.525828 8
29.408022 44.656746 19.912008 14
29.374022 43.712246 19.607008 14
29.984922 43.161546 20.161478 12
30.611322 42.456546 20.387418 3
30.761522 42.995746 21.192648 2
31.138822 43.896046 21.350438 2
30.606822 44.687746 21.530648 9
30.395122 44.504746 22.425388 1
30.877022 44.365346 23.220458 2
30.250122 44.687846 23.937758 1
29.316122 44.727246 24.292808 9
28.854622 43.902746 24.027048 2
29.372822 43.072046 23.960248 1
28.901322 42.807246 23.137108 1
28.048522 42.662246 22.681908 10
28.630222 42.171246 22.133858 2
28.048622 41.263146 21.694308 3
27.293922 41.215546 21.068378 2
26.917722 41.423946 21.945268 1
26.386122 40.923546 22.660468 3
25.904322 40.270146 22.048198 2
25.304522 40.864746 22.402638 9
24.916122 40.944946 21.490738 6
24.985322 40.016046 21.247858 14
25.151622 40.553046 20.369118 6
26.035622 40.753946 20.778258 8
26.727722 41.034546 20.088128 3
27.609822 41.241946 19.888138 12
27.602722 41.294846 18.947358 8
27.059122 40.437246 19.100558 3
26.169522 40.246446 19.487628 6
26.145222 39.937446 18.599358 2
25.850722 40.863546 18.721658 6
25.936822 40.954846 17.759058 2
26.807422 41.282446 18.101358 8
26.878422 40.331046 17.851858 2
26.895122 39.357146 17.673158 2
26.767622 38.893146 18.530158 1
26.736022 37.993546 18.829158 3
27.000722 37.129746 18.414958 2
27.798222 36.884546 18.846658 8
28.195822 37.297746 19.593328 3
29.121822 37.004546 19.178558 1
28.907022 37.496346 18.381058 1
29.438222 37.498746 17.495458 4
29.918222 37.718546 16.708558 1
30.375422 36.963746 16.275758 2
29.809822 37.277446 15.612158 12
29.705622 38.193746 15.301658 14
29.705722 38.974346 15.768558 2
29.174722 39.833846 15.740258 14
28.574122 39.783746 16.402558 2
27.794622 39.216246 16.320558 2
27.978022 39.562346 15.441358 14
27.037522 39.748046 15.756358 2
27.110622 39.712146 14.782458 9
26.650622 39.611846 13.951358 9
26.506922 38.741046 13.653058 6
26.950022 39.206746 12.859158 2
27.521722 39.735946 13.371858 14
27.128522 40.393146 12.737558 2
26.397922 40.522046 13.337858 9
25.640522 40.162846 12.916558 9
24.824522 39.630546 12.638358 2
24.423922 38.862746 12.214858 6
23.849922 38.235046 11.618358 3
23.995222 37.406246 11.163258 1
24.697222 37.189746 11.793258 2
24.467122 37.552246 12.636558 3
23.547322 37.687846 12.563458 8
23.304522 38.719046 12.540058 10
22.722622 39.368146 13.039458 2
22.095222 39.002146 13.676058 3
21.967822 39.960346 13.450658 8
22.537322 40.615346 13.026858 2
22.052922 41.105646 13.695058 8
21.640322 41.205746 14.540958 1
21.282022 41.939646 14.100658 2
20.395222 41.995746 14.513158 3
19.767822 42.468346 13.912358 8
19.771222 42.770946 14.818958 2
19.599822 43.684346 14.787458 1
19.575322 43.757346 15.746258 3
19.951622 43.978046 16.554758 4
19.200022 44.597646 16.359858 3
19.404922 45.523346 16.269858 6
20.297822 45.784646 16.409258 14
20.677722 45.270246 17.118658 2
20.313722 45.639446 18.022258 7
20.440522 46.605646 18.048158 2
20.181222 46.980146 17.137658 3
20.089722 47.792946 16.758558 8
20.607822 48.574546 17.149358 3
19.872922 48.160746 17.732258 14
19.692222 48.949646 18.223758 2
20.325722 49.299746 18.887758 14
20.305722 49.483046 19.852268 6
19.411322 49.189546 19.663468 3
19.782522 48.262446 19.462298 2
19.381222 48.096046 20.310638 3
18.848622 47.507546 19.848108 6
19.092022 46.606846 19.709358 2
19.439622 46.692346 20.691278 2
19.462322 46.459946 21.611368 10
20.306722 46.659646 22.055968 5
21.070722 47.207046 21.862498 5
20.544222 48.088046 21.754658 3
19.850422 48.081246 22.512038 1
20.197222 48.412246 23.319138 7
19.643822 48.581746 24.107318 3
18.689622 48.408946 23.927348 1
18.218722 49.141046 23.518128 13
18.777122 49.976346 23.355978 3
19.441022 49.292246 23.352618 1
19.980622 50.008646 23.723058 8
19.473422 50.164746 24.627578 9
19.633822 50.802646 25.242798 1
20.528322 50.556746 25.363708 9
21.130622 50.847446 24.641268 3
21.932422 51.343046 24.617008 14
21.733722 50.809246 23.737368 1
21.367122 51.330846 23.076728 3
21.871222 52.080446 23.457678 8
22.158522 52.006446 22.555818 1
22.657622 51.212646 22.895618 9
23.269522 50.523346 22.549398 3
23.454822 49.795346 21.865938 10
23.465822 48.843346 21.719868 4
22.595922 48.743846 22.126708 2
22.439022 47.844446 21.773688 14
22.100922 46.995546 22.139458 5
23.003722 46.950446 21.771588 13
23.327522 46.179246 22.347118 3
23.992622 45.559246 22.787518 3
23.557122 45.913646 23.746858 1
23.919822 46.840946 23.358768 9
24.652022 46.886346 23.996748 12
25.008822 46.213046 23.379348 3
25.761222 45.624646 23.574838 3
26.508422 46.216346 23.672238 9
27.237322 45.620246 23.756358 10
27.984722 45.689346 24.388218 2
27.864622 46.525946 24.871218 3
27.703922 46.370946 25.860898 2
27.589822 47.073846 26.469608 2
26.919122 47.055446 27.187978 3
26.970222 46.060546 27.115698 1
26.067822 45.765746 27.018678 6
26.680822 45.129946 26.566008 10
27.018122 44.189746 26.859708 7
27.299622 44.792946 27.553448 3
26.315322 44.818246 27.565828 1
25.644822 44.112146 27.645628 10
26.106622 43.279146 27.647008 8
25.489622 42.622646 27.728788 1
25.368122 41.839846 27.184848 3
25.674622 42.395646 26.396338 1
25.174722 41.608746 26.037808 6
24.699422 41.081946 25.332308 12
25.167722 40.673046 24.517808 3
24.731922 40.302046 23.724738 9
23.876222 40.483146 24.249928 13
23.766522 41.152546 23.604278 9
23.863322 41.608346 22.765428 9
24.004222 42.390246 22.239558 3
23.853322 42.123146 21.251618 3
24.128422 41.927246 20.273418 6
24.596022 41.235946 19.833368 6
25.553022 41.328646 19.576678 6
26.397822 41.832546 19.405058 4
27.247722 42.200346 19.491558 8
27.270022 42.141946 20.507388 3
28.020322 42.513946 20.042368 8
28.252322 43.391746 20.509198 10
27.437022 43.830246 20.491358 5
27.129722 43.631846 21.366288 5
26.875322 43.619446 22.296848 10
26.055522 44.133646 21.993448 3
25.766822 45.044846 22.086848 3
26.175322 45.724646 22.654268 9
26.650122 44.969946 22.976008 14
25.871422 44.319146 23.043788 3
25.553022 44.115646 23.904598 9
25.012322 44.460846 24.603658 5
24.524622 45.051846 23.965628 3
24.545822 45.349346 24.863418 14
24.076622 45.740146 25.596008 5
24.552522 46.442746 25.164998 1
25.287222 46.122646 25.653418 3
25.530122 46.877246 25.116218 9
25.599822 47.660346 24.473638 1
25.580822 47.246346 23.636108 1
24.995522 46.991846 22.794898 1
25.243022 46.125546 22.385678 3
24.718622 45.453746 21.859238 3
25.361522 45.826046 21.176388 1
24.608522 46.470246 21.364328 4
23.618022 46.319146 21.104398 3
23.178722 46.518446 20.201078 9
22.861922 45.933546 19.514518 1
23.798622 45.775846 19.565398 4
24.571122 45.360746 19.950798 1
24.172522 44.775646 20.851018 3
24.207622 44.214646 21.617658 3
24.840722 43.410246 21.464128 3
24.772722 42.687446 20.773118 6
24.359922 43.528346 20.608778 3
24.889922 43.449746 19.822098 6
24.927722 44.358446 20.114148 3
25.700722 44.856546 19.757338 10
26.222422 44.280746 20.383588 13
26.362922 43.402846 20.018668 13
25.781722 42.750546 20.401018 6
25.938022 43.513346 21.060448 3
26.057422 42.564846 21.562438 15
25.648622 41.741246 21.698798 6
25.082322 41.991746 22.474028 11
25.137222 42.981046 22.377448 3
24.966122 43.328546 23.231098 3
25.065022 42.442746 23.613008 9
24.768022 41.921446 24.344098 9
24.469222 42.834146 24.559778 8
23.695722 42.279146 24.876098 9
24.485422 42.407846 25.519388 5
24.024822 41.805346 26.110038 5
23.473122 41.016146 26.052968 8
22.822622 41.397946 26.666308 4
22.976422 41.267846 27.634558 3
23.835922 41.232846 28.227038 1
24.061722 42.038946 28.804237 4
25.043222 41.857746 28.990704 3
25.580722 41.724546 29.789483 12
26.486822 41.445246 29.925078 3
26.302822 41.206646 28.975168 6
26.713622 40.871246 28.123238 5
27.678622 40.889446 27.921958 5
27.746022 40.950646 26.991448 1
27.122022 41.386346 26.337148 5
26.914622 40.435846 26.020118 1
26.828322 39.584646 26.529908 3
26.274922 40.052746 27.139768 6
25.443922 39.760046 26.665618 3
25.696022 39.644046 25.778118 2
25.939622 39.213746 24.914848 1
25.038822 39.035446 24.759168 3
24.785622 39.212646 23.899098 10
24.016922 38.649346 23.698718 1
23.601122 39.548346 23.686438 13
23.274322 40.234546 23.163388 9
22.346022 40.519346 23.482508 9
22.719322 39.932546 24.216598 3
22.979022 40.462146 25.023518 13
22.745022 41.330946 24.636678 10
22.884822 41.970046 23.841358 9
23.184522 42.305546 22.939438 9
23.085822 43.234646 22.473908 3
23.305522 44.079646 22.101808 3
23.964022 44.589846 22.586648 3
24.388722 44.257646 23.331158 3
23.893722 43.514646 23.768328 9
23.783622 44.131846 24.472688 14
22.874722 44.347646 24.257368 3
22.611922 44.380446 25.178668 1
23.279322 45.007146 25.681648 1
22.893922 45.666646 26.275928 4
22.109422 45.192446 26.478768 6
21.477922 44.579946 26.980318 3
21.253822 45.141446 27.762398 9
20.395222 44.843346 28.097488 1
20.287822 44.633546 27.196048 6
20.518622 45.468546 26.742608 1
21.252922 45.720146 26.250148 8
21.169922 46.776546 26.312848 9
22.084622 46.690646 26.565918 3
22.230022 46.392846 25.630928 3
22.676722 46.322346 24.751408 1
22.269922 45.547446 24.270408 4
22.605622 45.788346 23.403368 3
22.200622 46.109146 22.590018 5
22.550222 45.816846 21.716358 3
21.982422 46.035946 20.979408 5
22.091522 46.996846 20.937758 11
21.492622 47.751446 20.938588 9
21.079322 47.515846 20.111058 3
21.203222 46.615846 20.429578 10
20.880122 45.874246 20.876498 5
21.328822 45.168246 21.257078 5
21.362922 44.227246 21.515218 3
20.626022 44.273046 22.126908 1
21.186522 43.514346 22.414198 3
20.568922 43.564446 23.177268 8
21.256422 42.984546 23.661748 6
21.687422 43.753846 23.226648 4
22.290322 44.581446 23.128038 3
23.086122 44.029246 23.070188 3
22.875822 43.305046 23.613408 1
22.244822 42.634446 23.316608 1
22.009022 42.843446 22.410968 3
21.279022 42.209446 22.603018 8
21.998422 41.671946 22.178598 9
22.171022 42.322746 21.470918 3
22.996622 42.460946 21.952388 12
22.637822 43.231146 21.549778 3
22.107422 43.818146 21.014898 3
21.229322 44.091646 20.577638 15
21.536522 44.817346 19.978788 10
20.902122 44.567646 19.275158 14
21.237122 43.710346 19.573048 4
20.970922 43.049246 20.311218 3
21.190522 42.195346 20.696318 3
21.586222 41.375146 20.884918 9
21.790922 41.719346 20.021528 3
22.329122 41.068046 19.409018 6
22.397022 40.483446 20.240638 9
23.269022 40.154246 20.462768 6
24.056122 40.096146 19.924598 6
24.085822 39.778746 19.024658 5
24.027322 40.752546 18.920458 6
23.179022 41.066746 18.683058 6
22.670022 41.899746 18.809758 13
22.102922 42.426446 19.368258 3
21.850322 42.428446 18.386558 9
20.934722 42.616246 18.328858 10
20.593822 43.193046 18.971858 3
20.045722 42.956646 19.721608 3
19.249022 43.084346 19.186658 5
19.692222 43.610346 18.503458 1
18.890422 43.972646 18.034858 1
19.245122 44.795946 18.411158 13
18.248222 44.844646 18.419258 9
17.598822 44.552646 19.089658 3
18.165722 43.811346 18.892558 9
17.620722 43.262246 19.578608 1
18.240722 43.747746 20.108278 1
18.644622 43.759446 20.955808 1
19.370222 43.194046 20.520698 3
19.504122 43.359846 21.486858 5
20.355322 43.245246 21.195968 3
20.425722 42.479346 21.769938 3
19.512222 42.494646 22.079668 8
19.300922 41.940146 21.376478 3
18.529422 42.292446 20.959808 4
19.045122 42.053046 20.183738 3
18.728322 41.273746 20.635868 6
19.751122 41.232146 20.618248 3
19.630922 40.269246 20.709708 5
20.003322 40.476146 21.556348 9
19.308322 40.340346 22.276378 6
19.554722 41.307346 22.510638 4
19.292222 42.017846 23.112848 8
18.902722 42.771046 23.564808 15
19.782022 42.762246 23.952468 8
20.033622 41.937946 24.354808 9
20.434922 41.065046 23.994298 13
21.213822 41.706246 24.217648 3
21.357722 41.056846 23.539928 14
21.782422 40.746946 22.658538 9
21.447022 40.020346 22.117708 9
21.075722 39.297146 21.504108 3
20.258022 38.869746 21.723968 3
19.460122 39.209346 21.327278 5
18.565922 39.120746 21.601388 1
18.180722 38.285146 21.234928 9
18.485622 37.374646 21.409158 13
17.584522 37.140546 21.214258 4
17.197422 36.240546 21.170298 3
17.662822 35.854446 20.362848 9
18.510622 35.845746 19.894158 10
19.062922 35.553546 19.161358 10
19.546822 34.725246 19.133358 1
20.351022 34.551246 18.613058 1
20.951322 33.881346 18.183658 3
21.558922 34.744946 18.094058 6
22.130222 34.855646 18.836858 6
21.884322 35.635046 18.338158 1
21.808722 35.805046 19.277058 3
21.530922 36.749346 19.201858 3
22.438622 36.965346 19.375658 3
22.211622 37.574446 18.680058 3
22.448022 38.423046 18.377758 6
23.304222 38.912946 18.366458 15
23.242522 39.895946 18.300558 6
23.031422 40.247346 17.422758 6
22.813822 40.897846 16.762058 8
22.301122 41.714046 16.946958 9
22.819622 41.439946 17.723158 6
21.919822 41.361346 18.007958 11
21.047022 41.624046 17.811758 13
20.719622 41.546346 18.731758 3
20.173622 40.947546 18.348858 3
19.893422 40.084846 18.585458 5
19.054322 40.143146 19.067958 10
19.748722 40.835446 19.335658 5
19.900122 41.777046 19.635548 3
20.662222 41.479546 20.125218 3
20.767522 40.572746 20.277288 5
21.432122 40.260046 20.899628 9
22.238222 39.698346 21.106728 9
22.448522 38.984446 20.568558 8
22.066222 38.085946 20.890218 3
21.492822 37.372946 20.787408 3
21.158822 37.220146 21.649188 3
20.416522 36.684646 21.886908 3
20.082922 35.969246 22.522228 1
19.716522 36.637446 23.129048 9
19.371622 37.458246 23.577968 1
19.319122 37.713946 24.496408 1
20.195722 38.053146 24.283148 3
21.063522 37.668646 23.939978 4
21.541922 37.598846 24.774118 4
21.994722 38.225346 24.160538 1
21.919222 38.041546 23.256958 1
22.392022 38.884646 23.371108 9
21.849222 38.828546 22.520198 9
21.842122 37.967846 22.069808 3
21.984022 37.201246 22.540988 6
21.615222 36.478646 22.078298 3
21.982122 35.764846 22.648708 15
21.372022 34.993546 22.512068 6
21.161722 35.303646 21.563788 3
22.042622 34.942546 21.363888 5
21.514222 35.471746 20.629148 3
22.445022 35.484146 20.415808 3
22.568722 34.665346 19.792978 9
22.021622 33.916746 20.059088 10
21.385122 33.659946 20.698478 9
20.456722 33.816146 20.547118 5
20.661922 34.712546 20.847698 1
20.187822 35.270846 20.226678 13
20.795622 36.010546 19.978508 3
20.433522 36.476446 19.258858 13
20.935022 37.039946 19.939068 3
20.653722 37.926546 20.130518 3
20.491722 38.780946 19.685898 5
21.293822 38.771446 20.268958 3
21.209622 39.597346 19.815128 5
21.964822 40.120146 19.359358 6
22.404322 39.408846 18.910058 6
22.554922 38.682646 19.455538 3
23.526422 38.872246 19.549218 10
24.464122 38.759646 19.627708 1
25.271022 39.368146 19.812218 6
25.625722 38.623346 20.354678 9
26.073822 38.012046 20.970468 13
25.221522 37.612046 20.940888 8
24.314922 37.680746 21.366498 14
23.632922 37.278746 20.809978 4
23.359722 37.885246 20.075478 6
22.628522 37.285646 20.279818 3
23.309922 36.617046 20.002098 4
22.866122 36.322446 20.774398 3
22.047722 36.082146 21.268548 3
22.825722 35.912346 21.798488 11
23.728622 35.676546 22.124808 12
23.938522 36.523646 22.517348 4
23.368022 36.941046 21.853688 3
23.129922 37.862746 21.980868 3
23.686022 38.635746 22.199558 1
23.610922 39.629746 22.308888 9
23.765422 39.198646 21.369968 1
23.687522 40.152846 21.407588 1
23.202922 40.611546 22.110438 9
23.013122 41.462346 21.787588 9
23.092322 41.441246 20.827888 6
23.008022 42.136746 20.093988 6
23.357522 43.003546 20.460568 3
23.974522 42.852246 19.648948 6
23.453922 43.669746 19.348158 10
22.638122 43.670846 20.070728 3
23.022822 44.547546 19.994568 1
22.315722 44.785946 20.570318 4
22.623422 44.732846 21.513748 3
21.966122 45.010346 22.122688 3
21.340322 45.448746 22.771358 5
20.456222 45.776546 22.473688 5
20.012822 46.083546 23.308328 1
20.024222 45.235646 23.708158 10
19.299922 45.013546 23.076358 3
18.876622 44.095446 23.066928 8
18.539422 43.950546 22.176088 3
17.818822 43.412646 22.574848 1
17.116322 43.434446 21.927638 5
16.371822 43.214946 22.588958 9
16.796422 43.463846 23.494108 15
17.092222 43.647646 24.364908 8
17.771222 43.094246 23.937528 3
18.296822 42.594446 24.594258 13
18.992622 42.281546 25.215008 9
19.213522 42.120246 26.168688 10
19.285922 41.125446 26.078038 6
19.531122 40.254146 26.481848 3
19.748222 39.416646 26.808538 9
19.627422 38.486546 26.700808 11
20.188522 38.150146 25.957018 13
20.923922 38.801346 25.890338 3
21.233122 39.510446 25.398548 13
21.111322 38.960746 24.568818 3
20.794922 39.470246 23.838868 9
20.279422 40.182846 23.438408 13
20.024522 39.400646 22.999168 3
20.799122 38.876446 22.951408 9
20.704922 38.016446 22.425558 3
20.024322 37.896246 21.751978 3
19.952522 38.241046 20.822098 3
19.650622 38.984346 20.251598 5
18.900922 38.338146 20.251398 8
18.628122 38.200846 19.345858 15
19.355922 38.040946 18.741558 5
20.224422 37.892546 19.067858 6
21.067422 38.300946 18.889258 3
20.560422 38.594046 18.133658 4
20.684022 39.361146 18.773158 5
21.383522 39.669346 18.191958 6
21.755322 40.169046 17.420658 6
22.117022 39.783546 16.688058 3
22.728622 39.037046 16.680158 6
22.236222 38.319346 17.262058 6
21.308022 38.421046 17.061458 1
20.415722 38.476346 16.676858 4
20.565822 37.558946 16.337758 3
19.928722 37.339546 15.601158 10
20.063622 36.410046 15.414458 3
19.428622 36.033146 15.952658 1
19.594322 36.761246 16.612858 10
20.026522 36.999646 17.412058 1
20.640922 37.026946 18.068058 1
19.802822 37.086646 18.525658 1
18.920722 37.143146 18.954858 1
18.892122 36.900746 19.814458 1
19.767122 36.732446 20.108228 3
19.943222 36.162546 20.843558 3
19.442422 36.822146 21.411878 3
18.843922 36.376246 22.158408 12
18.138922 36.766946 22.737068 6
18.440922 37.707846 22.872168 14
18.324222 37.699146 23.868798 5
18.667822 38.616546 23.656668 3
17.764522 38.519746 23.917968 11
17.176322 39.173846 24.392968 4
17.797722 38.600346 25.034948 9
17.910622 39.399646 25.469018 4
17.517822 39.319246 26.346048 10
17.375222 40.364546 26.079168 3
17.922922 40.203946 26.892678 9
18.665322 39.985446 27.510038 5
17.840722 39.847046 28.111888 3
17.527722 39.008046 27.781258 9
18.404422 38.662646 27.585278 6
18.376822 37.713546 27.644448 10
17.911822 37.510746 28.488754 9
17.322522 38.103246 29.020444 10
17.940822 38.389446 29.807603 4
18.551322 39.127046 30.078988 1
19.135022 39.627746 30.660598 4
18.892222 39.237946 31.475108 13
19.537622 39.647246 32.073288 8
19.436122 39.237346 32.914908 13
19.625122 39.148846 33.839388 6
19.666522 38.241046 33.523788 3
18.786022 38.084246 33.120278 13
18.982222 37.211146 32.766758 10
19.748622 37.254046 32.131348 10
20.494522 37.545146 31.756078 5
21.430222 37.437546 31.934778 3
21.695722 38.351246 32.064968 4
20.701322 38.576246 31.978018 1
19.840122 38.400246 31.496418 1
18.939922 38.229146 31.719028 13
18.654822 38.300546 30.797668 4
17.960122 38.649346 31.415578 13
17.368322 38.711946 32.156418 13
16.416922 38.628246 32.055228 4
16.638622 38.699946 31.156908 5
16.401822 37.787446 31.168868 10
15.558922 38.190646 31.445078 4
15.696022 38.607846 30.634158 3
15.774422 39.531346 30.444268 6
15.030922 39.236046 29.957299 8
14.710122 38.475446 30.567688 10
14.505422 38.825546 31.484138 4
14.610922 39.512246 32.141728 4
15.015522 40.119846 31.610268 10
15.113622 41.069946 31.440038 6
14.258722 40.846446 31.819718 4
14.427922 41.240646 32.659088 11
14.614322 42.196046 32.999208 3
13.717522 42.504346 32.985168 10
12.770522 42.445746 33.152468 11
13.192722 43.355446 32.953278 10
12.909422 43.313146 33.939518 9
12.656522 42.531546 34.273468 4
13.576322 42.225846 34.082888 11
13.727322 42.982546 34.667638 6
14.444022 43.475246 34.142158 10
14.956422 43.904546 33.466248 1
14.717922 44.727246 33.048098 6
14.929322 45.709146 33.041378 3
15.376822 46.631046 32.877938 13
16.053222 45.946446 33.110968 4
16.805122 46.516546 32.859408 5
17.609922 46.927346 32.505378 10
17.660622 47.767846 31.965698 5
17.755822 48.685746 31.928228 13
18.314122 49.386646 32.235878 1
18.278922 49.992146 32.898948 1
17.330922 49.877346 32.773938 10
16.909222 50.668246 33.204448 13
16.155522 50.217946 33.688408 4
15.371322 49.635346 33.673928 1
15.438522 49.415846 34.608148 6
16.373022 49.158046 34.818618 15
16.906022 48.868746 34.035218 4
17.707122 48.531146 33.662338 12
18.263222 48.478646 34.494898 4
18.984522 49.053746 34.222068 13
19.306822 49.255646 35.166658 9
19.458322 48.260946 35.400128 9
18.590222 47.927546 35.509598 4
19.155522 47.104346 35.316118 3
18.355022 46.977546 35.766038 10
18.641122 46.212146 36.271828 8
18.976422 45.594946 36.900238 1
18.007422 45.636446 37.156018 2
17.918822 45.603446 38.158318 15
18.618222 45.349446 38.808868 4
19.277422 45.574446 39.535458 10
19.420622 45.106246 40.340258 11
18.512822 44.987546 40.275358 13
18.745822 45.862946 40.523758 4
17.851922 45.564446 40.769358 13
17.698722 45.493746 41.775258 3
16.865522 45.064546 41.739258 4
16.634322 44.357846 41.136858 13
16.129122 44.070646 40.443358 5
16.535622 44.653046 39.848858 10
16.948722 44.412446 39.082728 3
16.664322 43.998546 38.249548 1
15.901522 43.548146 37.712588 1
15.085022 43.491746 38.136208 10
15.482722 43.031246 38.862238 9
15.857622 43.214746 39.723158 6
16.771622 43.441446 39.587358 6
16.698922 42.485246 39.564458 1
16.542622 41.654446 39.024578 1
16.726722 41.171046 38.213168 4
15.968422 40.614646 38.097978 1
15.869822 41.009246 37.202608 3
15.538522 40.107746 37.100848 1
16.252622 39.765446 36.654758 10
17.199422 39.929546 36.413058 10
17.434022 40.830446 36.762188 1
17.940922 41.555246 37.195098 4
18.846522 41.787046 37.432838 11
18.790122 41.327646 36.595828 5
18.747622 40.634846 35.834028 8
17.813722 40.569746 35.748548 3
17.330622 40.336746 34.971558 10
16.870222 39.573146 34.608908 10
17.420622 39.121646 33.910658 13
17.628422 39.451546 33.016178 13
17.972222 40.014346 33.835928 4
17.422522 40.637846 33.344718 5
17.019122 40.621446 32.532058 8
16.855722 39.707646 32.278318 13
15.919122 39.778546 32.151048 4
15.861022 40.592246 32.711628 1
15.371022 41.028746 33.398628 10
14.578722 40.310146 33.297258 11
13.625522 40.477246 33.687928 11
13.450922 39.942446 32.934118 4
12.609522 40.104146 32.477058 3
12.250622 39.505146 31.801078 1
12.654322 38.629246 31.823198 4
13.210022 39.060046 31.181908 10
13.492522 38.167846 31.443468 4
13.482922 37.774746 32.318898 4
12.600522 37.362446 32.348498 9
12.301422 36.656146 31.772408 15
11.364222 36.708546 31.591158 13
11.452222 36.859746 32.531428 6
11.160222 37.003646 33.466328 5
10.169122 36.766246 33.772688 6
10.196522 37.361046 34.498688 12
10.587022 38.027946 35.001948 13
10.455622 38.719246 35.667218 8
9.570122 38.385746 35.375908 10
8.975822 37.733146 34.910708 9
9.044322 36.762146 34.751268 10
8.638922 36.555646 33.872878 1
8.406322 35.799746 33.216148 5
7.977122 35.954246 32.375768 4
8.747322 35.781346 31.802298 10
8.054522 35.433346 31.236968 4
8.813922 35.127546 30.709088 3
9.146722 35.476146 29.903471 13
9.961722 35.379646 29.375754 6
10.026822 35.713746 28.441967 13
10.209822 36.609846 28.835321 3
11.156422 36.431346 28.97768 15
12.121622 36.267346 29.062515 1
13.128022 36.239946 29.029924 10
13.067922 35.499146 29.769215 3
12.532422 35.888246 30.449598 1
13.277022 36.470346 30.36788 4
14.153622 36.250646 30.736058 1
14.427222 36.692946 31.589158 4
14.483422 35.931046 32.202788 10
13.756422 36.135846 32.853928 4
13.020422 36.397146 33.290318 1
13.658722 37.077446 33.544868 4
13.868622 36.627446 34.351248 1
14.140822 37.475146 34.688198 1
13.397022 37.537346 35.352528 6
13.115722 38.378146 34.962238 10
14.063922 38.747646 35.049068 1
13.605322 39.139946 35.788998 9
14.443822 39.509546 36.108518 4
14.586722 39.638346 35.133388 5
15.267322 40.016646 35.657468 10
15.624622 40.706846 35.142458 10
15.112322 41.211446 34.556588 11
14.635522 42.020546 34.849428 6
14.112222 42.022246 35.628508 3
13.181822 41.923446 36.119908 13
12.728622 41.325946 35.445318 13
12.450222 41.346646 34.514508 4
13.371022 41.245846 34.369638 11
12.931322 40.473646 34.724728 8
12.655522 39.549746 34.977128 8
12.340922 38.950646 34.255708 13
12.167722 39.462546 33.440908 12
12.886422 38.978846 33.031458 4
13.671022 38.523046 33.302798 10
14.494522 38.230146 32.851398 4
14.535922 39.167746 33.044228 4
15.144022 39.231946 33.876118 10
15.770322 39.683146 33.242118 3
16.494722 40.049346 33.662738 13
16.493422 40.562646 34.542378 10
16.578422 41.135346 33.709408 6
16.199522 41.603846 32.978398 4
17.099822 41.888446 32.749418 6
17.003222 42.074246 31.755068 10
17.571722 41.666146 31.097848 1
18.092022 41.408046 31.866598 3
18.622622 40.613946 32.098878 13
18.514722 39.995546 32.810948 13
19.080622 40.584246 33.375318 4
19.451222 40.275746 34.206198 9
19.783122 41.040446 34.681738 1
20.677222 40.629246 34.670238 4
20.750322 40.517446 33.717548 1
21.523822 41.030646 33.895668 5
22.155022 40.333646 34.025548 4
22.775822 39.756546 33.643208 13
23.774822 39.950046 33.848128 1
23.987322 39.851746 32.959868 10
24.888022 39.949546 33.257138 15
25.497122 39.347446 33.599688 4
24.666222 38.898046 33.733968 10
23.942222 38.407246 33.543538 4
23.232122 38.008746 33.048608 10
22.490422 37.446246 32.931668 11
23.212622 36.912346 32.662418 13
24.070122 36.565046 33.008968 9
24.434622 35.776446 32.561178 9
24.532622 35.949246 31.666558 6
23.571622 36.152746 31.819518 3
22.615922 36.329746 31.789548 4
22.197422 35.518546 32.233858 6
21.354022 35.788146 32.535828 10
21.541122 35.029846 33.003158 10
21.697122 34.908046 33.935338 5
22.528022 34.890146 34.483328 13
22.438922 34.926546 35.408498 10
21.599422 34.478746 35.354888 5
20.990922 33.732846 35.476388 5
20.673222 34.585346 35.829508 7
20.702222 35.278046 36.521398 4
20.491522 34.861446 37.385308 4
21.348022 34.429646 37.240828 10
21.549122 35.298946 37.741258 1
21.447022 36.237646 38.047158 8
20.792822 36.938346 37.900828 4
21.521222 37.691246 37.992538 3
21.592222 38.589046 38.368818 13
21.460522 39.347046 39.017098 9
22.443722 39.240446 38.806508 6
22.907722 38.476446 38.338508 4
23.280322 37.601946 38.552778 10
23.663122 37.877946 37.721928 1
24.327422 37.159946 37.673778 4
24.381222 36.142946 37.765118 3
23.980522 35.911146 36.932808 1
23.220022 35.880046 36.274958 6
23.254322 34.890146 36.338688 10
22.345822 34.532346 36.668618 1
21.909222 35.415046 36.517878 1
21.384922 36.213746 36.698918 4
21.943122 36.579446 35.918768 12
21.417022 37.356546 35.796728 10
20.827322 37.312646 36.525918 1
20.104422 36.554646 36.407538 4
19.671222 36.806846 37.211138 4
19.813522 37.498146 37.915858 14
19.072922 37.393846 38.520908 13
18.165222 37.591646 38.846338 10
18.116222 37.419546 39.774758 13
17.384322 36.823046 39.900758 11
16.842422 36.649646 40.631258 4
16.823322 37.138146 41.454458 13
16.122022 37.785946 41.070658 10
15.944522 38.438146 40.456658 11
16.572922 37.820146 39.996658 8
17.022622 38.204046 40.718558 3
17.644522 38.991046 40.857458 10
18.488022 38.563846 41.083658 13
19.434622 38.823446 41.577058 15
19.454622 38.832646 40.584558 9
18.815922 38.738446 39.894658 6
17.934522 38.448446 39.456258 4
17.141222 38.466546 38.736458 10
17.007422 39.094446 38.042978 5
17.969722 38.923846 38.006398 9
18.509822 39.173246 37.290378 13
17.907222 39.103646 36.552648 10
17.797122 38.211346 36.267078 10
18.511822 37.751046 36.723018 4
18.200822 36.772146 36.634928 4
17.229422 36.508246 36.478428 5
17.673722 35.753446 36.918448 4
17.197622 35.058746 37.435988 6
16.630222 35.492246 38.200818 1
17.161422 34.850546 38.689878 8
17.094722 34.814046 39.734758 13
17.796522 35.416746 40.050258 3
17.636622 35.292546 41.003058 7
17.026922 35.630546 41.659658 10
17.851122 35.613646 42.082558 1
18.413722 35.054646 42.776958 1
19.394922 34.811446 42.481258 10
19.619422 33.859246 42.236058 1
19.462722 34.568746 41.528858 4
20.337922 34.446046 41.793458 13
21.049122 35.114546 41.661358 4
21.144022 36.090046 41.809058 5
20.404822 35.894646 41.129258 10
19.972822 35.333446 40.320658 13
20.769522 35.277846 39.826658 6
20.526222 35.598146 38.954128 3
20.090322 35.403846 38.121918 4
19.696422 36.238646 38.010828 4
19.259322 35.748546 38.674388 6
19.126622 35.210146 37.836758 4
19.257622 33.295246 38.329548 11
19.508622 33.221646 39.277218 4
19.965922 33.917846 38.972578 13
20.887922 33.595846 39.046478 12
21.546722 33.188246 38.468268 10
20.895322 32.849246 37.733838 14
20.424822 31.984646 37.768988 11
21.030822 31.287846 37.734518 1
21.683822 31.208046 37.072548 10
21.824322 31.981346 36.539568 4
22.003122 32.907346 36.333758 5
22.369522 33.004646 35.393818 9
22.323222 32.774146 34.490298 10
21.421622 32.917446 34.810538 5
21.047522 33.096346 33.903128 5
20.952422 32.429746 33.224558 4
21.251222 32.445046 32.321608 4
21.684922 32.619646 31.456508 1
21.315122 33.491346 31.379288 15
21.064822 34.342446 31.584568 3
20.142022 34.384746 31.777058 10
19.586922 35.235246 31.893388 10
20.084822 35.430846 31.073998 6
19.278222 36.012946 31.046338 10
18.823922 36.854746 30.992828 9
18.122922 36.558346 31.517958 10
17.516522 37.158746 31.133268 13
16.812922 37.062846 31.787278 1
16.023922 36.419346 31.771798 15
15.446222 37.133246 31.689528 4
15.453622 37.644446 32.525268 4
16.305622 37.274246 32.703778 9
16.991322 37.909646 32.708798 13
17.646022 38.448246 33.128188 13
17.962222 37.499046 33.268988 13
17.279022 36.837846 32.998148 4
17.691722 36.090446 33.517778 1
18.601522 35.997446 33.191638 10
18.748922 36.035546 34.137228 8
18.479022 35.385146 34.883798 4
18.492622 34.550946 34.474958 10
18.933022 33.925746 35.121648 5
18.599022 33.295246 35.832928 11
18.687222 33.869246 36.603408 10
18.503622 34.559846 37.229508 7
18.528722 35.238346 36.573648 4
19.153822 34.958946 35.815588 6
19.144622 35.900046 36.049478 4
20.032022 35.684746 35.710228 13
20.437922 36.453146 35.294158 3
19.692622 37.060846 35.181798 8
18.904222 36.563646 35.209378 4
18.256222 37.098246 35.543738 4
18.908522 37.809846 35.436978 1
18.269122 38.481646 35.210168 10
18.532322 39.221046 34.632738 13
18.644522 39.566046 35.583988 10
19.549622 39.433746 35.887848 6
20.134022 38.878246 35.412378 1
19.894222 38.073246 35.844848 4
20.627922 38.039146 35.092598 6
20.270822 37.324846 34.499858 1
19.418322 37.250646 34.049678 1
19.600622 36.560346 33.399768 1
19.611222 35.638046 32.875118 10
20.199322 36.189546 32.371818 10
20.648922 36.514246 33.154698 12
20.627522 35.731146 33.791618 13
20.115022 34.889846 33.659028 10
19.876122 34.970246 34.640118 15
20.014322 34.062146 34.853798 5
20.197822 33.733546 33.974888 5
20.615022 34.082646 33.189038 10
21.469322 33.702346 32.864738 15
22.246122 33.681346 33.367228 4
22.579522 33.318146 32.570788 10
23.482122 33.646746 32.250418 14
23.831922 32.794846 32.478358 13
23.699222 31.879646 32.241068 3
22.818722 31.764546 32.415418 13
22.001922 31.793046 31.931028 4
21.877622 30.857846 32.017228 4
21.567022 31.098046 31.136168 1
21.458422 31.465746 30.205112 3
21.406422 32.091546 29.431623 13
21.642522 33.034846 29.515621 1
22.338722 33.701346 29.466591 4
21.570122 34.262746 29.14623 6
21.029922 34.209246 30.008745 10
20.351122 33.823246 29.473086 4
19.810722 34.338246 30.057665 10
19.446622 33.480846 30.308873 9
19.521322 33.580846 31.223098 10
19.481822 32.684346 31.627428 11
19.181422 31.789446 31.963158 4
19.716922 31.018946 31.998798 4
20.265122 31.525346 31.347408 7
20.835822 30.929646 31.896868 4
21.154222 30.152046 31.446248 4
20.922022 30.344046 30.545598 8
21.538222 29.624546 30.390324 10
21.528222 29.862146 29.458409 11
22.452122 29.692346 29.40205 8
22.789722 28.737846 29.426948 7
23.358622 28.201046 29.915435 9
23.065522 27.335146 29.365606 9
23.524522 26.982246 30.199344 10
23.325022 27.428246 30.983818 5
22.657922 27.094046 31.634168 13
22.902522 27.451146 32.538088 6
22.252322 26.977846 33.043538 13
22.004822 27.894646 33.299748 10
21.733522 28.884646 33.292898 10
22.256622 29.673346 32.952818 4
22.277422 30.024046 33.889438 1
21.957422 30.587846 33.213938 4
22.445822 31.441946 33.341008 13
23.169222 30.958046 33.872008 5
22.616222 30.947246 34.755738 1
23.318522 30.368446 35.033368 10
23.901422 29.590246 34.812648 10
24.436522 29.100246 34.177378 5
24.633822 28.493146 34.945508 4
24.701822 27.807146 34.154158 1
25.509422 27.427346 33.838808 1
24.929622 26.819146 34.299208 1
24.583622 26.356146 33.512758 3
24.270322 25.641046 32.931858 4
23.315322 25.600146 33.145958 13
22.734722 25.060446 32.630688 13
22.372322 24.194046 32.514248 6
21.560522 24.412846 31.987188 7
21.866222 25.352846 32.122888 13
21.091122 25.778646 32.560388 13
20.250222 25.597346 33.056888 6
19.771422 26.398546 33.289498 10
20.486522 27.133546 33.055908 10
20.730322 26.688846 32.234738 13
21.085822 27.125146 31.501148 13
21.664622 27.638946 32.004258 6
21.049322 28.345746 31.878768 10
21.086622 29.308246 31.851728 4
20.653522 29.109446 32.686508 4
20.496922 28.963946 33.644258 10
20.364622 29.905346 33.292808 4
20.382022 30.809246 32.874018 4
21.003722 30.692846 33.630708 4
21.584022 31.033846 34.314918 9
21.720522 30.944346 35.289258 6
21.780422 30.017346 34.978578 15
21.011222 29.454546 34.655098 10
20.607322 30.383646 34.769608 9
20.617222 31.395346 34.541858 4
21.182022 31.976446 34.073888 10
20.445022 31.652446 33.563988 4
20.089222 32.524846 33.875068 5
19.646222 32.632746 32.953698 4
19.423222 33.418846 32.438388 10
18.546222 33.246646 31.993638 12
17.954522 33.985446 31.920058 10
17.510122 33.739546 31.129828 1
18.488022 33.853746 30.922188 10
17.991822 33.748646 30.095771 1
18.320522 34.620646 29.868212 7
17.763922 35.354946 29.821066 3
18.019622 35.373146 30.826388 11
18.628422 35.355846 31.542238 10
18.718422 35.210346 32.513468 10
17.805522 34.791646 32.816008 1
18.466022 34.080846 32.805978 10
18.977322 33.783746 33.588968 10
18.419722 33.016546 33.636218 11
18.683022 32.223346 33.226118 4
18.052822 31.524446 32.890608 13
17.360422 31.179846 33.544998 3
17.417222 30.238346 33.235968 4
16.740522 29.409246 33.446658 7
15.843722 29.357646 33.813888 7
15.392622 29.818946 33.132028 7
15.258722 30.275946 32.296928 8
14.329822 30.371946 31.928438 13
13.679322 30.475846 32.678668 4
13.082122 29.859746 33.211928 1
13.045522 30.832746 33.350448 10
12.657622 31.574346 33.863148 4
12.904822 31.788846 32.879758 5
13.677422 31.638646 33.345458 10
13.758222 32.491746 33.784008 1
13.493822 33.092946 33.012228 7
14.320122 33.469046 33.159468 9
14.002322 34.301446 33.435288 9
14.204422 34.844546 34.184188 1
14.640722 34.768846 35.077388 12
14.923922 33.997546 35.494658 5
15.857522 34.212646 35.749578 10
16.605922 34.762346 35.958328 1
17.439422 35.149546 35.524758 4
17.470622 35.943346 34.929728 10
16.649822 36.385746 34.931018 6
17.292622 36.879346 35.380278 4
17.606422 37.594346 34.808108 13
17.101122 38.051546 35.498948 10
17.289222 38.589946 34.718458 13
16.485522 38.884446 35.240238 10
15.790322 39.112446 35.822088 10
15.990422 38.744446 36.681338 3
15.070722 38.454546 36.791818 15
14.298222 37.890646 36.830608 15
15.213922 37.574646 36.358478 5
16.073122 37.756746 36.007698 11
15.296822 37.844946 35.347558 4
15.564522 38.551846 34.709078 10
16.329722 38.794346 34.157288 13
15.862022 38.101846 33.610128 13
15.224222 37.325546 33.573778 4
15.031322 36.526846 34.022028 11
14.903422 36.301946 33.112078 4
15.598922 35.646346 33.324448 10
15.248422 34.744646 33.431568 1
15.223422 34.433446 32.562578 10
16.204822 34.425946 32.517288 1
15.802622 34.028446 31.748658 1
16.306922 33.280646 31.990248 4
16.638222 33.065446 32.819998 7
17.162022 32.416446 32.296628 1
16.682522 31.797546 31.667368 10
16.857322 31.087446 31.119148 8
17.723622 30.558546 31.386968 10
18.025622 31.245946 32.006828 3
18.736222 30.883246 32.554048 4
19.451622 30.400946 32.926258 4
19.491522 29.382746 32.751688 4
19.756622 28.466046 32.942668 10
19.847622 27.747746 32.396938 10
19.830522 28.253046 31.494778 5
19.879022 29.159246 31.511678 4
20.028622 30.041746 31.109728 4
19.831722 30.556746 30.232565 10
19.303322 29.876146 29.816296 9
20.052622 29.347346 29.540092 7
19.343022 29.396546 28.884831 6
18.800922 30.165946 28.73464 7
18.076722 30.696946 28.125868 6
17.603222 30.065346 27.590998 4
17.996122 29.356146 28.146968 10
17.703322 28.950946 27.303998 10
17.879022 28.494346 26.499168 5
16.911722 28.653746 26.525008 4
17.301022 28.648046 25.565358 7
16.939122 29.375946 25.193058 10
16.062222 29.743246 25.131728 4
15.613922 30.555546 25.066088 10
16.124922 30.862746 25.799628 1
15.194722 30.629646 26.066228 1
14.462822 31.109446 25.648338 9
14.107822 31.058346 26.532888 13
13.593222 30.419946 25.952208 1
13.043122 30.591746 25.238648 13
12.497122 30.513946 26.050938 3
12.476922 31.247946 26.818898 1
11.604222 31.173746 27.265338 1
11.647922 30.209646 27.151508 13
11.302122 29.299246 27.070428 4
11.163122 29.674246 27.922988 11
11.669922 28.941946 28.220358 7
12.029022 28.207346 27.622618 8
12.003722 27.620446 28.366618 4
11.501522 27.578046 29.191999 11
12.145222 27.618146 29.964622 10
11.879222 28.433746 30.435648 8
12.353922 29.231546 30.868118 10
12.679922 30.024646 30.479828 4
13.101722 30.868246 30.483418 4
13.340322 30.806246 31.485758 3
13.958222 31.511646 31.298648 13
14.366122 32.417146 31.334828 10
15.298222 32.158446 31.107888 11
15.170422 32.070146 31.994638 7
15.493822 32.683446 32.665508 1
15.821522 32.104846 33.358588 10
16.778522 32.033946 33.321338 4
17.484622 32.119446 33.996978 13
17.800122 32.657146 34.705218 6
18.505722 32.252946 35.273708 1
19.390822 32.670446 35.433238 5
19.697922 32.106646 34.737988 5
19.146022 31.588846 34.099688 4
18.771922 30.759046 33.635268 4
18.886722 29.838346 33.939218 4
19.355122 29.450846 34.688478 10
19.142622 30.188446 35.327818 6
20.063422 29.966346 35.472198 5
20.458522 29.137046 35.694558 10
21.129822 28.509746 35.319858 10
22.038122 28.162646 35.280398 15
21.876622 27.518946 34.582758 9
21.250822 27.423746 33.835248 10
21.338622 26.678746 33.233918 13
21.002522 26.013846 33.811218 10
21.892822 25.885446 34.174968 13
21.416622 26.365546 34.866568 9
21.873922 26.740046 35.643318 15
21.320422 27.500346 35.517708 15
20.717022 27.702446 34.794988 10
20.353022 27.892446 33.936108 10
19.701122 27.646846 34.523108 10
19.139622 28.250446 35.112948 10
19.083022 28.278046 36.091448 7
18.682222 28.460146 36.987438 4
18.690522 29.016146 37.789778 12
19.656822 29.112346 38.109718 7
19.884422 29.490346 39.015918 1
19.871322 29.935246 39.911658 7
20.409622 29.145246 40.006358 12
20.245022 28.349146 40.484958 4
19.535422 28.005346 41.156058 10
18.889222 27.783346 40.470358 3
18.365622 26.954046 40.174358 4
19.152722 27.056546 39.571858 1
18.747622 27.864246 39.299528 1
18.522022 28.745946 39.592158 7
17.854522 29.301346 39.922258 10
16.955622 29.106546 40.363658 4
16.729622 29.288546 39.421658 1
15.795022 29.394046 39.275788 13
15.245622 29.086946 38.539708 11
15.727422 29.422846 37.802968 10
15.525322 30.185546 37.188128 9
15.942122 30.018946 36.353238 14
15.673122 29.213346 35.877748 4
15.254222 29.445746 35.080788 7
15.786622 30.206446 34.644638 13
16.278522 29.465446 34.850608 7
17.024522 29.999746 34.969038 11
17.414522 29.177046 34.651758 6
18.332722 28.989846 34.250048 10
17.679522 28.344346 33.907908 7
18.492022 28.304846 33.331478 10
18.534222 27.536546 32.674058 10
18.591222 27.853446 31.765458 12
17.680622 27.969346 31.852918 13
17.070622 28.434746 31.261308 12
16.297822 28.813446 31.750198 7
17.149922 29.191946 32.114858 10
17.894822 29.722646 32.007338 4
17.964622 28.946646 31.526678 12
18.565222 29.003546 32.314048 4
17.732422 28.945646 32.930448 4
16.961822 28.474246 33.066028 7
16.407522 27.781446 32.765968 7
17.127822 27.342846 32.370988 14
17.125822 26.695546 31.717348 12
17.722922 26.275746 32.397168 1
18.676222 26.260246 32.520168 1
18.760122 26.594146 33.384288 10
19.169522 26.735946 34.233118 10
18.746422 27.657846 34.248108 10
17.943522 27.402046 33.793318 7
18.088722 26.826846 34.627418 10
17.202722 26.787946 34.364888 7
16.707522 26.091146 34.823348 1
16.042322 25.700446 35.366418 7
15.108422 25.438946 35.109478 1
14.830822 25.880646 35.922088 4
14.138922 26.141346 35.264048 3
14.452622 26.990546 35.621568 1
15.013022 27.646446 35.144368 7
14.991722 27.767946 34.164898 7
14.464522 27.424346 33.419698 10
13.513822 27.591446 33.383168 12
13.376222 28.227946 34.077548 1
13.645322 29.156546 34.078268 9
14.341622 28.832246 34.643398 7
14.208622 28.782246 35.584238 4
13.333622 28.947346 35.934078 4
13.425322 28.319546 36.737698 10
12.840522 28.494746 37.585458 11
13.739622 28.095446 37.873938 1
14.565522 27.578446 37.612338 5
15.254922 28.171446 37.180268 15
15.489222 27.633546 36.401958 14
15.969222 27.379146 35.614308 11
16.467122 27.732046 34.817138 7
17.392422 27.902046 34.770848 7
18.213422 27.848646 35.272038 10
18.101922 27.284946 36.098008 10
17.790322 26.390746 36.092098 14
18.729422 26.226446 35.933828 10
18.504722 25.460646 35.423578 13
18.499422 24.433546 35.302798 7
19.333322 24.493846 35.865918 15
20.051022 24.366546 35.313398 7
19.578922 24.636246 34.558298 12
19.756022 25.612046 34.175868 14
19.713922 26.250746 34.943328 10
20.201022 26.992246 35.391188 10
20.318522 26.783646 36.333498 9
19.432022 27.255046 36.259598 10
19.284422 26.686946 37.027288 4
20.020422 26.288446 37.570518 1
20.512322 25.412946 37.568078 1
20.738922 24.656046 38.166488 1
21.232522 24.159146 37.526338 1
21.625022 23.415846 37.152368 7
22.583822 23.746546 36.935518 13
23.042422 23.236646 36.243218 4
23.703422 23.788746 35.740078 1
24.202322 22.885746 35.769008 7
25.020222 23.102846 35.357178 7
25.490922 23.604046 34.749288 10
25.980922 24.002346 33.957138 12
26.034122 23.096846 33.536858 1
26.928222 22.917946 33.131398 7
26.639122 22.438146 32.368918 12
26.054022 23.177846 31.978348 8
25.783122 23.439846 31.161308 10
26.133522 24.382246 30.965178 11
26.179722 25.007446 31.791858 1
26.096522 25.977446 31.854938 10
25.591422 25.776846 31.042428 4
26.233322 26.161046 30.391863 4
26.737322 26.392646 29.610656 6
26.111422 26.629646 28.933327 12
25.221222 27.033846 28.863593 10
25.211322 27.974746 28.912469 7
24.370922 28.116146 28.358878 11
24.965022 28.127746 27.610498 7
25.762722 28.595946 27.182408 1
25.885222 27.883546 26.546888 13
25.108922 27.783646 25.911548 9
25.245222 28.740846 26.001988 10
25.333922 29.653246 25.732948 7
26.198222 29.841446 25.312738 10
27.122422 30.087546 25.345858 7
26.747922 30.416646 26.149608 11
25.758922 30.547646 26.136648 5
25.826722 31.470546 25.782088 10
25.379022 31.729246 26.524638 13
24.776922 31.497546 25.841938 7
24.387422 32.190346 26.367058 14
23.997722 32.505346 25.529638 1
23.396922 32.812446 24.841148 15
23.233722 32.276346 24.051508 10
22.234622 32.194846 24.061278 7
21.497822 32.692246 23.442068 6
21.046322 32.949646 24.306728 16
20.224522 32.894546 24.780198 4
20.110922 31.950146 24.610928 1
19.432722 31.300746 24.503498 10
20.184822 30.775846 24.799138 1
19.648622 30.694246 25.629848 1
19.319422 29.763146 25.595398 4
18.423922 30.157646 25.765408 7
18.216222 29.212346 25.753068 1
18.577422 29.196246 26.634948 1
19.007222 28.761446 27.384268 7
18.891422 27.777146 27.369138 10
18.838322 27.295646 28.182358 10
19.736022 26.941646 28.083598 7
19.317622 26.403246 27.481168 7
18.375522 26.402546 27.410218 10
17.391922 25.073046 26.367108 11
17.037722 24.656746 25.593958 1
16.511122 25.379646 25.167528 14
15.654922 25.215846 25.648658 10
15.941222 25.317546 26.585218 11
16.532722 26.108446 26.744938 4
16.653722 25.459046 27.489918 11
17.253322 25.830146 28.126978 10
16.922322 26.062046 29.005951 14
17.201122 26.932146 28.937886 10
17.021322 27.008346 29.850947 12
17.217322 27.431146 30.673778 12
18.087922 27.210546 30.238699 12
18.612622 26.909246 29.458568 10
19.489322 26.701246 29.224645 7
20.284522 26.176046 29.098061 7
20.471722 26.715246 29.773943 7
20.630122 26.352046 30.649198 1
20.109022 26.125246 31.419778 13
19.648522 26.975246 31.084058 1
19.017822 27.665946 30.875868 12
19.926822 27.789546 30.434738 4
19.563922 28.572546 29.935594 9
18.685422 28.192046 29.815607 12
19.024622 28.230046 28.879044 10
20.002722 28.257646 28.920561 7
20.865822 28.683646 28.667867 1
20.860022 29.262646 27.883888 1
20.680122 29.640546 26.991118 15
21.520722 29.174646 26.571038 7
21.862122 28.255246 26.563768 15
21.905922 27.701546 25.804008 10
22.273122 26.908646 26.287068 1
21.481322 26.941046 26.791688 7
20.873122 26.473246 26.198718 7
20.227222 25.820646 26.487328 7
20.578722 24.899446 26.381098 4
20.122322 24.012946 26.374888 15
19.870922 24.445846 27.170208 15
19.302322 25.008246 27.728048 7
18.526822 25.463446 27.975328 10
18.119422 25.371146 28.833959 1
18.767222 25.918446 29.298786 7
17.827822 25.936046 29.603423 10
16.940122 25.754346 30.045562 12
16.998822 24.849346 29.834569 11
16.175622 24.588446 30.349973 1
16.915522 24.791646 30.841408 7
16.773422 25.681646 31.239348 12
16.799322 25.686046 32.212068 1
16.048022 26.246446 32.623428 1
15.687022 26.335546 31.724148 3
15.445222 26.041846 30.853138 12
15.455622 25.123346 30.888398 7
15.330622 24.444346 31.669338 16
14.491822 24.627746 31.329418 9
13.622622 24.142946 31.396668 15
13.153622 24.963746 31.419408 12
12.494122 25.216246 30.785778 7
11.595622 24.939146 30.996408 10
11.799422 24.155646 31.538348 15
11.483722 23.912646 32.391728 7
11.922822 23.099646 32.783548 16
11.838922 23.240546 33.693348 1
12.221022 24.032646 34.178258 7
12.542422 24.924546 33.885058 1
12.178122 25.820146 33.817498 12
12.088322 25.562446 34.720078 7
11.722422 26.482246 34.814278 5
12.326222 26.561146 35.530288 4
12.851222 26.345046 34.797358 1
13.258722 25.543946 34.434538 1
14.158722 25.432546 33.942748 4
14.126422 26.204346 33.403288 1
14.942322 26.476246 33.096988 1
15.523122 27.097546 33.421448 1
15.787522 28.004746 33.626908 7
15.037122 28.627246 33.521938 7
14.575522 28.834846 32.650878 1
15.297722 29.169446 32.019608 7
15.632722 29.546546 31.148128 1
16.385522 29.918846 30.651808 15
17.270122 29.964846 30.221017 1
18.174322 29.923446 30.621358 1
18.725322 29.139246 30.351395 10
17.889422 29.097746 29.887885 12
17.860822 28.720346 28.978726 10
17.156922 29.447846 29.025861 15
16.476822 28.846646 28.906952 11
16.386322 28.075846 29.458769 12
15.638322 27.844346 28.884852 11
16.260222 27.813646 28.056138 12
17.119622 28.038646 28.390528 10
17.584822 27.285746 27.864388 10
17.880922 27.202246 26.971558 7
18.642322 27.204446 26.451178 15
19.470022 26.601346 26.480478 7
20.043022 26.953446 25.810478 12
20.278322 27.638846 26.489148 7
19.981822 28.057946 27.301588 15
20.735222 27.701846 27.834358 7
21.287822 26.921246 27.853868 7
21.531322 27.522046 28.542705 7
21.992322 27.950146 29.290934 16
21.332122 27.380946 29.634914 7
22.139422 27.055746 30.039965 16
21.919522 26.707046 30.947978 13
22.364022 25.973846 31.358618 13
23.146622 25.837146 30.748768 7
22.340922 25.459446 30.427908 9
21.371522 25.593746 30.262097 13
20.981722 25.370346 29.410222 7
20.816722 24.427846 29.321223 7
19.949122 24.184446 29.84364 16
19.928122 23.386646 30.430838 9
19.982022 23.908046 31.240448 7
19.446522 23.252546 31.566298 10
19.327622 22.604146 32.217918 14
18.558322 22.490646 31.682668 6
18.326822 22.740846 30.767438 12
18.433422 23.345446 29.984254 7
17.649722 23.091346 29.449723 1
16.677222 23.175446 29.756896 11
17.118822 23.595046 30.516488 7
17.510622 23.852346 31.371698 15
16.954922 24.347646 31.931718 16
17.479522 24.912446 32.601948 16
18.298722 25.164846 32.244658 4
18.930222 25.303146 31.576908 1
18.215222 25.901346 31.500308 12
18.610622 26.150246 30.623498 12
18.353822 25.162346 30.610978 1
19.270522 24.958946 30.296145 5
19.627822 25.348446 29.476332 7
19.219322 24.737146 28.906848 7
18.427822 24.206946 28.981905 1
17.614622 23.792946 28.630175 11
17.934022 24.553246 28.160378 4
17.672622 24.545346 27.213198 11
18.530422 24.569846 26.743278 7
19.146522 24.550046 25.987128 15
19.033222 25.383646 25.517008 7
19.483222 25.886646 24.729208 11
20.129122 26.612046 24.719028 12
19.920522 26.331246 23.855388 4
20.294022 26.929646 23.230828 1
19.470822 26.753846 22.667188 1
20.216422 26.661446 22.142718 9
20.483422 26.422846 21.215108 16
19.960222 25.610746 21.191068 14
20.640922 24.800746 21.095698 15
20.804022 23.888446 21.077028 7
20.694322 24.234546 22.005938 7
21.108422 24.982746 22.491358 16
21.938822 25.141746 22.979038 15
21.989122 24.166746 22.861778 10
22.948122 23.941646 22.634048 16
23.629022 24.696946 22.625488 10
24.434322 24.952446 23.108938 7
24.115022 24.400746 23.855208 10
23.319122 24.328646 24.439108 13
23.807722 24.016746 25.244548 12
24.119822 24.774846 25.799178 1
24.109422 25.033846 26.728108 7
24.852722 25.572546 26.507358 10
24.045422 26.077046 26.549508 1
24.124822 26.961846 26.078768 12
24.235722 27.650746 26.676808 1
24.955722 26.970746 26.677408 7
25.029722 26.862846 27.608688 16
24.299222 26.827046 28.209048 1
23.360722 26.757446 28.253368 13
22.548622 26.678146 28.767755 7
21.984722 26.209746 28.124458 7
22.172422 25.244846 28.395158 12
21.214622 25.556946 28.255318 7
20.543122 26.190346 28.092688 7
20.064022 25.588946 27.488878 7
20.694922 24.892546 27.561498 7
20.983922 24.149546 27.001238 15
21.994822 24.305146 26.983888 4
22.675722 24.948846 26.742378 6
22.232322 25.797446 27.041038 7
21.628322 25.237146 26.475748 7
21.045022 25.336946 25.593378 11
20.678422 24.467246 25.367088 16
20.619422 23.536646 25.548238 15
20.308922 23.223746 24.775908 15
21.180722 22.811146 24.600228 9
21.425522 22.760446 25.541358 15
22.428822 22.619846 25.542018 1
23.099322 22.044546 25.961848 11
23.467422 21.784046 25.100668 16
22.783122 21.429446 24.569188 16
22.113322 21.936846 24.061748 10
21.445522 22.125946 23.352458 12
21.702022 21.191946 23.339648 1
22.449822 20.555546 23.027848 11
23.416322 20.734646 22.953148 7
23.380122 21.172446 22.063368 7
24.264022 20.872946 22.266788 13
24.951622 20.601846 22.873998 12
25.357922 21.133546 22.173128 11
25.529122 22.026046 22.546468 7
26.189022 21.465146 22.964878 9
27.039322 21.027946 23.215378 7
27.732022 20.764346 22.495008 4
28.620422 20.357146 22.752798 10
29.368322 20.761746 22.244188 14
29.872422 20.107346 22.667998 16
30.506022 20.298346 21.971628 5
31.362622 20.227946 22.475908 7
31.066722 19.350446 22.824348 10
32.046522 19.266946 22.746488 16
32.040022 18.895846 21.887218 16
32.340522 18.284746 22.686338 16
32.286422 17.481946 22.101218 12
31.488422 18.002746 21.758208 1
31.003322 17.587346 22.459538 7
30.213922 18.078446 22.408438 12
29.551022 17.331746 21.984458 1
29.266422 16.517646 21.714138 7
29.582622 15.644756 22.091468 7
29.270922 15.504096 23.006648 7
28.494922 16.109846 23.123958 12
28.482722 17.094146 23.137698 1
27.889522 17.429046 22.436828 1
27.597122 18.288346 22.360278 1
27.734622 19.062246 22.966848 15
27.449822 19.130846 23.872298 1
27.047322 18.778546 24.612328 1
26.375822 18.057446 24.690868 10
25.599622 17.987846 24.126758 15
25.381722 18.608846 24.822568 1
25.322422 18.904946 25.758408 16
24.776022 19.751946 25.593428 13
23.958022 20.279946 25.695018 7
23.045022 20.220746 25.351328 13
22.133322 20.347046 25.705938 13
21.746822 20.424546 26.603618 12
21.661822 21.382546 26.742158 12
20.984622 21.934946 26.276218 15
21.394222 21.569746 25.428108 16
20.711722 20.904746 25.616888 12
19.996422 21.362146 26.071388 15
19.715422 20.785746 25.405558 5
18.964522 20.459346 25.904618 8
18.115022 20.853746 26.045138 7
17.458322 20.690846 26.794638 7
16.504522 20.700646 26.725638 7
16.063422 21.027046 25.879728 7
16.071422 21.832246 26.446498 11
15.376222 22.374946 26.140578 11
14.915222 21.590746 25.685368 1
14.123322 21.251746 25.211548 1
13.658322 21.896146 25.693528 7
12.865222 21.623246 26.297048 16
13.422422 21.536446 27.091148 12
13.860922 20.691346 26.817748 12
13.106422 20.283146 26.465428 11
12.401122 19.879146 26.002368 7
11.736622 19.247446 25.836208 9
12.275522 19.388346 25.036368 11
12.082822 19.704946 24.164068 7
12.170522 20.622646 23.963108 1
12.524622 21.472246 24.292788 7
12.530722 22.317146 24.766538 9
11.766022 22.052946 25.343158 14
11.740922 22.587046 26.187648 16
12.312722 23.367146 26.041298 16
12.931722 23.245646 25.305768 7
13.486422 24.095246 25.251758 16
13.791822 24.735046 25.854778 16
14.545622 25.283646 25.621238 7
14.948922 24.849346 24.903458 15
14.557122 24.093346 24.310448 4
14.507822 23.420846 23.736268 7
13.808322 22.839946 23.451688 10
14.672122 22.585446 23.182648 7
15.222222 21.853146 23.511828 5
15.974322 22.077546 24.095428 1
16.397522 22.137646 24.926298 10
16.867922 21.286946 24.949718 7
17.786022 21.109946 25.147378 7
18.653422 21.497246 24.680808 1
19.562422 21.894146 24.892948 15
19.197622 22.523246 25.507868 15
19.000922 21.513446 25.862628 1
18.817822 21.124546 26.801538 7
19.489822 20.422446 26.890058 11
20.177222 20.213546 27.468288 12
20.903122 19.742146 27.033348 12
21.497922 19.422246 26.383598 15
21.170122 18.828746 25.723108 7
21.232222 18.779446 24.727298 1
20.539422 19.340446 24.545858 16
20.759922 19.892946 25.286398 13
20.010822 19.411546 25.721648 16
19.252322 19.552446 26.265108 12
18.718422 18.907346 26.729168 7
19.069422 17.987946 26.856938 1
18.072122 18.150846 27.011008 16
17.836422 19.071246 27.072618 7
17.936522 19.033946 28.037348 12
18.663922 19.661646 27.753658 11
17.743022 20.105246 27.700948 7
18.182322 20.942546 27.504048 7
18.812722 20.621846 28.140598 13
19.769622 20.755046 28.520417 6
20.672522 21.042946 28.483193 12
20.544422 21.511046 27.671308 12
20.487322 22.397746 27.296088 15
19.659122 21.984946 27.072488 11
19.734122 22.809046 26.553178 15
18.826422 22.418146 26.515328 7
18.522822 23.199846 26.026448 15
18.133922 24.092246 25.725728 9
17.503622 23.980946 26.474248 11
16.754022 23.410546 26.562468 11
16.445122 22.751246 26.024068 16
17.354322 22.494446 26.227418 7
17.996422 21.997946 25.711048 7
17.869222 22.314046 24.840458 8
18.316522 23.123246 24.549618 15
18.840422 23.276846 23.749578 4
19.432322 23.490046 23.058298 1
19.143622 22.743146 22.578278 7
18.642122 21.920646 22.716178 16
17.756522 21.486246 22.758178 1
17.678122 20.601546 23.227918 1
17.559322 19.718546 23.754648 1
16.662622 19.410346 24.020448 1
16.837422 19.793546 24.846268 7
17.562322 19.307046 25.336998 1
17.584522 19.615046 26.232918 7
16.642922 19.466546 26.061058 7
16.349122 18.529946 25.920268 11
15.607822 19.010846 26.224678 1
15.816422 19.404446 27.081648 7
15.075022 19.945646 27.456458 1
14.841522 20.418646 28.251228 12
14.898322 21.234646 27.762748 12
15.494622 21.980146 27.517528 11
15.967922 21.245946 27.845518 7
16.209722 20.340846 27.826238 7
16.983922 19.801646 28.218978 7
16.420022 19.050246 28.231458 16
17.133422 18.606546 28.618674 7
17.896622 18.304846 29.046013 14
18.551122 17.535646 29.03048 15
19.483522 17.389146 29.271347 5
19.311722 16.465346 29.320272 16
18.769022 17.018246 29.894241 15
19.184722 17.474846 30.704748 12
20.008922 16.979146 30.707848 16
20.251122 16.759646 31.635968 13
19.787322 15.912776 31.791078 11
19.053922 15.602426 31.133418 16
18.440522 15.228556 30.515698 11
18.457122 14.445836 29.986124 15
19.381822 14.261906 30.180505 12
20.143022 14.569636 29.537476 1
20.632922 15.096146 30.094383 1
20.646222 15.858376 29.517053 1
21.588822 15.741516 29.264953 7
22.455222 16.044316 29.213996 12
22.821922 15.176976 29.540892 16
23.139322 14.503076 28.877547 12
22.607722 14.735466 28.002388 7
22.432722 15.587746 27.630388 1
21.874022 16.336346 27.791638 5
21.113922 15.865866 27.460908 8
20.967422 16.306346 28.366958 7
21.045522 17.300046 28.50989 15
20.468122 17.209346 27.715438 7
20.352322 18.222846 27.867378 8
20.254222 19.231446 27.918328 7
21.193222 19.663746 28.059478 12
22.041222 19.932846 27.798498 12
22.419622 20.678846 28.089548 7
23.195722 21.054946 28.501826 9
23.366722 21.573346 27.726818 13
22.535322 21.700746 28.140828 1
21.634322 21.714446 27.807988 12
21.721922 22.530246 27.460918 16
21.311822 23.381546 27.542658 15
21.487522 22.980546 28.400853 7
20.582122 23.282946 28.527399 1
20.084422 24.074746 28.397563 7
19.270122 23.929946 27.927898 15
18.492622 23.464246 27.601238 11
19.255322 22.873246 27.538228 15
18.583122 22.233546 27.578488 7
18.426422 22.345646 28.491929 1
17.554122 22.743646 28.311528 11
17.593822 21.977646 27.812628 7
16.942922 21.932946 27.096018 7
16.675022 22.664846 27.695968 11
16.425922 22.017646 28.415843 11
17.101122 21.426346 28.827613 7
17.523922 21.264246 29.640485 1
17.056522 21.059846 30.502508 1
17.310922 20.467846 31.257568 16
18.146122 20.019246 31.529428 12
19.054222 20.402046 31.305948 1
18.742722 21.030846 32.032088 16
19.031922 21.630846 32.727178 7
18.121822 21.836746 32.443288 16
17.882322 21.865146 33.381238 1
18.585122 21.540646 33.979088 16
18.931122 21.412046 34.848708 1
18.864522 20.482346 35.083138 10
18.004322 20.309046 34.725318 16
18.291122 19.426746 34.396988 1
17.532622 18.878946 34.721448 14
16.946022 19.420046 34.126698 12
16.600622 20.286946 34.473708 1
16.176022 21.052746 34.723268 15
15.317622 20.551546 34.603578 12
14.639122 21.198346 34.548258 1
15.374722 21.730146 34.249158 5
15.499722 22.748146 34.153248 15
14.814822 22.717446 33.520868 16
14.214622 23.215246 34.031198 16
13.635722 22.571046 33.600798 1
13.568622 23.089346 32.667528 1
14.187422 22.887246 31.945718 12
13.729622 23.128146 31.104998 15
13.296022 23.555846 30.343211 15
13.608222 24.046446 29.48167 16
14.383722 23.873846 30.082525 13
14.350622 24.832346 30.218665 11
13.448322 25.185646 30.038717 16
13.516122 26.012446 29.532143 8
12.786722 26.598346 29.118379 11
11.996322 26.391846 28.560783 8
11.512022 25.575646 28.384678 7
12.281222 24.952846 28.329658 16
12.740822 24.127746 28.135288 16
12.490722 24.208546 29.050354 16
11.702122 23.807346 29.452222 11
12.133622 23.236646 28.761456 16
12.422822 23.091746 27.762718 16
12.566322 23.695046 27.062178 16
13.306622 23.457746 26.531348 16
14.146622 23.309746 26.034388 1
14.776422 23.339946 25.291908 1
15.547022 23.785946 25.650798 1
15.668622 23.956546 26.571948 11
15.055522 24.752746 26.521748 1
14.475722 24.006146 26.668918 7
13.666122 24.369046 26.860028 16
13.700222 24.595046 27.749538 16
14.045722 24.052246 28.404885 16
14.844622 23.707746 28.834739 1
15.693822 24.013946 28.506928 11
15.714222 23.449446 29.221892 11
15.554522 23.166246 30.140823 1
15.684022 22.222046 30.361949 1
14.696322 22.329246 30.394926 1
14.157222 21.991046 29.599965 12
13.574722 21.383946 30.107369 15
13.980622 20.546146 29.947387 16
13.721922 20.618746 28.994454 12
12.900422 20.208346 28.512033 7
12.764122 20.822246 27.790328 12
12.441522 21.629546 27.324138 16
11.673022 22.151946 27.233328 16
11.403222 21.483046 27.912878 16
11.134122 20.635046 27.337798 11
10.380722 21.164946 27.613218 1
9.646222 21.815346 27.525298 5
9.785722 22.834746 27.362548 15
10.702022 22.565246 26.952118 16
10.062622 22.652746 26.288458 5
10.923022 23.247846 26.078968 16
10.958722 24.124546 25.627028 7
11.268022 24.992646 25.784798 1
12.032722 24.650846 25.306138 16
12.481822 25.483346 25.416438 1
12.233422 25.268246 26.303048 16
13.221622 25.400246 26.321828 16
13.481122 25.709846 25.412208 15
14.036422 26.217146 26.122298 1
13.383822 26.897046 26.421728 1
13.303022 26.227746 27.130248 13
13.185522 25.630346 27.924688 16
14.071722 26.013846 27.808098 15
13.774722 26.726646 28.317568 16
14.555922 26.722446 28.904815 15
15.390022 26.685446 29.377156 1
15.958522 26.095046 29.895804 12
15.552122 25.262146 29.500724 1
16.034022 24.984146 28.688592 11
17.019922 25.032246 28.731813 16
16.788122 24.426546 28.051868 11
16.270622 23.690446 27.753778 11
15.284622 23.661746 27.628518 11
14.552022 23.111946 27.159008 16
13.737922 22.562046 27.071448 16
13.177222 22.424546 27.821118 16
14.016922 22.064646 28.062028 12
14.234522 22.940246 28.226618 16
14.930022 22.572146 28.948872 12
15.809522 22.345046 29.333136 11
15.517922 21.431846 29.409762 16
15.666922 20.894746 30.233886 1
16.138122 21.160946 31.052308 8
15.350722 20.708146 31.296428 12
15.641722 20.013046 31.875308 15
15.006122 19.518146 31.379868 5
14.293922 19.946746 31.850708 16
13.697522 20.722046 32.078638 7
13.368022 21.697146 32.112568 8
12.871322 22.162646 32.829218 1
12.399522 22.314246 32.002118 8
13.014822 22.374546 31.313908 15
12.277022 22.586646 30.822868 15
11.845222 21.854346 31.279908 1
10.948322 21.715446 31.576508 5
10.204522 21.912946 32.215478 7
9.298822 22.112646 32.041578 1
8.896122 22.801646 32.476418 1
8.837922 23.589046 33.026558 12
8.316922 24.229246 32.616248 14
7.401322 24.013546 32.620298 1
7.201882 24.539546 31.733698 16
7.679462 25.014546 32.439278 9
6.901292 25.569546 32.354388 1
7.574842 25.826046 31.750818 1
8.014622 25.460846 31.007658 13
8.618022 26.003346 30.461648 12
7.799422 26.431446 30.774688 16
7.259182 26.526646 29.973407 1
7.704282 26.604046 29.078956 16
7.877822 25.899646 28.396208 1
8.821422 25.801046 28.658963 7
9.004622 25.514546 27.735648 15
9.636022 25.568246 27.001398 16
10.293722 24.797146 26.965088 11
10.976822 24.144346 26.957648 16
11.853222 24.377346 26.756478 16
11.671022 24.914346 27.502498 16
10.793722 25.019146 27.859308 8
9.988622 24.573846 28.313848 5
10.308922 23.662546 28.536555 7
10.652122 23.469946 27.664568 16
11.374022 22.922846 28.102448 16
10.610122 22.611246 28.598986 5
11.446922 22.292646 29.131504 16
12.195722 22.261646 29.748555 15
12.933922 22.350446 29.107739 16
13.239722 21.444946 28.877461 12
12.318522 21.095246 28.771016 16
12.137922 21.035946 29.759317 15
11.814022 20.714746 30.635838 15
11.201822 20.490046 29.886526 16
10.546122 19.884546 30.341246 1
10.337322 19.552246 31.220718 11
9.835222 19.515046 32.010468 12
10.666722 19.403646 32.439708 1
11.362722 18.964846 32.957548 1
11.290522 19.885146 33.482308 16
11.599422 19.306946 34.262528 11
11.244922 18.443546 33.996148 1
10.766822 17.770146 33.439068 1
10.159222 17.748946 32.694488 7
9.185922 17.591946 33.014308 16
8.749022 17.713246 32.206568 1
8.859022 16.892046 31.678378 1
7.969122 16.592946 31.911358 16
8.228922 16.808646 32.796678 7
7.564552 17.235146 33.509808 16
7.005692 16.563746 33.959948 12
6.614862 15.906026 33.390998 16
6.539552 16.175356 32.447228 1
6.696732 17.130246 32.774318 16
5.779012 17.461946 32.954108 11
4.907432 17.583246 32.739268 1
4.699912 16.756146 32.356708 5
