-6.087112 3.987184 25.362054 1
-7.042112 3.900784 25.405554 16
-7.784812 4.567684 25.576854 1
-8.027612 5.345284 26.102654 12
-8.804812 5.833484 25.794754 2
-8.469412 5.277484 24.998954 1
-8.271212 4.387184 24.713054 1
-7.938612 3.505684 24.796954 1
-8.880512 3.491884 24.760054 1
-9.200012 3.438084 25.686354 4
-9.618612 4.164184 25.273854 2
-10.285612 4.174184 25.966554 3
-10.805512 3.348584 26.026654 1
-10.945912 2.662384 25.388954 14
-11.783912 2.419084 25.834154 1
-11.909812 2.401584 26.766554 8
-12.206512 3.320384 27.159254 11
-12.161712 4.031484 26.511554 8
-13.047512 4.391984 26.429554 2
-13.346912 4.905184 27.173054 13
-12.865212 5.736784 27.276754 15
-13.082712 6.458184 27.920254 1
-12.652412 5.718684 28.331854 9
-12.506512 4.678584 28.473954 15
-11.750212 4.305484 27.978654 2
-11.113112 3.630684 27.771454 2
-10.896412 3.184884 28.540354 1
-11.513212 2.497284 28.500954 9
-12.438512 2.523984 28.714954 5
-12.733412 1.878084 29.385354 14
-12.762312 2.195484 30.332754 2
-13.049612 3.079284 29.982754 8
-13.831012 3.445884 30.511554 6
-13.975212 2.556184 30.488354 2
-13.758112 2.314284 29.515054 14
-13.763112 2.597384 28.563354 14
-14.018712 2.643684 27.676254 2
-14.350612 1.773384 27.975354 14
-15.265512 1.694184 28.076254 14
-15.804712 1.628484 28.841454 14
-16.611812 2.129584 29.166054 6
-17.201012 2.065884 30.021454 12
-17.625512 1.694984 29.215454 1
-17.724812 0.979284 28.535254 2
-18.658612 1.229184 28.222654 6
-18.417112 0.634984 27.555454 2
-19.291412 0.335084 27.273254 7
-18.622512 -0.327916 27.472754 2
-19.319112 -0.586016 28.071854 2
-19.903112 0.183184 28.290254 11
-20.704512 0.323284 27.814754 3
-20.671812 0.744384 28.650854 2
-19.842512 1.224284 28.902854 5
-19.183412 0.651684 29.216354 2
-18.430012 0.102284 29.652654 2
-18.999112 0.478984 30.295954 1
-19.906612 0.172684 30.270654 5
-20.119612 0.425384 31.179654 2
-20.746312 -0.060816 31.691454 5
-21.064112 -0.979716 31.413554 1
-21.740012 -1.225016 32.061654 14
-21.552812 -2.166116 32.178554 2
-21.380712 -2.441316 31.257154 1
-21.418312 -3.352016 31.592054 14
-20.540312 -3.171916 31.866954 1
-19.869012 -3.722616 32.288354 15
-19.400312 -2.965016 32.423454 14
-18.532512 -2.788916 32.136554 9
-17.866312 -3.337116 31.754354 9
-17.916512 -3.502816 30.783754 14
-17.167212 -3.547116 30.140454 8
-18.070112 -3.430316 29.689454 2
-17.927312 -4.352416 29.834154 8
-18.751012 -4.809216 29.854754 1
-19.708412 -4.819816 29.860154 1
-19.513612 -5.702416 29.485954 12
-19.181612 -5.807516 28.614454 15
-18.489412 -5.100916 28.328254 14
-17.935512 -4.347316 28.234654 8
-18.768412 -4.092816 28.748454 1
-18.776012 -3.082516 28.578154 2
-19.328912 -3.523016 27.963854 6
-19.600512 -2.819716 27.320054 14
-19.295012 -2.365516 28.154154 2
-19.552912 -1.540416 28.563354 2
-19.881912 -1.397316 27.642954 2
-20.352612 -0.740616 27.187354 10
-21.127912 -0.154316 26.939154 8
-22.098512 0.015984 27.212654 1
-22.580312 0.848284 27.307254 11
-22.122812 0.645484 28.164554 1
-22.523012 0.201784 28.920954 7
-22.563412 -0.699916 28.624354 3
-22.160212 -1.019116 27.858254 1
-21.536212 -1.571616 28.363254 1
-21.326212 -2.252416 29.143054 1
-21.407012 -1.532316 29.748654 1
-20.420612 -1.331016 29.565254 1
-19.889512 -0.651916 29.154454 1
-18.918212 -0.837616 28.945554 2
-18.044812 -0.891416 28.557254 2
-17.565612 -0.252116 29.026454 2
-17.483012 0.663984 29.494954 1
-16.722612 1.094984 29.981054 1
-16.549512 0.857784 29.017354 14
-16.568012 0.022484 28.506454 2
-15.879512 -0.070516 29.136954 14
-14.930912 0.139784 28.805554 14
-14.660312 1.049384 28.804354 14
-14.292212 1.334184 29.598454 14
-13.417212 1.208784 29.823354 14
-13.533712 0.481584 30.434554 2
-13.132112 -0.091416 29.733854 11
-13.330412 -0.542916 28.865954 14
-14.145312 -0.784316 29.340054 14
-13.511712 -1.472816 29.553054 2
-13.277612 -2.417116 29.289554 5
-12.736312 -1.727416 28.842854 2
-12.075912 -1.541316 29.580754 5
-11.764712 -2.065716 28.871154 5
-12.183112 -2.385216 28.008354 8
-12.146912 -3.255716 27.817154 1
-13.061912 -3.143316 27.547154 15
-13.114112 -3.426616 26.596754 2
-12.235412 -3.380516 26.330654 8
-11.338712 -3.007516 26.598054 2
-11.025612 -3.672516 27.276354 9
-11.220912 -4.295316 26.434854 6
-12.105212 -4.341716 25.969554 2
-12.705312 -4.471316 25.232754 2
-13.541812 -4.871116 25.512654 2
-14.106312 -4.108316 25.095854 1
-14.751212 -3.404716 25.146954 15
-15.216512 -4.244316 25.295254 8
-16.033012 -3.701416 25.251154 15
-16.620212 -2.974016 25.545954 6
-16.537612 -3.366516 26.440454 8
-16.557112 -2.538116 27.050654 2
-15.674312 -3.004616 26.801054 8
-15.133312 -2.267416 27.067754 12
-15.173712 -1.521616 26.412254 9
-15.599812 -1.294716 27.227154 2
-14.784812 -1.518516 27.651854 14
-13.915612 -1.745516 28.133854 12
-13.001712 -1.835216 27.831654 3
-13.258512 -0.902816 27.864754 14
-13.314512 -0.977316 26.947854 8
-12.861612 -0.860916 26.065454 2
-12.111412 -0.686716 25.477254 1
-11.695412 0.213984 25.627154 2
-12.024012 0.839784 24.962654 1
-11.362112 1.330284 24.417354 2
-10.957212 0.595884 24.056254 1
-10.419612 0.213184 23.338754 2
-10.855412 -0.594216 23.828154 5
-10.489012 -0.561016 24.766154 1
-11.321812 -1.100216 24.754854 2
-11.155512 -1.278916 25.701054 1
-10.465812 -0.847516 26.233554 2
-10.547012 -0.791916 27.216854 2
-10.818612 -0.713716 28.177454 6
-10.080512 -0.374516 28.752954 1
-10.173212 0.170784 29.531354 11
-10.454812 -0.774216 29.658254 5
-11.325812 -0.765116 29.239754 5
-11.850612 -0.201516 28.629354 3
-12.000512 0.775284 28.866354 6
-12.941512 0.574184 28.898054 14
-12.831012 0.164784 28.001054 15
-12.803312 0.856184 27.368154 2
-13.636812 1.120584 27.657054 14
-13.827312 0.368284 28.252354 14
-14.005812 -0.080216 27.318354 14
-14.910512 0.019784 26.920954 15
-15.265712 -0.189816 27.807454 14
-15.932812 -0.775416 28.199254 2
-16.731012 -0.590516 27.562954 2
-16.543112 0.363284 27.388754 2
-15.759212 0.687984 27.071954 14
-15.759112 0.966284 26.070454 15
-15.577712 0.592084 25.118154 9
-15.595712 1.333084 24.515554 2
-15.496112 0.530384 23.921554 9
-14.648012 0.146584 23.761854 14
-14.243612 -0.187616 22.929054 1
-13.483912 -0.262816 23.556754 1
-13.331312 -0.816616 24.398354 2
-13.685112 -1.655616 24.699954 8
-13.469112 -2.643016 24.503854 2
-13.491712 -2.442116 25.429054 14
-14.085612 -2.950316 25.949754 5
-14.622212 -3.242616 26.832554 2
-15.243112 -3.766316 27.484554 8
-15.799012 -4.598216 27.400654 8
-16.493212 -4.565016 26.790654 8
-16.430812 -4.715916 25.869654 2
-16.903912 -5.093116 25.194854 1
-17.334512 -5.757016 24.606454 2
-17.776212 -4.878016 24.558354 2
-17.554312 -4.425116 23.573154 3
-17.639612 -3.614116 23.121454 4
-18.599312 -3.804316 23.089354 1
-18.980612 -4.292316 23.781754 1
-19.872312 -4.282116 24.037554 2
-20.314512 -3.497616 23.621154 2
-20.152212 -2.729016 23.017354 14
-20.045812 -3.540716 22.468754 3
-19.407612 -3.563816 21.739754 7
-19.185412 -3.395216 20.760354 2
-18.685612 -2.772316 20.172354 1
-17.872212 -2.194116 20.311754 6
-17.844812 -2.091616 21.346354 14
-17.960912 -1.958316 22.343354 8
-17.324912 -1.254916 22.619854 6
-16.467112 -1.543216 23.007154 3
-15.538812 -1.509316 23.221054 2
-15.959712 -1.758616 24.121454 8
-15.452112 -2.531016 24.316354 14
-15.397712 -2.342416 25.240954 1
-15.752412 -1.452016 25.336354 1
-16.440712 -1.138716 25.953954 10
-16.981812 -1.170816 26.814654 2
-17.545012 -1.053216 27.613154 2
-18.196612 -1.062216 26.897854 2
-19.020312 -1.374716 26.395454 12
-19.673212 -1.587416 25.746854 1
-19.300312 -1.615716 24.843154 9
-19.961212 -1.203916 24.327154 1
-20.516612 -1.081916 25.126854 3
-20.766812 -1.988816 25.266854 1
-20.836212 -2.970616 25.394954 14
-20.069812 -2.745216 25.993654 7
-19.763612 -3.726316 26.256054 1
-18.905112 -3.268816 26.430854 14
-18.558412 -2.631216 27.005154 3
-18.287012 -2.479916 27.845854 2
-17.619612 -1.813516 28.175454 2
-17.172312 -2.633216 27.937454 2
-17.321712 -3.523816 28.142054 8
-17.484012 -3.872916 27.225754 8
-17.575712 -3.105716 26.595354 2
-17.989412 -2.720916 25.847054 12
-17.745812 -1.805216 25.976054 2
-17.790612 -1.845416 25.022354 5
-18.139012 -0.960616 24.748754 2
-18.054612 -0.327916 25.417954 1
-17.569212 0.348384 25.933854 2
-17.553812 1.247584 25.571354 5
-17.366112 1.935284 26.190054 8
-18.173412 1.557484 26.757054 3
-17.482712 1.026584 27.203754 2
-17.153012 1.597784 27.931154 15
-16.198012 1.798684 27.729454 14
-15.548812 2.000384 27.064354 11
-15.671312 2.826584 27.573554 3
-15.723112 3.282684 28.420054 4
-16.229712 3.116684 29.209154 3
-15.773912 2.831284 30.020554 1
-15.242712 1.972884 29.929654 14
-14.727012 1.977684 30.781454 1
-14.539112 1.170184 31.285354 1
-14.590612 0.712584 30.365954 14
-14.841112 -0.053416 30.910754 1
-14.917412 -0.160316 29.945554 14
-14.739512 -1.046716 30.313354 2
-15.486812 -1.167616 29.642154 1
-16.312012 -1.581016 29.411154 2
-16.936112 -0.822616 29.706754 2
-16.173312 -0.648316 30.315554 1
-15.903912 0.194984 30.613054 14
-16.866512 0.224884 30.521454 6
-17.452512 -0.533416 30.627454 2
-17.025312 -1.188916 31.235854 9
-17.917912 -1.144816 31.427954 9
-18.114612 -0.123216 31.425154 6
-18.644212 -0.629116 32.097254 9
-19.068212 -0.840216 31.216054 9
-19.055012 -0.925516 30.217354 2
-18.952612 -1.816716 29.812154 2
-18.842112 -2.734216 29.507754 2
-19.011112 -3.085016 30.400554 6
-18.601412 -2.677616 31.085554 9
-18.232012 -1.895616 30.700454 9
-18.007012 -2.250116 29.852154 2
-17.414812 -1.731216 29.331354 2
-16.886612 -2.273416 29.935454 6
-16.099612 -2.706216 29.615454 8
-15.331912 -2.174216 29.240254 14
-15.894712 -1.762116 28.604454 2
-16.763812 -2.175316 28.707054 2
-16.520712 -3.114316 28.718754 8
-15.513212 -3.272916 28.768454 14
-16.040912 -4.027516 28.473554 8
-16.253812 -4.786116 28.908354 8
-16.124112 -5.498216 28.268454 3
-17.045312 -5.619216 28.126354 6
-17.392912 -5.042316 28.863454 8
-17.667012 -5.371816 29.764354 2
-16.864412 -4.665016 29.898254 8
-16.562712 -5.328116 30.527054 3
-16.724512 -6.281516 30.711954 3
-16.522212 -7.166916 30.292354 2
-15.630012 -7.386116 30.438354 2
-15.588912 -7.068416 31.338554 1
-15.485012 -6.388016 31.995754 3
-16.292512 -6.398716 32.407254 3
-16.681312 -7.200216 32.054854 12
-15.929312 -7.706616 32.372454 3
-15.720612 -8.610816 32.673954 2
-14.824212 -8.890116 32.563754 2
-15.359512 -9.733716 32.697554 2
-16.303312 -10.113716 32.743354 12
-16.327712 -9.902116 31.749854 2
-15.453512 -10.281816 31.438154 10
-14.917512 -10.040516 30.682954 14
-14.131512 -9.891316 30.112154 9
-13.380112 -9.447716 29.825054 8
-12.428912 -9.186716 29.641754 1
-12.006112 -8.825616 28.793354 14
-12.121612 -8.654916 27.735854 1
-11.173312 -8.593816 27.662254 1
-10.770112 -9.448716 27.425754 9
-10.911712 -10.430016 27.241654 8
-10.463512 -10.325216 28.163954 3
-9.640012 -10.156016 28.617054 2
-9.867912 -10.478716 29.454354 8
-9.502612 -10.936316 30.233754 1
-8.990512 -11.595016 30.831954 2
-8.724212 -11.211116 31.605754 2
-7.847512 -10.984216 31.856654 1
-8.193412 -10.163616 32.194954 1
-8.400612 -10.934716 32.811254 2
-9.261112 -10.490216 32.841554 6
-9.892512 -11.026216 32.333754 1
-10.858512 -10.700816 32.090554 1
-11.621412 -10.053416 32.196854 7
-11.552212 -9.136916 32.583354 8
-12.373312 -8.941716 33.121354 2
-12.618512 -8.246116 33.684554 2
-12.498412 -7.827116 34.560854 6
-13.356212 -8.158916 34.793654 6
-13.455912 -9.107516 35.034254 2
-13.732112 -9.748216 35.745354 3
-12.936512 -9.666916 36.265654 14
-12.385012 -10.366916 35.871154 3
-11.780812 -10.968216 36.324154 9
-11.044812 -10.340516 36.498854 9
-10.803812 -10.378316 35.595254 8
-11.069012 -10.280816 34.695854 3
-11.199112 -9.495316 34.218154 8
-12.002012 -9.891016 33.905754 14
-12.889412 -10.118716 34.375654 2
-13.843212 -10.025516 34.198854 2
-14.350612 -9.141716 34.262054 2
-15.193912 -9.669516 34.477354 14
-15.902512 -9.932516 35.142354 12
-16.024812 -9.026016 34.713354 2
-16.761412 -9.557816 34.480754 3
-17.662212 -9.645316 34.645854 8
-18.198812 -8.807916 34.857354 14
-18.240412 -7.862116 35.118954 9
-18.931412 -8.471916 35.481454 1
-19.138312 -7.553316 35.249154 2
-18.668612 -6.725216 34.965954 1
-17.828512 -6.405416 34.546854 10
-17.634312 -6.318516 35.510354 1
-17.318712 -7.209316 35.440954 1
-16.605912 -7.145616 34.807354 1
-16.453812 -8.133916 34.581054 9
-16.225612 -8.451016 33.654754 2
-16.045912 -7.523516 33.695654 3
-15.308112 -8.062816 33.992954 2
-14.919612 -7.941516 33.080054 3
-14.288512 -8.538116 33.447054 2
-13.553012 -8.706616 32.865754 2
-13.327112 -7.790216 32.580954 14
-13.283312 -7.234716 33.455654 6
-12.447812 -6.953016 33.824254 6
-11.653712 -7.178716 34.210654 2
-11.211812 -7.709516 34.856954 8
-11.744712 -8.502916 34.491054 3
-11.372212 -8.711616 35.323754 8
-11.742612 -8.315316 36.100154 2
-12.593012 -8.258016 35.720754 12
-13.390412 -7.658416 35.847754 2
-13.860112 -6.905116 35.520654 6
-14.251212 -7.508116 34.945454 8
-14.618212 -7.272116 34.115354 2
-14.050812 -6.537716 33.719654 6
-14.243512 -6.785516 32.837654 3
-14.732212 -7.068016 32.045454 3
-14.790212 -8.079116 32.052154 14
-15.171212 -8.814716 31.513354 1
-14.328512 -9.318216 31.631354 14
-13.875512 -9.914316 32.240154 2
-13.241612 -9.803316 32.983754 2
-13.524312 -10.658016 33.420554 1
-13.508912 -11.592816 33.220554 1
-14.437712 -11.452416 33.167254 4
-14.903912 -10.645216 32.810154 2
-15.306612 -10.206416 33.605254 2
-14.761712 -10.858616 34.001654 8
-14.222612 -11.242516 34.762054 12
-13.955912 -11.145516 35.774854 1
-13.152112 -11.478916 35.445754 3
-12.754612 -11.365216 36.356454 9
-13.629412 -10.988416 36.742454 3
-14.301012 -11.215216 37.481854 2
-14.713112 -10.340816 37.207654 14
-15.308512 -10.156816 37.974354 1
-14.542712 -10.603416 38.351154 14
-13.597712 -10.395216 38.653154 2
-12.809712 -9.892616 38.827554 2
-12.533212 -10.819716 38.650454 6
-11.946812 -11.043416 37.854354 9
-11.643212 -10.147216 38.204954 2
-11.433412 -10.619016 39.064554 6
-10.936712 -10.910516 38.233254 9
-10.363312 -10.218016 37.818854 2
-10.095312 -10.791316 37.086454 9
-9.577012 -10.016816 36.720154 10
-8.896112 -9.324316 36.860054 2
-8.469112 -9.244216 35.985654 1
-9.362512 -8.917816 35.994154 3
-9.347812 -9.555716 35.284354 8
-9.033612 -10.007516 34.532554 2
-9.632612 -10.630616 34.109254 3
-10.212012 -10.290016 33.433054 2
-10.131012 -9.527616 34.015754 8
-9.496512 -8.850116 33.764054 2
-10.069512 -8.105716 33.587554 8
-11.053212 -7.868816 33.575954 8
-11.197912 -7.174016 33.001354 2
-11.822212 -7.295816 32.303854 1
-12.557212 -6.913716 32.768554 3
-13.238412 -6.420116 32.265754 6
-13.460712 -6.293316 31.279454 3
-13.547412 -7.253416 31.123354 14
-12.664112 -7.670816 31.219854 3
-12.856212 -8.645916 31.046954 14
-12.217812 -8.310816 30.361354 2
-12.987012 -7.788916 30.117454 7
-13.597412 -8.313216 29.599854 4
-13.275912 -7.970816 28.707954 8
-13.859412 -7.272816 28.936554 2
-14.085112 -6.766416 29.716954 14
-14.524312 -6.258716 30.537454 2
-15.099012 -5.695516 31.050354 3
-15.204012 -5.235116 31.866254 3
-14.264512 -4.978816 31.918854 6
-13.888412 -5.345316 31.087654 3
-13.420812 -4.950016 30.338754 1
-12.617812 -5.485716 30.375954 2
-12.749612 -5.309316 29.410454 7
-12.626212 -5.178316 28.478754 2
-12.506712 -6.066016 27.992454 3
-11.582912 -5.819516 28.206054 3
-10.913212 -5.420916 28.662254 2
-10.618812 -4.956716 29.448754 10
-10.920012 -4.311116 28.745954 13
-11.746912 -4.378416 29.267954 3
-11.524812 -3.537716 29.762854 5
-11.037712 -2.844016 29.312354 5
-10.404712 -3.224116 28.680454 1
-9.468412 -3.407616 28.332254 6
-9.303412 -2.374916 28.498654 9
-8.561212 -2.857416 28.159054 1
-7.731412 -3.154616 28.485754 8
-6.930112 -3.542516 28.667254 9
-6.638112 -3.315216 29.597954 3
-6.040412 -3.972216 29.222754 9
-6.416712 -4.927616 29.174954 3
-6.997412 -5.153616 29.820354 1
-7.685012 -5.895016 30.016154 3
-7.665412 -6.302016 29.146254 10
-6.697912 -6.180116 29.405554 1
-5.789312 -5.895716 29.193354 3
-5.630012 -5.451716 28.404154 1
-4.801312 -5.493516 27.980454 14
-4.009712 -5.912916 27.708554 8
-4.538312 -6.017216 26.955954 3
-4.925912 -6.586516 26.183954 2
-5.728812 -6.050216 26.269954 1
-6.401912 -6.692116 26.240854 3
-6.943312 -6.364416 26.937454 12
-7.410012 -7.170616 26.577154 13
-6.837912 -7.972516 26.614354 4
-6.219112 -7.983116 27.282854 9
-5.555212 -8.485316 27.719654 14
-5.922112 -8.251416 28.621354 3
-5.449612 -7.891116 29.344454 5
-5.021112 -7.651916 30.152554 10
-5.777212 -7.677716 30.804754 9
-6.371712 -6.954716 30.538254 3
-5.835412 -6.270816 30.947754 2
-5.395712 -6.545516 31.768554 1
-4.647812 -5.946716 31.871954 10
-4.104812 -6.812016 31.861654 1
-4.606412 -7.645616 32.101654 1
-4.676012 -7.761216 33.059454 10
-5.179412 -7.188116 33.723454 6
-5.899712 -7.914616 34.000854 2
-6.577612 -7.279516 34.101254 3
-7.190212 -7.859916 34.546354 1
-7.806212 -7.150316 34.313754 3
-8.768712 -7.497516 34.376054 2
-9.428412 -7.057316 33.842954 8
-9.375112 -6.626416 34.705254 7
-9.329512 -6.088416 35.495854 3
-9.393312 -5.172416 35.213654 3
-9.285512 -4.563916 34.453354 6
-9.782012 -3.981216 34.984454 9
-10.534812 -4.473316 35.345554 3
-11.292012 -5.027116 35.554054 3
-12.066612 -5.533616 35.448854 12
-12.785112 -4.985016 35.120054 6
-12.564712 -4.234816 35.628754 3
-12.463012 -3.833816 36.515454 13
-11.885512 -4.562316 36.527454 3
-12.603912 -5.224716 36.287154 8
-13.494412 -4.818116 36.074154 6
-14.157812 -4.420116 36.613554 9
-13.614512 -3.712416 36.271354 6
-14.135712 -3.042816 36.779854 9
-13.849112 -2.507916 37.570254 4
-14.445612 -2.051416 38.119854 14
-15.143512 -2.656816 38.031654 5
-15.870312 -3.315416 37.849154 3
-16.125412 -3.020716 38.829654 10
-16.794012 -2.553816 38.229854 10
-16.760812 -1.684516 37.822054 5
-17.172812 -0.856116 37.646054 3
-17.758012 -0.695116 36.931754 8
-18.422612 0.010184 37.087154 9
-18.684812 0.613884 36.435454 3
-19.548912 0.906384 36.120054 5
-19.989912 0.406584 35.477254 3
-20.468512 -0.328616 36.012954 9
-21.320512 -0.710416 35.918054 14
-22.285512 -0.759316 36.123254 5
-22.339512 -1.250216 35.271654 1
-21.486312 -0.938716 34.978554 1
-21.125612 -1.565216 34.346954 4
-20.333212 -1.342016 34.831154 3
-19.348512 -1.478716 34.774954 1
-18.853712 -0.996016 34.114254 1
-18.248512 -1.595216 33.580154 3
-18.232512 -1.973216 32.715954 9
-17.326712 -1.828516 32.713354 9
-16.843712 -2.196716 33.457154 1
-15.968912 -1.913216 33.787354 4
-15.830712 -2.855016 34.202254 3
-15.898012 -3.029716 35.167554 1
-16.310312 -3.831816 35.612954 1
-15.662912 -4.294116 35.053154 3
-14.641712 -4.336016 35.290354 6
-14.405312 -4.378416 34.399854 6
-15.020712 -3.663916 34.282054 3
-14.467812 -3.359716 33.558054 6
-15.008112 -2.837816 32.948254 10
-15.743112 -3.384316 33.211754 3
-16.643512 -3.773516 33.147154 15
-16.516312 -4.705716 33.146854 3
-15.604212 -4.366116 33.092754 3
-14.915012 -4.965216 33.432954 6
-15.767512 -5.082916 33.915254 3
-16.574912 -5.583916 34.009054 13
-16.288912 -6.253716 33.373954 3
-17.249812 -6.364616 33.405054 11
-17.474512 -6.055316 32.480254 13
-16.806612 -5.291116 32.334254 3
-16.101412 -4.651316 32.049954 3
-16.464112 -3.835116 31.956654 1
-16.838612 -2.937116 32.174254 9
-16.606912 -2.290516 31.511354 9
-15.899512 -1.673816 31.736954 3
-14.962312 -1.575516 31.622254 12
-14.520412 -2.169116 31.007954 3
-15.339312 -2.307916 30.435554 4
-15.832712 -3.125016 30.552154 4
-15.246112 -3.544016 29.929254 8
-14.284412 -3.700516 29.725254 9
-13.372812 -3.903316 29.910354 8
-13.159812 -3.041216 30.322554 5
-13.221612 -2.486816 31.151154 5
-13.636612 -2.586816 31.956454 3
-14.248112 -3.231316 32.284454 1
-14.697812 -4.065516 32.547254 6
-14.884112 -3.950416 31.564554 10
-13.915812 -3.940616 31.411654 1
-13.003112 -4.398716 31.412754 6
-12.474012 -3.813616 30.858754 1
-12.027012 -2.873116 30.713054 5
-11.647812 -2.042216 30.485554 5
-10.735512 -1.861516 30.738354 5
-10.203212 -1.694816 31.510454 3
-9.327712 -1.195216 31.579454 3
-8.736912 -1.268116 32.344054 3
-7.856212 -1.667716 32.278054 1
-8.084012 -1.291716 33.116254 2
-8.320312 -1.736116 33.977454 9
-9.054812 -1.753316 33.320254 3
-9.185012 -2.500316 33.842654 9
-9.914212 -2.180716 33.250854 3
-10.036012 -1.391816 33.780954 3
-9.401212 -1.658416 34.460154 9
-8.957012 -0.857516 34.248054 9
-9.330712 -0.630816 33.310154 3
-9.209212 0.321684 33.688954 3
-8.852312 0.773784 34.429154 14
-9.288412 0.011984 34.777354 3
-8.599812 -0.393416 35.352554 9
-8.371012 0.382784 35.782254 13
-8.584912 1.253184 35.479354 10
-9.302612 1.124084 36.083154 13
-9.547712 0.463584 36.844754 1
-9.485712 -0.401616 36.406454 9
-9.691912 -0.697716 37.253954 8
-10.633812 -0.625216 36.982654 3
-10.571812 -0.799616 36.065354 9
-10.473512 -0.613616 35.143054 3
-11.012112 0.016784 34.695254 3
-11.510312 0.467784 35.429054 4
-11.372212 1.434884 35.457954 1
-11.383012 1.859884 36.301854 4
-10.680212 2.315684 35.796754 6
-10.822112 3.252284 35.621254 6
-10.545612 3.315884 34.702054 1
-10.558712 2.786184 33.851654 1
-11.213712 2.261184 33.265654 1
-10.524612 1.757684 33.674354 1
-10.428612 0.781084 33.690154 3
-10.940712 0.751084 32.826854 3
-10.634912 0.541784 31.943754 3
-10.253112 1.279584 31.474954 10
-10.035612 2.088884 31.053654 8
-10.386212 1.997684 30.071954 5
-10.980812 1.550584 30.674654 9
-11.224412 1.983084 31.557154 3
-11.850112 1.265684 31.349754 11
-11.592212 0.332584 31.380854 3
-12.030812 -0.579416 31.289054 5
-12.746612 -0.134816 30.884454 6
-12.503412 -0.984416 30.539554 5
-13.232212 -1.218616 31.041654 5
-13.034012 -0.964916 31.939054 4
-12.343712 -0.575016 32.634154 9
-11.571912 -0.937116 33.185054 3
-10.659812 -0.770416 33.113854 3
-11.034312 -0.006316 33.460454 3
-11.885412 0.439284 33.266254 15
-11.971712 -0.169916 34.014854 3
-12.585712 0.487484 34.310854 8
-13.346112 -0.067816 34.209354 1
-14.302712 0.247384 34.347254 3
-15.098112 0.756284 34.526254 14
-15.840512 0.446684 35.122954 12
-16.665012 0.194784 35.562454 1
-17.288612 -0.430016 35.219454 10
-17.945812 -0.953416 34.798054 3
-17.986312 -1.748316 35.224154 6
-18.075612 -2.647316 34.878154 4
-17.626712 -2.667916 34.007754 9
-17.072912 -3.418816 34.256654 3
-16.857912 -4.166916 34.766354 3
-16.465012 -4.988316 35.064154 9
-15.675112 -5.454716 35.213854 5
-14.880412 -5.562116 34.799454 6
-14.163712 -6.186516 34.812354 6
-14.935112 -6.578216 35.210954 9
-15.586712 -6.358216 34.527654 13
-15.235612 -6.006916 33.712154 3
-14.776212 -5.931116 32.868054 3
-13.919312 -5.381816 32.908154 6
-13.092512 -5.022416 33.179654 6
-12.170512 -5.413616 33.028554 10
-11.438412 -5.800216 32.533654 9
-11.005112 -5.489616 33.381954 1
-10.073712 -5.702016 33.535254 3
-10.239612 -6.090516 32.657054 1
-9.666712 -5.461816 32.188354 3
-8.864512 -5.686116 31.799954 5
-8.278612 -4.949116 31.487454 9
-7.719412 -4.191316 31.318954 1
-7.890512 -3.235816 31.483254 1
-8.300312 -2.432216 31.678154 3
-8.720712 -1.893316 31.052654 1
-9.304312 -2.659416 31.207854 3
-10.256612 -2.852516 31.469654 5
-9.975112 -3.082516 32.452154 13
-10.458812 -2.172616 32.444954 3
-11.019512 -1.396216 32.352954 3
-11.274612 -1.297816 31.444154 5
-10.645812 -0.596516 31.054854 4
-10.193112 -0.378016 31.880154 3
-9.231912 -0.253616 32.219054 3
-8.459712 0.110684 31.800854 4
-9.244612 0.549284 31.470654 9
-9.370612 0.809684 32.403254 3
-8.807512 1.184984 33.062254 8
-7.995812 1.734584 33.157754 6
-7.615712 1.088184 32.518054 15
-7.177512 0.393184 33.036954 6
-7.482712 -0.455816 33.448654 8
-6.936712 -1.212916 33.236354 8
-7.235012 -1.760516 34.033554 14
-7.466412 -2.162616 34.890554 9
-6.667412 -1.537516 34.959754 3
-6.923312 -0.732816 35.439954 13
-6.352612 -0.406916 34.572354 4
-6.235212 0.158684 35.310954 3
-6.532112 -0.216016 36.244554 5
-7.468012 -0.210116 36.553154 1
-7.835412 -0.990516 36.176354 3
-8.751612 -1.367116 36.109254 9
-9.244112 -2.046516 35.520654 9
-10.214012 -1.917816 35.275154 9
-10.837812 -1.942016 34.528854 3
-10.781512 -2.821516 34.967754 13
-10.447112 -2.680316 33.970354 9
-11.427012 -2.734216 34.037254 3
-12.087912 -3.037716 33.394454 6
-12.967812 -2.904316 33.771154 1
-13.447012 -3.415016 33.114054 6
-13.775612 -2.506416 33.088454 10
-14.437612 -1.857816 33.097954 15
-14.280212 -1.750116 34.022154 3
-14.488112 -1.120916 34.673554 1
-14.781512 -1.375616 35.538954 1
-14.886912 -2.308316 35.376054 3
-14.275312 -2.959316 35.083554 6
-13.755812 -2.580116 35.894254 10
-12.920012 -2.217516 35.391554 3
-13.114912 -3.142216 35.127954 6
-12.251412 -3.021816 35.693554 3
-11.422412 -2.665716 35.822854 3
-11.011012 -1.863116 36.231754 9
-11.637512 -1.147316 36.253754 10
-11.372712 -1.346016 35.334054 3
-12.086412 -1.120216 34.694954 3
-12.810212 -1.355016 34.220154 8
-11.924312 -1.715616 33.899154 3
-12.548412 -2.087616 33.228654 9
-12.010212 -1.980616 32.395054 5
-12.422212 -2.638216 31.903054 5
-12.591512 -3.471216 32.337054 6
-12.401712 -4.454616 32.368854 6
-11.651212 -3.880816 32.165954 13
-11.119012 -3.472216 31.473954 5
-10.387612 -4.114116 31.720554 11
-9.447212 -3.772616 31.762754 8
-8.840212 -3.227916 32.387154 3
-8.753612 -3.501216 33.359254 1
-8.740912 -3.430316 34.373554 9
-7.820712 -3.229616 34.438654 9
-6.914912 -3.020616 34.048654 3
-6.596812 -3.708816 34.677954 1
-6.051512 -4.503816 35.067254 3
-5.961312 -3.980816 35.880054 4
-5.039012 -4.166816 36.077054 1
-5.487412 -4.953116 36.593454 3
-6.272112 -4.785516 37.062954 4
-7.201712 -4.458516 37.324854 1
-7.529212 -5.326716 37.523554 1
-8.455112 -5.179716 37.288254 3
-9.054512 -4.453816 36.999654 3
-8.162212 -4.059516 37.354054 6
-7.889612 -3.161716 37.665154 6
-8.664812 -2.603716 37.556054 9
-8.331812 -1.667816 37.573854 15
-9.249512 -1.598416 37.318154 9
-9.435912 -2.083916 38.248054 5
-9.842112 -2.953316 37.937254 5
-9.951512 -2.659616 37.015554 9
-9.264712 -3.340416 36.673854 3
-9.813212 -2.817716 35.981254 9
-10.396212 -3.568316 35.924554 3
-10.995112 -3.361616 36.600254 3
-11.109512 -3.017416 37.473654 10
-11.095512 -3.991116 37.489454 3
-11.663812 -3.713616 38.285854 1
-10.737912 -3.645316 38.498854 6
-9.924312 -4.064016 38.077654 3
-9.234812 -3.908316 38.739454 13
-8.692912 -4.585016 38.403854 3
-7.886412 -5.073216 38.676954 1
-8.221412 -5.437416 39.458754 13
-8.494012 -6.316516 39.725754 5
-9.366512 -5.868316 39.521454 3
-9.566812 -6.793116 39.528654 5
-10.340812 -7.255016 39.343954 10
-11.047712 -6.791916 39.856654 3
-11.226012 -7.757116 39.837654 6
-12.132112 -7.501716 39.966154 3
-12.822012 -6.862016 39.655054 6
-13.354412 -7.640916 40.018554 14
-12.942512 -7.305816 40.843954 4
-12.431612 -6.953316 41.630154 13
-11.904512 -7.653316 41.988454 9
-12.018712 -8.505516 41.584154 6
-12.657512 -8.525816 40.751354 3
-13.088612 -9.113416 39.970254 3
-13.442112 -9.274316 40.872354 12
-14.165812 -9.674616 40.368754 3
-14.665012 -9.075416 40.978854 11
-15.116812 -9.436216 41.745854 3
-15.081812 -10.233616 41.107654 8
-15.770912 -9.800316 40.499254 4
-16.226312 -9.623616 39.570054 3
-15.765112 -8.743916 39.752854 4
-16.419012 -8.688916 39.032454 3
-17.238212 -9.074416 38.542454 6
-17.342012 -8.845216 37.601354 9
-16.698312 -8.060816 37.508954 3
-16.855312 -7.251516 37.047154 1
-16.214612 -6.944516 37.627454 3
-16.320012 -6.031416 37.951654 9
-15.704312 -5.648616 37.247254 1
-15.058512 -6.017616 36.621754 1
-14.451312 -5.761216 35.851054 6
-14.073112 -6.305816 36.528754 6
-13.258812 -6.654116 36.939954 4
-12.650412 -7.348216 37.179854 9
-12.399012 -6.984416 38.081454 1
-11.466512 -7.016016 38.465554 10
-10.869612 -6.807816 37.762354 3
-10.055812 -7.057816 37.290354 3
-9.706112 -7.863916 36.742154 5
-9.669212 -7.651616 35.801354 13
-10.337112 -8.313516 35.477654 8
-9.696712 -8.610516 34.833854 8
-8.820412 -8.468716 35.201154 3
-8.239412 -8.251916 35.921554 1
-8.321412 -7.591516 36.681954 5
-7.605212 -7.843016 37.256154 15
-7.011212 -7.527616 37.960154 9
-7.896912 -7.153616 37.923354 5
-8.042612 -6.209616 37.782754 10
-7.533512 -6.525816 36.903954 1
-8.067812 -6.032216 36.278354 3
-7.794512 -5.101216 36.293754 3
-7.259212 -4.395716 35.959754 13
-6.827812 -3.778716 36.558054 9
-7.379712 -3.003416 36.689154 6
-7.418512 -2.103616 36.334554 10
-8.202312 -2.362416 35.784854 9
-8.839212 -3.121616 35.634354 9
-8.828212 -4.169616 35.876954 13
-9.705912 -4.589916 36.033054 3
-9.986712 -5.133416 36.759254 3
-10.585312 -4.888716 37.494754 3
-11.460312 -5.134916 37.347054 11
-10.966212 -5.569216 36.628254 3
-11.897612 -5.820816 36.743354 13
-12.147012 -6.373016 36.005954 9
-12.571612 -6.770416 35.255154 6
-12.146612 -6.232016 34.624954 15
-13.025212 -5.828916 34.513654 6
-12.400112 -5.176816 34.114854 5
-13.239312 -4.654716 34.146454 6
-12.627712 -4.005716 34.554954 6
-11.908512 -3.448116 34.810454 3
-11.709812 -4.408216 34.629754 3
-11.461112 -5.289916 34.530154 5
-11.028512 -6.139916 34.544054 4
-10.465912 -6.614116 35.143754 8
-10.436612 -6.675916 36.111154 6
-9.683812 -6.176216 36.437254 3
-9.116912 -5.979416 37.172954 3
-8.953812 -6.388816 38.049654 5
-9.704412 -5.943716 38.493654 3
-10.439512 -5.356916 38.430454 3
-10.546312 -5.944116 39.184654 1
-10.746412 -5.808816 40.115454 1
-10.213812 -6.452116 40.543254 3
-9.351112 -6.579816 40.881854 10
-8.988912 -6.098816 41.688754 3
-9.999712 -5.903816 41.956354 1
-9.787912 -6.466916 42.669354 1
-9.322412 -7.056716 43.251784 1
-9.703812 -7.130716 44.165224 3
-9.392812 -8.021616 44.405464 4
-8.951412 -8.828816 44.070004 1
-9.219012 -9.249716 44.875804 1
-9.780212 -9.187116 45.677454 10
-10.718112 -9.095116 45.741094 9
-10.970812 -9.712916 45.053304 10
-11.791212 -10.219516 44.929104 4
-11.681512 -10.210816 45.877124 6
-12.266612 -10.913116 45.802004 9
-12.852412 -10.910516 45.056014 5
-12.886712 -11.781316 44.820174 14
-13.562412 -12.256016 45.423044 3
-13.118612 -11.789816 46.063064 9
-13.049112 -12.755916 46.287404 5
-12.312412 -13.342216 46.019104 11
-12.419812 -13.986616 45.310174 12
-12.547812 -13.038416 44.882774 4
-13.061612 -13.407916 44.162424 3
-14.127312 -13.380016 44.066904 3
-14.789212 -13.279716 43.343434 13
-15.610412 -13.381316 43.949684 13
-15.837512 -12.911416 44.774684 4
-15.642312 -12.004716 44.334184 3
-15.207012 -11.295716 43.807184 6
-14.932412 -11.781916 43.017994 1
-14.588012 -12.284616 42.190854 10
-13.916912 -12.647516 41.559154 8
-14.146412 -12.746216 40.586754 13
-13.447312 -13.379516 40.859454 10
-13.047012 -12.568316 41.015554 10
-12.130912 -12.462116 40.710354 9
-11.289912 -11.963616 40.399954 4
-12.113912 -11.946216 39.883054 6
-12.555812 -11.224316 40.413854 10
-11.810112 -11.169216 40.931954 5
-11.460812 -11.099516 41.867154 13
-11.017812 -10.375116 41.497254 3
-10.356312 -10.519516 42.175854 3
-10.130212 -11.442816 42.188354 4
-9.820512 -11.741716 41.315954 4
-9.230712 -12.461416 41.033454 4
-8.387012 -12.007816 41.184254 13
-8.598612 -11.675416 42.076454 1
-8.918412 -11.158716 42.774054 6
-9.166312 -10.593216 43.497224 5
-9.935412 -11.147016 43.833534 13
-10.536712 -11.767016 43.384824 1
-10.684312 -12.255616 42.535454 4
-10.598812 -13.190616 42.240754 10
-9.816312 -13.240816 42.901654 4
-10.627012 -13.195116 43.482884 3
-11.487912 -12.912816 43.240614 8
-11.758712 -13.880416 43.124104 10
-11.883312 -14.570216 43.728014 11
-11.011912 -14.813716 43.203914 10
-10.625012 -15.202216 42.410654 10
-10.184512 -14.303116 42.236154 11
-9.608112 -13.613816 41.805054 4
-8.784912 -13.241116 41.709654 4
-8.250712 -14.017016 42.002654 9
-7.905612 -14.589716 42.725254 10
-7.759412 -13.724316 43.116094 4
-6.839512 -13.698516 43.269214 6
-6.324612 -13.225316 43.933604 11
-5.675712 -12.844816 43.282004 1
-5.271512 -11.943616 42.863954 13
-4.975212 -12.213616 42.043754 10
-4.590512 -11.994016 41.175354 5
-5.420012 -11.564616 41.043154 10
-6.369412 -11.881916 41.270754 1
-7.321212 -12.154716 41.648254 10
-7.535812 -11.678916 42.534954 6
-7.958312 -12.313416 43.069774 4
-8.085812 -11.589416 43.635494 3
-7.216812 -12.004816 43.903644 1
-7.049112 -12.230416 44.923454 13
-7.843512 -12.848716 44.813824 5
-7.002812 -13.331916 45.049634 13
-6.294812 -13.916016 44.852354 6
-6.335812 -14.181516 45.778954 1
-6.681112 -14.232616 46.738344 12
-7.154412 -15.018716 46.428994 3
-7.973912 -15.539216 46.224964 4
-8.883812 -15.288316 46.098144 6
-9.092212 -15.728616 45.213944 4
-9.918412 -15.163616 45.117304 4
-10.894112 -15.102316 45.182644 10
-10.461512 -16.009316 45.279034 9
-10.566812 -16.880916 45.719214 15
-11.406912 -16.628116 46.097144 13
-11.938612 -17.062916 46.828414 4
-11.063312 -16.719016 47.179924 8
-10.579312 -17.508416 46.988884 1
-10.195012 -18.401916 47.330574 9
-9.433412 -18.803116 46.855704 1
-10.060712 -19.493216 47.013234 10
-10.514612 -20.037416 47.667584 10
-11.334612 -20.564316 47.708104 4
-11.627712 -21.334816 47.260554 3
-12.229012 -20.457516 47.061644 5
-13.099712 -20.032116 47.045944 2
-13.020012 -19.276016 46.493664 13
-13.771312 -19.858816 46.122374 4
-14.391412 -19.279016 45.777784 4
-15.242212 -19.494116 46.160894 11
-15.538812 -19.354316 45.277164 13
-15.259012 -19.368116 44.315434 3
-14.647212 -18.885316 43.724864 15
-14.680512 -19.809116 43.318814 13
-14.109312 -20.155116 42.671154 1
-13.357512 -20.652416 43.154664 3
-13.933512 -21.280816 42.763154 9
-13.480012 -22.140916 42.943254 1
-14.422912 -22.190416 42.619054 10
-14.141112 -22.791316 41.933854 6
-14.469412 -22.381516 41.052554 10
-14.313412 -23.074016 40.375954 6
-14.601812 -22.255916 39.904154 1
-13.739512 -21.987516 39.477854 1
-12.756612 -21.825816 39.490554 4
-11.943212 -21.895016 38.836854 1
-11.804112 -21.014816 38.605354 1
-11.383612 -20.884816 39.453054 10
-12.155612 -20.280816 39.700454 4
-12.053312 -19.238116 39.564954 3
-11.205612 -18.994616 39.099354 11
-10.634112 -19.482016 38.425054 8
-10.717412 -19.930316 37.586954 1
-10.402412 -19.367716 36.819354 10
-9.714712 -19.291416 37.503154 13
-10.400512 -18.624516 37.739054 10
-11.074912 -18.011916 37.742054 10
-12.033712 -18.122516 37.747554 5
-11.834912 -18.339716 38.638454 8
-12.698612 -18.296616 39.136154 13
-13.450412 -18.738316 38.720554 4
-14.002012 -18.803716 37.902154 5
-14.619012 -18.343816 38.479954 4
-14.929912 -19.087816 38.985754 13
-15.583412 -19.191516 39.691054 4
-16.551712 -18.921616 39.893354 10
-17.109012 -18.131516 39.721054 15
-16.397312 -17.407416 39.585154 4
-16.252212 -17.936516 40.351454 6
-15.281412 -17.920316 40.371054 4
-15.548212 -17.275316 41.052354 4
-15.866612 -17.432416 41.937754 1
-15.486112 -17.036416 42.784154 11
-15.769612 -17.788016 43.496044 13
-15.652412 -17.611716 44.520864 3
-14.881512 -17.196916 44.797114 11
-14.270512 -17.422716 45.543024 6
-14.030212 -16.633716 46.056184 5
-13.389212 -15.946816 46.000754 9
-13.014112 -15.726516 46.869314 12
-12.649112 -14.875816 47.182864 9
-13.554112 -14.416916 46.831244 5
-14.216712 -13.701216 46.757474 4
-14.451512 -14.045616 45.884974 8
-14.483212 -14.954916 45.514624 10
-15.353612 -14.891816 45.030304 6
-15.495812 -14.811216 44.026884 13
-16.368912 -14.354416 43.894554 13
-17.172812 -14.801816 44.067504 13
-17.745912 -14.959416 44.825294 3
-17.722312 -13.967516 44.861024 10
-18.479012 -13.565716 45.339274 4
-18.708512 -13.849116 46.198514 10
-19.155512 -13.062216 45.979764 1
-19.554712 -13.441616 45.118954 1
-19.109812 -13.675716 44.344604 4
-19.389112 -12.849416 43.771474 4
-19.340312 -12.369516 44.618304 3
-19.844712 -11.555016 44.408514 1
-20.661112 -11.902016 43.871034 1
-20.649412 -12.798716 43.564574 1
-20.818612 -13.541416 44.047284 4
-20.886912 -13.687916 45.006004 10
-20.999712 -14.363416 45.703454 1
-20.055412 -14.261316 45.688174 1
-19.970312 -14.968016 46.338814 15
-19.686712 -14.175716 46.752714 10
-19.003312 -14.508016 47.314844 4
-18.413812 -13.979216 47.832864 3
-17.972112 -14.412316 48.606264 4
-18.099512 -15.291716 48.294934 11
-18.280312 -16.241916 48.391294 10
-19.196512 -16.313616 48.667184 5
-19.475712 -16.417916 47.776914 6
-19.014912 -16.430816 46.952874 4
-18.800312 -15.519116 46.643954 9
-18.136912 -15.624716 45.959894 1
-18.990212 -16.040116 45.544124 11
-18.234612 -16.511316 45.247364 6
-17.369912 -15.966016 45.248714 10
-17.116012 -16.242516 44.361604 13
-17.376512 -15.672916 43.584674 13
-18.119712 -15.714516 44.147844 10
-18.719712 -15.234916 43.515004 3
-19.510012 -14.811916 43.222624 12
-19.413212 -15.413416 42.490854 10
-19.310912 -15.179816 41.611654 8
-19.663012 -14.364716 41.182854 6
-19.892012 -14.906216 40.455054 13
-19.156912 -15.341316 39.883454 4
-19.048612 -15.784616 39.030654 10
-18.606112 -14.945416 38.872054 10
-17.926412 -15.541216 39.150354 4
-17.345712 -15.016816 39.839954 8
-16.441512 -14.928916 40.147854 4
-16.294512 -14.642016 41.032954 6
-15.499812 -15.106016 41.430354 4
-15.852512 -14.719516 42.207854 13
-16.822212 -14.910116 41.974354 3
-16.818812 -14.017016 41.633054 5
-16.476612 -13.804116 42.561654 13
-17.428212 -13.958016 42.791654 13
-18.062812 -14.332116 42.146154 1
-17.921312 -13.671216 41.458154 4
-17.802312 -12.766016 41.320254 1
-16.863912 -12.400816 41.005454 3
-15.997412 -12.886216 41.109554 9
-15.219712 -13.020316 40.529154 1
-15.461612 -13.981416 40.483554 4
-14.679412 -14.330716 40.823654 4
-14.198512 -14.346016 41.665754 10
-14.991712 -14.071816 42.040654 13
-14.184412 -13.609316 42.543454 1
-13.227012 -13.641216 42.168754 10
-13.180512 -12.704716 42.321554 11
-12.518112 -12.032716 42.521254 6
-11.910312 -12.304416 41.839154 4
-11.668412 -13.193516 42.214554 10
-11.323012 -13.607116 41.291754 10
-10.451512 -13.752516 40.946954 15
-10.207012 -12.864216 41.289154 4
-11.054112 -12.811916 40.779154 4
-11.820412 -13.413816 40.451354 10
-11.816912 -12.984316 39.546254 6
-12.560512 -13.172716 38.862554 13
-11.931912 -12.705716 38.337554 10
-11.449012 -11.953416 38.067654 9
-11.165912 -12.301616 38.913154 3
-10.409112 -12.662516 38.413754 9
-9.539812 -12.403216 38.207054 5
-8.997312 -12.119516 38.990154 13
-9.890312 -12.230016 39.333754 4
-9.784412 -11.549116 38.707754 9
-9.369412 -10.948216 38.031554 10
-9.300612 -10.584716 38.907954 1
-10.200312 -10.563916 39.222254 10
-10.348112 -11.423616 39.621254 4
-10.438812 -11.222716 40.542054 4
-10.016212 -10.415116 40.494054 7
-10.023612 -9.438816 40.221354 3
-9.218912 -9.345216 39.712954 13
-9.184612 -8.693816 39.047154 8
-9.285612 -7.838816 38.507154 5
-8.348712 -8.085516 38.356754 5
-7.759012 -8.224716 39.132454 1
-7.047412 -8.880516 39.097054 1
-6.928912 -9.832616 39.029454 6
-6.515012 -9.943816 39.930954 12
-5.908312 -10.700116 40.141254 1
-6.640912 -11.233316 40.262554 4
-6.949612 -11.934416 39.777454 10
-6.949012 -12.890916 39.786954 1
-6.264912 -13.392116 39.223854 10
-7.056612 -13.965716 39.166654 1
-7.421312 -13.286916 38.539654 4
-7.750512 -14.170416 38.343754 4
-8.295412 -14.917416 38.104154 10
-9.109212 -14.792616 38.656154 6
-9.297512 -15.371316 37.782554 3
-10.081712 -15.082416 37.202054 11
-10.608312 -15.833216 36.830754 13
-10.493512 -16.502416 37.445054 10
-10.738012 -15.857516 38.047754 3
-11.527612 -15.606516 37.552854 13
-11.940212 -16.105116 38.292454 13
-11.816412 -16.142316 39.220854 14
-11.123712 -15.990116 39.942754 10
-11.764012 -16.526816 40.413054 8
-12.503212 -16.023216 39.998554 10
-13.037412 -15.509616 39.480154 4
-12.941612 -15.761116 38.535054 13
-13.215412 -16.521216 39.065454 4
-12.731112 -17.126216 39.642154 11
-13.592812 -17.268816 39.953954 4
-14.271512 -16.839116 39.369054 4
-14.478012 -17.678816 39.703554 4
-14.193612 -18.628016 39.812654 10
-13.556012 -19.306516 39.851654 5
-13.699912 -20.254216 39.668354 13
-13.753412 -20.765316 40.473854 6
-14.497212 -20.171416 40.582754 10
-14.839912 -21.066516 40.730754 10
-15.607812 -20.490216 40.983654 5
-16.088012 -19.724016 41.262954 9
-15.483812 -19.424216 41.924954 4
-14.973512 -18.783916 41.403354 9
-14.006612 -18.751216 41.103954 15
-14.025412 -17.777116 41.134454 4
-13.724812 -17.789116 42.023554 6
-13.770212 -17.030916 42.694354 1
-13.751512 -16.991916 43.767004 4
-13.910912 -16.125916 43.453504 10
-14.485512 -15.879716 42.605554 3
-14.848912 -15.223516 43.165934 7
-15.761512 -15.294516 43.077534 13
-16.418412 -15.958216 43.016524 13
-16.902012 -16.306016 42.185354 1
-17.679112 -16.969716 42.119954 1
-18.104712 -17.318816 41.287254 4
-18.883312 -17.354216 40.746954 1
-18.386212 -17.354616 39.834054 8
-18.302812 -16.478516 40.146054 10
-17.463512 -16.912016 40.223354 10
-16.786212 -16.208516 40.132254 5
-17.239012 -16.298116 39.270754 12
-16.249112 -16.435616 39.130854 4
-15.926312 -17.206816 38.666454 4
-16.657612 -17.998816 38.668554 14
-17.020712 -17.578216 37.910454 11
-16.897712 -16.693416 37.417054 3
-16.991612 -15.772216 37.719454 6
-16.168212 -16.159416 37.940754 10
-15.468412 -15.493116 38.038754 4
-14.820112 -14.797516 37.824554 11
-14.456912 -15.694616 37.939454 4
-13.701912 -15.516316 37.325354 13
-13.959712 -15.861016 36.405854 10
-13.023012 -16.155916 36.459754 13
-13.247612 -16.883516 35.790754 6
-13.880312 -17.341416 36.273054 4
-13.692012 -18.212116 36.595554 5
-13.085412 -18.725116 36.067654 9
-13.275312 -19.464816 36.752254 5
-13.413512 -20.386916 36.959754 10
-12.600212 -20.292616 37.465354 1
-13.166812 -19.595516 37.820954 5
-12.343212 -19.640916 38.397554 1
-11.581912 -19.314716 37.985954 4
-11.543912 -19.299816 36.996454 15
-11.248312 -19.143416 36.097454 10
-11.045912 -18.295116 35.615554 10
-12.057212 -17.832716 35.837554 3
-11.633212 -17.038716 35.548154 10
-11.847912 -16.401116 36.240454 4
-12.120112 -15.520516 36.525854 13
-12.248512 -14.788516 37.154054 13
-11.746012 -13.901216 37.103654 13
-11.324712 -13.205216 36.497254 10
-12.182012 -12.723816 36.336654 4
-11.431312 -12.095116 36.186954 9
-10.947812 -11.893816 35.342254 1
-10.797212 -12.895316 35.421354 1
-10.142812 -13.445316 35.850054 6
-10.358712 -14.337516 36.251654 13
-9.467712 -14.248616 35.907354 4
-8.976712 -15.070816 36.356454 15
-8.541312 -15.936816 36.300254 9
-9.084812 -16.692916 36.708754 10
-9.803712 -17.099416 37.244854 4
-9.821712 -18.024616 37.193154 3
-9.651112 -18.657816 36.547654 10
-9.987412 -18.063616 35.873554 10
-9.941912 -17.118516 35.978454 11
-10.875012 -17.248716 36.345754 10
-11.686812 -17.313416 36.879654 8
-12.430612 -16.889816 37.425954 13
-13.121512 -17.483916 36.999054 5
-13.147312 -17.344316 38.019754 4
-13.433112 -16.502616 37.733754 8
-14.197712 -16.662316 38.326254 4
-14.882212 -17.411216 38.628854 4
-15.172312 -16.932716 37.819454 4
-15.210012 -16.717116 36.865454 7
-16.094012 -17.049916 36.600454 6
-15.394712 -17.638816 36.201354 6
-15.389012 -16.758616 35.612754 10
-15.010712 -16.600916 34.723454 4
-14.677712 -15.852016 34.198154 13
-14.254312 -16.058216 33.285054 1
-13.656812 -16.148116 34.048554 6
-12.861612 -16.675316 34.186054 1
-11.995212 -16.797116 34.519854 1
-12.064012 -17.687516 34.217754 1
-11.081312 -18.110516 34.397054 10
-10.298112 -17.609916 34.203454 10
-10.152312 -16.662116 33.817654 12
-9.467512 -15.998116 33.659554 1
-9.110412 -16.835816 33.201354 4
-9.027612 -17.564816 32.637054 10
-8.162012 -17.841316 32.359554 15
-7.640612 -18.585616 31.930454 15
-8.565312 -18.814616 31.660554 13
-9.259512 -18.342816 32.030554 13
-10.027812 -18.257116 32.678054 10
-10.529412 -17.388616 32.443254 5
-11.184212 -16.673016 32.659554 4
-11.529212 -16.740216 31.758054 10
-12.342012 -17.302916 32.125954 3
-13.042312 -17.984816 32.014654 13
-14.006212 -18.196216 31.871054 14
-13.845912 -18.954516 32.493154 4
-12.867212 -18.877316 32.595954 5
-12.717812 -19.667916 33.018254 4
-11.911012 -20.039616 33.465454 10
-12.270412 -20.788616 33.024954 1
-11.443912 -21.085416 33.428454 10
-10.486812 -21.207716 33.069754 10
-10.023712 -21.543916 32.336154 4
-10.304312 -22.382316 31.926554 1
-9.543012 -22.533616 32.450054 4
-9.243512 -22.829516 31.570554 4
-8.725112 -23.361316 30.981054 11
-8.059312 -23.511016 30.272654 4
-8.951712 -23.242416 29.753454 13
-9.395212 -22.433216 29.642254 7
-9.395812 -21.502716 29.251154 9
-10.302312 -21.219816 29.361254 3
-10.321312 -20.704816 30.227154 10
-10.420012 -19.850716 29.776154 6
-9.888012 -19.099016 30.156754 13
-10.303112 -18.947616 29.236554 8
-10.480912 -18.770516 28.244254 9
-11.014112 -18.080216 27.765854 9
-10.178812 -17.626316 27.520454 13
-9.332112 -17.474116 27.984554 10
-9.281512 -18.460016 27.998254 7
-8.611212 -18.906216 27.446954 6
-8.595412 -18.187316 26.827654 4
-9.206312 -17.589016 26.312754 10
-9.575412 -16.748916 26.574154 5
-9.952212 -15.843516 26.693454 10
-9.926312 -14.904916 26.608054 4
-9.336512 -14.158416 26.429554 11
-9.318612 -13.204216 26.448054 8
-8.715512 -12.831016 27.175554 1
-9.206912 -13.256216 27.829554 4
-9.761312 -13.780916 28.515254 3
-10.675012 -13.528716 28.558854 4
-11.402512 -13.748216 27.895354 5
-11.559512 -14.092716 28.811754 10
-11.229012 -13.547216 29.493854 4
-11.693912 -13.772816 30.350554 10
-11.201412 -14.450116 30.859254 1
-11.736512 -14.866916 31.534254 13
-11.635312 -15.086916 32.511754 1
-11.371212 -14.806316 33.353654 1
-10.975312 -15.365216 34.035254 1
-10.273012 -15.443216 34.723854 5
-10.110512 -16.342716 34.998254 10
-11.018912 -16.525216 34.580454 10
-11.276012 -15.744316 35.089954 6
-11.478312 -14.983916 35.624454 13
-11.977812 -14.558316 34.910954 6
-12.605412 -15.118416 35.506454 13
-13.018312 -14.781016 34.671654 4
-13.848312 -14.387016 35.011054 6
-13.324512 -14.234116 35.788454 13
-13.231312 -13.455116 36.310654 10
-12.862912 -14.068116 36.943554 13
-13.123712 -14.783916 37.602754 13
-13.573612 -15.043216 38.376854 4
-12.909212 -14.507016 38.850054 13
-12.357712 -14.091516 39.622454 7
-12.303212 -14.390016 40.528054 10
-12.931712 -15.085816 40.551054 10
-13.737412 -14.515016 40.222954 15
-14.239612 -15.249316 39.909954 4
-14.738112 -16.033416 39.844254 4
-15.054412 -15.317116 39.293554 4
-16.002512 -15.117316 39.229854 6
-15.702012 -15.897716 39.719654 4
-15.405912 -16.234816 40.583354 4
-14.979212 -16.351116 41.471454 9
-14.418012 -15.804516 40.858554 4
-13.768812 -15.251916 41.320254 10
-13.943212 -16.039116 41.780054 9
-13.728912 -16.635516 41.115754 4
-12.891112 -16.359116 41.418254 5
-12.477412 -15.404616 41.542554 10
-11.990512 -14.571716 41.462454 10
-12.399812 -14.180416 42.238254 10
-12.931312 -14.974716 42.272554 10
-13.145312 -15.783116 42.775854 11
-12.620212 -16.609116 42.691454 3
-11.693612 -16.271716 42.652954 10
-11.685712 -16.278716 43.638894 1
-12.322412 -16.889416 44.079534 11
-11.981112 -17.593016 43.462544 10
-12.021412 -18.387516 42.946954 1
-12.421012 -17.686316 42.264054 1
-12.042412 -17.244116 41.503654 7
-11.244612 -16.872816 41.216454 12
-11.450612 -15.978016 41.624854 10
-11.101612 -15.096216 41.459054 10
-10.584012 -15.343716 40.669854 10
-9.663812 -15.415816 40.324754 7
-8.678912 -15.684416 40.377854 4
-8.082112 -16.165616 39.827754 5
-7.506712 -16.394316 39.116054 7
-7.146012 -15.869216 39.859654 8
-7.271212 -14.891716 40.132854 3
-8.274912 -14.807916 40.252354 1
-8.952812 -14.240516 39.952054 4
-8.442412 -13.359416 40.148154 13
-9.152812 -12.751116 39.985054 4
-9.381112 -13.459616 39.334854 7
-10.213812 -13.287716 39.864154 4
-10.876212 -13.962516 39.594254 10
-11.521612 -14.355116 38.954754 13
-11.278012 -15.022416 39.628354 10
-10.390612 -15.229016 39.261554 1
-10.584612 -14.653716 38.590754 12
-11.266212 -14.429716 37.871854 13
-10.571012 -13.961616 37.402254 1
-11.139812 -13.234716 37.680454 10
-11.012112 -12.433016 37.189754 9
-10.447112 -11.960116 36.599654 9
-9.779312 -11.648516 35.886654 5
-9.379012 -12.494516 35.643754 1
-8.902512 -11.870816 34.983254 4
-8.536612 -12.779916 34.847354 6
-7.980712 -13.557816 34.677154 10
-7.310012 -14.230016 34.914854 7
-7.730912 -15.144216 34.555554 4
-8.278412 -15.582716 35.218854 11
-8.658312 -15.890316 34.398654 4
-8.222212 -16.789516 34.210354 15
-8.055612 -16.376916 33.298454 5
-7.696212 -16.913916 32.538354 15
-8.190812 -16.992416 31.708654 3
-8.805212 -17.239716 30.976154 4
-9.521312 -16.905816 31.525354 10
-10.281112 -17.413216 31.399754 11
-10.780712 -18.311116 31.243554 4
-10.411112 -18.942116 31.995554 13
-10.136612 -19.286716 32.834654 10
-10.256712 -19.988816 32.258754 10
-9.903612 -20.090716 31.351154 13
-9.028412 -19.987316 31.214754 13
-8.565612 -20.770616 31.414554 4
-9.107212 -21.273216 30.780354 8
-9.916412 -21.214616 31.367354 4
-10.442812 -21.882516 30.953454 1
-11.092612 -21.347716 31.580554 7
-11.370712 -20.711316 32.327254 10
-11.779512 -19.909316 32.003554 1
-11.592112 -18.955716 31.967354 1
-11.501912 -18.887216 32.930554 3
-11.142412 -19.174216 33.768354 10
-11.931612 -19.160516 34.286954 10
-12.878312 -18.926716 34.174454 4
-12.714112 -18.929516 35.118554 4
-12.017212 -19.559616 35.203354 10
-12.646212 -20.130816 35.575854 1
-11.796812 -20.448316 35.827654 4
-11.008812 -19.958616 35.594154 10
-10.339512 -20.127516 34.983254 10
-10.546612 -21.064516 35.151054 6
-10.639612 -21.533416 35.957354 7
-10.100312 -21.155116 36.730254 5
-9.795712 -20.387416 37.254154 7
-9.173912 -20.456016 36.520754 9
-9.218712 -19.487616 36.269054 10
-9.351512 -19.940216 35.381854 10
-9.409512 -21.001816 35.394154 5
-8.726712 -21.345816 35.955354 4
-9.098712 -22.243816 35.921054 6
-9.166912 -23.209216 36.112254 4
-9.478812 -23.509216 36.989354 10
-8.869912 -23.499516 37.739654 3
-8.947912 -23.459516 38.716854 7
-8.847012 -22.905316 39.495054 10
-9.300012 -22.007616 39.740354 4
-8.681212 -21.689016 40.481654 9
-7.897212 -21.490516 39.891354 13
-7.096912 -21.036016 39.640154 1
-6.284012 -20.893016 39.136854 13
-6.480312 -21.184916 38.260254 1
-6.437012 -21.786316 37.521254 1
-6.903012 -22.067016 36.719854 1
-6.488412 -22.775716 36.230654 1
-6.449012 -23.702816 36.066754 13
-6.673012 -24.173216 35.199354 4
-6.084012 -24.348916 34.438754 10
-5.454012 -24.335116 33.741454 8
-5.823812 -23.575616 33.267454 11
-6.461612 -24.052816 32.796354 10
-7.056312 -23.897516 32.125254 3
-7.897812 -23.633216 31.774554 4
-7.519112 -23.032316 32.484754 4
-6.715712 -23.116116 32.976454 11
-7.220512 -22.506016 33.581354 7
-6.685012 -22.128716 34.266254 11
-7.245612 -21.292416 34.251554 8
-8.174812 -21.549916 33.895054 4
-8.447912 -20.796816 34.365054 10
-8.640412 -20.231816 33.604254 10
-8.603612 -20.138016 32.665854 13
-8.368112 -21.089416 32.722754 4
-9.027512 -21.711116 32.924854 4
-9.246112 -21.307316 33.767254 10
-9.135412 -22.227916 34.020254 6
-8.857812 -22.703116 33.236654 4
-8.042412 -23.220816 33.275654 4
-8.532512 -23.961416 33.613354 1
-9.555012 -23.899916 33.472754 5
-9.812812 -23.619216 32.571154 4
-10.575612 -23.929116 32.086454 1
-10.300912 -24.856016 32.412954 6
-10.458112 -25.578416 33.021454 10
-10.397912 -24.847316 33.665154 13
-11.056412 -24.189316 33.839054 5
-10.860912 -23.284816 34.260654 7
-11.371212 -22.504716 34.433254 5
-10.889812 -21.635516 34.379454 13
-10.464612 -20.723116 33.965154 10
-10.337612 -19.755316 33.980754 10
-9.823412 -19.285216 34.649154 10
-10.136812 -18.386616 34.859754 10
-9.346812 -17.715216 34.879854 9
-8.567512 -17.860416 34.381654 15
-9.153512 -18.587716 34.238354 10
-9.345112 -19.416216 33.746754 10
-9.096412 -18.825816 33.067554 13
-8.376812 -19.138316 32.596454 9
-7.685912 -18.635116 33.070054 15
-7.992412 -19.283916 33.713654 10
-7.677012 -18.453716 34.153054 15
-8.164512 -18.762816 34.891154 10
-8.278112 -19.410716 35.646254 10
-7.906712 -20.140916 36.201954 12
-7.036012 -20.538716 36.002654 12
-6.254512 -20.416916 35.383754 10
-5.706512 -20.891516 34.841454 4
-5.299512 -20.037216 34.551954 7
-4.530512 -19.811516 33.988254 7
-4.379012 -19.657416 34.890954 7
-4.249312 -19.581716 35.843554 1
-3.684312 -19.330216 36.613154 4
-4.183012 -19.465516 37.422854 7
-3.390712 -19.791216 37.856154 1
-3.765612 -19.119916 38.406854 3
-3.699012 -18.147416 38.475454 4
-3.285612 -18.334416 39.299554 1
-3.980012 -17.615616 39.597354 1
-4.120512 -16.746216 39.092154 11
-3.608812 -16.488116 38.337054 6
-4.188312 -16.750716 37.488454 7
-3.567912 -17.358816 37.040454 13
-2.987312 -16.677616 36.752654 4
-3.201412 -15.725516 36.850954 10
-2.742612 -14.911716 37.049454 7
-3.286712 -14.777816 36.270754 13
-3.935712 -14.674216 36.996654 14
-4.198712 -15.256216 37.805754 9
-5.152312 -15.178216 37.604254 4
-5.891212 -15.034916 38.276754 11
-6.740112 -15.483316 37.792954 7
-6.724212 -15.277616 36.796254 10
-5.809812 -15.530516 36.648654 14
-5.320012 -15.310616 35.793354 4
-4.447812 -15.008616 35.658754 13
-3.605012 -15.498716 35.531054 10
-2.850612 -15.816716 34.948754 7
-2.345712 -16.094416 34.133954 10
-1.569112 -15.598616 34.024854 10
-0.651412 -15.260816 33.943754 4
-0.450412 -15.216216 32.977354 7
-0.978212 -15.640016 32.282954 12
-1.745612 -16.180216 32.509654 12
-0.999312 -16.806116 32.607854 7
-1.669412 -17.159716 32.049954 12
-1.144512 -17.590116 31.324354 12
-1.229212 -18.540916 31.524154 4
-1.542012 -19.394216 31.896954 1
-1.080212 -20.188716 32.149754 1
-1.283512 -20.287816 33.143554 1
-1.486812 -21.281316 33.065554 7
-1.487512 -22.249816 33.317354 10
-0.795912 -22.951716 33.376154 4
-1.576512 -23.484116 33.560254 10
-1.058112 -24.217516 33.061054 1
-0.750212 -23.942816 32.221954 10
0.139988 -23.947916 31.921754 7
0.608688 -23.504016 31.175854 1
0.397088 -24.102216 30.442354 7
1.251588 -23.846716 30.259554 3
1.177788 -22.910916 30.490954 7
1.162788 -22.014016 29.871654 10
0.475988 -22.634116 29.637554 14
0.310388 -22.090416 28.846354 12
0.411688 -21.381316 28.136254 11
-0.315412 -21.052116 28.948654 11
-0.332912 -20.573816 29.798854 4
0.615688 -20.270616 29.847054 5
-0.061012 -19.691116 30.304554 1
0.367788 -20.624316 31.450654 7
-0.183312 -21.276516 31.748354 15
-0.751712 -21.638816 32.412054 9
-1.130212 -22.361416 31.879054 4
-2.083812 -22.470116 32.117854 10
-2.834912 -22.487516 31.500054 1
-3.182912 -22.638716 32.385454 10
-2.807312 -21.752716 32.640154 10
-2.961012 -21.037716 33.331954 7
-2.684112 -21.833216 33.847454 10
-2.570112 -20.935516 34.240154 7
-1.900912 -21.604116 34.490054 10
-1.165512 -20.854316 34.657254 9
-1.422012 -20.750216 35.593354 12
-0.973812 -19.946616 36.061354 14
-1.537312 -19.480816 35.394854 7
-1.424312 -19.283316 34.424154 10
-2.201912 -19.735116 34.726154 14
-3.063212 -19.379216 34.933354 7
-3.351812 -20.096216 35.530254 13
-3.664812 -20.988116 35.690854 15
-2.800112 -21.333416 35.534154 10
-2.722712 -20.960216 36.406154 4
-1.956912 -21.273316 36.937254 1
-1.937212 -21.573916 37.855554 12
-1.216012 -22.136616 37.481954 1
-0.360612 -22.072016 37.088654 1
-0.289012 -21.221616 36.638354 1
0.594988 -21.394816 36.715854 7
1.183788 -21.327516 35.934454 7
1.218088 -22.131416 35.368454 13
0.585288 -22.764216 35.015754 1
0.087988 -22.758416 35.838854 7
-0.673512 -23.328916 35.631554 4
-1.434312 -23.765516 35.163854 1
-2.225012 -23.225816 35.081754 10
-1.661112 -22.350516 35.140354 10
-2.159812 -22.580716 36.022354 11
-3.017712 -22.937216 35.733654 10
-3.869612 -22.603216 35.356554 4
-3.820612 -22.146416 34.439154 10
-3.606212 -21.272816 34.231854 7
-4.389112 -20.787716 34.476954 7
-4.690612 -21.611116 34.843554 4
-5.318412 -21.951316 34.204854 11
-5.691612 -22.700616 34.694554 12
-5.818412 -23.580016 35.296854 8
-5.068112 -24.004216 35.812854 1
-4.521012 -24.508516 36.461754 12
-3.650712 -24.735916 36.893654 6
-3.273012 -25.673516 36.852354 7
-3.679312 -26.065416 36.023154 10
-4.366912 -25.560616 36.397654 15
-5.145312 -25.586116 36.976554 10
-5.479612 -26.248616 37.525754 13
-5.340112 -26.911016 36.683954 7
-5.206012 -27.656916 36.058354 5
-4.397612 -28.243216 36.158154 14
-4.922312 -28.823616 35.538454 7
-4.526912 -29.675016 35.198854 10
-4.221912 -29.983016 34.345954 7
-4.637412 -29.070316 34.346154 9
-4.670912 -29.376416 33.435154 1
-3.757912 -29.239716 33.460654 11
-2.976012 -28.685116 33.358254 1
-2.705912 -27.787516 32.841354 13
-2.345712 -28.384116 32.189454 10
-1.582012 -27.715916 32.006154 1
-1.226212 -26.982216 31.570054 1
-1.890912 -26.794516 30.909154 7
-2.723712 -26.585316 30.467254 4
-2.887812 -25.653916 30.468454 6
-3.747312 -25.342516 30.120054 10
-3.906312 -25.669516 31.017654 7
-4.401112 -24.895216 31.250554 4
-3.523412 -24.442616 31.156554 1
-2.660512 -24.318216 31.532754 1
-2.594212 -23.631916 32.329254 10
-2.145112 -24.543616 32.377154 16
-2.957912 -24.746516 32.837654 7
-2.403412 -24.583116 33.598754 1
-2.580112 -23.688216 33.851954 10
-3.095612 -22.904016 34.079454 10
-3.394212 -23.419716 33.289154 10
-4.218512 -23.896716 33.467654 14
-4.434512 -23.421416 32.590354 4
-4.894112 -22.747116 33.212754 11
-4.359512 -22.242916 32.553854 10
-5.220012 -21.845016 32.722454 11
-4.751612 -21.029416 32.722754 7
-4.624412 -21.540616 33.542354 14
-5.093612 -20.671116 33.711254 7
-5.804412 -21.248316 33.440054 11
-6.295312 -20.441316 33.547254 7
-6.634812 -20.109016 34.454654 1
-7.516212 -19.628616 34.565754 10
-7.182512 -19.332616 35.407154 12
-6.367512 -18.921416 35.648654 9
-5.400712 -18.951716 35.589454 7
-5.814212 -19.658716 36.116254 12
-5.671212 -18.865116 36.653554 7
-5.708412 -19.692916 37.225954 1
-5.979212 -20.108116 38.029554 13
-6.889612 -19.968716 37.729554 12
-7.645012 -19.326716 37.645554 4
-7.675112 -18.920616 38.523454 7
-7.149312 -18.400316 37.910654 10
-6.817212 -18.509916 36.952654 12
-7.628312 -18.729716 36.438554 12
-7.437012 -18.255216 35.686054 1
-8.414612 -18.198616 35.772054 10
-7.987612 -17.306616 35.823954 4
-7.098312 -17.013216 35.474054 15
-6.716212 -16.884016 36.352054 7
-5.861112 -17.046416 35.733454 10
-6.209912 -17.116616 34.905054 1
-5.910512 -18.067116 34.762254 7
-6.799812 -18.377316 34.658054 15
-6.236912 -19.046216 34.227054 7
-6.700212 -19.442916 33.474154 7
-6.801312 -18.937716 32.597154 15
-6.481412 -19.777016 32.329354 1
-5.674112 -20.198816 32.493854 7
-5.196112 -20.071816 31.629354 7
-5.325812 -20.091816 30.727954 1
-5.229612 -21.060116 30.452854 15
-4.479212 -21.705316 30.272654 7
-3.556912 -21.908716 30.054154 3
-2.666512 -21.928816 29.765554 1
-2.931512 -22.875716 29.650454 12
-3.395312 -22.753516 28.733554 16
-4.396512 -22.859616 28.972054 1
-4.944412 -23.129916 29.719954 11
-5.411112 -24.039016 29.510054 1
-5.294312 -23.570916 28.616354 12
-5.058112 -24.211016 27.942354 10
-4.671712 -23.439016 27.636554 12
-3.953312 -23.123116 27.015454 10
-4.298112 -22.430316 26.481954 7
-3.826712 -22.541316 25.659254 7
-4.147412 -22.572016 24.767954 1
-3.824912 -23.341216 24.377154 5
-4.545912 -23.368116 23.735054 10
-4.174412 -23.919316 23.003654 16
-4.424912 -24.767816 22.658454 15
-4.824312 -24.864616 21.782354 12
-5.779912 -24.892016 21.770354 7
-6.039312 -25.432316 21.062354 15
-7.014512 -25.219916 20.906554 12
-7.128512 -24.747916 20.090754 9
-6.279812 -25.036516 19.724154 1
-5.853712 -25.562716 19.010954 7
-4.952612 -25.577716 19.436454 7
-4.043912 -25.967216 19.267554 1
-3.489612 -26.086116 18.428554 4
-4.064412 -26.038316 17.642854 7
-4.754612 -25.947416 16.977754 1
-5.003212 -26.874416 16.620554 1
-4.338112 -27.105816 17.349354 1
-3.580212 -27.729516 17.298154 1
-3.258112 -27.546616 18.261054 1
-2.478012 -28.103416 17.966954 7
-2.003912 -27.419416 17.550854 1
-2.015712 -26.396716 17.677754 7
-1.256012 -25.805016 17.856954 10
-1.261412 -26.740416 18.194054 15
-0.956212 -26.973116 19.049354 7
-1.146012 -26.632216 19.941454 4
-1.129412 -25.950616 19.283054 1
-1.426712 -25.061716 19.135454 1
-0.771312 -24.633716 19.764154 1
-0.015612 -25.217216 19.872654 15
0.333988 -24.488216 20.462154 7
1.163188 -24.050116 20.286154 10
1.551988 -23.185916 20.409854 11
0.743788 -23.320416 20.918654 15
0.338288 -22.442516 20.908054 12
-0.565912 -22.654516 20.930854 7
-0.740212 -22.997916 21.763054 12
-1.659912 -22.843316 21.434054 10
-1.478512 -22.020316 21.986854 12
-2.216312 -22.239916 22.528054 15
-3.014812 -22.627916 22.911854 7
-2.842812 -22.949616 23.775654 10
-2.361912 -22.359016 24.409554 11
-2.803512 -21.509716 24.133654 12
-3.342012 -21.316116 24.932154 7
-4.036312 -21.320016 24.286254 9
-4.265012 -20.708116 24.983654 7
-4.810012 -21.488316 25.011054 7
-5.080312 -22.282716 24.502654 13
-4.798512 -21.678616 23.726154 16
-4.779212 -20.721916 23.551154 13
-5.201912 -20.303416 24.356554 7
-5.099812 -19.364116 24.257054 7
-5.406212 -19.407216 23.380554 16
-6.289212 -19.494616 23.070354 9
-6.800312 -20.379516 23.053154 13
-6.774512 -21.181116 23.630354 7
-6.108612 -20.760516 24.170854 16
-6.352112 -21.066416 24.973754 7
-6.954412 -21.207816 25.742654 1
-7.577212 -21.000516 26.489354 11
-6.704512 -21.248616 26.801254 1
-5.937212 -20.915816 26.350354 7
-5.145012 -21.461316 26.140554 7
-5.710212 -22.122016 26.625654 16
-5.836812 -22.312116 27.552754 10
-5.776112 -21.362816 27.527754 7
-6.079312 -21.625716 28.459054 16
-6.774112 -21.949716 29.101854 15
-7.420012 -22.714616 29.286354 6
-6.736712 -22.592616 29.940154 12
-7.609212 -22.456016 30.498754 14
-8.413612 -22.328316 31.051654 4
-7.998112 -21.470416 30.823154 12
-7.904112 -21.531416 31.780254 4
-7.274612 -22.204516 32.017054 4
-6.455812 -22.047116 32.452754 11
-6.015712 -21.764916 31.582954 5
-5.583712 -22.522616 31.258754 11
-4.910012 -21.868116 31.494054 12
-3.931712 -21.984016 31.540854 12
-4.035312 -20.990416 31.521254 1
-3.753412 -20.706116 32.373954 7
-4.052212 -19.860616 31.918754 7
-3.766112 -19.020716 31.492154 1
-4.027812 -18.873116 32.375754 7
-3.090812 -19.269316 32.277354 15
-3.026312 -20.072716 32.867254 11
-3.723412 -19.529616 33.211654 7
-2.887112 -19.307416 33.700554 7
-2.090812 -18.854316 33.676654 14
-2.200012 -18.180216 34.412854 9
-3.164212 -18.008516 34.349254 7
-3.461312 -17.067016 34.268454 1
-3.568112 -16.167816 34.424154 16
-4.526312 -16.127316 34.321354 7
-5.438812 -16.383116 34.575454 1
-5.821612 -16.680416 33.672654 10
-6.186912 -17.282716 33.026354 15
-6.984212 -17.003216 33.434554 15
-6.781512 -16.219816 33.862954 10
-6.281312 -15.564316 33.398154 10
-5.403112 -15.354916 33.547254 16
-5.523312 -15.182016 32.558954 16
-4.663012 -15.364416 32.416654 7
-3.915112 -15.870616 32.002754 1
-3.112912 -15.702416 31.533954 12
-2.296312 -15.967216 30.992454 12
-2.431612 -16.544916 31.713154 12
-2.669812 -16.934216 32.591454 13
-2.883712 -17.713016 33.182554 7
-2.563412 -17.145316 33.947754 10
-1.598912 -16.992716 33.765254 1
-0.782612 -16.812316 34.255654 1
-0.940912 -16.466516 35.101354 7
-0.163312 -16.783116 35.529554 16
-0.922812 -17.331316 35.656754 7
-1.502712 -17.312616 36.442254 13
-1.113712 -18.254616 36.481354 1
-1.703812 -18.295516 35.740854 7
-2.615612 -18.151016 35.838554 15
-3.406612 -18.072116 35.365154 4
-4.290712 -18.372016 35.021754 7
-4.648512 -17.473416 34.831954 16
-5.336512 -17.567116 34.140354 15
-4.569612 -18.109716 33.858554 7
-4.651112 -18.956816 33.408654 7
-5.442812 -18.486716 33.520154 7
-5.941212 -18.238116 32.750654 15
-5.305112 -18.953316 32.515254 7
-5.926912 -19.250516 31.808854 6
-6.278112 -19.201316 30.883854 9
-7.055112 -18.758416 30.615054 15
-6.835612 -18.247916 29.776654 11
-6.036612 -18.403016 30.257854 10
-6.189612 -17.491616 30.369554 13
-5.991112 -16.618716 30.165054 12
-5.276712 -16.493716 29.403554 11
-5.642512 -15.739116 28.916354 11
-6.487012 -15.935716 28.584554 12
-5.837112 -16.002416 27.912954 11
-6.049812 -15.693416 27.017054 16
-6.128212 -16.225416 26.237154 1
-6.846112 -15.977116 25.652054 7
-7.159312 -15.741116 24.718254 9
-6.690012 -14.901216 24.705754 1
-5.864412 -15.156716 24.284454 7
-5.869712 -14.450216 23.641254 7
-5.642012 -15.207516 23.077754 16
-5.984212 -15.317616 22.223754 7
-5.056512 -15.550516 22.241954 16
-4.161812 -15.521216 22.688554 14
-3.335612 -15.920516 22.853754 5
-2.854912 -15.401916 22.157354 12
-2.042712 -15.374316 21.554254 10
-1.909012 -14.444216 21.589354 12
-2.891712 -14.353316 21.500254 16
-3.152112 -13.472416 21.881254 10
-3.813612 -14.004316 22.286854 7
-2.883712 -14.203116 22.607354 16
-2.990012 -14.075216 23.526754 16
-2.801812 -13.888016 24.431654 1
-3.642812 -14.321116 24.625754 4
-3.594612 -13.515216 25.148454 7
-2.580112 -13.524316 25.438854 1
-1.712012 -13.072716 25.606954 1
-0.847912 -12.913816 25.208354 1
-1.192612 -12.094916 25.561554 15
-0.977812 -12.453216 26.408954 10
-0.426712 -12.476116 27.207854 1
0.271588 -13.039316 27.522554 1
0.940388 -12.377316 27.846654 7
0.705088 -11.555716 28.221254 12
-0.262212 -11.551116 28.246454 7
-0.204012 -10.540516 28.395154 15
0.029888 -10.856216 29.265554 16
-0.784212 -10.363116 29.328754 7
-1.640812 -10.729216 29.628354 1
-1.602412 -11.525616 30.370854 1
-2.036012 -10.812116 30.905454 7
-2.132912 -11.739016 31.275854 13
-2.614812 -12.583016 31.106354 13
-2.059712 -13.437716 31.163654 7
-2.861312 -13.805316 31.429654 7
-2.083112 -14.278416 31.834354 12
-1.413912 -14.335416 32.614354 16
-2.007512 -14.488716 33.391154 15
-2.493312 -15.188616 32.946654 12
-3.446312 -14.994116 32.916454 8
-3.129312 -14.774316 31.989354 12
-3.995912 -14.360716 31.765354 5
-3.948412 -13.523716 31.319454 7
-4.464012 -12.668816 31.282954 13
-5.136412 -13.251116 30.861654 15
-5.605212 -13.306216 29.923354 12
-4.941812 -12.615016 29.881254 11
-4.324612 -12.951216 29.181454 1
-4.075712 -13.579916 28.570854 16
-4.058012 -14.284016 29.283254 1
-4.576812 -14.909716 28.705254 11
-5.059212 -14.191416 28.211554 7
-5.275612 -15.000016 27.706354 1
-4.474412 -15.552516 27.971354 11
-4.390712 -16.164016 27.270054 9
-5.244112 -16.514516 27.207954 11
-5.357612 -17.591416 27.431754 7
-4.947212 -17.261616 26.578654 12
-4.575812 -18.111216 26.283554 7
-5.235812 -17.803316 25.631754 7
-6.171812 -17.469116 25.602554 5
-6.341912 -18.489916 25.576654 16
-5.556612 -18.823116 25.162554 7
-6.303612 -18.687616 24.594854 10
-6.534312 -19.568016 24.874254 4
-5.928412 -19.606616 25.663654 7
-5.351312 -19.959016 26.362754 7
-4.951712 -19.136516 26.234554 7
-5.174612 -18.775016 27.102754 9
-4.639812 -19.134616 27.782554 7
-4.048612 -18.729416 28.387754 16
-4.081012 -18.687516 29.424254 16
-3.803512 -19.275216 30.132454 14
-3.087412 -18.538616 29.930154 16
-2.933512 -18.383416 30.840154 15
-2.932312 -17.581116 31.462654 12
-2.689112 -18.220816 32.146554 1
-3.612212 -17.970516 32.426254 7
-3.830112 -17.359816 33.143154 7
-4.621612 -16.815116 32.942154 1
-4.985312 -17.029216 32.050154 7
-5.135312 -16.754216 31.175854 1
-5.808412 -16.225216 31.638654 15
-6.639112 -15.764216 31.406954 10
-7.216512 -16.521716 31.184954 11
-6.871312 -17.253416 31.623654 15
-6.048812 -17.394116 32.027554 15
-5.323612 -18.127416 31.848154 1
-4.368812 -17.871716 31.736054 7
-3.936012 -16.999016 31.523054 12
-4.021812 -17.343416 30.569454 12
-4.795212 -17.924316 30.495654 7
-5.198712 -17.946216 29.597754 1
-5.168912 -18.197516 28.719954 13
-5.508112 -19.135616 28.556754 6
-5.369112 -20.028116 28.681054 12
-4.992312 -20.127016 27.784754 7
-4.098512 -20.489816 27.690654 7
-3.684812 -19.556616 27.751654 7
-3.119512 -19.908016 28.479654 13
-2.805812 -19.081516 28.113954 16
-2.263512 -18.297716 28.259654 16
-2.154412 -18.743016 29.127954 16
-1.762112 -19.164416 29.906654 11
-2.417212 -19.309316 30.579554 12
-2.789512 -19.630016 29.780254 4
-2.084612 -20.254416 29.590654 12
-2.023912 -21.141816 29.273054 15
-1.319212 -21.649516 29.770854 7
-1.024312 -22.059916 28.910954 9
-0.682312 -21.969916 27.965954 11
-1.197612 -21.494216 27.260254 11
-1.595512 -22.077816 26.605654 16
-0.719012 -21.747016 26.269254 11
-0.846012 -21.006716 25.632154 15
-1.385312 -21.812616 25.316554 7
-1.440812 -21.166816 24.557254 8
-1.399612 -20.309616 25.046754 15
-2.287112 -20.097116 25.388154 7
-1.902312 -19.279916 25.692854 15
-2.122312 -19.136616 24.760854 7
-2.576112 -18.864616 23.981354 1
-3.093812 -19.582316 23.573254 1
-3.129112 -19.996016 24.458054 7
-3.843812 -19.524816 24.861254 7
-4.138712 -19.706016 23.937654 1
-4.143012 -18.766416 23.997754 11
-3.504112 -18.570516 24.711054 7
-3.188112 -17.676916 24.562154 1
-3.513912 -17.932416 23.715854 7
-3.891012 -17.172516 23.332454 1
-4.565912 -16.465016 23.243754 1
-4.925712 -17.285316 23.670454 1
-5.362012 -16.721416 24.330854 1
-4.704012 -16.761716 25.017954 16
-4.249512 -17.599816 25.122954 7
-3.681812 -17.320716 25.853154 12
-3.666412 -17.765416 26.670754 16
-3.559012 -18.359516 25.908654 7
-2.912212 -18.718616 26.512854 7
-2.368612 -18.025616 26.997654 16
-1.615212 -18.325616 27.440454 15
-0.833212 -18.639516 27.922154 12
-0.751812 -17.750716 27.676254 5
-0.079312 -17.227016 28.165554 15
-0.350012 -17.658916 28.985554 11
-1.295312 -17.693316 28.707554 16
-1.103512 -17.807016 29.734854 7
-0.556212 -17.422616 30.410354 14
-0.382612 -16.616116 30.818654 12
-0.581012 -16.367216 29.953554 15
-1.413512 -16.237816 30.310454 12
-1.623312 -16.859916 29.637154 16
-1.191612 -16.351116 28.972554 7
-2.026012 -16.691916 28.688154 16
-2.485712 -15.795716 28.525954 11
-1.648312 -15.251416 28.886054 1
-1.273512 -14.768316 29.628654 1
-1.763812 -14.464216 30.345054 12
-1.484512 -15.325416 30.877554 12
-0.613412 -14.797416 30.676954 11
-0.017212 -14.426416 31.234954 13
0.409588 -13.497516 31.093154 1
0.365088 -13.403316 30.117354 7
1.116288 -13.461916 29.552354 1
1.012188 -13.305016 28.502754 16
1.914188 -13.475216 28.702554 7
2.282888 -14.148316 29.338854 12
2.254688 -15.161816 29.368054 12
2.646388 -15.333216 30.208054 8
2.349488 -16.175816 30.413454 8
2.971788 -16.959016 30.414854 1
2.627188 -17.755016 30.705954 13
2.423288 -18.114516 31.556454 7
1.550988 -17.725516 31.333454 15
1.403488 -18.385416 30.634254 7
1.687088 -17.759616 29.919254 7
0.903088 -18.180916 29.617754 12
0.760388 -18.008516 28.675054 9
0.753788 -18.863016 28.198554 5
0.287588 -19.147516 27.321654 7
-0.351012 -19.639716 27.857954 11
-1.089012 -19.619116 27.213554 15
-1.606312 -20.318816 27.560654 11
-2.013312 -19.699616 26.831154 15
-2.802512 -20.088216 27.266754 1
-3.310412 -19.733216 26.536254 7
-3.927512 -19.476416 25.929954 7
-4.326712 -20.369216 25.963354 7
-3.843812 -20.783216 26.679954 7
-3.048212 -21.267916 26.238354 7
-2.433612 -21.445416 26.942754 1
-1.727412 -20.746116 26.744454 15
-0.742012 -20.632016 26.843654 11
0.196688 -20.530316 26.900354 11
0.449788 -20.242516 26.055654 12
1.295088 -20.527516 26.344754 14
1.524488 -21.353416 25.919654 16
2.034188 -20.749616 25.379254 1
2.638888 -21.495416 25.175754 16
3.252788 -22.258016 25.452854 16
3.934188 -22.403816 24.807654 1
3.393988 -22.347716 24.014854 16
2.652188 -21.889416 23.640354 16
2.591488 -21.408516 22.830054 1
2.152888 -21.643116 22.003454 7
2.035688 -20.896416 21.431454 1
2.781488 -21.128316 20.987754 1
3.314088 -21.059916 20.248754 1
2.605388 -21.481316 19.636254 10
1.611688 -21.662016 19.771354 15
1.275288 -21.265716 18.950254 16
0.730688 -20.418416 18.930254 15
1.065688 -20.642016 18.000354 12
0.648088 -21.128716 17.280454 16
-0.268212 -20.898116 17.471554 5
-1.114712 -21.154016 17.865254 16
-1.431712 -21.676616 18.616954 15
-1.549912 -21.990416 19.501254 1
-1.286412 -21.777916 20.350054 1
-0.495612 -21.558116 20.822354 1
-0.129412 -21.528716 21.673454 12
0.853688 -21.540316 21.869654 1
0.292488 -21.466816 22.667754 12
0.554488 -21.506516 23.604154 15
0.432188 -22.022816 24.477954 16
0.285688 -22.152516 25.461054 8
0.252688 -22.438716 26.405354 11
1.134488 -22.624116 25.899054 16
1.744688 -22.998416 25.283054 16
2.718988 -23.217016 25.530554 16
2.818588 -22.915916 26.520754 16
3.231588 -22.035316 26.460454 7
2.532388 -21.297516 26.451754 16
1.762888 -21.429216 27.011754 13
0.939588 -21.950616 26.885454 11
1.835188 -22.478616 26.906454 16
1.490688 -22.645316 27.766454 11
2.457788 -22.675116 27.770754 8
2.462688 -23.506916 27.202454 16
1.815588 -24.193216 27.064454 16
0.930888 -23.770916 26.923954 16
0.079688 -23.358616 27.146254 11
-0.522612 -24.077916 26.991254 1
-0.417912 -24.908216 27.397954 1
0.191288 -24.989116 28.239254 1
-0.652912 -24.853116 28.780754 1
-0.650812 -23.944816 28.587254 1
-0.637212 -23.139716 28.070454 11
-1.307512 -23.419616 27.544554 1
-1.623312 -23.406916 26.643354 7
-1.058312 -23.777316 25.988654 1
-0.534212 -23.001216 26.087354 11
-0.258612 -23.135416 25.147254 16
0.107788 -24.007516 25.202254 1
0.951788 -23.808916 25.618654 16
1.021588 -24.136316 24.763754 16
0.562488 -23.768316 23.947554 15
-0.061612 -23.044816 23.978154 16
0.321788 -22.586516 23.239754 12
0.733588 -23.388916 22.680054 7
1.219388 -23.303316 21.847654 12
2.121988 -23.598216 22.248354 1
3.023188 -24.039916 22.133754 5
3.562288 -23.256016 21.978554 16
4.470788 -23.385216 22.291754 5
3.964088 -22.845316 22.957654 11
4.044488 -23.568516 23.589554 15
3.428388 -24.071116 24.160054 12
2.693088 -23.533616 24.497954 16
1.756888 -23.503216 24.317754 16
1.503188 -22.557016 24.036854 16
1.453688 -22.117516 24.882754 16
1.432688 -21.570116 24.120054 7
1.241388 -20.825916 24.751554 1
0.303388 -20.627716 24.849754 13
-0.065312 -19.756116 24.566054 16
-0.331812 -19.845516 25.475454 15
-0.335312 -19.221116 26.184954 15
-0.427812 -18.299716 26.123754 15
-0.819912 -17.583516 26.515754 1
-1.569912 -17.052916 26.731954 16
-1.443512 -16.153416 26.993754 1
-2.020112 -16.298316 27.734754 16
-1.953112 -15.313416 27.580354 1
-2.317912 -14.685616 28.212654 1
-2.744212 -14.889016 29.064754 11
-2.808112 -14.588316 29.993554 12
-3.844512 -14.545716 30.236154 16
-3.594812 -15.244916 29.560754 11
-3.201012 -15.546416 30.382454 12
-3.834812 -16.158016 30.109054 1
-3.339212 -16.240916 29.349354 11
-2.575212 -16.573516 29.915054 12
-2.784612 -17.445316 30.188654 16
-3.447012 -17.441716 29.511054 16
-4.215612 -16.987916 29.162254 11
-4.009412 -17.462216 28.237054 16
-3.693912 -16.498716 28.392354 11
-2.994112 -17.232916 28.223254 16
-2.866412 -17.123916 27.311454 16
-2.614912 -16.509616 26.613854 8
-2.564712 -17.187716 25.981954 5
-2.542312 -18.073116 25.671854 7
-1.605512 -18.132016 25.637054 15
-1.255112 -17.346916 25.259954 1
-0.643412 -17.905816 24.710554 15
-0.399712 -18.513616 23.997654 1
-1.165812 -19.018416 24.196054 15
-0.804212 -19.296116 23.333854 16
-0.520912 -19.993216 22.701854 8
-0.165312 -20.378816 23.530554 8
-0.541512 -21.292616 23.283954 12
-0.666312 -22.106716 23.825254 5
-1.425112 -22.314216 23.313954 1
-1.286112 -23.015616 22.667854 12
-0.272712 -23.284116 22.571654 12
0.147988 -24.125716 22.141854 14
-0.715112 -24.655516 22.233154 1
-0.540112 -24.830316 23.219454 1
-1.340112 -24.424016 23.577654 7
-1.294412 -25.345416 23.793354 16
-0.824012 -26.126316 24.118954 1
-1.024912 -26.513616 23.201054 16
-0.515312 -27.162416 23.529954 9
0.011188 -26.640116 24.173254 1
0.231088 -26.026216 24.878554 1
1.042588 -25.731716 24.467054 1
1.370888 -25.347316 23.649554 13
1.844288 -24.947216 24.348854 16
2.748288 -24.971516 24.717954 16
2.179088 -25.288116 25.416454 16
2.345288 -25.772916 26.196154 1
1.407188 -25.466316 26.578054 15
1.523388 -24.532716 26.096154 16
2.477088 -24.387616 26.181254 16
3.424388 -24.661316 26.163454 7
4.364388 -24.466016 26.080754 7
5.318988 -24.612616 26.318254 16
5.453688 -24.621116 25.346154 16
5.782988 -25.109116 24.629854 8
5.359588 -24.885016 23.809654 11
4.426488 -24.761016 24.144154 16
3.793288 -25.426016 23.999254 5
4.202988 -26.124516 24.423954 5
4.633588 -26.949616 24.196054 16
5.295388 -26.530816 24.766354 15
5.581488 -27.161416 25.484554 1
5.090188 -26.489916 25.933954 16
4.628388 -26.416916 26.740854 1
4.009388 -25.835916 27.155454 16
3.862788 -25.792116 28.104854 11
3.378488 -24.938916 27.797454 1
2.590988 -25.408016 27.286254 15
2.668888 -25.610816 28.223454 12
2.706788 -25.118516 29.026154 15
3.482888 -24.920216 29.675354 16
3.630888 -24.066716 30.064154 11
4.257088 -24.504716 30.581054 1
4.390288 -23.633116 30.957054 12
4.521488 -22.743816 30.588354 1
5.334088 -22.257516 30.224354 1
5.252888 -23.224616 30.087554 16
5.914388 -22.767316 29.515554 12
6.660288 -22.214916 29.188254 16
7.110388 -21.392916 29.596354 11
7.782688 -21.561716 30.198054 16
8.305388 -21.788916 29.324954 1
8.773888 -20.978716 29.472454 16
7.873788 -20.824416 29.360554 5
7.249488 -20.244216 29.807354 7
6.737288 -19.340416 29.785154 7
7.338288 -18.695516 30.208254 1
8.085988 -18.574716 30.788954 1
8.701888 -18.029916 31.289254 16
