3.598614 7.295875 -21.827027 16
4.479814 6.950775 -21.680427 1
3.735914 6.376775 -21.356427 2
4.479414 5.834075 -21.093827 1
4.718014 4.888675 -20.942927 1
4.033814 4.236375 -20.620727 1
4.503114 4.597975 -19.899727 2
4.969714 3.782075 -19.692327 4
5.631814 4.228375 -20.186927 1
5.699414 4.558775 -19.316527 12
6.245514 3.685175 -19.308927 3
5.877714 2.796875 -18.880727 1
6.164514 1.950875 -18.780527 14
5.898514 2.124475 -17.915527 1
5.266214 1.460575 -17.681627 1
5.241314 0.867275 -18.398227 2
5.258114 0.262575 -17.660427 1
6.133314 0.613675 -17.294227 15
6.956514 0.240375 -16.898227 8
7.470014 -0.263025 -16.361327 8
6.932214 -0.769725 -15.651927 2
7.361414 -1.608525 -15.769727 13
8.293514 -1.327525 -15.780927 15
8.916614 -0.619625 -15.715027 11
9.567714 -0.137925 -15.158627 1
9.769814 -1.059525 -14.937827 9
10.212214 -1.726225 -14.335827 2
10.961614 -2.298225 -14.610427 14
10.288314 -2.333425 -15.411427 9
9.870314 -3.050225 -14.935627 5
10.615514 -3.397125 -15.508127 14
10.483514 -3.016425 -16.376427 12
9.768614 -2.952025 -16.981427 2
10.392614 -2.837325 -17.731527 6
10.626314 -3.770525 -17.640827 6
10.266814 -4.410125 -16.967327 2
10.362814 -4.289625 -16.044127 1
11.299914 -4.526925 -16.229927 14
11.300914 -3.574725 -16.655827 2
11.994514 -3.455225 -17.413227 8
11.736414 -2.508025 -17.355327 6
12.480714 -2.608125 -16.790127 14
13.475714 -2.625725 -16.958327 14
14.186714 -2.113725 -17.414327 2
14.147414 -1.944825 -16.490627 14
14.542014 -1.176425 -16.897127 2
13.795014 -0.742225 -17.345527 11
14.465014 -0.074725 -17.392927 5
15.241014 -0.419425 -16.851027 2
16.094114 0.149375 -16.925627 1
16.078414 0.098475 -17.955427 1
15.526614 0.928275 -18.297327 7
14.587514 0.581275 -18.480427 3
13.791714 0.193775 -18.278527 5
13.232514 0.870275 -18.644627 2
12.379114 0.493775 -18.402327 2
11.594714 0.127875 -17.923027 2
12.286214 0.582975 -17.403127 5
11.427314 0.693075 -16.988127 2
10.638614 0.585775 -16.450927 2
11.331614 0.568575 -15.750127 1
11.530714 -0.255625 -16.306527 2
11.632514 -0.535925 -15.381027 9
11.774514 -0.965925 -14.580727 9
12.685514 -1.168625 -14.529227 14
13.606514 -1.108825 -14.323027 14
14.559114 -1.058925 -14.309327 1
14.504914 -1.852425 -13.717527 8
13.736414 -2.436725 -13.748927 14
13.254514 -3.198325 -13.446127 2
12.713014 -2.458725 -13.898527 14
12.535714 -1.552625 -13.581827 1
11.726714 -1.319425 -13.125427 8
12.329514 -1.471025 -12.296827 15
11.672814 -2.120525 -12.235427 1
12.333614 -2.480525 -11.640627 8
12.153914 -2.931825 -10.851127 14
12.803514 -3.439025 -11.399027 15
13.053914 -3.220425 -10.465127 2
13.771914 -2.997325 -11.066027 12
14.603914 -2.401725 -11.271927 10
14.127214 -1.525725 -11.477827 11
14.036114 -0.585125 -11.665227 8
14.437514 -0.451025 -10.777027 2
14.456314 0.469575 -10.969927 2
15.213814 1.034875 -11.241827 1
16.109614 0.940375 -11.615827 2
15.890414 0.243975 -12.249227 1
16.586014 -0.094225 -11.655227 14
16.079214 -0.899525 -11.508627 6
16.072714 -0.135925 -10.769827 2
16.468114 0.461075 -10.110227 1
16.275514 1.332675 -10.454227 1
16.469414 1.934375 -11.176727 7
16.019714 2.715475 -11.687027 1
16.342014 2.674075 -12.591427 1
15.839314 2.509375 -13.393327 1
15.030314 2.372975 -13.939127 3
14.853414 2.020675 -14.818727 1
14.664414 1.061075 -14.950627 1
14.059514 1.223175 -14.061227 1
13.454614 1.939375 -14.447227 2
12.990414 1.213375 -13.999027 14
13.147914 0.286875 -14.316027 2
13.385414 0.244575 -15.268327 1
13.548414 0.534675 -16.150127 5
13.027714 -0.029025 -16.707627 5
12.921614 -0.672325 -16.075327 2
12.688114 -1.452325 -15.519627 14
13.641114 -1.400825 -15.611327 14
14.635814 -1.300025 -15.611327 5
14.251214 -2.218825 -15.403727 14
14.505614 -2.891225 -14.752327 2
13.732414 -3.256725 -15.281727 14
13.139014 -3.808525 -15.816227 11
12.860414 -3.886425 -14.955627 2
12.643214 -2.975525 -15.154127 14
11.872814 -3.163025 -14.672027 14
11.492414 -2.724325 -15.406127 2
12.151514 -2.256325 -15.947627 14
11.723914 -1.598825 -16.518027 1
10.862114 -1.341025 -16.946527 2
10.026914 -1.350525 -16.447527 8
9.902214 -0.369125 -16.625127 2
10.408414 -0.431025 -15.731627 9
10.319914 0.468075 -15.441227 1
10.187814 1.399475 -15.346827 15
9.227114 1.533075 -15.342627 2
8.419214 2.016275 -15.455427 8
8.129514 1.752575 -14.528827 2
8.415014 2.728475 -14.569327 6
9.368114 2.807275 -14.397127 15
9.151714 2.023975 -13.921627 8
9.752914 1.424475 -14.335127 2
10.602214 1.531575 -13.783227 15
10.641114 0.986375 -13.002927 8
9.704714 1.044975 -12.640127 14
9.843114 0.289875 -11.921627 3
9.733614 -0.203825 -12.729427 6
10.132214 -0.457825 -13.687927 9
9.846814 0.446775 -13.872827 12
8.925514 0.569975 -14.062427 14
8.407914 -0.198725 -14.245827 2
8.018214 0.129675 -15.082327 1
7.771014 0.803375 -15.780127 8
8.661214 0.771975 -15.996327 8
9.536814 0.622275 -16.271127 12
9.953414 0.796075 -17.164527 2
10.673714 0.681675 -17.811727 2
10.638814 0.916075 -18.747927 2
10.578114 1.669175 -18.186127 2
11.246414 2.237775 -17.760127 2
11.544914 2.527275 -16.905527 1
12.317214 3.107275 -17.066427 2
13.053914 2.399275 -17.146827 1
13.723714 1.755475 -16.860027 5
13.867114 1.653975 -17.846727 6
13.355114 2.303675 -18.433327 11
12.689514 2.910675 -18.084727 1
12.196614 2.122075 -18.332227 2
12.616014 1.521175 -17.719627 5
11.963914 1.665075 -17.013527 2
12.140514 2.142975 -16.151227 1
12.477414 1.504775 -15.571927 5
12.377414 1.717175 -14.635127 1
11.466314 1.865575 -14.797627 15
11.366914 2.769375 -14.939627 15
12.327914 3.116675 -15.015027 2
12.482314 3.997475 -15.379927 14
12.275714 4.533175 -14.642327 2
11.358014 4.597375 -15.109527 14
12.048914 5.243775 -15.329927 6
11.904914 4.870475 -16.180627 14
11.761614 4.583475 -17.113327 2
11.061414 3.846475 -16.999627 14
10.824514 3.199075 -17.710127 3
10.383814 2.651675 -16.979127 2
10.613214 3.297575 -16.284627 14
10.221514 2.896375 -15.501627 15
9.503414 3.029175 -16.139527 14
8.932114 2.246075 -16.402327 8
9.819114 1.831375 -16.510227 2
9.646814 1.763075 -17.375327 2
8.875014 1.172675 -17.255627 8
8.649914 1.416175 -18.132627 2
7.796714 1.414575 -17.654027 8
7.790214 2.349275 -18.057527 9
8.300314 3.169775 -18.078527 9
8.830414 3.378075 -17.325327 14
9.024814 4.155375 -16.897727 14
8.319514 4.353675 -16.316627 1
7.875214 3.638975 -16.771227 5
7.851414 2.639275 -16.907427 8
7.125314 3.154375 -17.353027 2
6.477214 3.721575 -17.764027 1
7.308214 3.949675 -18.375927 2
7.529814 3.306975 -19.082927 1
7.977014 2.697575 -19.717827 14
8.238014 2.068375 -20.426027 2
8.703114 2.901775 -20.547827 7
9.167414 2.185075 -20.897827 2
9.929514 2.164875 -20.331527 2
10.657514 2.340775 -21.047927 2
10.623414 3.237275 -21.297227 1
11.402214 2.776275 -21.642427 3
11.684514 2.754275 -20.718727 2
12.520914 2.797775 -20.300727 3
13.330314 3.048775 -19.879627 4
13.638614 3.951275 -19.760727 1
14.588914 4.068375 -19.888927 1
14.859914 4.859975 -19.306227 6
15.304014 5.591075 -19.774227 8
16.247614 5.466975 -19.567527 1
16.917514 5.512375 -20.332427 8
16.470714 5.421475 -21.209727 10
16.298414 5.766375 -22.109027 2
15.943114 6.090275 -22.934527 14
15.075014 6.422075 -23.200027 1
15.678514 6.845475 -23.798327 2
15.272514 6.955675 -24.724927 14
15.085414 7.818675 -24.292327 12
14.965214 8.045475 -25.235627 3
15.799914 8.038275 -25.668527 2
16.536714 8.039175 -26.267727 2
16.288014 7.096275 -26.427227 6
15.473614 6.892175 -25.940627 8
15.032414 5.956975 -26.176327 1
14.266514 5.395575 -26.345027 1
14.234614 5.832175 -25.440127 1
13.340914 5.820275 -25.832327 14
13.272614 5.630175 -24.854227 7
13.990114 5.781575 -24.336327 14
14.282514 5.617475 -23.374927 2
13.498614 5.979975 -22.934727 3
12.826414 6.595775 -23.294827 2
12.532414 5.935975 -22.646627 2
12.013414 5.754075 -23.451727 3
11.312314 5.613775 -22.825427 9
11.148414 5.634675 -21.883227 1
11.457414 4.376975 -20.364827 3
10.515714 4.211175 -20.460127 12
9.800614 3.604275 -20.158227 5
10.036714 2.915975 -19.582627 2
10.737014 2.782075 -19.012027 2
11.282014 1.980175 -18.927227 2
11.937514 2.437975 -19.469627 2
11.414814 3.232775 -19.522427 2
11.255214 3.935175 -18.917927 14
10.915314 4.904575 -18.796827 15
11.653214 5.363675 -19.316327 11
12.193414 4.617875 -18.884327 1
13.085014 4.426975 -18.450427 5
13.682814 5.048375 -18.769027 8
14.406614 5.609675 -18.359427 3
13.949114 5.478375 -17.520727 1
13.175014 6.054375 -17.326427 1
13.444214 7.003575 -17.226927 1
13.248614 6.688275 -18.148527 14
12.478414 7.065275 -18.604327 1
11.969614 6.435775 -18.011827 4
11.589014 6.332975 -17.103127 2
10.770814 6.786975 -16.912027 1
10.294814 6.135075 -16.406327 2
9.967414 5.205875 -16.359827 14
10.273314 4.598875 -17.074427 14
10.076914 4.774475 -18.014027 1
9.876714 3.842675 -18.226827 14
9.376414 3.037975 -18.110527 3
9.655014 2.157475 -18.423327 2
9.148314 1.666175 -19.084027 2
8.216514 1.733875 -19.408927 6
8.189014 0.865775 -19.814027 2
8.061714 -0.107725 -19.987027 9
7.191714 -0.364325 -19.666627 2
6.829414 -1.272225 -19.943927 6
7.823514 -1.189225 -20.154727 9
8.232214 -1.483325 -20.956227 9
8.797414 -0.866025 -21.416227 9
9.601614 -0.399725 -21.694827 2
10.470314 -0.061325 -21.582427 6
10.551414 0.480975 -20.777427 2
9.697714 0.398375 -20.434527 2
8.802514 0.083975 -20.755927 9
8.267314 0.469675 -21.521227 9
8.891614 1.196875 -21.256727 2
8.332814 1.535075 -21.967027 14
8.735914 1.685475 -22.811027 6
8.689014 1.957675 -23.799727 2
9.585414 1.562775 -23.844727 8
9.883714 1.229975 -24.804827 8
10.200314 1.752775 -25.588827 14
11.001114 1.905875 -26.053927 2
11.766414 2.162575 -26.654527 3
12.053614 1.539175 -25.994927 6
11.901714 1.039875 -25.118927 3
10.938514 0.993075 -24.938527 8
11.064514 0.173975 -24.487427 8
10.205314 0.125575 -24.082027 8
9.957314 0.496175 -23.230927 8
9.799814 0.597575 -22.283727 12
9.672714 1.514775 -22.336627 2
10.448014 1.995775 -22.036827 2
10.907314 2.358275 -22.780427 3
11.098414 3.155475 -23.171827 2
11.703214 3.703175 -22.540227 12
12.199214 2.870075 -22.459527 3
12.962214 2.328075 -22.458327 3
13.903714 1.946875 -22.587627 14
14.244414 1.745475 -21.720327 1
13.472114 2.157275 -21.243127 3
13.217614 1.202575 -20.933027 10
12.674214 0.934575 -20.178127 2
12.317314 0.730175 -21.045727 2
11.938214 -0.118425 -21.283227 2
11.471914 -0.424325 -22.154727 1
11.779514 -0.894425 -23.006627 14
11.559314 -0.716425 -23.932527 8
12.503614 -0.400025 -23.901227 1
12.408214 -0.598025 -24.917027 1
12.061314 -0.166925 -25.756927 2
11.131014 -0.238425 -25.435127 8
11.206014 -0.147725 -26.370427 1
11.396114 -1.061425 -26.501027 3
10.433414 -1.167125 -26.508327 9
10.186614 -0.838425 -25.616327 8
10.329014 -1.834025 -25.458027 2
10.238914 -2.409825 -26.294327 2
10.835314 -3.045025 -25.875627 9
11.516214 -3.315425 -26.576027 1
11.472514 -4.215325 -26.270927 1
11.140214 -3.909625 -25.406927 2
11.772214 -3.484525 -24.899127 1
11.238814 -2.702725 -24.884927 14
10.472414 -2.510525 -24.305327 3
11.343314 -2.252525 -23.886627 2
10.571914 -1.653325 -23.645427 1
10.358014 -0.681325 -23.438227 8
10.575614 -1.048525 -22.545527 6
10.840514 -1.521725 -21.677527 2
11.629114 -1.781225 -21.120627 7
11.141314 -2.209925 -20.378427 6
10.833014 -2.907425 -21.005927 6
10.188014 -3.353225 -21.562227 2
11.119414 -3.477125 -21.938427 3
11.244414 -2.971225 -22.727827 14
10.486714 -2.432125 -22.963627 14
10.066114 -3.261425 -22.772527 2
9.069314 -3.284925 -22.773427 3
8.861014 -2.399725 -22.608027 9
9.141314 -1.537125 -22.638527 9
9.086814 -1.901125 -23.518227 14
9.612314 -1.294625 -24.115427 8
9.506414 -0.503125 -24.619127 8
8.823814 -0.969525 -25.111027 3
9.204614 -0.405925 -25.724427 2
9.031114 0.427375 -25.321427 8
8.803014 1.378775 -25.603627 2
7.886414 1.802375 -25.367627 12
7.343514 2.232775 -24.632627 2
7.373914 3.184775 -24.315027 9
6.838714 3.974575 -24.210327 1
7.282914 3.640875 -23.353827 2
7.281014 2.702475 -23.263427 10
6.441914 3.040375 -23.000027 9
6.358614 2.993075 -22.022727 1
5.554214 3.089075 -21.521627 1
5.770614 2.165675 -21.820627 2
5.448414 1.513675 -21.206027 3
4.984014 0.801275 -20.615727 2
4.962914 -0.088925 -20.429827 2
5.509414 0.377675 -19.789627 1
6.140314 -0.286225 -19.609927 1
6.664214 -0.356725 -18.797827 3
7.568614 -0.754225 -18.489727 2
7.860614 -0.570325 -17.528727 3
8.454114 0.186075 -17.762627 8
9.166414 -0.355425 -17.380527 12
9.934714 0.013175 -17.845827 2
10.235414 -0.906325 -17.950727 2
11.271614 -0.911525 -17.910027 2
11.065214 -1.244925 -18.808627 2
10.640014 -1.932625 -19.485927 6
10.480114 -2.605625 -18.805727 6
11.316214 -2.617325 -19.294027 6
12.017014 -3.289625 -19.214227 6
12.666014 -2.704625 -19.651627 8
13.484114 -3.195925 -19.331627 14
13.509614 -3.348225 -20.301927 3
13.097914 -2.906825 -21.064727 8
13.390014 -2.481525 -21.867427 1
12.642514 -1.994825 -22.169427 1
12.864114 -1.368225 -22.847527 14
13.719214 -0.988625 -23.007627 2
13.220714 -0.148625 -23.207027 1
12.283414 0.078475 -23.020827 4
12.554414 0.811575 -23.706727 12
11.692614 0.916675 -24.027927 8
11.702214 1.148975 -23.121527 3
10.944614 1.123475 -22.598827 14
11.094414 1.210375 -21.653527 3
10.982814 1.414275 -20.732727 2
10.229914 1.243275 -20.148927 2
9.736914 0.900375 -19.380327 2
8.831714 0.589475 -18.955527 1
8.813014 -0.381925 -19.218027 9
9.678814 0.000875 -18.843327 2
10.107314 -0.815825 -19.164527 2
9.216114 -1.289325 -18.814527 3
8.764514 -1.788025 -19.461027 9
9.034214 -1.934625 -20.392927 9
9.922714 -2.161525 -20.669927 6
9.889514 -1.163925 -21.103527 9
10.548814 -1.271825 -20.438927 1
10.935014 -0.422625 -20.495627 2
11.336014 -0.455525 -19.603327 2
11.899214 -1.087125 -20.054527 14
12.067914 -1.559525 -19.258627 2
11.989114 -2.118825 -18.507727 6
12.677014 -2.002925 -17.805127 14
12.721014 -1.071625 -18.039127 2
13.578914 -1.288625 -18.305427 8
14.435014 -1.554625 -18.615327 8
14.809214 -0.710325 -18.391127 1
14.274214 -0.331925 -19.112627 1
13.851314 -0.703825 -19.882827 3
13.167614 -0.289725 -19.345627 8
12.357714 0.177175 -19.465627 2
11.497114 0.452875 -19.133527 2
11.152114 1.219675 -19.636927 2
11.827614 1.665175 -20.190527 2
11.862914 1.767275 -21.139527 3
12.608114 1.504475 -21.675627 3
13.334314 1.191775 -22.153827 10
13.603814 0.241175 -22.040127 8
14.440614 -0.001025 -22.441227 2
14.885714 -0.435225 -21.717527 6
15.235414 -0.575025 -22.759327 3
15.711214 -0.852925 -23.514027 4
15.669214 -1.758225 -23.284827 8
16.078314 -2.667825 -23.634227 3
16.681814 -3.084525 -22.892827 2
16.715014 -2.746625 -21.995727 2
17.585414 -2.625725 -22.512527 14
17.243214 -2.077725 -23.192927 3
17.994914 -1.477725 -23.397327 7
18.493014 -1.137525 -22.589727 14
18.192714 -1.445725 -21.719727 14
18.494514 -2.307525 -21.358627 6
18.131314 -2.669525 -20.616627 3
17.934514 -3.119625 -19.786527 1
18.066114 -3.387725 -18.873427 10
17.199514 -3.076525 -18.583727 3
16.835514 -3.759825 -17.902527 5
17.288714 -3.081325 -17.336527 3
17.054514 -2.796725 -16.425627 2
16.360914 -2.165725 -16.094427 7
17.105214 -1.563725 -16.087827 6
17.049214 -1.844725 -17.053127 3
17.983814 -1.858825 -16.672627 13
18.839714 -1.428525 -16.924227 3
19.090314 -1.052625 -16.073227 2
19.900714 -0.863125 -16.606127 1
19.696314 0.149875 -16.511827 5
19.597914 0.357675 -17.422427 2
19.098414 0.534775 -18.251527 3
19.041314 -0.264325 -18.752627 8
19.096314 -1.209425 -18.735527 9
19.915814 -1.698825 -18.703727 10
19.849014 -2.602725 -19.034427 3
20.666814 -2.994225 -18.660927 1
21.546014 -2.711525 -18.739327 9
22.282714 -2.532325 -18.143727 3
21.832614 -2.400925 -17.330027 3
21.338114 -1.766925 -17.902527 1
21.010414 -1.321025 -17.095927 14
21.731214 -0.844725 -16.510127 8
22.013014 -1.805825 -16.330227 1
22.636614 -2.456325 -16.431327 1
22.980914 -3.255525 -16.925627 9
23.839414 -3.012425 -17.345227 12
23.955214 -3.019625 -18.303827 5
24.469114 -3.775025 -18.753327 3
24.134414 -4.359625 -18.035527 2
24.603014 -4.965825 -17.459127 3
23.962614 -5.618125 -17.318727 9
23.333114 -5.458025 -16.579427 3
22.879514 -5.885125 -15.833427 9
22.314714 -6.355725 -16.447027 2
21.454114 -6.532925 -16.105327 14
21.058014 -6.661625 -15.229427 3
20.773914 -6.433325 -14.322427 10
20.862014 -6.774625 -13.429727 1
20.002614 -6.506825 -13.073627 13
19.343514 -6.915725 -12.535027 4
19.595714 -7.448225 -11.736227 3
18.649114 -7.407125 -11.833927 10
18.310214 -7.335425 -12.823627 6
17.458714 -7.811125 -13.048627 3
17.203914 -8.086725 -13.960727 1
16.830014 -8.090125 -14.952427 10
16.631714 -7.295825 -15.594427 1
15.829714 -6.753725 -15.530227 1
16.008614 -6.714125 -16.464027 7
15.714714 -7.021925 -17.325527 3
16.158414 -6.203925 -17.561827 2
15.166714 -6.142825 -17.550527 8
14.262414 -5.793625 -17.281427 3
14.022514 -5.986725 -18.186527 2
13.207314 -6.118525 -18.671527 1
12.591814 -5.612925 -19.233227 3
12.504714 -4.954225 -18.525427 13
11.614514 -4.873825 -18.211027 3
11.043814 -4.114225 -18.448827 6
10.965014 -3.563125 -19.255227 6
10.499014 -3.990325 -19.985527 6
11.163814 -4.334725 -20.523827 9
11.947014 -4.938025 -20.433427 3
11.946914 -4.293425 -19.720527 6
11.599414 -5.061125 -19.241727 8
11.040814 -5.795225 -18.737527 9
9.991514 -6.057825 -18.717527 4
10.081914 -6.473925 -19.574127 3
10.222514 -7.274825 -19.055127 9
9.725814 -8.026425 -19.014727 12
9.196314 -7.965825 -19.856027 3
8.772114 -8.782725 -19.969427 14
8.141014 -9.018625 -20.648427 5
8.020514 -9.939725 -20.647827 3
8.857714 -10.314625 -21.002327 9
8.662214 -10.962425 -20.372427 3
8.709014 -11.146525 -19.445927 10
9.598814 -11.055825 -19.078127 5
10.169714 -10.473625 -18.607227 9
10.753014 -10.311925 -19.454327 8
10.959314 -9.681325 -20.120027 14
11.658714 -9.448225 -19.525827 5
11.703714 -8.529725 -19.606527 10
12.503114 -8.988825 -19.200027 5
13.030414 -9.281725 -18.409227 3
13.276114 -9.693725 -19.298427 1
13.077414 -9.178625 -20.130527 3
13.671214 -8.480925 -20.325327 9
14.517914 -8.765725 -20.860427 3
14.229714 -7.973025 -21.456627 9
13.628014 -8.704125 -21.707427 3
12.963914 -8.206525 -22.262527 1
12.170914 -7.832825 -21.640327 1
11.691414 -7.288925 -20.947827 4
10.995614 -7.544125 -21.489527 1
11.117314 -6.701325 -21.893627 3
11.368914 -5.945825 -22.444127 1
11.235114 -5.040125 -21.881027 4
10.450614 -5.203025 -22.478427 1
9.753014 -5.264125 -23.132827 1
8.951314 -5.537525 -22.680227 11
9.317214 -4.678825 -22.288627 3
8.860314 -4.711225 -21.454527 3
8.282814 -5.523525 -21.278327 3
9.154314 -5.722125 -21.671227 10
9.346214 -5.526125 -20.740927 3
9.493914 -5.150625 -19.908727 3
9.966614 -4.680925 -19.163527 6
9.135014 -4.927325 -18.577727 15
9.194714 -4.091425 -18.089327 6
8.889614 -3.402625 -17.346527 3
8.278614 -3.159525 -16.641827 6
7.439714 -3.559825 -16.449827 13
7.354914 -2.650725 -16.175027 13
7.633114 -2.352125 -17.035827 6
8.222514 -2.043125 -17.719027 5
7.755614 -2.838725 -18.069927 12
7.234614 -2.841225 -18.940127 1
6.948814 -2.468025 -19.812627 9
6.201214 -2.817725 -20.301927 5
6.167014 -3.398225 -21.061827 3
6.417114 -3.791025 -21.863927 3
6.606214 -2.809825 -21.751427 3
7.164014 -2.282625 -22.278527 9
7.385914 -1.432825 -22.777127 4
7.418414 -0.673225 -22.163327 9
8.205014 -0.244225 -22.522027 3
8.500914 0.505875 -23.151427 8
7.730414 0.095475 -23.476127 4
8.291914 -0.147025 -24.237627 8
7.402214 -0.505425 -24.244627 3
6.540914 -0.087525 -24.332827 1
5.945814 -0.750325 -23.862027 1
5.011114 -0.708325 -24.217027 10
4.293214 -1.415525 -24.066827 5
3.518214 -1.401225 -24.677827 1
3.420114 -2.294025 -24.456127 1
3.762314 -2.990325 -25.034127 3
3.657414 -2.191725 -25.556327 3
4.175614 -2.623925 -26.358927 6
4.591214 -2.776425 -25.490227 6
4.889314 -2.091225 -24.860227 5
5.723214 -2.096625 -24.334227 5
6.490514 -1.657225 -24.100827 2
6.995914 -2.422625 -23.642027 3
7.987014 -2.503425 -23.491727 10
8.088914 -3.305325 -22.957927 3
7.904414 -3.057125 -22.039927 3
7.968114 -2.388725 -21.351827 9
7.108114 -2.309325 -20.964327 3
7.259514 -1.360325 -21.337927 9
6.450114 -1.571125 -21.782427 13
5.870814 -2.214325 -21.392327 3
4.979614 -1.824425 -21.306427 13
4.486214 -2.546325 -21.576427 3
3.824014 -2.070425 -21.114527 9
3.435514 -2.221625 -22.112827 14
3.012114 -2.440925 -22.923427 9
2.268714 -2.275425 -23.430827 3
1.700814 -1.611625 -23.766227 9
1.017314 -1.285225 -23.157227 6
0.188514 -0.924425 -23.416227 3
0.463914 -0.073425 -23.104327 6
1.407214 -0.006225 -23.407427 8
2.031914 0.276175 -22.633427 3
2.414014 -0.359625 -23.170527 1
3.308314 -0.677825 -23.238227 4
3.682814 0.105675 -23.794027 9
2.823814 0.454275 -24.015827 4
2.230514 1.154275 -24.409227 1
1.495314 0.646875 -24.625827 1
1.000214 1.413275 -24.895427 9
1.158714 1.319475 -23.942627 1
0.970214 2.154875 -23.477927 1
1.386614 2.797075 -22.868227 3
1.989014 3.048875 -23.540527 3
2.300314 3.400675 -22.625127 5
3.041414 3.194875 -22.113027 1
4.015214 2.988675 -22.087127 11
4.183814 2.202075 -21.443127 3
3.528014 1.605575 -21.898527 6
3.809514 0.732675 -21.920927 9
4.282314 0.062575 -22.438727 10
5.100814 0.232675 -21.947027 3
4.997214 -0.627325 -22.347427 8
5.538614 -1.453925 -22.276427 5
4.955014 -1.596025 -23.007127 5
5.062014 -2.343325 -22.437927 3
5.842214 -2.361325 -23.015127 5
5.897714 -3.311225 -22.876527 3
6.100114 -3.530825 -23.808827 10
7.096214 -3.712425 -23.742427 3
6.953214 -3.491125 -24.648627 1
7.349814 -4.255425 -25.042627 15
7.525114 -4.646425 -25.983127 8
7.988914 -4.960425 -26.744327 4
8.664814 -4.911825 -26.082327 14
9.414214 -4.598825 -25.529727 12
9.205014 -4.015825 -24.789127 3
8.805314 -3.777825 -23.878427 9
8.696214 -4.303125 -23.117827 3
8.048514 -4.886425 -23.459927 1
7.606314 -4.184925 -22.949127 3
7.251714 -4.333125 -22.043127 3
7.831914 -4.450725 -21.308427 3
8.372114 -3.738725 -20.990827 3
8.784214 -2.852625 -20.996527 9
9.599614 -3.196225 -20.630127 6
9.578514 -4.150925 -20.472827 4
9.574614 -3.805425 -19.629527 6
9.445914 -2.837925 -19.398527 6
8.519814 -3.010625 -19.516427 9
8.541914 -3.869725 -19.919127 3
7.743114 -4.229425 -19.505027 5
7.569114 -4.158125 -20.393827 3
6.788014 -3.652225 -20.236327 3
6.437114 -3.780125 -19.383227 6
6.277514 -3.837925 -18.433527 9
5.677414 -3.609325 -17.598027 6
6.566514 -3.926625 -17.332227 13
5.978714 -4.665825 -17.539327 1
5.234614 -4.878925 -18.158327 9
4.906914 -4.995025 -17.266427 1
5.222914 -5.479825 -16.505727 3
4.840214 -6.091325 -17.089227 9
4.167714 -6.407725 -16.413027 1
4.457014 -7.143125 -15.856227 1
5.010414 -7.576925 -15.170027 5
5.567314 -6.951825 -14.715027 3
6.077314 -6.233125 -14.251627 5
5.616914 -5.398625 -14.249827 3
6.330114 -5.003025 -14.717027 10
7.026514 -4.460625 -15.174727 13
7.743214 -4.337625 -14.533627 3
8.621614 -4.340525 -14.184127 1
8.407914 -4.071725 -13.222427 3
8.094514 -4.741725 -12.628927 8
8.624914 -5.569825 -12.665127 6
9.545514 -5.731325 -12.595627 3
9.474114 -6.133625 -13.473027 5
9.989314 -6.444025 -14.225027 6
9.753814 -7.367225 -14.473527 4
8.969014 -7.744625 -14.892327 4
9.275014 -7.298525 -15.712127 9
8.422714 -6.868125 -15.509027 3
7.906714 -6.206825 -15.937827 8
7.584314 -6.757225 -16.689227 3
8.228714 -6.486725 -17.341227 15
8.058014 -5.587925 -16.988527 3
7.145214 -5.415525 -17.398727 8
6.508014 -5.759525 -18.110127 5
5.856914 -5.563725 -18.864727 9
4.982414 -5.354625 -19.141927 9
4.185714 -5.247725 -18.617227 9
4.192014 -4.332825 -18.300227 1
4.586914 -4.320625 -19.144127 9
4.880414 -4.665725 -19.952027 9
5.103914 -4.053125 -20.660627 4
5.589614 -4.211425 -21.450527 3
5.503614 -4.160125 -22.413027 3
5.287714 -4.197225 -23.325327 13
5.918014 -4.601825 -23.968927 13
6.696814 -5.285025 -23.856927 14
6.269214 -5.398825 -23.021627 3
7.221314 -5.163825 -22.727427 3
7.461614 -5.925825 -23.393627 1
6.654114 -6.383025 -23.223227 3
6.224014 -6.478725 -24.101827 6
6.129514 -7.471825 -24.055227 10
5.099114 -7.662325 -24.026327 3
4.293214 -8.198925 -23.687027 10
4.983714 -8.284725 -23.069427 6
5.819214 -8.562725 -23.516327 15
5.887014 -7.741325 -23.006427 6
6.146914 -6.994325 -22.379427 3
6.533514 -7.901025 -22.185227 6
7.348114 -7.587125 -22.606627 1
7.261614 -6.869925 -21.943527 3
6.520014 -6.819725 -21.364527 3
6.265314 -7.492925 -20.637627 1
6.379714 -8.405725 -20.291927 5
5.524814 -8.523525 -19.989627 3
5.285914 -8.037425 -20.796527 6
4.431614 -8.574125 -20.992427 9
3.901914 -9.216525 -21.391327 5
4.087914 -9.845725 -20.684827 3
3.423014 -10.229125 -21.363227 5
2.757414 -10.990025 -21.401227 8
2.792514 -10.812025 -22.359027 6
2.645114 -11.056125 -23.291027 3
2.439314 -10.251025 -23.829327 3
2.612014 -10.163825 -24.796127 9
2.234214 -9.400225 -24.446027 10
2.596014 -8.653625 -23.875327 13
1.873914 -8.214725 -23.444827 11
2.385314 -7.344325 -23.436227 3
3.281414 -6.968925 -23.614927 1
3.789714 -7.105525 -22.813227 1
4.556514 -6.597425 -23.093627 4
4.322814 -5.715525 -22.676627 1
3.701214 -4.939525 -22.697227 4
3.777714 -5.308225 -21.722327 3
3.878314 -5.527025 -20.792627 9
3.698114 -6.263925 -20.163327 9
3.259714 -7.096625 -20.240727 1
4.007214 -7.749125 -20.225727 1
3.836914 -8.694125 -19.873527 3
3.838914 -7.999525 -19.250927 8
4.273414 -8.836825 -18.876427 3
5.211214 -8.885525 -18.874427 3
5.750814 -8.076325 -18.824627 5
5.664714 -7.525625 -18.060727 6
5.770414 -6.754425 -18.575427 9
6.686114 -6.582425 -18.797827 15
6.695414 -7.439325 -19.278227 5
6.350614 -6.788125 -19.975827 9
6.908614 -6.074325 -20.061727 3
7.742114 -6.564125 -19.802127 6
8.246014 -5.961125 -20.304527 3
7.935114 -5.401225 -19.564727 3
7.173614 -5.005225 -19.209427 10
6.529014 -4.927125 -19.911927 3
5.696014 -5.306925 -19.974527 9
5.441114 -5.112425 -20.904327 3
4.726514 -5.772825 -21.293027 9
5.480914 -5.700325 -21.830627 3
5.372114 -5.172325 -22.606227 3
5.296014 -5.419125 -23.540927 6
4.527214 -5.239125 -24.146727 1
4.668514 -5.626325 -25.076127 10
3.904514 -6.168025 -25.117727 6
3.163914 -5.534025 -24.988227 13
3.765314 -4.836425 -24.739627 3
4.122614 -4.418625 -25.578827 6
4.549314 -3.751325 -26.122227 1
5.418114 -3.987325 -25.805627 3
5.769414 -4.413625 -25.061827 13
5.447814 -3.542125 -24.744627 3
4.547114 -3.236025 -24.492427 5
4.063714 -3.426225 -23.680827 5
3.395414 -3.864925 -23.055827 4
3.859414 -3.138525 -22.479127 8
4.527414 -3.867825 -22.312527 3
4.538614 -3.662025 -21.419227 3
3.639014 -3.420225 -21.462627 4
3.779414 -4.320525 -21.061327 3
3.372814 -4.436025 -20.220327 9
2.478114 -4.809425 -20.397127 14
2.540714 -3.814525 -20.747427 11
1.613514 -4.152725 -20.966727 3
1.244414 -4.857125 -21.459527 12
2.054814 -4.894325 -21.911027 6
1.640914 -5.734025 -22.096927 4
2.391514 -6.015925 -21.476727 13
2.696914 -6.924225 -21.583527 3
3.670414 -6.774125 -21.570927 1
4.509014 -7.184625 -21.958627 6
5.365314 -7.029725 -21.468727 6
5.048514 -6.766325 -20.583827 9
5.770414 -6.162725 -20.650527 9
6.464514 -5.623625 -21.138427 3
7.265914 -5.228225 -21.663627 3
7.710914 -5.959725 -22.173627 3
8.503414 -6.507925 -22.181627 10
8.451314 -7.456025 -22.443727 1
8.830814 -8.345825 -22.862527 4
8.926614 -9.135125 -22.386427 1
9.363114 -8.607625 -21.653027 1
9.334614 -8.080925 -20.843527 6
9.017514 -7.250625 -21.290727 9
8.074014 -7.036625 -21.283327 3
7.510014 -7.166325 -20.550927 3
7.114814 -7.896325 -21.046427 8
7.249814 -8.123125 -19.972027 5
7.752814 -7.780425 -19.211727 1
7.664414 -8.761125 -18.921627 5
7.863914 -9.549125 -18.464627 8
7.638914 -8.859825 -17.845827 15
6.737514 -8.826525 -18.097627 5
6.454814 -8.324325 -17.359127 13
5.692414 -8.978425 -17.071127 1
6.323614 -9.617525 -17.439127 9
5.534514 -9.497525 -18.048827 3
4.818314 -9.911525 -17.631227 3
5.096714 -10.749125 -17.191527 10
4.709914 -10.782625 -18.103227 3
4.058614 -11.461425 -18.198727 9
3.937714 -10.689425 -18.754727 3
3.600714 -10.506825 -17.871427 6
3.910714 -9.595125 -17.962527 3
3.927214 -9.143425 -17.134827 9
3.841114 -9.898125 -16.574227 13
2.947814 -10.178825 -16.151327 11
3.175114 -11.127025 -16.513527 13
3.758414 -11.846325 -16.382927 3
4.444814 -11.429325 -16.954327 9
5.282314 -11.922325 -17.003427 10
5.358814 -12.194425 -17.949227 13
5.717314 -11.781325 -18.711927 3
6.244014 -11.192625 -18.149627 9
6.627914 -10.545625 -18.724827 6
5.641114 -10.479125 -18.634127 3
5.446414 -10.225825 -19.568427 3
6.121814 -9.505525 -19.634027 5
5.681714 -9.441225 -20.556427 3
5.507214 -8.974225 -21.336927 6
4.825114 -9.004725 -22.022127 6
4.303514 -9.747825 -22.351627 8
4.421514 -10.734925 -22.490127 15
4.453514 -10.709225 -21.510127 3
5.173214 -10.254025 -21.860527 4
5.925714 -9.912425 -22.402327 6
6.617714 -9.403225 -21.915227 6
6.836814 -9.079925 -21.005427 5
6.880814 -10.056225 -20.615527 5
6.089314 -10.605525 -20.920027 3
6.948814 -11.004325 -21.020427 1
7.423614 -11.124825 -21.840827 1
6.905114 -11.889325 -21.590727 1
6.474314 -12.454725 -21.018827 10
5.950714 -11.731025 -20.641927 1
5.505514 -11.254625 -20.040527 3
4.545714 -11.290325 -20.224827 3
3.793214 -11.818125 -19.840827 4
3.561014 -11.210925 -20.574427 1
3.378914 -10.830125 -19.672027 10
4.216514 -10.299225 -19.681027 3
3.706014 -9.579225 -19.330927 3
2.974614 -9.459825 -18.730227 1
2.015114 -9.483325 -18.504427 1
1.667814 -8.650425 -18.638427 4
2.391614 -7.981625 -18.762527 12
2.220414 -7.175025 -19.260527 5
2.765014 -6.871925 -18.494427 6
3.676514 -6.795825 -18.759827 11
4.342614 -6.210925 -19.219027 9
4.826414 -6.963625 -18.875927 9
4.582214 -7.817225 -18.430227 3
4.405614 -7.023025 -17.834127 9
3.535214 -7.182725 -17.427727 14
3.827614 -8.131225 -17.448227 3
4.581814 -8.341525 -16.781727 3
4.881214 -8.580425 -15.829127 10
3.947014 -8.501025 -15.650027 5
3.030314 -8.584425 -15.328827 4
3.440914 -8.520325 -14.479427 10
3.342714 -7.795825 -13.917427 13
2.584714 -7.133825 -13.842127 10
1.942114 -6.508725 -14.115227 4
1.780614 -5.943125 -14.841527 8
1.078914 -5.960425 -14.236427 1
0.517014 -5.171825 -13.933427 3
0.683914 -4.940725 -12.975327 4
-0.073086 -4.345725 -12.746127 13
-0.207386 -3.909925 -13.688927 10
-0.771086 -3.515225 -14.352627 6
-1.676686 -3.514425 -13.787427 9
-1.736286 -2.928625 -12.995127 10
-1.415386 -2.030225 -13.160027 13
-0.870586 -2.568925 -13.709327 6
0.034514 -2.123125 -13.649527 4
-0.037986 -2.072325 -12.699927 13
0.796114 -2.482925 -12.651427 1
0.875214 -1.847925 -11.939427 3
1.064614 -0.920625 -12.110427 5
1.981214 -1.008925 -11.829727 1
1.861214 -0.262225 -11.217927 13
1.692514 0.500175 -11.743327 5
1.547014 1.167175 -12.431327 10
1.732814 1.936275 -11.936527 4
1.529214 2.326675 -11.046227 3
1.304414 3.280375 -11.207227 4
2.117614 3.827175 -10.787427 6
2.402614 3.275575 -11.553827 4
2.951914 4.167375 -11.471727 13
3.493814 3.350575 -11.665927 3
3.593814 3.450675 -12.628627 10
2.860214 3.959775 -12.493327 6
2.130414 3.651175 -12.982827 4
2.417014 2.747375 -12.991427 4
2.686114 2.158775 -12.229727 10
3.386114 1.406175 -12.236427 10
2.593814 1.179375 -11.648427 4
1.884114 1.146675 -10.867627 8
2.005314 0.506575 -10.079427 11
2.970814 0.142375 -10.255627 9
2.730014 -0.791925 -9.990627 10
1.847814 -0.708825 -9.632427 11
1.054514 -0.702725 -9.055127 11
0.850914 -1.611925 -9.346827 4
0.166114 -0.903825 -9.365527 10
-0.213986 -0.767825 -10.243727 3
0.291014 -0.862125 -11.006427 10
-0.079186 -0.679525 -11.848527 5
-0.367886 -0.016125 -12.416527 5
-0.703486 -0.309425 -13.247227 13
-0.760886 -1.178425 -13.745527 13
-0.359886 -1.294325 -14.635027 6
-0.068086 -0.588525 -15.173027 6
-0.104086 -0.221725 -16.033227 1
-1.037786 -0.167825 -15.913727 1
-0.719086 0.543375 -15.312027 1
-1.588686 0.537675 -14.892927 13
-1.874986 1.308375 -15.556827 10
-1.779086 1.173675 -16.504827 4
-0.872686 1.111275 -16.218727 8
-0.074086 0.969275 -16.735227 1
0.062514 1.942275 -16.427727 3
-0.361186 2.599475 -17.012527 9
-1.085486 3.043075 -16.661827 1
-0.518786 3.844775 -16.729127 13
-0.324286 3.685575 -15.728827 4
-1.044986 3.295175 -15.301427 15
-0.843286 2.806375 -14.373427 10
-0.112486 3.424875 -14.201927 4
0.756514 3.730275 -14.036727 4
0.784714 2.925575 -14.525427 4
0.577314 2.138175 -15.073227 12
1.029214 2.502275 -15.797927 9
1.783614 3.106675 -15.857927 6
1.143314 3.798175 -16.153427 13
0.993514 4.628775 -15.778327 4
1.288514 5.031875 -16.590727 1
1.028814 4.506275 -17.318327 2
0.870214 4.507275 -18.289627 4
-0.033086 4.126075 -18.466227 10
-0.944786 4.492675 -18.597927 3
-1.000886 5.346275 -19.032527 11
-1.806286 6.099075 -19.039027 13
-2.028986 5.142775 -19.222027 5
-2.945686 5.359075 -19.408427 4
-3.255786 6.259775 -19.243827 10
-4.177286 6.242675 -19.034527 15
-3.728286 6.440775 -18.243527 3
-3.625486 6.444175 -17.295427 13
-3.258786 5.601775 -17.418827 1
-3.269386 5.415175 -18.406027 1
-3.740086 4.504575 -18.407727 10
-4.245086 4.139575 -17.669927 6
-5.256886 4.132375 -17.617827 10
-5.037286 3.249275 -17.201727 1
-5.776486 2.848675 -16.627127 1
-6.630286 2.543375 -16.240527 3
-6.471386 3.080975 -15.414027 1
-5.807586 3.437875 -14.841927 10
-6.598286 3.332475 -14.395127 4
-7.215486 3.405075 -13.618027 9
-8.175786 3.474575 -13.369927 6
-7.625786 2.617975 -13.170127 4
-6.743486 2.534075 -12.664427 1
-6.379286 2.993975 -11.891027 10
-6.591486 3.841975 -11.455827 10
-5.635186 3.632575 -11.474727 11
-5.034186 3.278175 -12.139627 13
-4.691286 2.362275 -12.264927 8
-4.608386 1.411175 -12.457727 5
-3.663786 1.120675 -12.346727 10
-3.624486 0.617675 -13.222527 4
-3.345186 -0.327225 -13.398627 1
-2.390686 -0.378225 -13.626427 13
-1.614086 0.194775 -13.166827 13
-2.297086 0.732175 -12.787727 8
-1.497986 1.191475 -12.582927 5
-1.713786 1.181675 -13.507327 4
-2.509886 1.394675 -14.153527 3
-2.972186 0.903875 -14.857427 4
-3.576986 0.139675 -14.781427 10
-3.202286 -0.694325 -15.163127 5
-2.335686 -0.607425 -14.757527 13
-2.111886 -1.172325 -15.476327 4
-2.127086 -0.892125 -16.413127 3
-1.701086 -1.517625 -16.993327 9
-0.804086 -1.176425 -16.952127 4
-0.583386 -1.974325 -17.537527 15
0.286914 -2.497225 -17.358027 11
0.692514 -2.076625 -16.495427 6
1.288314 -2.151525 -15.763527 6
2.076414 -1.680825 -16.082327 11
2.717114 -1.976125 -15.429027 4
2.767514 -2.731425 -16.041027 1
3.394314 -2.874525 -15.321727 4
4.179914 -3.321725 -15.597127 5
4.939814 -3.358625 -16.191827 9
5.959314 -3.224525 -16.233827 13
5.760614 -3.905525 -15.557527 13
5.740214 -4.005325 -14.603127 10
5.122714 -3.907625 -13.862227 10
4.391714 -4.162625 -13.388427 13
3.759914 -4.798525 -13.589827 12
3.924414 -4.778425 -12.702927 1
3.683814 -4.440225 -11.773627 3
2.752914 -4.704325 -11.713327 6
1.828114 -4.431925 -11.718427 8
1.884914 -4.335425 -12.790127 10
1.728914 -3.789525 -13.624427 4
1.586714 -2.834825 -13.547527 1
1.848014 -2.164025 -14.207427 4
2.240314 -1.376225 -13.785027 10
2.331414 -1.980025 -13.021227 1
3.191914 -2.269925 -13.333527 4
3.415914 -3.171125 -13.125427 10
3.687014 -2.579825 -12.335727 15
4.595814 -2.611625 -12.655527 3
4.822414 -2.823225 -13.543727 3
4.047514 -2.509125 -14.014027 4
4.119014 -3.372325 -14.418827 1
3.180714 -3.463025 -14.131127 4
2.443214 -3.997725 -14.425027 1
1.792014 -3.673125 -15.085327 1
0.992114 -3.334725 -15.493427 1
0.531514 -2.582825 -15.203627 6
0.517414 -1.896425 -14.514627 6
0.577914 -1.084925 -14.016327 5
1.305214 -0.784825 -14.594527 10
2.181614 -1.060125 -15.091627 1
2.960914 -1.165925 -14.545427 4
3.134414 -0.238825 -14.539827 10
3.968614 -0.769425 -14.704427 4
4.627214 -0.476025 -15.390227 11
5.296114 -0.292225 -16.016827 11
5.727414 -0.799725 -16.735327 9
6.082514 -1.084325 -17.591527 3
6.485414 -1.788125 -17.133227 13
5.697514 -2.348825 -16.994327 13
5.192514 -1.545925 -17.212027 10
4.507814 -1.112425 -16.768627 8
4.108714 -1.186325 -15.840327 4
4.053914 -2.044225 -16.294127 10
3.737114 -2.476825 -17.056527 8
3.496114 -3.369225 -17.442127 4
2.695714 -3.451025 -16.843027 3
2.015014 -4.108625 -16.616427 12
1.224414 -3.692725 -16.956627 4
0.252814 -3.674025 -16.710727 10
-0.243186 -3.906925 -15.855827 10
-0.810186 -3.154425 -16.151327 13
-0.503886 -2.315825 -15.878727 6
-0.884286 -1.499525 -15.495427 6
-1.591986 -1.985325 -14.945527 4
-1.696186 -1.418525 -14.182927 13
-2.386386 -1.781325 -13.501127 1
-2.380986 -2.204625 -14.377527 10
-3.645286 -2.502525 -14.544027 1
-3.861086 -3.324725 -14.110127 5
-4.547086 -3.773825 -13.573327 13
-5.105386 -3.306925 -12.922127 4
-4.261586 -2.755825 -13.210127 1
-3.688286 -2.673025 -12.446127 13
-4.376686 -2.814425 -11.793327 9
-5.086486 -2.890225 -11.117527 3
-4.923586 -3.390025 -10.312527 4
-4.250086 -3.553025 -11.011727 1
-4.005086 -3.748425 -11.913827 4
-3.071786 -3.908525 -11.824227 13
-3.384686 -4.854725 -12.011427 10
-3.713486 -5.528025 -11.436627 11
-3.410186 -5.517125 -10.515327 10
-2.529086 -5.624525 -10.913227 6
-1.984886 -6.185725 -10.242227 10
-1.161286 -5.572625 -10.375927 9
-1.149586 -5.037825 -9.594527 4
-0.629286 -4.472525 -10.226127 3
-0.052086 -3.858025 -9.782427 4
-0.173786 -2.975525 -9.350927 10
-0.837586 -2.700525 -10.020227 9
-1.184686 -1.950425 -10.547727 6
-1.475186 -1.972725 -11.479227 4
-1.879886 -1.647825 -12.286327 13
-2.328886 -0.878425 -12.004727 15
-1.488286 -0.506825 -12.157627 13
-1.877386 0.353675 -11.871927 7
-1.973486 1.296875 -11.623627 1
-1.080986 1.125775 -11.383827 5
-0.436386 1.452375 -10.706327 4
0.144614 0.901875 -11.180727 5
0.798614 1.638775 -11.057527 8
0.645114 1.354475 -11.978627 5
0.746114 2.192575 -12.420127 4
1.401014 2.184275 -13.101727 4
1.507114 1.414875 -13.604527 3
2.223014 0.962275 -14.066427 10
2.295214 0.445675 -14.835027 10
1.962914 0.235775 -15.674527 13
1.140514 0.667575 -15.640027 9
1.733714 1.411375 -15.809527 6
1.786514 2.052775 -15.117927 1
2.205614 2.084575 -14.300527 4
3.003714 1.969875 -13.813727 10
3.654314 1.312875 -13.459827 10
4.280114 0.941975 -12.880227 3
4.912914 0.239575 -13.070527 1
4.593314 -0.738225 -13.488527 4
5.190214 -1.355225 -12.959227 1
5.857414 -1.003225 -12.349227 1
5.870814 -1.424625 -11.430627 6
5.940214 -2.350225 -11.454627 10
5.707414 -3.210925 -11.709827 12
6.306514 -3.181325 -12.509327 1
6.644514 -2.443825 -12.989427 4
6.295214 -2.778625 -13.801427 14
6.001914 -1.900025 -13.620927 10
6.740814 -1.797025 -14.225527 3
6.706214 -2.323125 -15.026827 13
5.872614 -2.698625 -15.201327 13
5.255214 -2.285225 -14.627927 10
4.747314 -1.465625 -14.445627 4
4.796514 -1.881225 -15.328527 10
5.557114 -1.516125 -15.762227 13
5.930114 -1.035325 -14.982527 4
6.161814 -0.146725 -14.776227 11
6.859014 0.501275 -14.834527 8
6.574614 1.054475 -14.140227 13
5.637714 0.888075 -14.217527 11
5.531314 1.610075 -13.479927 4
4.611714 1.903375 -13.298327 10
5.214514 2.315375 -12.662427 4
4.412014 2.793275 -12.451027 5
4.309414 2.976875 -13.397627 10
3.415514 2.997375 -13.713927 10
2.818514 3.796675 -13.652127 4
2.882614 4.683875 -14.179627 9
2.635614 5.146375 -13.325127 6
1.720414 4.917775 -12.933327 4
1.572314 5.822175 -12.564127 6
1.088814 6.647775 -12.540827 9
0.510414 7.331875 -13.004427 15
0.422514 7.603175 -13.973627 5
0.782614 8.508275 -13.900427 13
1.514314 9.021675 -13.583127 4
1.842214 8.134275 -13.520227 13
2.462214 8.594275 -14.082627 4
1.920614 8.854375 -14.962827 1
1.645414 9.639975 -15.367727 1
2.615314 9.704275 -15.287527 13
3.367114 9.165275 -15.043027 1
3.108714 8.780575 -15.845627 4
3.283314 7.923875 -15.401627 3
3.015114 7.006175 -15.421427 1
3.819414 6.439175 -15.657927 7
4.779614 6.869075 -15.855727 8
5.412314 7.388975 -15.238727 10
5.976514 6.606975 -15.129927 10
5.541414 5.845775 -14.663727 5
4.877414 6.475475 -14.412127 10
4.471114 5.777375 -14.986027 4
3.753414 5.351175 -15.545327 13
3.763514 4.982875 -14.601927 4
4.338914 4.885275 -13.772527 6
4.928214 4.194975 -13.594527 11
5.721014 3.869675 -14.046727 3
5.371714 3.066975 -14.512227 14
4.489514 3.069575 -14.859527 10
5.159414 2.919375 -15.524427 4
4.392814 2.564375 -15.966827 12
3.604414 2.563375 -16.583727 13
3.138714 1.776475 -16.296327 4
3.132114 0.837875 -16.581227 6
3.437914 0.854975 -15.688727 10
4.180614 0.509075 -15.087127 11
4.288914 1.072575 -14.341427 10
3.938014 0.268675 -13.866027 3
3.008614 0.415175 -13.636927 10
3.555314 -0.023725 -12.948527 1
3.059014 -0.838225 -13.050527 4
2.165314 -0.482625 -12.896027 10
1.272314 -0.204625 -12.787727 5
1.855514 0.455775 -13.181827 10
1.034014 0.336875 -13.706327 1
0.315714 0.556075 -12.977027 5
0.320714 1.518675 -13.060927 9
-0.256386 2.005075 -13.576027 4
-0.444286 2.154875 -12.658427 5
-0.620386 3.054375 -12.963627 4
-1.407086 2.642075 -13.266827 15
-1.540686 3.431275 -13.796827 10
-0.923386 4.196075 -13.680327 6
-1.036486 5.209175 -13.811527 13
-0.177186 5.016675 -13.426627 4
-0.122586 4.490475 -14.211627 4
-0.370186 4.768475 -15.085427 9
0.444414 5.140975 -14.755327 4
-0.160586 5.893475 -14.912727 13
-0.146486 6.681175 -15.413127 1
-0.658386 6.899575 -14.637327 15
-1.456086 7.138875 -13.932827 9
-1.544286 6.304475 -13.454827 1
-0.931886 6.265275 -12.694627 13
-0.733286 6.467175 -11.720127 10
-0.679686 5.500175 -11.655027 13
0.062514 5.242475 -12.223527 10
0.726014 4.578275 -12.674227 4
1.073014 3.785375 -13.109527 4
0.579914 3.457875 -12.353427 4
0.100914 2.954175 -11.793227 5
-0.359286 3.713775 -11.353327 13
-0.136586 4.113775 -12.121627 8
-0.948786 4.380775 -12.573427 4
-1.337786 4.567075 -11.729827 8
-2.109686 3.953775 -11.475827 10
-2.022086 3.056975 -11.050727 11
-1.302386 2.440775 -11.158427 10
-0.673386 2.872375 -10.627027 7
-0.203786 3.558975 -10.135027 3
0.311414 2.747275 -10.201027 6
0.817514 2.069975 -9.677827 1
1.035314 1.203875 -9.165427 10
0.110414 1.541175 -8.830027 12
-0.670486 1.856075 -8.431127 13
-0.892786 2.575275 -7.830727 1
-0.884786 1.688675 -7.354127 10
-0.212486 1.027975 -7.662527 10
0.533214 0.843975 -7.065727 1
-0.112086 0.256775 -6.657327 6
-0.461786 -0.639425 -6.473127 10
0.511014 -0.640225 -6.718427 1
-0.006986 -1.430525 -7.227427 1
0.110614 -2.417425 -7.388827 4
1.014814 -2.764725 -7.274627 6
1.021614 -3.337825 -6.528027 4
0.342014 -3.930525 -6.728627 13
-0.526886 -3.549925 -6.584427 15
-0.612786 -3.846325 -7.472727 15
-0.920786 -2.946325 -7.439627 4
-0.963686 -2.386425 -8.223227 13
-0.859886 -1.699925 -7.614827 10
-0.967086 -1.099325 -8.345927 10
-0.960586 -0.097625 -8.379327 10
-0.958286 0.287975 -9.233127 4
-0.932086 0.175775 -10.167027 5
-1.332786 -0.622225 -10.639327 5
-2.228486 -0.294425 -10.448127 4
-2.185786 -0.517425 -9.510527 14
-2.052286 -0.805525 -8.612727 3
-3.049686 -1.023125 -8.602527 13
-3.273786 -1.170125 -7.745927 1
-2.881586 -0.916225 -6.845527 1
-2.264286 -1.299525 -7.552227 3
-1.645486 -1.480425 -6.763727 10
-1.632586 -0.702625 -6.168927 4
-1.740486 0.019475 -6.743627 10
-2.084986 0.429675 -7.525827 13
-2.345486 1.308075 -7.818427 10
-2.499786 2.028575 -7.234727 4
-2.209086 2.660475 -7.909727 6
-1.667486 3.387275 -7.626427 4
-1.987886 4.290775 -7.760327 9
-1.419786 4.732875 -7.064327 11
-2.243086 5.325475 -7.525627 7
-3.217886 5.456675 -7.522727 4
-2.837186 6.380075 -7.414427 7
-3.242986 6.363275 -6.544627 13
-2.938786 7.299775 -6.840627 10
-2.007386 7.280575 -6.426727 10
-2.178086 6.555475 -5.815827 9
-1.174286 6.751275 -5.793427 11
-0.473786 7.143575 -5.220527 6
-0.024086 7.874275 -4.746127 4
0.486214 7.269075 -4.312327 9
1.204114 7.843975 -4.519927 10
2.100014 7.366875 -4.643427 13
2.601414 7.294575 -5.452827 5
2.267214 6.683775 -6.172127 8
2.790214 6.129275 -5.522327 4
3.035814 5.284675 -5.063927 8
3.189614 4.473175 -4.669227 4
2.591114 4.259575 -3.959527 10
1.782614 4.244675 -4.496227 4
1.358714 4.519675 -5.328427 1
0.654014 4.239375 -5.918127 1
-0.014386 4.702575 -6.438727 1
0.421114 4.311075 -7.204727 13
0.555514 4.784875 -8.008027 3
1.531714 4.531975 -8.150627 10
1.691914 4.424675 -9.090527 5
0.903214 5.040475 -9.250627 10
1.625214 5.598075 -9.658827 1
2.436814 5.124975 -10.064527 5
2.635914 5.336175 -11.049627 1
2.367214 4.896275 -11.915027 4
3.255914 5.135475 -12.135927 6
3.584314 6.085575 -12.013427 6
4.115514 6.703175 -11.451627 13
5.093314 6.514175 -11.623927 10
5.472814 6.968875 -10.863627 13
4.941914 7.361275 -10.121627 13
4.557914 8.219475 -10.165527 13
3.644814 8.223675 -9.882927 4
4.339714 8.404575 -9.152927 6
4.351314 8.845675 -8.285527 10
5.026814 9.139575 -9.064027 7
5.237714 9.307375 -10.023927 10
6.180214 9.146075 -9.623627 4
5.854014 8.184075 -9.508127 13
6.568014 8.125775 -10.084727 13
7.426114 8.274275 -10.453727 4
7.675114 8.364675 -11.396827 9
7.538314 9.243475 -11.104627 4
7.817214 10.037375 -10.602727 4
8.444514 10.791575 -10.527627 10
9.089614 10.422775 -11.228227 4
8.577714 11.161075 -11.654127 15
7.996314 11.053875 -12.402027 4
7.232314 10.430575 -12.388427 4
6.578614 10.634475 -13.097827 10
6.714614 11.528975 -13.440327 6
6.681414 11.892675 -12.481627 5
6.755614 11.398975 -11.613627 9
7.482714 11.005675 -11.076327 4
7.808914 11.555675 -10.285827 10
8.228514 12.342475 -9.842727 10
8.476014 12.268875 -8.881627 10
9.358314 12.294575 -9.415327 10
9.533414 11.772775 -10.207627 10
8.947314 12.150875 -11.093027 7
8.062814 12.392775 -11.394727 3
7.294814 13.002275 -11.579427 1
7.151514 13.388375 -10.685527 10
6.586514 13.933575 -11.141427 12
6.420514 14.423475 -10.342227 11
5.720414 13.801575 -10.569427 1
6.029814 13.791875 -9.609227 11
6.042514 12.899175 -9.969427 10
6.079514 11.925775 -9.835327 1
6.771314 11.270475 -9.801527 10
6.759814 10.270075 -10.221527 4
6.353614 10.929575 -10.764327 4
6.435514 11.930075 -10.901327 10
5.512114 11.440075 -11.105627 7
4.613814 11.203975 -11.326227 13
4.624214 10.734975 -12.106627 5
4.727214 9.865675 -11.755727 7
5.590614 9.988275 -12.191327 3
5.912914 9.322175 -11.637127 7
6.434514 9.291675 -10.761627 4
6.573514 8.450775 -11.260927 13
6.797214 8.626475 -12.247927 10
7.350314 9.411875 -12.193127 4
6.555314 9.521175 -12.738927 1
5.674614 9.581275 -13.166227 8
6.440914 9.115675 -13.603927 9
7.199514 8.532175 -13.596327 10
7.987114 8.854775 -13.899627 10
8.708414 9.376075 -13.453627 4
9.132714 8.651775 -13.974227 6
9.192714 7.674675 -13.926927 10
9.892314 7.093075 -13.451727 1
9.682014 6.088675 -13.473227 5
9.051414 6.213775 -12.688227 4
8.984614 5.645175 -11.907627 7
8.170314 6.045575 -11.484827 1
7.908914 5.622975 -10.595927 1
7.179414 5.378575 -9.966327 9
7.609914 6.148475 -9.514927 12
7.171014 6.971975 -9.907427 13
7.742614 7.589975 -9.500827 15
7.865514 8.475375 -9.281427 4
6.902314 8.398075 -9.116627 4
6.823214 7.508475 -8.644227 5
6.073914 6.863975 -8.831727 13
5.813714 5.914275 -9.125027 11
6.160814 6.022375 -10.030327 13
5.685814 5.218575 -10.314427 4
5.852214 4.895175 -11.262427 15
6.331514 5.535775 -11.843427 10
6.258614 6.455675 -11.620627 10
6.518414 7.281875 -10.998727 13
7.099014 7.287375 -11.772827 10
7.934414 7.167675 -11.258827 11
8.875514 7.395075 -11.424327 3
8.607014 8.263775 -11.013727 4
9.309314 8.757175 -10.525827 4
10.093114 8.735775 -10.049227 7
10.267614 9.554375 -10.518327 1
9.873414 9.310075 -11.355327 1
10.367614 9.945275 -11.878527 1
9.634114 10.254875 -12.387527 10
9.109414 9.577075 -11.968027 4
8.285614 9.070775 -12.063427 4
8.062514 8.307375 -12.594027 10
8.996114 8.309975 -12.933627 8
8.876814 7.349275 -12.966027 3
8.034914 6.848375 -12.750727 10
7.434214 6.689575 -13.485927 10
7.814514 5.754375 -13.516827 1
7.109714 5.062175 -13.493027 5
6.555014 5.872975 -13.353527 10
5.762514 5.251375 -13.380427 5
5.577314 6.196675 -13.671927 10
4.799814 5.829575 -13.267327 6
4.490714 4.999775 -12.733727 6
5.430414 5.125075 -12.485827 10
4.905514 4.945175 -11.704027 4
4.528614 4.496275 -10.908727 7
4.749814 3.595775 -11.221827 10
4.830514 3.620375 -10.263827 4
4.761514 4.448675 -9.882127 10
4.230914 4.792175 -9.128227 7
4.699014 5.071875 -8.289927 9
5.303814 4.919975 -9.018927 4
5.600114 4.113475 -8.519727 1
5.030914 3.641975 -7.962927 1
4.855314 3.499575 -8.919627 13
4.147814 3.287375 -9.591727 10
4.077814 2.349275 -9.111627 7
4.136214 1.641375 -9.702427 1
4.877514 1.315275 -9.122427 4
5.066714 0.653975 -9.878827 10
6.010814 0.808575 -10.079427 13
6.147714 1.555175 -10.727427 13
5.978214 2.504075 -10.575827 1
6.258514 2.316575 -11.478627 1
6.900014 2.706575 -12.048327 9
7.588014 2.568375 -12.662327 4
7.115314 3.280775 -13.281427 3
7.366514 3.616775 -14.108827 10
7.253114 3.471475 -15.008927 7
7.250714 2.484175 -15.230727 4
7.067714 1.783775 -15.918427 8
6.990414 1.317075 -16.739927 8
6.014114 1.669575 -16.680027 3
5.646314 1.019175 -16.104827 11
4.883614 1.309375 -16.589727 4
4.862414 1.424575 -15.647927 11
3.985814 1.535075 -15.217327 10
3.148714 1.982775 -15.028627 10
2.748014 2.817775 -15.222927 13
2.437214 3.464875 -14.542027 4
1.546614 3.721875 -14.771327 4
2.174914 4.428875 -15.243527 11
1.382414 4.700675 -14.724827 4
1.652214 5.584675 -14.854927 5
1.782814 5.383275 -13.958127 4
2.145814 6.328875 -13.770927 7
3.092914 6.379075 -13.683727 6
3.909614 6.817875 -13.787127 1
3.392614 6.786375 -12.797127 6
2.873914 7.575175 -12.612527 5
3.467514 7.700175 -11.875327 10
3.711214 8.597975 -11.902027 1
2.864114 8.544175 -11.520727 4
3.072614 9.253475 -10.939327 10
3.556914 9.856375 -10.385427 5
4.310614 9.195375 -10.725927 4
5.015414 8.732675 -11.171827 13
4.842514 8.919775 -12.105627 15
5.351414 8.225875 -12.474527 10
5.646114 7.688375 -11.688127 13
6.230514 7.282075 -12.371327 10
6.419914 7.023675 -13.290927 10
5.522514 7.215575 -13.019427 10
4.602814 6.998675 -12.800427 9
4.353414 7.855175 -12.421027 13
4.367614 8.302675 -13.313027 15
5.275714 8.198175 -13.813027 10
5.476714 8.687275 -14.558327 9
6.287214 8.313075 -14.298527 10
6.828414 7.604475 -13.970727 10
6.663514 7.442375 -14.885027 10
6.236514 7.984775 -15.686127 15
7.017614 8.170775 -16.289327 1
6.652314 7.535675 -16.920327 12
7.458814 7.179675 -17.339427 7
8.265514 7.639375 -17.139127 3
8.083714 8.502575 -17.726727 10
8.847014 8.991575 -17.978727 12
9.715214 8.717075 -18.299427 4
10.185214 9.306875 -18.830327 4
10.752914 9.056175 -18.159827 7
11.445314 9.594475 -17.647227 7
11.639214 10.562175 -17.502027 1
12.475814 10.957775 -17.637327 4
13.154914 11.543875 -17.525927 7
14.229714 11.394175 -17.517327 1
13.868114 12.100675 -16.989527 10
14.590714 11.674675 -16.479827 7
15.449214 11.808375 -16.100827 13
14.755314 11.704375 -15.394027 4
14.275914 12.525375 -15.260227 13
13.354714 12.888875 -15.319527 7
12.970414 11.969475 -15.122827 11
12.197014 11.784975 -14.617627 10
12.870714 11.574075 -13.978127 14
12.596614 12.347375 -13.470127 11
11.812114 12.559575 -13.017227 7
11.610114 11.976375 -12.263427 10
11.265914 12.469375 -11.486927 6
10.421314 12.112075 -11.478827 4
10.825614 11.243275 -11.715027 9
11.703914 10.845175 -11.784827 1
12.325714 10.153575 -11.514327 7
11.586014 9.845575 -11.032127 10
10.962914 10.557575 -10.704627 14
11.668214 10.956775 -10.053427 7
10.977614 10.468375 -9.415527 12
10.449414 11.002375 -8.807127 4
9.671114 11.141875 -9.266327 10
9.601914 10.268075 -9.626927 13
8.839314 9.813875 -9.996327 4
8.059914 9.863675 -9.462627 4
7.793714 10.663275 -9.000327 10
7.306014 10.373775 -8.225327 12
7.662714 9.765075 -7.623027 7
7.928514 10.430775 -7.016127 12
7.859914 11.271375 -7.496427 12
8.222414 11.327175 -8.453427 10
8.887214 10.742575 -8.599927 10
9.616814 10.314975 -7.858727 1
9.235314 9.817775 -7.107227 7
9.264914 8.876475 -7.100227 7
9.681314 8.723975 -7.952027 4
10.503614 9.002675 -7.637827 10
10.492514 8.074675 -7.858127 7
10.470614 8.035975 -8.826627 7
9.682514 8.319475 -9.255227 1
9.049514 7.682275 -9.620827 1
8.694214 6.813875 -9.842227 1
9.086414 6.632475 -8.993527 3
8.850014 6.121875 -8.281127 10
9.298114 6.090175 -7.411227 1
9.607314 5.391375 -7.974127 1
10.285014 4.685175 -7.960827 14
10.039714 3.725675 -8.185427 10
10.453114 3.560575 -7.345827 4
11.162114 4.142375 -7.735227 1
11.165214 4.210675 -8.739827 11
11.230814 3.746175 -9.519227 7
11.756914 4.038175 -10.293727 4
11.144914 4.613075 -10.778427 7
10.832114 5.534275 -11.239527 5
11.547814 4.950775 -11.735827 12
10.818514 5.019275 -12.378027 11
10.363314 4.197275 -12.337027 9
10.147414 3.706075 -13.145927 10
10.312314 2.931775 -13.807327 15
10.776014 3.385675 -14.515827 13
10.604714 3.868675 -15.302627 14
10.227014 4.790375 -15.284627 14
9.965114 5.664075 -15.002427 7
9.325014 6.402675 -15.155927 15
8.945214 5.665875 -14.620927 9
8.026314 5.808975 -14.887327 7
7.179314 5.507275 -14.488427 10
6.992614 6.130275 -15.255127 10
7.447214 6.968275 -15.507127 7
7.637414 7.149275 -14.535627 10
8.330114 7.821975 -14.621627 10
8.961614 8.095375 -15.289427 7
8.952814 9.085075 -15.358527 12
8.048914 8.907475 -15.286227 10
7.558114 9.610775 -15.730727 4
7.073814 9.435675 -14.937527 10
7.766214 9.943375 -14.506727 12
8.406614 10.589575 -13.972127 7
8.831414 10.852075 -13.174327 4
9.611314 10.488875 -13.584527 1
10.134214 11.256675 -13.781127 7
9.556714 12.016875 -13.876227 13
9.019114 12.803575 -13.987027 1
8.578714 13.609075 -13.503727 1
9.409814 13.907075 -13.953627 1
9.485414 14.843775 -14.336727 10
9.356314 14.737675 -13.400527 1
9.192414 14.226275 -12.699627 7
8.349614 14.738075 -12.916727 1
8.737614 15.274075 -12.131027 1
7.889814 15.635475 -12.525627 4
7.705514 15.549575 -11.551927 10
7.131414 14.845175 -11.679827 8
6.349014 15.188775 -11.127527 12
6.214414 15.139175 -12.050327 10
5.444114 15.674175 -11.772227 7
6.013514 16.402975 -11.439427 4
5.634814 16.849275 -12.160327 6
5.920214 17.430975 -11.377127 12
6.003914 17.517375 -10.470727 7
5.993714 16.892975 -9.718227 7
5.972214 16.062575 -9.219727 11
6.809314 15.594875 -9.469527 11
7.361514 15.561975 -10.338927 10
7.777014 15.005675 -9.679527 11
8.599214 14.432575 -9.740127 10
9.428414 14.848875 -10.131827 7
10.171114 15.346275 -10.747127 9
10.858814 15.601275 -11.369727 7
10.658014 14.879575 -12.060627 13
10.453114 14.294775 -12.807227 15
10.421214 13.568275 -12.127327 5
10.278414 13.590375 -11.164727 13
10.231214 13.709775 -10.208827 1
9.500214 13.045875 -10.191527 7
10.024514 13.254775 -9.301027 10
10.938714 13.307075 -9.339927 14
11.219014 12.446575 -9.067827 1
10.394314 12.209875 -8.545727 10
10.415714 11.519375 -7.872427 1
9.856614 12.288575 -7.668427 10
9.784314 13.279475 -7.552827 10
9.789514 14.140975 -8.087027 16
10.096014 14.472975 -7.235627 1
10.262014 14.134275 -6.327527 1
10.172114 14.733375 -5.567927 10
9.866014 14.641275 -4.654527 4
9.334514 15.422675 -4.936027 7
8.468814 15.568575 -5.355327 1
8.664014 14.668275 -5.721427 7
9.457814 14.930375 -6.336327 1
8.681514 15.218275 -6.873727 4
8.225614 14.462775 -6.731927 6
7.323314 14.897575 -6.784127 7
7.868714 14.932675 -7.626027 11
8.810114 14.551875 -7.829527 4
8.819414 14.014875 -8.591627 10
7.868214 14.208175 -8.760027 11
7.976714 13.935475 -7.845427 7
8.151214 13.243875 -8.452627 10
7.694714 12.926075 -9.295627 10
7.040314 13.471875 -8.877527 11
6.762714 12.547175 -8.915027 10
6.077814 11.943075 -8.555727 7
6.879814 11.411375 -8.344927 10
6.207814 10.711275 -8.409427 14
5.644914 9.954575 -8.644527 7
4.734614 9.931775 -8.370027 14
5.353614 9.612375 -7.702327 1
5.917614 10.172675 -7.143727 12
6.434814 10.193175 -6.340427 12
5.663514 9.595975 -6.122727 7
5.674514 9.086275 -6.902927 1
6.362514 8.489075 -7.115427 10
6.774414 9.209375 -7.519627 9
7.117614 9.390675 -6.656727 7
7.519814 9.920775 -6.011627 7
7.203014 10.872775 -6.057827 12
7.175814 11.720475 -6.603427 12
7.652114 12.293375 -5.937027 12
8.060414 12.380675 -6.825927 1
8.512114 12.411075 -7.667227 10
8.871314 12.992075 -6.984527 13
9.446414 12.797875 -6.150427 4
9.729214 13.022775 -5.236127 1
9.876514 12.477075 -4.459527 7
8.959514 12.744875 -4.333527 15
9.425014 12.487175 -3.532527 15
10.168314 12.816875 -3.132827 4
11.095114 12.503275 -3.438527 7
11.759914 12.609075 -4.171127 1
11.539714 11.738675 -4.164327 7
10.968514 11.199475 -3.603927 15
10.534314 10.526275 -3.045427 10
10.592414 10.281975 -4.005127 7
10.981714 9.960875 -4.830427 1
10.164314 9.706875 -5.271027 7
9.992614 10.616375 -5.665627 15
9.214914 10.136375 -5.313827 7
8.742414 10.340975 -6.124627 7
9.125614 10.828775 -6.893327 12
9.494414 11.549375 -6.415627 12
10.358814 11.168975 -6.750227 1
10.679114 10.317575 -7.347827 1
11.648414 10.662375 -7.385027 11
12.590214 10.605175 -7.610327 16
12.419614 11.116775 -8.472927 3
13.210114 11.387475 -8.925227 7
14.043014 11.625975 -8.578127 12
14.529614 11.220375 -9.266127 10
14.789414 10.879975 -10.143527 1
15.722914 10.632675 -9.921327 7
16.549114 10.141675 -10.214327 1
16.915214 10.315375 -9.374227 10
16.468214 10.112175 -8.572927 1
15.612414 9.855775 -8.320227 5
15.368314 9.659475 -7.450627 12
14.952914 9.092175 -8.076327 7
14.076114 8.861575 -7.696227 9
13.606714 8.238075 -7.157127 15
12.900314 8.226675 -6.474027 12
12.073414 8.462175 -6.063127 15
11.221714 8.850675 -6.188627 16
10.424514 9.298275 -6.606027 7
10.223114 8.354075 -6.669627 1
9.564114 8.315375 -6.011227 7
8.615914 8.616875 -5.937627 7
8.821414 7.712575 -5.582127 10
8.370814 7.530475 -6.410427 4
7.972814 8.426175 -6.755527 7
7.669614 7.624675 -7.245527 1
7.081014 6.885575 -7.176227 1
6.348714 7.281975 -6.739227 1
5.574214 6.854875 -7.001827 1
4.686514 6.670675 -6.685027 4
4.550614 6.796975 -5.708227 1
4.290714 7.677075 -5.775627 7
3.735514 7.600875 -6.525227 1
2.835014 7.564775 -6.905527 10
3.050214 8.450875 -6.548927 15
3.731814 9.090275 -6.210427 1
3.915514 10.080875 -6.287327 7
4.374414 9.923075 -7.066727 1
4.194314 10.693775 -7.631227 1
5.021914 11.074275 -7.911027 7
5.914814 11.247575 -7.617727 12
6.605814 11.873975 -7.421027 12
6.977314 12.703575 -7.442327 10
6.787914 13.598975 -7.290427 11
6.868614 13.804575 -6.336027 10
7.749514 13.860975 -5.875627 15
8.080014 13.303875 -5.201327 10
7.327614 12.724075 -5.066627 12
7.832614 12.224275 -4.484627 15
7.575214 11.296075 -4.531027 7
7.987614 11.644175 -5.321927 12
8.873814 12.005675 -5.286927 11
9.163314 11.176075 -4.894827 15
8.848614 10.534275 -4.296827 7
8.631214 9.677375 -4.646927 7
8.419714 9.522075 -5.536127 7
7.659614 9.538775 -4.956327 7
7.138814 8.795275 -4.767827 7
6.693614 8.052375 -4.229627 16
5.910114 7.646975 -3.852827 13
5.325814 7.199875 -4.435227 13
4.794114 7.987975 -4.304227 9
5.341814 8.693175 -3.910127 9
6.024214 8.968875 -4.571627 7
5.303814 8.798475 -5.221427 16
5.597314 8.325875 -6.126627 16
6.586314 8.486175 -6.137027 7
6.677214 7.730075 -5.556427 13
7.547414 7.774175 -5.124327 7
8.330414 7.347575 -4.654927 15
9.108614 7.922775 -4.581827 7
9.319914 7.111975 -4.114327 4
10.204314 7.317975 -3.938227 10
10.357814 7.995175 -4.786427 12
10.246614 8.862575 -4.341027 7
10.965814 9.162475 -3.743827 1
11.690514 8.558775 -3.572127 14
12.439014 9.149075 -3.847127 16
12.555214 8.886675 -2.938127 12
11.796814 8.902875 -2.400227 1
10.993914 9.378275 -2.131027 16
10.265314 8.823275 -2.501727 11
9.975214 9.213375 -3.377927 7
9.160614 8.936575 -2.910227 6
9.343314 8.097675 -3.444827 1
9.023014 8.775675 -4.056727 7
8.376914 8.460675 -3.403227 12
7.954614 9.190475 -3.978927 7
7.596714 9.618175 -3.160927 7
7.768014 9.150575 -2.269227 11
8.339414 9.442275 -1.537427 4
8.030614 9.315675 -0.629327 1
8.441214 10.150675 -0.810327 7
8.664514 10.818475 -0.250627 11
7.713714 11.094275 -0.418627 4
7.132314 10.699875 0.259073 5
6.756014 9.799475 0.295873 12
7.027714 8.900675 0.443273 11
6.192914 8.683675 0.067173 15
5.517714 9.020575 -0.596027 9
4.754614 9.065975 -0.002827 1
5.294614 8.890975 0.745473 15
5.705214 7.953475 0.689773 16
6.008114 7.416675 -0.014427 14
5.826614 6.680075 0.503373 1
5.683514 6.482775 -0.421527 7
4.674214 6.513375 -0.622227 16
4.944014 7.424075 -0.607027 7
5.180514 7.914875 -1.378127 10
5.902214 7.802475 -2.064727 10
5.933214 8.657075 -2.569727 16
6.399914 9.086575 -3.268227 7
5.658914 9.794875 -3.368327 15
5.141314 9.793775 -4.219427 10
5.244814 9.860375 -5.152527 1
6.122714 10.045075 -4.768027 7
7.042014 10.349875 -5.027027 7
6.352714 10.704675 -5.530927 12
5.589014 10.944375 -4.980327 10
5.724814 11.616975 -5.619827 12
5.089714 11.490575 -6.306327 1
5.610114 12.087175 -6.836327 7
6.351614 12.283875 -6.236827 12
6.071614 13.011075 -5.693027 16
5.225114 13.176975 -5.159527 7
5.291214 13.962775 -4.652327 13
6.199914 14.146675 -4.386527 1
5.667614 13.702975 -3.749227 13
6.093214 14.226075 -3.067227 1
5.750114 13.699675 -2.374627 7
6.241214 13.060675 -2.847727 11
6.860114 13.582275 -2.411927 7
7.800214 13.278975 -2.413827 15
8.489314 13.844975 -2.780027 9
9.066214 13.536275 -2.023327 7
8.692814 12.635275 -2.302727 15
9.052714 11.824775 -1.928927 6
8.973314 11.824275 -2.932027 15
9.799614 11.388375 -3.064927 16
9.563714 10.606975 -3.514927 7
9.594014 10.222775 -2.649227 4
8.658514 10.132175 -2.511227 7
8.172014 10.618875 -3.159027 7
7.896314 11.555675 -3.318627 15
7.036814 12.058275 -3.296827 16
7.090714 11.346675 -2.563027 10
7.003214 10.538875 -3.181327 7
6.737414 10.781175 -4.050527 7
6.283614 11.614575 -4.286927 12
5.635814 12.313675 -4.171427 1
4.751814 12.276375 -3.761227 11
4.060714 12.998575 -3.650827 13
4.073014 12.847075 -4.623227 7
3.997414 13.757475 -4.962627 9
4.526114 14.241975 -5.585727 12
4.584514 13.320975 -5.995127 11
5.321814 13.740975 -6.489127 16
4.930914 13.972575 -7.360227 11
4.783514 13.032875 -7.138827 1
4.030314 12.521775 -6.793427 4
3.340014 11.893575 -6.860127 10
2.992614 12.804375 -6.898627 10
2.159614 13.179275 -7.364127 1
2.723214 13.791575 -7.888327 7
2.850314 14.467375 -8.579527 16
2.497514 15.311775 -8.794127 16
2.748814 15.109075 -7.838327 16
3.507314 15.563575 -7.420427 16
3.980614 15.975275 -6.618127 12
3.441514 15.586475 -5.943327 12
3.322014 14.730075 -5.573827 5
2.481614 14.359975 -5.138027 7
2.049314 13.885075 -4.413927 14
1.392414 13.164475 -4.379027 7
0.675914 12.834675 -3.844727 1
-0.011486 12.710875 -4.608927 7
-0.572186 13.430575 -4.567327 1
-0.951086 12.754175 -5.191927 12
-0.310286 13.192675 -5.859527 7
-0.579286 14.040075 -6.085727 1
-1.195086 13.509975 -6.773927 7
-1.111786 14.455175 -7.237427 1
-1.090586 15.438475 -7.208927 15
-1.876286 15.955275 -6.820227 16
-1.693086 15.463175 -6.004927 1
-0.856086 15.796975 -6.253227 10
0.128814 15.835175 -6.417027 15
0.363614 15.674475 -5.484027 1
1.005614 15.587175 -4.736027 1
1.779714 15.126475 -4.362027 15
2.472614 15.929175 -4.334027 7
3.423214 16.261775 -4.158027 7
3.174014 16.352575 -5.097327 12
3.766314 15.506975 -4.954227 12
4.331114 14.906775 -4.484027 13
3.715114 15.189275 -3.850627 16
4.205214 14.842875 -3.096927 7
5.024214 14.523475 -2.776227 13
5.204414 14.991875 -3.536727 13
5.172014 15.777375 -4.179727 7
5.018014 15.779175 -5.078727 12
5.561814 15.010375 -5.217827 8
5.494314 14.891875 -6.239627 5
6.290114 15.390975 -5.976627 15
6.253514 15.357975 -6.966027 11
6.837614 15.285775 -7.705127 11
6.681214 16.145875 -7.360227 11
7.542614 16.387475 -6.999727 12
7.310814 17.332075 -7.484127 7
6.884514 17.526675 -6.636727 7
6.562214 17.095475 -5.802727 9
5.832514 16.487575 -5.711927 1
5.118514 16.086075 -6.305127 12
5.204914 16.425375 -7.221327 11
4.478814 17.108175 -7.096427 1
4.964414 17.307875 -8.044427 1
5.444514 17.549375 -8.822027 7
5.219114 17.820375 -9.767927 7
4.810314 17.006775 -9.553627 16
4.436114 16.521475 -10.358027 16
3.611614 17.066275 -10.398427 16
3.840714 17.612375 -11.081927 7
4.203214 18.176665 -11.777427 9
3.852714 18.964235 -11.289827 7
3.060814 19.092195 -10.821827 14
3.353214 18.623875 -9.931027 5
3.986814 17.911375 -9.726527 16
4.081114 17.969975 -8.777927 16
4.324014 18.728645 -9.275527 4
5.313614 18.659175 -9.076327 7
6.058514 19.169765 -8.999027 7
6.922014 19.002815 -9.505027 7
6.919214 19.239895 -10.399827 10
7.942414 19.351855 -10.565327 15
7.870414 18.444645 -10.819227 11
8.584714 18.164505 -10.080327 1
8.590314 18.052475 -8.996827 7
9.316714 18.682535 -8.974627 1
9.409414 19.548915 -9.266927 15
8.586614 19.811375 -8.854027 7
7.817714 20.005205 -9.396127 7
7.656714 20.727765 -9.935227 15
8.452014 21.257265 -9.798727 1
8.483114 21.965135 -9.144527 1
7.796214 22.498685 -8.614527 7
7.471314 23.330025 -8.337127 15
8.184714 23.047225 -7.741827 10
8.093914 23.772435 -7.108027 12
8.041314 24.369005 -6.369527 12
8.128414 24.591725 -5.372227 7
7.658914 24.721905 -4.591227 16
8.523114 24.569985 -4.178927 13
8.408614 24.952655 -3.336627 12
9.093614 24.332745 -2.870327 1
8.966614 23.664285 -2.131227 6
9.892714 23.618475 -2.431827 12
10.796914 23.904565 -2.119927 13
11.433814 23.343415 -2.623927 7
12.137814 22.551395 -2.405127 16
11.798114 21.679555 -2.216327 7
10.925514 21.682185 -1.914827 11
10.350014 22.497335 -2.194727 7
10.404614 23.057845 -2.983527 12
10.815214 22.949735 -3.937027 16
10.684914 24.002755 -4.120927 15
10.665914 24.694555 -4.722227 11
10.276414 24.717555 -5.610127 7
10.586314 23.892155 -6.102927 15
10.520614 23.164805 -5.479127 11
11.215214 22.725525 -6.020527 15
12.255814 22.643155 -5.961527 8
12.937714 21.918775 -5.819927 16
12.629614 21.325325 -5.021327 7
13.271814 20.857855 -5.569127 9
13.165914 20.431675 -4.698227 15
12.222514 20.214615 -4.649427 7
11.339714 20.116145 -5.102927 12
10.589614 20.633915 -4.866127 4
10.228214 21.049155 -5.720427 11
9.859914 20.527935 -6.608227 7
9.151014 20.097175 -7.121327 1
8.803414 19.201415 -7.075527 1
8.530814 18.805795 -7.950027 7
7.623114 19.084825 -7.954527 7
7.805714 18.484645 -7.268327 7
7.840114 19.093245 -6.591327 1
7.097214 18.465275 -6.505427 7
7.340814 18.289545 -5.581927 1
6.414014 18.558145 -5.407927 1
5.505314 18.902205 -5.408127 16
4.839014 19.240135 -4.814727 1
5.187714 19.278805 -3.946827 1
5.221314 20.236525 -3.911927 11
4.946514 20.726435 -3.064427 1
5.350214 20.182765 -2.343727 16
5.505114 19.082395 -2.337227 7
4.717814 19.276375 -2.921627 15
3.789614 18.855485 -2.971227 12
3.129614 18.396005 -2.470927 5
2.933614 17.377575 -2.606127 11
3.221114 17.430575 -3.533227 16
4.071514 17.887275 -3.808827 7
3.595214 18.223785 -4.541127 12
2.610514 18.083875 -4.535527 15
2.296014 18.943655 -4.631727 14
1.496414 19.326455 -5.048027 16
1.250414 18.726625 -5.758727 7
2.128214 18.244645 -5.755527 7
2.886514 18.910625 -5.550727 12
3.425514 19.051105 -6.384427 12
4.177914 19.624455 -6.183027 1
3.962914 20.415535 -5.657927 1
4.274614 21.312115 -5.599527 16
5.032914 21.867375 -5.937027 12
4.737814 22.473065 -5.217927 16
4.796514 23.365225 -5.532027 1
5.091214 24.325265 -5.205927 13
4.141514 24.562765 -5.274727 15
4.068514 24.915025 -6.276427 7
3.989514 25.283315 -7.249627 1
4.611814 24.592205 -7.298127 11
5.237414 23.891005 -7.452927 12
5.484114 22.920125 -7.736727 7
5.920514 22.073135 -7.965827 11
6.831414 21.773805 -7.808427 12
6.394714 22.186945 -7.030327 16
5.671314 21.485825 -6.942027 8
6.171714 20.667035 -7.022427 8
6.663114 20.338225 -7.807027 7
6.925914 19.802675 -7.059727 15
6.433914 19.358685 -7.767627 7
5.758414 19.576025 -7.109327 5
5.664614 18.589695 -7.125827 7
4.686114 18.692565 -7.198327 1
4.103414 18.124775 -6.710027 12
4.179614 17.398775 -6.121127 12
4.956114 17.856575 -5.772027 9
5.409314 17.550575 -6.644127 13
5.913414 17.527575 -7.412527 7
6.353614 16.903075 -7.915527 11
6.695214 17.651075 -8.384427 7
6.965414 18.544845 -8.628327 7
7.426214 17.887075 -9.262727 7
6.891814 17.341675 -9.899427 15
7.766414 17.021875 -9.800227 7
7.586014 16.227775 -9.286127 11
7.822414 17.010875 -8.754027 7
7.803414 16.261375 -8.184627 11
8.702714 16.428875 -7.835527 15
8.477714 17.295075 -7.476427 7
9.151614 18.011075 -7.430727 1
9.773914 18.056075 -6.652527 1
9.377314 18.587695 -5.879427 15
10.146614 18.561395 -5.271127 11
9.491414 17.914175 -4.900227 10
9.266514 17.032175 -5.088427 1
8.415814 17.401775 -5.038927 16
7.669514 16.844775 -4.659627 1
7.806414 15.876475 -4.483827 14
7.937314 15.602175 -3.594827 16
7.318614 15.937175 -2.978527 1
7.606714 16.706775 -3.497227 16
7.121814 17.399075 -3.200527 1
7.233114 18.336705 -3.597827 1
6.278414 18.111775 -3.546027 16
5.314314 18.018775 -3.687327 7
5.323314 17.006975 -3.660727 12
6.064614 17.153975 -4.237827 1
5.371314 17.311775 -4.964927 16
4.410314 17.463175 -5.043427 12
3.445214 17.262675 -5.251527 12
2.445114 17.300075 -5.359127 12
1.627514 17.447375 -6.029127 15
1.235514 16.901875 -5.385227 16
0.697014 16.785575 -4.518627 1
0.089314 17.297075 -5.005527 16
0.289314 17.758775 -5.817127 15
-0.283686 17.035075 -6.094527 5
-0.506486 17.726675 -6.692527 1
0.066314 17.248675 -7.282127 15
0.744614 17.862175 -7.509227 1
1.177214 16.983475 -7.485827 15
1.851214 16.758675 -8.290527 16
1.178714 17.369175 -8.655827 1
1.912614 17.479475 -9.292027 7
2.641814 16.989775 -8.967327 16
2.733614 16.764675 -9.848627 16
3.074614 16.028375 -9.295827 16
4.006414 15.835575 -9.432227 16
4.989114 15.714575 -9.600527 11
5.122614 15.833075 -10.573927 8
4.302614 15.614875 -11.083027 8
4.139814 15.127675 -10.247527 16
4.571814 14.214475 -10.247327 11
3.770114 13.858575 -9.823627 13
2.798314 13.952275 -9.843527 16
2.669314 13.113275 -10.259727 11
1.914014 13.606475 -9.911227 16
1.177714 14.259075 -10.016127 16
1.334014 13.898075 -10.879927 7
2.148714 13.496275 -11.231227 11
1.989614 14.311675 -11.654527 16
1.801914 14.427675 -12.518127 1
2.813214 14.646675 -12.371727 1
3.424214 14.744775 -11.538227 11
3.204314 14.774575 -10.593827 16
2.627214 15.440375 -11.006927 16
2.071114 15.838075 -11.662027 1
2.192414 15.567275 -12.608927 1
1.267614 15.790375 -12.544627 1
1.167214 16.668575 -12.034827 1
0.965314 17.111675 -12.907427 11
0.149714 17.233375 -13.349027 1
-0.619986 17.819875 -13.196727 1
-0.949986 18.490545 -12.501327 16
-0.651486 19.310895 -12.901027 16
-0.580486 19.709895 -12.037927 1
-0.150786 20.377825 -11.581127 11
0.651214 20.400355 -11.080627 5
1.028014 20.877775 -10.295527 15
1.390414 20.637855 -9.463927 7
0.986814 19.829825 -9.071027 12
0.713314 18.949975 -9.478027 16
0.363114 18.040875 -9.227227 5
0.249914 18.142665 -10.261527 12
-0.297786 17.339275 -9.863627 16
-0.298186 16.732375 -9.058327 15
0.578814 16.443475 -9.321727 12
1.078214 16.156075 -10.038727 16
1.420514 16.399175 -10.963727 13
2.180814 16.069775 -10.415727 16
2.551314 15.325875 -9.938827 16
1.569414 15.298175 -9.925227 16
0.612914 15.153375 -9.691027 1
1.301014 15.288575 -9.000027 16
1.749014 15.744175 -8.266327 16
0.812814 15.707975 -7.946627 15
0.444214 16.182275 -7.260027 15
1.199614 15.669675 -6.902127 1
1.959514 15.165575 -7.209727 16
2.762414 15.111175 -6.676827 1
2.453014 15.326575 -5.761827 1
1.693614 15.945175 -5.927927 7
1.848014 16.492075 -6.671627 15
2.321114 17.292075 -6.690227 12
2.164614 17.656175 -7.537527 1
2.524014 16.787075 -7.500027 11
3.184414 17.448275 -7.241027 12
3.358714 17.098975 -8.123927 16
4.001014 16.363775 -8.309827 16
4.449914 15.765975 -7.725327 1
5.197814 15.231975 -7.378927 11
4.382814 14.923175 -6.967827 12
3.874114 14.531275 -7.737727 16
3.985514 14.255975 -8.732627 16
4.504514 14.968975 -9.028227 16
5.395214 14.964775 -8.466127 11
6.298614 15.024675 -8.494227 11
6.033014 14.084775 -8.592527 11
5.367914 13.518975 -8.242527 5
5.764214 12.843075 -8.815327 5
5.044714 12.225675 -8.865927 1
4.401614 12.393275 -9.633027 1
4.210214 13.081575 -8.995627 1
4.283114 13.305575 -8.100427 8
3.359914 13.073675 -8.317327 12
2.405714 13.084575 -8.585727 8
1.578014 13.586475 -8.681627 16
1.051014 14.275475 -8.923127 16
0.522614 14.642575 -8.171327 7
-0.401986 14.929375 -8.304827 15
-1.157786 15.495575 -8.250527 8
-0.347586 15.983575 -8.104427 15
-0.725186 16.871975 -8.097327 15
-1.606286 17.315475 -8.161027 1
-2.112286 17.053975 -8.985327 1
-2.026086 18.033475 -8.723127 1
-1.869386 19.107025 -8.607027 12
-2.763586 19.672385 -8.539127 16
-2.438886 19.844965 -7.653027 1
-2.002686 19.404545 -6.922327 16
-1.346686 18.741785 -7.096727 12
-1.612286 18.021275 -6.501827 13
-1.962286 17.166075 -6.857127 1
-2.814986 16.746575 -7.187727 14
-3.252886 16.363275 -7.897827 16
-3.891186 15.975975 -8.450627 7
-4.833486 16.196075 -8.690527 9
-5.716986 15.801175 -8.755427 1
-6.455286 15.237275 -9.241327 16
-7.042786 15.409875 -8.542327 7
-7.667286 15.315175 -7.818027 15
-7.193886 16.128375 -7.617627 1
-7.298086 17.035675 -7.576727 16
-7.875386 17.355475 -6.791527 16
-7.450786 18.221715 -7.278727 8
-8.351286 18.259005 -7.672427 5
-8.949686 18.132275 -8.435627 16
-9.275086 17.271275 -8.172127 11
-9.998586 17.913075 -7.965327 5
-10.297486 18.401035 -7.251427 16
-10.483386 19.214455 -6.788127 16
-10.935486 19.083655 -5.882827 7
-11.209186 19.529415 -5.015727 16
-11.922686 19.052595 -4.548227 12
-12.189186 19.219975 -5.472327 16
-11.900486 18.713805 -6.202427 11
-12.069386 17.926075 -6.759827 16
-12.767886 17.819475 -7.446127 15
-12.854286 18.863605 -7.404127 12
-13.290986 19.694525 -7.377427 11
-13.958986 19.777725 -6.666727 15
-14.597786 19.724805 -5.936827 1
-14.623386 20.606385 -5.449727 1
-14.475086 21.458355 -4.853727 16
-14.509186 22.063375 -4.113027 1
-14.382086 23.015235 -4.046827 15
-15.234686 23.430555 -4.196827 1
-15.346486 24.382155 -3.903627 16
-14.501286 24.775105 -4.173327 1
-13.601686 25.073735 -3.862027 1
-14.233186 25.817865 -3.742327 16
-13.808086 26.043615 -4.632527 1
-12.878286 25.683845 -4.500227 1
-12.365486 26.395555 -4.818927 7
-12.809486 27.267416 -4.627827 12
-12.502586 27.460233 -5.523127 7
-12.741086 27.396787 -6.525227 16
-12.401886 28.23749 -6.474427 11
-12.502886 28.833723 -7.309727 1
-13.314186 28.30608 -7.030927 16
-13.780686 28.494986 -7.818427 16
-13.962986 29.460605 -7.744727 16
-14.554786 30.130345 -8.103127 5
