3.75259 -8.875253 29.885673 1
3.17329 -9.482553 29.356373 1
2.19789 -9.703153 29.415273 1
2.34879 -8.769753 29.629873 1
1.49639 -8.704753 29.237373 14
0.59999 -8.345653 29.581273 4
-0.17101 -7.811253 29.979473 2
0.04369 -7.268253 30.810473 16
-0.16931 -7.361053 31.762973 1
-0.27661 -7.625053 32.726273 1
0.54029 -7.220653 33.001573 12
1.38519 -7.249753 32.561373 1
1.83749 -6.872153 33.271573 1
1.75609 -7.910553 33.447673 2
0.92079 -8.373653 33.317573 3
0.78299 -9.073253 32.609473 9
0.98929 -10.074753 32.618273 15
0.02009 -10.128653 32.293573 2
-0.23881 -10.949953 31.917473 14
-0.33821 -11.772953 31.510773 8
0.07869 -11.833753 30.631173 5
-0.10021 -12.665653 30.152473 15
-0.33011 -13.389553 30.740773 8
-0.86861 -14.219253 30.448873 2
-1.17471 -14.115853 31.384873 11
-0.82581 -14.037753 32.282973 1
-0.96501 -13.069453 32.079173 1
-0.68431 -12.458653 32.823173 9
-1.15461 -11.625853 32.659173 13
-1.96791 -12.055153 32.279273 2
-2.32031 -11.251253 31.775873 6
-2.10341 -10.828653 30.911873 2
-2.88531 -10.288853 30.907173 6
-2.75621 -9.321153 30.877973 14
-1.90081 -9.692753 31.045373 2
-1.78321 -8.756453 31.201873 6
-1.67231 -8.452753 30.323873 2
-1.98531 -7.662453 30.760073 12
-2.69091 -7.121353 30.504673 1
-2.99341 -6.457953 31.211073 2
-3.39961 -5.682653 30.786973 14
-4.33191 -5.476853 31.000873 14
-5.04371 -4.796253 30.739873 14
-5.86091 -4.428553 31.167473 14
-6.40151 -3.625753 31.138073 8
-6.43951 -2.725653 30.758273 5
-6.59171 -2.158153 29.920073 5
-7.11151 -2.020653 29.183273 2
-7.64801 -2.055053 28.409973 2
-7.31711 -2.179253 27.468673 2
-6.95041 -2.388653 26.569673 3
-6.21211 -2.349953 27.245073 2
-5.44131 -2.883153 26.739373 7
-5.08471 -2.293153 27.414973 2
-5.52231 -1.789653 26.622973 11
-5.88331 -1.394653 27.447173 2
-5.51731 -0.657753 27.916173 1
-5.49171 -1.457153 28.521973 2
-4.76951 -1.003253 29.015173 5
-3.81621 -1.202553 28.870373 1
-3.32991 -2.003253 28.773773 8
-2.68621 -2.655553 29.099573 1
-3.14281 -2.448853 29.937473 15
-3.20041 -3.420253 29.794073 9
-3.43411 -3.769853 30.613173 14
-2.82831 -4.439253 30.437473 14
-2.14241 -4.945653 29.965173 1
-1.51701 -5.599253 29.804173 2
-2.04661 -5.989453 29.074573 2
-2.72781 -6.221153 29.662473 8
-3.07071 -5.325053 29.816973 14
-3.23231 -4.582753 29.272873 1
-3.90891 -5.287553 29.043373 1
-4.47891 -5.472353 29.788773 9
-4.97301 -4.655753 29.687273 14
-5.56841 -4.581053 28.907673 10
-6.18421 -4.394853 29.774873 14
-6.95431 -4.905853 30.074773 11
-7.71521 -4.490053 30.516473 8
-7.76191 -3.526053 30.590473 8
-7.69401 -2.644153 30.201873 2
-7.83261 -1.671453 30.229573 6
-8.24131 -1.928253 29.343773 2
-8.61461 -1.293853 28.564973 2
-9.14041 -0.648953 28.135773 15
-9.08491 -1.011753 27.182373 2
-9.99981 -1.285253 26.983973 14
-10.72151 -1.914753 26.681973 1
-11.02461 -2.691353 26.265573 1
-10.48941 -2.825253 25.504573 12
-9.58711 -2.597453 25.577373 1
-8.59221 -2.645253 25.371473 1
-7.79981 -2.459653 24.798773 14
-7.18361 -2.901753 25.435573 2
-6.89991 -3.847653 25.778973 3
-7.43771 -4.622353 26.115773 1
-6.99621 -5.330753 25.624873 1
-6.54361 -5.685453 26.395673 7
-5.83471 -6.062153 26.907473 1
-6.28031 -6.744553 27.417673 1
-7.14161 -6.320253 27.489473 1
-7.48341 -5.597853 28.006473 1
-7.69571 -4.725853 28.420573 1
-7.25741 -3.835853 28.663773 2
-6.79281 -3.328553 29.285173 2
-6.17851 -2.679353 29.043973 2
-5.73741 -2.782353 29.936173 5
-5.16001 -2.798853 30.731773 14
-4.77911 -2.075753 30.178173 5
-3.93431 -1.912653 30.588373 14
-3.33441 -1.735653 31.332373 2
-3.92531 -2.240153 31.954473 14
-4.62181 -2.780453 32.124573 2
-4.94941 -3.503253 31.428773 14
-4.38851 -4.049753 30.965573 14
-4.38691 -3.618553 30.143673 14
-4.13291 -3.429453 29.247973 11
-5.06211 -3.469153 29.396273 14
-5.07251 -2.669953 28.847973 5
-5.75351 -2.681953 28.147173 2
-5.48131 -3.540453 27.707373 15
-6.07211 -3.736753 28.463473 2
-6.61521 -3.938253 27.628873 8
-7.33251 -4.626453 27.336873 15
-7.91551 -3.904153 27.539873 1
-7.97651 -2.965553 27.921473 2
-8.79201 -2.895753 27.471173 2
-8.65311 -3.131553 26.571573 8
-8.95031 -4.051453 26.611273 15
-9.25661 -4.126253 25.718573 8
-10.26701 -3.860853 25.540373 2
-9.62461 -3.697953 24.808573 1
-10.25531 -4.496253 24.560073 2
-10.07691 -5.363753 24.845573 9
-10.84241 -5.903353 24.870673 6
-11.60821 -5.855753 24.336073 12
-11.10071 -6.092653 23.497673 2
-10.51071 -5.501353 22.854373 12
-11.28881 -4.960153 22.450373 2
-10.67371 -5.223053 21.783673 8
-11.21301 -4.933053 21.114573 2
-10.50651 -4.268253 20.819573 1
-9.84481 -3.560153 21.022673 2
-8.97791 -3.608053 21.550473 8
-9.43241 -3.451053 22.379273 9
-9.43471 -3.195553 23.354773 14
-8.86561 -2.451353 23.028773 3
-9.05451 -2.254953 23.988073 6
-9.70271 -1.632153 23.752073 14
-9.43131 -1.673653 24.695073 8
-8.86741 -1.343753 25.409273 1
-8.67351 -1.579153 26.371073 2
-7.74381 -1.693053 26.734173 5
-7.99231 -0.906453 27.174673 6
-7.34301 -1.214453 27.756173 2
-6.59521 -0.781353 28.304073 2
-6.45841 -1.235253 29.177973 2
-6.02071 -0.883953 30.052873 5
-5.71191 -0.787153 30.932973 1
-5.09331 -1.100453 30.247573 5
-4.20581 -0.686753 30.192573 11
-3.46811 -0.844053 30.731873 1
-2.97621 -0.288053 30.069573 1
-2.66271 0.232847 29.354773 2
-2.38551 1.024647 29.855073 1
-2.07701 0.356547 30.489373 3
-1.66341 -0.516153 30.516073 14
-1.71681 -1.336253 31.147973 2
-1.23821 -2.028853 30.510873 15
-2.00901 -2.641653 30.377673 15
-2.76481 -2.636953 30.871473 14
-2.26001 -3.425453 31.235373 2
-3.14471 -3.745953 31.627873 14
-4.03371 -3.850053 31.847773 14
-3.75661 -4.685253 32.319473 14
-3.97171 -5.519953 31.982473 14
-4.87951 -5.595553 32.364473 2
-5.11171 -5.218953 33.233273 6
-5.52881 -4.546653 33.832973 2
-6.25671 -3.900353 33.736273 15
-6.89461 -3.168553 33.471073 2
-7.18401 -4.182853 33.578873 8
-8.10251 -4.126653 33.280773 8
-8.13791 -3.757653 34.192973 9
-7.85401 -3.871153 35.091573 2
-7.29501 -3.349053 35.627373 5
-8.11011 -3.376353 36.086473 1
-8.10521 -2.655853 36.798373 14
-7.87071 -1.898053 37.422473 14
-8.13351 -1.138653 37.963173 2
-7.57041 -1.023753 38.768973 8
-8.43661 -0.984853 39.162273 9
-8.32121 -0.253953 38.569673 1
-8.15271 0.464147 37.972273 2
-8.29481 0.489447 36.990273 8
-8.24551 1.439247 37.341373 2
-8.79511 2.276347 37.414373 14
-9.34241 1.672647 37.854873 1
-9.00111 1.366247 38.770573 1
-8.98991 0.636147 39.390873 3
-9.83101 0.377247 38.924673 2
-10.13081 1.252847 38.721273 4
-10.45341 2.095047 38.268373 1
-10.94981 1.950647 37.451273 2
-10.77231 2.190747 36.547773 7
-11.31121 1.430647 36.287773 1
-10.98531 0.421347 36.153973 3
-10.37411 -0.187853 35.748273 2
-9.53931 -0.391553 35.284873 2
-9.33361 0.161047 34.520373 2
-8.40351 0.369147 34.261273 8
-8.01021 1.287147 34.138773 14
-7.82821 1.090947 33.215273 6
-6.99841 0.602747 33.248573 1
-7.07561 0.816147 32.247073 8
-7.79341 1.089747 31.634773 6
-7.31131 0.741847 30.830673 14
-7.13501 0.122147 30.054273 10
-7.23641 -0.878753 29.928473 2
-8.22011 -0.825453 29.727473 2
-8.17161 0.093647 29.998473 1
-8.11091 -0.014253 29.063873 2
-7.21161 -0.039153 28.559773 2
-6.29211 0.235047 28.430173 3
-5.56271 0.482547 29.012573 12
-5.35431 1.347347 28.632073 14
-5.02461 1.592547 29.488773 1
-4.30681 2.145647 29.834873 8
-4.70571 2.881947 30.404673 7
-4.83641 2.590947 31.338073 2
-3.99291 2.973847 31.654173 14
-4.09081 2.305947 32.360573 8
-4.40531 1.705947 33.119473 3
-4.76871 1.672647 34.040173 1
-4.52391 2.468847 34.559573 2
-5.46231 2.483647 34.889873 3
-5.42811 1.787247 35.528273 2
-4.99791 1.006247 35.887073 1
-5.23951 0.005747 35.721573 1
-5.22971 -0.417853 36.632773 9
-4.73991 -1.070953 36.123173 2
-3.91091 -1.314653 35.776273 2
-3.61981 -1.916853 35.075473 14
-3.59831 -2.548453 35.844373 2
-3.57261 -3.497353 35.487373 2
-4.32321 -4.005253 35.008473 15
-4.81351 -4.239553 35.832173 1
-5.51621 -4.732753 35.369173 11
-6.38991 -4.414753 35.157173 3
-6.91671 -4.709153 34.371673 12
-7.92481 -4.867953 34.500573 8
-7.80341 -4.989253 35.483773 5
-7.23821 -4.700853 36.282973 2
-7.50341 -5.172453 37.060873 5
-8.31101 -4.550353 36.917973 3
-7.96021 -3.703853 37.138073 14
-7.67351 -3.285053 37.908273 1
-8.62421 -2.944253 37.608873 14
-8.97881 -2.292453 38.207873 14
-9.23811 -1.480353 38.558873 1
-10.16981 -1.385053 38.654573 2
-9.87001 -1.777453 37.761873 14
-10.40291 -1.046853 37.211673 1
-11.21951 -0.476453 37.161773 1
-11.20571 -0.806653 38.065473 2
-11.91591 -1.297853 37.832473 1
-12.54191 -0.851353 37.260673 3
-12.72081 -0.679153 36.328173 4
-11.95361 -1.387253 36.604473 1
-11.39051 -1.021253 35.815273 2
-11.46591 -0.587653 34.934573 2
-10.94751 -0.986053 34.211873 2
-10.45901 -0.433353 33.613273 2
-9.46521 -0.367353 33.457473 6
-9.80291 -0.758653 34.277873 2
-9.54941 -1.688953 34.544173 2
-8.98281 -1.344053 35.242873 9
-8.29461 -1.080853 35.809373 9
-7.30721 -1.210853 35.673173 9
-6.36871 -1.274353 35.369073 6
-6.90941 -1.771653 34.752273 9
-7.46321 -1.072653 34.228773 9
-8.20071 -1.015753 33.571473 6
-9.03261 -1.389653 33.704573 2
-8.60781 -2.101153 34.164673 9
-7.98351 -2.369453 33.363173 8
-7.92201 -2.307353 32.382973 8
-8.47411 -1.686953 31.947473 6
-8.64071 -1.590153 31.017273 3
-8.59151 -2.528553 31.176273 3
-8.19161 -3.266253 31.745673 8
-8.31271 -4.099653 32.284573 8
-8.11991 -4.888153 31.763873 8
-7.92101 -5.830353 31.633973 2
-8.51761 -6.536953 31.314573 6
-9.11681 -5.832353 31.242173 2
-9.29551 -4.908653 31.024973 8
-9.72821 -4.348353 30.379173 14
-10.27611 -4.284053 29.600473 2
-10.47151 -3.572853 29.080473 14
-9.61911 -3.432753 28.655873 2
-10.09541 -2.671453 28.170273 3
-9.44261 -2.135853 27.776173 2
-9.97421 -1.365953 27.939773 12
-9.53631 -1.712853 28.750173 2
-9.22681 -1.912253 29.634873 2
-10.07031 -1.782753 30.043573 3
-10.43391 -2.648253 30.201373 3
-9.45811 -2.912353 30.036573 3
-8.86071 -3.363753 29.439973 2
-8.41741 -3.702553 28.672573 2
-8.95501 -4.556753 28.823773 10
-9.23251 -5.398653 28.424173 14
-9.39961 -6.112153 29.089473 1
-9.30041 -6.832153 28.403873 12
-9.96011 -7.395253 28.928073 2
-10.29121 -7.412653 29.844173 1
-9.40221 -7.630853 30.185173 9
-8.87741 -7.042053 29.693073 1
-8.02541 -6.586853 29.860573 1
-7.32771 -6.775453 30.492673 1
-6.79831 -6.331953 31.334873 3
-6.50311 -5.956753 32.180973 2
-5.84581 -5.202453 31.997273 14
-6.68951 -4.814453 31.853873 8
-6.73441 -4.010753 32.400073 8
-5.81101 -3.688753 32.447573 9
-6.25231 -2.883453 32.180673 2
-7.11851 -2.981853 31.774773 8
-6.82031 -2.009553 31.874873 1
-6.85361 -1.702453 32.790173 7
-5.97861 -1.192253 32.839273 2
-6.00281 -0.276153 33.100473 1
-6.35021 -0.185653 32.200973 2
-7.06371 -0.819753 31.845773 14
-7.79611 -0.387353 31.343073 8
-8.33401 0.107347 32.030773 6
-9.22981 0.176147 32.441073 6
-10.17821 0.431947 32.533573 1
-11.06271 -0.123853 32.613873 2
-10.58241 -0.951453 32.661173 2
-9.75141 -1.336853 32.345873 6
-10.41661 -1.787753 31.808773 3
-10.56991 -2.727153 31.482773 3
-10.03831 -3.523153 31.610873 1
-9.15771 -3.754453 31.974873 8
-9.18391 -2.733653 32.011873 3
-9.82621 -2.277653 32.685373 2
-9.78701 -3.185653 32.988073 8
-9.62791 -2.563853 33.662873 2
-9.08441 -3.438553 33.847173 8
-9.06251 -2.960153 34.621473 3
-8.40341 -2.780853 35.260073 9
-8.89061 -2.390953 36.005673 14
-9.77211 -2.635753 36.451773 14
-9.85791 -1.999353 35.656073 2
-10.82571 -2.113453 35.542173 2
-10.68281 -2.996353 35.969673 12
-10.96291 -3.750653 36.495573 9
-10.71981 -2.852553 36.966273 14
-11.45381 -3.080053 37.542273 3
-10.84051 -3.476853 38.138573 9
-11.54831 -3.398553 38.753973 1
-12.15271 -2.716453 38.412573 10
-12.69191 -2.943353 37.542073 2
-12.50061 -2.287553 36.848873 3
-12.30831 -2.884653 36.152173 9
-12.37821 -2.152753 35.495873 2
-12.63541 -1.333253 35.188773 2
-13.04881 -0.515153 34.795173 1
-13.27741 -0.657753 33.846973 1
-13.48341 -1.190553 33.042673 1
-12.51931 -1.307753 32.970773 2
-12.68271 -1.022753 32.118673 1
-11.97761 -0.445353 32.238373 2
-11.59781 0.350247 31.842273 8
-10.88771 0.484647 31.215173 3
-10.45081 1.044647 31.813773 2
-9.57441 1.584947 31.785373 6
-9.45081 2.495247 32.173473 2
-8.69311 1.985147 31.699173 6
-7.95571 2.745047 31.820173 8
-7.98001 1.973647 32.530773 6
-8.27361 2.332947 33.435773 3
-8.98551 1.714547 33.264073 12
-9.19661 0.733047 33.323173 6
-10.00571 0.711547 33.948473 2
-10.87051 0.777847 33.595573 14
-11.58251 0.994047 34.170073 8
-11.41491 0.053247 34.093373 2
-12.24501 -0.039753 33.619873 1
-12.14881 -0.883153 34.122373 2
-12.48801 -1.783253 33.934473 2
-13.33511 -2.170153 33.652573 3
-13.47381 -2.939153 33.087973 1
-12.57481 -3.204353 33.379073 2
-12.76591 -3.764553 34.188273 4
-13.79061 -3.958253 34.090073 12
-14.65781 -3.616353 34.268773 8
-15.58481 -3.819453 34.306873 14
-15.38381 -4.593953 35.013973 1
-14.94111 -5.177953 35.715473 14
-15.69571 -5.682853 36.122173 1
-16.26051 -4.916053 36.173373 2
-15.84051 -4.488753 36.956373 3
-15.04561 -4.113653 36.729673 2
-14.07561 -3.792153 36.501073 2
-13.74801 -4.740753 36.091673 14
-12.89271 -4.320353 36.317473 6
-12.11881 -4.201553 36.810773 9
-12.06541 -4.998653 37.235073 9
-12.56691 -5.756453 36.902773 3
-12.25331 -5.292253 36.031473 9
-11.89661 -4.456653 35.653273 9
-12.65441 -4.824153 35.052373 6
-11.85421 -4.558953 34.505473 1
-11.60681 -3.612053 34.446173 14
-11.50231 -2.771453 34.047773 2
-11.14551 -1.898953 33.800473 2
-10.54351 -1.993553 34.509873 2
-10.52651 -2.999853 34.650773 1
-10.21031 -3.435153 33.909273 2
-10.01521 -4.368353 33.810073 8
-10.80471 -4.867553 33.679873 3
-10.92461 -5.594453 34.196673 1
-9.94301 -5.353053 34.092173 3
-9.49841 -5.264853 33.254173 8
-8.57081 -5.108853 33.062773 8
-8.37021 -6.010953 33.164273 2
-9.04061 -5.993653 32.445273 3
-9.96331 -5.914453 32.182973 2
-10.54561 -5.549853 32.851673 10
-10.26831 -4.612853 32.754473 8
-11.01731 -3.970253 33.052373 2
-11.61681 -3.312253 32.791773 2
-12.30911 -3.154953 32.166673 8
-12.50611 -2.167353 32.196573 2
-12.65541 -2.458753 31.264373 7
-11.65231 -2.524353 31.426273 3
-11.20771 -2.535753 32.243373 2
-10.99621 -1.818853 32.796373 2
-11.60961 -1.402453 32.159973 14
-11.75461 -1.225053 31.245573 3
-11.92191 -0.533753 30.627773 4
-10.96141 -0.721953 30.959273 3
-10.22901 -0.582853 31.606673 6
-9.98451 -1.184153 30.820573 3
-9.62261 -0.616553 30.112573 14
-9.53101 0.053447 30.884873 6
-10.14011 0.692347 30.311073 14
-10.75661 -0.091353 30.116573 5
-10.99041 -0.598153 29.423273 5
-11.43061 -1.352753 29.887673 3
-11.97441 -1.961353 30.427373 3
-12.19011 -2.203953 29.510673 7
-12.77531 -2.591653 28.890473 10
-13.18231 -3.379153 28.426573 13
-14.15271 -3.492253 28.371573 3
-14.97891 -3.791753 27.968973 2
-15.42771 -3.400953 28.794673 6
-16.31461 -3.103953 29.000073 1
-16.08641 -3.258153 29.924673 2
-16.41471 -4.156953 30.055073 3
-15.71031 -4.653753 29.745573 1
-15.75071 -5.583453 29.515673 2
-14.92551 -5.307553 29.062373 1
-14.08651 -5.342353 28.528073 10
-13.60601 -6.171253 28.232973 9
-14.22111 -6.492053 28.856373 14
-13.86531 -7.116153 29.580273 1
-13.89511 -8.122453 29.468073 3
-14.27901 -8.553353 30.197973 1
-13.97561 -8.657253 31.159973 9
-15.01241 -8.420953 30.992073 8
-15.56671 -9.152853 31.232973 8
-16.21831 -9.389653 31.879473 9
-15.36971 -9.339253 32.359473 3
-15.78661 -9.656153 33.179073 3
-15.68551 -10.212653 34.003173 3
-15.39071 -11.138653 33.920073 1
-14.54411 -10.677953 33.771673 2
-13.82411 -10.423853 33.170073 2
-13.33661 -9.517253 33.271873 3
-12.69711 -8.791953 33.615973 12
-12.41111 -8.173153 34.284973 13
-11.85451 -7.448453 34.678273 14
-12.15431 -7.080253 35.477873 4
-11.56681 -7.051053 36.323873 3
-11.34051 -6.088453 36.361273 9
-10.43591 -5.629853 36.289473 5
-10.58291 -5.411553 37.265773 9
-11.34571 -5.547353 37.892473 3
-12.29131 -5.712653 37.923673 3
-13.16281 -5.376853 37.642373 10
-13.48921 -4.550353 37.202273 1
-13.70341 -4.627553 38.168273 1
-13.60041 -4.658753 39.088573 3
-14.34261 -5.116453 39.548873 2
-14.82761 -5.883853 39.272273 3
-15.53441 -6.622253 39.579573 8
-16.05391 -6.024253 40.163573 1
-15.59981 -5.229553 40.476373 3
-15.03871 -4.559453 40.758873 7
-14.84031 -4.122253 41.621043 2
-14.05391 -3.939153 42.109903 3
-14.33381 -4.872653 42.204563 1
-13.90741 -5.085653 43.014843 10
-13.19411 -5.823953 43.107923 10
-12.74011 -6.497853 42.604053 1
-12.71951 -7.385453 42.200213 6
-12.97471 -8.251553 41.824663 6
-12.71351 -7.510653 41.158273 3
-12.94081 -6.669953 40.652073 3
-13.34691 -6.542353 41.497183 9
-14.04941 -5.813353 41.275673 6
-13.23631 -5.330553 41.254073 4
-12.55201 -5.822653 41.705973 8
-11.83901 -5.250553 41.885223 13
-11.60001 -4.729653 41.122373 12
-11.34701 -5.152953 40.268373 3
-11.45371 -5.741653 39.527373 3
-11.79621 -5.132053 38.862973 6
-11.11791 -4.458553 38.535273 9
-10.62431 -5.221653 38.790673 9
-10.30051 -6.082053 38.368673 6
-10.83991 -6.702953 37.925073 3
-10.93821 -7.308953 37.233773 3
-10.00771 -6.980453 37.145573 10
-9.96611 -6.812353 36.193973 5
-9.87811 -7.445253 35.539873 10
-9.55591 -7.641453 34.630973 3
-8.88111 -7.112253 34.947073 9
-8.86721 -6.549053 35.679573 5
-8.98851 -5.692953 35.343873 5
-9.01011 -4.772153 35.146473 8
-8.68931 -4.855653 36.032073 5
-9.60141 -4.578753 36.071173 3
-10.16521 -4.585453 36.824773 9
-9.98901 -3.675953 36.807673 14
-9.36261 -3.953253 37.575473 14
-9.57581 -3.617153 38.492873 1
-10.04361 -4.280653 39.022473 9
-9.11941 -4.706853 39.235073 1
-8.18391 -4.778353 39.367173 1
-8.17001 -5.270053 40.185573 4
-7.19841 -5.126253 40.215773 3
-7.48421 -6.062753 40.029373 4
-7.90711 -6.877453 40.332973 1
-8.64171 -6.888653 39.710273 3
-9.60261 -6.758253 40.011473 3
-9.69231 -5.909353 40.525973 9
-9.77741 -6.610353 41.120673 1
-9.68501 -7.448453 40.686073 3
-9.89391 -8.152553 41.335103 1
-10.52311 -8.267053 42.090513 1
-11.21411 -8.201553 42.806383 6
-10.60561 -7.423053 42.678983 6
-10.15881 -6.604853 42.589813 13
-9.41441 -6.378953 42.017873 11
-9.77611 -5.466053 41.775003 13
-10.53481 -5.451553 41.087173 10
-10.88931 -6.317053 40.695073 3
-11.49311 -7.090053 40.607573 3
-11.83201 -7.946353 40.900873 3
-11.70771 -7.877553 41.871653 6
-10.96911 -7.316853 41.616913 15
-10.79171 -7.858153 40.884573 3
-10.21431 -8.278953 40.269473 3
-9.38461 -8.541053 40.563473 3
-8.52761 -8.512753 40.999873 6
-7.96151 -8.998553 41.611643 1
-7.36171 -9.658053 41.134073 4
-7.13591 -9.950153 40.255873 3
-7.95601 -10.514053 40.184773 9
-8.85341 -10.783053 40.187073 5
-8.91641 -10.482853 39.296773 9
-8.68351 -9.474953 39.309373 3
-8.50921 -8.651053 39.669473 3
-7.63191 -8.150353 39.589673 8
-6.75361 -8.278953 39.967373 4
-6.82201 -7.261853 39.717673 9
-5.97521 -7.091053 39.254773 3
-5.82601 -6.676053 38.406673 5
-5.70011 -5.710653 38.521373 12
-5.30291 -5.007453 39.049073 8
-4.41081 -4.875653 39.343673 3
-4.15041 -5.652353 38.855373 1
-3.50171 -6.335453 38.571873 2
-3.71201 -7.039153 37.984673 3
-2.90591 -6.610953 37.558873 1
-3.17511 -7.054853 36.785473 5
-3.73631 -7.810253 37.006873 3
-3.63121 -8.740853 37.297673 6
-3.45661 -9.619753 37.015073 10
-4.05531 -10.319453 37.126173 5
-4.82531 -10.020953 36.587473 1
-5.70481 -10.374753 36.159573 1
-5.81041 -10.576953 37.149973 6
-6.66881 -10.236253 37.444373 3
-7.07801 -9.819953 38.196173 5
-7.87821 -10.321253 38.504173 14
-8.33471 -11.222353 38.620273 3
-9.30051 -10.975553 38.433973 9
-10.22491 -10.745353 38.529173 9
-10.68371 -9.938153 38.861473 9
-10.77171 -9.041553 39.424773 3
-10.32421 -8.781553 38.608273 3
-9.81761 -9.013853 37.856073 9
-9.58911 -8.167053 37.421873 10
-8.72981 -7.863353 37.769773 13
-8.75811 -7.461153 38.682173 3
-9.48191 -8.115953 38.622773 3
-8.95641 -8.922953 38.424973 9
-8.34671 -9.405253 37.902073 3
-7.94611 -10.075653 37.300373 13
-7.65811 -10.800453 36.774673 6
-6.92281 -11.185053 36.183473 8
-6.87881 -10.249253 35.997873 1
-7.13721 -10.400453 35.086573 1
-7.87791 -9.811253 35.525973 6
-8.02071 -8.868953 35.396273 1
-7.60431 -9.055653 34.577473 1
-8.17161 -9.246753 33.782673 3
-7.67601 -8.630753 33.270573 3
-7.04551 -7.885753 33.220673 4
-6.92741 -8.078853 34.144773 9
-6.22531 -8.029853 34.801673 4
-6.54751 -7.175553 35.048173 1
-6.48491 -6.237153 34.897173 3
-6.32471 -6.011053 35.810573 9
-7.22471 -5.945253 35.554473 5
-7.83121 -6.730653 35.745773 5
-7.26441 -6.648753 36.574073 9
-7.19941 -7.577553 37.013373 1
-8.19151 -7.493753 36.823673 8
-8.57401 -6.556553 36.832873 5
-8.70341 -6.714153 37.869173 6
-9.54651 -6.858653 38.208273 11
-9.97061 -7.198453 39.006873 3
-10.43091 -8.012753 39.227873 3
-11.00591 -7.233553 38.981573 3
-10.70691 -6.341753 39.402373 10
-11.60061 -6.825253 39.667673 3
-12.50551 -6.461353 39.619173 3
-12.74831 -5.805253 38.951773 5
-13.00661 -6.614153 38.572773 1
-12.40901 -6.904853 37.931973 3
-11.61081 -7.416253 38.056173 3
-11.43231 -8.276153 37.669773 3
-11.09691 -9.099353 37.511073 9
-11.34561 -9.293353 36.564473 12
-10.82381 -8.838153 35.848073 1
-11.03231 -7.903953 35.788973 8
-11.75681 -8.289053 36.243273 3
-11.96281 -8.302853 35.231273 4
-12.51421 -9.026553 35.340773 14
-12.11801 -9.875553 35.593373 3
-11.69631 -10.343253 36.332373 10
-11.02191 -9.892753 35.809673 15
-10.42561 -10.703753 35.778073 3
-9.55741 -10.616053 35.345073 6
-9.55431 -10.034853 36.087973 3
-8.80241 -10.125853 36.684973 6
-9.34561 -9.938953 37.537173 9
-9.61471 -10.819653 37.398973 9
-8.99771 -11.165553 36.654673 6
-8.33081 -11.763253 36.990173 3
-7.99621 -11.722353 36.078773 6
-7.55561 -12.574853 35.782173 3
-7.39871 -13.495853 35.860273 13
-7.95401 -13.749453 36.690673 4
-8.85401 -13.968353 36.757373 6
-8.85991 -13.682853 37.662873 5
-9.56911 -13.131153 37.189873 3
-9.16841 -12.216953 37.329273 9
-8.84191 -12.623953 38.181773 1
-9.21951 -12.059353 38.815473 9
-10.20211 -12.210253 38.947373 9
-9.63771 -12.973453 39.321873 3
-9.85521 -13.767253 39.854973 1
-10.67941 -13.725053 40.368073 3
-9.99701 -13.189953 40.685473 3
-9.09401 -12.853953 40.480873 1
-8.77411 -12.245053 41.177473 13
-9.36991 -11.575153 41.755213 5
-9.01561 -10.881953 42.346653 5
-9.16461 -11.675853 42.907323 1
-9.64851 -12.500053 42.734173 1
-9.19761 -12.872653 41.990233 10
-10.05931 -12.585853 41.720203 3
-10.85181 -12.255953 42.072033 3
-10.59871 -12.179553 43.005513 15
-10.33611 -11.539553 43.689793 4
-10.87031 -10.952653 43.226783 6
-10.71471 -11.132353 42.296173 5
-11.63731 -11.131553 42.145313 3
-12.09091 -10.146253 41.906493 6
-12.99071 -10.572153 41.875743 8
-12.63231 -11.403053 42.251683 3
-13.64301 -11.746853 42.226743 8
-13.84281 -12.663853 42.027233 3
-14.58021 -12.785753 41.442803 4
-14.31141 -11.870453 41.364643 8
-13.36411 -11.940353 41.297073 9
-12.86591 -12.612853 41.760733 3
-13.29501 -13.055753 40.970273 3
-13.70861 -12.564353 40.224473 5
-13.53901 -12.073353 39.395673 4
-12.65861 -11.696553 39.462573 1
-11.82701 -11.160253 39.230973 9
-11.82021 -11.929653 38.766273 3
-10.95111 -11.539953 38.540173 9
-11.47941 -11.670853 37.775773 13
-10.78011 -11.067053 37.561073 9
-10.70471 -10.392553 36.894373 14
-11.42201 -9.992853 37.368173 9
-12.26931 -9.577753 37.239673 13
-12.45321 -8.657753 37.173573 3
-13.24551 -8.078153 37.275973 3
-14.13561 -8.276553 37.624873 9
-15.07681 -8.591253 37.569173 15
-15.18391 -7.865753 36.868873 6
-14.58731 -7.501853 36.224573 6
-14.46761 -6.643353 35.787773 1
-14.01851 -5.793153 35.674773 1
-13.37761 -6.463153 35.844773 1
-12.66071 -6.835953 36.429473 3
-13.16471 -7.136753 37.258573 3
-13.82511 -7.290053 38.091773 6
-13.91721 -7.664853 38.978673 10
-12.96431 -7.467053 39.065073 3
-12.02621 -7.451653 38.986673 3
-12.41121 -8.317053 39.244073 3
-13.24511 -8.698053 39.600573 10
-13.32351 -8.442153 40.532073 6
-12.40011 -8.511153 40.253373 3
-12.71111 -9.131453 40.980973 9
-13.41051 -9.864653 40.761273 11
-13.75351 -9.189653 41.368533 13
-14.22961 -9.702253 42.064543 8
-13.38581 -9.889353 42.522273 5
-12.53471 -9.483253 42.708073 6
-11.75611 -9.117253 42.219283 6
-11.13101 -8.817553 41.524593 3
-10.25861 -9.157753 41.256173 10
-9.33971 -9.434653 41.106673 5
-9.16971 -9.839453 40.234973 3
-9.89761 -10.122953 39.699573 9
-10.28261 -9.466353 40.257773 3
-10.16341 -10.082353 40.951573 5
-10.12351 -10.877253 40.374673 9
-10.32911 -11.540953 41.049973 1
-10.51391 -11.789353 40.149673 9
-11.34281 -12.179753 40.086373 3
-11.71471 -12.804453 39.481273 1
-12.50031 -12.560253 40.265973 1
-12.06751 -12.436653 41.190473 3
-11.34081 -11.787253 41.295573 3
-12.04881 -11.295753 40.958673 1
-12.87551 -11.176953 40.410873 4
-13.75771 -10.888253 40.665273 8
-13.60691 -10.916253 39.671373 1
-13.14241 -10.510553 37.971073 4
-12.39321 -10.058053 38.347873 9
-12.21921 -9.097353 38.603073 3
-11.75821 -8.984053 39.487373 3
-12.49001 -9.617153 39.473473 10
-11.69301 -10.180953 39.314573 9
-11.18251 -10.025253 40.176673 9
-11.38551 -9.635653 40.982573 3
-10.97861 -10.221353 41.609903 5
-10.54791 -9.627553 42.260683 6
-10.61961 -9.338253 43.175553 6
-10.19611 -10.142053 43.507893 9
-9.49211 -9.854453 42.879463 3
-9.04311 -9.796353 42.046843 5
-9.11741 -8.808653 42.167723 15
-9.71791 -8.593853 42.925583 3
-9.96091 -8.779553 43.844793 1
-10.93291 -8.670753 43.957913 6
-10.72931 -9.392853 44.528663 3
-11.27241 -9.974153 43.977923 6
-11.78131 -10.759553 44.316183 10
-12.74021 -11.131653 44.580993 13
-13.46941 -10.816853 44.014223 5
-13.61991 -11.432553 43.278133 3
-14.06221 -10.567553 43.252273 5
-14.66501 -11.309553 43.108503 1
-14.22101 -12.205153 43.217843 3
-13.72481 -12.941753 43.781603 13
-14.01321 -13.268153 42.838153 3
-13.21251 -13.756253 43.118163 3
-12.28041 -13.955353 43.324523 6
-12.43931 -13.230953 42.589463 3
-12.40551 -14.226053 42.305313 3
-12.72871 -15.047353 42.766153 6
-12.53391 -15.969753 42.999243 8
-12.60341 -16.841253 43.351463 3
-13.33881 -17.439253 43.388633 9
-12.75201 -18.204153 43.296463 13
-12.88311 -19.111453 43.663493 12
-12.91501 -19.647553 44.565483 4
-12.87991 -19.739253 45.541633 3
-12.15491 -20.049153 46.160663 14
-11.16171 -19.838053 46.213793 11
-10.86771 -20.588453 45.683883 4
-10.96531 -19.739353 45.222943 4
-9.94491 -19.639653 45.174793 3
-10.29751 -18.718253 45.061843 1
-9.61041 -18.236453 45.592843 3
-10.06881 -17.991653 46.407703 6
-10.99411 -18.546253 46.368573 6
-11.16451 -17.585753 46.288063 3
-12.00561 -17.754253 46.746073 1
-12.83571 -17.885353 47.175653 9
-13.35391 -17.095653 47.335523 1
-14.28891 -16.679353 47.204013 10
-14.84631 -16.813653 46.370293 1
-15.62451 -17.356753 46.128573 9
-15.25211 -18.100853 45.733053 4
-15.45671 -18.357153 44.809393 3
-15.12071 -18.702353 44.004713 6
-14.21401 -18.282353 43.928333 9
-14.81681 -17.657153 43.572293 1
-14.79871 -17.085953 42.835693 5
-14.17441 -16.362253 42.445163 8
-14.60981 -16.268753 43.280543 1
-15.04041 -15.549353 42.832313 10
-14.44021 -14.776853 43.023103 9
-13.60321 -14.660553 42.579243 3
-13.80241 -14.552053 41.667593 3
-13.16731 -14.243953 41.062673 3
-13.53881 -14.768153 40.225673 15
-12.99791 -15.546253 40.153473 5
-12.84291 -15.647653 41.051873 3
-12.74531 -16.639353 41.032973 8
-12.00171 -16.967453 41.521353 13
-11.52801 -16.118253 41.106273 5
-10.91031 -15.793853 40.470473 9
-11.46821 -15.553153 39.717773 13
-11.97211 -14.992753 40.281273 9
-11.86861 -14.506753 41.121873 3
-11.22661 -13.861653 41.491943 3
-11.47811 -13.180753 42.126733 3
-10.84001 -13.527953 42.739563 11
-10.57581 -14.127153 43.418523 9
-10.70421 -13.275553 43.891933 3
-10.04101 -13.045753 44.552723 6
-10.78501 -12.747053 45.056453 10
-11.02651 -12.047253 44.495123 13
-11.67531 -12.779753 44.365673 9
-12.53981 -12.380753 44.205783 13
-12.13881 -12.630153 43.317723 3
-12.39301 -11.712853 43.208713 3
-12.16261 -10.765953 43.228393 6
-12.34381 -9.947053 43.654543 6
-13.24681 -9.576953 43.687463 5
-13.65201 -8.857553 43.212123 8
-12.75781 -8.692153 43.650643 6
-13.45411 -8.304753 44.122253 3
-14.21551 -8.976853 44.152013 5
-15.01231 -8.445653 44.079813 6
-15.24501 -9.435053 43.936513 5
-15.84091 -8.913953 44.515203 15
-16.39801 -8.255453 44.068353 3
-17.17591 -8.021953 44.665613 3
-17.33221 -7.441053 45.419843 6
-17.00301 -7.501053 46.364723 4
-16.96371 -8.373253 46.825793 1
-17.73141 -8.738853 47.208313 1
-18.46711 -9.296953 47.028203 3
-19.15961 -8.619953 46.912633 4
-19.64911 -8.622753 47.695673 3
-19.42901 -7.762453 47.936753 10
-20.31091 -7.689953 48.327703 1
-20.09471 -6.734953 48.223433 1
-20.46591 -5.829553 48.276973 10
-19.66891 -5.714153 48.935523 3
-19.08231 -5.947453 48.233773 1
-18.63201 -5.045553 48.357523 3
-17.78471 -5.451753 48.107403 1
-16.89011 -5.700353 47.750143 3
-16.36631 -6.565253 47.475073 1
-17.06961 -6.873653 48.056473 6
-17.81101 -7.042253 48.638013 5
-17.88591 -7.527753 49.405133 3
-17.40041 -7.694353 50.214023 10
-16.70221 -7.066453 49.987003 14
-16.55391 -6.946553 49.034473 4
-15.95951 -7.171753 48.289883 5
-14.99331 -7.362153 48.242883 9
-15.41791 -8.212053 48.611333 12
-14.54851 -8.570553 48.402373 3
-15.24301 -9.303253 48.500733 4
-15.92581 -9.880953 48.874313 11
-15.14891 -10.406753 48.969053 3
-15.06901 -10.392753 48.011793 9
-14.43311 -11.138653 48.250483 9
-14.89931 -11.937153 48.230013 1
-14.57131 -12.803153 48.571343 10
-14.63531 -13.030053 47.601453 4
-13.99711 -12.815553 46.826803 6
-13.68131 -12.775453 45.887083 13
-13.07581 -13.451753 45.770993 13
-13.10091 -13.526553 46.784423 13
-13.87011 -13.959553 47.090373 6
-14.65591 -14.528553 47.004803 10
-14.81221 -15.170053 46.282083 9
-13.96521 -15.577553 46.371413 10
-13.07641 -15.258953 46.468033 8
-12.16291 -14.976253 46.345633 3
-12.59671 -14.644953 45.512343 4
-12.20711 -14.432253 44.638213 10
-11.94491 -13.713853 45.264743 4
-12.38081 -12.846053 45.315503 13
-11.62901 -12.522053 45.816743 13
-11.67801 -12.193053 46.764373 13
-10.80041 -12.136353 46.420603 4
-10.22071 -12.654053 46.956623 5
-9.47951 -13.045653 46.458123 1
-8.93951 -12.361053 46.001533 3
-8.02251 -12.543953 46.459233 4
-7.71911 -12.295553 45.486923 6
-8.10691 -11.468653 45.784923 3
-7.23281 -11.067753 46.064563 5
-7.18821 -10.340953 46.696093 10
-6.62951 -9.764953 46.192123 4
-7.35911 -9.317053 46.722843 1
-7.57561 -8.348453 46.898963 8
-8.28881 -7.697553 46.790193 10
-9.04751 -7.111353 46.951923 10
-10.00061 -6.820753 47.125843 6
-10.88551 -6.763753 47.482613 4
-10.95161 -7.745553 47.547763 4
-10.07461 -8.002053 47.513673 10
-10.64461 -8.773653 47.480383 9
-11.56411 -9.054153 47.136053 3
-11.93851 -8.158453 46.965663 4
-12.87421 -8.399053 47.239913 10
-13.73631 -8.502053 47.629113 11
-14.04861 -9.371253 47.938233 11
-13.41341 -9.962353 47.517903 11
-13.05631 -9.393153 46.775713 4
-12.65561 -9.309753 45.941013 1
-12.70211 -9.585153 44.998863 1
-13.67421 -9.518953 44.912203 5
-13.85861 -10.258253 45.526263 10
-14.60531 -10.653353 45.127093 5
-14.03391 -11.362653 45.504193 6
-13.01281 -11.714653 45.562483 13
-12.20611 -11.316653 45.976133 1
-11.23771 -10.967353 45.829073 13
-11.82641 -10.406953 46.334783 6
-11.65021 -10.746853 47.239103 10
-10.77591 -11.285453 47.187813 4
-10.41091 -10.516453 46.664893 13
-9.98571 -9.735453 47.162293 3
-9.44391 -8.907753 47.249703 10
-8.62391 -8.791253 46.806903 10
-8.54431 -9.662253 46.418403 6
-8.70441 -10.498853 45.988033 8
-8.97761 -10.898053 46.777333 4
-9.08381 -10.668053 47.703013 4
-9.08131 -11.569453 48.004203 9
-8.49631 -11.523353 48.800033 9
-9.30631 -10.994953 49.013773 13
-8.91511 -10.120053 49.389163 1
-8.39351 -10.852153 49.781513 4
-9.22831 -10.592053 50.274253 3
-10.10351 -10.245753 50.221963 15
-10.34701 -10.791953 49.473373 4
-10.72691 -11.177253 48.716533 12
-11.59141 -11.247353 48.287173 1
-12.08211 -12.019953 48.647003 11
-11.22291 -12.432353 48.684383 2
-11.56291 -12.292453 47.807953 15
-11.36701 -13.016453 47.301163 13
-11.01091 -13.413653 46.473493 13
-11.14481 -14.198953 46.920863 3
-11.21211 -14.085853 47.879003 4
-11.94381 -13.967153 48.468513 10
-12.16291 -13.080953 48.164143 1
-12.43901 -12.608153 47.405483 13
-13.36411 -12.446353 47.801543 5
-13.65201 -13.265853 48.295183 3
-13.87771 -14.156953 48.614653 4
-14.46171 -13.964853 49.320173 10
-13.99821 -13.310953 49.800103 4
-14.79501 -13.229553 50.294863 10
-15.18801 -12.596253 50.843859 1
-15.31761 -11.726353 50.477405 6
-16.27961 -11.919053 50.56583 1
-16.01271 -11.490953 51.356268 10
-16.29001 -11.062753 52.216215 9
-16.96321 -11.089253 52.970163 1
-16.01671 -10.826553 53.202173 1
-15.60611 -11.747653 53.013683 4
-14.63051 -12.005853 53.067403 1
-13.83461 -12.343253 52.500263 4
-13.42401 -11.473353 52.399763 6
-12.95551 -10.756853 51.973557 3
-13.51691 -11.133053 51.291476 10
-13.78191 -12.043153 50.989454 1
-13.02791 -12.231253 51.58885 4
-12.09661 -12.073353 51.571134 8
-11.34131 -11.598853 51.633236 13
-10.78031 -11.739253 52.434423 11
-10.57711 -11.024253 53.082933 8
-11.52211 -10.687853 53.112153 10
-11.11301 -10.358953 52.286965 5
-10.22211 -9.950953 52.091184 10
-9.73571 -9.617253 52.885953 4
-9.81831 -8.952353 53.560993 13
-9.14411 -8.669153 52.893143 5
-9.35061 -8.018453 52.211488 1
-10.09941 -7.579353 51.803592 13
-10.77931 -7.977653 51.320314 3
-11.18131 -8.821453 51.565741 10
-11.56271 -8.747353 52.486733 1
-12.15911 -8.937253 51.766448 13
-12.46131 -9.542353 51.079783 6
-12.50361 -9.503653 50.082173 5
-12.75371 -9.105953 49.200383 11
-11.93431 -9.040253 48.723643 11
-11.58381 -8.228353 48.392103 4
-12.22931 -8.186653 49.165143 10
-12.84971 -7.505953 49.459663 6
-12.17961 -7.064453 48.796083 4
-12.44301 -6.117153 48.463913 15
-11.62361 -6.263953 48.011933 4
-11.40711 -5.390453 48.320203 4
-11.79361 -4.839853 48.996603 9
-11.83081 -5.300253 49.813193 3
-11.12781 -5.924353 50.129393 5
-11.29751 -6.544653 49.401983 4
-10.30751 -6.738953 49.565973 13
-10.23121 -7.669353 49.273203 12
-10.04191 -7.214253 48.473743 4
-9.27751 -6.940053 48.005873 10
-8.76551 -7.504453 48.626483 10
-8.81041 -7.439053 49.549873 8
-9.11571 -6.547153 49.555703 10
-9.58641 -6.656253 50.441308 3
-8.94381 -5.868753 50.612878 1
-8.60451 -5.058253 51.16452 6
-7.93441 -4.247953 51.107256 13
-7.48711 -4.899553 51.680886 9
-7.49401 -4.216953 52.339463 13
-7.15831 -4.352153 53.231943 4
-7.19511 -4.544353 54.168903 3
-7.49041 -5.468453 54.522113 1
-6.90841 -5.127753 55.229933 10
-7.43911 -5.911553 55.675913 1
-8.37141 -6.129153 55.934433 10
-8.27071 -6.191953 55.006133 1
-8.88941 -5.579053 54.651273 4
-8.64281 -4.646853 54.265913 1
-8.98031 -4.517253 55.269893 4
-9.92951 -4.610253 55.575613 1
-9.96241 -5.281553 54.878883 3
-10.88801 -5.445153 55.184013 1
-11.43261 -5.358253 55.961823 4
-11.95721 -6.120353 56.121783 15
-12.55131 -5.456953 55.691723 11
-12.62911 -4.719253 55.035523 9
-12.83261 -5.158353 54.214193 10
-13.70221 -5.609653 54.219623 10
-14.61711 -5.621553 53.805963 4
-14.81021 -5.711253 52.856343 6
-14.27841 -6.311253 52.379873 13
-13.45921 -6.407653 52.916553 4
-12.90251 -7.207153 52.898663 6
-13.70491 -7.759453 52.919023 3
-13.19281 -8.564653 52.973283 13
-12.58001 -9.078553 53.585233 10
-13.37841 -8.883753 54.050463 1
-14.08661 -9.014253 54.700593 11
-13.64451 -9.072953 55.634523 5
-13.66181 -10.029453 55.533803 13
-14.32391 -10.662453 55.303403 4
-13.90281 -10.276753 54.549943 10
-14.44311 -9.764253 53.923583 4
-14.27421 -9.795453 52.896743 13
-15.13461 -9.320353 53.047803 4
-15.61471 -9.131553 52.246344 10
-16.22471 -9.702153 51.716213 8
-17.12221 -9.853453 51.381992 12
-17.90531 -9.277053 51.279165 10
-18.42751 -8.522153 50.937849 3
-19.05231 -9.102853 51.333867 4
-19.94911 -9.271153 51.24267 6
-19.88751 -10.208153 51.207499 8
-20.71521 -10.844453 51.171788 6
-21.40371 -10.780753 50.508827 13
-22.20721 -11.306553 50.517043 9
-22.60721 -11.641953 49.723853 1
-22.85681 -11.282353 48.898673 4
-23.56441 -11.204853 48.265843 4
-23.42681 -11.094553 47.299223 10
-23.03691 -11.925153 47.786683 13
-22.42441 -12.368153 47.212193 1
-23.25011 -12.838653 47.077353 10
-24.10334 -12.372053 47.008233 1
-23.61851 -11.939553 46.297433 13
-22.81331 -11.333753 46.159083 4
-22.61451 -11.203553 45.265033 1
-21.78021 -10.693653 45.184083 3
-21.60971 -11.648353 45.227343 5
-21.90831 -11.599053 44.297393 9
-21.27961 -12.365753 44.286383 15
-20.51581 -12.907653 44.175473 4
-19.72031 -12.302553 44.438663 10
-19.09441 -12.480353 43.680593 3
-18.53751 -12.965953 43.081253 10
-17.84541 -13.617153 43.367553 13
-17.40961 -13.434353 44.232003 10
-16.85411 -13.094053 43.522343 11
-16.05641 -13.606853 43.670323 10
-15.52711 -14.374453 43.847243 6
-16.24461 -14.578353 44.518133 4
-15.60721 -14.165253 45.264673 6
-16.36791 -13.609953 44.963023 4
-16.10961 -13.064053 45.600233 9
-16.37961 -12.507553 46.353733 3
-15.96731 -11.734153 46.791913 4
-15.06181 -12.054653 46.602813 9
-14.81401 -12.817553 45.991233 7
-14.44361 -12.820853 45.090793 13
-15.07251 -13.182053 44.497653 4
-15.56981 -12.326353 44.689883 10
-15.54401 -11.396953 44.553703 5
-16.24331 -10.723853 44.782813 10
-15.42421 -10.404153 44.360953 5
-15.70471 -10.971453 43.692253 1
-15.11351 -10.282653 43.399163 5
-15.90301 -10.083253 42.849563 4
-15.97301 -10.254953 41.891463 13
-15.29041 -10.866253 41.576093 8
-14.91531 -10.675253 40.700073 1
-15.27261 -9.699553 40.822173 1
-14.99681 -8.883553 40.469873 1
-14.66221 -8.069653 40.904473 1
-14.47131 -7.465753 41.564223 4
-14.67761 -7.524953 42.566443 1
-14.15311 -6.673153 42.630833 10
-13.66971 -7.098453 43.352003 10
-12.76801 -7.475353 43.352243 6
-11.99121 -7.970453 43.619663 6
-12.31161 -7.861753 44.573583 3
-11.83171 -8.358953 45.274293 12
-11.32821 -8.363053 46.079463 4
-10.39891 -8.300253 46.025283 10
-10.23581 -7.350053 46.193523 4
-9.56681 -7.473353 45.560823 10
-9.39621 -8.437653 45.544253 14
-8.50391 -8.180853 45.792133 10
-8.17721 -8.881653 45.221593 13
-7.55431 -8.257853 44.750093 4
-8.18331 -8.330053 44.042693 11
-8.22791 -7.397153 43.642603 8
-8.13461 -6.972053 42.755133 10
-7.49891 -6.933053 42.000173 13
-7.81051 -6.043553 42.268223 3
-8.33711 -5.232753 42.323773 4
-9.03341 -4.533653 42.477123 11
-10.02341 -4.626853 42.631843 13
-10.06631 -3.686653 42.636293 13
-9.95751 -2.671153 42.695853 4
-9.44401 -2.326253 42.066583 15
-10.26081 -2.600453 41.653713 4
-11.21991 -2.682453 41.711453 5
-11.43731 -3.646453 41.848173 6
-11.31051 -4.469753 42.252953 13
-12.11391 -4.130853 42.746603 9
-12.97651 -4.285553 43.221333 10
-13.59991 -4.050853 43.964783 10
-12.97721 -4.158453 44.650573 10
-12.57301 -4.204153 45.515663 6
-11.81831 -4.020453 46.133413 4
-11.46031 -4.781253 46.636493 4
-11.36151 -4.584953 47.594293 4
-10.90031 -4.365953 48.447733 9
-11.24591 -3.785053 49.131703 5
-10.99971 -3.747553 50.063863 1
-10.11971 -3.793653 50.455104 1
-9.39201 -4.322653 50.597743 8
-8.71201 -3.773953 50.119993 13
-8.14111 -4.558653 50.098763 13
-7.82261 -5.463853 49.967283 1
-8.35961 -5.418553 49.131213 10
-8.91361 -4.787453 48.736963 7
-9.57061 -4.516953 49.384413 3
-10.06711 -5.183853 48.873393 1
-10.34721 -5.159053 47.977223 4
-9.89721 -5.959253 47.672443 4
-8.85561 -6.202653 47.518263 10
-7.95831 -5.942553 47.745453 10
-7.80901 -5.011553 47.513603 5
-7.12211 -4.427653 47.246983 6
-7.47631 -3.515653 47.338783 11
-7.45151 -3.059853 46.510943 12
-7.08371 -3.672053 45.803863 11
-7.94941 -4.118853 45.907373 14
-8.24751 -4.783953 46.591943 13
-9.04141 -5.290453 46.291783 3
-9.27491 -6.222253 46.422553 10
-10.05821 -5.759353 46.708163 4
-10.76781 -5.282453 46.136483 4
-9.95491 -5.438153 45.580603 13
-9.44381 -6.266153 45.257793 10
-10.39891 -6.460453 45.304843 4
-11.05181 -7.076753 45.444733 4
-10.52531 -7.485853 44.809503 6
-9.73211 -7.835853 44.364463 9
-9.13611 -8.601753 44.489983 5
-9.03381 -9.424353 43.983603 10
-8.33181 -9.578053 43.244663 15
-8.57691 -8.647453 43.055123 5
-7.68361 -8.776653 42.783353 10
-7.27391 -8.612353 43.619113 4
-6.29051 -8.784253 43.371703 1
-5.85681 -8.036453 42.924913 1
-5.91421 -7.703253 41.962723 4
-4.99611 -7.592253 41.771123 10
-4.65021 -7.824953 42.683853 5
-4.84891 -8.601653 42.210443 10
-5.70331 -9.043453 42.340373 3
-6.07101 -9.748553 41.732763 4
-5.42611 -10.293453 41.296073 13
-4.52691 -10.518753 41.062473 9
-4.51131 -11.298553 41.643973 15
-4.65421 -12.218753 41.557303 13
-5.37461 -11.880453 41.054473 4
-5.82011 -11.934753 41.904273 1
-6.05751 -11.255353 42.609023 10
-5.30451 -10.775553 42.221413 13
-5.12111 -11.380753 42.919133 4
-4.43831 -10.639153 43.090393 9
-4.14541 -10.659353 43.986673 1
-3.90771 -10.777553 44.880403 4
-4.81191 -10.954553 45.227733 6
-4.21921 -11.689453 45.729833 10
-3.82681 -11.359653 46.533043 13
-3.00611 -10.824353 46.311893 5
-2.35591 -10.733953 45.492803 4
-2.32431 -10.396953 44.629423 10
-1.53151 -10.053353 44.983853 7
-0.86431 -9.912853 44.224683 8
0.02759 -10.310653 44.078283 4
0.88519 -9.851353 43.951603 10
0.56399 -8.982753 43.820573 10
-0.39461 -8.837453 44.019263 3
-1.12471 -8.372453 44.414283 8
-1.62801 -9.150753 44.070533 6
-2.35971 -8.887553 43.508003 13
-2.38651 -7.917453 43.455093 11
-3.27371 -7.947253 43.846293 4
-3.84111 -7.752453 44.535033 4
-2.97471 -7.635553 44.910273 1
-3.04631 -7.290153 45.875313 1
-3.73501 -7.061953 46.524373 6
-4.46421 -6.977053 47.303643 1
-5.25091 -7.490553 47.665093 4
-5.67541 -7.988953 48.376063 1
-5.97831 -8.559053 49.123333 10
-6.35841 -9.156453 48.454233 1
-7.10641 -8.547353 48.269803 6
-7.98441 -8.188153 48.096113 10
-7.94201 -8.325353 49.044563 4
-7.78561 -7.374053 48.808323 10
-7.37691 -6.639953 48.407763 10
-6.98851 -7.432953 47.948113 13
-6.31711 -7.012553 47.369513 12
-7.13591 -7.153953 46.917403 10
-6.64661 -7.112253 45.996923 4
-7.54411 -7.242153 46.023883 10
-7.58321 -7.202153 45.032813 15
-8.17611 -6.487453 44.796193 14
-7.79741 -6.320253 45.673633 10
-7.69481 -5.459053 45.136213 13
-7.04621 -4.892753 44.781153 4
-7.58831 -4.331853 44.270733 5
-7.99671 -3.378453 44.157983 3
-8.87891 -3.456353 43.658003 13
-8.90521 -4.144953 44.272613 13
-8.69461 -4.513553 45.141333 5
-8.99401 -3.867653 45.758393 15
-9.64591 -4.140753 46.324093 4
-9.31381 -3.970153 47.150943 1
-9.92461 -4.191553 47.837203 4
-9.91961 -3.253153 48.108613 10
-9.79441 -3.024953 49.069873 10
-9.03321 -3.651853 48.755323 1
-8.17221 -3.260753 48.498653 9
-7.41171 -3.365153 49.091013 13
-7.21421 -2.760853 48.334963 11
-6.89031 -2.148153 48.960313 6
-6.44681 -1.766753 49.686343 4
-7.30101 -1.902753 49.995713 4
-8.15511 -1.677153 50.493652 10
-8.39711 -2.027753 51.3653 3
-8.71241 -2.745753 52.046653 7
-8.03021 -2.210753 52.519733 4
-8.76831 -1.568553 52.947413 5
-8.16021 -1.784053 53.641953 9
-8.67241 -1.817853 54.452313 9
-9.47391 -2.342253 54.074823 4
-9.09601 -3.199253 54.367133 10
-9.56391 -3.378753 55.155463 13
-10.10321 -3.452853 54.366413 13
-11.01961 -3.266853 54.244153 10
-11.53331 -4.035053 54.098373 6
-12.22011 -4.198553 53.494433 11
-12.74751 -4.751253 52.867913 10
-12.49741 -3.999053 52.293172 8
-12.66581 -4.258453 51.377778 7
-12.85091 -5.127553 51.683007 4
-13.62561 -4.635453 51.791798 8
-14.48081 -4.748653 51.264165 1
-14.93741 -4.261953 50.413826 13
-14.02911 -4.628653 50.111883 1
-14.17341 -5.343953 49.406373 1
-13.76291 -5.329953 48.483153 1
-13.54071 -5.816453 47.660993 5
-13.07861 -5.045853 47.198583 4
-12.50991 -4.982453 46.406513 4
-13.33321 -4.680353 45.941893 10
-13.59671 -3.763853 45.756113 5
-14.28441 -3.068653 45.569093 4
-13.90571 -3.441153 44.757083 10
-14.77351 -3.395053 44.266033 3
-14.87221 -4.297253 43.973223 1
-14.36441 -5.057153 44.090913 10
-13.92571 -5.697853 44.600903 10
-13.15281 -6.169253 44.279803 10
-12.17921 -6.526053 44.255233 7
-11.20461 -6.222853 44.245303 4
-11.11481 -6.508253 43.316233 6
-10.37671 -5.930253 43.567963 13
-10.02121 -6.882053 43.682333 6
-9.44811 -6.140753 43.901453 13
-8.94881 -5.456653 44.391603 6
-9.30821 -4.935653 43.731493 13
-10.28681 -4.993753 43.489983 13
-10.73071 -4.519053 44.172823 13
-11.46841 -5.122253 44.476403 4
-12.02541 -4.580653 43.787683 10
-11.41071 -5.198053 43.356513 13
-12.25001 -5.618953 43.750793 10
-12.29891 -5.642153 44.738093 4
-12.53551 -5.852053 45.615513 4
-13.48951 -5.937453 45.839593 9
-14.30791 -5.480953 45.538953 10
-14.75921 -5.877653 46.284013 5
-13.89651 -6.217453 46.734363 4
-14.04331 -7.192553 46.832793 9
-13.43311 -7.117753 46.108743 10
-12.70761 -7.771853 45.998443 15
-12.45211 -7.138153 46.768633 4
-12.64151 -6.617453 47.544473 6
-11.79551 -6.451853 47.051513 4
-11.76511 -5.762753 46.386073 4
-11.94581 -6.569053 45.966963 4
-12.56971 -6.874753 45.252873 12
-13.24521 -7.496153 44.945443 3
-14.19191 -7.555453 45.225103 11
-14.37491 -6.813953 44.594523 10
-14.89171 -6.700453 45.375543 10
-15.26441 -7.206053 46.038293 1
-15.94331 -6.559753 46.195433 1
-15.96491 -6.044753 45.336323 10
-16.49771 -5.847353 44.513453 1
-16.00581 -6.641553 44.344153 10
-16.02211 -6.985153 43.461313 7
-15.01101 -6.687053 43.773273 10
-15.12621 -5.741553 43.493813 10
-15.70341 -5.109453 43.941413 11
-15.33951 -4.845053 44.783343 10
-15.08631 -4.197953 45.386003 10
-15.66991 -4.434053 46.111903 5
-15.52501 -3.791053 46.862883 1
-15.60611 -2.846253 46.996823 8
-14.72891 -2.505553 46.763973 3
-14.85681 -2.483153 47.799123 4
-13.91721 -2.276253 47.842753 10
-13.87461 -1.364553 47.626443 13
-13.99491 -1.194653 48.658013 7
-13.19481 -1.478153 49.073243 7
-13.02631 -2.437953 48.834283 4
-12.55871 -3.150753 49.319203 13
-12.59311 -3.924853 48.636503 7
-12.72751 -4.695853 48.079073 4
-13.33841 -4.029353 47.625063 4
-13.42181 -3.206053 47.050513 1
-12.52511 -3.091653 47.447833 1
-12.04321 -3.154753 46.617583 4
-12.47971 -2.827253 45.774493 10
-11.78241 -2.301453 46.125513 4
-12.04571 -2.098353 45.255833 1
-11.59991 -1.449053 44.605973 6
-10.91081 -1.883353 45.136063 7
-10.04101 -2.088153 44.637033 10
-9.88501 -2.951753 44.144843 12
-10.60151 -3.090253 43.541013 13
-11.33991 -2.563353 43.025593 9
-12.05341 -2.344153 43.656263 5
-12.39031 -2.722953 44.406403 10
-11.69741 -3.320353 44.573403 9
-11.24091 -4.123053 45.031353 4
-10.71631 -4.882753 45.169363 4
-9.95761 -4.296153 44.867123 13
-10.05131 -3.579253 45.500423 4
-9.60941 -2.734253 45.505433 5
-8.94721 -2.450853 46.061303 3
-8.55941 -2.075853 46.793853 15
-8.81661 -1.651753 47.631763 10
-8.66241 -2.571953 47.902533 11
-8.02091 -1.928353 48.296363 11
-8.72201 -1.323353 48.677663 10
-8.72791 -2.027953 49.248843 10
-8.46571 -2.858753 49.753483 13
-8.43541 -2.814053 50.762396 13
-9.39551 -2.968753 50.548387 15
-9.70691 -2.301953 49.842803 8
-9.72061 -1.492453 49.258153 10
-10.47801 -1.685253 48.757203 10
-11.32301 -1.762153 48.376913 3
-10.98401 -2.604253 48.128423 4
-11.34841 -3.404453 47.770153 1
-11.19041 -3.872853 46.952873 4
-10.31501 -3.431953 46.816233 4
-9.87421 -2.486153 46.878993 1
-9.82701 -1.610953 47.284763 10
-9.74881 -1.586053 46.337843 1
-10.51851 -2.147153 46.177343 4
-10.73711 -1.378453 46.843863 1
-10.82461 -0.970153 47.793243 10
-11.70631 -0.803153 48.020843 7
-11.41551 -0.880453 48.879133 10
-12.22261 -1.533053 48.830093 5
-12.54101 -0.636753 48.564643 7
-12.51421 -0.712853 49.527273 4
-11.84141 -1.242653 49.860443 10
-11.85881 -2.157553 50.230173 7
-11.09481 -1.729653 50.582616 10
-11.02631 -2.231953 51.382152 9
-10.50091 -2.661253 51.998642 5
-10.31201 -1.730753 52.010562 6
-9.57181 -1.294253 51.555388 6
-9.33571 -0.629753 50.78116 10
-8.38001 -0.735653 50.867604 10
-7.58591 -1.048753 51.424966 4
-7.34451 -1.971253 51.20646 4
-7.01451 -2.859153 50.917761 13
-6.81281 -3.802253 50.827691 13
-6.03701 -4.348553 50.850581 1
-5.21001 -4.520553 50.315253 10
-5.36621 -5.420853 50.071043 9
-6.08111 -6.006353 50.363687 1
-5.69751 -5.816353 51.232967 1
-5.40921 -4.915353 51.586782 1
-5.27451 -5.110553 52.523263 3
-5.73841 -4.222253 52.606983 7
-5.92881 -3.461253 53.144363 1
-6.07801 -2.942453 52.246721 10
-5.79031 -2.321153 51.505018 4
-6.28261 -2.094153 50.689693 4
-6.76961 -2.770853 49.974563 13
-6.03731 -2.613753 49.296873 8
-5.96871 -2.749553 48.289153 8
-6.41031 -2.461653 47.496393 11
-5.47941 -2.195153 47.496213 4
-6.08241 -1.424753 47.336433 11
-5.87971 -1.532353 48.298183 7
-6.52521 -0.778953 48.456713 11
-6.32301 -0.368353 49.351213 13
-7.15631 -0.936553 49.506863 4
-7.81721 -0.535453 50.028063 10
-7.91661 0.253147 50.590671 10
-6.96541 0.020647 50.494264 4
-6.93061 -0.289553 51.463629 4
-7.66511 0.272547 51.596778 10
-8.36471 -0.246553 52.028068 3
-8.94151 0.461247 52.328812 10
-9.11671 0.083047 53.314653 5
-8.49931 0.740447 53.676213 4
-8.70621 1.402747 52.956173 5
-7.77971 1.175847 52.887063 6
-7.13951 0.600647 53.260273 13
-6.96381 -0.078453 52.559813 6
-6.20571 -0.658753 52.331596 7
-5.60251 -1.342053 52.251393 4
-4.94301 -0.761253 51.798932 1
-4.51291 -1.182753 51.002363 10
-5.48641 -1.078753 50.842517 4
-6.04791 -0.330553 51.08171 4
-6.10121 0.578547 51.195843 5
-6.85351 1.089547 50.808489 1
-7.49171 1.852147 50.697417 13
-8.21941 1.349047 50.378343 9
-8.80151 1.122147 49.649093 10
-9.31251 0.967047 50.423087 10
-9.75651 1.708647 50.953853 15
-10.28281 1.953347 50.168443 15
-10.48881 1.049347 49.992153 10
-10.66061 0.069947 49.640413 10
-11.37771 0.172547 50.329613 13
-10.95851 -0.586153 50.637382 10
-10.16841 -1.091153 50.563284 9
-9.77811 -0.442353 49.858183 10
-9.26651 -0.391553 48.990993 10
-9.71471 0.059447 48.257803 10
-10.37041 -0.076853 47.500353 15
-11.25281 0.166347 47.266423 7
-11.15841 1.122647 47.086403 12
-10.80021 1.224147 46.185883 4
-11.12931 2.053547 46.532473 12
-11.10261 2.197247 45.573363 4
-11.86861 1.607547 45.771873 1
-12.41711 0.998847 45.282103 7
-13.13691 0.352747 45.285773 3
-13.02541 -0.494253 45.625743 10
-12.76321 0.195047 46.312313 4
-12.93931 0.238947 47.279463 7
-13.33191 -0.565253 47.016893 1
-13.98881 0.107647 47.167533 7
-13.98551 1.041147 46.860983 1
-14.04191 1.981347 46.666143 10
-14.83571 1.631847 46.245033 11
-15.17031 0.791347 46.590513 1
-15.07831 0.971447 47.568213 13
-14.59121 0.227147 48.049253 7
-14.05341 0.559047 48.810003 7
-14.47671 0.195347 49.623903 13
-15.26271 -0.239053 49.227513 10
-15.88211 -0.915153 49.446483 9
-16.63231 -0.433653 49.183993 11
-16.78491 -1.388553 49.375613 4
-17.72991 -1.300353 49.658883 14
-17.55021 -1.043253 50.61913 7
-17.30881 -1.325753 51.509405 6
-18.13281 -1.741853 51.954275 10
-18.51671 -1.042753 51.522928 4
-19.29371 -0.699953 52.017433 7
-20.13621 -0.370753 51.595786 12
-20.10331 -1.319053 51.647513 4
-20.81331 -1.688253 51.065293 7
-20.33501 -2.241453 50.458258 12
-19.63021 -1.682553 49.988843 13
-18.73801 -2.012453 50.374549 12
-19.15221 -2.880553 50.501238 10
-19.30981 -3.651053 51.139307 4
-18.76321 -4.419953 51.381748 7
-19.43941 -4.274753 52.057106 4
-20.24961 -4.655753 52.365613 10
-19.64871 -4.329953 53.058163 12
-20.61991 -4.185953 53.142563 10
-20.44371 -3.293253 52.798423 14
-20.19171 -2.538153 53.304703 7
-20.48321 -1.662253 53.655993 10
-20.34881 -0.697153 53.862493 3
-20.41821 0.001847 53.164873 7
-20.31681 1.046347 53.234413 10
-19.55511 1.514147 53.024683 7
-19.52431 1.640947 52.091681 10
-18.73971 1.202247 52.167628 1
-18.50441 2.126547 51.826859 1
-19.00171 2.364847 51.056258 1
-19.76371 2.929247 51.148736 1
-20.15021 3.191947 52.025693 10
-20.41841 2.355647 52.458923 7
-21.13541 2.770847 53.041513 1
-21.12121 2.889147 54.016143 4
-21.13951 2.035447 54.597383 9
-20.34051 1.823947 54.186503 7
-19.97281 2.738947 54.067303 1
-19.23691 3.356947 53.850333 5
-19.15561 4.011147 54.571563 7
-18.42551 4.604247 54.895693 10
-17.60871 4.980047 54.557773 15
-16.90461 4.393347 54.252113 14
-16.33601 4.758547 53.529493 10
-15.76181 4.016447 53.510123 11
-14.91481 3.569547 53.667923 4
-14.10671 4.100847 53.715913 1
-13.33801 4.396047 53.213733 4
-12.82861 3.520947 53.225173 11
-12.42921 3.715247 54.174493 12
-12.07961 4.571147 54.002073 7
-11.44461 5.125447 53.577063 10
-11.89741 4.419447 52.978313 7
-10.98991 4.147847 53.398593 10
-10.94551 3.863547 52.487883 9
-10.19231 4.355147 52.132782 7
-9.33741 4.694047 52.190978 7
-9.53561 3.843947 52.671283 13
-10.01991 3.016847 52.793443 12
-10.09491 2.271447 52.157921 15
-9.59101 1.457647 52.340063 14
-9.75881 0.838547 51.514454 10
-9.87611 -0.088153 51.635883 10
-10.78381 -0.134153 51.961213 14
-10.88631 0.670547 51.38154 10
-10.90421 0.932947 52.283194 1
-11.88851 1.258547 52.286934 1
-12.43961 0.753847 52.907263 7
-11.91571 0.298447 53.519753 1
-11.88631 1.189847 53.855323 1
-11.66871 1.839847 54.519553 12
-10.70921 1.958847 54.758473 7
-10.78661 2.849347 54.413203 10
-11.23701 3.067947 55.190403 1
-11.09361 2.520747 56.040093 1
-11.27741 2.709347 56.995693 4
-10.46471 2.075547 57.008443 10
-10.89631 1.205747 56.989803 4
-11.82191 1.237747 57.236603 13
-12.75911 1.389447 57.576903 7
-12.49371 0.460647 57.635503 6
-12.56221 0.568647 58.593373 10
-13.01091 -0.244953 59.011413 8
-12.62701 -1.120653 59.143213 7
-12.08591 -0.873953 58.429013 12
-11.12131 -1.105453 58.455743 11
-10.81021 -2.072853 58.185193 7
-9.95981 -1.862953 57.778783 4
-10.21351 -0.937653 57.679803 12
-9.39071 -0.602353 57.997183 11
-8.47411 -0.672953 58.104443 4
-8.36641 0.238247 58.536133 10
-7.49741 0.564547 58.792163 1
-7.11421 1.308847 58.303143 10
-6.23881 1.197747 57.822063 7
-6.24411 1.371247 56.944923 10
-5.31401 0.927147 56.999483 9
-5.55221 0.226147 57.650303 7
-5.26521 -0.407253 57.018023 10
-6.02201 -0.738353 56.470803 13
-5.17541 -0.973253 56.012893 11
-5.30641 -1.830553 55.531263 10
-5.73671 -2.673253 55.418733 13
-6.28401 -3.074553 56.119533 14
-5.87151 -2.995653 56.904713 15
-5.09361 -3.683453 57.160983 7
-4.66081 -4.460053 57.599883 7
-4.16281 -4.883053 56.922653 1
-3.76841 -4.240453 56.177573 1
-3.38041 -5.058953 55.913833 5
-2.45421 -5.169653 56.178383 7
-2.38261 -4.930353 55.179583 7
-3.21201 -4.432653 55.110533 10
-3.42711 -4.480953 54.197743 4
-3.85701 -3.688853 54.543763 1
-3.73101 -2.735853 54.852983 1
-2.80141 -2.773953 54.684363 1
-2.33321 -3.176653 53.965173 4
-1.93701 -3.396553 53.150383 16
-1.34761 -4.123253 52.739873 10
-1.61731 -3.830253 51.860682 10
-2.02731 -3.008753 51.498156 6
-2.83881 -2.427453 51.587716 1
-3.16081 -1.474753 51.191356 1
-3.23491 -0.721153 50.57 7
-3.73741 0.031147 50.35891 11
-4.06591 0.019147 49.380573 4
-3.75691 -0.808653 49.115673 10
-3.94921 -0.410653 48.261243 14
-4.14711 -0.238853 47.355323 10
-5.05081 0.076147 47.587383 7
-5.94441 -0.184953 47.511413 11
-6.42591 0.616847 47.112273 14
-7.04031 0.869847 47.810993 7
-7.63881 0.188847 48.140903 10
-7.59341 -0.716053 48.396093 11
-8.17391 -0.360053 49.106843 10
-7.97811 0.595447 49.519413 10
-7.51271 1.351447 49.189823 7
-7.13941 1.698847 48.339463 1
-6.85131 2.625247 48.207983 4
-6.50051 3.266347 48.782813 12
-7.34791 3.855447 48.685543 1
-8.13231 4.477247 48.801333 7
-8.90441 4.051947 48.418003 7
-9.48471 3.447747 47.902193 12
-9.62791 2.850847 47.141253 12
-8.66611 2.544147 47.094653 9
-8.99081 2.789147 46.248763 10
-9.49291 3.391047 45.462343 7
-10.46521 3.394747 45.237603 1
-10.58781 3.142547 46.179823 13
-10.73441 2.801347 47.092273 12
-11.34731 3.286047 47.680863 12
-12.04421 3.661447 48.288603 10
-12.11131 4.461747 48.991143 4
-11.83551 4.093647 49.907973 15
-10.89261 4.171147 50.167003 15
-10.03601 4.672947 50.071613 7
-9.29061 5.172047 50.326633 7
-8.55991 4.846947 50.949423 7
-8.55791 4.165647 51.590525 1
-9.14501 3.406947 51.283866 10
-9.99161 3.582047 50.825751 15
-9.15441 4.061247 50.518414 7
-8.29831 3.878047 50.117063 7
-8.40031 3.148847 49.515183 1
-8.74331 2.690447 50.226723 1
-9.67991 2.642047 50.308413 15
-9.69921 3.492347 49.810793 7
-9.55491 2.788247 49.167333 12
-8.83841 2.727347 48.531573 1
-8.63771 2.092847 49.235023 7
-9.22131 1.494047 48.797913 10
-9.41471 1.917147 47.977353 12
-8.47221 1.575647 47.891983 1
-8.35711 0.722547 47.588183 10
-7.63631 0.278447 47.129403 11
-7.36651 0.231747 46.183483 7
-6.73771 0.137047 45.479453 1
-6.61891 -0.040453 44.585043 16
-7.37821 -0.596853 44.619963 7
-7.62721 -0.354553 43.721793 3
-8.54511 -0.657653 43.839393 12
-8.48231 0.212347 44.203093 1
-8.69651 1.060147 43.911663 15
-9.28171 1.501647 44.629943 16
-9.04381 2.357847 44.944173 1
-8.14061 2.296547 45.000803 7
-7.66131 2.642947 45.771473 10
-6.76911 2.839847 46.234983 4
-5.91211 2.692547 45.813413 12
-6.21041 2.368547 44.921843 7
-5.95931 1.392947 44.718283 9
-5.70241 0.474247 44.374893 7
-4.89501 0.715347 44.809023 7
-4.13991 1.173647 45.304263 12
-3.25151 1.382647 45.512023 15
-2.45801 1.653447 45.042143 1
-1.57621 1.866147 45.471313 5
-1.45611 2.350247 46.311363 1
-1.48601 1.390747 46.389193 1
-1.28551 0.482847 46.209453 1
-1.50871 0.051947 47.150153 1
-1.47671 -0.915853 47.349933 15
-2.33661 -0.625553 47.648233 10
-2.64021 -1.024053 46.698313 1
-3.27301 -1.684953 46.737263 7
-3.56101 -2.413553 47.380483 1
-3.46251 -3.324753 47.081913 1
-4.02401 -3.674853 46.373553 7
-4.73571 -3.537253 45.773543 1
-4.86921 -2.602253 45.572653 1
-5.63231 -2.495753 46.082493 4
-6.26131 -1.743053 46.164833 7
-6.92141 -1.597153 46.859533 11
-7.80261 -1.325853 47.026083 11
-8.48661 -0.605853 47.004893 15
-9.42941 -0.449453 47.275273 10
-9.44041 0.557047 47.147543 7
-10.07461 0.906447 47.808443 12
-10.55581 0.501847 48.494583 10
-11.39841 0.637647 48.984843 7
-11.61841 1.266947 48.308653 7
-10.70451 1.592247 48.117223 12
-10.59431 1.427747 49.085223 10
-11.04541 2.224147 49.446603 15
-11.28221 2.653447 48.626723 12
-10.83731 3.242847 49.167483 15
-10.37551 3.705147 48.422573 12
-10.12211 4.370147 49.074933 7
-9.82791 4.720247 48.279543 16
-10.29511 5.522947 48.021663 7
-11.16431 6.136647 48.183413 13
-12.13551 6.175247 48.072073 7
-12.69001 6.092147 48.799793 9
-12.71901 6.366347 49.784913 9
-13.55421 6.965547 49.768953 7
-13.49721 7.767747 50.362453 7
-13.86041 8.443847 49.809233 13
-14.62231 7.973847 50.223603 13
-14.65001 8.198547 51.197996 7
-15.40931 7.561947 51.21336 16
-14.79291 6.829847 51.018964 7
-15.29361 7.092647 50.263163 16
-16.20401 7.324247 50.197013 12
-17.19641 7.281447 50.163853 11
-17.43421 7.660447 49.241983 6
-17.90011 8.552047 49.220773 16
-17.65871 9.193747 49.895233 7
-17.16611 9.835947 49.346553 10
-16.45501 10.496547 49.528193 16
-15.80991 10.289947 48.868103 4
-15.34821 9.740947 48.301923 1
-14.66781 9.132947 48.392033 1
-14.05451 8.406847 48.143443 7
-13.53111 7.607747 48.083753 15
-14.07031 7.312447 47.353693 14
-14.01371 6.839747 46.576683 7
-13.69391 6.201647 45.885303 12
-13.98321 5.721147 45.049413 1
-13.25981 5.182647 45.207523 1
-13.77591 4.396047 45.077183 11
-13.25251 4.601647 44.137993 7
-12.58451 4.183747 44.720893 11
-12.03461 3.254247 44.835933 4
-11.65901 3.224547 45.708173 12
-12.59791 3.392447 45.954533 11
-12.68981 2.451247 46.154403 15
-12.37261 1.870547 46.864033 12
-12.16931 1.015047 47.250243 4
-12.65471 1.158747 48.026333 7
-12.96811 0.462847 48.612383 7
-12.49551 0.288147 49.483333 5
-13.30381 0.769547 49.614043 7
-13.79011 0.426047 50.323623 1
-14.13131 -0.527253 50.301383 15
-14.71131 -0.150653 50.998209 16
-14.30241 -1.013153 51.188614 10
-14.38911 -1.995353 51.449098 16
-13.85491 -1.872053 52.218644 9
-14.57121 -2.110753 52.739423 7
-14.15861 -1.606653 53.491243 10
-13.36091 -1.452153 53.953043 10
-13.70381 -0.891353 54.659173 15
-13.50001 -0.084053 55.263933 14
-13.81681 0.526947 54.565463 7
-13.71841 0.599147 53.601503 16
-14.54591 0.579847 53.034683 7
-14.30401 0.737547 52.145956 1
-14.45891 0.804847 51.174402 12
-15.32081 0.895247 51.503306 7
-15.02701 1.823447 51.502311 1
-15.50261 2.175747 50.689558 16
-15.58581 3.004547 50.149693 1
-16.43481 2.512347 50.245833 13
-16.52271 1.788847 49.639293 12
-15.86341 1.108647 49.927933 1
-15.01481 1.493247 49.787743 13
-14.24111 1.933047 49.429953 7
-15.04251 1.914647 48.862843 10
-14.35461 1.859047 48.215693 7
-13.62851 2.568747 48.395963 1
-13.21551 2.053247 47.718223 7
-12.54291 2.709747 47.715453 12
-12.41061 2.190447 48.573373 7
-12.79981 2.932847 49.060113 11
-12.80471 2.709947 50.029613 15
-13.09561 1.709647 49.836683 7
-13.55991 1.403947 50.665111 16
-12.59681 1.439847 50.707139 6
-11.75101 1.469247 50.227213 7
-11.43081 2.205247 50.663668 15
-11.54891 3.006147 51.115856 15
-10.87931 3.592747 51.278558 15
-11.67341 4.135547 51.145219 4
-10.87221 4.729047 51.377862 7
-10.65331 5.495047 50.855782 7
-11.14531 5.580747 49.988503 9
-10.95161 6.532847 50.309723 7
-10.20641 7.125947 50.396285 7
-10.67171 7.292547 49.579153 1
-9.80641 7.534447 49.275853 11
-10.22621 8.097247 48.579553 12
-9.73241 7.874947 47.776443 13
-9.11471 7.324547 48.241923 11
-9.48281 6.411247 48.097633 1
-9.91001 6.560547 49.006893 7
-10.68141 6.079647 49.141503 7
-11.25041 5.328347 49.013083 9
-11.46221 5.051647 48.126183 10
-11.84891 5.212247 47.208923 11
-12.15151 4.349547 46.954533 16
-11.38021 3.861147 46.747033 12
-10.90831 4.632647 46.468373 16
-10.28971 4.913447 47.166913 12
-9.36251 5.193647 47.202253 16
-8.66291 5.509347 46.581323 16
-9.11341 5.769947 45.796803 7
-8.58861 6.257147 45.286273 7
-9.49381 6.504547 45.064523 16
-9.95811 6.701647 44.193883 14
-10.71331 6.319247 44.648123 10
-11.67541 6.069247 45.066413 10
-11.60151 6.589547 44.224293 5
-11.91271 7.540247 44.320583 7
-10.91671 7.631947 44.178963 4
-10.71821 7.929547 43.268973 12
-11.10181 8.760347 42.890103 1
-10.27221 8.859047 43.484623 16
-10.83001 8.785847 44.299353 7
-10.54931 9.593247 44.885323 12
-9.63601 9.281347 44.937483 1
-9.44061 9.664047 44.044783 1
-9.01171 10.394047 44.532123 15
-9.17561 11.148647 43.906793 10
-8.97021 12.087147 43.975373 1
-9.48641 12.381847 43.250273 1
-10.38521 12.246147 43.755653 7
-10.46111 13.175347 43.940693 1
-10.87241 13.768847 44.623543 1
-11.06371 12.844547 44.896793 16
-11.68251 13.169847 45.464533 7
-12.35831 13.905147 45.435093 15
-12.50691 14.581447 46.161333 1
-12.76011 15.345547 45.709423 7
-13.02321 16.283047 45.504163 13
-13.32291 17.201647 45.369033 12
-13.29711 17.277947 46.398983 7
-12.31551 16.914547 46.587653 16
-11.38351 16.945747 46.231573 12
-11.91221 17.296047 45.475313 7
-10.90961 17.244647 45.294003 15
-10.14891 16.799747 45.678213 13
-10.49741 16.529847 46.575193 7
-11.10601 15.992447 47.197053 5
-10.77761 15.010747 47.089813 12
-9.96911 15.319847 47.448853 8
-9.48051 15.226347 48.285643 13
-10.01491 14.720347 48.855213 15
-9.83861 13.779247 49.229143 12
-10.29221 12.950947 49.376183 11
-10.70821 12.126147 48.965463 16
-11.25631 11.427947 48.674073 7
-10.49821 11.014847 48.379683 12
-10.00401 10.282447 48.744293 11
-10.23041 9.366547 48.759943 1
-9.65341 8.720147 49.203723 11
-10.43971 8.889047 49.780523 11
-10.88991 9.791647 49.827843 7
-11.53701 9.084947 49.535013 1
-11.81981 8.232647 49.883363 1
-12.04341 7.334647 50.220363 7
-11.92711 6.325447 50.357064 9
-11.68291 6.539647 51.293722 7
-12.10381 5.637147 51.076233 5
-11.33501 5.663747 51.660153 7
-10.90061 6.263247 52.328571 7
-11.62061 6.246547 52.967643 10
-12.04981 5.398947 52.568993 7
-12.38141 5.683347 53.462243 14
-11.89831 6.304847 54.035873 16
-11.70661 5.840347 54.945683 16
-11.52441 6.703847 55.471133 4
-10.99521 7.481747 55.271733 16
-10.60201 8.020047 54.589313 7
-10.64631 8.356647 53.645253 15
-11.16141 7.670947 53.111553 16
-11.81691 7.915547 52.384753 7
-11.59171 7.597647 51.494961 9
-10.67801 7.619047 51.145008 7
-10.13731 8.403847 51.200925 11
-10.21291 8.706447 52.115008 15
-9.95761 9.439047 52.743683 15
-10.90651 9.647747 52.538113 12
-11.58351 10.346347 52.711563 10
-12.32701 10.891647 52.850123 7
-12.98471 11.397547 52.29472 1
-13.03111 12.338647 52.072801 1
-13.54751 13.182347 51.945131 7
-13.24081 14.012147 51.42315 1
-12.64131 14.144447 52.298586 7
-11.75751 13.623747 52.259159 15
-11.05211 13.537047 52.924673 12
-10.91451 12.629647 52.867443 1
-11.56521 12.628647 53.475203 7
-11.85891 12.106547 54.206723 13
-10.99281 11.701847 54.341153 16
-10.56681 11.751847 53.522163 16
-9.76381 11.375647 53.072673 12
-9.49761 11.781847 53.972913 12
-9.26611 12.478647 53.439323 16
-8.32051 12.279847 53.295753 1
-8.67761 11.445847 52.963513 7
-7.96641 11.714047 52.317481 7
-7.12401 11.959147 51.875274 11
-7.58061 11.756847 50.976347 6
-7.28301 11.386147 50.132203 13
-7.76261 11.069747 49.408663 12
-7.94911 10.438447 50.126893 7
-8.78121 10.863147 49.742073 12
-9.49851 10.916147 50.395685 7
-9.96391 10.743447 51.211987 9
-9.83301 9.758947 51.345117 15
-9.08411 9.315047 51.000431 11
-8.83861 10.083947 51.641256 8
-8.16161 9.600647 52.19229 15
-7.56071 10.028547 51.485299 7
-7.11131 9.175147 51.42875 15
-6.20561 8.955347 51.197754 16
-6.34871 8.617247 50.320733 7
-6.88481 8.706647 49.531793 11
-7.29821 8.621247 48.730593 4
-7.76971 7.790647 48.722663 11
-8.12891 7.726747 47.754873 15
-8.18041 6.879247 48.283343 1
-8.39991 5.932847 48.206163 1
-8.62781 5.329347 48.924553 7
-8.89361 5.893047 49.675553 7
-8.54741 6.733047 49.267813 11
-7.91971 6.159047 49.679933 7
-7.35621 6.350747 48.922203 1
-7.24861 5.400747 49.211543 16
-7.11751 4.616647 49.624503 7
-7.21551 3.826447 50.176753 1
-7.01061 2.957747 50.553933 7
-6.71561 2.552147 51.412064 1
-7.52731 2.826247 51.802515 1
-7.93781 2.629847 52.706223 1
-7.33371 2.185147 53.316553 1
-8.21261 2.091747 53.800973 12
-8.28191 2.959647 54.284793 14
-8.63171 3.843447 53.968433 16
-8.09031 4.625847 54.083153 5
-8.97101 4.897947 53.687653 7
-9.91241 4.761047 53.930613 11
-10.03721 4.868547 53.015583 7
-10.34531 5.718847 52.981903 7
-10.57121 6.407247 53.598643 16
-9.98071 6.948647 54.196053 16
-9.65791 7.929047 54.202773 15
-9.82461 8.843747 54.245323 15
-10.44611 9.507347 54.050443 12
-9.98881 9.997847 54.768533 12
-9.31801 10.380847 55.407353 7
-8.81171 9.674847 55.131243 1
-7.87051 9.587547 55.372853 13
-7.79581 9.145347 54.478343 15
-6.85051 9.296047 54.567173 11
-6.35641 8.518147 54.391683 16
-5.63051 7.902047 54.437373 16
-5.42771 7.280147 55.207283 12
-4.96291 6.694047 55.805233 12
-5.28801 6.109847 56.460973 11
-4.44821 6.250447 56.933893 7
-4.61851 5.229247 57.004323 1
-3.92641 5.148247 57.765433 7
-3.50541 5.481247 56.925623 1
-3.51821 6.029047 56.139273 1
-3.32021 6.505447 55.333283 12
-4.13911 5.976847 55.197133 12
-4.78501 5.272647 55.547803 5
-5.71271 5.299647 55.647573 13
-5.74681 6.020147 54.959373 8
-5.96091 6.723247 54.216133 12
-5.81691 6.175347 53.352653 7
-5.41591 5.576847 53.953433 16
-6.41761 5.522547 53.958823 8
-7.11361 6.034047 53.555413 9
-7.59231 6.796747 53.111513 15
-8.22571 6.149247 52.687453 7
-8.24151 5.573547 53.446313 12
-8.40591 4.844947 52.847053 7
-8.18151 5.028347 51.904119 1
-8.97221 5.449947 51.657532 7
-9.56881 5.859847 51.10815 7
-9.38691 6.705547 50.765221 7
-9.14091 7.297047 50.057823 11
-8.48171 7.851347 50.400593 11
-8.56431 8.711747 49.983683 11
-7.94561 8.640847 50.672777 7
-8.31941 8.547947 51.653569 15
-9.12741 8.174547 51.267345 11
-9.19631 8.021447 52.245718 15
-9.74461 7.339847 51.849116 7
-10.19671 7.373447 52.725103 1
-9.97101 6.478247 52.357613 7
-9.27221 6.858747 52.879623 7
-8.89741 7.669147 53.318533 15
-8.84361 6.783247 53.799223 1
-9.36431 6.043147 53.837473 7
-10.19241 5.721047 54.343593 16
-10.73931 5.381447 54.960263 16
-10.91011 4.748147 55.609263 1
-10.48491 4.896547 56.562493 1
-10.08021 5.730447 56.723093 14
-9.67631 5.645847 55.853513 1
-9.81451 6.418347 55.172363 16
-10.55541 6.242547 55.782563 16
-10.33391 7.025547 56.293813 12
-11.06941 7.625547 56.448213 1
-10.58551 8.514047 56.335263 1
-9.92091 8.697247 55.748133 10
-9.04461 8.392447 55.653633 1
-8.38271 8.167147 54.933813 16
-7.73391 7.966547 54.273003 5
-7.93711 8.144947 53.340303 15
-8.59031 8.641147 52.905423 15
-8.96711 9.433847 53.142923 15
-8.71741 10.109747 53.864813 12
-8.64051 10.878847 54.444743 12
-7.85881 10.806247 54.995663 1
-7.30801 11.512547 54.583633 16
-7.07201 11.656247 55.504823 15
-6.71771 10.922247 56.078733 1
-6.27271 10.039147 55.843763 1
-5.52471 9.675147 55.462853 16
-4.64411 9.604947 55.718703 1
-4.87581 8.674747 55.537573 16
-4.43391 7.900847 55.978743 12
-4.56111 8.728747 56.535543 16
-3.73831 9.054547 56.179293 13
-3.34541 9.251647 55.371813 7
-3.08011 9.280847 54.413413 16
-2.57211 9.838247 53.797553 11
-3.12011 9.589147 52.986923 16
-2.74571 8.726747 52.979943 11
-3.62011 8.708347 52.578383 16
-3.73211 7.917547 52.062276 16
-3.04911 7.241647 51.836691 8
-3.16401 8.040247 51.283719 16
-2.24141 7.999247 51.249739 8
-2.40331 8.195747 52.156453 11
-2.92281 8.941947 51.772152 16
-3.27991 9.546947 51.090472 16
-3.07371 10.464847 51.210687 1
-2.15141 10.168947 51.330417 1
-2.31121 9.718147 52.140206 16
-1.77751 9.047847 52.600903 11
-1.00001 8.808547 53.083743 11
-0.71141 9.681447 52.692043 1
-0.38031 10.617947 52.511943 16
-0.75211 10.569547 53.411283 1
-1.50381 9.971147 53.808103 11
-0.86041 10.358747 54.433173 1
-1.49881 10.674347 55.075013 1
-2.12641 11.198247 54.598473 1
-2.63001 11.368647 55.376753 16
-3.29111 11.183147 54.651373 7
-3.56651 10.241547 54.695833 1
-4.23291 9.562647 54.811883 16
-4.13741 8.685747 54.686383 16
-3.62721 8.003347 55.245393 15
-3.29131 7.442747 54.594383 12
-2.58081 6.644447 54.489653 12
-2.35001 7.165447 53.692763 7
-1.99311 7.119647 52.726933 11
-2.69751 6.462147 52.809873 16
-3.58001 6.088247 53.095473 12
-3.67211 5.872947 52.182571 1
-4.20741 5.592547 51.419603 5
-4.17241 6.612247 51.64402 15
-4.33151 7.477347 51.174752 5
-4.73531 8.104247 51.797996 16
-5.45221 7.714547 52.336763 16
-6.16351 7.343847 52.871423 1
-6.73071 7.847147 53.520813 16
-6.86731 8.843147 53.492523 15
-5.96931 9.117547 53.666973 16
-5.63731 9.926447 54.041263 16
-6.44591 10.045347 53.491263 7
-7.05081 9.799147 52.683113 15
-6.16521 9.556847 52.373183 1
-6.17521 10.525647 52.348293 16
-6.25341 11.412247 52.597263 15
-6.33361 12.176347 53.187833 13
-5.62111 11.573647 53.573803 1
-5.27451 10.820147 53.233293 16
-4.63671 10.644347 53.906623 1
-4.67141 9.728947 53.902983 16
-4.92371 8.919347 53.511513 16
-4.70681 8.184747 54.037493 16
-4.29411 7.362547 54.126533 12
-3.70461 7.933447 53.626413 16
-2.75681 8.191147 53.883453 11
-1.91271 7.896447 54.331493 11
-1.35211 8.509547 54.860523 16
-0.92331 8.228347 53.954593 11
-0.77221 7.481547 54.535953 16
-0.16871 7.338047 53.676233 12
-0.93431 7.272747 53.087783 11
-0.27451 7.589547 52.542713 1
0.63059 7.602047 52.273123 1
0.09309 6.973347 51.845162 12
-0.72531 7.354947 51.555652 11
-1.25901 7.113147 50.802377 1
-1.14071 6.134147 50.939894 1
-1.27931 5.239347 51.157727 5
-0.45461 5.251347 51.553954 16
-0.11601 5.720947 52.284185 5
-0.57541 5.865047 53.137423 8
0.11449 5.449647 53.740823 8
0.27329 4.488447 53.806243 15
0.98129 4.077547 54.249883 8
0.40189 3.629047 54.953113 16
0.45909 4.576647 54.884153 15
-0.37131 5.038547 55.034813 12
-0.95631 4.744547 54.385133 7
-1.83051 4.812347 53.927743 15
-1.98981 4.089847 53.299193 1
-2.12351 3.358047 53.907173 1
-2.70441 2.607447 54.011333 1
-3.52661 2.144347 53.786563 13
-3.89281 3.011847 54.071383 1
-3.53341 3.869647 54.066743 16
-4.12691 4.629947 53.858003 1
-4.37041 5.506347 54.258603 12
-4.55971 6.173947 53.583263 12
-4.87881 7.166947 53.331893 16
-4.66021 7.053247 52.400273 16
-5.51451 6.619647 52.422873 9
-5.21481 5.972847 51.759118 1
-5.76291 5.269147 51.27001 1
-6.47871 5.282847 50.54989 14
-7.44671 5.685647 50.597383 7
-7.35521 5.497747 51.518927 16
-7.97961 6.196847 51.645892 7
-8.14451 6.995447 51.100058 7
-7.49961 7.757947 51.276852 8
-6.90411 7.871147 52.099764 15
-6.29111 8.561747 52.502883 11
-5.32661 8.746347 52.469013 16
-4.52311 9.216747 52.606953 16
-4.09841 9.969747 53.126473 16
-3.69311 10.693947 53.615363 5
-3.66411 10.766747 52.597483 16
-4.41701 11.174847 51.907955 5
-5.31371 10.868547 51.80363 1
-4.77351 10.106147 52.063938 16
-4.33491 10.032447 51.197123 16
-4.91201 10.757447 50.771706 15
-5.61741 10.457647 50.076003 1
-5.46921 9.602447 50.51093 16
-4.86681 9.816147 49.727983 11
-4.44201 9.282347 50.544266 16
-4.83851 8.417747 50.645396 16
-3.97461 8.036047 50.461565 12
-4.00651 8.222947 49.519143 15
-3.57321 9.059247 49.660723 1
-2.80171 9.084047 49.030893 11
-2.43581 8.198947 48.976473 1
-1.56581 8.304447 49.246573 16
-0.87541 8.942347 49.115643 1
0.12679 9.009047 49.041853 12
0.41399 9.353447 48.213673 15
0.14729 9.909647 47.461373 16
0.86219 9.497847 46.861493 16
1.66479 8.963347 46.852053 1
0.90259 8.717947 46.207573 1
0.59939 7.792147 46.233833 16
0.69779 6.822047 46.216503 1
0.39409 5.908547 45.784103 11
0.27929 5.650147 46.739693 7
0.24049 5.163647 47.598443 1
0.08179 5.987847 48.098813 5
-0.65811 6.547247 47.856463 12
-1.44671 6.098947 48.055033 7
-2.40691 6.071347 48.082433 16
-2.42181 6.701047 47.284073 16
-3.15941 6.979447 46.738373 1
