-58.112668 -8.115333 32.095116 1
-58.178568 -7.233353 31.805016 1
-58.707868 -7.219193 32.684116 1
-58.605268 -6.842173 33.527516 16
-57.837868 -6.273013 33.745716 2
-57.048268 -6.691193 33.531116 4
-57.117168 -7.710733 33.342616 3
-56.699968 -8.533143 33.223116 2
-55.977968 -9.021123 33.552616 14
-55.401168 -9.504173 34.204116 1
-56.183468 -9.943483 34.567116 1
-55.816068 -9.834503 35.493416 1
-55.016968 -10.089483 35.959216 12
-54.898468 -10.265853 34.999116 1
-54.040168 -10.073093 34.723116 1
-53.246968 -9.455443 34.659016 15
-52.274768 -9.255103 34.686116 5
-52.568468 -9.828043 35.483616 9
-52.119968 -10.747583 35.575016 2
-52.048168 -11.644443 35.961416 2
-51.495268 -12.007473 35.195016 13
-51.006768 -12.261303 36.128916 2
-50.274468 -12.804573 36.293816 8
-49.560968 -12.470513 36.864116 1
-48.901068 -12.777413 36.315116 8
-48.389668 -12.034693 36.615516 11
-48.811568 -11.285133 36.281916 1
-49.498268 -11.385903 35.576916 14
-48.726468 -10.909683 35.372316 15
-48.131568 -11.378663 34.742516 9
-47.191168 -11.193393 35.105516 14
-47.027368 -11.003833 36.007616 2
-46.964968 -11.676493 36.746116 8
-46.083268 -11.904703 36.401016 6
-45.194868 -11.548923 36.100216 6
-45.651868 -11.754043 35.281916 2
-44.843568 -12.234213 35.367816 6
-45.164868 -12.372223 34.503116 14
-46.087968 -12.449353 34.543216 2
-45.920868 -13.131423 33.810816 14
-46.648268 -13.724413 33.839516 2
-47.044168 -13.322353 33.008316 14
-47.719368 -13.224013 32.334616 12
-47.882368 -13.326453 31.403316 1
-47.448668 -12.487173 31.181316 14
-47.820068 -11.815013 30.632816 2
-48.528368 -12.377883 30.431716 5
-48.974768 -11.556723 30.709316 1
-49.007268 -11.425883 29.707316 1
-49.871768 -11.586733 29.438616 2
-49.853068 -10.991813 28.735616 3
-48.910668 -11.069853 28.654316 11
-48.004068 -10.945733 28.867916 5
-47.420468 -10.210243 29.210416 2
-46.572268 -10.475053 29.570716 2
-46.148468 -11.309533 29.747616 2
-47.042068 -11.406733 29.621116 5
-47.399968 -10.907363 30.508516 2
-47.398768 -10.164573 31.171316 2
-47.775468 -9.695233 31.983916 7
-47.342368 -8.932673 32.343216 8
-46.573668 -9.443833 32.250816 1
-46.479568 -9.670283 33.199516 2
-46.847368 -10.487473 33.330516 1
-46.569168 -11.396243 33.490116 14
-46.212568 -10.728563 34.101916 9
-45.525268 -10.933903 33.502916 14
-45.210168 -10.296823 34.164316 1
-44.503168 -10.689243 33.667716 8
-44.704068 -11.472683 33.077416 14
-44.461968 -12.329043 33.654916 14
-43.401168 -12.253303 33.531216 1
-42.468168 -12.143773 33.451616 15
-41.573268 -12.140763 33.201116 9
-40.927068 -12.146843 33.964916 2
-41.178068 -12.555793 34.791816 2
-41.015568 -13.505653 34.753816 15
-40.851768 -14.434633 34.958716 6
-41.705768 -14.168533 35.256216 2
-42.281368 -14.600333 34.566116 8
-42.869368 -14.941933 33.856116 8
-43.400868 -15.433633 33.223216 1
-43.909368 -15.397633 32.393516 11
-44.607768 -15.242533 31.753216 2
-44.852368 -14.992033 32.685016 2
-45.392868 -14.395233 32.082916 14
-46.018868 -14.321673 31.346216 1
-46.346668 -13.659223 31.932116 14
-46.802168 -13.590323 31.074516 10
-46.410768 -13.771243 30.174216 12
-45.870568 -14.566333 30.143216 1
-45.949268 -15.086333 29.367416 1
-46.042068 -15.505833 28.444116 1
-45.614568 -16.322233 28.336116 1
-46.481468 -16.408733 27.840916 1
-46.745868 -16.326433 26.927416 1
-46.261368 -15.440133 27.038216 2
-46.536568 -15.453933 26.111616 2
-46.581368 -14.628733 25.605016 14
-47.110068 -14.176143 24.971816 3
-47.409268 -13.392273 25.465616 1
-47.433468 -12.922643 26.280816 7
-46.660268 -12.423653 25.947016 2
-47.189868 -11.816383 26.540516 1
-46.326968 -11.523523 26.790916 1
-46.885468 -11.936523 27.544316 5
-46.219768 -12.173463 28.271516 14
-45.966768 -13.049853 28.246616 11
-46.987068 -12.972943 28.414916 5
-46.335068 -12.876813 29.160216 2
-47.150968 -12.545883 29.571816 5
-46.617368 -12.242843 30.428916 14
-46.282468 -11.569153 31.046416 2
-46.697368 -11.647873 31.894316 14
-46.736568 -12.231473 32.706716 2
-45.897268 -12.677043 32.570916 14
-45.136568 -13.010263 33.049616 14
-44.760768 -13.847513 32.715616 14
-44.169668 -13.682983 32.007916 14
-43.269368 -13.207543 31.907416 2
-42.394568 -12.939853 31.709016 9
-42.850868 -12.881633 30.869416 8
-43.237068 -13.337283 30.119316 15
-43.132968 -12.769613 29.323016 1
-43.708768 -12.026043 29.359916 15
-43.589868 -11.130443 29.566216 2
-43.410768 -10.081623 29.628916 8
-44.299068 -10.164933 29.375616 2
-44.855268 -9.376663 29.710916 2
-43.997668 -9.075003 30.215516 1
-43.888668 -8.067073 30.286716 6
-44.755068 -8.089823 30.703816 2
-45.563968 -7.800733 30.419216 2
-46.066368 -7.183693 30.948116 15
-46.761568 -7.778363 31.206016 8
-46.571968 -8.631853 30.855316 2
-46.569768 -9.493483 31.067516 2
-45.696968 -9.811883 31.396016 2
-46.351368 -10.434983 31.748316 6
-45.455068 -10.887803 31.757416 14
-45.192568 -10.554373 32.573216 14
-44.881568 -9.784513 32.981016 8
-44.650268 -8.933393 33.235416 8
-44.994368 -8.098673 33.233816 1
-45.339868 -7.702283 32.406216 12
-45.447368 -8.149233 31.556616 2
-44.654868 -8.523423 32.038816 12
-43.736268 -8.051433 32.132316 8
-43.339368 -7.098233 31.757916 3
-43.081368 -7.557963 30.926116 9
-43.283268 -6.929693 30.246616 2
-43.902468 -6.987093 29.476616 1
-44.768768 -7.529203 29.719716 6
-44.905668 -7.733903 28.854016 5
-45.013368 -8.684703 28.996416 1
-45.443668 -9.627593 28.978616 2
-45.776268 -9.662243 28.037516 2
-46.106568 -9.654553 27.056716 1
-47.072568 -9.434083 26.919616 11
-47.670968 -10.228843 27.259316 5
-47.186468 -10.060313 28.115216 2
-46.865868 -10.936243 28.422316 5
-46.044768 -10.473783 28.631716 2
-46.057168 -10.822763 27.732916 1
-45.153768 -11.171573 27.819416 1
-44.995868 -10.438693 28.461616 2
-44.930768 -11.355763 28.788016 2
-44.979768 -12.120293 29.402116 15
-45.461568 -12.703893 29.966916 3
-45.693768 -13.094403 30.805716 14
-45.280668 -13.882413 30.912316 14
-44.547668 -13.264913 30.963716 15
-44.403168 -12.537613 31.739416 14
-44.915068 -12.297753 32.468116 14
-45.394768 -12.127023 31.628516 14
-44.993168 -12.074893 30.743216 15
-45.461268 -11.193663 30.480616 2
-44.582868 -10.832063 30.323416 2
-43.967768 -11.139813 30.990716 14
-43.143268 -11.545603 31.459416 6
-42.229568 -11.680993 31.540116 5
-42.685968 -12.185763 32.214816 9
-43.615268 -11.897363 32.498616 14
-43.117768 -11.009853 32.662116 1
-43.361168 -10.149613 32.316916 8
-42.956068 -9.368023 32.713516 8
-43.069568 -9.154683 31.746616 8
-43.856068 -9.561163 31.444816 1
-44.588668 -9.534883 30.856616 2
-45.326868 -9.994393 30.474116 2
-46.000568 -9.680323 29.950316 2
-46.307568 -8.832203 29.728116 2
-46.408268 -7.936493 29.661416 9
-47.028168 -7.211733 29.395616 14
-47.347068 -6.993213 28.517016 8
-47.050168 -7.737173 27.997816 1
-47.079668 -8.626803 28.320016 2
-47.767068 -8.081773 28.859516 4
-47.382668 -8.829503 29.364616 2
-48.287568 -8.995543 29.511816 1
-47.950868 -8.225683 30.016316 7
-47.801568 -8.975653 30.714616 2
-48.272268 -9.793713 30.614516 2
-49.207868 -9.596473 30.895616 14
-49.952068 -9.653223 31.586116 1
-50.186568 -9.387033 30.661016 3
-50.316968 -8.504893 30.272816 1
-51.185568 -8.901763 30.470116 3
-51.765868 -9.559493 30.142916 2
-52.499368 -9.839833 29.573616 2
-53.509868 -10.000113 29.500116 6
-53.841868 -10.870193 29.238216 14
-53.924668 -11.236313 28.365316 2
-54.670568 -10.990193 27.701116 10
-55.329868 -10.276443 27.881816 8
-56.005868 -10.808633 28.404916 2
-56.777668 -10.692263 27.845116 14
-56.432668 -9.969543 27.381816 12
-55.844768 -10.506323 26.916016 6
-55.828368 -9.851903 26.124616 2
-54.891668 -9.508103 26.146716 1
-54.549368 -10.350703 25.823016 8
-54.844768 -10.934553 25.110516 2
-54.784768 -11.345353 24.254116 3
-53.803368 -11.474053 24.576416 1
-54.400268 -12.231713 24.764316 8
-53.999668 -13.201913 24.930316 3
-54.746268 -13.818823 24.973816 2
-54.705068 -14.284303 24.126316 3
-53.842468 -13.903913 23.994716 2
-53.369868 -14.375033 24.756416 9
-53.429668 -14.117253 25.705016 1
-52.508768 -13.870363 26.067816 8
-51.942968 -13.080153 26.014516 1
-52.113768 -12.694983 25.200716 1
-52.150468 -13.343743 24.492016 7
-51.237768 -13.042973 24.566016 2
-50.461068 -13.531063 24.829316 1
-49.637868 -13.321663 24.366216 14
-49.100668 -12.635863 24.768416 14
-49.329768 -11.826813 25.117316 3
-49.296968 -12.194013 26.040416 11
-48.959868 -11.565323 26.652716 8
-49.361868 -12.400513 27.027316 1
-49.062168 -12.479013 27.900916 2
-48.377168 -12.168963 28.438616 5
-47.813568 -12.849403 28.961616 5
-48.285968 -13.260043 28.286916 2
-49.135968 -13.539133 28.780016 2
-49.964668 -13.970793 29.101116 14
-49.459368 -14.628333 28.616216 2
-48.772468 -14.902333 28.038416 15
-48.168668 -15.464933 28.505016 3
-48.999868 -16.040933 28.639516 12
-48.442668 -16.260433 29.361516 2
-47.881968 -15.528833 29.470516 4
-47.139968 -14.895433 29.475716 1
-47.124368 -14.646933 30.352016 1
-47.321868 -15.128333 31.170516 14
-47.880668 -14.388333 31.390616 1
-48.249768 -15.058833 32.026016 2
-48.196668 -15.960133 32.208816 1
-47.340368 -15.873133 32.625816 1
-46.993768 -15.012533 32.425616 2
-46.158568 -14.975233 32.953016 14
-46.527268 -15.674733 33.469716 3
-45.799268 -15.340433 33.922616 1
-45.654368 -14.306153 33.892616 14
-44.685868 -14.262973 33.732816 2
-43.875168 -13.680293 33.536616 14
-43.136568 -13.599943 34.174716 9
-42.236968 -13.438993 33.729316 9
-42.175268 -12.888833 34.571816 2
-42.848968 -12.824973 35.319516 2
-43.390768 -12.901933 36.151716 6
-42.512668 -13.063573 36.490916 9
-42.016868 -12.195363 36.354016 2
-42.723068 -11.566263 36.103416 9
-43.366368 -11.615813 36.791716 6
-42.708668 -11.868763 37.537716 6
-41.953368 -11.269383 37.430016 2
-42.265968 -10.843353 36.586316 9
-41.757168 -11.068533 35.809016 2
-42.207868 -10.810953 35.024316 2
-43.098368 -10.349993 35.047316 9
-43.183868 -9.904253 34.146416 8
-42.749568 -10.138603 33.364816 8
-43.048268 -10.972473 33.761916 3
-42.292368 -11.444663 34.175016 2
-43.093768 -11.862343 34.564516 2
-43.706368 -12.249103 35.263716 6
-44.084368 -12.997493 34.766416 14
-44.439468 -13.194313 35.650316 6
-44.709168 -14.107473 35.696016 8
-44.923068 -14.142383 34.735316 14
-44.177168 -14.704433 34.830716 8
-43.465268 -14.052943 35.251216 8
-42.637568 -13.883213 35.621216 2
-42.822168 -14.758333 35.994416 8
-41.900968 -14.816733 36.163116 3
-41.657368 -13.964193 36.437316 2
-40.920668 -13.842003 35.917816 2
-40.028668 -13.829243 35.386216 3
-40.524368 -13.000053 35.440016 2
-39.591468 -12.872943 35.313316 2
-39.068868 -13.303703 36.000916 3
-38.398568 -13.843003 36.433016 14
-38.606168 -13.763533 37.407416 3
-38.638768 -13.709993 38.475816 12
-38.911368 -14.362433 39.155416 1
-39.814668 -14.161723 39.291616 2
-40.259568 -14.994233 39.420316 3
-41.187768 -15.390333 39.284216 12
-41.827368 -15.038133 39.859816 10
-42.757468 -14.612133 39.746916 2
-42.944568 -15.438733 39.328716 9
-43.787068 -15.857133 39.024316 1
-44.548968 -15.454333 38.594216 14
-44.104668 -15.669033 37.782516 1
-44.444668 -15.308133 36.946316 2
-44.959668 -15.138233 36.157316 8
-44.953868 -15.791333 35.481216 1
-44.057768 -15.975633 35.173716 8
-43.241468 -16.574633 35.119416 1
-42.482768 -16.697433 34.541116 1
-41.571168 -16.401233 34.837116 3
-42.292968 -16.276833 35.482516 2
-43.045668 -15.828633 35.945516 8
-43.412468 -16.275933 36.728216 9
-43.084168 -17.134833 36.976416 2
-42.317368 -16.521233 36.794616 3
-42.130768 -15.701533 37.290916 7
-42.320968 -14.791333 37.163816 2
-41.767068 -14.395033 37.756816 1
-42.701368 -14.557933 38.202916 1
-43.398268 -14.507633 37.516316 2
-43.919568 -14.230103 36.713916 8
-44.245568 -13.251493 36.654516 6
-44.491568 -12.610513 37.305016 6
-45.051068 -11.825483 37.100016 6
-45.766368 -11.714613 37.739716 3
-46.115968 -11.440873 38.607816 1
-47.040968 -11.119743 38.455016 14
-47.829468 -11.119653 38.020416 2
-47.680868 -10.926853 37.110016 2
-46.925168 -10.245643 36.983316 14
-46.215468 -9.885763 36.409116 2
-45.263168 -9.779713 36.294016 14
-44.897668 -8.852643 36.184516 2
-44.010068 -9.178603 36.054216 3
-44.565168 -9.768303 35.455616 9
-44.217268 -9.472443 34.575416 2
-43.632368 -8.892023 34.056816 8
-43.522868 -8.616903 33.168016 8
-43.674568 -7.731673 33.388216 12
-43.156268 -7.098073 33.791416 14
-42.767668 -8.046553 33.615016 8
-42.261368 -8.200943 34.372316 3
-41.662468 -7.876623 34.982216 2
-41.432468 -7.319553 35.795916 9
-40.541868 -7.142563 35.449616 10
-40.319968 -8.093953 35.456616 1
-40.344168 -9.105173 35.520716 3
-40.122968 -10.071023 35.363916 2
-40.591668 -10.536143 36.118216 2
-41.311368 -9.867783 36.053716 2
-41.887068 -9.219813 36.350716 1
-41.772168 -8.307623 36.610716 1
-42.495868 -8.193613 37.379116 1
-42.459468 -9.084103 37.835116 3
-42.204268 -9.670753 38.581316 9
-42.898968 -8.897923 38.994716 1
-43.068168 -7.957693 38.926916 2
-43.514768 -8.273683 39.755316 9
-44.150568 -9.042133 39.747216 2
-43.670168 -9.861603 39.475816 8
-43.548968 -10.332693 38.625816 6
-44.108568 -11.013313 38.082416 2
-43.985468 -11.959343 37.877916 6
-43.834868 -12.731663 38.462516 3
-43.364268 -13.729593 38.410616 3
-42.841668 -12.967073 38.151316 6
-41.966868 -12.644413 37.994716 8
-41.052068 -12.587023 37.817516 12
-40.403768 -12.212763 37.241716 2
-39.995368 -11.446033 36.809216 2
-39.106568 -11.585783 37.298916 6
-39.135968 -12.290563 36.741316 2
-38.510968 -11.935063 36.054816 14
-39.249568 -11.929623 35.452616 2
-38.766868 -11.029933 35.579816 12
-39.684568 -11.029073 35.665116 1
-40.565968 -11.368673 35.638516 2
-41.084168 -12.134383 35.702316 2
-41.119868 -12.680863 36.521016 2
-40.525368 -13.305123 36.902416 3
-39.922968 -13.739943 37.525816 14
-40.236868 -14.294163 38.244316 3
-39.821068 -15.181233 38.146916 1
-39.051768 -14.809233 37.605816 14
-38.385368 -14.992433 36.900016 1
-37.700568 -15.112333 36.183116 8
-37.899568 -14.367033 35.653216 4
-37.942868 -13.526983 35.204916 1
-38.398168 -13.042803 34.479616 1
-39.242968 -13.569343 34.724716 2
-39.197668 -14.157213 33.923816 9
-39.966268 -14.634233 34.193716 6
-40.172068 -13.842863 33.620916 2
-39.987268 -13.338803 32.776516 9
-40.927268 -13.017743 32.650916 9
-40.460368 -12.215793 32.447716 9
-40.091568 -11.555023 33.033916 6
-39.750968 -12.088743 33.740416 2
-39.172168 -12.365953 34.436516 2
-38.567368 -11.588523 34.659016 14
-39.386768 -11.226633 34.412416 14
-40.263368 -10.929363 34.599916 2
-40.446368 -10.307593 33.889016 3
-41.309968 -10.551303 34.023916 2
-41.833468 -9.893383 33.500716 8
-41.647668 -9.647643 34.468616 2
-41.219268 -8.941173 33.832316 1
-40.877268 -9.053453 32.930216 3
-41.849268 -9.098213 32.787416 8
-41.831768 -8.292133 33.249116 8
-41.671968 -7.317353 33.253716 10
-42.272768 -6.500913 32.876416 2
-42.392268 -7.286893 32.306916 8
-42.035768 -6.698733 31.611716 1
-41.209868 -6.163773 31.565916 3
-40.496068 -5.546433 31.945516 2
-39.709668 -6.068953 31.782516 3
-39.835568 -5.485163 30.993716 2
-38.941668 -5.899883 30.950516 6
-38.278468 -5.280785 31.383716 7
-37.616168 -4.868783 31.969616 3
-38.038468 -5.578673 32.508616 14
-38.571168 -6.239513 32.123416 3
-38.800768 -6.782403 32.816716 2
-38.659068 -7.569623 33.318416 6
-38.447668 -7.202393 34.147616 14
-38.846468 -6.929763 35.032616 2
-38.024868 -6.574693 35.409616 3
-38.170968 -5.644303 35.918916 4
-38.627968 -5.610283 35.018216 3
-39.368868 -5.023544 35.061616 8
-38.588668 -4.465465 35.128316 14
-38.760368 -3.51036 34.992516 2
-38.449668 -3.947927 34.207316 3
-38.652368 -3.982763 33.266616 1
-38.068968 -3.353911 32.825216 13
-37.515468 -2.911743 33.648816 7
-36.868068 -2.449103 33.137916 3
-36.824968 -2.164163 34.002516 2
-36.732068 -2.590093 34.857916 6
-36.456268 -3.205523 34.212016 3
-35.982668 -3.964442 33.949516 5
-35.343168 -3.790646 33.268116 2
-35.066068 -3.282293 32.561616 1
-34.765268 -4.143491 32.510016 3
-35.492468 -4.60666 32.014216 2
-34.981968 -4.965583 31.207416 10
-35.602968 -5.648863 31.346016 5
-35.503168 -6.578693 31.209016 1
-35.620968 -7.472143 31.391916 9
-34.652468 -7.634363 31.515116 3
-34.089068 -8.338963 31.907616 14
-34.632268 -8.872903 31.202116 9
-35.559968 -8.687133 31.457916 9
-35.731568 -9.033203 32.284516 10
-36.442268 -8.586983 32.637516 1
-37.022468 -8.762033 33.336916 1
-37.060868 -9.531183 32.716216 8
-37.489068 -10.100503 32.055216 3
-37.356368 -11.055683 32.182116 1
-37.641168 -11.271633 31.276616 3
-37.316368 -12.207283 31.121116 8
-38.258768 -12.279423 31.368016 3
-38.586868 -12.301943 32.285716 14
-38.152268 -13.192743 32.051916 13
-37.657268 -13.927773 31.652516 3
-38.319668 -13.905593 30.998416 10
-38.690368 -14.387533 30.251116 5
-38.494068 -13.950463 29.344916 4
-39.475168 -14.348403 29.406016 3
-40.271068 -14.031743 29.710416 1
-40.985468 -14.382933 30.225716 3
-40.926268 -13.731653 30.964716 9
-41.417368 -13.439763 31.767216 9
-41.894668 -14.072333 31.145316 3
-42.722068 -14.249483 30.704516 2
-42.507368 -14.866533 31.365916 2
-41.785668 -15.095633 30.791816 12
-41.081868 -15.783833 30.839116 3
-41.955968 -16.201333 30.627016 10
-42.699168 -16.809133 30.645116 1
-42.546468 -17.003333 29.750916 6
-43.531468 -17.101333 29.972216 1
-43.824168 -16.815733 29.097516 2
-43.544268 -17.403433 28.342916 3
-43.358868 -18.199533 27.751716 1
-43.181168 -18.757333 28.516816 3
-42.342268 -18.230333 28.799516 1
-41.945368 -17.878633 29.570816 8
-41.298168 -18.584333 29.309516 2
-40.733168 -19.354833 29.342716 3
-40.252868 -19.593333 28.509416 10
-40.051068 -18.658633 28.364016 7
-40.303668 -18.811633 27.416016 9
-39.697868 -19.207933 26.823016 9
-38.782168 -19.214433 27.032616 6
-38.494668 -18.320433 26.897016 3
-37.894968 -17.950933 26.257816 4
-38.651068 -17.397633 25.967416 9
-38.972768 -16.855033 25.254016 3
-38.402168 -16.097433 24.854916 12
-38.924468 -15.753233 25.751016 8
-38.425868 -14.944133 25.469416 3
-38.053668 -15.055533 26.362516 6
-38.174968 -14.099353 26.155816 3
-37.838668 -13.286533 26.535716 6
-38.091768 -13.885513 27.231516 6
-38.979568 -13.613113 27.131316 13
-39.088268 -13.265423 28.055316 10
-40.085168 -13.178023 28.259016 14
-39.816068 -12.685803 29.010516 3
-40.289268 -12.639893 29.849316 10
-40.230268 -11.736263 29.413616 3
-40.875468 -11.109593 29.803616 5
-41.026668 -11.883983 30.381916 5
-41.091968 -12.582813 31.077316 9
-41.771168 -12.876603 30.564816 3
-41.777868 -12.586943 29.637816 14
-42.049468 -11.668073 29.561816 3
-42.183568 -10.709013 29.875416 5
-42.246668 -9.989383 30.580516 5
-41.929668 -9.079923 30.745716 9
-42.048568 -8.829653 31.687816 8
-41.055568 -8.718653 31.470816 4
-40.243568 -8.438233 31.063316 1
-39.322368 -8.598403 30.934316 1
-38.724668 -8.232373 30.191316 4
-38.251068 -8.946453 30.608316 3
-37.492368 -8.436263 30.727116 3
-36.793568 -7.743253 30.538616 1
-36.155168 -8.507983 30.635516 9
-36.515468 -9.233923 31.047516 3
-36.022368 -9.876403 31.517416 9
-36.223668 -10.502033 32.254616 3
-36.229968 -11.423443 32.613716 1
-35.837968 -12.029783 31.925516 1
-36.669168 -12.357793 32.242516 1
-37.085168 -12.461173 33.096016 1
-37.851568 -11.895673 33.214316 15
-38.548568 -11.170923 33.204416 13
-39.065868 -11.005363 32.410316 6
-38.888568 -10.828663 31.495716 10
-38.787468 -11.055473 30.533816 3
-38.419568 -10.892493 29.624116 3
-38.946368 -11.055413 28.829416 3
-38.523168 -10.741723 27.980316 6
-39.107468 -10.894163 27.246916 13
-39.821668 -11.189273 27.776316 3
-39.455668 -11.971083 28.281616 11
-38.941468 -11.987933 27.516116 6
-38.259868 -11.917043 28.286416 6
-37.895768 -11.713923 29.138916 3
-38.271268 -12.508873 29.631316 3
-38.830768 -12.510993 30.430516 3
-39.308168 -12.750433 31.223016 9
-39.362968 -13.714823 31.400216 9
-39.455568 -14.703233 31.493216 4
-38.935568 -15.516433 31.283916 1
-38.513168 -16.324233 30.907116 5
-38.406168 -17.283733 30.706016 12
-37.778068 -17.738433 31.202516 3
-37.564068 -16.816533 31.156416 5
-37.683068 -16.798333 32.141716 8
-37.603968 -16.030833 32.662116 3
-37.048168 -15.469533 33.225516 4
-36.060168 -15.572333 33.136316 9
-36.295468 -15.965633 32.275316 3
-35.900868 -15.140733 31.891016 8
-36.108568 -14.224933 31.773016 1
-35.843468 -13.739563 30.968416 2
-35.479068 -14.528833 30.443816 1
-34.539568 -14.301443 30.838116 10
-34.722068 -15.216233 30.773716 3
-35.254668 -15.507833 29.965116 1
-34.743668 -15.161033 29.232216 5
-35.209668 -15.278433 28.385416 5
-36.007768 -14.652233 28.133716 1
-36.729968 -14.256313 27.716516 6
-36.233268 -13.334253 28.011916 6
-35.320468 -13.580763 27.805316 3
-34.559368 -14.176813 27.907016 5
-34.265068 -13.371693 28.392616 3
-33.933668 -12.448723 28.293516 3
-34.778668 -12.074813 28.008616 3
-34.719368 -11.765343 28.959316 13
-35.184468 -12.497893 29.383416 10
-35.467368 -11.859293 30.025616 14
-36.209868 -11.424613 29.529316 3
-36.205168 -10.502773 29.245116 9
-36.645168 -10.332953 30.136816 3
-35.606168 -10.478323 30.233816 9
-34.737668 -10.141053 30.260116 9
-34.355568 -10.530483 31.050316 3
-33.645968 -10.345473 30.494116 13
-33.829768 -9.469223 30.054416 3
-34.643568 -8.993563 29.970516 9
-34.051068 -8.221423 29.955116 9
-33.810968 -8.412353 30.852116 3
-33.010968 -8.621213 31.394916 4
-32.553968 -9.045843 32.143116 1
-32.570768 -8.222863 32.697916 1
-31.987768 -8.544333 33.380816 1
-31.647368 -9.352563 33.787816 3
-32.549568 -9.435263 33.457316 1
-33.241168 -10.114373 33.040116 6
-33.555668 -10.708473 33.748316 8
-34.109868 -11.186953 34.353116 9
-34.121268 -11.917833 35.095716 4
-33.533368 -12.737963 35.150716 3
-33.580768 -13.699353 34.917316 6
-33.487868 -13.562683 33.999816 1
-33.126768 -13.869463 33.104516 3
-34.057868 -13.731783 32.976216 9
-34.077968 -14.484633 32.344716 3
-33.220868 -14.383933 31.905016 8
-33.314968 -14.222603 30.930816 5
-33.646368 -14.684333 30.183916 3
-33.496868 -15.098933 29.326616 5
-33.229568 -14.352033 28.712116 5
-33.629468 -13.587143 29.145816 3
-33.056368 -12.777673 29.218616 3
-32.204968 -13.727873 28.342116 3
-32.026368 -14.677733 28.269516 5
-31.568868 -15.401633 27.822316 10
-30.583968 -15.584433 27.932616 11
-30.250268 -15.281733 27.094716 9
-29.591568 -15.941933 26.652916 1
-29.092268 -15.625233 27.415516 3
-28.373668 -15.013333 27.363816 10
-28.671668 -14.302023 26.692716 12
-29.429868 -13.850803 27.213016 1
-30.350568 -14.077173 27.497916 4
-30.861968 -13.354393 27.047616 14
-31.762068 -13.751463 26.897216 9
-32.630068 -13.338023 27.162016 3
-33.226468 -12.630983 27.201516 3
-33.036668 -12.079773 27.946216 3
-33.145868 -11.489533 28.804016 8
-33.978768 -11.253963 28.399416 3
-34.524768 -10.618943 27.931916 15
-34.496168 -10.761693 27.021116 3
-35.058568 -10.022233 26.979416 1
-35.722968 -10.083753 26.311416 9
-36.465768 -10.306873 26.896816 6
-36.234768 -10.995223 26.275616 4
-36.515468 -11.438723 25.483716 5
-36.313068 -11.988833 26.190116 6
-35.668968 -12.655713 26.003816 3
-35.617068 -13.266473 25.240616 13
-36.206568 -13.883023 25.720216 9
-36.787568 -13.328273 26.295816 6
-36.237268 -13.679023 26.941216 6
-35.317668 -13.368573 26.770416 9
-34.631568 -13.191503 26.128516 3
-34.007568 -12.443453 26.457316 3
-34.876868 -12.109813 26.740316 3
-35.685668 -11.567403 27.042616 6
-35.341668 -11.470233 26.133816 3
-34.956568 -11.091533 25.303716 3
-35.327968 -10.205503 25.118416 13
-35.586268 -9.789083 24.299116 9
-36.379668 -9.302543 24.714816 5
-36.236168 -8.880663 25.619716 10
-35.263968 -8.787663 25.325716 1
-35.239368 -7.999903 24.831416 9
-34.929568 -7.395043 25.477416 1
-35.529468 -7.682373 26.218016 1
-34.642968 -7.800043 26.390816 1
-34.793568 -8.784473 26.289716 5
-34.188268 -9.466113 26.453916 1
-33.982068 -10.276333 25.968616 3
-33.493368 -10.706453 26.658016 3
-33.540568 -10.208463 27.447316 9
-32.876868 -10.606223 27.995616 5
-32.868668 -11.331333 27.268416 3
-33.184868 -11.730633 26.476816 3
-32.406968 -11.825273 25.838116 3
-31.737768 -12.159003 25.176116 6
-31.064868 -12.280443 24.499816 4
-30.209368 -11.923793 24.223616 8
-29.335568 -11.816213 23.887916 3
-29.731068 -10.999333 24.291516 8
-29.092868 -10.326733 24.521816 4
-29.190468 -9.890473 25.459616 6
-30.004268 -10.389983 25.211416 8
-30.670668 -9.926423 25.753516 15
-31.554268 -10.203743 25.932616 3
-31.216468 -9.974063 26.816316 4
-32.263068 -9.843563 26.873316 3
-32.941268 -9.913663 26.236716 3
-33.148068 -8.934383 26.450216 9
-32.508268 -8.297683 26.900016 3
-33.207068 -7.691643 26.860516 9
-32.909768 -6.920083 27.396716 5
-33.642768 -7.378163 27.878416 13
-33.522568 -7.212273 28.845116 3
-33.562768 -8.113963 28.936416 9
-33.462768 -9.072243 28.902316 13
-34.249568 -9.567543 28.985516 9
-34.022168 -10.359483 29.427816 14
-34.901268 -10.476633 28.953716 1
-35.595568 -10.136203 28.404516 9
-35.673068 -10.955063 28.062116 1
-36.227868 -11.761853 28.021216 6
-36.966368 -11.585023 28.581516 3
-37.248368 -12.202343 27.824616 6
-37.478568 -12.936063 28.428816 6
-36.884368 -12.807193 29.245316 15
-37.094268 -11.944543 29.640016 3
-36.484468 -12.323333 30.337016 1
-36.133868 -11.543133 30.923616 6
-36.976368 -11.281633 30.434316 3
-37.647668 -10.673933 30.343316 3
-37.873168 -10.024483 31.130416 3
-38.589268 -9.864343 31.741016 10
-39.012068 -9.440633 32.502016 10
-39.970668 -9.365823 32.334616 1
-40.350468 -9.705983 31.511416 13
-41.215668 -10.133223 31.421216 5
-41.432668 -10.743023 32.203516 8
-40.833268 -11.394553 31.825716 9
-39.939568 -11.237113 31.742316 11
-40.170368 -12.077523 31.270016 9
-39.759368 -11.446743 30.598816 3
-40.473568 -10.846063 30.886916 5
-39.681368 -10.373313 30.792316 3
-39.818468 -9.416803 30.598116 6
-39.484268 -9.659043 29.756716 3
-40.059168 -10.088743 29.101816 3
-40.494268 -9.516023 29.702816 5
-41.444768 -9.365843 29.423116 10
-41.780268 -10.128943 28.789016 6
-41.106768 -9.686093 28.380616 4
-41.948668 -9.351903 28.112416 1
-41.556868 -8.807363 27.418716 1
-40.867368 -9.081753 26.877816 8
-39.939768 -9.309623 27.250716 4
-39.438368 -9.532683 28.102016 3
-38.398768 -9.604703 28.005616 3
-37.784368 -9.011953 27.600516 1
-38.559568 -8.571293 27.959316 9
-38.854268 -8.916353 28.787416 3
-38.374268 -9.189853 29.589116 3
-37.643668 -8.624973 29.720716 3
-36.828468 -8.240803 29.436316 1
-36.144368 -7.625133 29.606616 1
-35.183468 -7.796883 29.575316 9
-35.593768 -8.677543 29.705816 9
-36.336868 -9.249893 29.854116 9
-36.952068 -9.768383 29.302716 3
-37.874068 -10.035053 29.453816 3
-37.864968 -10.276473 28.538016 3
-37.373168 -10.758833 27.798816 6
-36.684468 -10.109223 28.155116 10
-36.418168 -9.241033 27.677416 5
-36.505568 -9.145733 28.643116 3
-35.554868 -8.969193 28.614816 9
-35.796968 -8.308843 27.883316 15
-36.629768 -8.363223 27.271916 9
-37.095068 -9.197623 26.850716 3
-37.823068 -9.794003 26.828916 5
-37.561168 -10.652783 26.443916 6
-37.543868 -11.590183 26.210916 6
-37.591868 -12.435993 25.827016 1
-37.507768 -12.333703 26.803316 6
-38.448968 -12.313353 26.556016 6
-38.759968 -12.499183 25.699816 10
-38.302968 -12.856593 25.001116 5
-38.368468 -13.791163 24.809616 3
-37.546168 -13.436613 24.585816 1
-36.711268 -12.961353 24.537916 3
-35.822868 -12.538423 24.273116 5
-34.960768 -12.659823 24.612616 3
-34.386068 -13.006963 23.901516 13
-33.444568 -12.883293 24.161716 13
-33.982768 -12.042113 24.557216 3
-34.020568 -11.252073 25.062916 3
-34.409168 -10.646573 24.445816 14
-33.484668 -10.505893 24.657616 3
-33.635768 -10.361263 23.725116 6
-33.062268 -10.242583 22.983216 3
-32.687868 -9.574893 23.560716 4
-32.121168 -10.063973 24.149216 12
-32.485668 -10.292663 24.957416 3
-31.984868 -10.968943 25.347716 3
-31.826268 -11.033073 24.428716 8
-32.200768 -11.890033 24.192316 3
-32.544968 -12.707423 23.849016 4
-32.769768 -13.584693 23.462916 13
-32.208868 -14.263283 23.684416 11
-31.376168 -14.242773 24.171516 9
-31.100568 -13.323353 24.071816 4
-30.276268 -13.341353 24.722516 10
-30.584568 -13.927413 25.401316 1
-30.986068 -14.131723 26.225516 9
-30.444468 -14.788433 25.883516 1
-31.193668 -15.440333 26.005616 9
-31.312968 -16.275233 26.509816 3
-32.220068 -16.559433 26.491916 6
-31.796768 -17.378233 26.192516 1
-32.686468 -17.811333 26.298516 6
-32.547868 -17.767133 27.299916 6
-32.270868 -18.412033 27.946916 3
-31.469468 -17.897333 27.762716 4
-31.419468 -17.078133 27.346916 3
-30.655768 -17.196533 28.078516 1
-30.918868 -16.467433 28.652916 9
-31.201068 -15.697933 29.204016 5
-32.109868 -15.328233 29.332816 5
-31.777068 -14.410033 29.425216 13
-30.838968 -14.197233 29.303516 9
-31.162568 -13.882353 28.472416 1
-31.073568 -12.900123 28.259716 10
-32.089868 -12.638203 27.964516 3
-31.513368 -11.886443 27.969816 15
-31.931268 -11.245653 27.382916 3
-31.487068 -11.486393 26.583116 3
-30.622968 -11.411623 27.007116 1
-30.579668 -11.259053 26.064616 8
-30.840168 -11.989873 25.505016 8
-30.922768 -12.846513 25.795616 5
-31.836568 -12.880783 26.077816 3
-31.812468 -13.666003 25.619016 9
-32.585968 -13.852403 26.107216 3
-32.532468 -14.321643 25.315216 9
-33.015168 -14.355933 24.533016 13
-32.468768 -13.490153 24.736616 10
-32.773168 -12.627393 25.071816 3
-33.545268 -12.042103 25.533916 3
-33.702868 -12.985773 25.430016 3
-34.018768 -13.743083 24.864616 13
-33.499668 -14.143573 25.577216 3
-33.082068 -14.825633 26.071616 9
-33.025468 -15.641033 25.469016 6
-32.121768 -15.478933 25.345016 9
-32.032068 -15.631833 24.409916 11
-32.679668 -15.545133 23.702816 13
-32.827168 -16.385933 24.209116 3
-32.452968 -16.745433 25.064616 6
-32.697868 -17.454233 24.437816 4
-33.492668 -17.422633 25.109516 6
-33.539368 -18.271433 25.559316 15
-34.347868 -18.551833 26.040416 8
-33.806468 -18.472333 26.836116 3
-33.838168 -17.617333 26.403016 6
-34.647368 -17.422733 27.001916 6
-34.191768 -16.768433 27.488816 6
-33.742768 -15.961533 27.792016 5
-33.743768 -16.018533 28.736216 5
-33.597368 -16.975833 28.873616 3
-32.807668 -16.526233 28.506516 5
-32.221268 -16.836333 29.292316 3
-32.515968 -17.706133 29.460716 1
-31.783068 -18.317333 29.698516 1
-32.113968 -19.159733 30.054016 10
-32.882068 -19.701333 29.625016 3
-32.814968 -19.193233 28.795816 1
-33.361968 -18.887633 27.961816 3
-32.850868 -19.025733 27.179216 1
-33.673268 -19.624733 27.017916 3
-34.586868 -19.900733 26.937816 3
-34.770368 -19.321733 27.789516 10
-35.526868 -19.873333 27.513816 1
-35.679568 -18.879333 27.521416 3
-35.898868 -18.391433 28.303816 1
-36.474568 -18.051733 29.009716 1
-37.452568 -17.977233 28.750316 4
-37.834168 -17.735233 27.902516 3
-37.428368 -17.414833 27.121316 11
-37.891468 -16.671733 27.501216 14
-37.163968 -15.925233 27.329616 4
-36.641268 -15.224033 26.950016 4
-35.824468 -15.293733 27.415716 9
-35.632368 -15.357533 26.518816 12
-34.792368 -14.894733 26.711716 10
-34.430468 -13.975173 26.850616 3
-33.668968 -13.804143 27.457616 3
-33.370468 -14.683133 27.686116 5
-32.415968 -14.750333 27.277616 9
-32.119768 -15.573633 26.873016 9
-32.698268 -16.044933 27.507616 5
-33.130368 -15.904733 26.658416 6
-34.000168 -16.312933 26.577016 6
-34.935568 -16.511733 26.444016 1
-35.599168 -16.865033 25.895116 4
-36.411468 -16.280133 25.893416 10
-36.501768 -15.882833 25.002716 4
-36.026868 -15.057733 24.988016 10
-35.191968 -15.021633 24.446916 13
-35.671768 -14.657833 23.700716 13
-35.849368 -13.969663 24.320116 10
-35.674868 -13.533083 23.494016 13
-36.534768 -13.044093 23.370116 10
-37.544968 -13.067893 23.117816 6
-38.348968 -12.684323 23.507416 3
-38.699268 -11.867553 23.071316 8
-39.043968 -11.129043 23.649816 9
-38.146568 -11.322283 23.907716 1
-37.583168 -12.085353 24.310016 10
-37.238168 -11.151863 24.227316 6
-36.344968 -10.914253 23.941216 1
-36.026068 -10.302683 23.233916 4
-35.219968 -10.192043 22.682816 5
-34.705068 -10.646683 21.990616 3
-34.244168 -11.410083 21.713816 5
-33.873168 -12.118283 22.247116 13
-33.878368 -11.795653 23.124416 4
-33.411868 -11.549453 23.908216 3
-32.754768 -11.846183 23.249616 13
-32.307368 -12.481303 22.627416 4
-33.025368 -12.778933 22.004316 13
-32.175268 -13.052903 21.638716 4
-31.500568 -12.652263 21.030116 4
-30.793468 -12.735853 20.302116 11
-30.035468 -13.351893 20.288316 9
-29.850568 -14.379833 20.482416 6
-30.427468 -15.107833 20.047716 10
-31.209668 -15.394933 20.470716 10
-31.300568 -15.503233 21.400316 10
-30.919368 -14.603633 21.461816 4
-30.438268 -15.305333 22.067916 10
-30.199268 -15.564733 22.996616 8
-29.896868 -15.275233 23.814816 3
-30.461368 -14.511333 23.553416 11
-31.101768 -14.394433 22.840116 11
-30.918868 -13.465653 22.917616 4
-31.822768 -13.587143 22.698716 4
-32.635568 -13.893903 22.229216 1
-33.545668 -13.781633 22.646716 13
-34.430468 -13.468603 22.939216 13
-35.073168 -12.742973 23.102116 1
-35.271768 -11.718903 23.035616 10
-35.353768 -12.231373 22.253316 5
-36.260568 -11.896573 22.300416 3
-36.694368 -11.024553 22.562616 5
-37.102768 -10.857533 21.734816 10
-37.461968 -10.860483 20.867016 6
-36.557068 -11.043243 20.833816 10
-36.061168 -11.469723 20.117816 1
-35.134668 -11.213163 19.964316 4
-34.392268 -10.451213 20.186716 13
-33.505068 -10.606733 20.433416 6
-32.590468 -10.741173 20.627916 9
-32.403068 -11.715643 20.779416 3
-32.022468 -11.914903 21.654416 4
-31.501868 -11.170403 22.026216 13
-30.838168 -10.747863 22.492716 10
-30.987768 -10.555093 23.443016 1
-30.960068 -11.450953 23.780616 8
-31.049368 -11.748693 22.866716 4
-30.480168 -12.565163 22.957316 4
-29.794768 -11.798283 22.895416 1
-29.017168 -12.337553 22.633916 9
-28.180068 -11.810773 22.585116 15
-28.344468 -11.479213 21.677616 6
-28.659668 -10.776333 21.174216 12
-29.408468 -11.293063 20.928716 4
-30.028268 -11.528003 21.583416 13
-30.580668 -12.306853 21.349616 4
-30.198868 -12.895983 21.980116 4
-29.595468 -13.104153 21.255816 3
-28.914668 -13.597343 21.667616 10
-28.015068 -13.917373 21.743716 2
-27.337168 -13.392273 22.282816 13
-26.517168 -12.948543 22.100716 1
-25.797868 -13.122363 22.789716 11
-26.503968 -13.817133 22.608216 3
-27.058768 -14.435133 22.054816 5
-27.923868 -14.936333 21.991316 4
-28.865168 -15.200733 21.771916 15
-28.697168 -16.061333 21.322116 13
-29.576068 -16.205233 21.656516 10
-29.793468 -16.978033 22.243116 10
-29.247068 -17.300133 23.014016 9
-28.590568 -16.767633 22.463616 1
-27.929868 -17.109133 21.798616 1
-28.424268 -17.862733 21.487916 3
-27.899268 -18.763033 21.392416 4
-28.573368 -18.688333 20.719616 1
-29.081768 -18.232733 20.009716 4
-28.876368 -17.485933 19.474116 6
-28.709768 -16.584233 19.835916 1
-29.529568 -16.209033 20.289016 10
-29.538268 -16.077533 19.336616 1
-30.254968 -15.464033 19.068116 10
-29.565268 -14.720833 19.334916 6
-29.413768 -13.812733 19.160616 1
-30.458268 -13.912843 19.409016 8
-30.688768 -14.590433 18.764516 10
-31.540068 -14.370633 19.130916 10
-31.650468 -13.662713 19.724516 4
-32.511268 -13.116663 19.517616 11
-33.002768 -13.481513 18.739016 8
-33.516568 -13.428283 17.927516 10
-34.229368 -14.027713 18.207816 5
-34.676468 -13.739483 18.981416 5
-34.575968 -13.829513 19.996816 1
-34.317968 -14.041563 20.968316 13
-33.459568 -14.158263 21.414816 13
-33.283368 -13.600683 20.676416 4
-33.916968 -12.910393 20.706916 13
-34.521068 -12.418893 20.133516 3
-34.366868 -12.140083 19.184716 5
-33.568668 -11.575173 19.273116 10
-33.607568 -11.037903 18.467316 1
-34.528868 -10.977913 18.688016 11
-35.482368 -10.597353 18.651816 15
-35.773268 -11.024243 17.785916 4
-36.081068 -11.903353 17.864916 4
-36.860068 -12.263913 17.276716 4
-37.455868 -12.720423 17.864516 6
-38.041668 -12.856143 17.098616 6
-38.799068 -13.444473 17.310316 11
-39.366768 -12.724003 16.845016 13
-40.210968 -13.106733 16.829716 4
-39.791668 -13.942213 16.598516 3
-40.651368 -14.172803 16.302516 9
-41.340568 -13.526733 16.055716 13
-42.057668 -14.201103 15.824816 1
-41.820568 -14.949333 16.428616 8
-42.354568 -15.705233 16.220616 12
-42.667268 -16.101833 17.042916 13
-43.488468 -15.874333 17.416116 10
-44.201168 -15.196333 17.504816 4
-44.738668 -15.846833 17.062616 13
-44.095268 -15.846633 16.342916 3
-44.366868 -16.655833 15.932016 6
-45.294768 -16.726333 16.088116 5
-45.393068 -17.391033 15.419916 10
-46.311868 -17.417833 15.822316 9
-47.191568 -17.200633 15.355716 10
-46.661168 -17.505033 14.633216 4
-46.129668 -17.838333 13.902416 1
-45.981268 -17.771233 12.939116 1
-45.952768 -17.786733 11.975716 4
-46.405468 -18.556433 11.703316 3
-46.119468 -19.502033 11.612216 4
-45.223768 -19.344033 12.058316 1
-44.791968 -19.968033 11.435616 1
-45.233568 -20.739933 11.113116 3
-45.632168 -20.625633 10.275116 10
-46.597368 -20.404733 10.318516 4
-47.356168 -20.835733 10.778216 10
-47.192468 -20.428033 11.667616 15
-47.530868 -20.676733 12.544616 1
-47.064468 -21.506933 12.868316 1
-46.313868 -22.065833 12.706216 4
-45.748268 -22.112933 13.516216 11
-45.150168 -22.724433 13.013816 9
-44.416268 -22.228433 13.378616 6
-44.874768 -22.031633 14.222816 5
-44.335168 -22.370033 14.877816 6
-43.745768 -21.981033 15.540416 11
-43.410368 -21.169233 15.251716 10
-42.729468 -21.643733 14.746316 13
-42.281668 -22.245133 15.345516 10
-41.558468 -22.961633 15.454216 13
-42.206268 -23.750533 15.601016 4
-41.691968 -24.476033 15.895316 1
-41.541068 -24.467133 14.942616 3
-40.898568 -24.616233 14.263116 4
-40.467468 -25.030733 13.525116 10
-40.992768 -25.775233 13.169716 6
-41.349368 -26.584033 12.722616 3
-40.822168 -27.418333 12.723716 10
-40.088968 -27.020733 13.287816 13
-40.084868 -27.970133 13.327716 4
-39.578368 -28.750233 13.064316 6
-39.336668 -29.159433 13.857416 12
-39.242768 -28.815333 14.738416 8
-38.413668 -28.454033 15.195016 4
-37.954968 -27.789033 14.567816 4
-37.456968 -26.948733 14.397616 10
-37.562468 -27.090933 15.393816 13
-37.180068 -27.110933 16.333116 4
-36.504568 -26.987633 17.016516 10
-37.020968 -26.140733 17.109316 8
-36.789668 -25.186133 17.052816 13
-36.161768 -24.674733 17.596316 1
-35.502168 -24.262533 17.046716 4
-35.294068 -23.500733 16.497516 10
-34.860268 -23.205233 15.702916 13
-33.865268 -23.145133 15.581416 1
-33.975068 -22.271933 15.985116 1
-33.551868 -21.380833 16.182516 4
-33.334468 -21.054333 17.014116 5
-33.819168 -21.078133 17.816216 1
-33.821468 -21.769833 18.416916 10
-33.078568 -21.345033 18.928216 3
-33.555768 -21.388933 19.877916 9
-33.781168 -22.392033 19.972216 13
-33.982568 -22.128733 20.868416 4
-34.772668 -21.608333 21.073016 9
-35.444968 -21.135833 21.591816 6
-34.659668 -20.479733 21.385216 9
-35.162868 -19.612133 21.181416 4
-35.137868 -19.853633 20.231416 4
-35.199168 -20.683933 19.800616 13
-36.103068 -21.200833 19.831116 10
-36.624468 -21.219733 19.000316 15
-36.374868 -20.844433 18.185216 4
-36.659368 -20.037733 18.623116 10
-36.170868 -19.953633 17.776916 11
-36.572068 -19.311933 17.207516 10
-36.321268 -18.971333 16.290716 3
-36.804768 -18.359733 15.667616 6
-36.912168 -17.577333 15.141116 10
-36.598468 -16.691433 14.842716 8
-37.438468 -16.441233 15.239316 4
-37.613768 -15.512933 15.471316 13
-37.862068 -14.680433 15.009416 10
-38.569368 -15.226133 15.207116 13
-38.644668 -14.600633 15.872216 5
-37.832968 -14.118333 15.881916 3
-37.178068 -14.761833 16.277616 4
-36.634868 -14.683633 15.422816 1
-36.157568 -15.008433 16.182516 10
-36.382968 -14.185693 16.645716 7
-35.684868 -14.359233 17.295516 5
-36.367768 -14.227833 17.916516 5
-36.354168 -13.331073 17.540616 9
-35.909168 -12.661083 17.012416 4
-35.543068 -12.383413 16.165416 4
-36.267968 -12.847833 15.896816 1
-36.874668 -13.158613 16.667016 6
-37.298468 -12.511763 16.091116 10
-36.605368 -11.891883 15.911716 4
-36.607968 -10.935393 16.144216 4
-37.426068 -11.059023 16.750116 6
-37.839568 -10.585053 17.477216 3
-38.599968 -11.080933 17.447116 10
-38.763368 -10.850623 16.520616 1
-39.665468 -10.830943 16.717716 1
-40.460368 -10.516653 16.383716 1
-40.098068 -9.699093 16.827316 10
-40.518668 -8.812783 16.814516 1
-41.155968 -9.531863 16.868716 12
-41.626068 -9.741593 16.040716 11
-42.499968 -9.782733 15.645816 10
-41.834068 -9.315923 15.161616 4
-41.468168 -8.441243 15.492016 13
-41.493568 -7.656863 15.957216 10
-40.563468 -7.823443 16.249816 13
-39.988868 -7.735643 16.946916 4
-40.098768 -8.178063 17.804916 14
-39.808068 -8.537583 18.679816 3
-39.319468 -7.738003 18.430416 13
-38.484468 -7.389913 18.364016 8
-37.814168 -8.001753 18.147416 11
-36.827868 -7.819933 18.252116 13
-36.598068 -8.527113 17.654916 4
-35.645268 -8.167223 17.699316 10
-34.753168 -8.348153 17.322316 10
-34.957768 -9.091223 17.943316 6
-34.122268 -9.390293 17.584616 9
-34.770868 -9.998723 17.201316 10
-34.334868 -10.813973 17.035216 5
-35.178568 -10.873513 16.722816 4
-35.961568 -10.301763 16.922616 9
-36.777968 -10.581603 17.377816 4
-36.926568 -9.628623 17.586716 5
-37.194868 -9.368893 16.687716 6
-37.731968 -9.757033 15.988216 10
-37.200868 -10.230623 15.326216 13
-36.226868 -10.448263 15.276616 4
-35.260768 -10.336263 15.406416 4
-34.410468 -9.864403 15.351916 15
-35.175168 -9.268313 15.520216 10
-35.735968 -9.646153 14.764016 13
-36.571468 -9.292673 14.529616 1
-36.294768 -8.548663 14.054916 4
-36.428868 -8.700133 13.108116 10
-35.676368 -8.143933 13.093216 7
-34.908168 -7.804713 13.592716 10
-35.007668 -8.612923 14.154916 1
-34.394268 -9.102273 13.559216 5
-34.437568 -9.307363 12.606216 13
-35.086668 -9.922913 12.995316 1
-34.510668 -10.727973 13.145616 8
-33.677268 -11.159803 13.034116 4
-33.090068 -11.879123 12.799616 3
-33.500568 -11.733883 11.902916 1
-33.063668 -10.993113 11.334816 13
-33.069368 -10.781943 10.388916 11
-33.784668 -10.395573 10.852516 11
-34.697068 -10.205413 11.104816 14
-35.061368 -9.550193 11.656016 4
-35.921868 -9.974653 11.714716 10
-35.456768 -10.679353 12.031616 12
-35.627568 -11.233053 12.781716 6
-35.675268 -11.056283 13.724716 6
-35.539568 -11.033723 14.652616 4
-35.124968 -11.902753 14.880016 4
-34.459868 -11.634673 14.293616 3
-33.680868 -12.017493 14.691316 13
-33.880168 -11.546303 15.579516 10
-34.599368 -11.636463 16.210616 4
-34.020668 -11.900203 16.973516 3
-34.270768 -11.932743 17.947816 4
-33.428668 -12.361813 17.901616 5
-32.810568 -12.310733 17.188216 10
-33.190268 -13.067183 16.668716 10
-33.778968 -13.380383 15.910916 15
-33.870468 -14.364533 16.004616 10
-34.429068 -14.640933 16.778116 9
-34.304368 -13.741363 17.100216 10
-34.544968 -12.801523 17.277016 4
-35.182268 -13.381143 17.697716 5
-35.462368 -13.114143 18.601916 5
-35.854868 -13.106713 19.486116 1
-35.801068 -12.483283 20.161016 4
-36.077768 -12.636463 21.158716 1
-35.156068 -12.770683 21.148416 4
-35.033068 -13.156303 22.042116 13
-35.227868 -13.935363 21.470416 13
-36.047468 -14.223443 20.952416 9
-36.109468 -14.559233 21.901816 6
-35.278568 -14.960133 21.793216 13
-35.642968 -15.268333 22.686116 13
-36.447568 -15.439333 23.151316 10
-37.254568 -16.023733 23.032916 9
-37.577268 -16.840833 22.745916 15
-36.746868 -17.164633 22.341816 1
-36.806068 -17.645333 21.524716 1
-36.579268 -18.214933 20.755816 4
-36.042668 -18.405933 21.523616 4
-36.734768 -19.097333 21.521716 10
-36.457568 -19.938633 21.902816 8
-37.284268 -20.069533 21.466916 6
-37.839268 -20.405333 22.164816 11
-38.731268 -20.440333 21.690216 10
-38.768268 -21.340833 21.243116 4
-39.522468 -21.228833 21.790116 5
-40.455068 -21.496633 22.160316 4
-41.016368 -21.246033 21.417016 10
-40.894268 -20.959433 20.554716 7
-39.942968 -21.032833 20.333616 4
-39.385668 -20.549133 19.756316 10
-39.082868 -19.647633 20.052216 3
-39.183768 -19.908633 20.980316 4
-39.821668 -19.463933 21.513616 8
-40.526368 -18.812333 21.271916 13
-40.240868 -17.937133 20.942816 1
-40.936568 -17.521033 20.447016 6
-41.138368 -16.825633 21.175616 10
-41.600268 -16.035833 20.771116 4
-40.793368 -16.195733 20.383616 1
-40.651468 -16.319633 19.376416 1
-40.376368 -15.397433 19.546116 4
-41.043568 -14.770033 19.285316 10
-41.426668 -15.500233 19.793016 13
-42.275468 -15.056933 19.752716 6
-42.161668 -14.956433 18.792216 10
-41.411868 -15.081533 18.205216 1
-40.541668 -14.629633 18.197716 10
-39.684768 -14.983933 18.294516 12
-39.265468 -15.635933 18.917316 1
-38.696168 -15.072533 19.406316 13
-38.151168 -15.623633 20.046216 4
-37.521668 -15.157433 19.522216 15
-37.105668 -14.541933 20.264116 3
-36.441368 -14.302003 19.626516 15
-35.648668 -14.827333 19.326616 5
-35.002968 -15.426733 19.796816 10
-34.435368 -16.223233 20.121216 4
-34.370268 -16.131433 21.079116 13
-33.576368 -15.762833 20.790016 13
-32.962968 -16.251933 20.149916 10
-32.348768 -15.514833 19.832816 10
-33.171268 -15.155933 20.011816 14
-33.942168 -15.366833 19.536916 5
-33.690668 -16.210933 19.202116 4
-33.341868 -16.020233 18.338916 10
-34.118168 -16.581633 18.261616 1
-34.640868 -17.400633 18.166716 4
-35.473368 -17.040733 18.368716 4
-35.723068 -17.016133 17.365616 10
-35.879168 -16.613333 16.449416 3
-35.024768 -17.048233 16.496316 13
-34.340468 -17.807833 16.495616 6
-33.789668 -18.374533 17.006516 7
-34.290868 -19.210833 17.093316 1
-34.660768 -19.018133 18.069816 10
-34.337168 -18.509933 18.765716 4
-33.633168 -18.526133 18.131516 11
-33.221968 -18.716933 19.003016 4
-32.878568 -19.314133 19.685916 9
-32.682468 -18.359733 19.864016 4
-31.817068 -18.105833 20.319216 10
-31.989168 -19.092033 20.176016 13
-31.418568 -19.773233 20.542916 10
-31.606968 -20.742933 20.516416 8
-32.501168 -20.960933 20.705816 9
-32.544068 -21.801133 21.328516 6
-32.992768 -21.556833 22.085716 13
-33.531968 -20.788233 21.949016 9
-33.125168 -20.364633 22.706416 11
-32.885868 -20.920533 23.545316 8
-33.159668 -20.741533 24.443716 10
-33.192868 -21.677533 24.621016 7
-32.728268 -21.268133 25.353816 5
-32.696568 -21.106433 26.316816 4
-31.739968 -20.871433 26.166816 10
-30.912868 -21.172033 25.701216 13
-31.626968 -21.254933 25.066416 5
-31.549068 -21.933033 24.296216 1
-31.671168 -21.313533 23.524916 4
-30.994368 -20.608333 23.583316 1
-31.751068 -20.015033 23.227016 10
-32.455468 -19.597033 23.680716 4
-32.094068 -19.883833 24.563216 5
-31.685168 -19.561833 25.326616 1
-31.907668 -18.682233 25.671916 4
-32.713568 -18.938433 25.056616 1
-33.248968 -18.701933 24.228416 1
-33.730868 -17.929933 23.804216 10
-33.530068 -16.979933 23.837916 3
-34.124368 -16.221933 23.947416 13
-33.703268 -16.487933 24.815816 6
-34.143268 -15.599933 24.843516 6
-34.127868 -14.897933 24.050516 13
-34.394168 -14.587333 23.169516 13
-34.565168 -15.260533 22.458216 13
-35.001368 -16.066233 22.006316 10
-35.305768 -16.552733 21.169516 4
-35.086068 -17.196033 21.827916 4
-35.129468 -17.982733 22.375216 7
-34.786368 -17.995033 23.322516 10
-34.695468 -17.054333 23.566516 6
-35.315968 -16.661433 22.998616 10
-34.405768 -16.332833 22.906716 13
-33.454868 -16.503933 22.869016 13
-32.484568 -16.556033 22.463016 5
-32.788268 -16.548233 21.532616 10
-33.295668 -16.942033 20.866016 4
-32.890468 -17.854233 21.073616 10
-33.755068 -18.135933 20.861316 4
-33.304468 -18.901833 20.527616 4
-33.404768 -19.882033 20.935916 9
-34.186768 -20.020133 20.354116 9
-33.963668 -19.365633 19.692116 4
-34.542668 -20.022233 19.399916 6
-35.203168 -19.352233 18.938516 15
-34.932868 -18.732233 19.662216 4
-34.802668 -18.023233 20.287716 4
-34.827068 -18.214633 21.302516 4
-34.178768 -18.286633 21.960816 10
-33.596368 -18.263733 22.794216 11
-33.058268 -17.561033 22.940216 7
-32.323568 -18.125133 23.188516 1
-32.220168 -18.411233 22.313116 3
-31.940368 -17.628033 21.691616 12
-31.712268 -16.723733 21.560416 10
-31.237768 -16.357033 20.868016 10
-31.668168 -16.254733 20.063416 10
-31.334368 -16.597233 19.186416 10
-30.417868 -16.684333 18.769516 1
-30.007868 -17.541833 19.014616 11
-30.033168 -17.250433 19.942316 10
-30.353268 -16.841833 20.803516 10
-30.966268 -17.450333 21.276116 10
-30.378368 -18.169133 21.215416 1
-29.712668 -18.684833 21.746516 13
-29.173668 -19.475433 21.606716 1
-28.379168 -19.702733 22.038416 4
-27.797668 -19.350233 22.764316 10
-27.673168 -20.341733 22.633416 4
-26.825868 -19.982733 22.854616 7
-26.812268 -19.279933 23.564716 10
-26.433568 -19.664333 24.364016 4
-26.930768 -20.308533 24.970216 5
-26.343368 -21.158033 24.853916 3
-26.293968 -20.879933 25.843916 8
-26.242268 -20.014133 26.231016 7
-26.414968 -19.268333 26.961916 13
-26.007168 -19.047533 27.795616 7
-25.265468 -18.487333 27.416516 4
-25.818168 -17.843433 27.873016 10
-26.378768 -17.460133 28.639216 4
-26.926268 -16.535333 28.437316 1
-26.643668 -16.005433 27.620716 5
-25.807568 -16.123333 27.168516 10
-26.154468 -16.632133 26.438616 6
-26.932068 -16.601333 25.774716 4
-27.398468 -17.050233 25.005216 1
-27.385968 -17.802733 24.361616 12
-28.298868 -18.027233 24.703916 13
-29.325168 -17.916033 24.958516 9
-28.930368 -17.249433 25.611916 7
-29.498668 -16.558433 25.256216 1
-30.162968 -16.016733 25.572816 10
-30.795468 -15.553733 24.975416 9
-30.959468 -16.097233 24.203116 11
-31.322668 -16.745533 24.840916 13
-31.426168 -17.479333 24.122716 15
-31.519368 -17.371833 23.177916 5
-30.956368 -16.604633 22.921716 10
-31.418768 -15.841133 22.646416 11
-32.095968 -15.734933 22.016316 10
-32.837768 -15.601533 22.673516 13
-33.417868 -14.848033 22.335616 13
-32.789568 -14.855533 21.493716 10
-32.156768 -14.109103 21.363116 4
-31.318168 -13.931543 20.733516 4
-31.654068 -14.621333 20.186616 3
-32.649768 -14.331163 20.235016 4
-32.612468 -14.398533 19.189816 15
-32.258068 -15.260233 18.853116 10
-31.650168 -15.853433 18.395216 10
-31.481168 -16.467333 17.640116 3
-32.346668 -16.566033 18.006816 10
-33.148968 -16.495633 17.481416 7
-33.235668 -17.141233 18.240916 8
-33.820168 -17.549733 18.915016 4
-33.253568 -17.132933 19.608016 10
-34.187468 -17.201133 19.849816 4
-35.150268 -17.097733 20.071216 4
-35.711868 -16.333433 20.227716 1
-36.486768 -16.135233 20.859616 1
-36.455968 -16.979333 20.394716 4
-37.277868 -17.390033 19.957416 1
-36.916468 -17.943533 19.241716 1
-36.028468 -18.045233 18.782216 4
-36.671368 -17.964733 18.102416 6
-37.213168 -17.182333 18.281316 7
-36.477168 -16.665333 18.655416 10
-35.814468 -16.901033 19.307416 4
-35.569968 -16.067833 18.927516 6
-35.516768 -15.378733 18.293516 5
-34.581368 -15.718733 18.371816 4
-34.649268 -14.881633 17.708716 5
-33.633368 -14.918633 17.800616 10
-32.781068 -14.400533 18.036216 10
-32.117968 -13.796243 18.463616 10
-31.790468 -12.928443 18.139316 9
-31.371268 -13.722383 17.710816 10
-30.448568 -13.864003 18.057516 7
-30.666168 -14.752733 17.673916 10
-29.847568 -15.263433 17.562616 9
-29.120668 -15.010633 18.192916 13
-28.192468 -14.953833 17.994216 7
-27.707368 -15.779433 18.183716 1
-27.091668 -15.338033 18.854916 1
-26.199268 -15.588233 18.977816 13
-25.650168 -14.857033 18.682816 3
-25.090168 -15.673233 18.617116 4
-24.910368 -16.044133 19.494416 1
-25.044168 -15.794033 20.417816 4
-24.928668 -14.971133 20.933016 10
-24.564568 -14.083263 20.717916 1
-25.141668 -14.331533 19.956016 1
-24.936668 -13.611623 19.352716 13
-24.533568 -13.075993 18.679216 4
-24.723768 -14.123933 18.500616 7
-23.907668 -14.326563 19.077316 11
-23.147768 -14.558233 18.395316 10
-23.883868 -14.495833 17.802916 11
-23.889668 -15.390733 18.235516 4
-23.050368 -15.695533 18.503216 8
-22.999668 -16.616133 18.797216 4
-22.379368 -16.483633 19.515616 3
-22.078468 -17.195033 18.866916 13
-22.676668 -17.232233 18.096316 11
-22.848068 -17.625833 17.236616 4
-22.142668 -18.223533 17.473616 10
-22.895068 -18.740033 17.125116 8
-23.166568 -19.583433 17.541516 10
-23.239868 -20.099033 18.371816 4
-23.719368 -19.281033 18.521016 5
-24.409468 -19.738933 18.043916 1
-25.307568 -19.894233 18.382716 10
-25.665768 -20.495033 19.017116 4
-26.596168 -20.482833 19.220016 13
-27.082468 -19.899533 18.674216 7
-26.769968 -19.321633 19.380616 5
-27.691768 -19.281733 19.207816 4
-28.595068 -19.064733 18.995416 6
-29.272668 -19.603433 19.364516 5
-29.702568 -18.741433 19.030016 1
-30.174268 -19.094633 19.823416 6
-30.657468 -18.174733 19.751016 10
-31.337768 -17.917433 19.137416 4
-31.975568 -17.357633 19.513916 10
-32.174868 -17.454433 18.523516 10
-32.149068 -17.722233 17.682516 13
-32.057568 -18.278933 16.884516 9
-32.443668 -17.462033 16.332916 15
-31.835068 -16.817833 16.631916 15
-32.149968 -15.967833 16.790516 10
-31.589068 -15.268633 17.074216 10
-32.254268 -14.562733 17.138616 10
-33.008668 -15.164433 16.818816 10
-33.164468 -15.869833 16.272616 13
-33.205368 -16.435733 15.425916 15
-32.801968 -15.532133 15.240616 10
-33.718568 -15.708933 15.068516 9
-33.981168 -15.292233 14.283516 10
-33.555968 -15.476033 13.373216 1
-32.767768 -15.827233 12.991116 7
-32.131568 -16.157033 12.361216 7
-31.972368 -16.202033 11.366116 10
-32.725668 -15.617633 11.299316 7
-33.020668 -15.557033 10.395016 12
-33.918768 -15.666033 9.960616 1
-33.410568 -14.748533 9.682216 12
-33.221968 -15.558333 9.170816 4
-34.027868 -15.134433 8.917116 1
-34.957968 -15.350433 8.673616 7
-34.806168 -15.878833 9.439916 3
-34.633968 -16.888633 9.506516 4
-35.438668 -17.363433 9.647516 4
-36.401168 -17.160633 9.718716 10
-37.278068 -17.006433 10.032816 7
-38.024468 -16.569533 10.541016 11
-38.669268 -16.695533 9.809616 9
-38.316668 -15.798833 9.620616 1
-38.704668 -15.194933 9.039116 10
-39.028468 -14.383133 9.345716 4
-38.642368 -14.705933 10.266816 7
-37.682768 -14.928433 10.068816 4
-37.281068 -14.310413 10.704816 14
-37.080468 -13.832963 11.529216 13
-37.175268 -14.770833 12.001116 7
-36.760868 -15.386733 12.578716 10
-36.846268 -14.561333 12.999016 11
-36.465168 -13.754033 12.568916 13
-35.890668 -12.836383 12.127716 6
-35.175868 -12.344583 12.456616 12
-34.434868 -12.982723 12.367516 13
-33.720668 -13.582433 12.240116 10
-33.162468 -13.646323 11.375616 12
-32.315868 -14.106913 11.501916 7
-33.147468 -14.638333 11.743016 12
-33.404068 -15.304233 12.381116 7
-33.943868 -15.734433 11.747616 14
-34.355468 -16.376233 11.225516 4
-33.955968 -16.914233 10.456516 4
-33.244668 -16.442833 10.975816 7
-32.608068 -16.580133 10.267516 10
-32.495368 -17.476333 9.944716 10
-33.252768 -17.613933 9.332816 12
-33.443068 -17.970533 10.226616 4
-32.983968 -17.398833 10.814316 10
-33.553068 -17.422133 11.644116 7
-34.201268 -16.868533 12.099716 7
-35.064368 -16.902033 11.745416 4
-35.123468 -16.007833 12.097316 3
-35.235468 -16.366133 13.010716 1
-36.115368 -16.570633 13.297716 10
-36.084368 -17.502533 13.199316 1
-35.388468 -17.943133 12.754416 1
-34.526968 -17.566133 13.179616 7
-34.699068 -18.471933 13.420916 1
-33.859568 -18.840133 12.832416 7
-33.539668 -19.668633 12.358716 10
-32.827468 -20.301233 12.526316 10
-32.403568 -21.156933 12.652516 1
-32.825368 -21.998233 12.827116 1
-32.080168 -22.174733 12.141116 4
-32.926068 -22.323733 11.644116 14
-33.650768 -22.817633 12.124516 15
-34.136368 -23.374033 12.794916 4
-34.147768 -23.026333 13.654816 11
-35.076668 -22.792233 13.564016 7
-34.776168 -22.150233 12.874916 1
-34.013168 -21.777433 12.310216 11
-34.339868 -20.957833 12.707916 9
-35.077668 -21.299033 12.195016 12
-34.816868 -20.370033 11.927716 7
-34.134768 -20.897133 11.499316 5
-33.341368 -20.317733 11.474216 10
-32.442068 -20.557633 11.545416 10
-31.669468 -20.540533 10.995116 7
-31.872068 -21.432833 10.439416 9
-32.071268 -20.531033 10.099616 15
-31.836768 -20.321333 9.180616 12
-31.532268 -19.478533 9.522216 13
-32.206568 -18.702833 9.893716 14
-31.558468 -18.091733 10.214816 10
-31.269168 -18.070733 11.142616 10
-31.819068 -17.562133 11.766616 10
-32.701668 -17.364833 12.173416 7
-32.590668 -18.024333 12.923816 7
-32.326368 -18.578333 12.169316 10
-32.372968 -19.053333 13.034116 14
-31.810668 -19.476233 12.399916 7
-31.649368 -19.026533 11.540516 10
-32.028668 -19.386833 10.735816 10
-33.025468 -19.270733 10.726316 1
-33.356868 -18.594433 11.354916 10
-34.171168 -18.392633 11.828216 7
-34.718868 -17.893033 11.223516 4
-35.542668 -17.971933 10.708716 4
-36.161868 -18.505333 10.214316 13
-37.111568 -18.339733 10.124316 12
-37.637168 -18.644933 9.336716 1
-36.883368 -19.282533 9.387016 7
-36.297868 -19.155633 8.648416 7
-35.979768 -19.777333 7.949116 1
-35.618168 -19.234533 7.258116 1
-34.670968 -19.327133 7.439016 1
-33.943168 -18.728933 7.561116 1
-33.052968 -18.905233 7.286516 4
-32.474968 -18.185333 7.047216 8
-31.902068 -17.807233 6.328816 12
-31.938368 -17.182233 7.151816 7
-32.223268 -17.602933 7.958416 11
-32.713568 -17.050433 8.552116 4
-32.140768 -16.567933 9.143616 11
-31.504868 -17.056933 9.666116 10
-31.019068 -16.336133 10.213116 10
-31.201968 -15.519633 10.679416 6
-31.867468 -14.758333 10.614616 12
-31.477268 -14.794133 11.453916 7
-31.352168 -15.350733 12.190516 7
-30.918068 -16.228233 11.978916 1
-30.833668 -16.861133 11.292016 10
-30.005868 -16.660533 10.905116 10
-29.097168 -16.997733 11.040616 13
-28.459368 -16.278233 10.833516 1
-28.075868 -15.608833 11.370716 7
-28.910968 -15.215333 11.627416 1
-29.287268 -14.363433 12.066316 5
-29.763668 -14.530233 11.247216 7
-29.995568 -15.129333 10.471916 13
-30.498668 -15.303033 9.635216 11
-30.111168 -16.207933 9.597216 14
-29.482468 -16.266633 8.885416 15
-30.196868 -16.802033 8.503916 9
-29.872568 -17.182233 9.347316 10
-30.085868 -18.000633 8.909516 7
-30.569568 -18.310333 9.658616 10
-30.626868 -19.134633 9.105416 7
-30.064868 -19.454233 8.460316 1
-29.209868 -19.865633 8.247616 6
-28.521368 -20.329133 8.696416 10
-29.100368 -21.118633 8.447116 1
-29.574768 -21.889033 8.030116 1
-28.993668 -22.155933 7.335516 16
-28.438868 -22.890533 7.032216 7
-27.937368 -22.070233 6.804116 10
-27.567968 -22.004133 7.679716 7
-28.097868 -21.880933 8.558416 1
-27.316668 -21.495933 9.069716 1
-26.727468 -21.974333 9.633616 4
-26.344568 -21.693533 10.482616 4
-26.487068 -20.727733 10.513416 10
-27.069768 -20.377533 11.177616 14
-26.838368 -19.566333 10.662316 10
-27.497768 -18.906433 11.032616 7
-28.046168 -19.758133 10.585216 11
-28.610368 -19.575633 11.436516 10
-29.364768 -20.098133 11.139916 14
-29.727668 -19.195433 11.149816 11
-30.552168 -18.836133 11.523616 10
-30.126568 -18.283233 10.841816 10
-29.257568 -18.348233 11.328816 7
-28.504568 -17.808733 11.337116 4
-27.661368 -17.500633 11.377216 11
-26.877668 -17.967933 10.933216 10
-26.363768 -17.169533 11.063816 7
-26.621868 -17.034633 12.027416 1
-26.693468 -17.477133 12.847816 1
-27.052168 -16.811633 13.538116 7
-27.455468 -15.897433 13.643816 12
-28.213368 -15.640633 13.229616 4
-28.673168 -16.432733 13.446816 12
-28.096368 -17.123933 13.076116 9
-28.954468 -17.333633 12.670916 12
-29.701568 -17.073533 12.170216 10
-29.549068 -16.485233 12.938216 12
-30.075368 -15.739233 12.506816 13
-30.661368 -15.179933 13.055216 7
-30.371268 -16.007733 13.445816 1
-30.502368 -16.957733 13.668816 12
-31.325468 -16.559033 13.255816 7
-31.332968 -17.243433 12.561516 10
-31.628768 -17.720933 13.354916 7
-32.130268 -18.012033 14.124416 15
-33.036568 -18.450133 13.951316 1
-33.177368 -17.484533 13.715816 7
-33.495668 -16.808133 13.140016 7
-33.288368 -16.293333 13.916616 1
-32.348168 -16.150433 13.964216 7
-32.103568 -16.904233 14.572316 15
-32.600468 -17.547833 15.009916 15
-32.151468 -18.305933 15.512616 7
-31.477868 -18.630933 16.098216 1
-30.892768 -18.230633 15.352416 15
-31.447968 -18.693733 14.736716 10
-31.332368 -19.641733 14.718416 7
-31.979868 -20.070333 15.254616 4
-31.433168 -19.958233 16.052716 12
-30.621368 -20.459033 16.115616 1
-30.504868 -19.645333 16.665816 3
-29.558768 -19.373033 16.301916 7
-28.947768 -19.157533 15.588716 7
-28.906968 -19.344833 14.595616 1
-29.484268 -19.392733 13.805416 1
-29.081368 -18.453733 13.674216 12
-30.039468 -18.531033 13.896116 1
-30.572968 -18.132433 13.118116 10
-30.163268 -18.639633 12.440016 10
-29.198868 -18.511133 12.571216 16
-28.209768 -18.466633 12.706016 7
-27.373868 -18.671633 13.181116 11
-26.491468 -18.971733 13.269116 12
-26.766768 -18.215533 13.834816 7
-26.034868 -18.133833 14.469916 15
-25.230768 -18.618933 14.432516 9
-24.869468 -18.980333 15.233616 5
-24.191568 -18.428933 14.846616 12
-24.098768 -17.487533 14.899316 7
-24.823168 -17.370233 14.291516 4
-24.713768 -17.380633 13.362916 12
-24.601468 -18.401133 13.234016 16
-23.775868 -18.774833 13.644016 1
-22.937868 -18.333633 13.841416 1
-22.641168 -17.441933 14.256316 7
-22.620768 -16.720333 13.587116 10
-23.271368 -16.506833 12.984816 15
-23.529568 -15.893033 13.618616 7
-22.603268 -15.577833 13.681316 7
-22.452268 -15.738033 14.595716 1
-22.398668 -14.835533 14.453616 1
-22.940668 -15.047333 15.248116 1
-23.739168 -15.465433 15.613216 10
-24.001668 -15.612133 16.585716 1
-23.299468 -16.207233 16.610516 7
-23.759168 -16.769533 17.163616 7
-24.187368 -17.513133 16.879216 15
-25.136968 -17.138533 16.974716 1
-25.302968 -16.229533 17.395416 4
-25.494168 -16.308733 16.365116 1
-26.380168 -16.667233 16.264716 1
-26.699268 -16.432133 15.399316 1
-27.450068 -17.009233 15.576316 1
-28.494068 -16.908233 15.454716 11
-28.965368 -16.969533 14.636216 12
-29.873368 -17.254333 14.723116 12
-30.403668 -17.054233 15.495116 15
-30.153168 -16.709933 16.368916 12
-29.978868 -15.715933 16.508616 7
-30.243968 -14.772533 16.417616 10
-31.070768 -15.304533 16.186916 10
-31.197768 -16.230233 15.987416 15
-31.186368 -16.476033 15.026516 15
-30.414068 -15.916933 14.782816 12
-31.246068 -15.627033 14.252416 7
-31.595768 -15.180033 15.081216 10
-31.997268 -15.006533 14.190216 7
-32.926268 -15.224533 14.233616 11
-32.578368 -14.838833 13.368716 7
-33.193368 -14.119773 13.665516 13
-32.956068 -13.246243 13.361816 9
-32.296768 -12.915643 13.915516 7
-31.628068 -12.597643 14.564216 16
-31.069568 -13.357793 14.234116 7
-30.930768 -12.860273 13.393216 16
-30.969668 -13.746163 12.986616 7
-31.546068 -14.530533 12.797016 7
-32.468568 -14.050053 12.684616 7
-32.445768 -13.223633 12.181716 9
-31.890068 -13.084153 12.986716 7
-31.682468 -12.192993 12.544016 13
-31.634668 -12.074003 13.521016 16
-32.412368 -11.709773 13.949916 13
-33.139268 -11.205433 14.236516 7
-32.492268 -11.308293 14.900916 16
-31.647268 -11.187803 15.452916 16
-31.734968 -11.701093 16.385116 1
-30.999668 -11.285153 16.949116 10
-31.085868 -11.511183 17.897116 6
-30.374168 -12.137373 17.918016 4
-29.892268 -12.655503 17.348716 11
-29.187168 -13.302323 17.247216 1
-29.275668 -14.249283 16.952416 7
-28.419768 -14.430533 16.566016 15
-28.576568 -15.302533 16.188416 14
-28.623068 -15.856933 15.419216 12
-27.648568 -15.592733 15.335016 7
-28.015668 -14.943833 14.689016 12
-27.880268 -13.963823 14.925316 15
-26.948868 -14.154773 15.119616 4
-27.021168 -13.344693 14.631016 12
-26.277368 -13.076233 14.164916 1
-25.389568 -13.018293 13.896916 11
-25.724768 -12.086483 13.749216 7
-25.332668 -11.339083 14.300316 7
-24.563768 -10.873433 13.816816 4
-24.428068 -10.419763 14.699016 7
-24.142268 -10.561203 15.603716 5
-25.007368 -10.076753 15.497916 7
-25.862368 -10.477413 15.803016 11
-25.926468 -11.138103 16.516816 12
-25.421468 -11.885293 16.228616 1
-25.907368 -12.426243 15.556816 11
-26.660268 -11.907903 15.978716 9
-27.037268 -11.014143 15.791716 1
-27.889068 -11.563043 15.753516 7
-28.404568 -11.642513 14.956716 1
-29.372268 -11.658113 15.287616 15
-30.307168 -11.557283 15.142516 16
-31.024068 -12.076173 15.369116 16
-30.558468 -12.871643 15.566716 15
-30.692968 -13.144293 16.426116 14
-31.580768 -13.249343 16.656016 10
-32.362368 -13.071263 16.070416 16
-32.260568 -13.959263 16.358416 10
-32.670668 -14.172963 15.491516 10
-32.597068 -13.699083 14.617816 7
-31.680068 -14.144923 14.776116 7
-31.384668 -14.350943 15.666716 10
-30.448068 -14.554933 15.429516 1
-29.504768 -14.881533 15.513716 1
-29.432768 -15.535033 14.811916 12
-29.979168 -15.036133 14.221116 7
-29.146868 -15.220433 13.763716 12
-29.036268 -14.281713 13.516016 1
-30.045668 -14.260703 13.281716 7
-30.161568 -13.895893 14.161716 7
-29.944068 -13.081783 14.605816 16
-29.225368 -12.439073 14.276416 13
-28.399468 -12.074113 13.919516 13
-27.699668 -11.472673 14.156616 7
-28.323868 -10.674233 14.293516 12
-29.216068 -10.981053 14.348516 1
-29.890168 -10.191523 14.494616 9
-30.347968 -11.066273 14.243916 16
-30.407768 -10.397613 13.530116 15
-30.183268 -9.524343 13.239516 15
-29.680968 -8.707863 13.329016 7
-28.856868 -9.315443 13.124716 15
-27.857168 -9.223863 13.202016 7
-28.333068 -8.401463 13.117816 6
-29.061268 -7.905653 12.669516 7
-29.714368 -8.553943 12.197416 7
-29.505368 -9.544343 12.082216 15
-29.248468 -9.019683 11.279516 7
-28.530668 -8.521093 10.855916 7
-28.155968 -8.699623 11.677216 4
-27.791068 -7.863603 11.400616 11
-28.310768 -7.362023 12.093316 7
-27.456168 -6.910593 12.008516 11
-27.060668 -5.947713 11.993016 1
-26.600768 -5.390623 11.388516 16
-25.745668 -5.179207 11.108916 12
-24.955968 -4.932659 10.675616 1
-24.561868 -4.62913 9.867316 11
-25.304268 -3.995211 9.992416 7
-26.156768 -4.506579 9.712916 13
-26.227568 -5.384363 10.076416 7
-26.641468 -5.915423 9.376916 9
-26.662568 -6.840823 9.169216 16
-26.376368 -7.609443 9.650716 10
-26.475068 -7.076003 10.458616 11
-25.722168 -7.144563 11.088916 12
-25.665268 -8.007053 11.504516 5
-24.762968 -8.444033 11.393916 10
-24.258368 -9.191313 11.806916 14
-24.115368 -10.055463 11.502616 1
-23.766368 -10.783663 12.021016 16
-23.025668 -11.072313 12.527616 10
-22.526368 -10.871383 11.680516 7
-22.193468 -10.898383 10.820016 12
-22.141868 -11.850103 10.728216 16
-23.016368 -11.698683 10.333516 4
-23.388168 -12.439073 9.837116 16
-23.523468 -13.295543 9.431316 7
-23.848668 -13.769183 8.695716 12
-24.762368 -13.904043 8.796516 7
-25.707568 -13.577683 8.998516 16
-26.390368 -14.184703 9.147316 1
-27.143468 -14.641533 9.288916 16
-27.251468 -13.612533 9.637516 1
-27.949868 -13.345613 10.233116 1
-27.222868 -13.569703 10.812516 7
-26.571368 -12.972113 10.501816 15
-25.914868 -12.949383 11.260116 12
-25.589468 -12.149393 11.619816 1
-26.392768 -11.532883 11.446316 7
-26.962768 -11.772283 10.753716 15
-27.724668 -12.270083 10.425916 7
-28.277568 -12.171593 11.232716 10
-28.056068 -12.977613 11.637316 1
-28.485468 -13.684463 12.089716 1
-29.368068 -13.321733 11.926816 1
-30.266068 -13.370433 12.324616 7
-29.631068 -12.775263 12.899416 5
-30.121068 -12.174983 12.300816 15
-30.755568 -12.260393 11.492316 13
-30.001568 -12.610183 11.045716 13
-30.529268 -12.961713 10.157516 16
-30.610268 -13.905253 10.236016 13
-30.740368 -13.861503 11.198916 7
-31.491168 -13.310003 10.941316 7
-32.446568 -13.401213 10.816916 12
-32.653368 -12.455533 10.599216 8
-33.441968 -12.455703 10.040716 7
-33.196768 -13.471033 10.036316 12
-33.945068 -14.030963 10.261216 12
-34.542168 -13.213213 10.425116 15
-35.113468 -12.516513 10.212816 12
-36.011168 -12.640943 9.908516 1
-36.787468 -12.328153 9.518416 1
-36.445968 -11.689843 10.185216 16
-35.450368 -11.434273 10.124616 7
-34.844668 -10.771673 9.784616 11
-34.852568 -9.987323 9.216816 7
-35.232568 -9.058663 8.944716 12
-34.638268 -8.605833 9.586216 7
-34.093568 -9.244683 10.140316 11
-34.513568 -8.698493 10.769416 1
-34.242468 -8.971613 11.661216 9
-33.446768 -8.969773 11.090716 11
-33.082468 -9.246853 11.987116 7
-33.144868 -10.182673 12.190716 11
-33.126668 -10.300143 13.144116 4
-32.547668 -9.821493 13.785516 16
-31.799968 -10.409123 13.961916 15
-31.030068 -10.427663 14.516816 16
-30.938768 -9.974473 15.374216 14
-31.410368 -9.138153 15.220716 16
-30.644868 -8.739383 14.887116 10
-30.626768 -8.315133 14.041316 5
-30.641268 -7.369503 13.778216 7
-30.162068 -6.776943 13.249316 7
-29.427068 -6.358253 13.596016 9
-29.212568 -6.742973 12.742516 16
-29.811168 -7.069733 12.059416 7
-30.250268 -7.861503 11.682616 7
-31.032368 -8.237503 12.055916 7
-30.708668 -9.123253 12.401116 15
-31.682368 -9.063113 12.530016 1
-31.259168 -8.916753 13.445216 15
-31.351368 -7.981753 13.241416 7
-31.619768 -7.075873 13.367516 1
-31.676968 -6.391783 12.674516 7
-31.749068 -5.463183 12.700216 15
-31.930168 -4.628363 13.073116 7
-32.298368 -3.683223 13.440616 1
-33.125868 -3.245173 13.810516 10
-33.981268 -2.873763 13.620416 12
-34.648368 -2.434753 13.065816 11
-34.938768 -3.310483 13.348616 1
-35.128868 -4.287622 13.444516 7
-35.191468 -5.195168 13.410716 12
-34.496668 -5.633783 13.970216 13
-33.606068 -5.988323 14.272216 6
-32.831368 -6.684893 14.140016 16
-32.959468 -6.854983 13.204616 16
-33.800268 -6.975923 12.708516 11
-33.238868 -7.347233 12.061416 7
-32.297468 -7.387613 12.570016 1
-31.771168 -7.473373 11.730416 7
-31.814268 -7.207863 10.748316 12
-30.981368 -6.925673 11.253716 7
-30.421868 -6.297783 11.659516 7
-31.272568 -6.026083 11.614916 16
-32.109768 -6.062433 11.022316 12
-32.981568 -5.800023 10.735116 13
-32.802368 -6.807883 10.787416 12
-33.041368 -7.739783 10.739916 11
-32.246068 -8.161763 11.095716 7
-32.256268 -9.020953 10.662016 11
-31.496068 -9.185263 11.244316 7
-31.863668 -9.759623 11.863916 12
-31.457568 -10.579593 12.118716 15
-31.019268 -11.001853 12.851816 15
-30.619368 -11.669913 13.401316 16
-30.020068 -11.203073 12.831816 15
-29.499368 -10.921183 12.066816 15
-28.615268 -10.647343 12.364116 8
-27.897368 -10.236263 12.867416 4
-26.993868 -10.341803 12.649516 7
-26.493568 -10.172163 11.817316 9
-26.904768 -9.863893 10.950116 11
-26.354868 -9.370863 10.316516 1
-26.755868 -9.784113 9.578616 7
-26.490768 -9.451893 8.717216 1
-26.447168 -9.473933 7.768916 1
-27.302568 -9.993553 7.880416 7
-27.567068 -10.834933 8.373316 1
-28.330368 -10.218533 8.643516 1
-28.424268 -10.289403 9.614416 1
-28.563768 -9.559593 10.198516 7
-28.903968 -9.107283 9.411216 1
-28.980668 -8.156293 9.425016 7
-29.732868 -8.692393 9.046216 7
-30.025968 -8.225453 8.317216 1
-30.861068 -8.737783 8.150016 16
-31.562268 -8.949473 8.758916 11
-31.449668 -8.018913 8.653516 16
-30.646268 -7.476023 8.729616 7
-31.174868 -7.338363 7.940116 16
-30.926468 -6.486473 8.175416 16
-30.088168 -6.115553 7.899016 14
-30.471268 -5.230157 7.932816 12
-29.995668 -4.52123 8.500116 12
-29.306668 -3.889289 8.302816 7
-29.688568 -3.638896 9.193716 11
-30.622968 -3.889222 9.144316 12
-30.554068 -3.087253 9.673116 7
-29.917168 -2.840693 10.387716 15
-29.265768 -2.140263 10.581216 5
-29.258168 -1.281913 10.103316 7
-28.655268 -0.797773 9.539116 15
-29.539668 -0.548493 9.281516 7
-29.644368 -0.602503 8.353216 12
-28.877068 -1.082743 7.990316 11
-28.566268 -1.922893 7.663516 7
-29.072268 -2.254593 6.906216 13
-29.880768 -2.545213 6.549216 1
-29.848268 -3.409987 6.989416 1
-30.462468 -3.380918 7.771916 12
-30.917168 -3.825473 7.032316 12
-30.953568 -2.940733 6.648416 16
-31.543768 -3.428031 6.035516 16
-30.887468 -3.185363 5.308116 1
-30.049468 -3.642396 5.238716 1
-29.201368 -3.899361 4.847316 11
-28.236268 -3.587044 4.855916 15
-27.932368 -3.978831 5.736416 15
-27.790268 -3.279393 6.350916 13
-28.662068 -3.212943 6.712716 8
-28.896268 -4.109301 7.151916 12
-28.480568 -4.750321 7.728916 16
-29.305768 -5.084703 8.036816 12
-28.755268 -5.734863 8.506216 7
-28.633768 -6.551553 9.064916 5
-29.042068 -5.880373 9.637516 8
-29.491168 -6.777643 9.813416 7
-30.358868 -6.686283 9.379516 7
-30.509168 -5.808383 9.731416 12
-30.008768 -5.953533 10.551316 7
-29.508468 -5.291176 11.042916 9
-29.305068 -6.177043 11.215216 1
-28.709668 -6.883903 11.316516 7
-28.527168 -6.597653 10.423516 15
-28.643168 -7.316813 9.799116 11
-29.222868 -7.824003 10.338516 7
-30.007568 -8.126373 10.762416 7
-30.551568 -8.656403 10.208816 7
-31.191968 -9.327373 9.974716 11
-31.116568 -10.221543 10.316816 1
-32.031768 -9.995293 10.323916 11
-31.737268 -10.567983 11.067216 1
-30.907268 -10.196613 11.370316 15
-30.008668 -10.338963 11.347916 15
-30.021968 -9.782763 10.601416 7
-29.714968 -9.909943 9.665916 7
-30.626668 -10.209283 9.359116 11
-30.602668 -10.033343 8.417616 16
-31.059968 -9.680783 7.584716 1
-30.942068 -8.965743 6.827016 16
-31.155468 -9.114583 5.893016 16
-30.756268 -10.000643 5.739316 16
-30.978768 -10.697043 5.150716 14
-31.952068 -10.748963 5.080216 7
-32.674468 -10.897613 5.710516 1
-32.556968 -11.323663 6.525716 1
-33.368568 -11.196983 7.057316 1
-33.695868 -10.367123 7.453116 12
-34.554568 -10.108643 7.930116 1
-35.198968 -10.677003 7.521216 1
-35.775868 -10.817173 8.221516 16
-35.666868 -9.778403 8.315216 10
-35.389068 -9.111613 7.707916 15
-35.515468 -9.509773 6.819416 1
-36.362968 -9.760533 6.456716 1
-36.390168 -9.107323 5.712116 1
-35.723768 -8.548833 6.228916 15
-35.081568 -7.961843 5.771316 12
-35.260868 -7.402613 6.574016 15
-35.821468 -6.711493 6.786016 16
-34.839068 -6.422573 6.780416 5
-34.204668 -5.711083 6.528816 1
-33.376768 -5.967903 6.963816 16
-32.833168 -5.710743 7.654616 16
-33.890968 -5.611463 7.769216 12
-34.090968 -6.376113 8.352416 15
-34.204268 -7.149563 8.944916 12
-33.412068 -7.651733 9.083416 7
-32.616168 -8.154153 9.084216 11
-32.356668 -7.826753 8.211916 16
-32.077868 -7.250043 7.584916 16
-31.906368 -7.427373 6.664116 16
-31.819368 -6.804023 5.951416 16
-31.573168 -7.332743 5.216216 16
-31.420268 -6.460833 4.883916 13
-31.766168 -5.580543 4.935616 11
-32.070068 -4.790208 4.417916 16
-31.167968 -4.507174 4.211516 11
-31.893168 -3.991465 3.818316 16
-32.607168 -4.194355 3.080016 8
-33.324568 -3.49533 3.227816 16
-32.529368 -3.006003 3.162716 8
-33.221568 -2.364743 3.408416 11
-34.198768 -2.549233 3.344416 1
-35.219368 -2.377353 3.363616 1
-35.263168 -2.342503 4.308516 1
-34.568868 -2.851993 4.801216 16
-35.260068 -2.700973 5.407516 1
-35.449068 -1.673893 5.471716 7
-35.185168 -1.640103 6.424716 1
-35.290768 -0.694953 6.442416 16
-34.793668 0.094017 6.186416 1
-34.611468 -0.412453 5.375316 11
-33.899368 -0.566903 5.945616 16
-33.091568 -1.055793 5.716316 1
-32.351568 -0.706813 6.388216 1
-31.791968 -0.155713 6.939416 11
-30.885168 0.287397 6.956216 16
-31.331668 1.085297 7.230616 16
-31.437868 0.705547 8.214916 5
-32.004868 0.014907 8.077016 1
-31.405868 -0.678933 8.469616 11
-31.632868 -1.666343 8.528416 15
-32.044468 -2.274953 7.883716 16
-31.923468 -3.249973 7.593716 7
-32.389968 -3.96096 8.059816 12
-31.945168 -4.453808 7.342816 12
-31.951668 -5.509873 7.122716 16
-31.846668 -5.835233 6.177016 16
-31.823168 -4.901896 6.268416 12
-32.517368 -4.914508 5.568916 5
-32.736368 -5.812133 5.248016 15
-32.836368 -6.507423 5.846716 16
-33.129068 -7.218173 6.532316 16
-33.708268 -7.762093 5.885916 16
-33.754668 -7.132563 5.204416 1
-33.104868 -7.722613 4.641616 16
-32.969268 -8.726853 4.567316 1
-32.088568 -8.377003 4.401016 15
-31.703168 -8.490873 5.233416 16
-30.971568 -8.473643 4.637616 7
-30.615368 -7.763073 5.060816 16
-29.912168 -8.295373 4.704816 13
-29.365668 -7.662393 4.240616 1
-29.510768 -7.232123 5.155916 15
-29.634268 -7.446393 6.130616 1
-29.880568 -8.008163 6.858816 15
-30.720468 -7.460423 6.912016 16
-30.837468 -6.931383 6.035716 16
-30.419568 -6.263253 5.419216 11
-29.992868 -6.219273 6.307216 1
-30.824568 -5.690053 6.367816 16
-29.993868 -5.242046 6.611616 12
-30.324568 -4.381168 6.347216 12
-30.642268 -4.487895 5.364516 11
-29.892768 -5.074288 5.481216 11
-29.110968 -5.568783 5.205916 16
-29.551068 -5.512363 4.332416 11
-30.159468 -5.286377 3.641916 11
-30.336468 -4.556978 3.084316 12
-30.821268 -4.936348 2.333616 1
-30.319868 -4.304533 1.851816 16
-29.766168 -4.114126 0.999816 15
-30.481068 -4.726033 0.869216 1
-31.415068 -4.492856 0.954216 7
-31.922568 -3.713397 1.401816 15
-31.988568 -3.390091 0.518516 8
-32.426568 -3.060123 -0.414884 1
-33.322168 -3.180153 -0.090484 16
-33.308768 -3.516725 0.868116 16
-33.991368 -4.20555 1.062416 15
-34.834168 -3.732599 1.292316 12
-35.399168 -4.597718 1.272816 8
-35.442268 -4.481714 2.287616 1
-36.066668 -3.919166 1.773616 8
-36.715968 -3.218703 2.079116 5
-37.394068 -3.325063 2.734316 5
-38.049968 -2.796623 3.223016 12
-38.535568 -3.516518 3.678016 14
-38.307768 -4.216755 3.103616 1
-38.653968 -5.090023 3.428116 1
-39.129268 -5.463653 4.186316 16
-39.028968 -6.398893 4.468416 12
-38.778168 -6.807783 5.270616 1
-38.640268 -7.727703 5.652116 16
-38.443868 -7.670543 4.699416 1
-39.021868 -7.458463 3.968216 7
-39.822168 -7.956153 3.736616 13
-39.707568 -8.962923 3.658916 1
-39.026168 -9.609063 3.368716 9
-38.304768 -9.701493 4.013816 1
-38.053368 -10.518263 4.469816 16
-37.913568 -10.832183 5.348016 5
-37.137668 -10.984263 5.827816 16
-36.477968 -10.316203 5.445416 5
-35.603768 -10.034793 5.729816 8
-34.643868 -9.833033 5.596716 16
-34.260668 -9.200643 6.315916 15
-33.465568 -9.476313 6.874716 7
-33.130068 -8.621383 6.283416 16
-32.171168 -8.508433 6.318916 16
-32.210268 -9.117463 7.064416 16
-32.216168 -8.841303 7.954316 16
-32.457568 -9.624553 8.478016 11
-32.158868 -10.537153 8.291016 16
-32.425068 -11.523603 8.273716 7
-32.660068 -12.142263 9.003516 1
-32.755368 -11.178723 9.175416 1
-32.792068 -10.283773 9.457116 11
-33.286968 -10.300043 8.670516 1
-33.409868 -9.416723 9.155616 11
-33.475368 -9.259563 8.177616 1
-33.473868 -8.284143 8.016016 16
-34.412568 -8.170333 7.894516 15
-34.093168 -7.693663 7.118816 15
-33.337868 -7.082193 7.454316 16
-32.651368 -6.637783 7.996116 16
-31.780568 -6.156513 7.874116 16
-31.482868 -5.293457 7.987716 12
-32.036868 -5.113686 8.746116 15
-31.711868 -4.329881 9.184916 12
-31.801968 -4.013545 10.142316 1
-32.393368 -4.669639 10.454416 1
-33.056768 -4.353 9.785516 16
-33.375268 -3.442661 9.677716 1
-33.940068 -3.928433 10.252716 5
-34.457268 -3.720724 9.509916 16
-34.309568 -4.480756 8.941716 1
-33.657468 -5.112732 9.268516 1
-33.003268 -5.623153 8.756516 1
-32.388168 -6.112753 9.319916 16
-31.483568 -5.996273 9.004716 12
-31.550268 -6.549943 9.774016 16
-30.779668 -7.035363 10.213216 7
-31.246668 -7.703573 9.745216 7
-32.141568 -8.087253 10.023516 11
-32.360468 -7.283293 9.632216 16
