-12.283301 39.4557 -50.659952 1
-11.811991 39.265 -49.853952 1
-11.548501 40.1538 -50.086052 1
-11.243441 40.9864 -50.384052 12
-11.117921 41.9703 -50.348352 1
-10.318191 42.2878 -50.055152 14
-10.176541 42.5696 -50.946652 2
-9.381331 42.2424 -50.629252 16
-9.360431 41.3275 -50.313752 1
-9.796991 41.0976 -49.516052 2
-10.078671 40.5067 -50.257452 1
-10.256651 39.6218 -49.880852 4
-9.821241 39.1135 -50.657952 1
-9.315421 38.4331 -50.261952 3
-8.844941 38.2589 -49.429052 1
-8.539931 37.3536 -49.196452 5
-7.860481 37.6677 -48.501052 14
-7.327281 37.1891 -49.193752 2
-7.897271 36.5285 -48.728852 13
-8.405341 36.0604 -48.099052 9
-8.000481 35.1888 -48.085252 2
-8.635821 34.9575 -47.379252 8
-9.599671 35.0914 -47.582452 1
-9.947531 35.8194 -48.091452 8
-9.964331 36.0631 -49.008552 9
-10.811201 35.8235 -49.291152 2
-10.498681 35.9533 -50.163852 15
-9.647411 35.759 -50.646452 15
-8.759621 36.146 -50.734652 11
-8.478581 35.2001 -50.836752 1
-8.453251 34.3217 -51.331752 14
-7.588551 34.8889 -51.389252 14
-7.967901 35.5926 -51.944552 6
-7.351981 36.3106 -51.472852 1
-6.647011 35.6855 -51.799852 6
-6.539621 36.5299 -52.210252 2
-5.595091 36.2554 -52.071452 8
-5.667691 35.474 -51.494552 12
-5.597791 34.5519 -51.916952 2
-5.715991 34.0914 -51.069852 2
-6.618691 34.3303 -51.397352 14
-6.940461 33.4582 -51.730352 14
-6.551611 32.5969 -51.642052 2
-6.932431 32.0152 -51.011552 6
-7.245461 32.8185 -50.534852 14
-6.559001 33.443 -50.743952 3
-5.741491 32.9491 -50.961152 2
-4.845291 32.938 -51.301452 2
-4.791991 33.9034 -51.463652 2
-4.686791 34.8531 -51.394452 1
-3.829391 34.6787 -51.873752 1
-2.963291 34.2518 -51.812952 2
-2.932691 34.0225 -50.889152 5
-3.918691 33.9782 -50.758552 2
-4.240591 34.1125 -49.811452 2
-4.416391 34.9841 -50.306752 7
-5.426491 35.1056 -50.067052 11
-5.333191 34.2729 -49.511052 2
-5.992151 34.0525 -48.827952 5
-6.477731 34.8405 -48.706052 5
-6.642831 35.1679 -49.614552 2
-7.200641 34.5711 -50.113752 14
-7.946391 34.0624 -49.834752 14
-7.779331 33.1187 -49.484252 1
-8.588631 32.6196 -49.563752 8
-9.241391 31.985 -49.206652 1
-8.920991 31.6146 -48.378352 14
-7.959731 31.9191 -48.330752 8
-7.332611 31.8322 -49.140352 15
-6.575721 31.7616 -48.532652 14
-6.503461 31.3649 -47.685052 9
-6.398731 32.1038 -47.145452 9
-6.628351 32.5812 -47.953452 1
-5.826891 32.8199 -48.640252 1
-5.389491 32.9515 -49.499852 2
-4.703391 33.6354 -48.965652 8
-4.339791 33.044 -49.674252 2
-4.019991 32.9594 -50.632652 2
-3.156191 32.9154 -51.043752 2
-3.148491 31.9288 -50.877852 2
-3.309591 31.3132 -51.582752 1
-3.066491 30.424 -51.422152 15
-2.157191 30.5206 -51.054052 6
-2.129691 29.9791 -50.270752 10
-2.665391 29.2884 -49.834152 14
-2.787291 28.5234 -50.358452 12
-3.358991 27.751 -50.453052 14
-2.866691 26.9609 -50.343552 11
-2.646091 25.9729 -50.381552 8
-2.493391 25.8207 -51.328952 1
-3.127891 26.3717 -51.728852 1
-2.495191 26.5045 -52.411052 1
-1.859091 27.1684 -52.100752 1
-1.238691 27.2768 -51.388252 3
-0.622291 27.551 -52.095352 2
-0.065691 27.1707 -51.379152 2
-0.369391 27.069 -50.453752 2
-0.569391 26.1511 -50.600352 1
-0.616391 26.2268 -49.555052 1
-1.568391 26.2013 -49.358352 1
-2.054391 25.3924 -49.359352 7
-2.195091 25.7649 -48.493352 1
-2.770391 26.4841 -48.727452 1
-2.658991 27.4562 -48.736252 14
-1.778891 27.5576 -48.288952 1
-1.492591 27.4712 -49.190652 5
-1.333991 28.3654 -48.775652 11
-2.250691 28.7062 -48.899552 14
-2.967091 28.4293 -48.305752 14
-3.846391 28.6685 -48.565052 14
-4.543291 28.4482 -47.917952 14
-4.690791 27.3643 -47.726052 2
-4.081091 26.6095 -47.579952 5
-4.365191 25.9587 -48.214452 2
-4.553991 26.8814 -48.691852 5
-4.102191 27.7299 -49.026952 14
-4.249991 28.2878 -49.872252 14
-4.744491 28.0099 -50.604452 2
-5.273191 27.6206 -51.292752 14
-4.352391 27.703 -51.534452 2
-4.016291 28.5754 -51.282252 15
-3.381991 28.2371 -51.901152 6
-3.505191 29.2257 -52.133452 15
-4.226791 29.7685 -52.444452 8
-4.018191 29.7124 -53.356252 1
-3.112291 30.0743 -53.551452 1
-3.208491 30.6557 -52.721752 9
-3.739391 31.091 -53.348052 2
-3.069491 31.4762 -54.026652 8
-3.419291 32.2398 -53.465952 2
-2.489191 32.4744 -53.472152 15
-2.147291 33.1393 -52.763952 8
-2.892191 33.014 -52.056852 2
-3.650191 32.8554 -52.655152 2
-4.107491 34.7644 -53.084252 8
-3.180391 35.0195 -53.161252 1
-2.739091 35.6291 -52.464352 3
-2.944191 35.2593 -51.548952 6
-2.394791 35.9541 -51.112152 2
-2.829591 36.7047 -50.717652 12
-3.342291 37.0073 -49.996952 9
-3.144591 36.3817 -49.316152 14
-3.227191 35.459 -49.094152 12
-3.427791 34.7198 -48.541752 8
-3.105391 34.439 -49.430052 2
-2.984891 33.7521 -48.818352 8
-3.528491 33.0038 -48.968252 2
-2.641991 32.6926 -49.237552 2
-1.924891 33.1071 -49.711952 14
-2.452091 32.5966 -50.327652 2
-2.503391 31.7744 -49.878052 2
-2.306891 31.6402 -48.976852 11
-1.446191 31.2573 -49.195952 1
-0.505691 31.5098 -49.432852 1
-0.617891 32.3292 -50.047252 5
-1.206191 32.423 -50.841852 1
-1.597991 32.1965 -51.754652 1
-2.016091 31.4279 -52.155852 5
-2.773291 31.6667 -52.706352 5
-3.708491 31.7175 -52.543052 2
-4.619991 31.5793 -52.285352 2
-4.872891 30.6074 -52.148352 6
-4.254591 30.9569 -51.480952 1
-4.828091 31.7182 -51.267052 2
-4.059791 31.6304 -50.662052 2
-3.604791 30.7963 -50.690452 15
-2.789191 30.9112 -50.288952 6
-3.291991 31.2411 -49.567252 2
-3.035291 30.5615 -48.885352 14
-3.401091 30.0451 -49.636552 14
-3.638791 29.4002 -50.278852 15
-4.029191 29.2711 -49.348452 14
-4.844291 29.6473 -49.553252 14
-5.082491 29.6445 -50.496752 2
-4.614991 30.4946 -50.701652 15
-4.645691 30.7498 -49.713552 14
-4.418491 31.6753 -49.676052 2
-3.937091 31.4751 -48.736452 14
-3.179491 32.0292 -48.406352 3
-2.995691 33.01 -48.081952 8
-3.574391 33.1618 -47.351352 8
-4.507491 33.2135 -47.343252 8
-5.171891 33.0652 -46.745852 1
-5.066791 32.3021 -47.429052 9
-4.947291 31.3469 -47.567652 9
-4.854391 30.5835 -48.038852 14
-5.310491 30.3859 -48.936152 14
-5.744191 30.7865 -49.710552 1
-5.825091 31.7234 -49.994752 2
-5.748291 31.9282 -50.958952 2
-5.591791 30.9513 -50.951752 5
-6.093521 31.2317 -51.806052 2
-5.756891 30.8704 -52.740752 8
-5.508091 31.7775 -52.985152 2
-5.151691 31.3963 -53.789752 2
-5.645391 30.6449 -53.849652 14
-5.962751 31.3818 -54.443852 1
-6.044641 32.0881 -55.150752 1
-6.026751 32.6484 -54.345352 1
-5.117091 32.7291 -53.945752 2
-4.248391 32.4402 -54.211552 2
-3.344691 32.7113 -54.517752 4
-3.392591 32.595 -55.499852 3
-3.862691 33.4379 -55.404052 3
-4.461691 33.4029 -54.593452 2
-4.864091 34.0333 -53.929452 2
-5.032391 35.0245 -53.799452 7
-5.140891 34.5673 -52.967852 1
-4.720691 33.7936 -52.547652 2
-4.675191 32.8617 -52.337452 2
-5.337691 32.921 -52.957152 2
-6.238081 32.7808 -52.700052 2
-6.694381 32.4217 -53.500252 3
-6.496741 31.6821 -52.927052 12
-7.047301 31.5751 -52.191752 8
-7.457661 30.7472 -51.934352 6
-7.933751 30.0477 -52.422652 6
-7.482891 29.5084 -51.760352 1
-6.673741 29.1062 -51.492052 2
-6.184491 29.2433 -50.682652 1
-5.690591 28.7275 -49.975452 14
-6.654361 28.4724 -50.027352 10
-6.448121 28.9514 -49.242452 8
-5.744091 29.3902 -48.808852 14
-5.541291 28.7827 -48.071752 14
-6.147421 28.192 -48.519552 2
-6.123781 27.2651 -48.423552 3
-6.922021 27.1271 -47.960152 1
-7.528841 26.3381 -47.770752 14
-6.872831 26.0989 -48.423452 3
-7.539111 26.3872 -49.120652 2
-7.226651 26.3389 -50.064752 1
-6.451091 25.8233 -50.056652 1
-6.444111 24.8861 -50.319452 8
-5.779491 24.7593 -50.991352 7
-5.490391 24.0844 -51.525452 2
-4.836091 23.9791 -50.839252 1
-4.543591 23.2053 -50.313952 8
-5.456991 23.0482 -49.887352 9
-5.721491 22.4634 -49.195852 2
-6.361481 22.6166 -48.590352 14
-6.044271 22.3891 -47.702152 11
-5.868691 23.316 -47.769952 15
-5.176191 22.9362 -47.103352 3
-5.107491 22.3367 -46.374752 2
-5.761991 21.6952 -45.989552 2
-5.151991 21.0551 -45.568152 1
-4.501791 21.3717 -44.954652 3
-3.486191 21.5685 -44.956552 8
-3.781091 22.0723 -45.717452 2
-4.219891 22.8442 -46.131152 2
-3.994091 23.3565 -45.345252 5
-3.062891 23.4696 -45.358852 5
-3.372991 24.2502 -44.958652 12
-2.979691 24.7148 -44.253452 14
-3.234791 25.6179 -43.777852 2
-4.198791 25.743 -43.989052 14
-4.205991 25.3673 -44.927352 3
-4.030291 26.3009 -45.372952 4
-3.042891 26.1271 -45.658152 1
-2.598491 26.9173 -45.411252 1
-2.818991 27.8151 -45.307652 1
-2.545491 27.7628 -46.223752 1
-3.264891 27.8113 -46.939952 14
-4.224291 28.014 -47.024452 14
-4.440291 28.7043 -46.336252 1
-4.837091 29.4606 -45.845452 2
-5.000791 30.27 -45.415152 2
-5.858491 29.7925 -45.626352 1
-6.036641 30.7653 -45.644952 9
-6.478991 31.585 -45.794252 9
-6.804331 32.4415 -45.872152 2
-6.237481 32.4685 -45.118952 9
-5.709991 32.4928 -44.322852 2
-4.988891 32.3872 -43.663052 6
-4.272691 31.8334 -43.356552 6
-4.692891 31.0486 -43.797252 2
-5.273491 30.7677 -44.620652 9
-4.950091 31.7252 -44.678752 2
-5.517291 31.7848 -45.553652 9
-4.635191 31.4175 -45.735152 2
-4.938491 31.7248 -46.589952 9
-4.032591 31.4474 -46.721052 2
-3.425791 31.3863 -47.480252 6
-2.588291 31.302 -47.039452 2
-3.060491 31.9657 -46.482352 14
-3.071591 32.8609 -46.194152 8
-3.080591 33.7454 -46.605952 8
-2.236791 33.9845 -46.969952 8
-1.720191 34.8103 -47.355552 3
-2.531891 35.0955 -47.790752 8
-1.930291 34.4552 -48.312252 2
-1.950491 33.5374 -47.882052 8
-1.159191 33.813 -47.229552 6
-0.792891 33.5759 -46.354852 14
-1.618491 33.1664 -46.418952 8
-1.242191 31.7913 -45.419252 3
-0.685791 32.0762 -46.188652 6
-0.672591 31.1467 -45.940752 2
-1.338891 30.4976 -46.219752 3
-2.299091 30.3825 -46.319952 12
-2.800491 29.6555 -46.712652 2
-3.400091 29.0081 -46.323152 14
-3.201891 29.771 -45.797552 2
-3.098691 29.3305 -44.981252 3
-3.417891 30.1391 -44.518652 2
-4.092491 29.8018 -45.168052 2
-4.347091 28.8763 -45.026252 3
-5.302691 29.1753 -44.800552 10
-5.474791 29.7884 -44.014452 3
-5.912711 29.4089 -43.271252 12
-6.805591 29.5983 -43.404052 2
-6.802161 29.5794 -44.354352 1
-6.801901 30.3705 -44.828452 9
-7.314931 31.2682 -44.909052 9
-7.688901 31.8093 -45.612652 1
-7.303281 32.2926 -44.879452 1
-7.865541 33.0299 -45.238052 2
-7.205491 33.5409 -45.717552 2
-6.651111 34.2965 -45.960452 1
-6.052661 34.2603 -46.683752 3
-5.301991 34.9263 -46.601752 1
-4.809191 34.7817 -47.459252 14
-3.874891 34.8453 -47.708452 8
-3.926491 34.1238 -47.048152 8
-4.037591 34.4877 -46.218852 8
-4.276891 35.347 -45.885952 1
-4.978891 35.1789 -45.279152 2
-5.497491 36.0126 -45.094152 2
-5.214491 35.6702 -44.255052 1
-4.910291 36.2953 -43.609852 3
-4.258791 35.5986 -43.646852 2
-4.649991 34.7921 -43.161552 1
-4.637091 33.8603 -42.829752 6
-5.246091 33.1464 -42.908752 6
-5.902641 33.9299 -43.122052 3
-5.520591 33.6577 -43.912152 14
-5.157491 34.0468 -44.711152 2
-4.498391 33.5739 -45.238552 8
-3.904291 33.1786 -44.581352 1
-3.923591 33.835 -43.909752 6
-3.762591 34.6859 -44.426952 7
-3.433691 35.3723 -45.050952 2
-3.112991 34.7799 -45.712152 8
-3.258891 35.7259 -46.102952 2
-2.275891 35.7405 -45.981152 14
-2.079791 34.8488 -46.370852 8
-1.132091 34.9938 -46.178252 9
-0.281191 35.1643 -45.831652 3
-0.314991 36.067 -45.684452 2
0.520109 35.5127 -45.347152 8
0.590409 36.4839 -45.346552 14
1.510709 36.6367 -45.100752 14
1.804509 35.8518 -44.586452 12
0.842309 35.8134 -44.391952 3
1.112409 35.121 -43.735152 2
1.185109 34.208 -43.588952 2
0.654709 33.9353 -42.797952 9
0.714109 34.3049 -41.885952 1
0.437409 35.0819 -41.475452 2
0.888109 35.587 -42.244252 1
1.631509 35.3446 -41.736252 9
2.252609 34.8008 -41.166452 2
2.667009 34.2238 -41.785352 1
2.444809 34.0433 -42.699652 1
1.935909 33.2053 -42.830152 10
2.134509 32.4327 -43.317052 2
1.732709 31.481 -43.119252 3
1.368609 30.6706 -42.773952 2
0.792909 31.2886 -42.262252 1
0.059009 32.0086 -42.467352 3
-0.668991 31.3783 -42.216152 2
-0.899091 32.2476 -41.978352 9
-1.672991 32.7668 -41.625052 6
-1.991291 31.8938 -41.831952 14
-2.252391 32.5086 -42.572452 6
-1.460391 32.9065 -42.939652 8
-1.267091 33.0703 -43.857252 3
-1.777091 33.0291 -44.687252 12
-2.553191 32.9616 -45.247652 8
-2.455091 32.1445 -44.723352 3
-2.592291 31.5911 -43.917252 6
-3.450991 31.3446 -44.118452 2
-3.570991 32.2574 -44.044052 6
-3.654991 31.9452 -44.937852 2
-3.902991 32.4101 -45.704352 8
-3.607391 31.4347 -45.797752 2
-3.150191 30.7032 -45.380452 2
-2.259091 30.6763 -45.076552 1
-1.327391 30.5328 -44.763352 3
-0.463591 30.153 -45.033652 2
-0.007191 29.3278 -45.455052 8
0.835809 29.8067 -45.690052 3
0.480309 30.5979 -46.253052 1
0.607709 30.1043 -47.047052 1
0.731509 29.1291 -47.224752 4
-0.158691 29.4635 -47.464652 1
-0.904491 30.1404 -47.384352 2
-1.707191 29.5873 -47.374152 12
-2.577591 29.6685 -47.769152 14
-3.030791 30.4207 -47.533552 2
-3.727291 29.838 -47.962952 14
-4.025091 30.6149 -47.316852 2
-3.818391 29.7504 -46.864052 2
-4.578891 29.3186 -47.305352 14
-4.945691 30.0548 -46.735252 2
-5.726591 30.1399 -47.286852 9
-6.542741 30.1609 -46.700052 9
-6.119381 29.2917 -46.657052 6
-7.014371 29.029 -46.582552 2
-7.897901 29.4714 -46.285552 14
-8.283461 29.7123 -47.124552 2
-7.700991 30.4296 -46.946952 9
-8.080751 31.0935 -46.306052 9
-8.672161 31.6783 -46.664552 2
-9.642551 31.6455 -46.552952 6
-10.536521 31.374 -46.149152 3
-10.371241 31.7561 -45.343752 1
-11.026661 31.4111 -44.724252 2
-10.353761 31.8812 -44.168252 3
-10.203371 31.3718 -43.378452 8
-10.714781 32.1427 -43.009852 10
-10.546701 32.7634 -42.301352 2
-9.567851 32.6846 -41.924552 3
-9.942581 32.1442 -41.039052 8
-10.888191 32.2177 -41.220152 2
-11.779161 32.432 -40.794052 8
-12.453181 32.0998 -41.388252 1
-12.272911 32.6319 -42.239752 2
-12.148741 32.3125 -43.128452 3
-12.322161 33.3666 -43.291152 8
-11.490621 33.775 -43.525452 2
-11.800501 34.4862 -44.125352 1
-11.995741 35.4348 -44.399052 3
-12.827851 35.9299 -44.441352 4
-12.856391 36.7692 -43.861052 3
-12.227771 36.8253 -43.051052 6
-11.634331 36.2082 -42.642052 14
-10.749711 36.5002 -42.888152 2
-10.385101 36.8339 -42.068152 7
-9.453121 36.6706 -42.266352 2
-9.412141 36.3612 -41.393552 3
-9.353961 35.4138 -41.366252 8
-9.727741 34.991 -40.500252 3
-9.480561 35.9732 -40.385652 14
-10.257381 36.2338 -39.927432 2
-11.090491 36.5719 -39.757562 14
-10.585601 37.3058 -39.539272 6
-9.981611 38.0163 -39.718482 3
-9.421401 37.3575 -39.190222 2
-9.113091 37.006 -40.050012 3
-8.792921 37.1669 -40.915352 6
-8.802041 37.4268 -41.817852 2
-7.942151 37.2995 -41.649652 2
-7.203861 37.4446 -41.046852 10
-7.072201 37.5973 -40.139992 5
-7.209861 37.7891 -39.195432 5
-8.046641 38.2073 -39.069862 3
-8.042981 38.7283 -38.158252 1
-8.666601 39.3403 -38.750572 7
-9.145661 39.7533 -39.454512 3
-8.941191 40.6841 -39.583122 1
-8.036651 40.5152 -39.776452 13
-7.381031 39.7697 -39.462652 3
-8.221061 39.3261 -39.705112 1
-8.798761 39.592 -40.449552 8
-8.485761 39.8171 -41.338252 9
-7.583931 39.8829 -41.670052 1
-6.764471 39.6387 -41.158052 9
-6.184941 40.4563 -40.922752 3
-5.494991 41.0675 -41.070652 14
-4.956391 41.8726 -41.064052 1
-4.011591 41.4311 -41.255252 3
-4.088691 40.7681 -40.590952 8
-3.174491 41.041 -40.612152 1
-2.336191 41.412 -40.406752 9
-2.348091 41.1551 -39.460862 3
-2.264891 40.273 -39.846222 10
-2.356391 39.7258 -39.035182 4
-1.812091 39.5836 -38.260022 2
-1.075291 38.9652 -38.065602 14
-1.383791 38.6926 -38.946802 5
-2.207191 38.3178 -39.317862 13
-2.352991 37.4088 -39.453072 3
-2.855291 37.717 -40.201852 3
-3.222291 38.438 -40.702852 1
-2.656791 38.9239 -41.277052 9
-2.091791 38.9978 -40.512852 12
-1.654191 38.3433 -41.076852 3
-0.912091 37.9894 -40.595552 3
0.046109 38.0715 -40.592252 9
0.357209 37.4904 -41.212952 10
1.069509 37.1006 -41.736552 2
1.664309 36.7995 -41.092952 3
2.154609 37.3407 -40.513552 2
2.401309 36.5008 -40.117202 2
2.928909 36.1637 -40.822152 3
3.726009 35.8022 -40.411752 1
4.557309 35.5361 -39.953202 6
4.776809 34.8744 -39.310542 10
4.103609 34.1822 -39.193612 7
4.289709 34.297 -38.254312 3
4.021209 33.4497 -38.564902 1
3.092509 33.4693 -38.892812 10
2.895609 34.052 -38.160532 8
2.502009 34.7054 -38.678882 1
1.712709 34.568 -39.208962 3
1.764709 33.5535 -39.308172 1
1.426209 32.6816 -39.138992 6
1.186109 32.2672 -39.923532 12
0.486909 32.7788 -39.600332 3
-0.502891 32.9335 -39.548882 9
-1.162691 33.4902 -39.960902 13
-1.942691 33.1661 -39.497532 9
-1.911091 34.1173 -39.493232 9
-2.502191 34.3669 -40.218352 3
-3.035091 34.0928 -40.926252 3
-3.424391 33.5249 -41.630152 6
-3.412591 32.9163 -42.383752 6
-3.029691 33.2355 -43.269552 6
-2.817191 33.5777 -44.149952 4
-2.813491 34.2529 -44.839652 8
-2.459591 35.1539 -44.707552 3
-1.854391 34.8343 -45.401552 8
-1.255691 34.9504 -44.667052 10
-1.185491 35.4025 -43.813152 5
-0.817791 36.3858 -43.590352 5
-1.492791 37.0044 -43.265852 10
-1.800791 36.1905 -42.782552 3
-1.414391 36.0835 -41.898252 3
-0.469191 36.279 -41.750752 9
-0.387791 35.9361 -40.886652 14
-0.958991 36.712 -40.652652 3
-0.180491 37.1868 -40.322752 9
0.362109 36.6603 -39.743222 5
1.354109 36.6534 -39.511842 3
1.060109 37.6335 -39.308342 14
0.639809 38.3848 -38.797362 5
0.053609 38.5696 -39.602062 1
0.508909 39.3015 -40.089122 3
1.005009 39.2439 -40.925052 9
0.340009 38.7701 -41.488852 1
-0.476891 38.4588 -41.977552 1
-0.864091 37.6502 -41.661452 1
-1.645291 37.1431 -41.478752 3
-2.578391 37.1087 -41.275952 3
-2.911991 37.8924 -41.730152 1
-2.140691 37.6983 -42.267152 4
-2.900391 37.0537 -42.477152 3
-3.179991 37.6221 -43.192752 9
-4.136191 37.8562 -43.114152 1
-4.823791 37.3672 -42.721552 4
-4.113391 37.0083 -42.189352 1
-3.612791 36.3981 -41.538352 3
-2.987691 36.1127 -40.933752 3
-2.407391 35.2837 -41.186252 3
-2.801791 34.5834 -41.793752 6
-3.373391 35.3974 -41.688352 3
-3.554191 35.1279 -42.644552 6
-3.362991 36.1061 -42.756852 3
-2.845291 36.4412 -43.481752 10
-2.310191 35.9163 -44.044052 13
-2.316091 34.9797 -43.696852 13
-2.538291 34.4543 -42.917052 6
-2.070491 35.1712 -42.367752 3
-1.388691 34.5843 -41.952452 15
-1.937991 34.1324 -41.313252 6
-1.078391 34.3298 -40.983552 11
-1.534491 35.1149 -40.725952 3
-1.463991 35.1494 -39.716152 3
-0.909191 34.3919 -39.386302 9
-0.104291 33.8991 -39.219722 9
0.467209 33.7133 -38.463052 8
-0.327491 33.3105 -38.012892 9
0.221309 33.7305 -37.277302 5
1.069709 33.3909 -37.672642 5
1.062409 33.923 -36.845912 8
0.939909 33.4085 -36.049662 4
0.811609 32.4805 -35.776442 3
1.663309 32.7944 -35.566692 1
2.461309 32.7069 -35.070312 4
2.088909 32.0292 -34.440822 3
2.663809 31.2294 -34.424472 12
2.150309 30.4879 -34.888032 3
1.610609 30.637 -34.141042 6
1.805909 29.6771 -34.238832 5
0.850009 29.9185 -34.120712 5
-0.017991 29.4713 -34.112042 1
-0.635091 29.3669 -34.856942 5
-0.506091 30.3009 -34.783442 1
0.171109 31.0132 -34.568232 3
0.284809 30.7142 -35.490022 6
0.434709 30.7229 -36.406882 3
1.306509 31.1719 -36.345702 2
0.980809 31.2067 -37.252842 1
0.882009 31.8293 -37.951102 3
0.005709 32.0047 -38.341252 10
-0.124291 31.6829 -37.447092 1
-0.767291 32.4033 -37.699602 13
-1.405991 32.476 -38.394512 9
-2.182791 33.0765 -38.376612 9
-1.665791 33.5499 -37.681592 3
-1.062891 34.338 -37.653842 13
-1.753691 34.9031 -38.108062 10
-2.055391 34.087 -38.472782 9
-2.723091 34.6847 -38.817852 9
-3.192791 35.3074 -39.383142 3
-3.386391 36.0757 -39.928902 3
-2.659391 36.6359 -40.173152 3
-1.888591 36.4519 -39.750552 3
-0.997391 36.0675 -39.492312 9
-1.180591 36.2723 -38.578082 14
-2.063391 35.9309 -38.351022 3
-1.644091 36.4605 -37.627362 1
-1.002391 36.4771 -36.891302 1
-1.066191 35.5184 -36.640322 4
-0.157191 35.1617 -36.321382 6
-0.201891 35.7278 -37.087272 3
0.021309 36.339 -36.393842 9
0.411509 37.1116 -35.876262 1
0.094609 37.8167 -36.415262 6
-0.783291 37.473 -36.581202 1
-1.686891 37.172 -36.666562 8
-2.428391 37.0924 -37.279222 9
-2.324891 37.1769 -38.274572 3
-3.267691 37.3292 -38.489312 3
-3.246091 38.3774 -38.540892 1
-4.014991 38.9189 -38.838172 4
-4.074891 38.008 -39.094082 3
-5.015891 37.917 -39.454182 5
-4.351391 37.6224 -40.106302 3
-5.292291 37.7461 -40.420552 5
-5.305991 38.4913 -41.085452 11
-5.375891 37.7288 -41.746252 9
-6.297581 37.487 -41.832752 3
-5.989101 36.8048 -41.221652 10
-6.258721 36.88 -40.265452 5
-5.493491 36.741 -39.698242 5
-5.320891 35.915 -39.240062 3
-5.519091 35.976 -38.302342 1
-4.996991 35.1805 -38.303902 3
-4.915391 35.4597 -37.364342 8
-4.813891 36.4325 -37.233282 6
-4.660291 36.747 -38.179022 4
-3.868591 36.5902 -38.672922 3
-3.362291 35.7478 -38.433262 3
-3.071991 35.4188 -37.553292 1
-3.636491 34.7658 -38.009992 1
-4.117091 34.6278 -38.804472 3
-4.553091 33.9288 -38.319392 8
-3.944691 33.3597 -38.876572 9
-4.419191 33.9006 -39.520542 3
-3.586291 34.1727 -39.829302 12
-4.158291 34.9191 -39.953912 3
-4.994891 35.4096 -40.168752 3
-5.917461 35.532 -40.307852 15
-6.739561 35.9715 -40.191952 10
-7.460281 35.353 -40.511552 14
-6.817711 34.7246 -40.158942 4
-6.040931 34.2849 -39.852982 3
-5.383491 33.7119 -39.419602 3
-4.863891 32.8519 -39.436592 9
-5.034091 33.1412 -40.355752 3
-4.706491 32.1329 -40.659752 6
-3.909091 31.7158 -40.364752 9
-3.211491 31.6346 -41.083952 6
-3.320991 31.7052 -42.024752 6
-3.879691 31.1946 -42.528152 5
-4.207991 32.1383 -42.423052 6
-4.857091 32.2256 -41.755252 6
-5.538691 32.7716 -41.395052 13
-5.812391 33.664 -41.079252 3
-6.546601 34.1755 -41.312452 9
-7.212141 33.8694 -40.698252 10
-7.183831 33.5194 -39.754102 3
-7.501271 33.6017 -38.778812 3
-8.371111 33.2834 -38.389802 5
-9.068911 32.698 -38.533002 1
-9.268871 33.5379 -38.967702 1
-10.233921 33.5059 -38.567712 13
-10.758791 34.4106 -38.610832 9
-10.066421 34.8741 -38.123152 3
-9.240521 35.5274 -38.218032 9
-9.092151 34.6657 -38.768082 1
-8.868671 34.1803 -37.958922 1
-8.123021 34.6873 -38.327352 1
-7.293281 35.0345 -38.611402 3
-6.597111 35.6914 -38.751382 5
-6.096071 34.7884 -38.840202 3
-5.533191 34.216 -38.303262 3
-5.658191 34.2972 -37.391432 8
-6.433171 33.9276 -36.932382 3
-7.341911 33.7334 -37.147892 4
-6.831951 33.964 -38.000192 3
-6.729381 33.0362 -37.734732 6
-6.725051 32.086 -37.699402 3
-6.103001 31.3396 -37.961682 5
-5.276191 31.9455 -38.051922 9
-5.202791 32.2744 -37.117092 6
-5.307791 33.188 -37.402982 4
-4.902391 33.6531 -36.631592 8
-3.940791 33.5655 -36.765082 15
-4.220891 34.3066 -36.255652 8
-3.278691 34.2857 -36.081042 9
-3.279591 34.4246 -36.972862 13
-2.650391 33.7365 -37.423432 3
-2.903791 32.8258 -37.709172 14
-3.184491 32.6332 -38.599902 9
-3.310891 31.6871 -38.465352 9
-3.345091 31.1519 -37.676982 3
-4.064691 30.5546 -38.076892 3
-4.767991 30.8398 -37.440312 5
-4.348191 30.5931 -36.596192 1
-5.051691 30.3066 -35.954842 9
-5.085091 29.6284 -36.667842 13
-6.056981 29.356 -36.892252 4
-6.341181 28.797 -36.041942 3
-7.050681 28.3464 -35.524342 9
-6.811161 27.6398 -36.129282 10
-6.320171 27.7367 -36.980982 10
-5.820891 27.156 -37.491632 1
-6.141511 26.671 -38.286282 1
-5.774591 25.7595 -38.470062 3
-5.556491 26.2902 -39.232982 6
-5.954461 26.6013 -40.114222 6
-5.487391 27.2192 -40.681352 1
-4.684091 27.7125 -40.598452 3
-3.911491 28.0962 -40.319552 3
-4.109391 28.5043 -41.122652 3
-4.897991 29.0554 -41.267052 3
-5.301191 29.4126 -42.083552 6
-4.893691 30.0799 -42.669252 15
-4.920991 30.94 -42.140852 6
-5.609891 30.8289 -42.873852 6
-6.231001 31.1549 -43.531152 8
-6.613981 31.9431 -43.870852 9
-6.366341 32.0209 -42.925152 6
-6.916421 32.231 -42.071052 11
-7.387221 32.6531 -41.344852 13
-6.755011 32.4741 -40.629752 3
-6.078031 32.0952 -40.104252 3
-6.387411 31.2232 -39.926512 5
-7.268671 31.432 -40.095482 10
-7.621361 32.1212 -39.408902 5
-6.810501 32.666 -39.349902 3
-5.886391 32.7444 -39.145642 3
-5.727391 31.785 -39.040792 5
-4.855991 31.8523 -39.474102 9
-4.151891 31.3285 -39.152822 9
-3.664491 30.6605 -39.588382 8
-3.744891 29.7548 -39.794052 3
-3.718391 28.8565 -39.460982 3
-3.073591 28.5978 -38.747392 3
-2.533291 29.4446 -38.452862 3
-2.216591 28.5421 -38.021272 1
-2.417891 28.397 -37.107292 9
-1.569891 28.113 -36.796772 1
-1.201591 28.9313 -36.994092 1
-0.572891 29.2677 -36.405022 3
-0.105991 28.9923 -37.138372 4
-0.180391 29.9058 -37.339612 4
-1.080691 30.3633 -37.564432 1
-0.982091 30.704 -38.454092 1
-1.608191 31.4582 -38.654442 9
-2.504191 31.1771 -38.713662 9
-2.810391 30.3101 -39.011072 3
-1.961691 30.2043 -38.654312 6
-1.666191 29.6423 -39.430482 3
-1.076691 28.9364 -39.603582 15
-1.850791 28.5147 -39.370782 6
-2.739591 28.2 -39.766992 3
-2.340991 27.27 -39.400412 5
-3.188091 26.8149 -39.485552 3
-3.280791 27.367 -40.259152 3
-2.766491 26.8823 -40.967652 9
-2.665191 26.0575 -41.550252 10
-3.096691 25.174 -41.321852 9
-3.974991 25.639 -41.381052 5
-4.345391 26.2702 -40.682552 1
-4.186791 26.2218 -39.649482 13
-4.469791 27.0808 -39.457732 3
-5.277391 27.6092 -39.445362 13
-4.624391 28.3135 -39.328012 3
-4.596091 29.3567 -39.089532 3
-5.298191 29.949 -39.176112 5
-4.860191 30.102 -40.071552 3
-5.421591 30.7917 -39.875192 5
-4.675891 30.9884 -40.457652 6
-4.871591 30.357 -41.240652 6
-4.071391 29.7787 -40.832952 3
-3.817991 30.4048 -41.551252 10
-3.080791 30.4757 -42.215152 1
-2.958991 30.8932 -43.046852 6
-2.072891 30.7356 -43.307252 9
-1.219091 30.3793 -43.025452 13
-0.987191 29.5468 -43.460352 8
-1.885291 29.1988 -43.753252 14
-1.815091 28.2193 -43.808152 4
-2.570291 28.6574 -43.276752 6
-3.453891 28.6787 -42.894752 3
-2.983091 28.0776 -42.261152 4
-2.853891 28.4183 -41.337852 3
-3.037591 29.3515 -41.517752 3
-2.257591 29.6397 -42.039152 11
-1.870891 28.9434 -41.507452 12
-1.334791 28.7908 -40.733752 4
-2.277491 28.7908 -40.562852 3
-2.540091 29.7086 -40.583852 3
-2.470591 30.4835 -39.991292 1
-2.085591 31.2606 -39.646582 9
-1.417691 30.7933 -40.214352 1
-1.510891 31.6586 -40.605052 1
-2.161691 32.2707 -40.179652 9
-2.854791 32.8261 -39.848612 9
-3.413491 33.0178 -40.589052 6
-4.169791 33.4505 -40.842752 6
-4.125791 34.4609 -40.917952 3
-4.331191 34.2071 -41.903552 6
-5.269091 34.6134 -41.905052 10
-4.932791 35.0779 -41.178652 3
-5.497191 35.8155 -41.319152 1
-5.057091 36.4554 -40.716952 4
-4.360591 36.4808 -40.083692 3
-4.577191 36.8386 -39.265352 3
-5.422991 37.1632 -38.788132 5
-6.123671 37.7136 -38.447362 5
-6.672391 37.7879 -37.649092 1
-7.133001 37.9968 -36.824752 10
-7.113541 38.4967 -35.972782 3
-6.266361 38.5946 -36.439612 8
-5.780591 37.6418 -36.628552 3
-5.021591 37.2202 -36.085572 1
-4.189791 37.036 -35.614942 5
-3.686191 36.2171 -35.538692 9
-3.554891 35.2834 -35.767172 15
-4.375791 35.3855 -36.368322 8
-4.622191 35.1163 -35.460232 3
-4.369991 35.2669 -34.565112 13
-3.425491 35.2644 -34.648282 9
-3.229791 34.8613 -33.644682 10
-3.305191 33.9066 -33.855702 6
-2.541191 33.9945 -34.407882 3
-1.744491 33.4655 -34.443992 9
-2.435391 32.8623 -34.695352 11
-1.570491 32.7011 -35.094622 13
-1.434891 31.6798 -35.091792 3
-1.426791 30.8035 -35.564472 13
-2.168391 30.8061 -36.292522 3
-2.416891 31.3569 -37.130342 9
-2.515091 30.3863 -37.172012 13
-3.256191 30.0124 -37.611592 3
-3.139391 29.4278 -36.848102 9
-3.208091 29.0099 -37.746142 3
-4.045691 29.3176 -37.430792 3
-4.709991 29.6305 -38.063822 3
-5.563691 30.0541 -38.077912 5
-6.311301 30.4049 -37.603312 8
-6.690731 29.8318 -38.362932 15
-7.158051 30.3645 -39.013532 5
-7.862591 30.7148 -39.576332 6
-8.149431 29.9205 -40.203752 3
-7.325131 29.4892 -40.328352 4
-6.617751 29.808 -40.895152 5
-5.838691 30.3242 -40.773552 6
-6.554891 30.9061 -41.130452 6
-6.408361 31.8358 -41.339352 3
-6.031281 31.424 -42.104252 6
-6.813951 30.9257 -42.217152 6
-7.768461 31.0873 -42.217652 1
-8.596061 31.6137 -42.031652 4
-8.362711 30.9753 -41.283252 3
-8.967111 30.502 -41.888952 10
-8.884451 29.5133 -41.739552 3
-8.423801 28.9845 -41.013452 1
-7.596511 28.4663 -40.843752 10
-8.084771 28.0206 -40.177052 1
-7.937771 27.8413 -39.270042 1
-7.269761 28.0172 -38.653722 1
-6.593961 28.2539 -37.984822 1
-5.759191 28.7752 -37.892542 1
-5.199091 28.3248 -38.498852 3
-4.459291 27.6509 -38.577102 3
-3.591991 27.7324 -38.212192 3
-2.980491 27.4184 -37.467972 12
-3.078991 27.0794 -36.572352 6
-2.653591 26.2995 -36.347292 14
-2.030291 25.8822 -36.967122 5
-1.794291 24.997 -36.463192 3
-2.173291 24.1321 -36.641582 11
-1.506891 23.6518 -37.154022 4
-0.633591 23.3141 -37.424702 9
0.276309 23.1061 -37.478792 4
0.711409 22.2976 -37.094342 10
-0.088091 22.233 -36.618272 3
-0.734191 21.5107 -36.377362 9
-0.251291 20.8158 -36.877152 5
-0.950391 20.9804 -37.472092 3
-1.452291 20.4365 -38.198752 9
-1.101291 20.917 -39.024502 6
-0.550091 21.3128 -39.792202 10
-0.578291 20.3965 -40.062302 9
-0.019991 19.6953 -40.277552 10
-0.036891 18.8293 -40.710152 4
0.062009 18.5649 -39.795142 1
-0.314491 18.2234 -38.938852 4
-0.997191 17.4727 -38.568202 13
-0.629491 17.9489 -37.858842 8
-0.031791 17.6462 -37.153382 13
0.761409 17.6608 -36.579062 6
0.717609 16.9375 -36.007032 3
1.352209 16.7829 -36.752462 13
2.303109 16.6937 -36.845412 10
3.010709 17.3805 -36.790032 10
3.576009 17.4804 -37.579102 5
3.274909 18.4208 -37.476482 3
2.772309 17.9585 -38.112692 4
2.122309 17.2953 -38.455912 1
1.724109 17.212 -37.583362 1
0.977609 16.7752 -37.917822 13
0.746109 16.3042 -38.699712 4
0.266809 15.8389 -38.036002 13
-0.570391 15.7844 -38.453932 13
-0.071891 15.6747 -39.297882 4
-0.356591 16.5979 -39.247282 5
-0.204191 17.1253 -40.025922 10
0.660209 16.5049 -39.962582 4
1.171909 17.2486 -40.327652 3
1.919509 16.955 -39.907462 6
2.262009 16.0833 -39.710442 8
2.699609 15.4663 -40.273352 10
1.698509 15.4831 -40.567752 4
0.851109 15.7009 -40.918452 4
0.809209 16.348 -41.717952 10
0.766209 15.6719 -42.375252 6
0.499609 15.0704 -41.702352 4
-0.423591 15.1678 -42.015052 11
-0.345591 15.4919 -42.951852 3
-0.357691 16.5039 -42.798052 10
-1.188291 16.0438 -43.110052 11
-1.063291 15.6584 -44.050052 10
-1.547491 14.8315 -43.691452 9
-2.202091 15.2853 -43.196152 4
-2.151691 16.1216 -42.714552 11
-2.563791 16.5465 -43.453152 6
-2.236191 15.777 -44.047152 10
-2.900991 16.1302 -44.628752 1
-3.127191 16.8325 -45.246852 6
-3.812591 16.7588 -45.899652 3
-3.687291 15.9103 -46.363552 13
-4.341891 15.7559 -47.067952 4
-4.802391 15.4533 -46.254852 5
-5.636591 15.3983 -45.680352 10
-5.704591 14.5843 -45.093752 5
-5.231191 13.9064 -44.658352 13
-4.918491 14.6078 -44.168952 1
-4.842291 15.3934 -44.670452 1
-5.139591 16.2828 -44.630752 10
-4.864791 17.2148 -44.774052 13
-5.480691 17.3376 -45.502552 4
-5.474991 18.2887 -45.207352 1
-5.428091 18.0718 -44.216752 6
-5.709791 18.8727 -43.884552 15
-4.748291 18.8681 -44.138752 4
-4.985591 19.42 -44.954952 12
-4.220191 19.9207 -44.682252 4
-3.787991 19.277 -44.191552 13
-2.862291 19.5469 -43.946252 9
-2.942491 20.4994 -44.136152 9
-3.156591 20.9378 -43.213852 4
-3.891691 21.0656 -42.583152 3
-4.824291 20.9857 -42.356452 10
-4.581491 21.3755 -41.539252 8
-5.504091 21.4775 -41.521652 1
-5.802291 21.844 -40.708352 2
-6.677321 21.7881 -40.322552 15
-6.281281 21.7812 -39.399942 4
-6.298011 20.8573 -39.701132 10
-6.593601 20.6134 -40.601352 11
-5.736291 20.5273 -41.121552 13
-5.426191 20.2702 -40.169852 4
-4.908991 19.4951 -40.066662 13
-4.617491 18.6739 -40.391152 3
-4.443291 18.4055 -39.429502 4
-3.730791 18.7308 -38.900042 13
-4.373291 18.9175 -38.157232 5
-4.717291 19.2297 -37.314832 10
-5.315291 18.4802 -37.224192 3
-5.941061 18.0797 -36.492832 1
-6.005941 17.0849 -36.410492 1
-5.422491 16.3941 -36.135582 10
-5.239791 16.3307 -35.194852 9
-6.058551 16.8596 -35.036192 6
-5.474391 17.3835 -35.581992 6
-5.222891 17.4478 -34.695112 1
-4.418891 17.8659 -34.970512 1
-3.956991 18.0972 -35.803532 4
-3.591491 17.2411 -35.396072 1
-3.198191 16.3234 -35.285962 3
-2.381091 16.3601 -34.739402 1
-2.260991 15.4973 -35.081282 10
-2.776791 14.6737 -35.330292 10
-3.695191 14.4311 -35.145392 1
-4.366591 14.14 -35.777082 4
-4.694391 14.248 -36.676512 11
-4.415291 13.3241 -36.867842 5
-3.657791 13.6387 -36.317272 8
-3.422191 14.0858 -37.168602 3
-2.541491 14.2123 -36.664562 10
-1.820691 14.8046 -37.167642 10
-1.255591 15.5303 -36.895272 13
-0.611491 16.0191 -37.403162 13
-1.409191 16.2436 -37.956722 4
-1.718991 16.7426 -38.685392 5
-2.175191 16.8366 -39.540712 8
-2.525991 16.0745 -39.857962 13
-3.200291 15.4101 -39.923212 4
-2.995891 14.8231 -40.630852 1
-2.997791 15.72 -40.982952 10
-2.079691 15.6366 -41.321652 11
-1.387991 14.946 -41.389452 11
-0.854991 14.172 -41.640852 4
-0.321391 13.8826 -42.357652 3
0.476309 14.3691 -42.596452 1
0.849709 14.0783 -41.766452 4
1.667909 13.6866 -41.516352 10
1.005909 13.505 -40.896652 4
0.217509 13.0271 -40.696652 4
-0.008091 12.2742 -41.342152 9
-0.195991 11.3612 -41.087952 15
-1.113391 11.6217 -41.024152 13
-1.575891 12.3501 -41.480352 6
-1.846391 12.8902 -42.266052 5
-2.714691 12.8642 -42.586252 6
-3.065391 11.9958 -42.970652 12
-2.728691 11.3311 -42.371152 13
-1.806091 11.5166 -42.164652 8
-1.908691 10.5713 -42.237252 10
-1.475491 9.6828 -42.209152 9
-1.136591 9.4288 -43.145552 10
-1.982791 8.8728 -42.997652 1
-1.733691 8.732 -43.963052 5
-1.140291 9.1882 -44.472352 4
-0.532591 8.7814 -45.101552 10
-0.657491 9.7375 -45.441152 4
-1.443091 9.2078 -45.717252 3
-1.785891 8.376 -45.420252 13
-2.268691 7.7746 -44.845452 6
-2.643891 7.4335 -44.022052 13
-3.220291 7.8016 -43.371252 3
-4.065891 7.8781 -43.774752 15
-4.305391 8.7735 -43.897052 1
-5.061091 9.3151 -43.947352 10
-5.577491 8.6472 -43.438552 3
-5.029491 9.0993 -42.721152 1
-4.746891 9.8643 -42.134552 4
-5.240591 10.1836 -41.338852 1
-5.488391 11.0606 -41.132752 4
-5.016991 10.7827 -40.318152 10
-4.476391 10.0439 -40.020392 4
-3.948191 10.7944 -40.121252 1
-3.191391 11.0835 -40.755152 4
-2.898991 10.1873 -41.066252 1
-3.241391 10.0554 -40.207152 1
-2.877691 10.3212 -39.328912 6
-2.954291 9.7979 -38.467332 10
-2.257691 10.1614 -37.866002 1
-2.748891 10.6465 -37.171712 9
-2.130191 11.3324 -36.799902 4
-2.121791 11.9683 -36.119962 5
-1.673791 12.6937 -36.488842 10
-0.779491 12.8889 -36.580592 10
0.150709 13.0772 -36.938142 11
0.833609 13.4219 -37.405142 6
1.528409 14.1036 -37.487112 3
1.338009 14.8253 -36.838192 13
1.260809 13.999 -36.439182 13
1.929709 13.3271 -36.607452 4
1.579009 12.646 -37.147422 11
1.048309 11.8534 -37.409262 8
0.300409 11.9082 -37.977492 8
-0.198991 12.692 -38.341662 13
-0.900191 12.9312 -38.922292 12
-0.274891 13.147 -39.643262 4
-0.670191 13.999 -39.922532 10
0.222509 14.3573 -39.899762 4
-0.075491 15.1609 -40.387452 4
-0.942991 15.1772 -39.971872 10
-0.976191 15.0563 -39.004172 3
-1.392291 15.1211 -38.148702 13
-2.406291 15.1128 -38.039712 10
-2.363591 15.868 -37.404282 6
-3.335091 15.8019 -37.605372 4
-3.474091 16.077 -36.672662 6
-2.587991 16.1262 -36.190252 10
-1.942091 16.7057 -36.583472 1
-1.400991 17.4534 -36.633992 3
-0.776391 16.8209 -36.946472 13
-0.191991 17.1244 -36.237352 13
-0.621091 17.967 -36.010912 4
-0.191591 18.7645 -35.764302 9
0.512209 19.2883 -35.405922 1
0.522609 20.2659 -35.142342 4
-0.186091 20.1127 -34.477942 1
-1.112191 19.7866 -34.657562 5
-1.977491 19.8703 -34.197622 4
-2.174991 20.7999 -34.023062 13
-2.348491 20.4272 -33.120092 1
-2.120991 20.8419 -32.304292 10
-2.200191 21.7171 -32.083572 15
-1.391291 21.802 -31.401282 4
-0.504991 22.1326 -31.581972 10
0.299309 21.7613 -32.049412 4
0.723409 20.9606 -31.718562 10
0.849209 20.3814 -32.546032 11
0.397609 19.5987 -32.628922 13
1.237709 19.0428 -32.430182 9
1.946309 19.0273 -33.172792 9
2.699709 19.281 -32.753422 6
3.517009 19.2108 -33.432602 3
3.885209 18.2553 -33.264872 4
4.031209 17.3287 -32.992892 6
3.713709 17.181 -33.904812 10
4.458109 16.5726 -33.768952 10
3.757809 16.1268 -33.331912 5
3.677509 15.9559 -32.402082 13
3.512509 15.2789 -31.667782 10
4.229309 14.7554 -31.962912 5
3.649009 14.5999 -32.751712 5
2.823009 14.2467 -32.325962 7
1.932909 14.1977 -32.398102 4
1.101809 14.7262 -32.544882 4
1.353509 15.6366 -32.274162 10
1.534309 16.4748 -31.953852 1
1.023709 16.3498 -31.174892 8
1.062309 16.7447 -30.232122 4
0.921809 17.7275 -30.468703 3
0.329109 18.4253 -30.279201 13
-0.528391 18.9584 -30.260764 9
-1.157791 18.4909 -29.683825 6
-1.973791 18.1927 -30.013104 4
-2.041391 17.4928 -29.332156 10
-2.488691 16.8286 -28.787512 1
-2.435291 15.9082 -29.032502 4
-2.009691 15.6366 -29.800339 3
-2.203091 14.9475 -30.42226 1
-2.865891 14.5404 -29.924155 6
-2.905991 13.606 -29.732667 10
-1.961791 13.7791 -29.537762 1
-1.675191 14.2479 -28.696212 1
-1.080691 13.5216 -28.888582 4
-0.604091 12.924 -29.446244 12
-1.329191 12.5952 -30.012741 10
-1.359791 13.3047 -30.653806 1
-0.925891 13.1924 -31.529002 4
-1.190991 12.6809 -32.261072 4
-2.026891 12.6643 -31.743392 14
-2.062091 12.4589 -30.813563 13
-2.166091 11.4824 -30.829505 10
-2.759191 11.6184 -31.557412 13
-3.118591 11.8644 -32.433542 11
-3.281191 12.6153 -33.003142 4
-3.768791 13.2176 -33.646212 13
-3.937791 14.0764 -33.973732 10
-3.865991 14.3796 -33.080902 11
-3.366591 15.1698 -33.390972 8
-3.581291 15.8064 -32.694362 3
-3.206591 15.9641 -31.799972 10
-2.846691 16.5503 -32.480702 13
-2.145891 16.493 -31.794612 15
-2.045891 15.5457 -31.672862 9
-2.116091 14.7128 -32.168512 6
-1.879791 14.1796 -32.963322 4
-2.279991 14.2901 -33.926982 10
-2.780691 13.7069 -33.401082 5
-2.178791 12.9768 -33.531952 9
-2.801791 13.0239 -34.306522 13
-1.937891 13.3407 -34.780432 10
-1.086891 13.6498 -34.498602 10
-0.667891 13.7025 -33.641432 4
-0.457191 12.8079 -33.308962 4
-0.763291 11.919 -33.364152 5
-0.477691 11.967 -32.425162 4
-0.302191 11.5895 -31.586842 6
0.558909 11.5535 -31.266012 1
0.355509 10.6489 -31.057709 8
1.121509 10.7713 -30.568079 13
1.187609 9.895 -30.884149 3
2.106709 9.8685 -30.571528 7
2.758509 10.5664 -30.538927 10
3.534209 11.1232 -30.480252 1
3.106809 11.9313 -30.743882 1
2.623309 11.9115 -31.582582 10
2.529809 12.3809 -32.427962 1
1.906309 13.1087 -32.642432 4
1.593009 13.1352 -31.709542 13
0.910309 12.5163 -32.146072 4
1.187809 11.4529 -32.232062 5
1.881709 10.9431 -32.392482 10
1.405009 10.5572 -33.135152 13
0.673109 11.2042 -33.121912 6
0.868509 12.0497 -33.487522 3
0.648609 12.8805 -33.063312 4
0.143609 13.7145 -33.020192 4
0.090309 14.6202 -32.687382 6
-0.049391 14.1182 -31.905452 4
0.577309 14.6809 -31.304502 10
0.676609 13.9608 -30.603394 11
0.574009 13.2751 -31.273532 4
1.037209 12.951 -30.485197 13
1.836609 12.7404 -30.026166 12
1.938209 13.5579 -29.500295 10
2.529309 13.2599 -28.892612 14
3.001609 12.6669 -29.546282 11
3.708109 12.5509 -30.127812 1
3.231009 13.0009 -30.955789 10
3.662409 13.6471 -31.621182 4
4.387209 13.6066 -32.302352 5
4.807709 13.8778 -31.501172 9
5.377509 14.6405 -31.223332 10
5.250309 15.0213 -32.103122 5
5.568109 15.3157 -32.966002 5
6.383409 15.2834 -33.554092 4
7.002709 15.7231 -34.063712 4
7.029809 16.4994 -34.707342 1
6.461609 17.2197 -35.008842 15
5.799609 16.9561 -35.688082 3
4.980809 16.5604 -35.439272 10
4.179009 16.2485 -35.873882 10
4.127009 17.1497 -36.252852 6
4.222309 16.6765 -37.078832 10
3.803809 16.0162 -37.613972 9
3.062709 15.4587 -37.359782 10
2.363209 15.6108 -37.972542 13
2.388309 14.7799 -38.427442 1
1.979009 14.8219 -39.271032 15
1.514109 14.2551 -39.932342 4
0.885609 14.3696 -39.162462 4
0.923709 15.2254 -38.758452 9
0.729409 14.9101 -37.819462 13
0.379309 15.425 -37.060192 13
0.851709 15.9838 -36.443072 13
1.871909 15.8603 -36.372722 4
2.241109 14.977 -36.320512 1
3.144309 15.2285 -36.237402 10
3.356009 14.2663 -36.158612 8
2.843809 14.0178 -35.389122 4
3.745109 14.192 -35.146132 10
3.787409 13.5979 -34.435792 5
3.054409 13.0341 -34.517692 11
2.251409 12.6132 -34.639332 10
1.243009 12.3316 -34.685682 7
1.377509 13.0011 -34.001742 4
1.885809 13.5776 -34.523082 6
1.081809 14.0987 -34.421312 4
1.009109 14.922 -34.886692 13
1.919209 14.5015 -35.065472 3
1.964509 14.8163 -34.144872 8
1.067309 14.93 -33.743582 4
0.281809 14.4108 -33.805972 4
-0.579991 14.7119 -34.185142 1
-0.614591 14.2424 -35.109932 10
-0.435691 15.0839 -35.446422 13
-1.227391 15.5878 -35.514332 10
-0.925091 16.1219 -34.729262 6
-0.646691 16.7122 -34.005022 1
-0.398291 17.2258 -34.799732 4
0.396709 16.7766 -34.430812 6
1.258609 17.1917 -34.678572 1
2.187909 16.7922 -34.797302 1
2.429809 17.5348 -35.374692 1
3.184809 16.8778 -35.631702 10
3.197209 15.9706 -35.464342 10
2.392109 15.5294 -35.191722 12
2.539709 15.7669 -34.228212 13
3.403809 15.6408 -34.554342 10
3.225109 15.1014 -33.752042 15
4.112409 14.6843 -33.738192 5
4.916509 15.0982 -33.880112 5
4.762209 15.6762 -34.640022 10
5.332909 16.4174 -34.376322 15
5.471209 17.3601 -34.727942 4
4.569309 17.575 -34.960122 10
4.229309 18.4325 -35.310832 14
4.590509 18.1495 -36.163962 13
5.573709 17.9404 -36.201322 3
6.473209 18.1991 -36.053102 13
6.675809 18.811 -35.203132 4
7.402809 19.1847 -35.769992 4
7.710109 18.299 -35.611032 1
8.057709 18.1321 -36.555932 3
8.092509 17.4422 -37.292742 13
8.420909 16.9048 -38.071402 1
8.012709 16.3368 -37.329102 4
8.320509 15.4661 -37.620752 6
7.861909 14.9728 -36.898072 10
7.429709 14.4197 -37.599652 4
6.595709 14.5614 -38.099652 10
6.414609 14.7144 -37.166902 9
6.767509 14.2783 -36.366902 10
7.018509 14.2917 -35.380002 11
7.264209 13.6279 -34.710672 4
7.990609 13.7445 -35.461732 4
8.585909 14.5022 -35.192632 7
8.211709 14.4651 -34.225702 4
7.849709 15.3301 -34.355672 4
8.068709 16.0236 -35.071532 8
8.745709 16.2327 -35.692752 10
9.381109 16.6297 -36.426502 11
10.045909 16.3596 -37.092182 8
10.546409 16.6066 -36.261522 7
10.840609 16.9606 -35.404432 9
11.793809 16.939 -35.182952 9
12.409309 16.6002 -34.547422 10
11.817609 15.8589 -34.167232 5
11.437609 15.347 -33.425462 13
11.218509 14.4626 -33.817672 6
10.933409 13.9998 -33.021832 13
10.410909 13.5268 -32.409002 10
9.461509 13.732 -32.649382 10
9.505409 14.6577 -32.998442 4
10.141209 15.3491 -33.029022 1
10.993109 15.3778 -32.493732 4
11.406509 14.5869 -32.149062 13
12.056409 14.6611 -31.401472 5
12.982109 14.7135 -31.535162 1
13.433609 15.0101 -30.685625 10
12.575109 15.4413 -30.94291 10
13.360109 16.0411 -31.018899 5
13.982209 15.4898 -31.684152 4
14.832809 15.141 -31.366222 1
14.808509 14.167 -30.965401 1
13.827109 14.1782 -30.844722 1
13.655509 13.6713 -31.629582 3
13.739509 14.194 -32.431282 4
12.848209 13.693 -32.612632 13
12.706909 13.0752 -31.903752 13
13.237209 12.3492 -31.566822 6
13.668209 12.3388 -32.420872 7
13.158709 11.9239 -33.198072 13
12.268509 11.6336 -33.108532 13
11.747109 10.7799 -32.970452 6
10.776909 10.8862 -33.211002 10
10.666609 11.8576 -33.149592 10
11.344709 12.4884 -33.255592 13
11.591009 13.3354 -33.515262 13
10.754409 13.056 -33.888232 6
9.959809 13.5279 -34.152932 10
9.138809 14.0498 -34.110742 4
9.083509 13.2318 -33.565612 4
8.895309 12.8751 -32.667832 10
8.116009 13.2401 -33.207702 4
7.488909 13.8451 -33.585032 4
7.577009 14.0504 -32.636172 4
7.597609 14.3055 -31.766352 9
8.187009 14.746 -31.190892 6
8.549009 13.9614 -30.683078 15
8.648109 13.2417 -31.275702 10
7.690409 13.4098 -31.243512 9
6.926609 13.5345 -31.853982 4
6.116409 13.9991 -32.345452 10
6.582509 14.3362 -33.195202 4
5.705709 14.3572 -33.472492 5
5.943509 14.2749 -34.409152 4
5.769709 14.9998 -35.119542 10
6.515609 15.3056 -35.597062 12
5.913509 15.5718 -36.378532 10
6.739309 16.0585 -36.489442 1
6.022909 16.4411 -37.167102 10
5.655409 17.0329 -37.793102 1
6.437609 16.692 -38.250542 7
6.310509 15.7465 -38.091202 3
5.471109 15.3394 -37.718362 11
4.933009 15.1937 -36.888832 10
4.112009 15.4618 -36.477172 10
4.029509 14.5507 -36.965912 1
4.485909 14.5156 -36.104202 10
4.867009 14.4509 -35.272312 10
5.254009 13.6207 -35.050852 11
5.579509 12.9038 -34.475332 4
5.729609 12.0089 -34.074382 13
6.253309 11.3056 -33.740632 3
7.097509 10.7874 -33.418472 4
7.291609 9.8571 -33.339932 7
7.254409 8.9442 -33.171382 7
6.792709 8.1721 -33.369642 7
7.100109 7.2281 -33.300342 8
7.191609 6.6657 -32.483362 13
6.491509 6.2717 -31.974532 4
5.875309 6.5949 -32.698812 1
5.734909 5.6282 -32.751722 10
4.857809 5.5169 -33.074172 4
3.976909 5.6241 -32.835302 5
3.903809 6.5412 -33.179242 10
3.341709 7.1288 -33.593162 1
3.475009 7.6207 -34.439972 7
2.577309 7.9687 -34.460232 9
2.212809 8.7178 -34.014882 9
1.709809 8.9324 -34.803422 1
1.557909 9.9533 -34.611472 12
0.727609 10.1624 -34.179432 5
-0.109191 10.721 -34.216652 10
-0.373991 11.5121 -34.666382 1
-0.313991 12.4501 -34.414142 4
-0.156691 12.7084 -35.312052 10
0.642809 12.4985 -35.583912 6
0.675009 13.3654 -35.134292 4
0.361809 13.895 -35.908412 13
-0.428491 13.8788 -36.411412 10
-0.498691 14.8484 -36.579612 13
-1.179291 14.4735 -35.931702 10
-2.053791 13.9577 -35.764182 10
-2.532291 13.1005 -35.770872 3
-3.030991 12.6253 -36.444342 15
-3.505291 12.1431 -37.129302 15
-3.222191 12.8985 -37.731622 5
-2.689491 12.904 -38.612322 11
-2.294191 13.5579 -37.977412 4
-1.419291 13.997 -37.856402 10
-0.574391 13.8925 -37.434742 13
0.162009 13.9638 -38.081332 13
0.767309 13.3711 -38.589942 4
1.413809 12.8212 -38.926042 11
1.875209 13.0941 -39.780022 4
2.520009 12.9657 -39.018782 10
3.383109 12.8981 -38.553052 1
3.630409 13.2437 -39.414182 10
4.162309 13.9505 -39.843352 1
3.850209 14.5112 -39.021352 1
3.765609 13.8233 -38.364162 4
4.124209 13.2872 -37.604242 7
4.781709 13.9925 -37.730562 1
5.511809 14.1114 -37.157122 10
4.946109 13.5359 -36.602192 8
5.832109 13.4166 -36.182592 10
6.188809 12.9668 -35.384102 3
6.745209 12.5586 -34.630332 4
7.353509 12.795 -33.883472 4
8.140309 12.1962 -33.893362 4
9.094309 12.1597 -33.591922 10
9.933609 11.9927 -34.014502 10
9.701709 11.994 -34.995632 5
8.852409 12.3848 -34.567222 4
8.845209 13.0679 -35.255172 4
8.408709 13.0156 -36.236752 10
8.444209 13.4985 -37.058172 9
7.532009 13.0932 -37.296122 7
8.145709 12.3224 -37.461772 6
8.378709 12.8386 -38.217302 7
9.091509 12.5369 -38.805502 6
9.975409 12.4417 -38.392762 4
10.834409 11.9525 -38.288162 10
11.125309 11.0024 -38.574052 10
10.522809 10.5819 -39.242762 5
9.850209 11.1826 -39.615842 4
8.949909 10.9017 -39.265702 7
8.126009 10.4093 -38.947922 10
7.280709 10.8949 -39.146142 4
7.878209 11.6145 -38.892692 10
7.768809 11.2939 -38.002312 1
6.916009 11.7162 -38.304222 1
6.703209 12.655 -38.323902 9
5.737309 12.7322 -38.232062 13
6.003809 13.6796 -38.335572 1
5.988809 14.4687 -39.061422 13
5.993209 13.9048 -39.785162 3
6.665209 13.5799 -40.540852 1
6.236009 13.6082 -41.539552 1
6.894409 13.2235 -42.194052 13
7.070009 12.3638 -42.558552 4
6.885709 11.7307 -41.846752 11
6.048109 11.1253 -41.998252 7
5.489709 11.7754 -41.437552 8
4.610409 11.8966 -41.023552 4
3.799809 11.3543 -40.811252 11
4.456709 10.6785 -40.845552 10
3.715309 10.2765 -40.331052 8
3.926509 9.4974 -39.871212 10
4.346809 8.7706 -39.208732 4
4.316809 9.7073 -38.785022 4
4.684909 10.4878 -38.387152 3
3.903109 10.8552 -37.960992 13
3.512409 11.4104 -37.344472 10
4.029709 11.7777 -36.548452 11
4.937909 11.3501 -36.449612 7
4.153909 10.7479 -36.569432 1
3.295909 10.7596 -36.237442 10
3.027309 11.1677 -35.362592 4
3.354709 11.9995 -35.055922 13
4.121809 11.8138 -34.578112 6
4.768009 12.0186 -33.834522 1
4.522909 12.9662 -33.977582 5
4.935009 13.3529 -33.211542 5
5.853809 13.0883 -33.154532 4
6.406909 12.342 -33.442552 4
7.080509 12.1443 -32.833512 4
7.729209 11.8787 -32.109272 10
7.049709 12.0359 -31.452642 6
7.431509 12.0882 -30.558824 5
8.396809 12.0432 -30.673473 10
9.260709 12.4824 -30.752843 10
9.239009 13.3525 -30.300445 15
10.204009 13.5004 -30.056584 9
10.323909 13.3197 -30.978467 10
10.988709 13.1772 -31.641592 13
10.644609 12.4805 -32.179272 10
11.606809 12.3596 -32.161042 13
12.183509 12.1495 -31.393902 9
11.493009 12.5302 -30.908033 15
10.757009 11.8649 -30.852726 15
9.983209 11.978 -31.381042 10
9.753209 12.0392 -32.336262 10
9.535609 11.218 -31.937482 10
8.676109 11.0165 -31.716062 10
7.891309 10.4473 -31.719602 7
7.067709 10.0079 -31.455172 4
7.309709 9.4911 -30.71959 12
7.425709 9.8111 -29.793925 7
7.196209 9.0699 -29.216001 1
6.512509 8.7212 -28.615912 7
6.264609 9.2835 -29.296093 12
5.509809 9.8408 -29.261088 4
4.621709 9.7648 -28.896812 10
4.246309 9.5662 -29.762936 3
4.528809 9.5788 -30.728701 4
3.773709 9.917 -31.294722 1
3.295009 9.739 -32.075592 1
2.457209 9.5257 -31.723562 7
1.998509 8.9944 -32.366122 10
2.293509 9.5248 -33.045672 4
2.777309 9.7621 -33.917622 1
2.858809 10.435 -33.152352 13
3.676609 10.1255 -33.590082 11
3.739209 11.0751 -33.368302 10
4.184509 11.4011 -32.640132 9
4.603909 10.584 -32.904462 14
5.037609 10.0025 -33.543102 4
5.799209 9.5356 -33.970872 7
6.130609 9.3354 -33.047962 13
6.895209 9.6028 -32.447022 7
6.327509 10.3738 -32.250542 11
6.999209 11.0466 -32.334512 6
7.881709 10.9264 -32.753832 10
8.225909 10.3948 -33.390432 7
8.809009 11.1873 -33.673282 10
9.527609 10.9605 -34.250772 10
9.951809 10.618 -35.054762 12
9.574009 10.9277 -35.887712 13
9.884209 10.781 -36.831442 12
9.348009 11.6273 -36.911862 7
8.656509 11.3391 -36.337112 10
8.043409 11.9501 -35.772092 4
7.371309 11.3214 -36.055152 12
7.184809 11.5919 -35.130972 4
7.584509 10.8771 -34.597372 4
7.657609 9.968 -34.432292 7
8.619309 9.8935 -34.534292 7
9.315909 9.496 -35.043382 14
10.290009 9.5562 -35.232222 12
10.093509 9.6267 -34.324312 1
10.736109 9.7212 -33.700482 1
9.960909 10.1643 -33.473052 10
10.030109 10.4661 -32.556522 10
9.083409 10.5384 -32.649752 10
8.931109 9.7347 -33.071282 7
9.513609 9.2774 -32.428502 10
8.696809 8.7722 -32.845402 7
9.457509 8.6601 -33.495032 1
8.632309 8.2165 -33.860352 7
9.223609 7.4938 -34.157402 1
8.445409 7.076 -34.447682 4
8.777909 6.3098 -33.849312 3
7.924909 6.5253 -33.492292 1
8.460009 7.0687 -32.951412 7
8.969609 7.8165 -32.660542 7
9.643009 7.1872 -32.647522 10
9.625609 6.1816 -32.829372 12
9.163209 5.3386 -33.152462 1
8.696109 4.4688 -33.108012 9
8.332709 3.7881 -33.744992 7
7.593409 4.2193 -33.299092 4
7.233109 4.3874 -32.457452 4
6.789409 5.2266 -32.172702 10
6.496509 5.0424 -31.277762 11
7.443109 4.9103 -31.323732 1
7.335309 5.8733 -31.158323 5
7.346609 6.6581 -30.570626 15
8.006409 7.2309 -30.91153 14
7.572809 7.6609 -31.585122 11
7.397609 8.4834 -32.159612 7
7.950109 9.0192 -31.574282 7
8.582409 9.6397 -31.336292 10
8.711109 10.3617 -30.70369 10
9.066509 9.5402 -30.252209 14
9.568909 9.1909 -30.995186 10
9.945509 8.5766 -31.628902 13
10.620009 7.8591 -31.578192 7
11.134909 8.5966 -31.787532 15
11.754409 9.2345 -31.508492 7
12.023509 9.8212 -32.216042 12
11.132209 9.7207 -32.296112 14
10.736409 10.3125 -31.668202 10
10.251009 10.8684 -31.001099 10
10.175309 10.6852 -30.007991 9
9.322509 11.0838 -29.676525 10
9.325409 11.0809 -28.639022 4
10.279209 11.1146 -28.401802 1
10.239609 11.8253 -29.018772 1
11.153309 12.0046 -29.089652 1
11.084909 12.5594 -29.932264 1
10.190809 12.4492 -29.807757 7
9.383609 12.4987 -29.283049 13
8.571709 12.3608 -28.745632 4
8.529409 13.3215 -28.826052 1
8.796109 13.6597 -27.921512 7
9.284109 14.1143 -27.228402 7
9.819309 14.4404 -27.924292 10
10.287609 14.9098 -28.604642 12
9.621809 14.3012 -28.953432 1
9.262009 14.7421 -29.84561 7
9.649609 14.7771 -30.687127 12
9.819209 15.6847 -31.017253 8
9.101409 16.155 -30.567086 10
8.585409 15.9313 -31.332272 11
9.348409 15.7062 -31.884052 1
9.177509 15.9776 -32.850182 10
8.533909 15.2645 -32.664342 4
8.596309 15.2871 -33.613622 4
8.155509 16.1797 -33.693332 6
8.880109 16.7923 -33.633742 12
9.338409 17.5314 -33.248182 10
9.927509 17.7767 -33.975382 7
9.367209 18.6223 -33.980232 11
9.839009 19.0141 -34.758132 7
10.277709 19.5326 -35.411932 1
10.659409 20.3748 -35.184922 13
11.497909 20.4773 -35.609792 9
11.337409 20.3387 -36.567532 10
12.127309 19.9614 -36.886192 7
12.859209 20.4981 -37.214852 10
12.352709 20.114 -38.019592 7
11.950209 21.0918 -38.186582 11
11.562509 21.1122 -39.041462 5
12.073209 20.7404 -39.754292 10
12.702309 20.0721 -40.124562 13
12.434409 19.1565 -40.052662 7
12.007109 19.3097 -40.910852 14
11.797009 19.6459 -41.780452 1
11.029609 19.0573 -41.643652 15
10.260609 19.3855 -41.062152 10
10.043909 19.3784 -40.088432 7
10.120109 19.3299 -39.085462 6
10.747109 18.6059 -39.234312 16
11.054009 17.5641 -39.462142 4
10.545709 17.0615 -38.895762 1
9.678509 17.4635 -38.932072 10
9.172709 16.6892 -39.143452 1
9.005109 15.7816 -39.479982 1
9.038409 14.9552 -39.957852 4
9.170809 14.1546 -39.487072 7
10.107909 14.2627 -39.272982 1
10.897509 13.9685 -38.713062 1
11.267609 13.1781 -38.201882 7
11.942709 12.5466 -37.854432 10
12.750309 11.9722 -37.985732 10
13.256209 12.3921 -37.298242 7
14.070409 11.8571 -37.678152 7
13.713209 12.0906 -38.562052 10
14.541309 12.4178 -38.299002 7
14.839209 11.9265 -39.070382 11
14.891609 10.9849 -39.347412 1
14.660509 10.4168 -40.044322 14
14.779509 9.5218 -39.628152 10
14.642409 8.7339 -39.051002 11
13.689309 8.8842 -38.887062 4
14.254909 9.248 -38.231942 11
13.728309 10.0325 -38.165722 10
12.834609 10.0494 -37.791312 14
12.645509 10.8683 -37.446612 10
12.117709 10.3654 -36.794782 12
11.513709 10.0388 -36.048122 12
11.429309 10.9162 -35.945832 12
11.969709 11.4831 -36.606312 10
12.803409 11.9604 -36.532152 7
13.373109 12.2444 -35.746142 7
12.608209 12.6683 -35.354872 7
12.103909 11.7826 -35.419482 1
12.127709 11.4903 -34.508832 13
11.173609 11.6678 -34.604872 1
10.591409 11.4435 -35.401072 12
10.540209 12.3762 -35.412712 4
10.177109 12.369 -36.307132 9
10.605909 11.4787 -36.571982 12
11.229709 12.082 -36.937242 10
11.886209 12.7364 -36.642322 7
11.313109 13.4747 -36.934212 1
10.999209 13.9152 -36.137362 1
11.733509 14.3687 -36.563342 15
12.154309 15.1796 -36.993112 7
12.489409 15.0893 -37.910272 15
13.354009 14.723 -38.068312 10
14.216109 14.2678 -38.285772 1
14.415109 14.0792 -37.311392 7
15.037409 13.6122 -37.848452 7
15.297509 12.7627 -37.510422 7
16.220209 12.5172 -37.438042 4
16.780409 11.7615 -37.270042 15
15.915909 11.2651 -37.018182 15
14.944309 11.2253 -36.802082 7
14.439109 10.7172 -37.492162 10
13.668309 10.5864 -36.994232 1
12.922509 10.9175 -36.431822 7
12.591409 10.0845 -35.870822 10
12.172109 9.2111 -36.250142 12
12.846509 8.4889 -36.015342 11
12.662009 7.6236 -35.677712 1
11.767909 7.704 -36.047972 7
11.540109 8.4395 -36.593272 12
11.661409 7.7621 -37.264742 1
10.848309 7.4529 -37.632582 1
10.603509 6.861 -36.833812 3
9.765809 6.4108 -37.153382 12
10.190409 5.992 -37.929192 7
9.866709 5.3161 -37.312142 16
8.881009 5.2874 -37.254102 9
8.164309 5.2486 -37.914852 15
7.672309 4.7427 -37.229492 12
6.741409 4.4266 -37.227082 7
6.008609 4.5865 -37.789912 10
5.873909 4.5946 -38.785932 15
5.783209 4.8534 -39.775232 7
5.577509 5.6857 -39.478632 16
5.357009 6.6581 -39.298682 1
5.658009 7.1652 -40.093352 7
6.057309 7.9517 -39.645862 1
6.680609 8.3126 -38.975512 12
7.286209 9.0859 -38.935202 7
7.682909 8.6615 -38.103502 5
8.470709 8.3311 -37.606302 4
8.220609 7.3753 -37.958122 1
7.284609 7.373 -37.601372 1
6.931109 7.8731 -36.735132 4
6.444609 7.3699 -36.090602 1
6.795309 7.3235 -35.238972 1
6.745709 7.8345 -34.335832 1
7.647909 8.1319 -34.133082 7
7.912209 8.8254 -34.724022 7
7.026109 8.5786 -35.045102 1
6.933409 9.5172 -35.259212 7
7.348209 10.0092 -35.997462 1
7.699009 9.2597 -36.559332 15
8.528309 9.5622 -36.238952 1
8.920409 8.6833 -36.043122 1
9.845609 9.0221 -36.120712 10
10.488609 9.5233 -36.609282 12
9.967609 9.796 -37.379322 10
9.920409 8.8405 -37.223522 15
10.403009 8.9905 -38.054292 11
10.844009 9.8261 -37.807142 12
11.433309 9.9613 -38.495562 11
11.759109 10.4235 -37.747792 12
12.262609 10.7921 -38.475602 10
12.662209 11.3077 -39.154102 10
13.195609 11.2998 -39.992372 7
12.647909 12.1238 -39.867022 15
12.754309 13.0022 -39.511932 7
13.291809 13.6964 -39.194952 12
13.592609 13.1568 -38.411372 7
12.796609 13.642 -38.308022 15
13.168709 13.5713 -37.354252 7
13.788309 13.6546 -36.607752 7
13.084909 14.1125 -36.211712 7
12.569609 14.4903 -35.456972 16
12.257309 13.5879 -35.721792 7
12.058809 13.8271 -34.818992 16
12.300009 14.4507 -34.208682 13
12.585109 13.4954 -33.733902 13
13.129309 13.2516 -34.527432 7
13.517409 12.6272 -33.892422 9
13.162909 11.9401 -34.611822 13
13.979509 12.4612 -34.949182 7
14.384109 11.639 -34.644472 7
14.412009 12.0419 -33.791222 16
14.925909 11.6198 -32.940562 9
15.398209 10.9614 -32.390822 7
15.641509 10.2886 -32.936552 10
16.356009 9.7085 -32.568192 14
16.651709 9.064 -33.279552 6
16.179709 9.4854 -33.997462 12
15.479609 8.8758 -34.169062 7
14.885509 8.9818 -35.075642 1
14.514509 8.1117 -35.302702 11
13.933609 8.6808 -34.768792 7
13.404509 7.8167 -34.641772 15
12.560309 7.6683 -34.098322 16
12.175609 7.278 -33.274462 16
11.696709 8.1142 -33.405312 4
11.093609 8.4504 -34.118892 1
11.088609 9.3095 -34.615382 12
11.917509 9.5896 -34.930052 12
12.743609 10.1199 -34.667842 1
13.383709 10.8008 -34.754582 5
13.534909 11.2079 -35.636562 7
14.327209 10.7059 -35.891812 7
14.044909 9.8379 -36.171762 1
14.647909 9.162 -36.371192 11
15.005209 9.9965 -36.766052 4
15.284409 9.6854 -37.613772 11
15.518509 10.709 -37.754742 7
16.366909 10.9279 -38.020152 15
15.755009 11.3585 -38.666392 7
15.853509 10.3655 -38.904682 11
16.622009 10.4643 -39.456532 12
16.387209 11.1859 -40.235652 4
16.472209 11.5393 -41.132652 1
15.525109 11.4332 -41.038952 1
14.837109 11.3368 -41.803152 9
14.084409 11.5562 -42.439452 16
13.800309 11.5356 -41.547052 14
13.805109 10.5829 -41.486052 15
13.040209 10.3877 -40.829552 7
12.392409 10.7263 -41.463252 7
12.575509 11.6358 -41.297052 16
12.136109 11.9048 -42.113952 15
13.130409 11.905 -42.286052 10
13.313709 12.5075 -41.552752 16
12.962509 12.8955 -40.718752 10
13.000009 13.7816 -40.451052 7
13.745609 14.3096 -40.063822 10
13.118509 14.9135 -39.566612 13
13.572609 15.8 -39.650192 12
14.452009 15.8118 -40.154542 1
15.175209 15.5087 -39.534092 7
14.446409 16.114 -39.091162 10
13.807609 16.5716 -38.422542 1
14.157109 17.4135 -38.223552 12
14.756009 17.185 -37.478042 1
14.139209 16.8226 -36.844592 7
14.301909 15.9935 -36.483642 16
14.496209 15.5032 -35.700252 1
13.591709 15.0831 -35.867892 13
13.853209 14.3227 -35.217822 7
14.493709 13.9119 -35.827162 7
14.717809 13.5974 -34.980032 12
14.604009 12.9635 -35.699772 7
13.980309 12.66 -36.390892 7
14.714309 12.2349 -36.840232 7
15.416609 12.3386 -36.214662 7
16.343609 12.6338 -36.089312 15
15.838409 13.0596 -35.271372 4
16.423709 13.8144 -35.444362 6
15.733009 13.9213 -36.196102 7
15.908609 13.5242 -37.071452 7
16.863609 13.6017 -37.103632 11
17.827509 13.7023 -37.153952 16
17.526709 12.8174 -37.494502 15
17.915209 11.9565 -37.454462 15
18.372909 12.5092 -38.114212 9
19.105709 12.9777 -38.517652 15
19.594809 13.386 -39.220782 1
19.543009 14.3419 -39.146902 11
19.130909 14.4393 -39.991152 16
19.759309 15.1794 -39.982832 16
20.287509 15.3642 -40.742252 10
21.052009 14.7172 -40.931152 12
20.650209 14.8793 -41.810952 1
20.539009 14.4359 -42.645252 11
20.902809 15.2608 -42.889752 7
21.881009 15.162 -42.814252 7
22.264009 15.6632 -43.476352 13
22.216909 16.3271 -44.225552 12
23.030009 16.6226 -43.761752 11
23.829209 17.2016 -43.947452 7
23.611009 17.2143 -43.030552 9
23.287909 16.7808 -42.294452 7
23.851009 16.0074 -42.605852 4
24.302709 15.8914 -41.816052 10
23.843409 15.8793 -40.957152 14
23.189409 15.2355 -40.915752 16
24.050609 14.8351 -40.884652 5
24.397309 14.9993 -40.007622 7
23.674009 14.4694 -39.645362 10
24.523509 14.0708 -39.527092 16
24.028409 14.1964 -38.636022 16
24.802509 14.7446 -38.464992 16
25.055509 13.7398 -38.432612 12
24.549609 13.9707 -37.688162 1
24.712209 14.5702 -36.866052 7
23.972109 14.5831 -36.238422 12
24.465909 13.7438 -35.998812 1
23.792809 13.146 -36.394262 7
23.234209 13.4147 -35.644702 7
22.288309 13.4707 -35.394132 7
21.786409 14.202 -35.045032 12
22.409909 14.1643 -34.343452 1
22.561909 13.3007 -34.138232 1
21.780909 13.4583 -33.637522 1
21.444309 13.0598 -32.809772 15
20.995909 12.1647 -32.649022 1
20.316809 12.5236 -31.914372 1
19.889709 13.4293 -31.976312 10
19.818009 14.4553 -31.913562 15
20.094009 14.1354 -32.815512 1
19.259809 13.7176 -33.117032 16
19.107309 13.7254 -34.052362 13
19.360809 13.9398 -35.061712 7
20.168109 13.4993 -34.855512 13
19.878109 12.6177 -35.232382 13
19.371309 11.8509 -34.866792 12
18.679709 11.8796 -35.520162 12
18.522909 12.1159 -36.416912 15
19.454409 11.7874 -36.585002 16
19.599709 11.0645 -35.977202 12
19.489509 10.4358 -36.663432 15
20.081209 9.7893 -36.390392 5
20.105709 8.9442 -35.907002 8
19.434209 8.4245 -36.317702 7
18.603309 7.8768 -36.293512 7
17.868609 7.907 -36.898652 7
18.220309 7.4539 -37.662092 7
17.267109 7.3689 -37.939992 11
16.691709 6.7752 -38.330432 11
17.503709 6.5226 -38.961052 1
18.093809 5.957 -38.536822 1
18.076909 6.2212 -37.587782 7
17.670909 5.5252 -37.063772 16
17.731909 4.7288 -36.519972 12
17.324509 3.8568 -36.368632 12
17.828809 3.7996 -37.176992 11
18.088309 2.9336 -37.534972 7
18.155709 2.676 -38.541392 9
18.854009 2.3935 -39.185572 11
19.481109 2.8756 -39.726442 7
18.797509 3.5795 -39.589572 1
17.847409 3.4233 -39.756952 7
17.323609 3.6731 -38.895622 9
16.785809 3.801 -39.605992 14
16.056409 4.4301 -39.521762 16
15.800109 3.4918 -39.172682 16
15.855909 3.5091 -40.173352 7
15.067409 4.0311 -39.968592 16
15.289609 5.0283 -39.866102 16
16.054309 5.7174 -39.778642 7
16.684309 6.373 -40.055402 15
16.994509 6.6791 -40.887752 4
17.910709 6.4301 -40.565452 7
18.578409 7.1224 -40.602152 10
19.450509 7.4979 -40.524752 7
20.079009 6.7354 -40.388952 5
19.795909 7.2589 -39.623742 1
19.032409 7.1021 -39.035622 10
18.762209 7.9526 -38.438112 7
19.218209 8.7736 -38.094962 7
19.717809 9.5564 -37.995102 1
19.445709 10.5107 -37.806572 15
18.524609 10.2277 -37.931212 15
18.961109 9.6726 -37.287682 1
18.536109 9.0034 -36.826312 7
18.796209 9.1874 -35.940912 11
19.267309 9.8526 -35.377712 12
19.812709 10.2525 -34.697502 12
20.388309 10.5053 -35.487532 15
21.140209 10.5169 -36.018372 7
21.489809 9.8884 -36.724742 1
21.564809 9.0137 -36.261352 16
21.083009 8.9401 -35.421282 13
21.354809 8.8975 -34.485342 16
22.049109 8.5881 -33.830762 12
21.285009 8.0051 -33.839372 7
20.416909 7.6749 -33.546962 1
20.148909 7.1911 -34.376082 16
20.346009 7.662 -35.187412 7
19.702009 8.1971 -34.709262 12
18.851009 8.4696 -34.452722 11
18.426309 8.2044 -35.329682 7
17.606409 8.5949 -35.049892 7
17.436109 9.4508 -34.532442 13
17.953909 9.8122 -35.332782 6
17.782509 10.6402 -34.804382 12
17.834809 11.2615 -35.609212 12
17.701409 11.1864 -36.551952 15
18.250209 10.444 -36.201302 11
17.824209 10.1798 -37.021392 15
17.616809 9.2266 -37.004902 7
17.191509 9.7811 -37.664542 15
16.642409 9.1844 -38.254012 9
16.293709 8.5044 -37.596862 11
16.394109 8.0892 -38.464192 11
16.855209 8.5552 -39.255582 16
17.494909 8.1186 -38.646152 7
17.668209 9.0902 -38.709362 7
17.525909 10.1195 -38.892962 8
17.891709 10.9762 -38.924372 15
18.181109 11.1452 -39.823352 4
18.982309 10.6022 -40.094582 1
19.486809 10.835 -39.342032 7
19.808409 9.8886 -39.404512 16
20.209309 8.9806 -39.268342 1
21.105309 8.8688 -38.987152 1
20.295109 8.5043 -38.304052 1
20.741909 7.7244 -37.870412 1
20.017009 7.7005 -37.163672 7
20.165909 6.7087 -37.301932 1
19.274709 6.9505 -37.195972 7
19.377509 6.2798 -36.515692 7
19.558309 5.7489 -35.674952 11
18.992509 5.0636 -36.111242 1
18.439209 5.7871 -36.299202 7
17.661409 5.3317 -35.652372 1
16.762309 5.3016 -35.748012 12
16.586009 5.7394 -36.560702 12
16.268509 6.6612 -36.737822 11
17.183609 6.8448 -36.438452 7
17.722409 6.5816 -35.690202 7
18.529909 7.1037 -35.572622 7
18.552009 6.2076 -35.157022 16
19.517009 6.6168 -35.240562 7
20.381009 6.1056 -35.406602 14
20.934009 5.9632 -34.618332 15
21.567809 6.1745 -33.879262 5
21.896909 6.8097 -34.494492 16
21.864409 7.0772 -33.583802 15
21.565909 6.7234 -32.718612 12
21.833509 6.6451 -31.772722 16
21.631309 7.0999 -30.924218 13
22.025809 7.9842 -30.74303 11
22.581109 8.7177 -31.006203 16
22.315209 9.1077 -30.113847 11
22.240909 9.2293 -29.179436 15
21.874909 9.938 -28.622202 12
21.184009 10.1506 -29.261293 1
20.733409 9.509 -29.823197 1
20.300009 9.0919 -28.934842 1
19.548009 9.722 -28.650892 7
18.652609 10.0233 -28.573842 12
18.309509 10.38 -29.462124 16
17.797009 9.9316 -30.211602 12
18.672209 9.6451 -30.377565 7
19.453609 9.1941 -30.775818 1
19.030509 9.5594 -31.577552 5
18.784309 10.3785 -32.080192 8
17.978209 9.8262 -32.053832 7
18.025109 8.9566 -32.619452 15
18.966309 8.6029 -32.646282 7
19.483509 9.1055 -33.265512 8
19.245509 9.9551 -33.670402 7
18.511709 10.5113 -34.038532 12
19.277309 11.1574 -34.041652 12
18.747409 11.6788 -33.382922 7
18.467109 12.5436 -33.071992 9
17.754709 12.2944 -32.502592 13
17.250709 12.3607 -33.398772 1
17.847809 12.4002 -34.090772 12
17.837209 12.5376 -35.066722 16
16.986109 12.2389 -35.357592 15
16.597609 12.1209 -34.530092 7
15.663209 12.0814 -34.961792 1
15.426509 11.334 -35.634702 7
15.964009 10.6097 -36.015882 15
16.233809 9.7344 -36.408952 11
16.989909 10.3349 -35.996892 15
17.047209 9.41 -35.813632 7
16.256609 9.2928 -35.226942 1
15.841109 8.4862 -35.708122 11
16.758909 8.331 -35.624412 7
16.874909 8.1668 -36.532882 7
16.009209 7.7156 -36.601902 11
15.705609 7.4564 -35.751312 11
16.582409 7.18 -35.470142 7
16.912209 6.3204 -35.095502 1
16.689709 6.2224 -34.183382 1
16.986409 5.5423 -33.594432 16
17.900009 5.9439 -33.411002 12
18.022109 6.8512 -33.743652 1
17.798309 7.0273 -32.860152 16
17.057109 6.6301 -32.378842 7
16.858509 5.87 -31.741782 16
16.721509 5.0629 -31.179552 1
16.482909 4.6723 -32.083732 16
16.738809 3.9808 -31.478582 1
16.307909 3.1501 -31.746372 10
15.517109 3.4097 -31.267992 16
15.727509 3.2923 -30.348186 1
15.839609 4.149 -30.625192 14
15.477809 4.186 -29.660675 12
14.513009 4.0253 -29.570614 1
14.295809 4.0154 -28.640942 15
13.375709 4.2422 -28.987402 12
13.121709 4.8351 -29.773149 1
12.835409 5.5511 -30.369693 5
12.349409 6.3737 -30.494368 15
12.131109 6.319 -31.373202 16
12.019309 5.9882 -32.270922 16
12.717709 6.043 -32.826952 1
13.210409 5.3385 -32.498262 1
12.997109 4.9204 -33.440752 12
13.028109 4.444 -34.280282 15
12.947709 3.8031 -35.101162 15
12.269609 4.481 -35.022122 16
12.457009 4.8539 -35.959402 13
12.165209 5.1355 -36.835842 11
11.970609 5.6786 -37.595612 16
11.360309 5.7651 -38.292692 8
10.862909 5.4343 -39.034622 11
11.534209 4.8693 -38.790532 8
11.890109 4.5468 -39.717332 7
12.534109 4.9756 -39.115122 16
13.366509 4.9834 -38.534842 16
12.721509 4.9235 -37.792522 16
12.280109 4.1043 -38.063402 11
13.255109 4.0044 -37.918332 16
14.081309 4.1634 -38.409862 16
14.151009 4.6495 -39.205472 16
14.490309 5.5667 -39.365932 16
14.841609 6.2843 -39.963862 1
15.586209 6.8494 -39.926322 1
15.992509 7.1155 -39.136092 1
15.488909 7.62 -38.509582 11
14.774309 7.1508 -39.097702 1
13.918609 7.1814 -39.590002 7
13.243109 6.6169 -39.169682 16
13.856709 6.0916 -38.597672 16
13.675009 5.8637 -37.711902 16
14.281409 6.5289 -37.268962 1
14.347109 7.491 -37.072842 11
14.323309 7.195 -36.129552 11
14.126209 6.5545 -35.359202 1
14.400409 5.5845 -35.594852 1
14.820909 5.1168 -34.885412 1
15.689609 4.7171 -35.079802 12
15.047109 4.0187 -35.135352 15
15.908709 3.6864 -34.980722 16
16.329109 4.0245 -35.796532 12
16.155609 3.6253 -36.663502 7
15.550109 4.2333 -37.024822 12
14.875909 4.3894 -37.727872 16
15.159809 3.5531 -38.122742 16
14.862209 2.6243 -38.332082 16
14.906509 1.6123 -38.235322 11
15.396409 0.8511 -38.574882 1
15.809709 1.446 -39.198612 5
15.861909 2.162 -39.907662 15
15.182009 2.8277 -39.720702 16
14.821409 3.1722 -40.557752 5
14.434509 4.0573 -40.997252 16
15.300109 4.4451 -41.110352 7
15.122609 5.0412 -41.800952 1
14.304909 5.2323 -41.310352 16
14.255709 6.194 -41.174452 1
13.786909 6.0569 -40.357952 16
13.233709 5.3118 -40.579452 16
12.437609 5.3082 -41.116952 15
11.463009 5.5841 -41.298052 1
11.720609 6.5163 -41.267852 1
12.179609 6.2538 -40.500752 13
12.388409 6.0635 -39.540722 16
11.512009 6.2801 -39.156742 15
12.156309 6.7956 -38.639692 16
11.978909 7.6815 -38.725662 15
11.586109 8.5513 -38.611212 1
12.304209 8.5107 -37.807862 12
13.204309 8.4318 -38.140532 1
13.689909 8.1654 -37.398312 11
13.811209 9.1237 -37.267742 16
14.608709 8.6258 -37.223982 11
15.289209 7.9409 -37.397362 11
15.081809 7.0547 -37.738232 11
14.868309 6.2287 -38.241472 16
15.410209 5.6438 -38.834982 16
15.504009 5.0639 -37.992402 16
15.887109 5.4287 -37.208412 12
14.929509 5.232 -37.232092 16
15.134209 5.8002 -36.551202 12
15.353009 6.219 -35.790902 11
15.745409 6.0763 -34.933192 16
15.379109 5.6289 -34.116062 1
14.994509 5.0307 -33.506912 8
14.413609 4.5985 -34.156972 12
14.484209 3.6534 -34.087062 15
13.824009 3.7273 -33.312052 5
12.824209 3.4418 -33.250582 16
12.577609 2.6669 -32.831672 7
13.155009 2.3491 -33.472172 8
12.285609 2.2795 -33.873612 1
12.967109 2.4281 -34.448022 8
13.565809 3.1638 -34.793032 15
13.790609 2.2866 -35.147012 15
14.353909 1.8103 -35.888902 1
13.710609 1.1521 -35.590432 5
13.722409 0.25523 -35.827132 7
13.427309 -0.66847 -35.906572 1
13.076209 -0.07382 -36.561052 1
13.120909 -0.11141 -37.535162 12
12.666709 -0.19514 -38.413902 14
12.812109 0.4085 -39.137502 1
12.046209 0.8881 -39.639962 16
11.187509 1.2246 -39.356172 9
10.437509 0.6069 -39.500222 1
10.524409 0.9189 -40.409552 1
11.347509 1.4746 -40.487252 13
11.394809 1.0198 -41.370952 12
12.263109 0.64 -41.205052 16
12.774509 1.4227 -41.543052 1
12.453009 2.3396 -41.791152 16
12.133509 2.4018 -40.815952 1
11.292909 2.7834 -40.378552 7
11.910009 3.0543 -39.656722 15
12.584109 3.5995 -40.016372 16
12.448009 4.3539 -40.535352 11
13.272109 4.4216 -40.092382 16
13.990809 3.8548 -39.929142 16
13.768409 2.9132 -39.696692 16
13.302409 2.0765 -39.957422 8
12.479309 2.1913 -39.538522 5
12.718809 2.9541 -39.004652 7
13.674009 3.0917 -38.633532 16
13.840109 2.4173 -37.960872 16
13.346409 2.9616 -37.355702 5
13.460209 3.8224 -36.839762 16
13.233609 4.1195 -35.933582 15
13.764409 4.8628 -36.394802 16
14.651809 4.7909 -36.045922 12
14.517909 4.1501 -36.711792 16
14.329909 3.733 -35.924032 15
14.406809 2.7646 -36.154392 15
15.033709 3.0567 -36.852772 16
15.552209 2.2837 -37.059042 1
16.518809 2.5332 -37.010442 11
17.429509 2.2039 -37.146082 12
16.889909 1.4641 -36.577752 1
16.836909 0.7184 -37.181262 1
16.848509 0.13356 -36.373842 16
17.532909 0.4509 -35.740492 11
17.585409 1.3981 -35.724762 1
17.824209 1.2806 -36.690192 1
18.246509 0.3961 -36.772332 7
17.802709 -0.5118 -36.833152 16
18.691309 -0.75871 -37.159242 1
19.257509 0.03063 -37.271462 1
20.021609 -0.32013 -37.755752 16
20.884209 -0.10598 -37.455232 7
20.915109 -1.01542 -37.786512 16
20.397809 -1.79551 -37.641422 12
20.142609 -1.71836 -36.704452 16
20.934809 -1.17791 -36.567852 1
21.732309 -1.80214 -36.366882 16
22.455809 -1.41214 -35.865472 11
23.358309 -1.24759 -35.813632 1
23.665309 -0.32991 -35.838042 5
