-19.443522 -2.248333 3.452415 14
-19.296222 -2.148933 4.359915 1
-19.197022 -1.199633 4.399215 4
-20.084022 -0.802433 4.233815 1
-20.964722 -0.918633 4.644915 1
-21.680622 -1.484033 4.467115 16
-22.044322 -1.150733 5.285315 2
-21.605022 -0.453733 5.817115 12
-22.131722 0.404267 5.699215 1
-21.353622 0.848167 5.311815 3
-21.723122 0.346667 4.605115 1
-21.538822 1.270867 4.471315 1
-21.360022 1.994167 5.117015 2
-20.547522 1.707467 4.700615 1
-20.227022 2.327767 5.315115 1
-20.804722 2.983567 4.993915 1
-20.125622 3.597567 5.115415 5
-20.058422 4.104167 4.319015 15
-20.057322 5.016467 4.034815 2
-19.944522 5.815167 4.474615 14
-19.508822 6.134267 3.687415 8
-19.826322 5.833167 2.858715 2
-19.318122 5.086067 2.821215 15
-18.888922 4.547967 3.470715 9
-18.004722 4.470867 3.897315 9
-17.491322 5.096167 4.597215 1
-18.366722 5.570067 4.818815 8
-17.736322 6.273367 5.129215 11
-17.026822 6.163167 5.697315 2
-16.873322 5.991167 4.770615 13
-16.135022 6.512667 4.448515 14
-16.561822 6.457167 3.540915 12
-17.043622 6.729467 2.665615 1
-16.034622 6.765567 2.663515 6
-16.231822 7.722267 2.815615 8
-15.275922 7.773667 2.463315 2
-14.395572 7.595667 2.300215 2
-14.134972 7.041467 1.593015 14
-15.035022 7.065767 1.288215 2
-15.564422 6.500467 1.862415 6
-14.817852 6.170267 2.319415 14
-15.637722 5.654567 2.696515 6
-14.801382 5.433767 3.181415 2
-14.313502 5.193767 2.321315 14
-13.376802 5.533267 2.306315 14
-12.656322 5.137467 2.763115 11
-12.392692 4.211867 2.945015 3
-12.845142 3.327667 3.070315 2
-13.443062 2.634067 3.422415 2
-13.809382 1.779767 3.438915 5
-14.809432 1.789767 3.206415 5
-15.313322 1.954267 4.075315 7
-15.372322 2.785467 3.588615 1
-15.633522 2.854167 2.682215 2
-15.107722 2.188567 2.203115 5
-15.863322 2.463067 1.645815 2
-16.452022 3.030067 1.090315 2
-16.527922 2.725967 0.242515 2
-17.288122 3.451067 0.100715 1
-18.146522 3.479467 0.495415 2
-18.315022 2.839667 -0.127685 8
-18.324322 2.194367 -0.854385 1
-19.274722 1.992467 -0.988185 9
-19.954622 2.674067 -1.091585 15
-19.846422 3.222967 -1.894485 14
-19.035922 3.297067 -2.494385 14
-18.661022 2.811067 -3.197585 2
-19.565022 2.730867 -3.397585 14
-20.163922 2.066067 -2.953585 1
-20.496422 1.130767 -2.953485 8
-19.655522 0.883767 -3.454985 2
-18.946022 0.770667 -2.833085 1
-18.629022 0.568167 -1.886985 9
-17.944522 0.477367 -2.517285 14
-17.162722 -0.114333 -2.759285 1
-16.918822 0.557967 -3.454785 1
-16.660822 -0.310933 -3.726285 11
-16.292522 0.152267 -4.500985 14
-15.991422 -0.625733 -5.009485 6
-15.861222 -1.420233 -4.391385 2
-15.403722 -1.526233 -3.586485 8
-14.767782 -0.777233 -3.671385 2
-14.097682 -0.777833 -4.438285 15
-13.902372 -1.522033 -5.052585 14
-13.935672 -2.076933 -5.843185 10
-13.852602 -2.567533 -4.985585 2
-13.517542 -2.858733 -4.117785 1
-13.376032 -2.240133 -3.344685 2
-14.240802 -1.911633 -3.301785 12
-14.629122 -2.362233 -2.508485 8
-15.187422 -1.566533 -2.413185 2
-14.665682 -0.816233 -2.542285 2
-14.322492 -0.515833 -1.669585 1
-13.726722 0.267567 -1.444885 3
-13.728062 0.484367 -2.386985 14
-13.138312 1.216167 -2.699785 1
-13.757692 1.388267 -3.436385 2
-14.633742 1.255067 -3.145085 1
-14.403892 2.133467 -2.875685 1
-13.716302 2.712267 -2.420385 1
-13.231502 3.405267 -1.996785 1
-13.632892 3.062367 -1.208685 1
-12.998372 2.744067 -0.543785 1
-13.891052 2.493767 -0.201985 1
-14.133642 3.363967 0.069015 7
-14.796432 3.710067 0.671815 2
-14.578342 4.429767 0.078615 14
-13.889332 4.699467 -0.510585 14
-12.933802 4.514067 -0.750485 2
-13.069472 5.019967 0.115215 14
-12.401592 4.371367 0.297415 5
-12.763522 4.294267 1.191915 14
-12.189592 3.525767 0.983215 2
-13.041072 3.106667 0.760715 14
-12.874482 3.253167 1.695815 11
-13.169652 2.518567 2.205015 5
-13.649952 3.425067 2.366015 14
-13.837172 3.561767 1.395415 14
-14.639922 3.003967 1.471715 2
-13.951452 2.388667 1.624415 5
-13.900092 1.667867 0.971615 2
-13.587792 0.868867 0.448015 15
-13.992432 0.029767 0.614015 8
-14.759602 0.611667 0.549315 1
-14.809732 1.017267 -0.272185 15
-15.054722 1.940667 -0.071485 2
-15.996822 1.802967 0.095215 2
-16.466922 1.716467 -0.721885 6
-16.748822 2.635667 -1.042385 9
-17.582522 2.691867 -1.412885 1
-17.684922 3.668767 -1.265885 8
-17.022422 4.375467 -1.023585 8
-16.116622 4.206367 -1.088785 2
-15.547422 3.407667 -1.349885 15
-15.401222 3.404167 -0.375685 2
-15.877622 3.768567 0.311015 2
-15.926922 4.591267 -0.127985 8
-15.225122 5.202067 -0.174385 14
-15.717022 5.990667 -0.130185 12
-16.524122 5.665367 0.185115 8
-16.619822 6.281367 0.953215 6
-16.304922 6.734367 0.091715 8
-15.735622 7.495867 -0.265285 9
-15.522922 8.316367 -0.731985 3
-16.051822 8.781567 -1.369685 1
-17.008622 8.744567 -1.316985 12
-17.893322 8.496967 -1.518385 2
-18.668422 9.061867 -1.754885 2
-19.141122 9.729467 -1.240485 2
-18.243822 10.120267 -1.297785 14
-18.043622 9.806567 -2.140085 2
-17.287122 9.630667 -2.794685 2
-16.730822 10.486467 -2.720585 1
-15.855222 10.363867 -3.110785 2
-15.142822 9.990767 -3.652885 1
-15.157222 9.453667 -2.883085 1
-15.214522 8.791967 -2.152185 5
-14.729652 9.308167 -1.585285 1
-13.916512 9.735167 -1.287285 6
-13.258522 9.514967 -1.959185 5
-13.035822 10.074567 -1.118885 2
-12.813112 10.609767 -0.275585 1
-13.040592 11.150367 0.491215 2
-13.171952 10.268967 0.764215 11
-12.859462 9.408167 0.378715 5
-12.910082 8.575867 -0.094685 15
-13.130162 7.795067 -0.626785 3
-12.703042 7.417867 0.217415 15
-12.563212 6.690967 0.870315 2
-13.224942 5.993567 0.721815 14
-13.404092 5.079767 1.037215 14
-14.266472 4.746367 1.207215 14
-15.252022 4.714167 1.207515 2
-15.869922 5.536467 1.242715 6
-15.025822 5.976267 0.998815 14
-14.337842 6.539567 0.615015 14
-14.400642 6.629067 -0.300385 2
-13.762662 5.925067 -0.571785 14
-13.320312 5.470467 -1.247185 2
-14.094652 5.742267 -1.785985 15
-14.827632 5.003867 -1.917685 5
-15.198822 5.825867 -2.383285 2
-15.911522 5.800567 -1.805785 8
-16.282522 6.430167 -1.127285 8
-15.718222 6.940467 -1.725485 9
-16.242522 7.024067 -2.523285 1
-16.321822 6.088767 -2.925785 8
-16.782022 6.280367 -3.797785 9
-17.342222 6.995167 -4.178385 2
-18.069722 6.398967 -4.467985 2
-17.583222 5.551867 -4.400485 1
-18.226822 4.895667 -4.569185 8
-18.859722 4.249167 -4.202885 2
-19.245222 3.749167 -3.461985 14
-19.953022 4.343467 -3.529185 14
-20.115122 5.243467 -4.009285 2
-20.758822 5.424367 -4.736985 1
-21.185022 5.401967 -5.592285 1
-21.859622 6.121667 -5.662985 14
-22.081822 5.520767 -6.401285 2
-21.240222 5.679667 -6.932185 1
-20.351422 6.211167 -7.113985 4
-20.542222 6.489867 -6.248085 2
-20.438622 7.085867 -5.525185 1
-21.121722 7.755767 -5.375285 7
-21.705622 8.434967 -4.904385 3
-21.658322 8.380567 -4.003985 3
-20.666022 8.475967 -4.085885 2
-20.001622 9.251967 -4.228585 2
-19.462522 8.677567 -4.751685 2
-19.877722 8.058167 -5.371385 10
-19.629622 7.900767 -6.350085 12
-18.851522 7.634967 -6.860285 1
-18.052822 7.127367 -7.130085 1
-17.172322 7.569167 -7.323285 3
-17.320822 8.085767 -6.514485 8
-17.789822 7.768967 -5.701085 6
-18.215522 7.417767 -4.863385 2
-18.443122 8.248167 -5.166785 14
-18.852522 8.054667 -4.299685 2
-19.420222 7.312567 -4.126785 2
-19.651322 6.410067 -4.118085 6
-18.937222 6.352967 -3.492585 2
-18.194822 5.706267 -3.353585 14
-17.778822 5.532167 -2.508185 8
-17.265722 5.046267 -3.170585 1
-17.705722 4.201067 -3.065085 3
-18.488322 4.281067 -2.610485 14
-18.640022 3.971567 -1.609985 8
-19.339722 3.741267 -1.008485 1
-19.448422 4.670367 -1.455285 14
-19.221222 4.913467 -0.590985 8
-19.146522 5.406367 0.234915 1
-19.906622 5.113467 0.764015 2
-19.572822 5.460967 1.558415 2
-19.359022 4.532567 1.801415 1
-18.634522 3.922867 1.925015 9
-19.361422 3.425267 1.449915 2
-20.123322 3.764267 1.894815 3
-20.018222 2.879367 2.231715 7
-19.232522 3.224867 2.624615 3
-19.065922 2.305167 2.993315 15
-19.497322 1.498067 3.413215 1
-18.762122 1.011867 3.837515 5
-18.581622 0.205167 3.355915 2
-19.166522 -0.148433 2.680315 12
-18.835722 0.592067 2.252015 14
-17.905222 0.958367 2.093815 8
-16.992322 1.176367 1.805815 2
-16.627222 1.939067 2.161915 2
-16.581622 1.928767 3.183015 11
-15.894722 1.443067 2.761115 3
-15.277122 1.275367 1.933615 5
-15.573222 1.693767 1.011215 2
-16.135722 1.005567 0.866415 2
-16.686222 0.207667 1.020915 14
-15.998322 -0.352433 1.489515 2
-16.868422 -0.976033 1.537715 4
-16.496222 -1.137333 0.693215 14
-16.097022 -0.451533 0.132215 3
-16.827222 -0.497133 -0.447985 1
-17.438722 -1.326333 -0.269485 1
-18.398922 -1.278133 -0.497485 2
-19.254422 -1.133833 -0.237985 14
-18.778222 -0.424733 0.231215 1
-19.017322 0.521067 0.168015 1
-18.330722 1.207367 0.223615 1
-17.610422 1.210767 0.876615 2
-18.410622 1.739767 1.027415 1
-17.909622 2.018867 1.825715 14
-17.393322 2.742467 1.431115 2
-17.836922 3.269567 2.108515 9
-17.596922 2.794567 2.923515 2
-17.616522 3.479867 3.560815 9
-16.887622 3.906567 3.114615 2
-17.067622 4.803167 3.001715 9
-16.441822 4.929567 2.305315 6
-15.981622 4.062967 2.495715 2
-16.564722 4.149167 1.651715 2
-17.535422 4.164967 1.733515 9
-18.148322 4.853267 1.995215 9
-18.194122 5.304567 2.823515 9
-17.476222 5.688667 2.414215 6
-17.477322 6.345667 1.668815 6
-18.349722 6.426167 1.208515 2
-17.934422 6.047567 0.451315 8
-18.121422 5.315067 1.065815 6
-18.070122 4.780067 0.213815 8
-17.079222 4.598467 0.480115 6
-17.313022 5.158667 -0.353185 8
-17.386322 5.465967 -1.287985 8
-16.713022 5.134767 -1.966685 8
-16.289322 4.434167 -2.479185 3
-15.937422 4.979067 -3.178985 3
-15.368822 4.185167 -3.149385 14
-14.951922 5.081567 -3.461785 2
-14.582062 4.313567 -4.049885 2
-15.184022 4.922967 -4.595685 8
-15.398222 5.783867 -5.025585 14
-15.614122 5.393167 -5.938785 2
-14.961122 5.332767 -6.805585 10
-13.988622 5.372367 -7.002985 3
-14.084572 6.354567 -6.846085 12
-14.348082 7.360367 -6.810085 2
-14.509852 8.135167 -6.177285 14
-15.393522 8.062567 -5.877985 1
-16.045122 7.290967 -5.816885 3
-16.600322 7.685067 -5.130285 12
-16.688622 8.232767 -4.275885 2
-16.253622 7.854767 -3.426785 3
-16.983922 8.442067 -3.326985 2
-17.729022 9.069367 -3.650385 2
-17.951922 9.930667 -4.031985 3
-18.375422 9.821967 -3.149985 2
-19.280022 10.182567 -3.477185 2
-19.369022 11.145967 -3.163185 1
-19.303622 11.919867 -3.754185 8
-18.841622 12.240667 -4.552085 1
-18.253222 11.757467 -5.195385 8
-18.608722 11.166467 -5.886085 14
-17.949122 10.339067 -5.938885 1
-17.116222 9.946867 -5.832685 2
-17.279022 9.132767 -5.215385 9
-18.008822 9.079167 -4.644485 2
-18.701822 9.671367 -4.964985 2
-18.762522 9.343667 -5.950785 1
-19.473422 9.735767 -6.461385 8
-19.380922 10.337967 -5.681485 9
-19.779722 11.240467 -6.026585 3
-20.588722 10.936467 -6.638885 1
-21.453222 10.555967 -6.895085 8
-21.627422 9.932967 -6.197385 1
-22.085522 9.887367 -5.322185 3
-22.080422 10.472767 -4.635685 3
-21.359522 10.916267 -4.271485 6
-20.624022 11.132067 -4.883685 14
-20.319922 10.982967 -3.959285 6
-20.327822 10.031067 -3.570585 6
-19.809722 9.348067 -3.160785 2
-19.115722 8.835367 -2.805985 2
-18.593322 8.212567 -3.348285 2
-19.213222 7.504567 -3.051485 2
-19.808122 7.089767 -2.354085 7
-20.245622 7.034467 -3.247885 1
-20.014822 6.148167 -2.972885 1
-19.993222 5.175067 -2.869485 14
-19.318022 5.323167 -2.212085 14
-18.618522 5.376767 -1.546385 8
-18.710322 6.145767 -2.267585 9
-18.305122 6.940467 -2.673885 2
-17.770722 7.722367 -2.945585 2
-17.386322 7.713667 -1.994185 2
-17.145722 7.104067 -1.325885 8
-16.452222 7.754067 -1.261585 9
-16.988922 8.036767 -0.507585 3
-17.533122 7.319567 -0.099985 8
-18.301722 7.897367 -0.025085 2
-18.520722 7.810867 0.885615 14
-18.893922 7.992367 1.854015 12
-19.755422 8.244767 2.240415 3
-20.669522 8.447067 2.093415 2
-20.932222 7.596567 2.487815 9
-21.123422 7.285567 1.626215 2
-20.266322 7.005167 1.370515 3
-20.089422 6.534167 0.588215 10
-19.818922 7.477667 0.502515 1
-19.612122 8.083967 -0.250685 2
-19.859322 8.819667 -0.878285 2
-20.176222 9.595867 -0.295485 1
-19.841422 8.952167 0.471315 1
-19.010922 9.308367 0.214515 2
-18.501722 10.060567 -0.170485 9
-19.226622 10.688067 -0.227585 1
-19.731222 11.307567 -0.745085 1
-20.386222 11.222667 -0.046685 3
-20.628922 10.555267 -0.744185 12
-20.227322 9.869267 -1.284885 2
-20.254322 10.228067 -2.172285 2
-21.016722 10.866167 -2.028885 6
-21.626422 10.435767 -1.406485 8
-22.178122 9.816867 -0.926885 8
-22.363622 9.814367 -1.912185 6
-23.086922 9.367367 -1.447685 14
-23.359822 8.970267 -0.633885 2
-23.281022 8.109367 -0.972385 8
-23.250122 8.390567 -1.901385 2
-23.090522 8.703767 -2.798685 3
-22.451522 9.198267 -3.246685 3
-21.720922 9.821167 -3.313285 6
-21.408222 9.836467 -2.445985 6
-21.090622 8.996467 -2.049685 1
-21.391222 8.652767 -1.133785 12
-22.296222 8.431767 -0.813185 1
-21.888522 7.709367 -1.119885 3
-21.176722 7.743267 -0.470185 3
-21.151322 7.754567 0.494315 1
-21.873922 7.226067 0.134015 14
-22.393322 7.660467 0.857715 2
-22.699522 6.964867 1.676415 1
-22.796122 6.510067 2.477215 4
-23.662322 6.042067 2.180715 2
-23.957222 5.142867 1.956015 2
-24.018322 5.563367 1.128315 8
-23.007322 5.444367 1.207715 14
-23.036522 4.840467 0.403315 2
-22.213522 4.661167 -0.128785 9
-21.872722 4.110867 0.571815 6
-22.172922 3.394767 -0.119085 2
-21.647722 2.606067 0.161515 2
-21.711822 2.041667 -0.597585 9
-20.729222 2.084167 -0.787585 9
-20.962722 3.074167 -1.030585 2
-20.374522 3.851967 -0.999185 3
-20.579222 3.873867 -1.928985 14
-20.665522 4.474267 -2.672985 14
-21.521822 4.309267 -2.354485 1
-21.333922 3.927667 -3.283485 2
-21.466022 4.221667 -4.244885 9
-22.444922 4.510267 -4.087385 2
-23.268822 4.265467 -3.726785 6
-23.230422 5.226667 -3.693785 8
-23.560022 6.162167 -3.865685 8
-22.648322 6.546067 -3.890985 1
-21.962622 7.197367 -3.893285 3
-21.936022 7.011967 -2.950385 3
-21.706822 7.731967 -2.427385 3
-21.218922 8.421767 -2.927485 10
-20.339922 8.744167 -2.796885 2
-19.751022 8.121767 -2.419685 2
-20.325022 7.909567 -1.655185 1
-19.366922 8.144667 -1.514685 2
-18.606622 7.738067 -1.078785 2
-18.246522 6.891967 -0.702885 8
-17.991522 6.299367 -1.399385 8
-18.507322 6.989467 -1.715085 2
-19.364222 6.901867 -1.293685 3
-19.736022 6.019467 -1.408785 14
-19.828522 5.992267 -0.432585 6
-20.751822 5.954167 -0.040985 3
-20.950922 5.611767 -0.977385 14
-21.767922 5.967367 -1.356685 3
-21.493122 5.200067 -1.828185 14
-22.137622 5.750367 -2.376785 2
-22.732022 5.935367 -1.616385 4
-22.606522 5.029367 -1.916985 8
-22.979922 4.155267 -2.250985 3
-23.815522 3.957567 -2.650285 6
-24.727122 3.985867 -2.563385 2
-25.654222 4.104467 -2.587985 2
-26.348122 4.069867 -1.893885 7
-25.808622 3.186567 -1.940685 2
-25.803222 3.164167 -0.885485 5
-26.486822 3.003167 -0.267885 7
-27.169722 3.690167 -0.233685 2
-26.675522 3.962667 0.488315 3
-25.783322 3.564667 0.667215 5
-25.893622 4.118767 -0.124685 1
-26.419422 4.505667 -0.805685 3
-26.002122 5.203667 -1.407985 3
-26.895522 5.397267 -1.049785 2
-27.773722 5.038867 -1.253585 1
-28.306422 4.565167 -2.009585 3
-28.125922 5.484367 -2.158085 6
-28.351622 6.468467 -2.165085 13
-27.974822 7.443967 -2.387285 10
-27.293722 7.675467 -1.742985 3
-27.289422 8.504367 -2.258385 1
-27.213122 9.257567 -2.918585 9
-27.897522 9.549067 -2.374185 1
-28.281822 10.437967 -2.389685 1
-28.082622 11.321667 -2.762385 9
-28.687122 11.462567 -2.009385 14
-28.975322 12.282167 -1.629785 1
-28.755222 12.999267 -1.055785 3
-28.265822 13.834467 -1.210085 8
-28.563322 14.700267 -0.760185 8
-29.398522 14.440867 -1.183285 3
-30.364422 14.223267 -1.347285 3
-30.264922 13.350267 -1.643885 9
-30.906522 12.843767 -1.150285 10
-31.623822 12.667367 -0.421685 13
-32.199222 13.359167 -0.103685 3
-32.931722 12.783167 0.311015 5
-33.097122 11.841567 0.294215 9
-33.631822 11.342467 -0.339585 10
-34.075222 12.260467 -0.194985 12
-33.780722 12.700667 -0.998285 9
-33.218022 12.666167 -1.819785 14
-33.877822 12.046267 -2.069985 2
-34.307422 11.774067 -2.851885 3
-34.821522 11.349267 -3.591485 2
-34.148222 10.732167 -3.839085 3
-34.493122 10.435467 -4.715185 1
-34.453822 9.608967 -4.314685 4
-35.064122 9.600267 -3.498785 3
-35.462822 10.292767 -3.940585 10
-36.337622 10.544067 -4.254885 1
-35.944022 11.481067 -4.422485 1
-36.319322 12.356167 -4.607385 6
-35.649222 12.473267 -5.339885 3
-35.093022 11.884667 -5.905785 7
-35.552522 12.170767 -6.767185 3
-35.475222 11.156267 -6.689585 2
-34.840722 11.600367 -7.297685 3
-35.615222 11.658367 -7.973585 1
-35.473522 12.173567 -8.783185 10
-34.917022 11.579167 -9.307885 1
-34.932622 11.885367 -10.236485 3
-34.563722 10.961267 -10.130585 8
-33.748622 10.993667 -9.631785 2
-34.014322 10.130067 -9.365885 6
-34.748422 9.527567 -9.591885 3
-34.273822 8.890267 -10.128485 9
-34.463722 8.218867 -9.533285 4
-33.752822 7.831567 -9.048785 9
-33.416322 6.916667 -9.189485 3
-33.245322 6.182267 -8.553085 12
-33.028022 5.763267 -9.466585 6
-32.101222 6.212767 -9.634785 3
-31.354222 5.722667 -9.308785 3
-30.811622 5.009767 -9.077485 9
-30.781722 4.025867 -9.127485 6
-30.604222 4.400267 -8.305385 13
-29.897022 4.985567 -7.847185 6
-30.229422 5.853767 -8.110185 8
-29.780322 6.370367 -7.365485 10
-28.883122 6.334667 -6.988785 5
-28.390122 7.153367 -6.993285 5
-29.070222 7.802867 -6.909085 3
-29.279222 7.626867 -7.890885 10
-28.599822 8.337867 -7.914985 5
-28.898522 9.260567 -7.833485 3
-28.561222 10.133967 -8.153385 14
-27.684722 9.932667 -8.637985 5
-26.890522 10.288867 -9.099085 9
-26.642722 10.685767 -9.943585 14
-25.845422 10.805867 -10.432985 8
-25.426222 11.497567 -9.821785 3
-24.488522 11.655967 -9.814685 9
-24.185422 11.926267 -8.980885 3
-24.736722 11.157267 -8.834685 3
-25.176522 10.321967 -8.995085 3
-25.084922 9.841067 -9.814385 9
-24.260622 9.649267 -10.258485 1
-24.212522 8.872167 -10.762685 1
-24.517122 8.043467 -10.374385 3
-24.921022 7.256367 -9.935285 1
-24.808022 6.745767 -9.164285 4
-23.909622 7.186567 -9.091285 9
-24.583422 7.387167 -8.364685 4
-24.394522 7.877167 -7.540185 1
-23.805522 8.606567 -7.807085 1
-24.627922 8.788467 -8.285885 1
-25.497122 9.388167 -8.536285 1
-25.624722 10.258567 -8.088685 3
-25.212022 11.175567 -7.928985 3
-26.123622 11.630867 -7.899085 3
-26.941222 12.240967 -7.889085 6
-26.775922 11.896267 -8.780185 3
-26.214722 12.110867 -9.511185 3
-26.834622 12.759367 -9.235685 15
-27.414222 13.180867 -8.569685 6
-28.339422 12.887267 -8.357585 10
-28.277222 13.856167 -8.363385 3
-28.331822 13.550867 -7.465085 6
-28.100422 12.722567 -7.034885 6
-28.366622 11.795767 -6.788685 13
-28.498422 11.679667 -7.772285 13
-29.227522 11.552267 -8.402385 3
-29.018222 11.090267 -9.325385 11
-28.140122 11.520267 -9.181885 12
-27.490322 10.976767 -8.596785 4
-26.663022 10.764667 -8.101985 3
-26.665622 9.992567 -7.522485 3
-26.385122 9.094667 -7.677685 4
-25.392822 8.902067 -7.586085 9
-25.265322 9.833067 -7.303385 3
-25.853722 9.716667 -6.612385 3
-26.278722 9.317767 -5.854885 9
-26.015422 8.348267 -5.997185 8
-26.169722 7.943567 -6.871985 1
-26.192322 7.009667 -7.093085 5
-26.271822 6.924967 -8.079985 9
-27.108822 6.644567 -8.254285 5
-26.647322 5.701367 -8.259285 8
-27.022222 5.903367 -7.396285 5
-27.866822 5.518767 -7.292685 1
-28.015622 6.339467 -7.803185 5
-28.651222 6.727667 -8.468285 10
-28.048922 6.990467 -9.222085 5
-27.547822 6.340567 -9.590385 2
-27.123322 7.157967 -10.008885 3
-26.536322 7.904767 -10.265885 6
-25.897722 8.638967 -10.065385 1
-25.199222 8.750867 -9.365185 3
-24.409022 9.296867 -9.219785 6
-23.764022 9.793267 -8.783985 1
-23.399522 10.458067 -8.206585 3
-23.075322 11.305167 -8.448385 3
-22.094722 11.386767 -8.316285 1
-22.412822 10.795267 -7.603585 10
-23.152622 9.906767 -7.120685 13
-24.049022 10.476667 -7.002285 3
-24.859622 11.009567 -7.068785 3
-25.418722 11.035367 -6.270985 3
-26.008522 11.377567 -5.562485 9
-25.302122 10.766967 -5.420885 3
-25.878022 10.885067 -4.656085 9
-26.388322 11.126267 -3.914785 9
-26.851422 10.308967 -4.291785 9
-27.720422 10.417567 -4.715885 9
-28.685522 10.274767 -4.561585 3
-29.449522 9.975567 -4.088985 3
-29.695522 10.464067 -3.290985 13
-30.655322 10.651467 -3.266885 1
-30.421122 10.407867 -2.394185 8
-31.377922 10.255467 -2.141285 3
-32.368522 10.169067 -2.240185 1
-32.240122 10.880167 -2.937085 1
-32.845622 10.413767 -3.518085 9
-32.215622 10.257267 -4.265085 1
-31.761722 10.720367 -5.139385 1
-31.056022 11.398667 -5.240085 4
-30.588822 10.559367 -5.304085 3
-30.421222 11.033367 -6.119785 6
-29.451122 10.734167 -6.148985 3
-28.550722 11.044667 -6.155885 4
-27.744522 11.478367 -5.938485 6
-27.597022 10.557667 -5.691585 9
-28.537222 10.007567 -5.575085 3
-29.005422 9.203067 -5.819185 3
-28.119322 8.991467 -5.582485 9
-28.263022 8.567167 -6.506885 3
-27.286822 8.626867 -6.473385 8
-27.619022 8.173567 -7.193685 5
-26.880722 7.916767 -7.732785 5
-26.403522 8.040467 -8.530085 3
-27.295622 7.964867 -8.807585 5
-28.286822 8.151167 -8.801085 5
-28.885622 8.878967 -9.029585 6
-29.461522 8.210367 -9.365285 3
-29.670022 7.432867 -8.901285 1
-30.174822 6.865767 -8.262285 11
-30.471722 7.844867 -8.317585 10
-30.088022 8.187367 -7.376485 3
-30.123322 8.232867 -6.411885 3
-30.223722 7.384567 -5.934385 8
-30.115122 7.593067 -5.034185 1
-29.436622 8.160167 -4.707085 3
-29.922822 8.449467 -3.961485 10
-30.489722 9.177167 -3.793485 15
-30.152022 9.238967 -4.630785 3
-29.802222 8.889667 -5.453185 3
-30.498922 9.267967 -6.040885 1
-29.664122 9.800667 -6.274285 3
-30.314422 10.070267 -6.904485 9
-30.821922 9.303167 -7.301885 14
-30.133822 9.374067 -7.972585 4
-29.515922 9.963167 -7.488485 12
-28.736922 9.955867 -6.979085 3
-27.914622 9.537967 -6.675785 4
-27.098122 9.815767 -6.223785 9
-26.877422 10.680767 -6.449085 9
-27.121622 11.059367 -7.281785 3
-26.577222 11.764467 -6.964785 3
-27.114722 12.578767 -6.655985 6
-26.479722 13.287967 -6.714085 6
-25.549522 12.952167 -6.668685 3
-26.194422 12.510667 -6.131785 13
-26.851522 12.317467 -5.373285 9
-27.020122 13.225967 -5.781185 6
-26.897222 14.120067 -6.026685 5
-26.791722 14.277567 -7.058485 6
-27.694622 14.377367 -7.401385 6
-27.492422 15.337767 -7.183985 1
-27.944122 15.333167 -8.034685 1
-26.972722 15.590067 -8.029585 9
-26.185922 15.980267 -8.269985 10
-25.429622 15.793967 -7.619685 9
-24.831622 15.458967 -8.284385 5
-24.361522 15.413867 -9.121185 13
-24.747922 14.640867 -9.677185 1
-24.616922 13.824667 -9.293185 3
-23.755022 13.435967 -9.204485 3
-23.287722 13.998067 -8.556485 5
-23.924922 13.474867 -8.080385 3
-24.851022 13.730667 -8.053385 3
-25.672222 14.155767 -7.780085 1
-25.195822 14.423767 -6.972485 1
-25.551722 15.243067 -6.591685 8
-26.084122 14.819767 -5.844085 5
-26.074522 15.612667 -5.230485 6
-26.756422 15.279767 -4.615485 3
-27.302022 16.079367 -4.899485 15
-27.751022 16.934067 -5.211985 3
-28.201522 16.035167 -5.187685 3
-28.421522 15.631067 -4.291085 4
-28.731122 15.428867 -3.395485 9
-27.853022 15.174267 -3.219485 3
-28.435022 14.674767 -2.600885 8
-27.568222 14.220767 -2.647185 6
-27.260022 13.976067 -1.686985 8
-27.417122 12.973467 -1.456685 3
-27.813722 12.865267 -2.341485 4
-28.494022 12.431967 -2.901285 4
-27.727622 12.156067 -3.373385 9
-27.045822 11.913667 -3.965185 9
-27.138222 12.855667 -4.192985 13
-26.561022 13.594367 -3.908885 3
-26.555722 13.921567 -4.839885 14
-26.233622 13.069867 -4.999285 9
-25.512022 12.548867 -5.353685 5
-24.994622 12.087367 -6.028285 3
-24.494422 12.922667 -6.108385 3
-24.848722 13.788967 -6.146585 9
-24.059622 13.872167 -6.631585 3
-23.406422 14.012467 -5.987085 1
-23.307022 13.383567 -5.291885 9
-23.190322 12.892767 -6.162585 13
-23.606822 12.579467 -6.983685 3
-24.351622 12.029567 -6.905685 3
-23.616422 11.407867 -6.820285 3
-23.116722 11.020667 -6.067685 3
-22.324222 11.401967 -5.551285 6
-21.439322 11.742167 -5.699785 15
-21.248022 11.876967 -4.728585 6
-21.596522 12.587067 -4.102085 6
-20.611822 12.634667 -4.302285 1
-20.769822 12.926867 -3.381285 6
-20.537522 13.582067 -4.001285 3
-21.027022 14.373467 -3.974985 10
-20.532222 15.198767 -4.097585 1
-20.443522 15.066667 -5.065985 1
-20.744022 14.231067 -5.430185 10
-20.185722 13.662167 -6.035285 9
-19.685222 13.636167 -5.236785 3
-18.779422 13.296567 -5.193985 5
-19.170722 13.314367 -6.104485 3
-18.626022 12.442967 -6.168085 8
-18.694622 11.915367 -6.995585 11
-19.421122 11.395167 -7.391885 5
-19.078122 10.818767 -8.056685 6
-19.833722 10.346367 -8.562485 10
-19.249422 9.699267 -9.013985 3
-18.534022 9.101567 -9.145585 9
-18.508522 8.147967 -9.014885 3
-18.879422 7.770267 -9.798185 5
-19.690522 7.301267 -9.801585 6
-19.585822 7.953067 -10.517885 13
-20.234622 7.851567 -11.170485 9
-20.538922 8.563867 -10.616385 3
-21.525322 8.293367 -10.575285 3
-21.606722 7.610967 -9.899585 1
-21.893422 7.863767 -9.030185 1
-20.950722 7.917067 -8.802985 4
-20.454222 7.315667 -8.268985 3
-20.433122 7.698667 -7.343185 1
-21.087922 7.586867 -6.606585 8
-21.507822 8.126467 -7.194185 1
-22.254222 8.624267 -6.822885 1
-22.505422 9.274367 -6.103885 9
-23.353122 8.972267 -6.549385 4
-24.095022 9.190867 -5.906385 3
-23.769022 10.061067 -5.947085 3
-24.259622 10.376967 -5.182685 3
-24.915422 10.212167 -4.494685 9
-24.260322 10.916767 -4.291985 9
-23.680522 10.132467 -4.172485 3
-23.212722 11.018567 -4.333785 6
-23.599322 11.262067 -5.168585 3
-24.505122 11.617267 -5.121085 3
-24.984322 11.978267 -4.424885 9
-24.935922 12.543967 -3.623885 10
-25.631722 12.679867 -2.888485 15
-25.917522 11.922967 -3.389585 9
-25.255022 11.714067 -2.662485 5
-24.389622 11.725767 -3.186485 3
-24.274922 12.123267 -2.321285 5
-23.494022 12.299867 -2.856785 6
-22.896522 13.075367 -2.759785 3
-22.800222 13.396267 -3.736585 5
-22.638622 12.438267 -3.602885 6
-23.292722 12.056967 -4.145485 6
-22.969222 12.086867 -5.128585 3
-22.254422 12.554567 -5.587185 1
-22.146222 12.991667 -6.488585 13
-22.431522 13.105767 -7.395685 1
-22.934422 12.379667 -7.745485 10
-23.826622 12.425967 -8.097685 3
-24.727222 12.211267 -7.818285 3
-25.495622 12.760867 -7.790485 3
-26.329522 13.156767 -8.063885 13
-26.749922 13.916767 -8.425785 6
-26.233722 13.885967 -9.228185 5
-25.702322 13.104267 -8.945385 3
-25.332722 12.575267 -9.613085 3
-26.070222 13.086767 -9.967285 9
-26.898322 13.617267 -9.982385 6
-26.645222 14.209767 -10.690085 14
-27.123922 13.898867 -11.473185 4
-27.909122 13.970467 -12.029085 3
-27.882722 13.076167 -11.670785 8
-28.695222 12.879067 -12.225985 3
-29.265222 13.440567 -11.682585 13
-29.090622 13.979567 -10.895185 4
-29.080422 14.294367 -9.978785 3
-29.822322 13.606867 -9.814985 11
-29.601622 13.562267 -8.861985 12
-29.808022 13.222367 -7.986185 4
-30.191122 13.491567 -7.067985 1
-29.264422 13.820967 -6.712585 1
-28.597622 13.564867 -6.074985 6
-29.044122 12.788967 -6.416385 1
-29.549522 13.164967 -5.648685 1
-28.868322 12.750467 -5.203485 6
-28.089522 12.308267 -4.848885 6
-28.215322 11.338067 -4.681485 9
-28.652222 11.322067 -3.755085 4
-28.469522 10.367567 -3.467285 9
-28.672022 9.434967 -3.570685 3
-28.355122 8.536967 -3.864285 10
-27.715022 8.740467 -4.555485 9
-28.482222 8.253967 -4.861485 3
-27.985522 7.922467 -5.599185 3
-27.476622 7.365867 -6.215885 5
-26.771122 6.761767 -6.299585 5
-26.010822 6.202367 -6.278385 15
-26.131322 5.261967 -6.539585 13
-25.805922 4.585467 -5.855585 1
-26.462622 4.183867 -5.291885 10
-27.399322 4.129567 -5.151085 5
-27.329022 4.859367 -4.450785 1
-26.432922 5.378667 -4.298485 3
-26.595122 5.945667 -5.036085 8
-26.955822 6.818767 -4.736585 3
-26.209622 7.248267 -5.101785 9
-25.260522 7.257067 -5.501985 3
-25.020322 7.440267 -4.579785 8
-25.663222 7.011067 -4.003585 3
-25.331722 7.257567 -3.168885 6
-26.106322 6.723667 -3.134485 13
-26.913522 6.356767 -3.328885 11
-26.963822 7.265167 -3.662085 3
-26.760022 8.171967 -3.896585 13
-26.667122 9.141367 -4.239385 9
-26.058122 9.544267 -4.858785 9
-25.143822 9.679767 -5.288985 3
-25.020822 8.697267 -5.471785 13
-25.228322 8.967367 -4.526985 3
-25.474622 9.009467 -3.622485 9
-24.672922 9.433967 -3.837985 3
-24.946922 10.162667 -3.262085 9
-24.797222 9.775267 -2.346785 10
-23.889022 9.749767 -2.739485 3
-23.114422 10.320667 -2.918885 6
-23.414222 10.779167 -2.024485 5
-22.629522 10.925067 -1.458185 6
-23.369922 10.648967 -0.854385 3
-24.303922 10.665367 -1.089985 5
-23.870722 11.470667 -1.427385 5
-22.996722 12.046167 -1.605285 15
-22.513422 11.664367 -2.340285 6
-22.067122 12.466767 -2.725885 4
-22.053322 11.644767 -3.250485 6
-22.246022 10.714367 -3.642585 6
-22.810922 9.991267 -4.013185 3
-23.032322 9.359267 -4.640285 3
-22.696722 8.599767 -4.154785 3
-22.830222 8.017567 -4.865985 8
-22.195922 7.308567 -4.878585 1
-22.670322 7.037867 -5.684585 10
-23.547222 7.524967 -5.408285 1
-24.058022 8.205667 -4.972585 3
-24.338922 8.494367 -4.092985 3
-24.152622 8.549667 -3.130985 1
-23.446522 8.019267 -3.581685 3
-23.479422 7.051767 -3.486785 10
-23.169122 7.413367 -2.640485 3
-24.157322 7.457667 -2.769785 1
-24.544422 7.254567 -1.911085 4
-25.415022 7.677267 -1.752485 1
-25.311622 8.648267 -1.539785 1
-25.847622 9.092467 -2.165485 3
-26.314422 9.758767 -2.785585 1
-26.865522 10.390367 -3.204585 9
-26.025322 10.782067 -3.066385 9
-25.633922 10.909167 -2.191685 5
-26.277122 10.747467 -1.475885 3
-25.761722 10.138767 -0.919685 6
-25.314322 10.972367 -0.700785 5
-25.187222 11.278567 0.259415 11
-25.122822 10.836467 1.133815 12
-24.160722 10.872067 1.360115 3
-23.309622 10.672167 0.974015 14
-22.509022 10.739467 1.452715 10
-21.941522 11.312467 1.850115 3
-22.116022 12.198067 2.171815 4
-22.548422 12.801767 2.822315 9
-23.475322 12.988567 2.414515 4
-23.538222 13.836967 2.039515 4
-24.456222 14.097167 2.312115 4
-23.938522 14.208367 3.155015 13
-24.610022 13.978067 3.821615 10
-24.908922 14.953667 3.700815 3
-25.831222 14.657367 3.643415 13
-26.541322 14.018267 4.075615 8
-27.347922 14.316167 3.551415 9
-27.926222 15.073667 3.814815 10
-28.596322 15.807267 3.897015 6
-28.991722 15.493467 3.076715 10
-28.788622 15.404267 2.136915 10
-28.483622 14.471367 2.466815 13
-28.539322 13.959367 3.326615 6
-29.139522 13.440867 2.829615 1
-28.784422 12.740767 3.419515 1
-28.050622 12.775967 2.824715 13
-27.497522 13.230867 3.476015 3
-27.189622 13.311567 2.595815 13
-26.406122 12.767667 2.840715 5
-25.688922 12.504867 2.285315 13
-25.156022 13.093767 2.854915 3
-24.427422 12.417067 2.677715 4
-24.242222 11.721167 3.256215 10
-23.681022 11.294867 2.489215 1
-23.056922 11.510367 1.775415 6
-23.469522 12.398167 1.502515 4
-24.298922 12.276367 0.993915 4
-24.691422 12.507167 0.137115 5
-24.326222 13.277367 0.603615 4
-23.511622 13.298167 1.084215 4
-22.935422 14.109967 0.981415 4
-22.634522 13.312467 0.600115 4
-21.881322 13.835967 0.070115 11
-21.459922 13.312867 0.829015 10
-21.514722 12.387867 1.322115 9
-22.398322 12.239167 1.101215 4
-22.536822 11.482867 0.491815 11
-22.013522 10.671867 0.458715 3
-21.243422 11.282167 0.495515 11
-21.379822 11.983967 -0.289485 8
-20.751422 12.675167 -0.015285 10
-20.528222 12.117767 0.744215 6
-19.888022 12.849767 0.483815 10
-19.194822 13.537067 0.276815 10
-18.647222 13.815767 -0.440385 5
-18.440522 14.496867 -1.048485 13
-18.440922 14.373867 -1.976985 6
-17.884322 15.254667 -2.124485 5
-17.578922 16.133167 -1.830285 10
-18.150522 16.958867 -1.700885 1
-17.991222 17.243467 -0.790485 13
-18.484722 16.415667 -0.582685 3
-19.067122 15.776767 -0.937585 6
-19.615622 15.097667 -0.494285 13
-20.020622 14.241067 -0.614285 10
-20.861422 13.808267 -0.885285 10
-21.437822 14.481267 -1.370685 1
-22.363722 14.629067 -1.419785 4
-22.683222 15.508967 -1.834185 1
-22.698922 15.717667 -0.895285 10
-22.632822 16.586367 -1.316185 12
-22.136722 16.709467 -0.463285 6
-22.662122 17.640667 -0.248885 1
-22.865322 18.527767 -0.513185 8
-23.051122 18.565067 -1.431385 4
-22.129922 18.393267 -1.791885 3
-21.354322 18.760667 -1.432285 1
-21.616122 19.666967 -1.530485 4
-20.644022 19.682167 -1.540585 13
-19.786722 19.477367 -1.417885 15
-19.538022 20.345467 -1.208485 9
-19.706822 20.233067 -2.224985 4
-18.792522 20.203467 -2.442285 9
-19.416222 20.384867 -3.236885 4
-20.046022 20.144267 -3.941385 11
-19.207622 19.846167 -4.237185 10
-19.333122 19.019567 -4.893885 4
-18.682322 18.884667 -5.561385 3
-18.944422 17.982267 -5.584785 15
-18.431622 17.132767 -5.811385 1
-17.738922 16.753167 -5.317785 4
-17.455222 16.919567 -6.294385 13
-17.790822 16.179667 -6.864385 5
-17.552222 16.042667 -7.756285 10
-16.902422 15.491367 -7.195285 3
-16.234322 15.750167 -6.509385 4
-16.263722 14.786067 -6.251485 2
-16.984922 14.380767 -5.675485 13
-16.166422 13.962267 -5.587685 13
-15.321222 13.869867 -5.163185 1
-15.895322 14.437067 -4.581185 1
-15.542722 14.797967 -3.689585 1
-14.981222 14.869567 -2.863385 10
-15.494322 15.141867 -2.125285 1
-15.674922 14.095267 -1.900185 4
-16.330822 14.327667 -1.216085 1
-17.273322 13.965967 -1.481085 1
-17.489622 13.036067 -1.354385 3
-18.325422 12.657767 -1.120985 9
-19.238522 13.037467 -1.406585 10
-19.847222 12.301267 -1.449685 10
-20.095922 12.390167 -2.358785 4
-20.425522 11.553667 -2.716285 6
-21.340822 11.690167 -2.536485 6
-21.666922 12.236467 -1.774985 1
-22.061322 13.128667 -1.745585 13
-22.372822 13.505267 -0.963085 10
-22.911022 12.994467 -0.408885 4
-23.828722 12.870367 -0.418685 4
-24.246822 12.489167 -1.176985 5
-25.130922 12.460267 -0.776585 5
-25.815322 12.927167 -0.379285 10
-26.668222 13.243067 -0.046685 11
-27.112022 12.797767 0.715515 13
-27.301122 13.654767 1.126915 13
-27.117322 14.301667 0.426715 8
-26.720822 15.009967 -0.101285 3
-27.350222 15.413767 -0.786285 8
-26.882122 16.153867 -1.255485 10
-26.528122 16.933967 -0.817585 4
-26.692422 17.266267 0.139415 3
-26.793122 18.111067 0.586015 9
-26.760622 19.082467 0.223115 5
-26.548422 19.669367 0.999015 11
-26.074922 19.977667 1.738815 4
-25.249322 19.517567 2.017215 10
-25.939622 18.799167 1.664815 11
-26.503822 19.240567 2.350715 4
-26.677822 18.713867 3.078315 4
-25.816122 18.247067 2.745415 1
-25.081322 18.057367 2.142915 13
-25.179922 17.692567 1.230915 6
-25.735222 17.074767 0.702315 15
-25.945722 16.734067 1.570715 6
-26.787622 16.650167 1.936915 9
-27.668522 16.350467 1.859215 10
-27.938622 15.510767 1.403215 13
-27.230522 15.673867 0.797215 8
-27.052322 14.866767 1.334415 6
-27.420522 14.478967 2.107215 13
-26.861022 15.280067 2.201615 5
-26.735722 15.944767 2.852115 10
-26.317022 16.450067 3.591115 12
-26.328222 17.358967 3.870815 4
-26.209322 17.599767 4.802915 4
-25.272622 17.955767 4.824915 13
-24.991522 18.033967 5.700715 10
-23.967522 17.761267 5.950515 1
-23.842322 18.709867 5.764115 3
-23.208822 19.118767 5.179815 3
-23.588722 18.942667 4.340515 1
-24.567022 19.099767 4.417015 10
-25.408822 19.295967 4.005815 4
-26.232122 19.611967 3.718115 4
-25.572822 19.875567 3.026115 1
-26.244622 20.571467 3.023115 1
-27.231822 20.788867 3.143815 4
-27.810622 20.998667 2.371715 3
-27.424322 20.117467 2.061815 4
-27.961922 20.031067 1.252815 1
-27.381922 20.393867 0.590615 15
-27.986222 21.135267 0.339915 1
-28.583822 20.365067 0.078215 1
-29.212422 20.263567 -0.665885 10
-29.177022 19.818567 -1.501085 9
-28.617022 20.602867 -1.748085 1
-28.089322 20.417567 -2.537985 13
-27.667022 21.308367 -2.634585 10
-26.711022 21.288767 -2.869885 6
-26.214222 20.525667 -3.283285 5
-25.868022 19.596367 -3.072685 11
-25.103622 19.239367 -2.561485 4
-25.909322 18.639667 -2.412285 10
-26.920422 18.887767 -2.326385 13
-26.627222 18.531967 -1.378085 6
-27.575922 18.539167 -1.547985 4
-28.113622 17.779967 -1.525685 10
-28.218722 17.372167 -0.692785 11
-28.262422 17.169767 0.290215 3
-28.394322 16.696767 1.123815 4
-29.157122 16.441067 1.662315 10
-30.064122 16.191067 1.364815 10
-30.232122 15.894367 0.426215 6
-30.657122 16.618067 0.077315 4
-30.142022 17.393167 0.274315 10
-29.458322 16.806367 0.020315 6
-29.712122 16.354667 -0.779085 4
-29.461522 15.466567 -0.606385 3
-28.858822 15.543767 0.197615 8
-29.214122 14.827367 0.729715 13
-29.000522 13.894667 0.539215 12
-28.091022 13.940567 0.281515 8
-28.170622 13.173567 0.872315 13
-28.282422 12.218467 0.804415 4
-28.617522 12.579867 1.598715 13
-29.463622 12.533367 1.996315 10
-29.390322 11.850567 2.679015 1
-29.145222 11.067567 3.158315 1
-29.023622 10.288267 2.664315 4
-28.094522 10.510967 2.326415 3
-27.392722 11.127567 1.851915 1
-26.778322 11.863067 1.568615 13
-26.165722 12.126167 0.817715 9
-25.987922 13.071967 0.722015 13
-25.993022 14.018467 0.703915 10
-25.124722 14.012467 1.207115 4
-24.897822 14.937467 1.256515 4
-24.166222 15.178267 1.883215 5
-24.129022 15.961267 2.604715 1
-24.089922 16.014667 3.627215 13
-23.592322 15.276367 3.280415 10
-22.773522 14.770167 3.338515 15
-21.891322 14.972967 3.032915 10
-20.943022 14.712367 3.306715 9
-20.714122 15.405867 2.566515 4
-20.175722 14.639867 2.253015 9
-20.068922 14.239267 1.350515 10
-21.143922 14.403067 1.479115 6
-20.928322 14.840567 0.655615 10
-21.687322 15.312367 0.960915 3
-22.450622 14.973967 0.510015 6
-23.405522 14.964967 0.384615 4
-24.316422 14.615367 0.155915 4
-24.347922 14.772167 -0.769185 11
-24.093722 13.854067 -0.950385 4
-24.359822 14.218867 -1.806485 10
-25.047122 13.655667 -1.543285 5
-25.785422 13.722967 -2.194485 9
-26.272322 12.933367 -1.853985 13
-26.104422 12.015167 -1.621485 5
-27.060422 11.857067 -1.741885 3
-27.521822 11.161067 -1.192685 1
-28.029022 11.770067 -0.627185 7
-27.518622 11.096267 -0.169285 13
-27.224122 10.158967 0.145815 4
-27.725922 9.598067 0.750515 5
-28.484122 9.147367 1.056815 10
-28.307822 8.357067 0.496715 8
-28.940322 8.037067 1.286015 4
-29.568222 8.732367 1.606915 12
-29.411822 9.286467 2.376515 1
-30.269622 8.914267 2.310315 1
-30.074822 9.020267 3.353115 10
-30.454222 8.320167 3.903815 3
-30.761922 8.849667 4.720915 10
-31.628522 9.319167 4.830315 4
-32.244522 8.483867 4.782415 6
-32.047122 8.640767 3.831715 1
-33.006322 8.568767 4.055215 1
-33.507422 7.758567 3.973215 4
-34.350022 7.346467 3.687615 6
-35.230422 7.536067 3.286515 4
-35.173022 8.501967 2.992615 1
-35.976222 8.777867 3.532115 10
-35.629822 8.405767 4.393115 13
-35.754022 7.979367 5.270215 11
-36.725822 7.844767 5.304015 10
-36.666622 7.814067 6.280115 14
-37.403622 7.204067 6.414015 13
-37.324022 7.332167 7.473015 3
-38.308322 7.404067 7.417615 4
-38.780922 6.866767 8.050615 10
-39.595422 7.262767 7.510015 11
-39.763322 7.818067 8.269015 13
-39.596022 8.662967 8.726815 4
-39.840822 8.454467 9.721915 8
-39.774622 9.360667 9.962515 4
-40.024722 9.888467 9.131015 13
-39.327922 10.245567 8.597715 10
-38.465422 10.233867 9.113815 9
-38.307122 11.068767 8.606315 4
-38.883222 10.880967 7.877415 13
-39.579922 11.328867 8.247315 10
-39.718422 12.296867 8.126315 5
-39.413022 11.886867 7.328815 4
-39.188522 11.480067 6.522315 15
-38.269422 11.202367 6.325815 6
-37.604422 11.798467 6.053215 4
-37.189522 12.407567 5.425615 5
-37.787022 13.093767 5.166415 10
-37.225322 13.784167 4.742715 6
-36.661322 13.195467 4.178015 9
-36.866722 13.939967 3.670715 10
-36.510122 14.749767 4.147315 4
-35.511022 15.029667 4.137815 10
-35.922522 15.616167 3.524515 7
-36.830622 15.685567 3.823215 13
-37.402122 16.408367 3.780515 4
-37.573022 17.346967 4.031815 4
-36.870522 17.360667 4.770615 8
-36.712322 16.381667 4.661115 1
-35.746322 16.730667 4.336515 5
-35.764922 17.337867 3.662115 10
-35.176022 17.822767 3.125815 1
-34.906122 16.887667 3.247015 10
-33.976722 16.938067 3.429715 1
-33.086022 16.905767 3.734515 1
-33.360422 17.810567 3.922715 3
-32.506722 18.159867 4.244215 13
-32.459922 17.566167 5.004515 13
-32.334622 16.734867 4.548215 4
-31.739122 16.115067 4.993715 11
-30.936522 16.030267 5.596215 4
-30.218322 15.450367 5.227615 6
-29.876022 14.792667 4.625515 6
-30.501522 14.063567 4.500615 4
-31.460522 13.956367 4.642115 14
-31.418222 13.408067 3.885915 11
-31.315222 13.997467 3.107415 4
-30.887022 13.339067 2.618515 10
-30.055622 13.487367 2.106915 12
-29.226522 13.905967 1.770715 13
-29.651922 14.764267 2.031715 3
-30.600722 15.049567 2.053815 10
-30.350522 14.465167 2.811715 1
-31.185722 15.011467 2.973215 1
-31.881422 14.624667 2.419015 4
-31.672822 15.488267 2.064115 5
-30.902922 16.083267 1.935215 10
-31.542122 16.187167 1.168215 4
-30.865722 16.945567 1.348015 10
-30.720922 17.775367 1.672515 10
-30.753822 18.555767 1.116315 5
-31.285822 18.753267 1.844215 9
-31.714522 19.120567 1.080915 3
-32.513822 19.473967 1.545215 15
-32.523822 18.547567 1.723315 10
-32.246422 18.904867 2.552515 4
-31.968322 18.908967 3.500415 5
-31.379322 18.905867 4.273715 13
-31.381122 19.647767 4.882815 13
-31.602222 20.434067 4.190615 15
-30.725522 20.641167 3.888115 10
-29.765822 20.523167 4.229215 9
-29.455922 19.875267 4.927715 13
-28.686322 19.365867 4.910015 4
-27.744422 19.540667 4.797615 4
-27.092622 19.358867 5.519515 6
-26.527222 19.638367 4.836615 4
-26.008022 20.204867 5.367615 13
-26.203322 20.640367 4.480215 10
-26.310522 21.496567 4.828315 1
-26.352722 22.433567 4.858415 9
-27.437922 22.534767 4.832015 1
-28.282122 22.950067 5.171215 11
-27.954222 22.257467 5.773115 10
-27.751222 21.334267 5.550215 8
-27.639922 20.580067 5.104715 4
-27.595622 21.101467 4.337715 4
-28.194122 21.759267 4.606515 13
-28.816422 21.370267 4.050515 4
-29.710722 21.487467 3.705715 6
-29.890322 21.260967 2.774015 7
-30.111222 21.375867 1.815115 10
-30.791022 22.223467 1.785415 5
-30.242522 23.035867 2.123815 10
-29.447522 22.586267 2.403615 8
-29.344922 22.331467 1.484715 3
-29.295622 22.045567 0.614715 4
-29.281722 23.065667 0.619215 6
-29.257322 23.615767 -0.151085 10
-29.937322 23.937567 -0.760085 4
-30.887922 24.147867 -0.788285 1
-30.732522 24.781267 -0.118485 1
-31.602022 25.085167 -0.035285 1
-32.293222 24.417667 -0.259485 6
-32.602422 25.302667 -0.534485 10
-33.375122 24.900567 -0.137485 4
-34.046022 24.312067 -0.311585 1
-34.517722 24.144667 0.519715 13
-35.095522 23.600467 1.108115 1
-34.465622 23.926567 1.807715 10
-33.604922 23.575167 2.014915 10
-34.383622 22.969167 2.166615 12
-34.339822 22.010567 1.946115 13
-33.771522 22.461467 1.253115 10
-34.661322 22.459667 0.888015 15
-34.999022 21.432167 1.265915 15
-35.972722 21.041067 1.212915 4
-36.753822 20.742267 0.815415 14
-37.162922 20.389467 0.046915 5
-36.593722 19.723267 -0.376585 4
-37.127822 19.067467 0.019815 10
-36.488522 18.449067 0.358615 13
-36.328522 17.729967 -0.285885 3
-37.084822 17.318167 0.214315 5
-37.532622 17.068267 1.065615 4
-37.017122 17.517267 1.848915 13
-36.566922 17.358467 2.671815 10
-35.985322 17.356467 1.884315 4
-35.691722 18.263467 1.929415 1
-35.393322 19.189267 1.707615 11
-35.387322 19.717367 0.901815 4
-34.433422 19.840667 0.587215 10
-34.382622 19.582767 1.535715 9
-33.725522 19.005967 1.197815 10
-33.431622 19.928367 1.175815 13
-33.503822 19.605067 0.179715 6
-33.313222 19.259367 -0.689485 4
-33.967522 18.645667 -0.271885 7
-34.434522 17.923667 0.167815 1
-33.980922 17.068867 0.354415 3
-33.686122 16.767667 1.199815 4
-32.809722 16.395367 1.519715 9
-32.077022 16.602667 2.174015 8
-32.552622 17.186267 2.760715 8
-31.834622 17.802167 2.947215 10
-31.127122 17.960967 3.547415 13
-30.489122 17.942967 2.812515 10
-29.840322 17.999867 2.159915 10
-29.719322 18.754167 2.726215 6
-30.366122 19.043267 3.352315 13
-30.068822 19.753167 2.696515 7
-29.344922 19.785867 1.973715 11
-28.504422 19.783467 2.541315 9
-28.181422 20.312667 3.286215 4
-28.232622 19.488367 3.826615 4
-29.134322 19.714767 3.386615 5
-29.402922 19.000267 4.022415 13
-28.821422 18.654467 3.320115 10
-27.844422 18.695167 3.290015 4
-27.608522 18.999167 2.357915 1
-27.359022 18.954667 1.418515 1
-27.990522 18.195367 1.526615 1
-28.953122 17.979367 1.461115 5
-28.944222 17.350367 2.168515 10
-28.480022 18.076767 2.580015 1
-28.335622 17.388867 3.269215 10
-28.195522 17.452867 4.195515 4
-28.134422 17.716567 5.093715 4
-28.301422 17.715767 6.018915 3
-28.930422 17.003867 5.963315 1
-29.553022 17.412067 5.351715 5
-30.433422 17.856467 5.220115 13
-30.779422 17.129467 5.690815 4
-30.365622 16.660067 5.016615 6
-30.539822 17.299067 4.275615 13
-30.444822 17.089567 3.324815 10
-31.273722 16.714967 3.486715 7
-30.731622 16.129967 2.923915 10
-30.210222 16.139167 3.760215 6
-29.557022 16.484367 3.137415 10
-29.361622 17.038767 3.938815 6
-29.313022 17.903167 4.353215 13
-28.938422 18.343467 5.133515 4
-29.830122 18.797867 5.120015 13
-30.856022 18.749767 5.186315 13
-31.295522 18.145767 5.806015 13
-31.735822 17.376667 6.093515 4
-32.204222 16.630867 6.609015 4
-32.849622 16.343967 6.011615 9
-33.694622 16.066967 6.486115 15
-33.453322 16.616267 7.317115 4
-34.163622 16.721767 8.130415 10
-33.672322 16.129267 8.698515 9
-33.108122 15.382467 8.471315 10
-32.734422 16.109867 7.990615 4
-32.030722 15.470067 7.999315 5
-31.732422 16.174467 7.442215 4
-31.625822 16.614467 8.239915 4
-31.452522 17.073967 9.033915 6
-31.787222 17.969467 8.757115 10
-32.084622 18.123767 7.851715 4
-32.203022 19.094667 8.224415 10
-33.128522 18.785767 8.274915 11
-33.292722 18.431667 9.148215 3
-32.697122 19.020567 9.597615 10
-32.173322 18.232167 9.790415 1
-31.679222 18.680367 10.398315 10
-31.994722 18.068167 11.061615 1
-32.655422 18.400867 11.592115 7
-32.963522 19.264567 11.422615 1
-32.230122 19.652967 10.986915 11
-32.003122 19.757967 10.033115 10
-31.281922 20.045467 9.415215 10
-30.631222 19.388267 9.334515 10
-30.190822 18.597767 9.194015 12
-30.702622 18.534067 9.954915 10
-29.869122 17.977567 10.031915 4
-29.910222 18.760467 10.569515 10
-29.724122 18.319867 11.402515 8
-29.584922 17.644767 12.089715 4
-29.938622 18.222467 12.734215 13
-30.539522 18.459767 13.433415 10
-30.764722 17.821567 14.131815 4
-31.646922 18.139967 13.747215 4
-32.261922 18.067867 13.042815 7
-32.539222 17.318367 12.501215 13
-33.276022 17.649867 12.982215 7
-33.939722 17.403467 12.318315 5
-34.305822 18.162867 12.817115 1
-34.666722 18.748167 12.196215 7
-34.548222 18.754067 11.190615 3
-34.757022 19.718267 11.444915 10
-35.108022 19.862667 10.554615 1
-35.218222 20.538967 9.829915 1
-34.335022 20.705467 9.371315 9
-34.892222 21.189267 8.663315 9
-35.617522 20.719967 8.358815 7
-36.194422 21.399567 8.045815 10
-35.391022 21.379367 7.552015 1
-35.862922 20.607267 7.176715 4
-35.141622 20.722067 6.567215 5
-34.533322 21.474867 6.617515 13
-34.962722 22.310167 6.537615 10
-34.575122 21.938267 5.685715 4
-34.014022 21.128967 5.715615 6
-33.675222 20.288167 5.281815 12
-34.001222 19.517167 5.796815 3
-34.044922 19.996667 6.722515 11
-33.147822 20.193367 6.912515 11
-32.232522 19.946967 6.609515 10
-32.583422 19.430167 5.901215 13
-32.422222 20.083367 5.172115 4
-31.908422 20.804867 5.490615 5
-31.073422 21.340467 5.617715 15
-30.308922 20.881067 5.172515 13
-29.586222 21.492967 5.066315 10
-28.872522 20.747067 5.350915 4
-28.419522 20.800067 6.282915 10
-29.280622 21.315767 6.202315 15
-29.275622 20.295567 6.191915 4
-29.585822 19.341167 5.945415 13
-28.839222 18.911867 6.257815 4
-28.696222 19.110767 7.227815 8
-27.971022 19.360467 7.776015 10
-27.578022 19.985667 7.276815 1
-26.969422 20.446367 7.946615 10
-26.410422 19.695167 7.541615 3
-26.066822 19.693467 6.670615 1
-27.013822 20.118067 6.473715 10
-27.489022 19.310267 6.471715 4
-27.064722 18.545767 6.231615 7
-26.822222 17.912167 5.593715 1
-27.148522 18.354667 4.871015 4
-27.198422 17.977967 3.964215 4
-27.190022 17.715367 3.006015 1
-27.469522 16.782567 2.813515 10
-27.806822 16.445367 3.613615 10
-27.523522 15.825067 4.267515 5
-26.758022 16.138467 4.774315 4
-26.303122 16.090167 5.613415 10
-26.899022 16.786767 5.849915 4
-27.814922 16.466467 5.734215 10
-28.632122 16.208967 5.288115 6
-28.792522 15.276567 5.342715 6
-28.233722 14.549067 5.560515 5
-28.428422 13.708167 5.986315 10
-29.235822 13.511567 6.464215 9
-29.165022 13.666467 7.451415 7
-29.943922 13.978167 8.040615 10
-29.054722 14.341467 8.478115 4
-28.500222 15.043567 8.827215 7
-29.243922 15.629867 9.124315 1
-29.054722 15.877067 10.090615 4
-28.613222 16.332067 10.859015 1
-27.678522 16.630367 10.938215 3
-27.895522 16.716267 9.998115 13
-27.386822 15.969067 9.663215 9
-26.514122 16.031067 9.209615 10
-27.183422 15.829167 8.546815 7
-27.908922 16.227967 8.065815 1
-28.651522 16.611967 7.557415 1
-29.113022 17.246667 7.024215 1
-29.841122 17.511867 6.324715 13
-30.642922 17.682667 6.665715 4
-31.237322 18.474067 6.769515 13
-31.552722 19.179867 7.326115 10
-32.482622 18.888467 7.115415 11
-32.385422 17.938867 6.941715 4
-32.183622 18.553667 6.235915 13
-33.022422 18.187867 5.854815 7
-33.718522 17.631367 5.570615 8
-34.644122 17.671267 5.677415 10
-34.183822 17.604567 6.504815 8
-33.484622 18.232067 6.749515 11
-34.023022 18.126167 7.494215 11
-34.025922 17.977067 8.499515 10
-33.191822 17.599867 8.121815 4
-32.557422 17.221067 8.703015 4
-32.649722 16.301967 8.978915 10
-32.259322 15.408967 9.104315 3
-31.531122 15.087167 9.640115 4
-31.849722 14.478567 8.896615 6
-32.663622 14.026367 8.959615 5
-32.646622 13.393767 8.208215 4
-32.010322 13.546667 7.497715 13
-31.178522 14.159867 7.580315 10
-30.370122 14.592367 7.230715 6
-30.318822 14.970867 6.336515 1
-31.092322 15.439967 6.693315 4
-30.781722 15.591767 7.597015 7
-30.736522 16.551167 7.697715 4
-30.353922 16.276867 8.580015 5
-30.066522 17.204767 8.430415 5
-30.867122 17.673267 8.093915 4
-30.912922 18.574967 8.447015 10
-30.592022 18.841767 7.544815 1
-30.160022 19.434767 8.181515 10
-29.624222 20.155567 7.865415 10
-29.611122 20.760567 7.157315 15
-30.284522 21.399767 7.520915 15
-30.909922 20.692367 7.823715 10
-30.812922 19.911667 7.394015 10
-30.610022 19.519467 6.546215 13
-30.248022 20.414867 6.208715 15
-31.206422 20.291467 6.181715 13
-31.637322 20.848167 6.896015 10
-32.494522 21.052967 7.199515 10
-33.131722 21.590267 7.769315 9
-33.600722 21.260867 8.665215 9
-33.182322 20.554067 9.261115 10
-32.967922 19.991567 9.977915 10
-33.625322 20.061067 10.753115 7
-34.081522 19.579467 10.043415 12
-34.757522 19.106467 9.689115 3
-35.721922 19.028967 9.579915 7
-35.998722 19.929367 9.820915 4
-36.262722 20.841267 9.903115 10
-36.494322 21.503267 9.199115 1
-36.947422 22.367267 9.392915 1
-37.652522 22.156267 8.822015 7
-37.867322 21.706967 7.903015 7
-37.535022 21.219067 7.171115 4
-37.453322 20.602667 6.407015 4
-36.617422 20.061067 6.305715 12
-36.125822 19.467767 5.817315 1
-35.272522 19.339567 5.423815 10
-35.339522 19.447167 6.415915 1
-34.636222 18.823267 6.617615 14
-34.790022 19.425967 7.370315 11
-34.466222 19.266967 8.250115 13
-33.773722 19.921867 8.323315 11
-32.936522 20.231767 8.059515 10
-32.493522 20.936867 8.504715 10
-32.718122 21.666767 9.125215 4
-33.396622 22.347467 8.797015 9
-33.080922 23.153967 9.144515 7
-33.489622 23.488067 9.985615 6
-32.795822 24.186667 9.671415 7
-32.714322 23.985867 10.607815 7
-33.292822 24.157567 11.390715 4
-33.260822 23.187767 11.243215 13
-33.861522 22.787967 11.856815 12
-34.294222 21.889367 12.127615 7
-34.214322 20.962667 12.462715 14
-33.623122 21.619467 12.938815 10
-33.367422 20.788867 13.380715 4
-32.825122 20.433167 12.607915 12
-32.048422 20.227667 13.172815 12
-31.291422 20.295267 12.666015 7
-30.910922 21.154367 12.449515 12
-31.155922 21.197667 11.469515 13
-31.919422 20.597267 11.440815 4
-31.445822 20.480567 10.546715 10
-31.781122 21.351667 10.494515 10
-32.082022 22.174367 10.131915 7
-32.845522 22.373867 10.635215 4
-32.335522 23.026967 11.129015 7
-31.620722 22.358567 11.030215 1
-30.812922 22.782167 10.474415 7
-30.589422 21.887067 10.491715 10
-29.720722 21.992267 10.851715 1
-29.373622 21.158567 11.251315 1
-30.133622 20.903967 10.647015 7
-30.200822 20.214367 9.883215 10
-29.820522 21.055667 9.506515 10
-28.927422 20.926167 9.115715 7
-29.648622 21.136667 8.379715 10
-29.023322 21.886767 8.336415 3
-28.366122 22.543567 8.570215 1
-28.223522 23.483367 8.429515 4
-27.766022 23.779467 7.586015 1
-28.202022 22.974067 7.401215 10
-28.651322 22.651067 6.559415 11
-29.562722 22.316467 6.272415 15
-29.991422 22.626267 5.427515 1
-29.618622 23.484667 5.119815 4
-29.191322 24.363067 5.013015 14
-29.631722 24.102067 5.856415 11
-30.618022 24.420867 6.015715 1
-31.421822 24.985867 5.912815 10
-32.268222 25.039867 5.469215 12
-32.047622 24.152267 5.212415 7
-31.386822 23.542567 5.376915 4
-31.906322 23.069467 6.110315 5
-32.876222 22.851067 6.297415 9
-32.933022 23.857867 6.203415 7
-33.525422 23.543767 6.913015 13
-34.232622 23.736367 7.485915 14
-33.757622 22.941367 7.795215 9
-32.801622 23.195167 7.979615 7
-32.081122 22.538567 8.127415 10
-32.109222 22.548667 9.067915 7
-31.636022 21.623567 9.031015 10
-31.502422 20.739767 8.683215 10
-30.739422 21.353967 8.567515 10
-30.446522 22.204867 8.949915 14
-30.278422 23.186467 9.202615 12
-31.239522 23.234367 9.372615 7
-31.195622 23.182967 8.386415 7
-30.823622 22.303867 8.063115 10
-30.344822 22.377467 7.163615 15
-29.631022 23.038467 7.048115 1
-30.400322 23.526867 7.588115 4
-31.268722 23.527467 7.108615 1
-31.163822 24.372867 7.619215 7
-31.156622 25.321567 7.295515 4
-30.300422 25.818867 6.974515 10
-29.868822 25.930867 6.173915 7
-29.452122 25.692767 5.323215 12
-29.842622 25.231467 4.561715 7
-30.455022 25.956067 4.547115 1
-30.409522 26.871167 4.368515 10
-30.143822 27.532367 3.783815 1
-29.212722 27.619167 3.848015 1
-28.308722 27.443267 4.010015 13
-27.941822 27.638467 3.176415 1
-27.677522 28.407867 3.799415 12
-27.670022 28.947867 4.548915 11
-26.806722 28.893767 5.032815 4
-26.415322 28.270567 4.239315 7
-25.671122 27.884267 4.662615 10
-25.163322 27.532667 3.866515 4
-24.602722 28.306667 4.135215 7
-23.760022 27.884567 4.331515 6
-23.836722 26.922367 4.472815 10
-24.766922 26.757067 4.631915 12
-24.509422 26.672067 3.674915 10
-24.520222 25.738167 3.374415 1
-24.152122 25.741767 4.248615 8
-23.503322 25.943367 4.959215 7
-22.896122 25.178367 5.026615 11
-22.815522 24.222867 4.741715 13
-22.819222 23.282967 4.522815 7
-22.980722 22.793967 5.312715 15
-22.279422 22.783267 5.899015 11
-22.430222 23.645067 6.371515 10
-23.080922 24.291967 6.048815 9
-22.120922 24.609267 6.027315 7
-22.515722 25.233767 6.665015 10
-22.077322 24.716367 7.369515 14
-21.862022 24.312267 8.203215 1
-22.003322 23.442767 7.881515 13
-21.964122 23.478167 8.856315 10
-21.708922 24.089367 9.520715 1
-21.355922 24.864567 10.032915 7
-22.106022 25.474067 9.966115 5
-22.855222 25.028467 10.397615 4
-22.357222 25.616867 10.971315 6
-23.015522 26.166367 10.565715 16
-23.535522 26.248767 9.789215 1
-24.461122 25.979767 9.951315 1
-24.923022 25.697767 9.149715 7
-25.546722 26.003967 8.522315 1
-26.353422 25.586867 8.229615 1
-27.058822 26.249967 8.591715 10
-27.127622 25.422067 9.106015 7
-27.815622 24.751767 9.177815 1
-28.619122 24.552267 8.692815 7
-28.702922 25.458467 8.406515 10
-28.640422 26.075267 9.220115 10
-28.949122 25.674967 9.997515 4
-29.880922 25.496267 10.077315 10
-30.585222 24.922767 9.716915 7
-30.718022 25.324267 8.841715 7
-29.996322 25.036067 8.157915 10
-29.997222 24.254067 8.837515 7
-29.295422 23.545367 8.505315 14
-29.297222 24.226267 7.673915 14
-29.203522 24.444867 6.693915 11
-28.361422 24.522167 7.081815 10
-27.639122 24.121567 6.606615 11
-27.774522 24.397367 5.717915 11
-28.286622 25.231567 6.000315 4
-27.627622 25.448867 6.716415 1
-28.222322 25.633667 7.404115 10
-27.639222 26.389067 7.191215 10
-27.258522 27.326767 7.261115 12
-27.635722 27.132067 6.333815 7
-28.510022 26.589467 6.412915 4
-28.766122 26.636167 7.359615 10
-29.218122 26.551767 8.202515 10
-29.255522 27.572367 8.383915 1
-29.230222 27.903367 9.311115 12
-28.414122 28.380267 9.475415 13
-28.410222 27.511067 9.886515 9
-28.046922 27.974167 10.605315 1
-28.863022 28.494467 10.817615 12
-28.919722 29.354367 10.252515 7
-29.520722 29.270367 10.943715 12
-30.359622 28.895967 11.094915 12
-30.377822 27.914067 11.048715 7
-30.163522 26.991667 10.951315 4
-30.394722 26.725667 11.845615 1
-31.151422 27.114167 12.317415 15
-31.769922 26.968367 11.596715 15
-32.301422 26.990767 10.799415 1
-32.258722 26.142867 10.294415 7
-32.542522 25.973067 9.398015 7
-33.215922 25.952067 10.023315 7
-33.260922 26.303767 10.887715 1
-32.914722 25.442167 11.084215 7
-32.303622 25.707167 11.739815 15
-31.707422 26.071867 11.098015 15
-31.257022 26.410267 10.295815 7
-30.872222 26.359467 9.398915 7
-29.973922 26.674867 9.437415 10
-30.058822 27.496167 9.962115 12
-31.035722 27.567767 10.091415 7
-30.973322 28.548367 10.083115 12
-31.255922 29.403067 9.604715 12
-31.510022 30.090167 8.890215 1
-31.681222 29.914067 7.993215 10
-30.757322 29.551167 7.940815 7
-31.161822 29.052967 7.169915 16
-31.994922 29.114367 6.724015 7
-32.465122 29.848467 7.186515 10
-33.334622 30.360667 6.946915 3
-32.736922 31.080467 6.565115 1
-33.101922 31.751867 7.369915 1
-32.717222 31.171167 8.000315 1
-32.325322 31.008767 8.895415 11
-31.536422 31.576067 8.821415 1
-31.269422 31.057267 9.589015 9
-31.043022 30.363667 10.241215 12
-31.962322 30.261967 10.197115 12
-32.464122 29.929167 9.499315 1
-32.631322 29.979767 8.491415 7
-33.496322 29.941367 8.252915 5
-33.941922 29.355167 7.631515 15
-34.145622 28.445467 7.948615 4
-33.718622 28.067767 8.733415 16
-33.250022 27.281967 8.748615 7
-32.526322 26.610367 8.691615 7
-31.744322 26.019467 8.755315 7
-30.999422 26.026767 8.125715 15
-30.150922 26.401467 8.035615 10
-30.304322 26.958367 7.181815 7
-30.027322 27.562067 6.452615 1
-29.212622 27.635867 5.906615 4
-28.825922 28.532567 6.261915 1
-28.516822 29.257267 6.733215 1
-28.000122 29.165267 7.641415 1
-27.541922 28.325467 7.694215 7
-26.680722 28.767267 7.737915 10
-26.847722 29.152267 8.670215 15
-26.369522 29.798367 8.167415 1
-25.876522 30.362367 7.530215 1
-26.194222 31.072467 6.945715 7
-26.946122 31.569367 6.646615 1
-26.760622 32.507567 6.815715 1
-26.946222 33.039167 6.019415 1
-27.507022 32.749667 5.287215 11
-28.245222 33.163067 5.741315 10
-28.796222 32.427667 5.483215 12
-28.516222 31.921867 6.307615 15
-28.805222 31.977967 7.298515 7
-28.426622 31.682667 8.092915 7
-28.870422 31.175167 8.761415 15
-29.244922 30.697067 9.576915 11
-29.628122 30.216667 10.303315 12
-30.127022 30.183967 9.454515 10
-29.580122 29.390467 9.411615 12
-30.332222 28.881267 9.182915 12
-30.752122 28.172567 8.740515 10
-31.330522 27.433767 8.500215 7
-31.563922 27.420567 7.577915 15
-32.150922 26.713167 7.152315 16
-32.841122 26.974267 7.720215 13
-33.352322 26.188467 7.675515 7
-34.252522 26.651167 7.684015 16
-34.358222 26.872867 8.568115 7
-34.545022 25.979167 8.420415 7
-34.318822 25.273667 7.778815 13
-33.778122 25.110367 8.581015 7
-33.179522 25.086067 9.371415 7
-33.577222 24.980567 10.237615 13
-33.970522 24.408667 9.457215 7
-34.739222 23.942067 9.354115 16
-34.165122 23.814067 8.563415 7
-34.496922 22.903167 8.825815 9
-35.225622 22.272267 8.644515 9
-35.645122 22.692767 7.814915 7
-36.169722 23.189867 7.190415 10
-35.251322 23.509167 7.138815 12
-35.393822 24.404167 6.740015 4
-35.327222 25.445067 6.573415 1
-34.662922 25.529467 5.866015 14
-34.416822 26.478167 5.967915 12
-34.067322 27.173867 5.378815 11
-34.143222 28.148767 5.486415 6
-34.875622 28.860967 5.396115 16
-34.329622 29.091067 6.185915 15
-33.408922 29.168467 6.341615 7
-33.028222 28.645867 7.047015 1
-32.706522 28.085067 7.700015 7
-31.941922 28.271067 8.351415 16
-32.426622 27.771867 9.067615 7
-32.184022 27.911867 9.935315 7
-32.238222 28.621867 10.595815 12
-32.572322 29.541467 10.595615 12
-33.407022 28.953267 10.535415 11
-34.303622 29.064867 10.278915 11
-35.244222 29.310467 10.088015 15
-35.841422 29.642467 9.494015 7
-36.005622 30.310167 10.175715 5
-35.315022 30.861667 9.789115 4
-35.612922 31.741067 9.952715 1
-36.514322 31.456267 9.699415 7
-36.910322 30.630567 9.569515 11
-37.773722 31.062967 9.433615 4
-38.585122 30.695267 8.948615 1
-38.678322 30.322767 8.053915 7
-38.393122 31.266467 7.963015 14
-38.829122 31.993767 8.413615 16
-38.066322 32.387467 7.970015 16
-37.189622 32.396667 8.367415 1
-36.883622 32.624667 7.439815 15
-36.235322 32.969267 6.824415 10
-35.641422 33.748767 6.564515 9
-35.362222 34.393067 5.861815 16
-35.348222 34.026067 5.022615 7
-34.382122 33.865667 5.031915 7
-34.424022 33.106267 4.460915 10
-33.730522 32.645767 4.992915 1
-33.805722 32.251767 4.063915 15
-33.425222 31.335467 4.111115 10
-32.711422 30.753367 4.208115 10
-33.003222 29.869167 3.711715 13
-32.740522 29.469367 4.491915 12
-31.918622 29.198867 4.894415 1
-32.033222 28.405767 4.313615 16
-32.437322 27.651167 4.776215 7
-32.179422 27.976467 5.660715 13
-32.675622 27.642467 6.452415 1
-33.121822 26.812067 6.691315 7
-33.611422 26.040167 6.473715 12
-33.343622 25.050167 6.706015 1
-33.100422 24.683467 7.605415 7
-32.197722 25.075267 7.427815 12
-32.062522 24.361567 7.963115 7
-31.749122 25.121667 8.389215 1
-32.216122 24.755867 9.136815 7
-31.721822 24.295767 9.782915 7
-31.156622 24.215967 10.484415 6
-31.333922 25.144267 10.699915 7
-30.710722 25.260267 11.369615 15
-31.378322 24.613667 11.666315 16
-32.216522 24.649267 11.271115 7
-32.393322 24.284067 12.140315 11
-32.648822 24.677667 12.988515 7
-32.763122 25.686067 12.782515 15
-31.851722 25.537167 13.085315 15
-31.529022 25.762667 13.982515 15
-31.440922 24.795167 14.273915 4
-32.103522 24.249867 14.704715 9
-32.209022 24.345667 15.677115 7
-33.084822 24.073267 16.133615 9
-32.922522 23.177567 16.498415 1
-32.310322 22.549067 16.866015 7
-32.372722 21.692167 17.255515 11
-32.860122 21.968867 18.026415 1
-32.778122 22.893567 18.308515 12
-33.248722 23.676967 17.999715 10
-33.880422 23.736367 18.737115 11
-33.769422 24.602667 19.062615 7
-32.866622 24.051067 19.168015 13
-32.768822 25.020267 18.933215 16
-33.151322 25.795467 18.428015 12
-32.223422 26.013467 18.455215 11
-31.722422 26.092667 17.636615 7
-31.109622 26.088867 16.773815 16
-30.968222 26.113967 15.843815 16
-31.746922 26.723967 15.835515 16
-32.211622 26.837467 16.682815 10
-32.731722 26.699567 15.899915 4
-33.289222 27.346667 15.451615 7
-34.136922 26.888267 15.763515 16
-34.428722 27.771567 16.142615 10
-34.637322 28.273467 15.274715 12
-34.955822 28.953067 14.567815 1
-35.743122 28.305967 14.510915 7
-36.222922 28.666667 15.293415 16
-35.560122 28.414667 15.931515 7
-35.728322 27.957267 16.785515 5
-35.984822 27.690267 17.706115 14
-35.727022 28.344967 18.458915 12
-36.132722 29.121267 18.983815 1
-36.316422 28.729867 19.846715 7
-36.928022 29.470567 19.742715 16
-36.230722 30.084267 19.959415 15
-35.777922 30.456267 19.167415 12
-35.149522 30.526267 18.424915 1
-35.912822 31.017567 18.068415 15
-35.904622 31.613867 17.343415 10
-35.296622 32.294767 17.581015 1
-34.381122 32.041267 17.409815 7
-33.691622 32.307967 16.778915 1
-33.876022 32.475067 15.824815 1
-33.807222 32.788967 14.926015 1
-33.015122 33.014067 14.422715 7
-33.524022 32.360267 13.988315 1
-32.733722 31.884567 14.392315 7
-32.305322 32.219567 15.217615 7
-32.151822 31.505367 15.923115 5
-32.381922 30.931667 15.240115 7
-33.233222 31.034967 14.834915 16
-33.684522 30.200667 15.021015 15
-33.125222 29.371167 15.077515 13
-32.445422 29.682967 14.531315 13
-32.235222 29.853567 13.596415 8
-31.974622 30.711567 13.153415 7
-31.256522 30.428767 12.548415 13
-30.603522 30.522167 11.842715 12
-30.558422 29.896767 11.129315 12
-31.056022 29.461367 11.789715 12
-31.647822 28.934467 12.433315 15
-32.104622 29.284967 11.641815 12
-32.517222 29.619967 12.435815 7
-33.126522 29.623667 11.694415 16
-32.673522 30.424367 11.256815 12
-33.638922 30.493667 11.069415 7
-34.444222 30.283667 11.692615 11
-34.393422 29.550667 12.279115 7
-34.351822 28.644367 12.868215 9
-34.471222 28.355767 11.930515 11
-35.194422 28.431667 11.317815 11
-35.992122 28.144967 10.821715 1
-35.907322 27.209767 11.053715 1
-35.226522 26.951267 10.428215 7
-35.093522 27.935167 10.355715 11
-35.666822 28.032067 9.595315 1
-35.370522 27.328367 8.945415 7
-36.157722 26.940967 8.458315 16
-37.023622 27.101167 8.835315 9
-37.020322 26.253667 8.460915 16
-36.125122 25.792667 8.562415 14
-35.255122 25.367767 8.925015 7
-35.272122 25.351367 9.881315 7
-34.724522 25.907767 10.410815 7
-35.209722 26.101167 11.268415 16
-36.202822 26.274867 11.555715 16
-36.271322 25.840767 12.351215 10
-35.535522 25.727767 12.959015 15
-35.489022 25.011667 12.350015 5
-35.439222 24.417267 13.211415 7
-35.618022 24.765967 14.117615 4
-36.598922 24.690367 14.139215 10
-37.297622 24.468067 13.465615 12
-38.017422 24.106967 14.021415 15
-37.758022 23.190267 13.958915 7
-38.688622 23.042467 14.052915 1
-38.855722 23.784567 14.664315 1
-39.293322 24.637567 14.558015 7
-38.597922 25.203267 14.808015 15
-38.843722 26.181367 14.844315 7
-39.089522 27.011067 14.531815 15
-39.424722 27.207567 15.409215 11
-39.315822 28.102367 15.791915 12
-38.648922 27.634667 16.199515 1
-38.002822 28.281767 15.840015 7
-37.999922 29.233167 15.763615 1
-38.140622 29.007767 14.751115 7
-38.863522 28.834367 14.027215 1
-39.109122 29.656967 13.744115 7
-38.222822 30.107467 13.433615 12
-37.436422 30.704367 13.307315 7
-36.863322 29.997367 13.522215 6
-35.897622 29.785167 13.840315 13
-35.997122 29.139567 13.201215 16
-36.598022 29.471367 12.539315 16
-36.300022 28.636367 12.185815 12
-36.214522 27.708567 11.889415 13
-35.308422 27.714767 12.153815 11
-35.246322 27.144267 12.855715 12
-35.026122 27.109667 13.791615 16
-34.056022 27.233067 13.825515 7
-33.583822 26.991567 13.042715 8
-32.706222 27.349967 12.898915 15
-32.773922 27.158867 11.985815 15
-33.510622 27.314667 11.364915 11
-33.886822 27.136067 10.533915 11
-34.030322 26.779567 9.645015 7
-34.470822 27.631867 9.525615 16
-33.785322 28.185967 9.932415 9
-33.135522 27.851667 10.516415 7
-32.587922 28.146767 11.351415 15
-33.503722 28.414767 11.754515 11
-32.935822 28.520667 12.516615 15
-33.245922 29.196067 13.131115 7
-33.434922 29.937667 13.695615 4
-33.414722 30.336667 12.750015 12
-33.833922 30.977567 13.423415 1
-32.991622 31.514167 13.431015 7
-32.049422 31.764467 13.528615 7
-32.297022 31.939467 12.665715 7
-33.271122 32.207367 12.616815 1
-33.505722 33.145967 12.914115 7
-32.897222 33.904767 12.634315 1
-33.073722 34.336867 11.768715 1
-32.679022 35.159567 12.091415 11
-32.276122 35.657267 11.418915 16
-31.683922 35.463567 10.637915 1
-31.266422 34.723867 10.060715 1
-31.668922 34.110367 9.499615 7
-32.215022 33.387167 9.138015 1
-31.686922 32.782767 8.617315 1
-30.978622 32.397767 8.154115 7
-30.130322 32.554467 8.657015 15
-29.628422 33.060767 9.359115 11
-29.823722 32.330367 10.015115 16
-30.535122 31.712767 10.110215 12
-31.305022 32.283667 10.274315 5
-31.331922 31.329167 10.695815 12
-32.290122 31.475667 10.972315 14
-31.991222 31.447667 11.890315 7
-31.105522 31.326167 11.559015 12
-30.783422 32.146067 11.944515 7
-30.693122 33.170867 11.992515 16
-30.680422 34.116267 11.650215 15
-30.820522 34.948867 11.240715 16
-29.823722 35.088267 11.485515 7
-29.211622 34.958767 10.761515 1
-28.589422 34.226567 10.497115 1
-28.279922 33.290267 10.303715 15
-27.643422 32.526367 10.155115 7
-27.913122 31.590767 10.034615 1
-28.177922 31.115967 10.872615 13
-29.133122 31.090667 10.693315 12
-29.544822 31.931967 10.942715 1
-29.659922 31.362867 11.730315 12
-29.514422 31.660367 12.621615 16
-30.280222 31.030567 12.733515 7
-29.611622 30.356567 12.552815 12
-29.482822 30.012667 13.429415 11
-28.695722 30.570967 13.536615 11
-27.929522 31.142767 13.371315 16
-27.626322 30.924767 12.470915 7
-27.756622 31.845767 12.438915 8
-28.416322 32.243367 13.102615 16
-29.067922 32.739467 12.622515 12
-28.559022 33.464367 12.996615 12
-28.946022 33.861067 13.783715 5
-28.692922 33.174267 14.494515 8
-29.035622 33.066167 15.420715 7
-29.845122 32.524867 15.298515 12
-30.531822 33.156367 15.256215 9
-31.124022 32.364567 15.160115 7
-30.921722 32.288567 16.062615 1
-31.130622 31.419767 16.409715 13
-31.132922 30.960567 15.503315 7
-30.349022 31.303167 14.957715 15
-30.497022 30.426567 14.708015 11
-31.428922 30.306467 14.530815 7
-31.344622 29.408767 14.846515 11
-31.791622 28.932567 14.141115 15
-31.100222 28.960567 13.402515 15
-31.221422 29.868567 13.581115 11
-30.441422 30.380967 13.629915 11
-31.221822 30.954967 13.722815 7
-31.040522 31.920867 13.785115 7
-30.605722 32.678067 13.376215 1
-31.571222 32.662367 13.180815 7
-31.905322 33.481267 13.550915 7
-32.060322 34.409267 13.350115 1
-31.273022 34.334067 13.997115 15
-31.808822 33.769967 14.695615 7
-32.327522 33.738567 15.688515 1
-32.297222 33.788667 16.666015 1
-31.894222 34.443767 17.217515 1
-31.363622 35.016267 17.766515 16
-31.711222 34.640367 18.585915 12
-31.962422 34.285267 19.475515 14
-31.132822 33.825567 19.161715 7
-31.034822 32.820667 18.800215 16
-31.009922 32.006067 18.208215 1
-30.997322 31.014867 18.448215 1
-31.198622 30.374467 17.742715 16
-31.513422 29.480067 17.566015 1
-30.994822 29.041967 16.881015 10
-31.055222 28.289767 16.315115 16
-31.150722 27.756067 15.493315 16
-31.906522 27.470367 14.933415 1
-32.118722 27.496767 14.023815 15
-31.641322 27.357867 13.193515 15
-31.081922 28.096567 12.889515 15
-30.529722 28.452267 11.988615 12
-30.034222 28.728567 12.794015 12
-29.913122 27.822467 12.514015 1
-29.467822 27.316467 11.827215 12
-28.892522 27.001967 12.598715 1
-29.435422 26.805667 13.469215 15
-28.669522 26.126767 13.763615 5
-27.985222 26.624867 14.263915 1
-28.660822 26.387067 14.964115 16
-29.450522 26.055567 15.468815 16
-29.003822 26.454967 16.251215 16
-29.189622 26.447667 17.175315 16
-28.491322 26.686967 17.828315 16
-28.332222 27.598267 17.930515 16
-28.982222 27.652367 18.612515 16
-29.656622 28.297067 18.463115 7
-30.598022 28.272767 18.536415 11
-30.331722 28.543767 17.670015 8
-30.173522 27.951867 16.889115 16
-29.835522 28.820867 16.514015 16
-29.778722 29.135467 15.663015 16
-29.747222 29.778367 15.038415 11
-29.185022 29.912367 15.771515 16
-28.621922 30.391667 15.149115 11
-28.156422 30.749967 15.943115 13
-27.331622 30.233667 15.621715 8
-26.744222 30.114367 14.816515 1
-26.366722 29.295567 15.069815 16
-25.894022 28.404767 15.182015 1
-25.783022 27.583967 15.543915 11
-26.735522 27.335467 15.846615 1
-27.382822 27.047067 16.504015 16
-26.660522 27.412167 17.076415 7
-27.447922 26.984567 17.581915 16
-27.001322 26.886767 18.414515 1
-26.884222 26.046567 18.946215 11
-25.932722 26.061467 18.724015 1
-25.262822 25.439067 18.339815 11
-24.928722 24.504467 18.312315 1
-25.836122 24.519767 18.746515 1
-26.703922 24.681967 19.292215 1
-26.956422 24.643567 18.365915 12
-27.938122 24.591067 18.433415 12
-28.851422 24.697267 18.017115 5
-28.328722 25.390667 17.595915 16
-28.931922 25.533267 16.826015 16
-29.411022 25.101367 16.117015 16
-29.566222 24.394967 15.556615 15
-28.718722 24.101367 15.046415 11
-28.883522 25.122167 14.817715 16
-29.851622 25.028267 14.740315 7
-30.745222 25.047367 15.068415 15
-30.668922 24.260867 15.621215 16
-30.283822 23.318767 15.794615 5
-30.583922 22.952767 16.661515 12
-30.610522 23.952267 16.709715 1
-31.209422 24.679367 16.844415 1
-30.610422 24.722667 17.716415 7
-30.200422 25.571167 17.542115 16
-30.344822 26.295967 18.163715 13
-30.222922 27.275267 18.151715 16
-30.182422 26.836467 17.266915 16
-29.790122 27.158967 16.460615 16
-30.207422 26.861567 15.605515 16
-30.972622 26.804867 15.067115 1
-30.404122 26.717767 14.272715 1
-31.321222 26.925567 14.024315 15
-31.157822 26.375467 13.228115 15
-30.359422 26.211267 12.786415 15
-29.478822 25.943767 12.391415 1
-29.189522 25.132067 11.851615 16
-28.580122 25.942167 11.734115 12
-28.212122 26.771967 11.505115 16
-27.870222 27.521867 11.986315 1
-28.395722 28.334767 11.792315 12
-28.052222 28.906967 12.441815 11
-27.751122 28.581667 13.327115 11
-28.559422 28.071067 13.352015 1
-28.382122 28.591967 14.150915 11
-28.339022 27.691267 14.528915 16
-27.547122 28.172067 14.986315 12
-27.578922 28.601667 15.856915 16
-28.148422 29.031567 15.189515 16
-27.826222 29.329267 14.293315 11
-27.850922 30.205667 14.089615 11
-27.158522 30.880467 14.075715 16
-26.344422 31.410867 14.137715 7
-25.608622 30.985567 14.558015 8
-25.662322 30.604567 15.405315 12
-26.057722 30.092567 16.132715 5
-26.147022 30.876667 16.654115 8
-25.325822 31.201767 16.313915 16
-24.679322 30.556067 16.024515 8
-24.510322 30.016667 16.786815 15
-23.902622 30.704067 17.129615 1
-23.426722 31.028967 17.919815 15
-24.329322 31.515267 17.805815 16
-25.218722 31.412867 18.095315 1
-25.224222 32.025167 18.851215 1
-25.686822 31.919367 19.767915 15
-24.719122 32.128567 20.090315 5
-25.396922 32.128567 20.829015 13
-25.944422 31.396067 21.142515 1
-26.568122 30.724267 21.544915 9
-25.722422 30.423667 21.903715 1
-26.151122 29.750667 22.420515 14
-26.762722 30.224567 23.006815 12
-26.610322 30.191167 23.999015 7
-26.757022 29.203767 23.801915 16
-26.019822 28.588267 23.814415 1
-25.421722 28.676167 23.092615 12
-25.638822 27.783767 22.752415 1
-25.610022 28.101167 21.798215 16
-26.184622 28.646967 21.272915 1
-27.132222 28.669867 21.121215 16
-27.231722 29.596867 21.038015 1
-26.681322 30.310867 20.680115 7
-27.216422 29.958467 19.977515 16
-26.696822 30.213367 19.227215 5
-26.952522 30.091267 18.310115 7
-27.529022 29.351567 18.339415 5
-28.170022 29.827267 17.833115 1
-28.096522 29.335467 16.973315 16
-28.079422 28.630967 17.666615 8
-28.723022 28.341267 17.100615 16
-29.226122 27.970067 16.413315 16
-28.413022 27.939167 15.891815 16
-29.028322 28.308267 15.265015 16
-29.446722 28.812967 14.590815 11
-30.368922 28.592167 14.722215 15
-29.730922 27.867767 14.641615 16
-30.065622 28.279867 13.746815 15
-29.367222 28.938267 13.535015 11
-29.113522 29.153567 12.581215 12
-28.836222 29.396167 11.676715 12
-28.316522 30.154267 11.466915 1
-27.332322 30.136367 11.406815 1
-27.088722 29.470667 12.059415 16
-27.312322 29.726867 12.984815 11
-26.394422 29.794167 13.176415 1
-25.891522 30.451267 13.671015 1
-24.919522 30.297567 13.557415 16
-24.837822 30.169567 12.594315 15
-24.748322 29.438367 11.981915 16
-25.275622 28.653967 11.671115 15
-25.313322 27.952567 11.015315 16
-25.654422 27.319667 11.665515 1
-25.083922 27.425467 12.407815 7
-24.600922 27.095767 13.267415 12
-25.448722 26.934067 13.653515 5
-25.041322 26.548767 14.580615 1
-25.890022 25.925167 14.797315 7
-26.849522 25.896467 14.427415 11
-27.420322 25.303267 14.082815 1
-27.782622 25.290067 14.952015 16
-27.823922 24.648267 15.693815 16
-27.334622 24.325767 16.467915 1
-27.755822 25.213167 16.541415 16
-26.878422 25.437267 16.199415 1
-27.430322 26.172367 15.898415 16
-28.135122 26.800867 15.751615 16
