-32.791047 5.106878 -9.141558 16
-32.533047 4.307678 -8.684058 1
-31.854447 4.629378 -7.965758 2
-30.965047 5.044978 -8.117958 1
-30.538247 5.907878 -7.922358 1
-29.986347 6.550978 -8.259958 14
-30.234047 7.105378 -8.942758 1
-29.447347 7.426678 -9.431958 1
-29.369647 8.446578 -9.415458 1
-30.344747 8.570078 -9.408058 4
-30.196247 8.681278 -8.487158 1
-29.522547 8.161678 -8.001658 1
-29.955447 8.158378 -7.105358 2
-29.526347 7.343678 -7.232458 12
-29.859147 6.841378 -6.414958 3
-29.212147 6.787878 -5.695558 11
-29.647247 5.955578 -5.472458 1
-30.265147 6.455478 -4.868528 14
-30.020347 7.328478 -4.654048 2
-29.153347 7.669578 -4.586278 15
-29.725247 8.102878 -5.280758 1
-28.889047 8.461478 -5.789058 2
-27.931247 8.540278 -5.877758 9
-27.801847 8.424878 -4.899408 15
-27.657547 7.786978 -4.224108 8
-26.751147 8.226878 -4.112788 8
-25.949047 8.669878 -4.287858 2
-25.139847 8.279278 -4.594528 5
-24.820847 7.784678 -3.883158 9
-24.209547 8.246878 -3.356368 13
-24.973247 8.811378 -3.500038 12
-25.576147 9.464878 -3.279728 2
-26.545047 9.506678 -3.055228 2
-26.822047 9.155578 -2.144868 6
-26.313947 8.646378 -1.339198 14
-26.854347 8.290478 -0.601228 14
-27.218147 8.908778 0.004242 14
-27.779847 9.376678 0.669212 6
-27.775447 9.916978 1.454252 1
-26.996247 10.170478 0.968362 2
-26.269347 10.459978 0.426112 6
-26.648847 9.825278 -0.201238 14
-25.681147 9.976178 -0.304278 8
-25.946247 9.667078 -1.141788 14
-25.972447 9.988478 -2.034378 2
-25.241947 10.600478 -2.221168 2
-24.729247 11.387978 -1.809988 11
-24.106647 10.910878 -1.171978 1
-23.734247 10.017078 -0.886958 3
-23.796547 10.031678 -1.880808 1
-23.506047 9.596378 -2.732818 5
-23.478847 9.110878 -3.578668 2
-23.898047 8.811478 -4.534818 5
-24.716747 9.171678 -4.867108 5
-25.174247 9.653578 -4.214868 2
-25.531347 10.537478 -4.015328 2
-26.461647 10.805378 -4.015268 2
-27.067147 10.311978 -3.484608 2
-27.466647 10.312578 -2.451158 7
-26.763547 10.914478 -2.215698 2
-27.101747 10.529978 -1.408178 14
-26.829947 10.961778 -0.599638 9
-26.145547 11.650778 -0.618538 1
-26.306647 11.527178 0.297512 1
-26.219647 12.521878 0.350202 8
-27.032647 12.688178 0.870942 1
-26.342247 12.925478 1.434842 14
-26.489647 13.541378 2.139902 15
-26.558847 14.350978 2.710542 9
-26.286147 13.965778 3.558802 2
-26.050647 12.972278 3.641122 14
-25.707947 12.105078 3.620702 1
-25.389847 11.301978 4.01782 8
-24.924147 11.606378 4.820145 2
-24.960947 10.610378 5.159404 14
-24.725947 10.126678 6.009342 6
-24.670247 9.368478 5.459146 2
-24.638247 9.238078 4.526153 2
-24.009747 9.644878 3.967941 1
-23.557547 8.914878 3.299062 8
-24.290547 8.785278 2.609262 8
-24.666347 7.907378 2.390552 11
-23.726147 7.839778 2.267102 10
-23.769947 8.403278 1.462252 1
-24.702147 8.351578 1.180432 15
-25.439347 8.446178 0.683822 14
-25.846647 9.306978 0.767902 14
-26.149647 9.707578 1.601362 12
-26.910847 9.955778 2.100032 2
-26.831247 9.251478 2.740732 2
-26.673847 8.817578 3.543772 7
-26.430747 7.992278 3.233332 3
-26.522947 7.015478 3.091282 1
-25.542547 6.940678 3.123472 1
-25.179547 6.257678 2.564172 2
-25.958547 5.643978 2.405742 14
-26.325047 5.586478 3.311622 1
-27.174347 5.943078 3.105822 1
-27.582247 6.882478 3.324282 1
-28.486047 6.998478 3.268442 2
-29.206747 7.096178 2.697542 2
-29.507447 6.616978 3.481842 1
-28.874047 5.890978 3.297572 1
-29.060547 6.025978 2.332162 1
-28.300147 5.731578 1.845652 1
-27.849147 5.838778 1.025382 14
-27.533347 5.497378 0.159012 14
-27.734747 4.570478 -0.013478 11
-27.087147 4.362878 -0.666138 2
-26.177647 4.493778 -0.963898 2
-26.320247 5.431778 -0.831638 2
-26.520547 5.892678 0.009422 14
-26.063547 5.399178 0.730542 5
-26.630447 6.072678 1.145442 5
-26.463047 6.975778 0.681352 14
-26.587447 7.247078 -0.306978 14
-26.647947 6.453378 -0.746618 14
-26.577547 6.140478 -1.689058 2
-27.521847 6.105978 -1.830818 5
-27.077247 7.042378 -1.880338 14
-27.667247 7.091778 -2.611678 8
-28.069147 7.548178 -3.355458 8
-28.976147 7.180378 -3.330568 8
-29.730347 7.641178 -3.675358 1
-29.604847 8.626678 -3.383758 2
-29.895247 8.952978 -4.206148 15
-30.174547 9.851178 -4.164448 9
-29.345047 9.791078 -4.582788 15
-28.706847 10.504578 -4.333258 2
-28.434847 11.365178 -4.629138 2
-28.443347 10.851978 -5.480158 1
-27.829547 10.070578 -5.695158 6
-27.098847 10.014978 -5.002248 2
-27.468147 9.615478 -4.239848 2
-28.188047 9.023578 -3.918808 15
-27.761647 8.685678 -3.192318 8
-27.772247 8.304978 -2.354808 8
-27.372847 8.278578 -1.430558 14
-28.083947 8.985578 -1.543028 14
-28.739547 8.824278 -2.256398 12
-28.821847 9.834078 -2.381748 3
-28.261047 10.053578 -3.114458 8
-27.832247 10.951178 -3.212178 2
-27.763647 11.779978 -3.717868 2
-27.839247 12.512878 -3.188058 6
-28.492547 13.356778 -3.201748 1
-27.560247 13.442478 -3.635688 9
-26.914747 13.373278 -4.343178 12
-26.377147 12.604578 -4.616748 2
-26.221247 12.234178 -3.782918 2
-25.815147 11.409578 -3.439288 2
-25.881747 11.525878 -2.516818 2
-25.722447 12.460778 -2.475968 1
-26.577447 12.670678 -2.899838 2
-26.366847 13.602178 -2.505378 6
-26.568947 13.878478 -1.679458 1
-27.391547 13.870478 -1.154348 11
-28.089447 14.406578 -0.714798 5
-28.674747 13.799478 -0.969908 2
-28.661147 13.641778 -1.949048 5
-28.445147 12.753878 -1.630398 1
-28.453247 12.291178 -2.461508 1
-27.595847 11.925078 -2.272408 2
-27.576347 12.075278 -1.368348 1
-28.237847 11.536578 -0.947588 5
-29.050547 11.386678 -0.547608 14
-30.004047 11.211978 -0.407298 2
-29.655747 10.276278 -0.368628 15
-28.732047 10.137778 -0.621628 15
-28.002147 9.401178 -0.504418 14
-28.726847 9.240678 0.173362 2
-28.547047 8.329878 0.501572 14
-28.272047 8.680978 1.297102 3
-27.465047 8.114078 1.171882 6
-27.455847 7.682778 0.227782 14
-28.324347 7.347978 0.034692 14
-28.873747 7.274178 0.840032 2
-29.213947 6.528178 0.220952 15
-30.042147 6.514378 -0.229178 2
-29.515347 6.756778 -0.982028 14
-29.264347 6.228078 -1.775308 8
-29.488547 6.918878 -2.391348 8
-30.401147 6.906878 -2.853878 2
-31.266747 6.940178 -2.500138 1
-30.688547 7.423578 -1.843218 9
-30.380847 8.358078 -2.007508 2
-29.501747 7.983978 -1.726908 8
-29.276447 8.131678 -0.772958 9
-28.582047 7.522078 -1.002158 14
-28.397147 6.839278 -1.616708 8
-28.104047 6.434478 -0.799868 14
-27.672847 5.614778 -0.989838 2
-28.105147 4.983878 -1.579008 2
-28.845647 4.610778 -0.988888 5
-29.080347 4.646278 -1.882388 1
-28.443447 4.349078 -2.525158 1
-29.051647 4.808078 -3.071548 7
-28.661047 4.592878 -3.966478 2
-27.692047 4.569178 -4.042158 1
-26.801247 4.587178 -3.576598 2
-25.994547 4.073178 -3.441398 2
-26.837747 3.644778 -3.036598 3
-26.627247 4.456778 -2.548028 2
-25.978847 4.065978 -1.936718 2
-25.570347 3.223978 -2.298688 14
-24.972747 3.680578 -2.929838 4
-24.151747 3.186278 -3.056258 1
-24.622047 2.264778 -2.995708 3
-24.106347 1.516178 -3.272928 1
-23.263847 1.360378 -2.740008 2
-23.373047 1.035378 -1.835048 12
-23.440547 1.613978 -1.027868 2
-23.282447 1.449378 -0.103678 1
-23.759247 0.624278 0.036892 2
-24.729547 0.621278 0.212842 1
-25.589747 0.990978 0.199112 8
-26.095247 1.666278 -0.261138 14
-26.060147 2.445178 -0.722458 10
-25.171147 2.879078 -0.619808 6
-24.695647 3.103078 0.176572 3
-24.374347 3.962478 -0.188258 6
-24.073647 3.833078 -1.110478 14
-24.738447 3.649978 -1.800898 8
-25.129547 4.395278 -1.413428 2
-25.262647 5.178978 -0.956838 2
-24.884247 5.946578 -0.587708 14
-23.989047 6.108078 -0.682628 8
-23.808247 6.285778 -1.554418 2
-23.308747 5.490778 -1.671968 2
-23.644747 4.763678 -1.049918 2
-23.114947 4.509778 -0.244518 1
-22.613547 3.724978 -0.601148 1
-22.739347 3.315378 0.248642 3
-22.433447 4.189178 0.604062 9
-22.619347 4.242678 1.600332 1
-22.867847 5.138678 1.664262 7
-22.229647 5.876578 1.843822 14
-22.671647 5.843678 2.698872 8
-23.587547 5.987078 2.826782 1
-24.347747 5.488278 2.753332 3
-24.754847 5.083578 3.524852 2
-24.626547 4.168178 3.807476 14
-24.895647 3.399378 4.334496 1
-25.581447 3.749478 3.765599 11
-26.139347 4.138078 3.028672 5
-26.629047 4.819878 2.559302 2
-27.340647 4.261578 2.019082 2
-26.831047 4.806178 1.436052 8
-26.488647 4.410278 0.609522 5
-26.736347 3.654778 1.128172 3
-26.519847 2.728678 0.886962 3
-26.405747 2.768678 1.881542 12
-25.616747 3.197478 1.643892 2
-25.136647 3.695278 0.964402 15
-25.490047 4.545778 1.234752 2
-25.009847 5.075778 0.645622 1
-24.344847 5.669378 0.307352 3
-24.722947 6.658978 0.550892 14
-24.883047 7.313678 1.180072 1
-25.598547 7.471078 0.534602 14
-25.735247 7.837478 -0.302658 14
-25.006647 7.794878 -0.917428 1
-25.320547 6.878478 -1.098068 14
-25.228247 6.008678 -1.526868 2
-24.616747 6.328978 -2.200928 1
-25.109247 5.529678 -2.451608 2
-25.205647 4.576778 -2.390708 2
-24.239347 4.505378 -2.452478 1
-23.273347 4.259978 -2.464618 1
-23.081947 5.169078 -2.772998 4
-23.927847 5.443978 -2.604818 2
-23.919547 6.183778 -3.283088 9
-23.328747 6.173178 -4.032578 9
-22.577347 5.602278 -3.773798 2
-22.995347 4.798978 -3.915808 6
-23.818047 5.185478 -3.681398 9
-24.795847 5.121578 -3.484988 2
-25.477247 4.933478 -4.134308 2
-25.329947 5.580878 -4.838788 9
-26.238647 5.984578 -4.745578 6
-26.538847 5.640478 -3.886948 2
-25.720947 6.055978 -3.567148 2
-24.845247 6.383578 -3.492178 9
-25.132147 6.612078 -4.365578 9
-25.520547 6.624778 -5.246738 6
-26.438047 6.811778 -5.272408 6
-27.130647 6.534178 -4.669408 8
-27.459447 5.746678 -5.103368 3
-28.279547 6.095578 -4.680478 14
-28.232847 6.212178 -3.685568 8
-27.532247 5.888678 -3.081358 8
-26.741547 5.572778 -2.608688 2
-25.997247 6.108578 -2.545198 2
-26.538647 6.866578 -2.828848 8
-26.083547 7.656278 -2.286558 14
-25.848747 7.967578 -3.167778 8
-26.302947 7.354278 -3.871318 8
-26.001947 7.597778 -4.776588 3
-26.355447 8.338178 -5.424258 6
-26.265247 9.331378 -5.196928 2
-25.724647 10.111778 -4.953648 2
-25.710947 10.836778 -5.601058 1
-26.124347 11.769678 -5.670958 2
-26.901447 12.303978 -6.029558 3
-27.633747 12.298778 -5.360158 12
-27.527947 12.518678 -4.449108 14
-26.944947 11.723078 -4.353928 2
-26.770947 11.126478 -5.172098 2
-26.825447 11.120278 -6.196658 12
-26.301447 11.542378 -6.910558 3
-25.574847 11.892878 -7.389758 3
-25.348547 11.977678 -6.490258 3
-25.172247 12.091778 -5.481358 2
-24.738447 11.672078 -4.704678 2
-24.639447 12.022778 -3.825838 10
-24.536847 12.524178 -2.998488 14
-24.652747 13.307978 -2.487168 1
-24.075347 14.048378 -2.284948 9
-23.935847 14.984678 -2.276308 1
-23.240347 14.490578 -1.880918 1
-22.318047 14.167178 -1.778108 1
-21.677547 14.878178 -1.725968 2
-21.340447 14.166678 -2.317458 8
-20.752547 13.512378 -2.673448 3
-20.384247 14.396478 -2.734968 1
-19.689447 14.533878 -3.449098 2
-19.228347 13.612978 -3.510078 8
-19.738647 13.118478 -4.108228 8
-20.179547 14.011878 -4.358808 2
-20.937447 14.568878 -4.436898 9
-20.791247 15.092078 -3.650858 2
-21.171247 15.163678 -2.753548 6
-21.709147 16.050578 -2.657598 14
-20.764847 16.029578 -2.516298 3
-19.936047 15.845578 -2.938838 1
-19.248847 15.992278 -3.656358 2
-18.876547 15.060178 -3.670388 2
-18.076647 14.651878 -3.401878 6
-17.852947 15.311478 -2.728468 2
-18.585147 15.337278 -2.129798 1
-18.753847 14.287178 -2.033958 6
-18.305347 13.583878 -2.513818 1
-19.053547 12.974178 -2.160518 7
-18.457747 12.290478 -1.868618 3
-18.966647 11.860978 -2.619998 8
-19.046247 11.422078 -1.775928 14
-18.479747 10.692378 -1.845568 2
-18.100647 11.226178 -2.580678 8
-17.191347 11.251478 -2.555788 14
-17.495647 11.799178 -3.292258 8
-16.897747 11.079878 -3.577938 9
-15.976447 11.071878 -3.330068 2
-15.220647 10.667578 -2.899968 3
-14.587047 10.902678 -3.598248 3
-13.947147 11.655778 -3.829468 2
-14.704147 12.091478 -3.255688 12
-14.297847 12.182478 -2.323338 14
-14.701147 12.351378 -1.372798 2
-14.917247 11.431978 -1.224138 8
-15.695247 11.731978 -0.782918 9
-15.698847 11.231778 0.040022 9
-15.585047 11.608678 0.876252 2
-16.195747 11.713478 1.551032 3
-15.371247 11.875078 2.064622 1
-14.979247 11.801378 3.014452 1
-14.086647 11.378678 2.801402 2
-13.049147 11.284878 3.073882 1
-13.187547 11.511578 2.177712 9
-12.490447 11.816878 1.534452 10
-12.655747 12.648978 1.954382 2
-12.159747 13.120578 1.318992 1
-11.250847 13.053778 1.499332 2
-10.500347 12.708878 0.987142 1
-10.537647 13.223578 0.135062 2
-10.088247 14.023678 -0.323078 3
-10.782847 14.181678 -1.106708 2
-11.680047 14.091378 -0.817818 6
-12.432747 13.645478 -1.174738 8
-13.362447 13.795478 -0.983778 2
-14.069847 13.128278 -1.432288 3
-14.692547 13.726878 -1.063058 12
-15.622847 13.594778 -1.438858 6
-16.330647 12.928778 -1.532758 2
-17.231647 12.745978 -1.471278 6
-17.638147 12.555678 -2.381118 3
-17.979547 12.854478 -3.203368 14
-18.802347 12.515778 -3.667008 8
-18.089847 12.288478 -4.303468 8
-17.306147 12.758078 -4.570938 2
-17.228147 13.621878 -5.049678 6
-16.512247 14.206878 -4.644928 1
-15.761647 14.205478 -5.178408 1
-15.917447 15.155778 -5.115448 2
-16.061747 15.644578 -5.919458 4
-15.268347 16.247378 -5.754858 12
-15.598347 16.923178 -5.034028 3
-16.393147 17.188278 -4.574908 3
-16.173047 18.035578 -4.971418 14
-17.075847 17.867378 -5.287938 1
-17.331647 17.688678 -6.201958 14
-18.158447 17.392178 -5.949358 8
-17.982147 17.300478 -5.000288 2
-18.128647 18.091278 -4.383798 1
-18.858147 17.933578 -3.870068 2
-19.757947 17.673378 -4.223998 2
-20.576747 17.198978 -4.476008 6
-19.892847 16.402578 -4.419628 2
-19.332447 16.637678 -5.161338 2
-19.182547 15.897478 -5.870958 3
-19.944447 15.552178 -5.388858 2
-20.829347 15.545778 -4.939338 2
-21.638847 15.130878 -5.052488 14
-22.572647 14.843078 -5.172018 9
-23.145947 14.707478 -5.967158 9
-22.874847 13.841578 -5.469258 9
-22.096547 13.784178 -4.868708 14
-21.671447 12.988178 -5.230568 6
-22.173647 13.407078 -5.958958 9
-21.270647 13.457978 -6.365258 2
-20.574747 12.934478 -5.844058 1
-20.761247 11.994478 -5.755458 3
-20.118047 11.790978 -5.070508 8
-19.325447 11.561578 -5.546558 8
-18.749547 12.316578 -5.815558 1
-18.690747 13.079478 -6.348558 10
-19.004847 13.325478 -5.499858 8
-19.805147 13.733878 -5.496858 3
-19.541747 14.694278 -5.379458 2
-19.077047 14.408978 -4.529118 2
-18.280847 14.195578 -5.018548 8
-18.094447 15.122678 -4.442448 2
-18.116847 16.048278 -4.843688 2
-17.135747 16.209378 -5.026558 1
-17.567147 16.654378 -4.304358 2
-17.742747 17.005278 -3.453018 2
-17.832347 16.955678 -2.480708 6
-18.570347 16.823478 -3.041708 2
-19.231947 17.001478 -2.344508 14
-20.208447 17.038878 -2.380138 14
-21.054247 17.308978 -1.978298 3
-21.099047 18.206378 -2.262648 6
-21.583947 18.142678 -3.119018 3
-21.789947 17.645578 -3.974978 8
-21.393747 18.388378 -4.521838 3
-21.046347 19.099978 -5.045118 4
-21.710447 19.669878 -5.292738 2
-21.737247 20.281178 -6.118358 3
-22.377147 19.603978 -6.446958 7
-22.810947 18.745978 -6.603658 14
-21.987947 18.202778 -6.754358 2
-22.359447 18.453578 -7.663458 1
-22.342247 17.515878 -7.671658 3
-22.783547 17.013478 -8.378258 5
-23.285047 16.487678 -7.772458 6
-23.657647 15.825378 -8.379158 13
-23.204147 14.966078 -8.343458 7
-23.544747 14.107378 -8.271658 2
-24.449847 14.106078 -8.205958 3
-25.093147 13.404578 -8.116358 3
-25.023247 13.847578 -8.950458 3
-24.613447 14.356078 -9.721958 10
-23.863347 14.889978 -10.041358 5
-23.807447 15.848478 -10.318058 2
-23.321247 16.792178 -10.278858 1
-22.421947 16.358378 -10.330258 1
-21.615847 16.929578 -10.239158 14
-21.888147 17.655978 -9.655058 3
-21.035447 17.185078 -9.401658 3
-20.572347 17.655178 -8.688858 1
-20.228947 16.894178 -8.201558 1
-20.179747 16.697178 -7.188358 3
-21.011747 16.221478 -7.211358 8
-21.728747 15.891778 -6.637258 10
-22.546147 15.808778 -6.232958 9
-22.471147 16.403278 -5.441658 1
-23.346847 16.648778 -5.907958 9
-24.210947 16.273378 -5.737058 9
-24.932447 16.522778 -5.204878 8
-25.588347 16.888178 -5.847458 3
-25.953947 16.031878 -5.614158 1
-25.560547 15.603678 -4.813438 14
-26.284247 16.159878 -4.404458 3
-26.885847 16.871678 -4.051108 9
-26.824847 17.623578 -3.482448 2
-26.071447 17.590278 -2.923718 3
-25.550847 18.484578 -3.022868 3
-25.105947 19.235278 -3.462348 13
-25.340347 20.119778 -3.745698 10
-24.680347 19.631878 -4.311728 4
-24.342347 20.502078 -4.023788 3
-23.406347 20.121978 -3.907578 12
-22.953847 19.671678 -3.219618 2
-23.692647 19.778578 -2.590158 9
-24.026147 20.205078 -1.802798 5
-23.801347 21.097178 -1.991638 10
-23.174747 20.657678 -2.607048 3
-22.978147 21.524278 -2.925928 1
-23.657147 22.164778 -2.693398 3
-24.301647 22.342678 -2.030058 1
-24.477847 21.609178 -2.607238 6
-24.384447 21.635778 -3.604788 10
-24.212947 22.380078 -4.253618 3
-24.652047 22.773478 -4.988468 3
-24.211347 22.911678 -5.857058 2
-23.659947 23.178278 -6.550958 2
-24.336547 22.719978 -7.010758 1
-24.326047 21.787678 -6.708858 7
-24.789647 20.957878 -6.794858 1
-24.365747 20.039878 -6.810458 8
-24.923747 19.299578 -7.101558 6
-25.121747 19.038678 -8.037958 9
-25.794647 18.844478 -8.776158 13
-26.763447 18.855078 -8.925158 3
-26.690647 18.044978 -9.580358 4
-26.856147 17.385278 -8.866358 12
-27.468747 16.638778 -8.735358 9
-28.338947 16.323178 -8.544458 6
-27.735947 15.581778 -8.634458 6
-27.263347 15.103078 -9.354358 3
-26.856547 14.992978 -10.247058 3
-26.390047 15.020978 -11.060058 6
-26.921047 14.842678 -11.808058 9
-27.577647 14.534978 -11.161058 8
-27.068247 13.989778 -10.501758 3
-27.374147 13.261578 -9.982958 8
-26.691347 12.757878 -10.376758 10
-26.279247 13.170478 -9.671958 3
-25.593647 13.771578 -9.738158 3
-25.594647 14.208478 -10.578158 10
-24.714847 13.775378 -10.699458 5
-24.162047 12.970478 -10.645358 9
-24.550147 13.170578 -9.805058 3
-23.685347 13.670578 -10.045458 14
-22.997547 14.432778 -10.102358 5
-22.696047 14.206278 -11.072158 5
-23.224147 13.758878 -11.744258 5
-23.193447 13.040678 -12.417158 9
-22.371147 13.544978 -12.515958 14
-22.329047 12.684678 -13.026058 3
-21.777347 11.974878 -13.358758 1
-20.913147 11.419178 -13.445758 9
-21.609947 10.934078 -13.906358 3
-22.326547 10.347378 -13.843658 9
-22.722647 11.299578 -13.624958 1
-22.934047 12.298478 -13.717958 1
-23.631347 13.073678 -13.531858 3
-24.188647 12.942978 -12.739458 1
-24.891247 13.428178 -12.357158 3
-24.804647 14.374878 -12.389358 1
-24.917247 14.773978 -13.247658 4
-25.683347 15.430578 -12.983858 3
-25.922447 16.258078 -12.549858 1
-25.506747 16.145178 -11.722458 1
-26.030647 16.546778 -10.921758 4
-25.368147 15.916178 -10.532658 6
-25.715447 15.430778 -9.662858 13
-25.559547 14.599578 -9.165458 3
-26.328647 14.905078 -8.613658 3
-26.221647 15.630378 -8.063758 10
-26.994347 15.209278 -7.716658 6
-26.521347 14.377978 -7.674958 3
-25.950647 13.638778 -7.462958 3
-26.690447 13.698678 -6.839958 3
-26.647247 13.563778 -5.819358 13
-27.275647 14.264678 -5.768158 11
-26.814747 14.975078 -6.253258 3
-27.585047 15.118878 -6.786858 6
-28.124747 15.887178 -6.594758 15
-27.186547 16.108778 -7.050358 6
-26.243447 15.909078 -6.988058 8
-25.453947 15.478278 -7.344858 3
-24.563147 15.341678 -6.933658 5
-23.841747 14.680978 -6.716258 9
-22.889947 14.970578 -6.982458 9
-22.405147 15.560078 -7.541958 8
-22.071947 14.617878 -7.784358 3
-21.969847 14.014678 -7.005658 9
-21.588247 13.296778 -7.434458 1
-22.535747 13.035078 -7.586358 5
-23.243047 12.666978 -8.203858 3
-23.599147 12.255678 -8.947658 3
-22.809747 11.652978 -8.753358 12
-21.905047 11.419578 -8.814858 4
-21.922847 10.461178 -8.622758 4
-22.011847 10.746978 -7.652158 1
-22.446447 9.949778 -7.976958 5
-22.953447 9.485378 -7.245258 5
-22.941647 10.484978 -7.113858 1
-23.338647 11.305078 -7.101658 3
-22.860347 11.826378 -7.694158 3
-22.529247 12.138278 -6.799458 2
-21.586147 12.381178 -6.759258 3
-21.772647 11.843078 -5.948858 6
-21.787747 10.941378 -5.526458 10
-22.525047 11.194978 -4.917698 6
-22.786647 10.343078 -4.540828 3
-22.759747 9.478078 -5.068188 1
-22.723447 9.659578 -6.080058 5
-22.812047 10.589178 -5.998358 1
-23.432447 11.170078 -5.327158 13
-23.987547 11.725978 -5.877158 10
-24.470047 12.461378 -6.217158 3
-23.686147 13.003478 -6.291458 9
-23.453547 12.417778 -7.074958 3
-24.124147 12.885478 -7.583458 3
-24.177547 13.669478 -7.011358 9
-24.992047 14.052578 -7.150658 3
-25.556347 13.641778 -6.409358 3
-25.358547 13.602878 -5.429958 14
-25.699447 14.406778 -5.088798 13
-24.739847 14.352678 -5.126948 9
-25.125447 14.616178 -5.993658 3
-24.283447 15.070578 -5.710758 9
-24.402847 15.402378 -4.885438 9
-24.178547 16.368778 -4.507048 4
-23.368747 16.238278 -4.054058 3
-23.183847 15.287178 -4.315568 9
-22.923547 15.095378 -3.425588 4
-23.475747 14.350078 -3.762528 1
-23.792647 13.389378 -3.617548 1
-24.367347 12.914678 -4.232228 1
-23.819147 13.445278 -4.883188 9
-23.035047 13.011178 -4.560578 6
-22.577647 13.547778 -3.857318 3
-22.645447 13.038978 -3.040328 1
-22.946147 12.137978 -3.234188 3
-22.785747 12.039078 -4.223928 6
-23.587247 11.606678 -4.148748 1
-24.063447 10.875278 -3.747008 8
-24.179747 10.681678 -4.728728 1
-23.932247 10.365878 -5.650458 8
-23.727847 9.961378 -6.535558 5
-24.251647 10.827578 -6.515558 3
-24.834047 10.153278 -6.243458 3
-24.491547 9.225778 -6.334558 5
-24.976347 8.917778 -7.114258 9
-25.491347 8.362978 -7.680758 6
-25.542447 9.104378 -8.396258 3
-24.937047 9.089378 -9.140858 11
-24.323147 9.267878 -8.451658 5
-23.686147 9.898478 -8.841158 10
-23.500847 10.127378 -7.887058 5
-24.228847 10.782278 -7.589458 3
-24.922147 11.348078 -7.969458 3
-25.123047 10.507178 -8.546758 14
-25.543047 10.868578 -9.302558 10
-25.508147 11.826978 -9.571658 3
-26.230847 11.567178 -10.045858 1
-27.191747 11.372878 -10.185858 4
-27.623747 10.633178 -10.648658 3
-27.622147 10.380678 -9.675758 12
-27.040947 10.259078 -8.956558 9
-26.514947 10.975878 -8.632958 3
-25.961847 10.966278 -7.865558 3
-25.967347 10.034178 -7.985658 15
-26.468147 9.339378 -7.634758 1
-26.687247 9.648378 -6.768458 8
-25.732347 9.904978 -6.674558 3
-25.697147 9.088178 -6.129458 3
-25.937447 8.404378 -6.750058 6
-26.610547 7.779878 -6.404258 6
-27.236447 7.038578 -6.105758 4
-26.408447 6.673778 -6.401158 6
-25.428047 6.615578 -6.508058 6
-24.521947 6.122278 -6.198958 13
-23.851947 6.506078 -6.738458 3
-22.990847 6.015878 -6.720358 3
-23.395747 6.012178 -5.889758 3
-23.375547 5.527878 -4.994968 9
-23.578047 6.514078 -4.959518 9
-24.449247 6.741678 -5.171088 9
-24.584647 7.334878 -5.932858 6
-23.652547 7.460178 -5.817558 3
-23.328247 8.329278 -5.323558 5
-22.662747 7.686878 -5.391158 3
-21.914947 7.356578 -4.888258 10
-22.533047 6.632478 -4.683768 3
-23.090147 7.429478 -4.357178 9
-22.752347 7.775578 -3.589888 3
-22.376447 7.793278 -2.745908 1
-22.834647 8.360178 -2.079288 1
-22.177447 7.818678 -1.646278 9
-21.285047 7.948278 -1.242998 13
-21.067647 8.820878 -1.363338 5
-21.100847 9.113678 -2.296998 3
-21.729347 9.755578 -2.060128 1
-21.836847 10.676978 -2.036778 1
-21.519147 11.153678 -2.901988 1
-21.523147 11.757878 -3.649548 5
-20.791647 11.547778 -4.224448 6
-19.960547 12.019278 -4.091928 8
-19.640647 11.470278 -3.386568 8
-19.515847 10.664878 -2.743328 3
-19.161947 10.510478 -3.636328 8
-19.748347 9.925378 -4.154288 3
-20.579947 9.615078 -4.460758 15
-20.723247 9.596178 -5.433258 4
-21.594147 9.340078 -5.711858 6
-21.718547 8.424078 -5.983358 9
-22.355547 8.742178 -6.631258 5
-22.353047 7.752578 -6.869158 3
-21.498147 7.380678 -7.228458 4
-22.038347 6.570678 -7.178258 3
-22.488347 5.974678 -7.770058 3
-22.219547 6.879478 -8.178758 3
-21.249247 6.598378 -8.291658 9
-20.315947 6.870578 -8.454758 13
-20.311447 6.464178 -9.352258 9
-19.427747 6.083878 -9.428358 13
-19.177147 5.516678 -8.649958 5
-20.050647 5.430278 -8.168858 3
-20.119147 4.741378 -8.842458 9
-19.536047 3.969878 -8.892958 3
-20.173947 3.486578 -9.327458 14
-21.129747 3.136778 -9.253658 3
-21.152747 3.801878 -9.951058 1
-21.375847 4.724278 -10.217658 9
-22.082347 4.214578 -10.506558 4
-22.154447 4.512178 -9.602058 9
-22.767847 4.072378 -8.908658 10
-22.855247 4.313178 -7.983458 15
-22.910347 5.101978 -7.334658 3
-23.370747 4.356378 -6.943858 3
-23.839347 3.651878 -7.481658 1
-24.535947 4.101278 -8.015458 1
-24.363747 5.085478 -7.718958 3
-25.348347 5.320978 -7.656858 6
-24.691847 5.831278 -7.120058 3
-25.306647 5.439478 -6.523158 6
-24.706647 4.682178 -6.382358 3
-25.476847 4.295078 -5.870758 10
-26.327547 4.720378 -5.678258 1
-26.231547 5.046578 -6.657858 6
-26.991347 5.633478 -6.611358 6
-27.669847 5.128478 -6.170558 5
-27.429947 4.185378 -5.914358 10
-27.280847 3.236178 -6.020758 9
-26.366147 3.304178 -5.581558 8
-26.987747 2.739878 -5.059768 5
-26.228547 2.203478 -4.695468 6
-25.691947 2.940978 -4.383298 3
-25.774147 3.867978 -4.647518 11
-24.850547 4.080278 -4.615538 13
-24.332447 4.850478 -4.908378 9
-23.736347 4.717678 -5.629558 3
-22.991847 4.454778 -5.209948 3
-22.507147 3.952178 -5.882258 3
-21.605847 3.621078 -5.916658 6
-21.021247 3.463778 -6.673258 5
-21.201747 2.731878 -7.328658 8
-21.871347 3.441378 -7.229658 1
-22.028847 4.365378 -7.083758 3
-21.747647 4.656678 -6.176158 3
-21.382547 4.381378 -5.323558 9
-21.259947 5.265178 -4.920888 1
-21.682047 6.057478 -5.193378 1
-22.357347 5.939978 -5.853758 3
-21.753747 6.563578 -6.228058 3
-21.053747 7.188178 -6.300758 1
-20.271747 6.995378 -5.687258 9
-20.428847 6.156778 -5.290438 4
-20.259947 5.327778 -5.728758 1
-21.102147 5.461378 -6.188158 3
-20.242647 5.592778 -6.759358 4
-20.996947 4.958278 -7.045458 3
-20.946947 4.775478 -8.042258 9
-21.418747 5.679678 -7.817858 3
-21.965347 5.594978 -8.699158 9
-22.911647 5.359578 -8.518758 3
-23.546747 5.485978 -9.176258 5
-23.449247 6.257478 -9.760158 15
-22.629747 6.213178 -9.244958 9
-23.136047 6.572178 -8.503058 3
-23.505447 7.454678 -8.390758 3
-23.963647 8.317178 -8.155758 5
-23.948247 8.192178 -9.067158 10
-23.913547 7.759078 -9.944858 6
-23.118847 7.307878 -10.162458 6
-22.340347 6.735378 -10.234758 9
-22.096847 7.452478 -9.660558 13
-22.346247 7.888178 -8.812958 13
-22.520547 7.834378 -7.941358 3
-23.139347 8.381578 -7.419658 5
-23.393247 7.780678 -6.708758 3
-24.219847 8.163078 -6.657858 5
-25.070847 7.748878 -6.740258 6
-24.882747 7.554278 -7.639958 1
-24.100447 6.973278 -7.734358 3
-24.534647 6.299078 -8.153958 3
-25.500147 6.621578 -7.936158 6
-26.385747 6.730278 -8.119358 6
-26.507447 6.363878 -8.996558 10
-27.286747 6.009978 -8.580658 3
-28.252247 5.779478 -8.345758 1
-28.157947 6.775378 -8.446858 13
-27.847247 6.472978 -7.541658 3
-26.949147 6.746678 -7.352158 6
-27.478747 7.593178 -7.280358 4
-26.952847 8.296778 -7.500458 4
-27.629247 9.035078 -7.672958 11
-28.430947 9.606278 -7.517458 9
-28.052847 10.539478 -7.786158 8
-27.235347 11.004378 -7.539958 3
-27.824447 11.507778 -6.947758 12
-27.267947 12.318378 -7.064958 3
-27.692047 12.449478 -7.993058 3
-28.293147 13.091678 -7.665858 4
-27.610347 13.452078 -7.005558 3
-28.168047 14.059178 -7.569658 14
-27.817247 14.716878 -8.111658 6
-27.177147 14.196078 -8.552158 3
-27.014047 13.400278 -8.973858 3
-27.941747 13.557278 -8.913458 9
-28.399547 14.462278 -9.061958 6
-28.098347 14.099378 -9.947858 1
-28.708647 14.620478 -10.486058 1
-28.483447 15.603778 -10.402258 6
-29.429447 15.839178 -10.616858 9
-30.193347 15.653278 -11.200958 1
-31.179047 15.687378 -11.245758 10
-31.040447 16.552178 -11.697858 9
-31.383647 16.832178 -10.788858 3
-32.095147 17.456778 -10.945458 4
-32.649847 16.637378 -10.892458 1
-32.460347 15.722978 -10.580058 5
-32.268847 16.121278 -9.711158 3
-32.704947 16.758678 -9.108658 1
-33.543147 17.263278 -9.138358 8
-33.995847 18.091678 -9.047358 3
-33.233247 18.635178 -8.682258 1
-32.984147 19.590278 -8.460058 13
-32.391247 18.858878 -8.089358 5
-33.144447 18.925978 -7.393158 3
-33.763647 19.051078 -6.645758 15
-33.605847 18.198678 -6.296658 3
-33.009847 17.866278 -5.633758 10
-32.365247 18.280778 -5.080338 9
-32.010247 18.847078 -4.432598 5
-31.791347 18.150578 -3.800658 8
-31.284547 18.864578 -3.429888 3
-30.535047 19.002778 -2.886728 9
-30.369647 19.375378 -3.798558 11
-29.992247 19.969778 -4.527118 10
-29.173447 19.822978 -5.058698 13
-29.844147 20.039578 -5.718658 3
-29.393447 19.683278 -6.597458 3
-29.986047 20.031078 -7.314758 9
-29.854247 20.787878 -7.928058 6
-30.416747 20.215978 -8.452158 13
-30.942047 19.462278 -8.344858 9
-30.567447 19.100778 -9.174058 13
-30.047347 18.697778 -9.863958 3
-29.706847 17.852978 -9.817858 3
-29.001047 18.069978 -9.163058 9
-29.246147 17.132878 -9.211758 5
-28.483047 16.604178 -9.555758 6
-29.360047 16.233878 -9.648058 8
-29.402647 16.179878 -8.693558 6
-30.380747 15.999078 -8.811358 3
-30.988547 15.249678 -8.935958 4
-30.424047 15.042178 -9.662758 3
-30.361747 14.148878 -10.041658 5
-29.684147 14.322978 -9.424758 3
-29.810647 15.040578 -8.768058 6
-29.684247 15.172878 -7.814458 15
-29.124647 15.830478 -7.370858 6
-28.793247 14.976878 -7.169158 6
-29.556347 14.440778 -6.827858 3
-29.368547 14.019178 -7.682358 5
-29.486147 13.254678 -7.140358 1
-30.231147 12.576478 -7.454658 10
-30.123447 11.949178 -8.200058 4
-29.312047 11.689378 -7.923458 1
-28.881147 11.098678 -8.559558 3
-29.238547 10.885178 -9.449958 1
-28.670347 11.665678 -9.550858 1
-28.890047 12.560278 -9.592058 1
-28.079447 12.480478 -8.993758 10
-27.222847 11.973378 -8.941458 1
-26.525947 12.661678 -8.643758 3
-25.902547 12.785878 -7.957058 3
-24.922847 12.389678 -8.061058 3
-24.665747 11.929578 -8.848458 3
-24.332147 11.429278 -9.654458 1
-25.019247 11.291978 -10.291758 9
-25.498547 11.183478 -11.109058 12
-26.059947 11.807378 -11.663258 5
-26.468747 11.544178 -12.512858 9
-26.849047 10.820578 -13.133658 4
-26.965547 10.942878 -14.077258 10
-27.839147 10.548278 -13.727658 5
-28.640247 11.007978 -13.860058 6
-27.958447 11.507678 -14.338058 3
-28.464547 11.651778 -15.201258 11
-29.350247 12.024478 -15.366958 9
-29.685847 11.214578 -15.673158 3
-29.759147 10.861478 -16.535758 3
-29.252447 10.074678 -16.901058 4
-29.929647 9.373778 -17.294458 14
-29.188547 9.599978 -17.965458 13
-28.919747 10.540778 -18.146358 10
-28.051447 10.238678 -18.392058 1
-27.852047 10.804978 -19.265158 10
-27.750347 10.907478 -20.209858 13
-27.609647 10.003178 -20.068558 3
-28.513147 10.198078 -20.426058 10
-29.345547 10.607278 -20.334458 13
-29.941047 10.058678 -19.792358 4
-29.658747 9.175178 -20.081358 4
-30.178147 9.084478 -19.306958 6
-29.963947 8.138178 -19.484858 10
-30.041647 7.180778 -19.404058 8
-29.969347 6.791478 -18.508458 9
-29.232947 6.900478 -17.793258 6
-29.844347 7.073078 -17.005058 13
-29.287447 7.036978 -16.251958 4
-28.385547 6.857878 -15.881158 1
-27.740547 7.216878 -16.447958 10
-26.836747 7.063878 -15.967758 5
-27.522047 7.717178 -15.606558 6
-26.691547 8.284078 -15.451358 3
-26.017647 9.008778 -15.348958 13
-26.488247 8.984178 -16.219158 4
-25.542647 9.136278 -16.317958 13
-24.728447 9.513278 -16.723458 5
-24.572247 8.652378 -16.322858 1
-24.161247 9.227378 -15.625958 3
-23.696347 8.526078 -15.198058 4
-24.094547 7.616878 -15.133258 4
-24.792947 7.127378 -14.680958 10
-25.484447 6.537278 -14.387158 11
-25.370347 5.857578 -13.707158 6
-25.304247 5.066078 -14.362558 10
-24.600347 5.439178 -14.961858 10
-24.284947 6.353178 -15.006858 8
-23.499547 6.249378 -15.580058 11
-22.770447 6.734578 -15.747158 4
-22.477747 7.464778 -16.275758 4
-23.375347 7.415378 -16.601458 4
-24.030447 7.392878 -17.387258 10
-24.040647 8.040978 -18.064958 11
-23.172247 7.633478 -18.275458 3
-23.078547 6.733178 -17.891458 4
-23.476547 5.935578 -17.506258 9
-23.838347 6.240978 -16.651658 4
-24.377747 5.526978 -17.046758 5
-25.260247 5.341878 -17.370358 10
-24.884147 6.066878 -17.887458 13
-25.808747 5.987878 -18.224958 10
-26.798747 5.907778 -18.398058 1
-26.242947 5.823978 -19.225158 6
-25.546147 5.340378 -19.759758 1
-25.571047 4.367078 -19.508958 1
-25.760447 3.469778 -19.237458 3
-26.603747 3.706678 -18.842558 5
-26.972347 2.820678 -18.917358 13
-26.872547 3.240978 -19.749558 6
-26.213547 2.858278 -20.392858 13
-26.484047 1.953078 -20.701858 10
-25.801647 1.414778 -21.080858 6
-25.631547 1.375678 -20.107058 1
-26.076847 1.064378 -19.310458 4
-25.597047 1.671878 -18.793058 9
-25.155247 1.535478 -17.897258 10
-24.321247 2.055778 -18.120658 9
-24.305647 2.990678 -18.192858 4
-23.472447 3.046578 -17.621258 12
-23.385247 2.154078 -17.453958 3
-23.748047 1.919378 -16.625258 4
-24.395147 2.471478 -16.112758 15
-23.950547 2.212978 -15.207958 4
-23.114747 2.700878 -15.366458 1
-22.449447 2.474578 -16.034558 8
-21.697847 3.032078 -15.981758 13
-20.907347 2.564178 -15.758058 13
-21.369747 2.882378 -14.975858 3
-20.401547 2.898378 -14.815358 13
-20.160847 2.925878 -13.864458 10
-19.429747 2.407378 -14.217058 15
-20.128647 1.973178 -14.745158 13
-20.997447 2.103078 -14.306658 4
-21.292947 1.583578 -13.538958 10
-22.285247 1.715178 -13.416558 4
-22.173047 1.120178 -12.717458 1
-23.071247 0.942878 -12.927758 4
-23.550747 0.904578 -13.774658 2
-24.245647 1.584678 -14.056458 11
-24.624547 2.436678 -13.837558 3
-24.287747 2.721078 -13.056258 5
-24.077347 3.590278 -13.479958 10
-24.163947 3.558578 -14.430358 9
-24.527847 4.400878 -14.598158 1
-24.519547 4.576678 -13.631958 1
-24.322947 4.351378 -12.696858 6
-24.653447 5.139878 -12.288158 3
-24.422147 4.567278 -11.546658 1
-23.926647 5.433478 -11.144358 4
-24.533347 6.010978 -11.608558 1
-25.405847 6.475378 -11.870958 1
-26.282547 6.824178 -12.168858 6
-25.761747 7.628578 -12.168658 4
-24.921847 7.802978 -12.524958 1
-24.249747 8.244578 -13.027058 10
-23.871247 8.593978 -12.125958 10
-24.562947 9.064678 -11.714658 8
-24.607847 9.635278 -10.948858 8
-24.214347 9.300778 -10.098758 3
-23.355747 8.870778 -9.902858 13
-22.611847 9.568978 -9.812458 13
-21.737647 10.066578 -10.205958 4
-21.563547 9.795778 -9.272358 10
-22.232547 9.187278 -8.858758 5
-21.477547 8.629778 -8.881358 13
-21.029747 8.250378 -8.128758 4
-21.117347 8.889278 -7.381458 5
-20.907347 9.818878 -7.572358 11
-20.095347 10.260578 -8.002858 1
-19.391647 10.733878 -8.392258 10
-20.032647 11.504878 -8.367258 10
-20.937147 11.492578 -8.438158 4
-20.956047 12.430478 -8.067758 15
-20.666147 12.835078 -8.881458 4
-20.948147 13.773678 -9.061958 5
-21.578147 14.517678 -8.914358 10
-20.983047 15.048378 -8.362158 9
-20.258247 15.004678 -7.736758 3
-19.398347 15.099478 -8.221758 6
-19.449047 14.175278 -8.210958 11
-18.941847 13.470878 -7.869258 13
-18.276447 13.184978 -8.460758 1
-17.764947 12.970478 -7.742758 11
-18.171047 13.580578 -7.136358 4
-17.838047 14.107878 -7.874658 4
-17.441147 14.773778 -7.279658 6
-17.114047 15.477778 -7.901358 9
-17.782647 15.315978 -8.600858 13
-17.896947 14.938378 -9.505858 10
-17.842847 15.263678 -10.449158 3
-18.191247 15.853078 -11.157058 10
-17.723447 15.072778 -11.465458 4
-16.877247 15.179378 -11.969758 13
-16.826247 14.180078 -12.123058 1
-17.460347 13.565178 -12.643658 4
-17.539047 14.487578 -12.873558 5
-18.469347 14.823678 -12.911658 6
-19.468247 14.798778 -12.744158 8
-19.337547 14.279378 -13.541358 13
-18.509647 14.620078 -14.030858 12
-18.202147 15.519878 -13.777558 10
-17.750247 15.815278 -14.597058 1
-17.999147 15.016678 -15.092058 15
-18.992647 15.181978 -15.324258 1
-18.486647 14.981478 -16.035058 1
-18.086647 14.350478 -16.769458 4
-18.173947 13.520778 -17.247858 1
-19.044347 13.288978 -17.607658 1
-18.540547 12.624878 -18.109158 4
-17.898147 12.067978 -17.530558 1
-17.059347 11.671478 -17.860958 3
-17.530547 11.021778 -17.334358 4
-18.107947 10.200478 -17.351358 3
-17.650347 9.451378 -16.832458 4
-18.286447 8.846078 -16.398358 10
-19.253847 8.602878 -16.224758 10
-18.730347 7.869878 -16.445458 10
-18.642247 7.028778 -16.947358 5
-18.971347 6.124678 -16.845758 9
-19.778447 6.127578 -17.349558 4
-19.999347 5.653678 -16.536358 13
-20.827047 6.136778 -16.293758 4
-20.073047 6.690678 -16.075258 1
-20.259047 7.140778 -15.200658 10
-19.663447 7.373078 -14.484858 10
-19.739747 6.446478 -14.544758 6
-20.464447 6.136378 -13.999158 11
-19.808647 5.701778 -13.426658 11
-20.123947 4.847978 -13.673458 6
-20.781847 4.178078 -14.026758 3
-20.710947 4.472578 -14.882058 13
-20.320747 5.283278 -14.573158 6
-20.773447 5.897078 -15.163458 10
-21.682847 6.073778 -14.913958 4
-21.738147 5.141278 -14.797458 10
-21.979147 4.207478 -14.746458 8
-21.879547 4.192378 -15.699258 13
-22.379447 5.048778 -15.554858 3
-22.402947 5.833978 -16.087958 4
-22.773447 5.138778 -16.559658 8
-22.507947 5.576278 -17.352258 4
-22.784547 4.705678 -17.632158 6
-22.703647 4.957278 -18.547458 4
-22.227347 4.827478 -19.435458 13
-21.350047 4.528078 -19.753358 12
-21.151747 3.605878 -20.135358 10
-20.730847 3.296278 -19.229558 5
-20.099147 3.719278 -18.518758 13
-19.854347 4.426378 -17.862758 13
-19.884447 5.183478 -18.402258 1
-20.232847 5.984978 -18.822958 1
-20.921847 6.544178 -18.410058 4
-21.217247 7.325678 -17.969058 4
-20.882847 8.205878 -17.844658 9
-20.810747 9.196678 -17.921158 1
-20.301347 8.996578 -17.105158 10
-19.665047 9.803878 -16.949258 1
-19.156747 10.550978 -16.702658 3
-18.642747 10.092478 -16.090758 13
-18.123747 9.626478 -15.371158 10
-18.486747 10.362778 -14.894358 4
-19.096947 10.428778 -14.206258 9
-19.596547 10.585878 -15.068658 11
-19.603947 9.748978 -15.665758 4
-19.556347 8.888978 -15.317558 10
-19.252047 8.377278 -14.480658 10
-19.480647 8.830578 -13.652458 3
-20.402147 8.604378 -13.848858 10
-20.236047 7.666378 -13.492858 4
-20.167747 7.914178 -12.575358 15
-19.423947 7.304978 -12.777458 10
-19.569147 6.561478 -12.131458 13
-20.092247 5.748078 -11.997858 4
-19.635447 4.910178 -12.375558 9
-19.056547 5.122078 -13.101658 6
-18.532647 5.748178 -13.554258 6
-18.490447 6.623278 -13.138458 4
-17.800947 7.291878 -12.875958 4
-17.978847 8.205178 -12.654458 9
-18.154847 8.674478 -13.542858 7
-17.797547 8.827978 -14.455458 10
-17.079847 9.287678 -14.769258 8
-16.751947 8.668878 -15.423058 13
-17.433447 8.445178 -16.039658 10
-16.928347 8.108578 -16.902058 5
-17.529947 8.450478 -17.475858 4
-17.266547 9.057378 -18.198758 1
-16.634047 8.344378 -18.025858 13
-16.687647 7.343478 -17.889958 5
-15.708747 7.151378 -17.676358 5
-15.856447 6.836378 -18.633958 3
-15.381547 6.361178 -19.298258 1
-16.219147 6.268778 -19.781058 12
-16.948847 6.483278 -19.277158 6
-17.644947 5.946778 -18.830558 10
-18.227047 6.764878 -19.027058 4
-18.206447 6.360778 -19.886258 3
-19.007747 5.965478 -20.232558 1
-19.862047 5.391078 -20.215158 1
-20.766647 5.778878 -20.102758 1
-21.327047 6.453778 -20.409158 10
-21.684447 6.963678 -19.711758 1
-21.810847 6.462578 -18.935558 4
-21.650147 5.561078 -18.661658 6
-21.265447 5.652278 -17.780458 4
-21.153847 4.685578 -18.060558 10
-21.103547 3.695778 -17.946258 13
-21.961347 4.093278 -17.743658 14
-21.836447 3.434678 -17.014358 10
-20.994547 3.758178 -16.706158 13
-20.527347 4.502178 -17.058158 13
-20.693847 4.826978 -16.175258 13
-21.427647 5.252478 -16.700258 11
-21.669047 6.131978 -16.863358 4
-21.699047 7.105678 -16.948558 4
-20.929647 7.242378 -16.466758 4
-20.390347 7.929178 -16.039558 10
-20.560547 8.829278 -15.829058 10
-20.715747 9.735178 -15.660158 8
-21.393847 9.382978 -16.248758 3
-22.242147 8.969778 -16.064158 11
-23.066647 9.242678 -15.683558 6
-22.417647 8.738278 -15.112958 4
-22.039447 9.343778 -14.442658 5
-21.194847 8.889278 -14.496958 10
-21.200947 7.894178 -14.302858 10
-22.046147 7.523978 -14.051158 6
-21.859047 7.395378 -15.022058 4
-22.441747 6.719678 -14.744358 4
-22.654547 6.756278 -13.759658 13
-22.605547 6.662878 -12.814458 10
-23.133447 6.417978 -11.944758 5
-22.169647 6.704878 -11.694358 4
-21.419147 7.041178 -11.148958 15
-21.193847 6.298278 -10.511758 9
-20.861747 5.614978 -9.873158 9
-20.144347 5.173778 -10.374958 7
-19.204947 5.209278 -10.087558 5
-18.612247 5.947178 -10.430458 10
-17.615247 6.016378 -10.294358 1
-17.507947 6.754078 -11.007358 4
-17.716747 7.706078 -11.184258 1
-17.734047 8.018378 -10.271758 13
-18.003147 8.895178 -10.629258 4
-18.818947 8.447378 -10.974158 3
-18.756147 9.411378 -11.141958 1
-18.465247 10.121778 -11.679458 10
-19.258847 10.318478 -11.087958 13
-19.453047 11.143878 -11.472958 8
-20.211047 11.664878 -11.327758 10
-19.927747 12.633178 -10.947858 1
-20.851347 12.389378 -10.704658 6
-21.323647 12.942078 -10.061558 4
-21.839947 12.663178 -10.822058 10
-22.332347 12.352478 -10.052458 3
-22.062947 11.421178 -9.875558 4
-21.218947 11.390878 -10.442558 4
-20.692247 10.716078 -10.969258 11
-20.725847 9.739878 -10.869358 12
-21.554947 9.279178 -11.048858 6
-21.223147 9.014278 -10.155558 13
-21.152347 8.113478 -9.759258 13
-20.164847 8.255478 -9.570858 14
-19.399047 8.955478 -9.525658 4
-19.459247 9.848478 -9.786358 10
-19.935747 10.621478 -9.841858 11
-20.190547 11.458578 -9.420458 4
-19.247547 11.243478 -9.230658 10
-18.782747 11.768478 -9.922758 3
-18.517647 12.316678 -9.193258 1
-17.594247 12.541778 -9.184858 5
-17.954447 12.063578 -8.401358 1
-18.055347 11.117978 -8.627558 10
-17.671047 10.846278 -9.462158 10
-17.015847 10.915578 -10.158358 4
-16.070147 11.252578 -10.276558 15
-15.220247 11.154778 -10.681258 4
-15.758547 11.265178 -11.495058 5
-15.998447 10.531078 -12.049458 9
-15.480347 9.866778 -12.545858 10
-16.377547 9.546378 -12.350958 5
-16.373847 8.673578 -12.005958 1
-15.993347 7.758378 -11.863258 4
-16.412947 6.929878 -11.745358 4
-16.654347 7.503478 -10.988858 13
-16.207247 6.535578 -10.787258 4
-16.303947 6.774778 -9.831158 13
-16.577047 7.183978 -9.070058 13
-17.450147 6.951978 -8.852558 6
-18.327947 7.495578 -8.853058 1
-18.404247 8.288178 -9.479858 9
-18.360547 9.251578 -9.285558 10
-17.973647 9.807878 -9.902758 10
-17.484047 9.887978 -10.700758 9
-16.692547 9.472878 -10.269358 15
-16.267947 8.795578 -9.712058 13
-17.116647 9.073078 -9.346558 10
-16.706447 8.309278 -8.959458 13
-17.390147 8.205678 -8.311458 3
-17.070247 8.439378 -7.427458 11
-17.461147 8.432878 -6.448158 7
-17.967647 8.819378 -5.737358 4
-18.585347 9.309778 -5.060248 4
-18.664747 10.249178 -5.239568 10
-18.445647 10.618378 -4.375988 8
-18.420847 11.507178 -4.723038 8
-17.847247 11.968178 -5.314958 6
-17.314447 11.293778 -5.729958 4
-17.385147 11.550778 -6.733858 5
-16.932347 11.314178 -7.568158 10
-16.581547 10.658978 -6.979858 4
-16.935047 10.322878 -7.834158 10
-17.661647 9.752978 -7.648458 6
-18.520847 9.654278 -8.058958 10
-19.270647 9.669878 -7.437958 6
-18.793747 9.002978 -6.893458 4
-19.267447 8.221578 -6.542358 1
-18.527747 7.631378 -6.450158 10
-18.720947 7.021478 -5.782658 1
-18.583647 6.382878 -5.016918 1
-18.611647 5.453278 -4.729888 10
-17.735747 5.112078 -4.530858 12
-17.021947 5.098278 -5.178718 1
-16.429947 4.832878 -4.457478 4
-15.897247 4.544978 -5.219298 13
-15.542247 5.446878 -5.450758 1
-16.295047 5.995778 -5.325258 5
-15.750847 6.149578 -6.292158 4
-16.420347 6.369778 -6.911758 3
-16.667147 7.164878 -7.362458 10
-15.869347 7.654778 -7.258958 14
-15.846747 7.628778 -8.226858 13
-14.977447 7.865978 -8.453958 13
-14.303647 8.563378 -8.259258 4
-14.779647 9.351978 -8.566558 5
-15.045847 8.780178 -9.393658 13
-15.656247 9.641378 -9.388958 15
-16.502347 10.087178 -8.878158 10
-16.269047 10.336078 -9.814758 4
-15.932447 11.095978 -9.238758 10
-15.007147 11.028678 -9.680158 15
-14.954147 11.844078 -9.265758 7
-14.958347 11.573478 -8.344858 3
-15.167147 11.153378 -7.517058 10
-15.867847 11.840778 -7.577358 9
-16.136247 11.999978 -8.525458 10
-16.464147 12.608078 -9.195158 1
-16.493047 13.532978 -9.474858 1
-16.122147 13.885478 -8.578758 4
-15.505747 13.571778 -9.242158 4
-15.211247 13.276078 -10.153758 13
-14.756147 14.150478 -10.190658 6
-14.805547 14.751278 -10.997058 10
-15.513347 14.821778 -11.587358 4
-15.769947 14.523078 -12.524858 11
-15.007947 13.864978 -12.350258 4
-14.578547 14.674478 -12.436358 5
-13.668847 14.427278 -12.075258 9
-13.626447 14.108278 -13.074258 13
-13.482547 13.904478 -13.997958 10
-12.697147 13.570978 -13.511758 4
-12.964447 12.830178 -13.024458 10
-13.713247 12.313378 -12.735658 4
-13.402747 11.408378 -12.675058 8
-12.878247 10.636278 -12.162558 8
-13.742447 10.806778 -11.719658 13
-13.901447 9.900178 -11.279458 9
-12.958347 9.581078 -11.339358 10
-13.102447 9.258478 -10.456958 11
-13.313947 8.558178 -11.172158 7
-12.336847 8.470178 -11.082958 6
-12.601847 8.349478 -12.018458 1
-12.902647 9.119878 -12.520258 4
-13.766147 9.018878 -12.078258 13
-14.486747 9.293878 -12.634158 1
-15.104647 8.600978 -12.915658 1
-15.758747 7.872878 -13.054758 4
-16.142547 7.962378 -14.019758 1
-17.005247 8.157578 -13.719858 5
-17.096547 7.214278 -13.691258 4
-17.878547 6.919678 -14.295358 1
-18.593047 7.538078 -14.632158 10
-18.249147 7.306678 -15.596558 10
-17.480547 7.139878 -16.170258 5
-17.388647 6.519878 -15.427458 3
-17.398447 5.560578 -15.535458 10
-17.898147 5.087478 -16.194658 10
-18.775047 5.353378 -15.766658 4
-18.879747 4.413978 -15.704758 13
-19.411447 4.333478 -14.755458 6
-19.801947 3.779178 -15.532658 13
-20.087347 3.457578 -16.348958 13
-19.591047 2.763478 -16.839958 13
-18.890047 2.148578 -16.954358 6
-18.238947 1.629278 -16.501858 4
-18.594747 0.879978 -16.101158 7
-18.302247 1.506678 -15.452558 10
-18.703047 2.378378 -15.917958 13
-18.921447 3.039378 -15.120658 13
-18.654047 3.563778 -14.268358 6
-17.791247 3.135578 -14.326758 10
-17.897947 2.984878 -13.408758 15
-18.245647 3.939078 -13.082758 9
-17.677747 3.444278 -12.481558 9
-17.138347 3.884678 -11.788458 4
-16.997747 4.785278 -11.679558 4
-17.797447 4.622278 -11.181558 10
-17.127747 5.100078 -10.732558 4
-16.327747 5.469678 -10.357858 5
-16.029347 5.130178 -11.212658 4
-15.357847 4.517378 -11.091258 4
-14.724347 3.967978 -10.657658 10
-14.051847 3.229978 -10.779858 6
-14.990347 2.910178 -10.674558 10
-15.594747 3.483478 -11.128058 4
-16.388647 3.201478 -11.498158 4
-17.043847 2.494978 -11.619258 1
-17.008147 2.297478 -12.635458 3
-16.132547 2.102378 -12.949558 1
-16.347347 2.133778 -13.937758 10
-15.630247 2.550278 -14.601858 10
-15.921647 2.755778 -15.485758 10
-16.443947 3.561278 -15.562558 10
-16.947847 2.688478 -15.641758 10
-17.418447 2.151578 -14.949858 10
-17.978747 1.771278 -14.294858 7
-18.515847 1.643878 -13.474858 12
-18.541647 1.555178 -12.519158 11
-17.807147 1.018778 -12.867258 1
-17.372247 0.356178 -12.235958 10
-16.600047 0.197078 -11.659858 11
-15.592747 0.225578 -11.758458 13
-15.114447 -0.246622 -11.030658 7
-15.531047 0.525078 -10.759358 1
-16.485147 0.772578 -10.624158 5
-16.872847 1.658478 -10.594858 4
-16.497047 2.498478 -10.270958 7
-16.975447 3.324478 -10.226658 4
-17.470547 2.774578 -9.600058 8
-16.597847 3.081178 -9.297658 10
-16.276647 3.903378 -9.742058 4
-16.624747 4.157578 -8.814558 3
-16.523447 4.442878 -7.868058 10
-15.808447 4.963278 -7.629758 7
-15.993647 5.586678 -8.417258 4
-15.162047 5.766778 -8.967058 13
-15.018247 5.670278 -9.907258 10
-14.392547 6.374778 -9.596558 13
-14.586747 6.358778 -10.521158 1
-14.909047 5.508478 -11.025358 4
-14.080447 5.121278 -11.182258 10
-13.502247 4.461178 -10.788158 1
-13.313747 3.777478 -10.122758 12
-14.082447 4.206578 -9.704458 7
-14.582247 4.756678 -9.158958 9
-13.932147 4.389078 -8.659658 10
-13.331747 4.653278 -8.008758 1
-12.844547 5.039578 -7.287658 9
-12.358247 5.822878 -7.057958 6
-12.974747 6.263078 -7.665258 5
-12.749447 5.843878 -8.526958 4
-13.437847 6.266478 -9.010558 5
-13.831847 7.192878 -9.274958 10
-14.647647 7.731578 -9.536358 13
-14.815147 8.297478 -10.304558 15
-15.744147 8.272478 -10.433358 13
-15.578447 7.322278 -10.263858 13
-14.909147 7.592778 -10.937458 10
-14.900747 6.891078 -11.594558 4
-14.693147 6.065378 -12.088058 4
-14.262247 5.701178 -12.907558 11
-13.810847 4.841278 -12.998758 11
-14.102747 4.343478 -12.185558 4
-13.467847 3.606978 -12.223458 15
-13.789147 3.391078 -13.093458 3
-13.997847 2.640778 -13.729358 10
-13.406147 1.996378 -13.331858 1
-12.951847 2.074478 -12.469058 1
-12.997547 1.484778 -11.777658 7
-13.696247 2.074578 -11.460158 10
-14.692047 2.088178 -11.650158 8
-14.565347 2.958678 -12.031158 3
-15.200347 3.078278 -12.699958 10
-15.047647 3.896978 -12.172458 4
-14.860547 4.345278 -12.996458 1
-15.802847 4.622578 -12.941958 4
-16.004447 3.712678 -12.961558 4
-15.933947 3.247678 -13.814758 10
-16.822747 3.539878 -13.515958 1
-16.790247 4.427778 -13.815258 4
-16.652147 4.169978 -14.757058 10
-17.542547 4.261978 -14.384858 7
-18.259247 4.733378 -14.097458 6
-17.580547 5.080478 -13.457758 4
-17.246747 5.584278 -14.148258 4
-16.574247 5.401878 -14.894358 10
-16.058947 5.957378 -15.407058 7
-16.564847 5.757678 -16.260858 6
-17.254147 6.193378 -16.842658 5
-16.954547 6.393578 -17.743358 5
-16.556447 5.494778 -17.485258 10
-15.949547 4.787078 -17.729358 9
-15.660247 3.962978 -17.295458 4
-15.250847 3.089478 -16.930658 10
-15.221847 2.484378 -16.191658 10
-14.446647 2.212878 -16.798358 10
-14.371147 2.679478 -17.682458 13
-13.830347 3.385678 -18.027258 1
-14.224947 4.178278 -18.431858 7
-13.983047 3.609978 -19.206758 4
-14.262947 2.626978 -19.074958 1
-15.089647 2.754478 -18.587958 1
-16.045547 2.954878 -18.598558 3
-16.290847 2.892778 -17.687258 10
-16.742447 3.786278 -17.950058 9
-17.049247 4.652778 -18.397358 1
-17.519347 5.228278 -17.748458 1
-18.188447 5.000478 -18.315358 4
-18.809547 4.631678 -17.678658 10
-19.073447 3.824278 -17.250758 13
-18.518747 4.299778 -16.630858 13
-17.982647 3.471578 -16.761758 13
-17.176947 3.643878 -16.268358 10
-16.944147 4.318878 -16.934358 8
-16.151447 4.140278 -16.455258 10
-15.872147 4.500278 -15.641058 10
-15.302847 5.222878 -15.996758 8
-15.033347 5.609978 -15.114658 7
-14.248047 5.929178 -14.591058 11
-14.385547 6.190578 -13.713158 11
-15.036447 6.800878 -13.377458 4
-15.394547 6.299878 -14.206658 3
-15.445547 5.417878 -13.672258 11
-15.597647 5.738078 -12.785858 4
-16.202347 5.286278 -12.248058 4
-17.245047 5.440478 -12.423858 4
-18.003047 5.996478 -12.198158 5
-17.307847 6.671378 -12.165058 4
-16.524547 6.206878 -12.448158 4
-16.237247 6.515878 -13.317858 4
-16.638447 6.348778 -14.251458 6
-16.617747 7.119278 -14.963458 10
-16.153947 7.311178 -15.773358 5
-15.299847 7.620378 -15.513358 1
-14.871847 6.812578 -15.663058 1
-14.904247 6.458078 -16.646558 6
-14.071247 6.994378 -16.761758 7
-14.205147 6.392678 -17.532958 10
-13.407747 6.047078 -17.030458 5
-13.273247 5.216878 -16.480758 13
-13.055047 4.516678 -15.876558 4
-13.382747 3.640378 -15.648258 10
-12.486647 3.444478 -15.989358 13
-13.194247 3.109278 -16.579458 15
-13.390747 2.472378 -15.796258 10
-14.286947 2.186278 -15.718358 10
-13.800047 1.547178 -16.189558 15
-14.321247 1.218478 -15.400058 10
-13.736947 0.658478 -14.893058 9
-14.681347 0.709478 -14.636358 13
-15.153347 0.669678 -15.462058 10
-15.626247 -0.046522 -15.029058 15
-15.782347 0.848078 -14.732658 10
-15.469447 1.565378 -14.244858 10
-14.694147 1.406578 -13.694358 10
-13.935047 0.870578 -13.611358 9
-12.978847 0.830578 -13.409558 3
-12.775947 1.109878 -14.341758 12
-13.294847 1.973878 -14.586258 10
-12.637347 2.394878 -14.071258 4
-11.652447 2.376678 -14.260358 12
-11.025147 1.638378 -14.284158 7
-10.267147 2.226778 -14.141558 7
-9.805747 2.882478 -14.687858 7
-9.069647 3.286378 -15.173158 1
-8.732547 3.100078 -14.292058 7
-7.744747 3.068578 -14.462258 10
-7.379547 3.338778 -15.293158 4
-7.491947 4.340978 -15.517158 4
-8.404447 4.038178 -15.589058 1
-9.233547 3.953378 -16.136658 1
-9.457147 4.675378 -16.709658 11
-10.310347 4.586378 -17.070658 4
-11.133747 4.296578 -17.519658 14
-11.436247 3.472978 -17.979558 13
-11.864647 3.176978 -17.106558 9
-11.889647 2.384478 -17.669758 7
-10.981947 2.071278 -17.744458 11
-10.408547 2.103178 -16.952558 6
-9.765947 1.863278 -16.318258 1
-9.644247 2.108178 -15.416358 10
-9.860547 1.345578 -14.836958 7
-10.119947 0.419778 -14.658458 7
-10.745947 0.238478 -15.339358 4
-11.280647 -0.096522 -15.994758 10
-11.464347 -1.103422 -16.105258 13
-11.029147 -1.007822 -17.011958 12
-11.159947 -0.069322 -17.104058 4
-10.956947 -0.364022 -18.027358 13
-10.836747 -1.346222 -18.016658 12
-10.149347 -1.783322 -17.492058 12
-9.897847 -0.859022 -17.426058 10
-9.948947 -1.325222 -16.487558 7
-9.111347 -0.866522 -16.661558 4
-9.014647 -0.797422 -15.708458 10
-8.914047 -0.468422 -14.762858 7
-8.297947 -0.062422 -14.165858 7
-7.450747 0.377778 -14.078958 10
-6.512247 0.399778 -13.730658 12
-5.961847 0.543778 -14.586858 4
-6.501847 0.485378 -15.361058 14
-7.196147 1.066978 -15.581858 10
-7.393647 0.169078 -15.889258 1
-8.236647 0.429178 -15.559358 10
-8.882647 0.832678 -16.101958 1
-8.587647 1.466378 -15.364858 7
-8.035947 2.135678 -14.909158 1
-8.266447 1.358078 -14.302758 7
-8.991747 1.143178 -13.648958 7
-9.457747 0.301178 -13.636958 7
-9.772947 -0.521222 -13.338458 10
-9.976147 -0.848022 -12.441758 3
-10.171047 -1.119122 -11.550958 10
-10.498747 -1.997522 -11.459158 1
-9.565947 -1.890122 -11.147058 4
-9.211747 -1.299122 -11.801258 1
-8.435647 -0.733822 -11.806758 12
-7.757747 -0.096022 -11.420758 11
-8.019247 -0.113222 -10.494058 4
-7.192147 -0.651622 -10.196958 5
-6.957547 -0.781522 -11.112658 1
-6.730647 -0.923922 -12.022258 10
-5.970147 -0.398422 -12.278658 1
-5.592747 0.529578 -12.043358 14
-6.195847 0.173278 -11.457658 11
-6.739947 0.935478 -11.794458 7
-6.370247 1.034678 -12.659258 10
-6.701947 1.940778 -12.395058 9
-7.638547 1.988078 -12.530858 15
-8.195347 2.794178 -12.683458 4
-8.829147 2.357778 -13.321358 7
-9.692547 1.991278 -13.332658 7
-9.936747 2.485678 -12.564158 7
-9.578547 2.514978 -11.693658 9
-8.952347 1.793178 -11.789658 10
-8.157147 2.171478 -11.313458 10
-7.632147 2.955278 -11.192258 15
-7.336647 3.832078 -10.975958 14
-7.381547 3.962878 -11.956858 10
-7.124747 3.545378 -12.839258 14
-7.945647 3.769478 -13.225058 13
-8.870747 3.803278 -13.523058 7
-8.728247 4.702878 -13.495558 10
-9.622647 4.350578 -13.942858 12
-10.488747 4.017078 -13.625658 10
-10.705047 3.239278 -13.171058 7
-10.914447 2.865278 -12.315958 7
-11.367747 2.694678 -11.489658 4
-11.809047 3.500878 -11.085558 10
-11.111947 3.466378 -10.352658 1
-11.237447 2.464678 -10.300358 10
-10.421247 2.799978 -10.675758 1
-10.107247 3.067478 -9.726758 12
-9.249347 3.473678 -10.177558 13
-8.874247 4.104478 -9.577358 4
-9.129347 3.605078 -8.754958 1
-9.783647 4.276878 -8.683158 1
-9.481847 5.186178 -9.050958 1
-9.466447 5.928278 -9.656458 7
-8.581647 5.671278 -9.967658 1
-7.919547 5.953978 -9.365458 7
-7.934747 6.945278 -9.529258 4
-7.527647 7.336678 -10.298758 6
-7.577247 8.197978 -10.902858 1
-7.811147 8.882178 -10.299158 12
-8.505447 9.151878 -10.972758 7
-8.659947 9.189578 -11.950558 10
-8.900247 9.970078 -12.601058 4
-8.264947 10.321078 -13.237758 8
-7.738447 11.130578 -13.144158 11
-6.990547 11.765978 -13.327158 10
-6.050747 11.611378 -13.288658 7
-6.015347 10.812078 -13.785258 10
-6.273947 10.296778 -14.524058 7
-6.443647 9.404078 -14.674958 11
-6.763347 8.433478 -14.672758 12
-7.377347 7.889078 -14.217758 13
-7.724447 8.076478 -15.070058 1
-8.561647 8.068078 -15.558058 14
-8.163447 8.470278 -16.388058 10
-7.731447 8.129078 -17.163958 13
-6.881747 8.302578 -17.608958 11
-6.344247 7.757078 -18.154458 10
-6.928147 7.111478 -17.690558 7
-7.848247 6.813978 -17.659758 9
-7.619247 6.599078 -18.532058 1
-7.210147 7.113378 -19.191158 7
-7.079447 7.944178 -19.761358 10
-8.008647 8.170378 -20.103258 15
-7.702747 8.861878 -19.477658 7
-8.446247 9.305278 -19.852058 5
-8.897347 9.687578 -20.600458 10
-9.743247 9.910078 -20.201758 10
-9.932047 10.567578 -19.524158 7
-10.888947 10.794878 -19.553258 1
-11.060447 9.825278 -19.290358 1
-11.222747 9.494578 -18.460458 16
-12.061647 8.993578 -18.711058 7
-12.455547 8.142878 -18.358558 1
-13.325947 7.999678 -18.076158 1
-13.500347 7.072978 -18.330658 4
-13.471947 6.053978 -18.312758 10
-12.682347 5.844778 -18.825058 6
-13.124247 5.073078 -19.236058 7
-13.190347 4.968578 -18.299658 1
-13.930847 4.937678 -17.633858 4
-14.732747 4.494778 -17.550258 1
-14.498947 4.173978 -16.722158 10
-14.227047 4.573878 -15.811758 14
-14.617247 4.644978 -14.862158 11
-14.541847 3.760378 -15.121558 10
-14.887947 2.833378 -15.219558 10
-14.680947 3.201078 -14.280458 10
-14.388147 4.106778 -13.909158 7
-13.420347 4.480678 -13.831658 11
-13.300747 3.582178 -14.187258 10
-12.376047 3.575978 -13.900058 14
-12.244147 2.998378 -13.093458 11
-11.920847 2.060278 -13.022558 7
-11.414047 1.616478 -12.320458 7
-10.712847 1.265578 -11.705258 4
-10.353847 1.230778 -12.630858 7
-11.109047 0.980378 -13.144758 7
-11.015047 0.057478 -12.970958 12
-11.527147 -0.421222 -13.743958 10
-12.028047 -1.048722 -14.245258 9
-11.236647 -0.882222 -14.967058 4
-10.665647 -1.397222 -14.318558 1
-11.252547 -1.930922 -14.882358 1
-11.664247 -2.250522 -15.693258 10
-12.025947 -3.154122 -15.957558 7
-11.489247 -3.013322 -16.792158 12
-10.902847 -2.389422 -16.352958 13
-10.448147 -2.690022 -17.247758 12
-11.178147 -2.953922 -17.869558 12
-11.658847 -2.217322 -18.345558 12
-12.112147 -2.052422 -19.151058 1
-12.644047 -1.896722 -18.345858 15
-13.362047 -2.386722 -18.856358 7
-13.675047 -1.536322 -18.597458 4
-14.630847 -1.651122 -18.780158 7
-14.746447 -0.700022 -18.696658 15
-14.063947 -0.573722 -19.399758 1
-13.991047 -1.477822 -19.551358 1
-14.263547 -2.364022 -19.490658 7
-14.439747 -3.279322 -19.327858 7
-14.881747 -3.699022 -18.599458 7
-15.202847 -4.164622 -17.850858 15
-14.705847 -4.943022 -17.739858 15
-14.596547 -4.940522 -18.668058 7
-13.954447 -5.778422 -18.378558 10
-13.682247 -5.942822 -17.472958 1
-12.984947 -5.443922 -17.035958 11
-12.618047 -4.630322 -17.402658 12
-12.382647 -4.506022 -16.504558 1
-11.475747 -4.231422 -16.429158 12
-11.587947 -4.794522 -15.631858 7
-12.095147 -5.597322 -15.631258 12
-12.433047 -5.269022 -14.793958 10
-13.358347 -5.285622 -14.368258 1
-13.280947 -6.195522 -14.674258 7
-12.589947 -6.368422 -14.056058 3
-13.395447 -6.621022 -13.568958 10
-13.673847 -6.448022 -12.626758 1
-14.194647 -5.618022 -12.670258 16
-14.732247 -5.431322 -13.514658 7
-15.466147 -6.073022 -13.634658 7
-15.149047 -6.017222 -14.579958 10
-15.693247 -6.697622 -14.907058 16
-16.543647 -6.382022 -15.082758 9
-16.494647 -5.663222 -15.719558 7
-16.161447 -5.214622 -16.503958 15
-15.350247 -5.639722 -16.108158 1
-14.556247 -5.425222 -16.643758 15
-14.134847 -4.993222 -15.886258 5
-13.706247 -4.207322 -15.647958 4
-13.555847 -3.882722 -16.560358 1
-12.758847 -3.583522 -17.012758 12
-12.837347 -3.652322 -17.963058 12
-13.483847 -3.328922 -18.657558 7
-13.885147 -3.484322 -17.756058 7
-14.319147 -2.866722 -17.102158 1
-14.007847 -2.365922 -16.359358 1
-13.664547 -1.351622 -16.295258 1
-13.654147 -0.567822 -15.691758 7
-14.093247 -0.994922 -14.958058 4
-14.362347 -1.820022 -15.291158 10
-14.844147 -2.688322 -15.327358 7
-14.884947 -2.465422 -14.325558 1
-13.963847 -2.677922 -14.233958 1
-13.138047 -3.229922 -14.080958 1
-13.222847 -2.398922 -13.520258 1
-12.777347 -2.296922 -14.383958 7
-13.134347 -1.452722 -14.329058 15
-13.245347 -1.514822 -15.322558 1
-12.603747 -1.547322 -16.010758 1
-12.266947 -2.215822 -16.649758 12
-12.436247 -1.566422 -17.283558 12
-13.183147 -2.161322 -17.115958 12
-13.946547 -1.972622 -17.700458 7
-13.942647 -1.093422 -17.481658 11
-14.284247 -0.216722 -17.127158 15
-13.471247 0.315178 -17.055258 12
-13.996947 1.077878 -17.456458 7
-14.866747 1.381978 -17.402358 10
-15.561147 0.835778 -17.048958 10
-15.948247 0.653678 -17.926258 15
-16.474747 1.377278 -17.604958 10
-17.154747 0.722178 -17.742758 11
-17.899247 0.772678 -17.167158 7
-18.214147 0.623878 -18.086458 15
-18.728347 1.272678 -17.536058 7
-19.553347 1.617678 -17.831558 16
-19.886847 2.490278 -17.916558 13
-20.823747 2.727178 -17.905758 13
-21.274747 1.907478 -18.183558 16
-20.865447 1.138278 -17.783058 9
-21.447047 0.489578 -17.382858 7
-21.833947 0.880378 -16.538958 16
-21.254447 0.316978 -16.132258 7
-20.973847 1.254278 -16.016458 7
-20.250147 1.775478 -16.318758 13
-19.596447 1.172978 -16.749658 7
-19.600047 0.456378 -16.121758 7
-20.364047 -0.135222 -16.025258 7
-21.041647 -0.528122 -15.485758 9
-21.292447 -1.059922 -14.692158 1
-21.901447 -0.335022 -14.412258 7
-22.220547 0.394978 -15.035758 15
-23.153447 0.132478 -14.810558 12
-23.958047 -0.031022 -15.213058 11
-24.369447 -0.157622 -16.082858 6
-23.374647 -0.028822 -16.135258 12
-23.694347 0.280878 -16.988758 1
-23.408147 -0.115822 -17.808858 7
-24.326247 -0.278622 -18.241558 4
-24.314347 -1.126122 -18.599758 7
-24.086847 -2.022922 -18.798658 16
-23.079147 -2.145622 -19.176258 14
-23.070247 -2.222522 -18.271058 10
-22.700947 -2.470022 -17.427858 16
-21.984147 -1.776522 -17.580558 5
-21.590747 -0.966022 -17.244758 15
-20.824147 -0.477322 -17.223558 7
-20.272347 -0.052122 -17.884958 7
-19.668047 0.591178 -17.616158 7
-19.183647 -0.192022 -17.933358 7
-19.204247 -0.777822 -18.691158 12
-18.735947 -1.593922 -18.596658 11
-18.355747 -2.456222 -18.436158 11
-18.751847 -2.710222 -19.268458 11
-18.981047 -1.928922 -19.837858 4
-19.769647 -1.870522 -20.412258 1
-20.320147 -1.089122 -20.297958 1
-20.197747 -0.495622 -21.107258 4
-20.271547 -0.984122 -21.962458 12
-20.902047 -0.771822 -22.647658 15
-21.775447 -0.618922 -23.122758 1
-22.222447 -1.143722 -23.851458 1
-22.702447 -1.979222 -23.918458 7
-22.786847 -2.915522 -23.694558 15
-22.103047 -2.601422 -23.030758 10
-21.733747 -3.232022 -23.816958 7
-20.711747 -3.333122 -23.796858 10
-20.283147 -2.536322 -23.556558 14
-20.239947 -2.057422 -22.654158 10
-20.187747 -3.058422 -22.598658 16
-21.168747 -3.111422 -22.514858 16
-21.602047 -2.905022 -21.727858 7
-22.353947 -2.387822 -21.396858 9
-22.546847 -2.455922 -20.485858 16
-22.473247 -3.310022 -20.923658 13
-21.693547 -3.846522 -20.589158 7
-21.281547 -4.159322 -19.722958 13
-20.693347 -3.785822 -19.036358 12
-20.453347 -2.888422 -19.557458 1
-20.618147 -2.688322 -18.625658 7
-20.296647 -2.269922 -17.730258 12
-20.250047 -1.871922 -16.717458 1
-19.813947 -1.047622 -16.332258 1
-19.073247 -0.420922 -16.005258 7
-18.926447 -0.832222 -15.125858 12
-18.454747 -0.006522 -15.303458 7
-18.357547 0.422678 -14.462458 1
-17.456747 0.477978 -14.195458 16
-17.155547 1.073978 -14.824558 10
-17.705947 0.611678 -15.559958 7
-17.276147 -0.226222 -15.476158 7
-17.908047 -0.880822 -15.530358 15
-17.351347 -1.010422 -16.275658 7
-17.281247 -1.356422 -17.176158 11
-16.380247 -1.479322 -16.843058 16
-15.640247 -0.818722 -16.948958 6
-15.961147 -0.517322 -17.876058 15
-15.252447 -1.191022 -17.949258 4
-15.243247 -2.109722 -17.901358 7
-15.509247 -2.961722 -17.864358 7
-15.749447 -3.558822 -17.132558 15
-16.649047 -3.298622 -16.935258 9
-16.935347 -4.049422 -16.471758 7
-16.039547 -4.125322 -16.191258 15
-16.429347 -3.494422 -15.591358 16
-17.395147 -3.605822 -15.514358 1
-16.979047 -3.166222 -14.770458 13
-17.548247 -2.363422 -14.692758 1
-17.246247 -2.575722 -15.612058 12
-17.459447 -2.796922 -16.571658 11
-18.408847 -2.637122 -16.506358 12
-18.140947 -1.696622 -16.353158 9
-18.254247 -1.646422 -17.299258 11
-18.839747 -0.909922 -16.932158 7
-18.127447 -0.371722 -17.483658 7
-17.231647 -0.609222 -17.792258 11
-16.840247 -0.180222 -17.046358 7
-16.423847 0.463578 -16.460558 16
-16.174947 1.144978 -15.885658 10
-16.135947 2.029478 -16.105358 10
-16.789047 2.018778 -16.778158 10
-17.578447 1.942178 -17.335458 5
-17.530547 2.458778 -18.229958 14
-18.360847 2.636778 -18.705058 4
-18.554447 2.091678 -19.511358 16
-18.892647 1.561478 -20.260058 7
-19.336947 1.441378 -21.132858 12
-19.156647 1.209078 -22.065358 7
-19.593447 1.043578 -22.902158 16
-18.806247 0.475078 -23.061858 16
-17.907847 0.798678 -22.765658 7
-17.285447 1.507478 -22.491858 16
-17.780547 2.297278 -22.282558 12
-17.935847 3.257178 -22.361658 1
-17.620747 2.957378 -23.234158 7
-17.389247 2.976878 -24.136958 7
-18.067647 3.495078 -24.611058 1
-17.673747 3.132378 -25.426158 10
-17.266747 3.973178 -25.512458 1
-17.418847 4.605078 -26.334558 1
-17.250947 5.526978 -26.201258 16
-17.038347 5.576278 -27.196058 1
-16.721747 6.390178 -27.486858 15
-15.870747 6.824478 -27.751158 15
-14.928347 6.521578 -27.780558 7
-15.144247 5.954578 -28.540458 1
-15.756847 5.215678 -28.228158 12
-15.875347 4.994478 -29.139858 1
-16.296647 5.033478 -29.978958 1
-16.286747 4.051178 -30.103758 13
-16.357847 3.084778 -29.889858 13
-16.950247 2.482878 -30.338658 7
-17.665947 1.825678 -30.282658 7
-18.220647 0.972678 -30.284258 16
-18.630647 0.693678 -29.485358 13
-19.552347 0.797778 -29.286858 15
-20.069847 0.447378 -28.565058 12
-19.711147 -0.357522 -28.130258 8
-20.526947 -0.120622 -27.577958 7
-20.868447 0.823078 -27.485958 12
-21.818847 0.814878 -27.753958 7
-22.281847 0.279978 -28.478458 12
-21.433447 -0.017722 -28.647658 5
-21.739247 -0.495722 -27.844458 15
-21.899747 -0.947522 -26.952258 7
-21.307847 -1.653222 -26.657758 12
-20.460047 -1.416422 -26.969658 11
-20.461747 -2.085822 -27.699758 7
-20.606647 -2.889522 -28.208258 16
-19.842247 -3.456722 -28.426958 7
-19.348747 -4.329522 -28.664558 11
-18.702747 -4.583022 -28.054958 7
-19.135647 -5.319722 -28.353458 1
-18.349047 -5.857422 -28.399458 11
-18.601947 -6.368922 -27.632658 1
-18.797147 -6.624122 -26.710158 9
-18.086347 -7.101322 -26.339558 11
-17.596847 -6.642622 -25.657458 12
-17.312347 -7.302622 -24.972458 1
-17.459447 -6.629622 -24.290758 16
-16.679847 -6.600222 -23.677258 10
-16.434447 -5.685122 -23.948158 7
-16.047347 -6.271522 -24.600558 16
-15.556947 -7.156622 -24.619858 5
-15.002747 -6.396722 -24.433258 16
-14.409347 -5.844422 -24.959558 14
-14.627847 -4.995622 -24.517758 7
-15.272547 -4.523822 -23.960858 9
-15.984347 -4.124222 -23.442058 4
-15.805947 -4.828722 -22.702458 7
-15.778247 -4.677622 -21.735058 15
-16.095047 -3.820122 -21.363658 7
-15.384347 -3.335722 -21.749058 16
-14.495347 -3.026822 -21.491658 7
-13.718147 -2.467122 -21.335758 1
-13.561347 -2.268422 -20.406858 7
-13.347947 -1.472622 -20.797558 1
-13.111847 -0.531322 -20.724058 1
-12.883447 -0.762722 -19.843158 12
-13.135747 0.006778 -19.261258 1
-13.886047 0.108578 -18.664458 7
-14.667847 0.408278 -19.098458 15
-15.280447 1.029378 -18.704558 15
-15.758647 1.196578 -19.566658 10
-16.573547 1.456378 -20.000058 7
-16.678247 0.692378 -20.614658 12
-17.188547 0.144878 -20.109258 7
-16.944747 0.028478 -19.225658 15
-17.510147 -0.772322 -19.275558 11
-18.094447 -1.130722 -20.057158 16
-17.849547 -1.591722 -20.864058 13
-18.745047 -1.688822 -21.241058 1
-18.503047 -2.590822 -20.995358 13
-18.125347 -3.312622 -20.580458 6
-17.820147 -2.855922 -19.775258 11
-17.040747 -3.326922 -19.952158 7
-16.536947 -3.028522 -20.675058 7
-16.607947 -2.451722 -21.445958 12
-16.957047 -3.204822 -22.004358 16
-17.171347 -3.835722 -21.252858 12
-16.681047 -4.693822 -20.958658 7
-16.031947 -5.463322 -20.946558 16
-15.620347 -4.893822 -20.319958 7
-15.325547 -5.579022 -19.659058 12
-15.996647 -4.930322 -19.313258 7
-16.039347 -5.843822 -18.955658 15
-15.749247 -6.694722 -18.596658 8
-15.312947 -6.590422 -17.786558 16
-15.170647 -6.330722 -16.861858 7
-15.591747 -5.550522 -17.287658 15
-16.468147 -5.554022 -17.566758 15
-16.893947 -4.908122 -18.135458 15
-17.550247 -4.315222 -17.807758 4
-17.986147 -3.416322 -17.680558 11
-18.502947 -4.047322 -17.128358 12
-18.865647 -3.957622 -18.106958 11
-19.395447 -3.611922 -18.904358 7
-18.732847 -4.302022 -19.105958 11
-18.155347 -4.697122 -19.794358 9
-17.171347 -4.458222 -19.622258 7
-17.207247 -5.265522 -20.107158 1
-17.826547 -5.965822 -20.247358 7
-18.358947 -6.867022 -20.146958 1
-17.584847 -7.284822 -20.468458 16
-17.136647 -7.586222 -19.668158 7
-16.569947 -6.919822 -19.538258 1
-16.362947 -7.540822 -20.261058 11
-15.973747 -8.349622 -20.615058 1
-15.534547 -8.356122 -21.457958 1
-15.192847 -7.933222 -22.185758 7
-14.350447 -8.075922 -21.604558 1
-13.995547 -7.361622 -21.089258 1
-13.541547 -7.213322 -20.262058 7
-12.648147 -6.820822 -20.282258 1
-13.232647 -6.032022 -20.108658 5
-12.946747 -5.401322 -19.472358 15
-11.998547 -5.014822 -19.352958 12
-11.493947 -4.547522 -20.091458 16
-11.438147 -3.907222 -19.382758 12
-11.667947 -3.441822 -20.200758 16
-12.430047 -2.805022 -20.068458 7
-12.510847 -3.440122 -20.846358 16
-13.459147 -3.528222 -20.844058 7
-13.585647 -4.473822 -20.749458 14
-14.171447 -3.960722 -20.184758 7
-13.830447 -4.187922 -19.311258 7
-13.133847 -4.656822 -18.803958 11
-12.625047 -5.400122 -18.456758 15
-11.716247 -5.437522 -18.221758 12
-10.887547 -5.879322 -18.202258 11
-9.971547 -5.798422 -18.391258 16
-9.908847 -5.795622 -17.468858 16
-10.725447 -5.293522 -17.331358 1
-11.303247 -4.675722 -17.776958 12
-10.293847 -4.499422 -18.001458 12
-9.531847 -4.797622 -17.388058 1
-9.408147 -5.027822 -16.466658 11
-9.391647 -5.831622 -15.863558 1
-10.154647 -5.326422 -15.490858 12
-9.852247 -4.914222 -14.606458 13
-10.184847 -4.077122 -14.131458 7
-9.871147 -3.336122 -14.691258 1
-9.232447 -3.627222 -15.337058 7
-9.016947 -4.157622 -16.051358 15
-9.188747 -3.823222 -16.920558 1
-8.621247 -3.123222 -17.190558 8
-9.465047 -3.058722 -17.692658 13
-10.236347 -3.505622 -18.198658 12
-11.122547 -3.886022 -18.361958 12
-11.898447 -3.316522 -18.431258 12
-12.502947 -3.346922 -19.234358 7
-12.649147 -4.007622 -19.885958 7
-12.480547 -4.703622 -20.517358 16
-12.938547 -5.301122 -21.093158 5
-13.685747 -5.612622 -21.639558 9
-14.304847 -5.233822 -21.003858 8
-14.556447 -4.319322 -21.204058 15
-15.125147 -3.929022 -20.527058 7
-15.425247 -3.277122 -19.860958 7
-15.913847 -3.554322 -19.123658 7
-16.300847 -3.959722 -18.319658 15
-17.072947 -3.395622 -18.296058 11
-17.332347 -2.559922 -18.747458 11
-16.391247 -2.722222 -18.487358 7
-16.575247 -1.832922 -17.997158 11
-15.937347 -1.779922 -18.663058 7
-16.397647 -0.935022 -18.925358 15
-16.923547 -1.662322 -19.171658 11
-16.430647 -1.342522 -19.984258 1
-16.099747 -1.991522 -20.577858 7
-15.315947 -2.216922 -20.006858 7
-15.314547 -1.275422 -20.388558 1
-14.879747 -1.932022 -20.977058 7
-15.138547 -2.040522 -21.868558 15
-15.309347 -2.133522 -22.789958 14
-14.640647 -2.022822 -23.536158 1
-14.565147 -1.277322 -22.901058 10
-13.700647 -0.851322 -22.998258 12
-13.344047 -1.727722 -22.811158 1
-12.768647 -1.648122 -22.089658 1
-12.538947 -2.643822 -22.004258 16
-12.688447 -2.633822 -22.951258 1
-12.757247 -3.583122 -22.605758 1
-11.966547 -3.600722 -22.038558 16
-11.046247 -3.622722 -21.833858 16
-11.336147 -4.471622 -22.126458 16
-12.142147 -4.878622 -21.712858 1
-11.503847 -5.266322 -21.142358 16
-11.501847 -6.026222 -20.502258 7
-11.297747 -5.586222 -19.613958 12
-10.563047 -6.163722 -19.800858 15
-9.957547 -6.654822 -20.378958 1
-9.670547 -6.191022 -21.216558 16
-8.941247 -5.806422 -20.664758 5
-8.008847 -5.441822 -20.769358 15
-8.418847 -5.561622 -21.637858 16
-7.790047 -4.975522 -22.060258 15
-7.636447 -5.768122 -22.644158 12
-8.487747 -6.176222 -22.683058 16
-8.551647 -6.838222 -23.370658 12
-8.563347 -7.577122 -22.771258 1
-9.338147 -7.368722 -22.286258 1
-10.214047 -7.242122 -22.895258 1
-10.041047 -6.645622 -23.518858 15
-10.293047 -5.654622 -23.742458 16
-10.264547 -4.765622 -24.062358 16
-9.832747 -4.053722 -24.480458 7
-9.077947 -4.111422 -23.912758 16
-8.855547 -3.247722 -23.810058 8
-9.161247 -2.325622 -23.748158 11
-9.525447 -1.505122 -24.168458 16
-10.304747 -2.058422 -24.308158 11
-10.089547 -2.907422 -24.691458 13
-10.550947 -3.216022 -23.952658 8
-10.266647 -3.938522 -23.383458 16
-10.410947 -4.083922 -22.419658 16
-10.197347 -3.183822 -22.669058 16
-9.331947 -2.863522 -22.523258 16
-9.040147 -1.956222 -22.512658 11
-8.609947 -1.019022 -22.453558 1
-9.551547 -0.934922 -22.774858 11
-10.313047 -0.752222 -23.373858 11
-10.942447 -0.562322 -24.076558 7
-10.863947 0.353078 -23.892258 1
-10.489147 1.088178 -24.427758 1
-10.394247 0.443978 -25.249958 1
-10.986247 -0.243522 -25.237758 1
-11.416647 0.371978 -25.814858 1
-10.980847 1.133278 -26.215258 16
-10.894547 2.036378 -26.458458 16
-10.914447 2.483878 -25.623858 1
-11.095247 1.717078 -25.000558 1
-11.326147 1.900878 -24.083958 11
-12.035147 1.231578 -23.624158 16
-13.027047 1.205978 -23.862358 12
-13.535647 2.038178 -24.036658 15
-13.943147 1.501778 -23.379958 5
-13.337347 1.366478 -22.651158 16
-13.133547 0.419478 -22.519558 15
-12.703547 -0.419222 -22.195058 5
-12.229047 -0.829822 -21.478158 16
-11.678147 -0.941622 -22.258358 11
-11.603947 -1.767822 -21.676658 16
-11.750047 -1.761022 -20.739758 16
-11.281447 -0.917522 -20.681658 7
-11.169347 -1.125722 -19.796658 1
-11.125147 -1.766622 -19.033458 12
-11.248647 -2.182522 -19.973658 16
-10.421247 -2.158022 -19.561858 12
-9.595647 -2.415922 -20.006558 1
-9.612047 -3.196422 -20.579958 16
-9.926647 -4.117522 -20.515258 16
-9.043647 -4.613522 -20.513258 15
-9.700047 -5.096322 -21.106758 16
-9.664247 -4.513522 -21.850458 16
-8.724147 -4.566422 -22.054058 16
-8.152947 -4.512822 -21.210558 15
-8.091047 -3.635822 -20.869058 15
-7.573147 -2.821822 -20.669558 1
-6.969647 -2.985122 -19.922058 7
-7.631647 -3.127722 -19.270258 1
-7.826047 -2.062522 -19.181858 1
-7.840347 -2.268522 -18.195758 13
-8.764447 -1.968522 -18.196258 16
-9.460347 -2.166022 -18.866158 11
-9.899947 -3.035222 -19.099358 12
-10.456947 -3.250722 -19.914858 12
-10.802947 -3.482422 -20.791558 16
-10.363847 -1.752322 -21.289058 11
-10.419747 -0.769722 -21.165558 11
-10.239247 0.174078 -21.250758 12
-9.943847 -0.186722 -22.069458 11
-9.207947 -0.136922 -21.544458 16
-8.928847 -0.695522 -20.821758 11
-8.165047 -1.248822 -21.141658 16
-7.374347 -1.100922 -21.614458 1
-7.401347 -1.909322 -21.115658 16
-6.387447 -1.891322 -21.186758 1
-6.504247 -2.832322 -20.979958 8
-5.648447 -2.899722 -20.687358 16
-5.135847 -3.466522 -20.102058 16
-6.030947 -3.812622 -20.354158 5
-6.187347 -4.299522 -21.238458 15
-5.758947 -5.187722 -21.208058 8
-5.732347 -5.032122 -20.285458 1
-6.456547 -5.663822 -20.179658 1
-7.058147 -4.921622 -19.979158 15
-7.026547 -4.135222 -20.461958 15
-7.006347 -3.957322 -19.518958 7
-7.458047 -4.304122 -18.802558 5
-8.094947 -4.834422 -19.224758 8
-8.946447 -5.174922 -18.967558 1
-9.969447 -5.159722 -19.135758 12
-10.516747 -4.914422 -19.817458 12
-10.531947 -5.418422 -20.636858 16
-10.558047 -5.960722 -21.483158 9
-10.401747 -5.210622 -22.085658 16
-10.433247 -5.879822 -22.746158 16
-11.230647 -6.408422 -22.523458 1
-11.698247 -7.204122 -22.826658 13
-11.667147 -8.141422 -22.768558 12
-11.627047 -8.562422 -23.697858 1
-10.890347 -8.659722 -24.301658 7
-10.592547 -8.887622 -25.123558 1
-11.328447 -8.896522 -25.678158 1
-10.998947 -8.502722 -26.506358 1
-11.501047 -7.903522 -27.059858 14
-11.503947 -7.630722 -26.017858 1
-11.324647 -6.827422 -25.553058 16
-10.598847 -6.166222 -25.225258 15
-10.796047 -6.801522 -24.572058 1
-11.544547 -6.299522 -24.254158 7
-11.448447 -5.320222 -24.027858 16
-11.827247 -5.307522 -24.936458 7
-11.469147 -4.405822 -24.928958 5
-11.310947 -4.226122 -23.951458 16
-11.968647 -4.576222 -23.244558 16
-12.266247 -3.980222 -23.957758 8
-11.607947 -3.236122 -23.946458 16
-11.262647 -2.498822 -23.442258 5
-11.153547 -1.839522 -22.753758 11
-11.546547 -2.683522 -22.384258 16
-10.685247 -2.620422 -21.905158 16
-9.935547 -2.111922 -22.158058 11
-9.498247 -2.447122 -21.313858 16
-8.529847 -2.582522 -21.271358 1
-8.850547 -3.325622 -21.790358 16
-7.885347 -3.205122 -21.926958 15
-8.447647 -3.200122 -22.783058 16
-7.740647 -3.240022 -23.449458 1
-7.682447 -2.329022 -22.941058 12
-7.046247 -2.170522 -22.297058 1
-6.779647 -3.031822 -22.191658 15
-6.208747 -3.805222 -22.578458 12
-6.551047 -4.631522 -22.205558 15
-6.560447 -5.455522 -22.734358 1
-5.650447 -5.481522 -22.759558 11
-4.995547 -6.097022 -23.122858 16
-4.761347 -5.651822 -23.952358 11
-4.064047 -6.287722 -24.022158 12
-4.857147 -6.572922 -24.548258 1
-4.972647 -6.421722 -25.484958 5
-5.651647 -7.175122 -25.220258 16
-6.556847 -7.018122 -25.032058 16
-6.936747 -7.080922 -24.042158 1
-6.525947 -6.219822 -24.135158 7
-6.810447 -5.320122 -24.330858 1
-7.552147 -4.624522 -24.333758 16
-7.926847 -5.467622 -24.708358 1
-8.404247 -5.575022 -23.878158 1
-9.249847 -5.683222 -23.310858 16
-8.741947 -4.905522 -23.048458 16
-7.872947 -4.805822 -23.357658 7
