-32.867279 -10.738889 57.657524 2
-32.891979 -11.105489 58.634584 14
-32.061579 -10.628989 58.949474 1
-31.146479 -10.345889 58.673834 1
-30.373379 -9.895889 58.360724 1
-29.536179 -9.388589 58.169194 1
-29.098379 -8.607489 57.906594 3
-28.329879 -8.870589 58.418964 16
-27.442679 -8.508489 58.561214 1
-27.076579 -9.168889 59.227054 4
-26.755379 -9.521589 60.126654 1
-26.310679 -10.266789 59.794234 2
-26.017479 -11.214989 59.515214 1
-26.377179 -11.792089 60.248774 12
-27.033979 -12.441589 59.890994 1
-27.664979 -12.479289 59.176334 14
-28.281279 -12.983789 58.569064 11
-27.937779 -12.414489 57.912744 2
-28.724179 -11.971989 57.476334 15
-28.554479 -12.932689 57.291654 15
-29.433679 -12.683389 57.515194 8
-29.923079 -12.618789 56.701344 8
-30.663579 -12.065489 56.447094 1
-31.029479 -11.150589 56.389114 2
-30.240379 -11.225189 55.859624 9
-29.520679 -11.537089 55.154224 2
-29.037179 -10.797889 55.454824 1
-29.105679 -10.060989 54.813604 9
-28.609579 -10.824789 54.485124 5
-28.463079 -11.565289 53.836844 13
-27.609879 -12.032989 53.780484 12
-26.727379 -12.112489 53.240934 2
-25.967479 -11.780589 53.689334 14
-25.615079 -11.110989 53.087274 6
-25.688279 -11.016289 52.087334 2
-25.217879 -10.475989 51.327548 14
-25.841579 -10.708489 50.561284 2
-25.618779 -10.066589 49.965093 8
-25.958979 -9.220389 49.632802 14
-25.583879 -8.699489 48.912294 1
-26.356179 -8.635889 48.245064 14
-25.659979 -8.645189 47.577494 2
-26.049579 -7.797689 47.429644 14
-25.243779 -7.379389 46.966434 6
-24.513779 -6.962989 46.434864 6
-24.551279 -6.304489 45.741184 11
-24.563179 -6.003689 44.791704 2
-24.141979 -5.848789 44.033594 2
-23.397379 -6.331189 43.815924 2
-22.602979 -5.795889 43.524334 5
-22.412079 -5.801589 44.477454 1
-22.357779 -5.372389 45.349314 2
-22.456979 -6.342089 45.445934 2
-23.196779 -5.966289 46.020154 2
-23.233479 -6.198989 47.087024 3
-22.380979 -6.350789 47.559824 5
-22.519779 -6.940289 48.257984 7
-23.282779 -7.630389 48.155084 1
-22.886779 -8.548789 48.365154 5
-22.861479 -8.080789 49.198314 2
-23.563079 -7.333289 49.237624 8
-24.214579 -6.689089 49.511274 9
-25.006279 -6.688089 48.941874 2
-25.939679 -6.857889 48.564354 14
-25.892879 -7.636489 49.093454 14
-25.516779 -7.930189 49.897833 1
-24.984379 -8.088589 50.691292 1
-24.843079 -7.154989 50.842559 15
-25.284879 -6.634089 51.524814 2
-26.018779 -6.543189 50.862221 1
-26.558979 -6.834889 50.051069 8
-27.253379 -7.512889 49.927731 14
-27.204479 -8.190989 50.547948 9
-27.108879 -8.987189 49.975045 14
-26.845679 -9.156889 50.880203 1
-26.504079 -10.007989 50.734465 2
-27.334879 -9.936389 50.20156 6
-27.934779 -9.679489 49.454324 14
-27.237779 -10.375989 49.092374 14
-27.416779 -11.287289 48.942654 2
-26.625279 -11.689589 49.270434 8
-27.468679 -12.143489 49.437244 1
-27.210179 -13.083589 49.767698 8
-26.529879 -12.993789 49.143254 15
-26.610279 -13.973089 49.571493 1
-27.518479 -14.126789 49.333844 10
-27.385179 -13.357789 48.773384 12
-27.338979 -12.588689 48.185184 11
-26.560379 -12.937089 47.712904 2
-27.226579 -13.385489 47.285094 2
-26.997479 -14.015589 46.514694 1
-27.568379 -13.293289 46.327594 2
-27.262779 -13.318789 45.409924 3
-26.792579 -14.153689 45.327444 1
-27.412179 -14.314989 44.654814 1
-28.339779 -14.486189 44.346794 1
-29.239179 -14.663089 43.972524 1
-29.411779 -13.901789 44.546454 1
-29.016379 -13.114689 44.138894 1
-28.522179 -13.041289 43.322974 1
-27.887879 -12.245889 43.174734 7
-27.008479 -12.552589 43.218784 2
-26.409279 -12.760989 43.930874 1
-26.773979 -12.345989 44.723764 14
-27.056979 -11.477089 45.148594 2
-26.453479 -10.765189 45.070944 5
-25.837979 -10.540889 45.800944 2
-26.458779 -10.143489 46.292384 2
-26.808779 -9.473989 46.811944 14
-25.880979 -9.762889 47.017434 2
-26.124079 -9.822689 47.972854 5
-27.004379 -9.404989 47.767344 14
-27.387079 -8.578289 48.168204 14
-27.820279 -8.656389 49.013474 14
-27.720079 -7.735989 48.747984 14
-28.073379 -7.022989 49.282004 2
-28.856979 -7.630989 49.354624 11
-29.407579 -8.339989 49.065174 14
-29.219379 -9.067089 49.716362 5
-28.802679 -9.248089 48.860984 14
-29.188079 -10.125489 48.980714 8
-28.893779 -10.916789 49.417674 1
-29.690179 -11.483289 49.470914 9
-29.472179 -11.771189 48.571614 8
-29.649079 -11.868989 47.611684 15
-28.919079 -12.304189 47.225744 15
-28.207779 -12.361689 46.630274 2
-28.787379 -11.878289 46.001474 15
-28.168179 -12.157389 45.217054 8
-27.501979 -12.000489 45.883694 2
-26.611879 -12.356989 45.875404 2
-25.798879 -12.352289 45.302184 1
-25.665379 -11.567189 45.898274 2
-25.032479 -12.019189 46.446824 6
-26.007279 -12.027989 46.764814 2
-25.695379 -12.904289 46.878444 8
-25.009279 -13.531389 47.014584 6
-24.538679 -14.428589 46.978934 8
-24.011979 -14.441589 46.201614 2
-23.755579 -13.803689 45.579414 9
-23.184779 -13.548989 44.879494 2
-22.427679 -14.051289 44.435314 1
-21.721279 -13.381389 44.218824 12
-20.696979 -13.529489 44.047014 14
-21.044779 -12.649289 43.870264 2
-20.993679 -11.888689 43.264764 3
-21.578679 -11.556689 42.584574 14
-20.884479 -11.928089 42.181224 12
-20.164179 -11.211689 42.191494 2
-20.766879 -10.770989 42.840484 8
-20.522679 -10.640289 43.747014 6
-20.548379 -10.124789 44.616554 2
-21.286479 -9.855589 45.220154 5
-22.040879 -10.021089 45.825644 2
-22.415379 -10.140389 46.713034 1
-22.949279 -10.625189 46.034274 11
-23.698979 -10.462989 46.618204 5
-24.641479 -10.772489 46.544394 2
-24.278679 -11.270689 47.302534 5
-23.996179 -10.398089 47.806474 1
-24.857779 -10.732489 48.118804 1
-25.376179 -11.394989 48.548734 1
-26.232479 -11.705989 48.247674 1
-26.571279 -11.471589 47.387444 2
-26.866279 -10.570889 47.148884 2
-27.388379 -10.605789 48.064534 14
-28.029779 -11.291289 47.661354 15
-27.622579 -11.357589 46.853524 2
-27.758579 -10.992089 46.004044 2
-28.371979 -11.117689 45.222334 6
-29.382879 -11.357889 45.320524 3
-29.677179 -11.574989 46.205164 15
-29.900279 -10.791889 46.758964 2
-29.328079 -10.214889 47.354284 15
-28.579879 -10.389089 47.884984 14
-28.672779 -9.421489 47.585044 14
-27.887479 -8.902489 47.407514 14
-28.039979 -9.171989 46.461204 14
-28.810479 -8.689789 46.287334 2
-28.240479 -8.222189 45.668974 14
-27.739179 -8.533589 44.897354 2
-27.702479 -9.241289 44.275814 1
-27.525779 -9.911989 44.969204 2
-26.819279 -9.563689 45.458214 9
-26.957079 -8.811889 46.066014 14
-26.476579 -8.055989 46.166304 14
-26.612579 -8.089089 45.195574 8
-26.223779 -8.055789 44.299224 2
-26.806779 -8.231189 43.564024 2
-26.961679 -8.287089 42.617104 8
-27.914879 -8.372089 42.410224 8
-28.603379 -9.006789 42.632994 8
-28.953579 -9.624989 43.308774 9
-28.883779 -8.958889 44.037544 1
-29.155379 -9.648389 44.597594 5
-30.138579 -9.725489 44.537454 2
-30.620579 -9.059389 44.046014 2
-30.777679 -8.052689 44.199894 1
-31.539879 -7.597289 43.830634 7
-32.052279 -6.775489 43.785944 1
-32.959279 -6.580589 43.620764 1
-32.874979 -7.503089 43.766094 2
-33.505879 -7.319689 44.446444 14
-34.330479 -6.991989 44.814244 3
-33.912379 -6.315789 44.314444 2
-33.757179 -5.434689 44.753234 4
-34.508979 -5.062389 45.267454 2
-34.013879 -5.457589 45.992614 3
-33.321279 -4.873289 46.249754 2
-33.548279 -4.877389 47.300034 1
-34.075579 -4.687989 48.088264 14
-34.071879 -4.000289 48.775464 10
-34.736479 -3.593789 48.175074 14
-34.516179 -2.907489 48.765454 3
-35.007379 -2.049689 48.735884 8
-35.958879 -2.156489 48.786534 1
-35.814679 -1.397889 48.134504 8
-36.116279 -1.016489 48.958164 2
-36.754879 -1.262289 49.589294 6
-37.359179 -0.816689 50.199179 6
-37.802079 -1.683589 50.401618 2
-37.359979 -2.048489 51.210289 2
-36.617579 -2.035589 51.839574 12
-36.146079 -2.759489 52.283274 1
-35.312279 -3.078389 52.551844 2
-34.962179 -3.722489 51.968624 9
-34.831079 -4.372189 52.583674 2
-34.683879 -4.675289 53.462124 1
-33.705279 -4.445189 53.187574 1
-33.226679 -4.949889 53.918304 14
-33.121379 -3.971189 54.008524 1
-32.925679 -3.236189 53.387494 14
-33.887979 -3.111289 53.423104 2
-33.726779 -2.277789 53.936254 7
-34.044679 -1.466589 54.398364 2
-33.208079 -0.942589 54.344734 3
-32.408479 -0.497289 54.633964 8
-32.164379 0.122511 53.919024 3
-31.474579 -0.075489 53.271524 8
-31.678279 -0.914689 53.832994 1
-32.053379 -1.778389 53.448664 2
-31.302079 -2.023689 52.820604 15
-31.117179 -2.435489 51.972304 2
-30.263679 -2.749189 51.566024 12
-30.247379 -2.005989 52.149944 5
-30.257279 -1.064589 51.748174 14
-29.415179 -1.007789 51.323623 2
-28.580879 -0.793889 51.723384 2
-27.803479 -1.299289 51.440986 3
-27.786979 -0.973289 52.372924 1
-27.877579 0.007611 52.128774 3
-27.268879 0.145711 51.392559 2
-26.613379 -0.570389 51.082198 8
-26.717179 -1.159089 51.827794 11
-26.519179 -2.060089 51.45965 5
-26.775879 -2.935589 50.902251 1
-26.533779 -3.837389 50.780853 1
-25.800279 -4.466889 50.587122 4
-25.326379 -3.827089 50.012481 2
-25.525779 -4.123789 49.147174 1
-26.475179 -3.953489 49.032924 3
-26.532579 -4.709089 48.535564 2
-26.347279 -5.705989 48.516394 1
-26.794479 -6.480889 48.189814 14
-27.429879 -6.349789 47.476774 1
-28.324079 -6.060989 47.320724 1
-28.957479 -6.882689 47.248574 2
-28.541379 -7.715589 47.240324 14
-27.687479 -7.812889 47.639364 14
-26.978679 -7.354689 47.165704 14
-27.669179 -6.949989 46.638264 6
-27.287079 -6.150689 46.176534 9
-27.860479 -6.052889 45.426694 9
-28.285179 -6.981089 45.409404 2
-27.309579 -6.991389 45.075514 9
-26.535279 -6.909989 44.510454 9
-26.025779 -6.992789 43.670174 2
-26.478979 -7.296089 42.884734 2
-27.069679 -7.103989 43.622154 6
-26.824679 -6.215389 43.388004 9
-25.925479 -5.905289 43.431794 2
-26.231479 -5.824189 44.322904 9
-25.334079 -5.400889 44.184394 2
-25.352079 -4.477189 44.096224 2
-26.253179 -3.979389 44.003404 6
-26.102579 -3.813389 43.037544 2
-26.137779 -2.859889 43.327284 8
-26.362479 -1.897689 43.278654 6
-26.373479 -1.932689 42.358884 8
-25.714279 -2.385089 41.642194 8
-25.364979 -2.385489 40.717774 3
-24.947779 -1.565189 41.042924 6
-24.764279 -1.882389 41.942224 8
-23.851679 -1.980689 42.308974 14
-24.294079 -2.816689 42.325484 8
-23.310279 -3.067389 42.129384 2
-22.659179 -2.364889 41.971344 3
-21.943879 -2.151089 42.608204 2
-22.296279 -2.874489 43.092324 8
-23.366079 -2.928689 43.227204 14
-23.956479 -3.633589 43.197814 12
-24.172179 -3.980989 44.049324 2
-23.229179 -3.872589 43.858214 12
-23.495579 -4.488689 43.129934 2
-23.136979 -4.891689 42.302134 14
-22.770579 -5.846289 42.129154 3
-23.726979 -5.635689 41.939454 2
-23.619479 -6.482189 42.339474 2
-23.722179 -6.664489 41.343684 10
-23.551879 -5.930989 40.734974 1
-24.447379 -5.760589 41.047164 2
-25.435879 -5.740889 41.175974 2
-25.928879 -5.072989 40.695734 3
-26.217279 -4.124789 40.563924 3
-25.962779 -3.543589 41.269644 3
-26.386679 -4.129889 41.896164 8
-25.655479 -4.769889 41.901464 3
-25.603579 -5.657989 42.320384 2
-26.518579 -5.696789 42.078874 1
-26.580479 -5.172789 42.922464 2
-27.246779 -4.599889 43.256204 1
-27.659779 -5.368289 43.708874 9
-27.948579 -6.224289 43.519844 9
-28.196379 -6.569589 42.623374 1
-28.454179 -7.440889 42.297074 8
-28.655579 -7.349889 41.385324 8
-29.493879 -6.936389 41.949084 2
-29.660579 -7.050989 42.894064 1
-29.489779 -6.071889 43.005224 14
-29.864379 -5.996289 43.900774 1
-29.750979 -5.711889 44.888534 6
-29.603479 -5.097989 45.722744 8
-28.790579 -4.698189 46.019774 6
-29.350679 -4.245289 46.760524 2
-30.210179 -3.822689 46.586924 3
-30.240479 -3.111789 45.957674 7
-30.986679 -3.599589 45.623104 14
-31.679179 -3.802689 44.971784 1
-31.767579 -3.964089 44.037734 3
-31.713079 -4.890289 43.736194 2
-30.960279 -4.235389 43.429034 2
-30.209979 -4.740089 43.860034 1
-29.255179 -4.366889 44.078874 2
-29.049479 -4.304089 45.028664 6
-28.115079 -4.306889 45.275284 1
-27.372779 -4.145489 44.682594 8
-27.407279 -5.079189 45.039444 9
-26.414379 -4.961089 45.084634 9
-25.477779 -4.936189 45.290574 2
-25.036979 -4.109989 45.197234 2
-25.792779 -3.565889 45.372474 14
-25.340579 -2.798089 44.950074 2
-24.476879 -3.109389 45.045314 14
-24.130579 -2.423689 44.438754 12
-24.569879 -2.150589 43.566994 8
-24.732979 -3.111389 43.764824 14
-25.006279 -3.900889 43.294524 2
-25.308779 -3.495489 42.463224 8
-24.992479 -3.355389 41.511364 3
-24.397279 -3.504489 40.742654 3
-24.443179 -4.194989 40.062724 3
-23.574379 -3.959689 40.352924 10
-23.868979 -4.807489 40.785314 9
-24.454479 -4.774589 41.517784 3
-24.672479 -5.103589 42.422994 2
-24.905079 -5.766889 43.040334 2
-24.396479 -6.537289 43.126544 2
-23.625779 -7.136789 43.187944 1
-23.403279 -7.730289 43.908034 2
-22.826979 -8.183089 43.378054 9
-23.157679 -8.775789 42.682354 2
-23.079879 -9.625789 42.147264 1
-22.898779 -10.035689 41.298634 1
-22.729479 -10.855889 40.676264 1
-23.448479 -10.937489 41.281454 1
-23.966479 -10.510789 41.942824 2
-24.305779 -9.640389 41.610674 14
-25.158479 -9.705789 41.239964 6
-25.093479 -10.657889 41.082234 8
-25.489779 -10.456289 42.008564 3
-26.018579 -10.057289 42.689324 12
-26.414279 -9.180689 42.454874 8
-25.978479 -8.601489 41.864724 6
-25.808579 -7.736289 42.249544 2
-25.698379 -7.858489 41.308294 6
-26.404479 -7.199189 41.583074 8
-25.471479 -6.832589 41.651134 2
-24.777279 -7.281689 42.062974 2
-24.449479 -7.595289 41.183834 6
-23.653379 -7.640489 41.812264 3
-22.660179 -7.576789 41.744284 14
-21.840379 -8.080989 41.613114 12
-21.950679 -7.528989 40.797194 1
-21.576079 -6.995989 41.501804 2
-21.475579 -6.019389 41.441274 1
-20.769379 -5.303889 41.327414 1
-21.644779 -4.854789 41.525924 2
-21.703979 -3.872289 41.588974 3
-21.074679 -4.160689 42.284564 3
-21.295279 -4.568889 43.115884 1
-21.737279 -5.259889 43.602034 14
-22.525779 -4.744489 43.802724 8
-23.383579 -4.953189 44.071124 2
-23.346979 -4.719489 45.065634 2
-23.639279 -4.396589 45.916824 4
-24.027579 -5.282389 45.617454 2
-24.638579 -5.129589 46.381984 14
-25.545879 -5.589489 46.498524 6
-26.200779 -6.252289 46.174744 9
-25.934279 -6.747489 45.320814 9
-25.060979 -6.911989 45.006634 2
-25.091979 -7.890489 45.132644 1
-25.208079 -7.576289 44.203964 2
-24.764979 -7.441789 43.331334 2
-24.272479 -8.146889 42.843254 9
-24.900779 -8.788289 42.514194 6
-25.049079 -9.510489 43.240404 9
-25.552879 -8.941789 43.867304 2
-24.576579 -9.180889 44.012974 14
-24.725379 -9.578289 44.937994 3
-24.072979 -10.073889 44.392994 8
-23.572879 -9.293489 44.424754 3
-23.244879 -8.451589 44.719084 3
-24.040879 -7.921189 44.852414 2
-23.828579 -7.744089 45.745874 8
-23.724579 -6.908389 45.245024 2
-23.140879 -6.849789 44.527564 2
-22.367279 -7.074289 43.982094 3
-21.480679 -6.861489 43.403644 10
-21.141079 -7.728689 43.093084 8
-20.661579 -8.026989 43.900194 8
-20.622979 -7.133789 44.313994 2
-20.353679 -6.297489 43.953294 1
-19.481079 -6.531989 44.385494 2
-18.572779 -6.310089 44.597664 1
-17.748879 -5.747889 44.743314 2
-17.619479 -6.567489 45.216404 6
-17.518679 -7.513289 45.104864 3
-16.869479 -8.041489 44.690294 7
-16.281979 -7.696589 44.060404 3
-15.700179 -6.898589 44.272544 14
-15.766579 -5.959389 44.776394 4
-15.708079 -5.818689 45.729964 2
-15.108279 -5.137889 46.168544 3
-14.580079 -4.942089 45.389244 14
-14.539679 -5.501989 44.622454 3
-13.888379 -5.360589 43.884404 2
-13.364279 -4.862189 44.533924 6
-12.440279 -4.887689 44.648884 8
-11.887179 -5.373089 45.328854 14
-10.996779 -5.106089 45.169564 2
-11.345579 -4.253189 45.495754 6
-12.124379 -3.701289 45.675634 10
-12.392979 -3.591989 46.550774 5
-12.264079 -4.393489 47.041074 2
-12.551379 -4.784389 47.889224 3
-13.273579 -5.275389 48.287234 3
-13.525079 -4.867389 49.141534 2
-14.146679 -4.185189 48.906974 1
-13.707379 -3.332489 48.626304 1
-14.278179 -2.952089 47.987704 5
-13.592679 -2.168189 48.030924 7
-13.994179 -1.902889 47.231744 13
-14.275979 -2.113089 46.389994 3
-14.257279 -1.604089 45.571174 3
-14.230579 -0.683589 45.638334 8
-13.472079 -0.871189 45.079814 8
-13.505379 -0.462189 44.241724 1
-12.788879 0.140811 44.377854 9
-11.944679 0.231011 43.940664 3
-11.292779 0.998511 43.994954 3
-11.566879 1.909111 44.000654 3
-10.748579 2.289411 43.744594 1
-11.206079 3.117911 43.949454 1
-10.842279 3.555211 43.163714 9
-11.241879 3.616311 42.326704 10
-12.254979 3.804411 42.358604 1
-12.638579 2.946111 42.789124 14
-12.918479 2.150211 42.172104 9
-13.776279 2.412611 42.057594 3
-14.213479 1.719311 42.591384 1
-14.266879 1.430311 41.674974 2
-14.236579 1.711111 40.748894 9
-14.947379 1.396711 40.175024 10
-15.464979 1.754711 39.339424 9
-15.202779 2.577211 38.954024 3
-14.881179 1.797611 38.390424 14
-14.966279 2.545811 37.741424 2
-15.487579 3.039411 37.114324 3
-15.917979 2.145411 36.912124 5
-16.831479 2.283811 36.973424 3
-17.576479 1.835411 36.488924 3
-17.811379 2.133711 37.354424 4
-17.873979 3.069411 37.010624 12
-18.527179 3.070411 37.714624 13
-19.181279 3.172811 37.006324 6
-20.077079 3.074611 36.671024 10
-21.009879 3.122311 36.959824 1
-20.968579 2.361411 37.550824 2
-20.963879 1.438711 37.779024 3
-21.503879 2.023811 38.413624 7
-22.117279 2.686811 38.063424 1
-22.633879 2.087911 38.645624 3
-22.400479 1.089311 38.466724 3
-21.682679 0.935411 39.173924 1
-21.305079 0.419811 38.490724 10
-21.113979 -0.216889 37.822824 2
-21.465879 -0.572989 37.030524 1
-22.403179 -0.705089 36.609924 3
-23.208379 -0.179289 36.488224 8
-24.057879 -0.517889 36.946524 9
-24.320279 -0.884089 37.774324 9
-24.028379 -0.567889 38.665124 6
-23.030279 -0.489389 38.547124 3
-22.987779 -0.557789 39.474824 12
-23.352179 -0.710289 40.326724 3
-24.381279 -0.564089 39.973024 6
-25.047079 -0.020789 39.628624 6
-24.466579 0.779011 39.496824 3
-24.103179 1.366511 38.810824 8
-24.659979 0.629911 38.356824 4
-25.182479 -0.173489 38.304624 6
-25.778579 -0.335389 37.563124 9
-26.281779 0.366111 37.245424 3
-26.231279 0.636911 36.312324 13
-25.804779 -0.187589 36.440524 3
-26.102879 -1.122689 36.567324 9
-27.133979 -1.118689 36.460324 8
-27.210379 -1.696289 35.699124 3
-26.546779 -1.308989 35.122524 5
-27.288479 -0.747989 34.928324 3
-27.852379 -1.436989 34.639024 10
-27.059379 -1.793289 34.209324 14
-26.555779 -2.456989 33.677024 14
-25.844879 -3.087389 34.031124 5
-25.330079 -2.320689 33.608824 3
-24.630479 -1.610689 33.795124 10
-25.297979 -1.786289 34.390724 5
-25.138479 -1.762489 35.339824 5
-24.525979 -1.323789 35.912924 9
-23.738479 -0.895789 35.840024 1
-23.453779 -1.618089 36.393224 9
-23.929779 -2.456089 36.351024 1
-24.189479 -3.136789 37.021824 4
-24.285379 -3.777189 37.783524 3
-24.883179 -4.247189 38.314524 3
-24.181579 -3.838589 38.824424 3
-23.425279 -3.430089 39.255424 1
-22.652179 -3.093189 38.850924 1
-22.350979 -2.755689 38.009524 1
-21.853379 -1.958589 37.767924 1
-22.624779 -1.649389 37.239824 1
-23.305779 -2.230289 37.632824 4
-24.258679 -2.464089 37.801624 9
-23.926179 -2.620489 38.727024 3
-24.018579 -1.680689 38.808024 6
-24.157979 -1.615589 39.784024 6
-24.395679 -2.507989 40.231524 13
-24.580079 -3.197289 39.541124 3
-25.211579 -3.842889 39.239724 3
-25.635079 -3.027889 39.350724 3
-25.058079 -2.209189 39.087724 6
-25.794279 -2.406289 38.566224 3
-26.676779 -2.395689 38.222124 3
-26.578279 -2.138689 37.283324 11
-27.301579 -1.560789 37.574024 15
-28.265479 -1.534789 37.653624 10
-27.975179 -1.592089 38.583624 13
-27.606579 -2.295789 39.075024 3
-27.725179 -2.572089 38.115224 6
-27.060079 -3.316289 38.016924 3
-27.820279 -3.845889 37.856724 4
-28.507779 -4.359489 37.606324 8
-28.036079 -4.947089 38.220924 8
-27.819379 -5.675489 37.684224 5
-26.903779 -5.862689 37.456124 9
-26.616379 -4.894589 37.415724 4
-25.851479 -4.377989 37.740924 3
-25.303779 -3.581689 37.552424 3
-26.096479 -3.258789 37.087024 12
-25.622879 -2.610989 37.640224 3
-25.582979 -1.705189 37.309524 9
-25.393379 -1.874989 36.359124 9
-25.500079 -2.723489 35.960524 5
-26.317679 -2.409889 36.308024 1
-27.155979 -2.754289 35.961924 1
-26.937179 -3.482189 36.470824 6
-26.183279 -3.570389 35.912524 10
-26.000179 -3.478089 34.965224 5
-25.466879 -4.148789 34.513324 1
-24.833079 -3.867389 33.882424 3
-24.334979 -3.466989 33.164624 1
-23.531079 -3.435289 32.560124 3
-22.696979 -3.047289 32.917924 3
-23.340279 -2.692989 33.562024 1
-23.179979 -3.309089 34.308424 2
-24.096179 -3.318189 34.692124 5
-24.605179 -3.687589 35.404824 5
-24.582079 -3.929989 36.318324 3
-23.658379 -4.067889 36.186224 6
-23.703679 -4.544589 37.036524 3
-24.310179 -4.863389 36.336924 3
-24.381479 -5.492889 35.599124 14
-24.281679 -6.350789 35.071624 9
-24.009179 -7.013289 35.726724 9
-24.917779 -7.454189 35.862324 9
-25.080379 -7.413289 34.924424 10
-25.482979 -6.716989 34.276924 3
-26.277379 -6.389889 34.733724 13
-25.756279 -5.943589 35.325924 3
-26.460679 -6.356389 35.744924 13
-25.875079 -5.957189 36.377824 9
-25.629279 -5.170189 36.905024 3
-24.964379 -5.848489 37.044324 9
-24.163179 -5.423089 37.336124 3
-24.099079 -5.971189 36.542824 9
-23.716579 -6.400289 37.243724 1
-22.965379 -5.805389 37.301124 1
-22.760879 -5.260789 38.095424 3
-23.032079 -6.042589 38.470924 9
-23.283079 -6.974589 38.647524 1
-23.161379 -6.648989 39.527024 6
-22.336679 -6.214689 39.845524 8
-21.814779 -5.450089 39.738524 3
-21.509679 -4.863689 39.046324 4
-21.176679 -4.005189 39.230724 6
-21.865079 -3.662989 39.773824 1
-22.319079 -4.447889 40.251824 4
-22.633679 -4.685989 39.317724 1
-23.604679 -4.950689 39.239924 3
-24.105579 -5.544389 39.856424 6
-24.796279 -5.070489 40.341624 3
-25.508879 -4.581889 39.936524 3
-25.572779 -5.504489 39.667724 3
-26.324479 -6.154089 39.566624 10
-26.454379 -6.232289 38.516824 9
-26.820679 -5.333489 38.783124 3
-27.640279 -5.425289 39.295024 11
-28.077579 -6.174689 38.904724 5
-28.774879 -6.806389 38.588724 5
-29.001679 -6.201889 39.319224 5
-28.713379 -5.877889 40.133824 1
-28.465779 -6.282989 40.987454 3
-27.654279 -6.799189 40.840044 8
-27.602079 -6.372589 39.949924 5
-27.022379 -5.725889 40.374424 3
-27.454779 -4.921489 40.575324 3
-28.231879 -4.796489 40.025124 4
-28.882779 -4.133589 40.195024 1
-29.435679 -4.374289 39.479024 12
-29.507979 -4.039489 38.511424 15
-28.559779 -4.009289 38.726624 9
-27.691579 -3.635589 39.000424 14
-26.826479 -4.107789 38.870724 3
-26.184279 -3.837589 39.558024 3
-27.075779 -3.854389 39.998224 3
-27.354179 -3.584989 40.830384 10
-27.458179 -3.054089 41.689914 8
-26.676079 -2.568089 41.315264 3
-26.742979 -1.580089 41.387814 1
-26.083779 -1.318689 40.699124 6
-25.695779 -1.060689 41.541534 3
-25.621379 -0.108089 41.685444 6
-26.080079 0.469111 42.422304 13
-27.053379 0.585111 42.083964 9
-27.180479 1.488611 41.790214 3
-27.524879 1.034111 41.048874 5
-26.862379 0.717011 40.452724 9
-26.117879 0.196611 40.293424 6
-25.917579 -0.578689 39.636624 6
-26.046479 -1.422489 39.116324 6
-26.324979 -2.098689 39.737124 3
-27.180879 -2.387189 40.126424 3
-27.847479 -2.139489 40.709634 9
-28.484779 -1.486289 41.036284 4
-29.238279 -2.194889 41.073104 1
-29.958279 -2.575889 40.571334 9
-30.831379 -2.951389 40.839114 3
-31.743179 -2.949789 41.214394 1
-31.782079 -3.921389 41.031584 1
-30.852379 -4.253789 41.071424 10
-30.533279 -4.544289 40.185524 9
-30.074379 -5.412289 40.038624 3
-30.179679 -5.456589 40.983124 1
-29.569879 -6.138489 40.775654 1
-30.039279 -6.926889 40.565544 3
-29.474379 -7.071489 39.861024 5
-29.282879 -7.707589 39.173324 5
-29.443179 -8.125489 40.056624 13
-29.073379 -9.014689 39.865524 3
-29.492279 -9.673389 40.353624 3
-29.522879 -10.647189 40.307824 4
-29.699979 -11.515889 40.734804 15
-28.983679 -11.436289 41.382874 4
-28.321679 -11.848389 40.649414 6
-28.278879 -10.965689 40.227324 3
-27.629779 -10.317989 40.563944 3
-28.461279 -10.064989 41.002864 3
-28.109979 -9.343489 41.539214 8
-28.330079 -9.141389 40.629784 3
-28.021379 -8.363489 41.029324 8
-27.755179 -7.785089 40.323924 5
-26.976979 -8.116489 40.855114 8
-26.123979 -7.865189 40.355424 6
-25.642179 -7.613189 39.527024 9
-25.359379 -6.650589 39.341624 1
-25.495679 -6.065489 38.541024 9
-24.983379 -5.244589 38.186424 3
-24.209979 -5.706189 38.626424 3
-24.533379 -6.615489 38.725524 14
-24.803879 -6.720489 37.806524 9
-25.376279 -7.414189 37.455724 9
-25.568279 -7.091889 36.614724 9
-26.525279 -7.252989 36.678524 13
-26.186279 -7.999689 37.147124 4
-26.420679 -7.252889 37.655524 9
-27.261579 -7.560489 37.436624 5
-27.117679 -8.462989 37.266924 13
-27.537679 -9.258389 37.484724 3
-27.770579 -10.059889 37.902124 3
-27.107079 -10.507689 38.439924 3
-26.670879 -10.068289 39.242624 3
-25.807979 -9.673089 39.103024 6
-25.566779 -9.036389 39.718424 6
-24.803279 -9.238289 40.387224 6
-24.063479 -8.648389 40.779604 6
-23.578579 -9.453089 40.653244 1
-23.233079 -9.836489 39.815424 3
-23.643979 -10.542089 39.274624 1
-23.748179 -11.109389 38.494624 1
-24.272479 -10.684789 37.764924 10
-24.501779 -10.294189 36.929424 3
-25.364379 -9.949089 36.887224 10
-25.689879 -10.231689 37.743124 15
-26.599079 -9.927289 37.767224 3
-25.950479 -9.218489 37.746824 10
-26.522379 -8.529889 38.277424 3
-26.665779 -7.686289 38.854224 9
-27.459479 -7.162789 38.892624 5
-28.240979 -7.682189 38.560724 5
-27.592879 -8.410789 38.459524 3
-27.362379 -8.327189 39.427024 9
-28.310779 -8.192689 39.599124 5
-28.144679 -9.131789 39.295224 3
-27.427879 -9.610689 39.649924 3
-26.686579 -9.622389 40.455024 6
-26.235779 -9.867389 41.238234 6
-27.136479 -10.004889 41.694054 8
-26.746479 -10.878689 41.554184 13
-26.204779 -10.906289 40.737294 11
-26.910579 -11.193989 40.203424 3
-26.546579 -11.456189 39.376024 4
-27.316679 -11.767989 38.796224 3
-28.153779 -11.789389 39.215324 3
-27.654279 -12.487789 39.702224 1
-27.476079 -12.938189 38.815124 3
-26.657479 -12.904689 39.393724 1
-26.137179 -12.735789 40.186424 1
-25.535779 -13.442789 40.366624 3
-25.304179 -14.289089 39.966424 9
-25.369279 -13.691489 39.216024 4
-25.240679 -12.950589 38.601524 8
-24.839379 -12.285089 38.015024 1
-25.542579 -11.802089 38.537924 1
-26.464179 -12.128289 38.345124 9
-27.268579 -11.817989 37.859824 3
-27.926079 -11.697389 37.207824 3
-28.610679 -11.629789 36.543424 6
-28.844179 -11.509689 37.490624 3
-28.713079 -12.425289 37.214324 9
-29.336679 -12.458189 38.004724 3
-30.071379 -12.555189 38.654524 15
-30.672279 -12.792889 39.380924 9
-31.338879 -12.405989 38.856824 6
-32.069679 -12.913289 38.441724 5
-31.561779 -12.658289 37.607324 9
-30.959479 -11.899389 37.656924 10
-30.782379 -11.569989 36.760124 5
-31.704779 -11.556689 36.979124 3
-31.383479 -10.858089 37.681824 9
-32.017079 -10.343189 37.094124 3
-31.349879 -9.785989 36.553924 6
-30.687579 -9.050689 36.215524 6
-29.945579 -9.636189 35.745424 5
-30.446079 -10.417789 36.290124 6
-29.395179 -10.474089 36.105724 5
-29.155879 -10.632189 37.021024 3
-28.274579 -10.779989 37.241324 3
-27.937479 -10.286189 36.501124 3
-28.140579 -10.273689 35.535824 1
-27.965479 -9.703989 34.843024 10
-27.597979 -8.802189 34.729024 1
-26.733879 -8.466789 35.039824 13
-26.272779 -8.972489 35.734824 3
-25.809579 -8.130189 36.065824 13
-25.474679 -8.532489 35.267324 3
-24.895979 -9.254489 35.497524 14
-25.639979 -9.767689 35.443024 11
-26.442679 -10.001989 35.814424 12
-26.796679 -9.906989 36.716324 3
-27.342979 -9.135389 36.370124 13
-28.265379 -9.397189 36.130624 3
-29.188779 -9.030289 36.443324 3
-29.475079 -8.245289 35.928824 6
-29.946779 -7.475589 35.567224 4
-30.773879 -7.294389 34.949624 4
-31.443779 -7.863489 35.165324 9
-31.147379 -8.814889 35.077124 3
-31.362679 -9.501189 34.456924 4
-31.644079 -9.567889 33.496524 8
-32.381679 -9.251189 33.915424 3
-32.319379 -9.066589 34.833624 9
-32.568579 -9.276389 35.762124 1
-32.956879 -10.115189 35.819324 4
-32.913979 -10.050589 36.783124 3
-33.081279 -9.096489 36.892724 1
-33.116479 -8.329489 36.286724 9
-32.333979 -7.808289 36.319524 9
-31.515379 -8.337289 36.311024 6
-31.277979 -7.724689 37.047424 6
-31.923979 -7.823589 37.813824 1
-32.184079 -7.801089 38.738424 1
-31.837979 -8.693389 39.064824 3
-32.021679 -9.241489 38.272024 10
-31.752179 -9.943489 38.916724 6
-31.100479 -9.579889 39.489124 5
-30.411879 -10.239089 39.469224 8
-29.584979 -10.619889 39.116724 1
-28.642179 -10.854789 39.191824 3
-28.172779 -10.051489 38.825024 3
-29.066179 -9.766289 38.849824 3
-29.725579 -9.053089 38.981124 9
-30.587579 -8.646089 39.091624 15
-30.222979 -7.747889 38.851924 5
-30.991579 -7.398889 39.402724 13
-30.731379 -6.517789 39.697024 5
-31.204279 -6.531389 40.543774 1
-31.369079 -7.458989 40.549284 3
-32.195279 -7.638989 39.968524 10
-32.779879 -7.222389 40.569224 8
-33.368479 -6.932289 39.880524 13
-33.211279 -6.098589 39.431624 13
-32.259579 -6.120189 39.057224 3
-32.114979 -6.643589 38.279124 3
-32.906179 -7.054689 37.925424 9
-33.064579 -8.019889 37.900824 6
-33.639379 -8.754489 37.825324 3
-34.544179 -8.321489 37.624624 11
-34.409879 -7.404689 37.540024 10
-34.241579 -7.228889 36.659824 9
-33.621179 -6.510089 36.660224 9
-32.610479 -6.520089 36.566724 9
-31.752679 -6.217689 36.741224 3
-30.894679 -6.371389 36.990224 13
-30.307679 -5.659089 37.082524 3
-29.973579 -5.199689 37.898624 8
-29.931979 -5.626489 38.706024 5
-30.638579 -5.990489 38.218424 15
-29.889379 -6.421989 37.784424 5
-30.595479 -7.028089 37.946624 5
-30.331479 -7.830589 37.360424 6
-29.957379 -8.539789 36.898124 6
-29.173579 -8.733489 37.518824 3
-29.447879 -9.611489 37.859724 3
-30.219079 -9.092189 38.096424 6
-30.981679 -9.721189 37.997324 6
-30.286579 -10.470489 38.188624 3
-29.800579 -11.309589 38.024924 4
-29.067679 -11.522989 38.531524 3
-29.250779 -12.108689 39.277024 6
-28.621179 -12.797189 39.205924 3
-29.193379 -13.259689 39.772924 1
-29.243179 -13.947989 39.076524 1
-29.019179 -14.274589 38.197324 1
-28.551079 -14.091789 37.388924 10
-28.533079 -13.261889 37.879824 3
-27.752379 -12.855989 37.451724 3
-27.159079 -12.757889 36.720124 4
-26.277379 -12.399489 36.428824 1
-26.620179 -11.779689 37.046524 3
-26.131179 -10.965689 36.729524 3
-25.370079 -11.236889 36.197224 1
-24.555079 -11.488889 35.679724 10
-24.066179 -11.110989 36.405924 1
-23.217679 -11.152689 36.870824 1
-23.321279 -10.257989 36.703424 10
-23.404879 -9.916089 35.814524 5
-23.507179 -9.064289 35.423224 12
-23.836979 -8.734089 36.283324 11
-24.076079 -8.103589 36.942624 9
-23.357779 -7.480289 36.634524 9
-22.611879 -8.011989 36.191624 3
-22.693579 -7.307389 35.540724 14
-21.891979 -6.864489 35.192524 3
-22.389679 -7.008189 34.347024 4
-22.906379 -6.397689 33.786524 5
-23.830779 -6.084989 33.957924 6
-24.680979 -5.756889 34.354824 4
-25.093979 -5.319089 33.515724 9
-25.732279 -5.886489 33.042724 3
-26.692079 -6.011789 32.996924 13
-26.549579 -5.093689 32.698824 6
-26.790479 -4.150789 32.932924 1
-27.624779 -4.691989 32.687924 8
-28.381179 -4.678489 33.340324 10
-29.029879 -4.247589 33.918324 3
-29.791679 -4.852989 34.004424 10
-30.217579 -5.384489 34.750024 4
-29.322579 -5.602589 34.564724 4
-28.565079 -5.466289 33.973224 10
-27.810579 -5.830989 34.462024 13
-26.928279 -5.609089 34.563524 13
-26.677679 -4.646189 34.765124 10
-27.558479 -4.658489 35.302424 6
-28.257179 -4.045689 35.675124 9
-28.578279 -5.019289 35.655224 4
-29.239279 -4.756489 36.377124 4
-29.142579 -5.401489 37.152924 5
-28.268779 -5.709789 36.715624 3
-27.657379 -6.018189 36.071724 13
-27.547179 -6.536489 36.933524 5
-27.409379 -7.048389 36.099224 13
-28.466479 -6.869889 36.120924 6
-28.847779 -6.303289 35.373224 4
-28.928779 -7.242589 34.941924 1
-28.972579 -6.581589 34.215524 4
-28.111179 -6.883289 34.293524 13
-28.360379 -7.803189 34.137524 1
-28.647579 -8.494089 33.463024 3
-29.139079 -9.332789 33.484624 10
-29.831579 -9.934089 33.756824 11
-30.272979 -9.722889 32.965824 8
-30.807579 -10.424489 32.577124 3
-31.420379 -10.589689 33.351224 10
-31.218879 -11.545189 33.283824 11
-32.154379 -11.674889 33.050724 11
-31.816079 -11.141389 32.274024 4
-32.035379 -12.018389 31.998024 4
-31.729679 -12.776189 31.472124 10
-31.054979 -12.891389 30.747024 9
-30.235979 -13.116289 31.216124 10
-30.384079 -12.181389 31.304024 6
-29.476179 -11.890889 31.553124 4
-29.351579 -11.086489 31.090924 10
-28.815779 -10.556589 31.743224 4
-28.025379 -11.089989 31.761724 1
-27.579879 -10.430889 31.265924 10
-27.985379 -9.999389 32.094024 1
-28.049479 -9.459989 32.836324 1
-27.690579 -9.625989 33.735324 6
-27.535179 -8.650689 33.422224 10
-26.801479 -8.404689 34.038324 6
-27.085779 -7.560389 34.531024 13
-27.526879 -7.651489 35.334924 13
-28.242779 -8.351789 35.429124 4
-28.103479 -8.152189 36.352424 13
-28.240779 -8.452489 37.235824 3
-28.508779 -7.518789 37.407024 5
-28.902079 -6.624889 37.451824 5
-29.396779 -7.142289 36.794924 10
-29.657279 -6.580089 36.072424 4
-30.541079 -6.784789 36.115924 6
-30.675779 -5.996689 35.514924 4
-30.709579 -4.998089 35.658824 4
-30.367479 -4.524289 36.376524 13
-30.558379 -4.317989 37.378924 10
-31.560579 -4.235889 37.545824 1
-31.542779 -4.352789 36.494324 15
-31.625479 -4.591489 35.558724 4
-32.372379 -5.203889 35.696424 9
-32.541679 -5.478489 36.604024 9
-32.950779 -4.584689 36.834024 12
-33.442279 -4.506089 37.657724 8
-33.448079 -3.599889 37.952524 3
-32.853879 -2.948389 37.602124 1
-32.090279 -2.519689 37.245524 3
-31.546379 -2.233389 36.496024 13
-30.861479 -2.571089 35.934824 2
-31.143679 -3.420789 35.275724 5
-30.258379 -3.751689 35.482524 4
-29.811779 -3.857089 34.537124 4
-29.877379 -3.103889 33.926424 11
-30.491979 -2.839689 33.192724 13
-30.538779 -2.960789 32.276124 10
-30.083079 -2.946989 31.419224 10
-30.653179 -2.188189 31.201324 4
-31.202379 -1.505689 30.885424 1
-31.806179 -1.347189 30.203124 15
-32.194779 -1.352789 31.120824 3
-32.092079 -0.500289 31.575024 13
-32.437479 0.373711 31.409124 1
-32.618679 0.706711 30.539924 3
-31.969279 0.393211 29.880124 10
-31.609879 -0.223989 30.533024 6
-30.633079 -0.187589 30.622524 1
-29.674179 -0.217889 30.702524 4
-29.467279 -1.037989 30.269924 10
-28.533279 -1.190289 30.199924 4
-28.889579 -2.137589 30.053224 10
-29.570379 -1.793189 29.508924 9
-29.051579 -1.918389 28.647024 6
-29.436879 -2.325589 27.902424 1
-29.175779 -2.923289 28.655924 1
-28.292179 -2.685789 29.093724 1
-28.250879 -3.682989 28.945524 1
-28.741579 -4.330789 29.427124 13
-28.679479 -4.963489 30.213224 10
-29.312079 -5.681789 30.339324 10
-29.925179 -6.404289 30.276224 13
-29.564779 -7.313489 30.347624 4
-29.779279 -8.184889 30.747624 1
-30.481679 -8.353989 31.379524 8
-30.469779 -9.348789 31.544324 8
-30.602879 -10.074089 30.884224 5
-30.543379 -11.017889 30.491224 11
-31.309779 -11.593589 30.663324 4
-30.978479 -12.075789 29.921424 3
-30.632979 -11.710089 29.084324 13
-30.576279 -10.818289 28.658224 10
-31.085679 -10.455089 27.943824 5
-31.584579 -10.715189 27.233024 11
-31.925579 -10.192489 26.456124 4
-32.521179 -10.817889 26.809224 11
-32.410179 -10.121289 27.474424 1
-33.049779 -9.409189 27.340724 13
-33.366479 -8.538089 27.648524 5
-33.304779 -7.782589 27.027724 4
-33.373179 -6.733789 27.037824 6
-33.604579 -6.330989 27.915824 6
-34.554479 -6.200189 28.213024 4
-35.211979 -5.498089 28.325424 4
-35.929779 -5.261989 27.709124 9
-36.561179 -5.053989 28.451324 10
-35.913079 -4.330589 28.478424 15
-36.217779 -4.247189 29.418724 3
-35.561479 -4.503089 30.115224 10
-35.879679 -5.228389 29.544624 9
-36.120579 -6.148789 29.492724 4
-35.213879 -6.549589 29.575324 4
-34.430479 -6.631189 30.080424 3
-33.703479 -7.189989 30.111324 5
-33.428979 -6.706689 30.885324 13
-32.934279 -5.957289 31.318924 13
-32.371179 -5.765489 30.535324 10
-33.265479 -5.752389 30.037624 6
-33.486279 -5.237489 30.997124 13
-32.990379 -4.745789 31.666724 10
-33.663679 -4.124889 31.901124 12
-34.208379 -3.826289 31.163024 8
-33.997479 -3.149689 31.782424 1
-34.048979 -3.462789 32.709724 1
-34.809279 -3.194389 33.259424 3
-35.255179 -3.875589 32.720824 1
-34.755379 -4.567789 33.129924 1
-33.862679 -4.151489 33.563624 4
-33.916679 -4.645089 34.372724 1
-33.188979 -5.164589 33.992624 3
-32.437879 -5.367289 34.510724 4
-31.942879 -4.575189 34.535524 4
-31.538379 -4.654989 33.645524 1
-30.841179 -5.303889 33.862424 4
-30.497579 -5.093789 33.014924 10
-30.972579 -4.643189 32.323824 10
-31.859679 -4.745889 32.471124 1
-31.722779 -5.182589 31.650824 15
-30.800379 -4.919789 31.360424 10
-30.560079 -4.351089 30.683624 10
-30.897079 -3.460789 30.756824 11
-31.337079 -4.014189 31.428224 10
-32.128479 -3.621389 31.996724 4
-32.278379 -3.110389 31.194624 4
-32.686379 -3.224589 30.276324 3
-33.148679 -3.033989 29.473924 11
-33.467779 -3.257189 28.549524 5
-34.270579 -3.806989 28.603824 9
-34.886379 -4.309389 29.177324 13
-34.754479 -5.230389 29.549924 1
-33.830879 -4.982289 29.450524 6
-33.617579 -4.927189 28.498924 6
-32.999479 -4.401389 28.009424 13
-33.618079 -4.417689 27.323824 10
-33.379379 -4.813589 26.493824 4
-32.945679 -4.904589 25.568624 13
-32.789279 -4.733889 24.653224 13
-32.721879 -3.921689 25.222724 6
-32.471879 -2.973989 25.300924 12
-33.149779 -2.282289 25.389324 8
-33.835579 -1.652689 25.295624 6
-34.376879 -1.481989 24.478524 10
-35.222979 -1.017989 24.475524 3
-34.839279 -0.162289 24.642024 4
-34.812979 -0.214089 25.612024 8
-35.442479 0.455811 25.564324 4
-35.874679 1.302911 25.915324 4
-34.940579 1.478711 26.119224 10
-35.136879 2.137411 25.475124 13
-35.181779 1.965311 24.484124 3
-35.785279 1.379211 24.083224 1
-36.647979 0.931811 24.414924 9
-37.491179 0.701311 24.001924 13
-37.155679 1.313711 23.371224 4
-37.716979 0.821211 22.768024 13
-37.260079 1.361011 22.100324 1
-37.077079 2.141611 21.547924 10
-36.740779 1.799211 20.741924 1
-36.780479 1.532711 19.766624 4
-35.829979 1.563711 19.562924 10
-35.187579 1.561211 20.239924 5
-35.019779 2.340411 19.734024 1
-34.546879 2.132111 18.945724 4
-34.255079 1.590211 18.219324 15
-33.558779 1.334311 17.523624 10
-33.848479 0.923111 16.699324 10
-34.491479 1.602411 17.011024 3
-35.422179 1.893611 16.876224 9
-36.287379 2.325111 16.930824 4
-37.001779 2.481611 16.168924 9
-36.907579 3.206811 15.515024 6
-37.775779 3.665011 15.393924 4
-38.433579 3.326111 15.949524 4
-38.385279 2.431111 16.379524 10
-38.744079 2.337411 15.479124 11
-38.089779 2.594111 14.899924 6
-37.968079 3.093111 14.020724 13
-38.357179 2.704111 13.193724 10
-38.786379 2.359611 12.344424 13
-39.028479 1.931711 11.510024 5
-39.240179 2.762611 11.142624 5
-38.311979 3.012311 11.329524 7
-37.928879 2.151111 11.025924 4
-37.532379 1.573611 11.677724 1
-36.982579 0.820911 11.427724 9
-36.647079 1.656511 11.118424 4
-35.933179 1.889611 10.504524 5
-35.157379 1.875011 9.913624 13
-34.919579 0.925911 9.782724 8
-35.132579 0.208711 10.484924 4
-35.555379 -0.388089 11.218324 10
-35.241279 -0.769089 11.998724 10
-35.035179 -0.353589 12.844824 3
-34.645779 -0.907389 13.477124 6
-34.265579 -0.835089 14.361024 1
-33.385079 -1.165489 14.447424 4
-32.550479 -1.216789 14.935024 1
-32.456179 -0.376089 14.419024 10
-31.640379 -0.697489 13.918024 12
-31.704079 0.217711 13.568224 1
-30.970179 0.851711 13.467224 1
-30.421279 0.726911 14.324624 10
-30.443579 0.450311 15.311424 4
-30.092679 -0.557689 15.274124 4
-30.422079 -1.066689 16.110524 1
-30.503079 -1.702489 15.359824 3
-29.698479 -1.660789 14.885624 10
-28.923779 -1.014489 14.922624 6
-28.256879 -1.251189 15.625524 13
-27.833779 -1.589489 14.881624 10
-27.513379 -2.248089 14.228024 10
-27.380379 -1.469389 13.724024 4
-27.397279 -0.456389 13.812224 14
-27.277479 0.235511 14.524024 8
-26.911979 -0.560189 14.808924 13
-26.077579 -0.515789 15.268024 11
-25.229879 -0.513489 14.885324 3
-24.690479 -0.679189 15.674424 11
-24.131479 -1.135989 16.282324 4
-24.705679 -0.786489 16.934024 10
-25.188179 -0.075589 16.482724 4
-24.670979 0.494911 15.984224 13
-25.231779 0.940711 15.364024 13
-26.228579 1.053511 15.229324 13
-26.804379 0.390211 15.647624 6
-27.189479 -0.579689 15.874824 10
-27.455079 -1.241489 16.649424 9
-27.245879 -1.001089 17.507524 5
-26.979679 -0.663289 18.394124 4
-26.739679 -0.017889 19.091324 6
-26.970579 0.673911 19.708924 5
-26.618979 1.327111 19.063124 15
-27.237379 2.041011 18.853724 4
-27.873079 1.703411 18.223424 10
-28.264479 0.873411 17.962624 9
-27.931979 0.106111 18.450824 4
-28.307979 0.742311 19.062124 10
-28.014079 0.511311 19.953024 4
-27.899779 -0.389289 20.492624 13
-26.987579 -0.112389 20.660724 1
-26.427579 0.647411 21.020124 10
-26.979379 1.047911 21.702624 4
-27.765779 0.507011 21.449424 10
-28.089779 -0.405689 21.721324 4
-28.409879 -0.899489 22.564024 10
-28.722079 -1.535389 22.007624 3
-28.248979 -2.137489 21.489124 1
-27.605379 -2.342389 20.733124 1
-28.198779 -3.090389 20.800024 8
-29.130179 -2.841689 20.608424 13
-29.781979 -3.365189 20.158724 7
-30.689879 -3.333789 20.405124 1
-31.490979 -3.720789 20.644424 5
-31.443179 -2.985289 21.237024 11
-31.690279 -3.782389 21.766624 4
-32.024179 -3.090489 22.381424 6
-31.707779 -3.568889 23.064124 6
-30.851579 -3.844789 22.666124 4
-30.306079 -4.555689 23.173324 13
-30.320779 -4.473589 24.115824 10
-30.072179 -5.393189 24.496424 4
-30.505179 -5.024389 25.366424 11
-31.022579 -5.890189 25.547924 13
-30.438679 -6.612989 25.180824 3
-30.726379 -7.030589 26.073424 4
-30.380779 -7.760689 26.704424 12
-29.387979 -7.819589 26.520124 14
-28.521879 -7.480689 26.633324 10
-28.344779 -6.974189 25.900224 10
-27.685579 -6.251689 26.049924 15
-27.172979 -6.949689 26.545224 3
-27.476879 -6.810289 27.433024 10
-28.183179 -6.064189 27.409024 1
-28.865979 -6.625789 27.803124 4
-29.335479 -7.262489 28.322124 5
-30.204979 -7.648489 28.428624 4
-29.958279 -8.556589 28.410024 10
-30.262979 -9.206589 29.082524 5
-30.432179 -8.803489 29.990124 9
-31.199179 -8.319089 30.179824 10
-32.051479 -8.156789 30.562224 1
-32.768679 -8.950289 30.535224 4
-33.471779 -8.270789 30.354424 5
-33.555679 -7.764889 31.068424 13
-34.125279 -7.188389 31.485224 13
-34.845479 -7.763489 31.690024 13
-34.774279 -7.675289 32.702024 13
-34.236579 -7.670489 33.476824 15
-33.820279 -7.210489 34.165224 1
-33.200679 -6.972589 34.880224 9
-32.499079 -6.788489 35.491524 9
-31.663579 -6.572289 35.051724 4
-32.336179 -6.575989 34.345624 1
-31.716279 -5.930989 33.940224 4
-31.482879 -5.589689 33.001924 10
-30.895079 -6.337689 33.321424 4
-31.028979 -6.747389 32.507524 10
-30.683079 -7.518389 32.140924 6
-31.384579 -8.225489 32.202824 8
-31.810979 -7.421189 31.966024 13
-32.097779 -6.991389 32.819124 6
-31.682679 -7.817689 33.203824 4
-31.105179 -8.650289 33.273124 8
-30.655579 -7.834489 33.040224 3
-29.919679 -7.944989 33.707124 11
-30.302879 -7.163389 33.966424 4
-29.867179 -6.308489 33.736424 4
-29.998379 -6.044789 32.824424 10
-29.817279 -6.811789 32.262924 5
-29.207279 -6.067589 32.201224 10
-28.425279 -5.566089 32.337024 10
-27.932079 -6.403889 32.205324 7
-27.343879 -6.993189 32.772624 4
-26.497279 -7.123089 33.219624 13
-26.083279 -6.888989 32.412524 1
-26.221279 -7.419689 31.546824 12
-27.137279 -7.219889 31.183424 1
-27.727479 -6.780589 30.641924 4
-28.412979 -6.504689 31.212524 10
-29.359979 -6.552889 31.158124 6
-29.875279 -5.768889 31.222124 10
-29.770479 -4.850489 31.082224 10
-29.390779 -3.911589 31.180224 4
-29.066879 -4.479389 31.910224 10
-28.206879 -4.144989 31.571424 6
-28.047679 -3.406689 32.102324 1
-28.503779 -3.416589 32.946524 1
-29.459279 -3.360089 32.784224 1
-29.924079 -4.269389 32.856024 10
-30.590879 -3.939189 33.634924 4
-31.234779 -3.470189 34.133224 4
-30.960879 -2.593889 34.371724 13
-31.261479 -1.844689 34.887424 5
-30.877879 -1.085389 34.370424 10
-31.189079 -0.355089 33.918224 15
-31.885579 -0.319889 34.556724 14
-32.765879 -0.553689 34.807524 10
-33.556379 -0.951789 34.403924 15
-34.357679 -1.406589 34.410224 13
-34.704079 -1.850589 33.657324 3
-35.400579 -1.757289 34.233524 13
-36.145479 -1.150889 34.500924 4
-36.364079 -0.694789 35.426724 5
-35.645279 -0.904789 35.974824 4
-35.243779 -0.786389 36.823224 6
-34.478279 -1.092789 37.271924 4
-34.557179 -2.017989 37.401024 9
-34.596479 -2.906289 36.901324 1
-35.471079 -2.601189 36.547624 10
-35.270579 -3.283889 35.893624 4
-36.249379 -3.231089 35.893924 3
-37.157479 -3.383889 35.959824 10
-38.068379 -2.983589 35.795124 1
-38.541679 -3.817889 35.724424 10
-38.090279 -4.485889 35.230424 7
-37.842079 -4.986789 34.426424 4
-37.464579 -4.431189 33.703224 13
-36.540679 -4.675289 33.701024 11
-36.105179 -4.334189 34.433324 6
-35.525079 -4.769589 34.989524 10
-34.945879 -5.240589 35.638824 5
-34.271679 -5.669089 36.171724 7
-34.171179 -6.614989 35.794924 9
-34.176479 -7.285489 35.155124 10
-33.572479 -7.972189 34.974724 9
-33.781479 -8.520489 34.161024 10
-33.204179 -8.400089 33.306124 8
-32.914079 -7.701889 32.726524 13
-32.546079 -8.098989 31.913624 13
-32.050879 -8.899489 31.681124 8
-31.760079 -9.588689 31.051024 11
-31.907879 -10.380589 30.519424 4
-31.978279 -9.614989 29.910624 4
-32.425979 -8.910289 29.359024 13
-33.022379 -8.580589 28.794824 5
-32.152279 -8.688789 28.286524 4
-31.469079 -8.186189 27.541624 1
-32.034779 -7.393389 27.286924 10
-31.346779 -7.060489 27.965424 1
-31.096979 -6.152989 27.800024 3
-30.288779 -6.237989 28.301624 4
-30.207179 -6.331189 29.293724 1
-30.189979 -5.298289 29.230124 10
-30.642479 -4.599589 28.805124 5
-30.920579 -4.593189 29.715224 10
-31.257279 -3.712189 29.449124 4
-31.684079 -4.479089 28.989924 1
-31.688479 -5.008589 28.192524 1
-32.438879 -5.267089 28.707124 6
-32.167479 -5.865189 29.375224 6
-31.445979 -6.003489 29.981224 10
-31.137179 -6.723989 30.536124 4
-31.264379 -5.893089 31.073224 10
-32.013679 -6.565189 31.259024 13
-31.825779 -6.187589 32.112224 10
-32.772579 -6.245189 32.441024 13
-33.266179 -6.671289 33.139924 7
-33.863879 -6.857789 32.399324 13
-34.213279 -5.985189 32.656124 13
-34.150479 -5.074389 32.242424 4
-34.922979 -5.650789 32.062224 13
-35.011479 -5.511289 31.040024 6
-35.087579 -6.530589 31.085824 13
-35.669779 -6.746889 30.409324 4
-35.405279 -7.572389 30.931424 5
-36.253679 -7.671089 30.474824 4
-36.717379 -8.427589 30.259624 10
-36.951279 -7.840589 29.575624 4
-37.203079 -8.770089 29.183824 9
-37.082179 -9.668289 28.913224 10
-38.027279 -9.455689 28.764924 10
-38.058479 -8.537289 28.428024 4
-38.541279 -7.998089 29.069624 6
-38.114179 -7.698089 29.850124 9
-37.916179 -6.744489 30.001824 4
-38.346779 -6.251989 30.660924 15
-37.535279 -6.750289 30.940224 4
-37.606079 -6.817289 31.878624 4
-38.219779 -7.595389 32.106224 11
-38.726479 -8.317489 31.682024 10
-38.402479 -8.625289 32.520124 3
-38.433179 -9.560389 32.203524 10
-39.401579 -9.353089 32.570824 11
-39.311279 -10.179989 33.017024 1
-39.057179 -10.654289 32.190024 10
-39.949279 -10.955989 32.121624 1
-40.113979 -10.010389 31.993424 12
-39.334279 -9.730589 31.483024 10
-39.349479 -9.291289 30.636924 7
-38.636779 -9.916689 30.292524 10
-37.950579 -9.264389 30.083924 10
-37.916379 -8.487889 30.603824 1
-37.219679 -8.981089 30.894824 10
-36.786479 -8.665789 31.731424 1
-36.201579 -8.989989 32.410924 7
-35.266079 -8.717489 32.721924 4
-34.297479 -8.872789 32.748424 13
-34.064279 -9.664889 33.217724 7
-33.155679 -9.382589 32.978124 8
-33.449579 -9.150189 32.081124 13
-33.686579 -9.780889 31.362224 4
-34.565679 -9.686289 31.838324 4
-35.099279 -9.340789 31.105724 7
-35.896079 -9.115089 30.597324 10
-35.093679 -8.968689 30.125124 3
-34.236779 -8.965689 29.649924 5
-34.074479 -9.638689 30.296724 10
-34.028279 -10.571989 30.304824 4
-33.396679 -10.140489 29.591024 9
-33.546779 -10.245889 28.593524 13
-34.248779 -9.802789 28.099724 5
-34.059279 -10.312689 27.259924 12
-34.822479 -9.854289 26.816824 9
-35.459579 -10.416889 27.320624 6
-35.602979 -10.769989 28.253224 4
-34.929379 -11.270089 28.567924 1
-35.379679 -10.776089 29.327424 10
-34.810179 -11.433489 29.840024 1
-35.907979 -10.217789 30.293124 10
-36.184579 -10.876189 30.956724 10
-36.541679 -11.500389 31.648524 7
-35.826179 -11.036289 32.173924 1
-35.011179 -10.506589 32.302024 4
-35.759379 -10.030289 31.780724 10
-36.693779 -10.092389 32.023924 15
-37.541879 -9.708389 31.802124 10
-37.716279 -9.952289 32.725524 13
-37.019779 -9.358189 33.022324 11
-36.922379 -8.415389 33.135224 4
-36.860479 -7.832289 33.892824 11
-36.507179 -7.184089 33.114924 10
-35.557679 -7.007389 33.052524 13
-35.926479 -6.147789 33.266324 15
-36.836579 -5.760489 33.275224 3
-36.766179 -6.384589 32.580724 5
-35.985879 -6.717389 32.105024 13
-36.409079 -6.612289 31.206424 4
-36.570679 -5.871989 30.590624 4
-36.698979 -5.008489 30.198824 10
-37.269279 -5.676789 29.842224 1
-37.125079 -5.996589 28.892524 7
-36.748179 -6.858089 28.909424 4
-36.180879 -7.410889 28.308724 4
-36.021179 -7.640589 27.358124 1
-36.296279 -8.477289 27.869724 10
-37.138079 -7.949089 27.554324 3
-37.050579 -7.734189 26.595224 8
-36.883579 -6.794989 26.593324 1
-36.321079 -6.409889 25.865424 10
-35.828579 -6.390389 26.756424 1
-35.382679 -6.780089 27.459724 4
-34.804079 -7.163789 26.863224 10
-34.316979 -7.160489 27.658324 7
-33.769379 -7.694689 28.255724 5
-33.262579 -7.162489 28.865824 6
-34.075279 -6.729689 28.998824 6
-34.896779 -7.329889 28.938324 4
-34.907079 -8.244089 29.183424 5
-35.854179 -8.449689 29.169924 4
-36.136479 -9.352689 29.134724 10
-35.964279 -9.636189 28.176024 9
-36.974479 -9.879789 27.987324 4
-36.879279 -10.843989 27.893424 7
-37.337879 -10.739389 28.734824 10
-37.286779 -11.168889 29.591224 10
-36.997579 -10.623389 30.323324 10
-37.611679 -9.980889 30.665224 10
-37.335079 -10.790589 31.187824 10
-37.566679 -11.012389 32.126024 4
-37.469579 -11.478789 32.906424 1
-37.299079 -10.770289 33.503924 13
-38.032579 -11.231189 33.968824 3
-38.669579 -10.947189 34.547024 1
-37.870979 -10.445389 34.726324 7
-37.536979 -10.146989 35.580924 10
-36.546379 -10.240889 35.447624 13
-36.120079 -10.974389 34.906724 1
-35.389079 -11.584189 34.987624 4
-35.347779 -12.288489 34.328924 1
-34.875879 -11.631889 33.723624 1
-34.920279 -10.765489 34.093424 13
-33.968279 -10.581989 33.976524 9
-33.437979 -10.094089 34.550624 10
-32.817479 -10.385689 33.959824 7
-32.986379 -10.364889 32.966724 4
-32.248079 -9.880689 32.446624 8
-32.718079 -10.301889 31.806224 4
-33.308779 -10.858189 31.327024 4
-33.067379 -11.241589 30.475724 4
-33.192879 -11.818689 29.653324 3
-32.701479 -11.340689 28.953724 10
-32.773479 -11.966689 28.278524 11
-31.819679 -12.406789 28.286124 11
-31.403079 -12.725189 29.085424 10
-32.185779 -13.253989 28.861024 11
-32.324179 -13.063689 29.849024 8
-32.276479 -14.028989 30.021924 13
-33.060179 -13.650789 30.466524 7
-33.914479 -13.617989 30.976524 4
-34.125379 -13.892789 30.073924 13
-33.499179 -13.199789 29.661724 10
-33.679179 -12.559889 30.388324 4
-32.815779 -12.479689 30.745824 10
-33.217379 -12.009689 31.448224 4
-33.476279 -12.327589 32.343724 4
-34.308479 -12.777489 32.538324 1
-33.945279 -13.341589 33.300124 5
-34.821979 -13.137089 33.601724 6
-35.526579 -13.155989 32.855124 5
-35.873879 -14.051989 32.971224 1
-36.671779 -13.574389 32.723524 6
-37.114779 -12.693789 32.349524 5
-36.988579 -12.402889 31.423924 10
-37.864679 -11.939189 31.672724 9
-37.912679 -12.026689 30.722524 10
-37.794579 -11.943989 29.819424 10
-37.601279 -12.778389 29.365924 10
-36.960379 -13.041489 28.668424 15
-36.843679 -13.443389 29.556624 10
-35.898979 -13.507289 29.535724 13
-35.719979 -13.257089 28.645524 9
-35.432979 -12.480089 28.103024 15
-36.021879 -11.764689 27.977924 15
-36.470879 -11.525189 28.861424 10
-36.690379 -12.168389 29.504524 10
-36.085879 -12.457989 30.198424 10
-36.151179 -13.332889 30.595724 13
-36.081879 -13.000189 31.487224 7
-35.128579 -13.082989 31.333424 4
-34.512279 -13.605889 31.854724 4
-33.632479 -13.630889 32.207524 7
-33.467379 -14.537289 31.741824 7
-32.596879 -14.212589 32.058624 10
-31.921179 -14.150889 32.752124 1
-31.098879 -14.399089 32.255324 1
-30.914579 -14.115889 31.307724 12
-30.934979 -15.099389 31.290824 10
-30.199979 -15.756489 31.366224 3
-29.749679 -15.240189 32.102924 1
-28.982079 -15.480889 32.610624 12
-28.505379 -15.593889 31.720824 4
-28.854279 -14.787589 31.345324 7
-29.207779 -15.485289 30.742924 13
-29.908679 -15.256889 30.128624 14
-30.559079 -14.955189 29.434724 7
-30.717779 -14.129689 28.947224 4
-31.500079 -14.457789 28.496124 11
-31.946679 -14.995289 29.285424 6
-32.327279 -15.146089 28.460124 7
-33.131179 -14.687989 28.603324 7
-33.237979 -13.708489 28.579124 11
-34.012279 -13.008489 28.615424 10
-34.100679 -12.445189 29.395224 9
-35.038579 -12.291889 29.146024 1
-34.931979 -13.066389 29.752424 13
-34.752079 -12.472289 30.474124 4
-35.460679 -11.824289 30.626824 10
-34.957879 -11.615889 31.413724 4
-35.622779 -12.140389 31.840824 7
-34.780279 -11.793989 32.406224 12
-33.957479 -11.493189 31.992224 4
-33.786879 -11.296689 33.028124 4
-33.752979 -11.669789 33.926524 7
-33.920179 -11.452789 34.825224 12
-34.380379 -10.950789 35.616224 13
-35.246579 -10.600189 35.518824 10
-35.622579 -9.787889 35.133924 7
-34.939679 -9.199589 34.838924 10
-34.802179 -8.413789 35.423824 12
-34.534479 -8.589189 36.315924 12
-34.311479 -9.504489 36.236824 10
-34.192179 -9.759489 37.133224 14
-34.635579 -10.481789 36.609224 10
-35.346679 -10.192189 37.106024 7
-35.819879 -9.997289 37.992224 10
-36.450779 -10.311789 38.712624 4
-37.072679 -10.968689 38.981124 1
-37.603279 -10.583589 39.636524 7
-38.237279 -11.027689 39.068124 1
-38.882279 -11.764489 39.135224 7
-39.484779 -10.954089 38.808624 3
-39.932079 -10.692489 38.054824 1
-40.613279 -10.845289 37.363824 10
-41.609979 -11.009689 37.196824 7
-42.474379 -11.286989 36.820924 10
-43.118479 -11.735389 36.190624 1
-43.473579 -12.370989 35.496324 1
-43.965679 -13.093889 36.016524 1
-44.777579 -12.866089 36.589824 7
-45.653079 -13.342789 36.625324 15
-45.781879 -14.164789 36.029024 4
-46.339279 -14.985789 36.363624 12
-47.072479 -15.507389 36.011824 7
-47.462879 -16.219989 35.503824 10
-47.388779 -15.402989 34.972024 5
-46.482779 -15.031789 34.998024 11
-46.931779 -14.177589 34.755124 9
-45.971679 -13.911289 34.579324 11
-46.470279 -13.115289 34.479524 10
-46.384579 -12.738689 35.338124 4
-45.913779 -12.060689 34.854024 14
-45.416179 -12.719989 35.277124 1
-45.117079 -12.418789 34.411724 7
-45.568679 -11.770489 33.876124 10
-45.070579 -11.089389 33.381924 7
-44.846779 -11.533289 32.563224 7
-45.010579 -10.576489 32.341824 10
-44.799779 -10.782889 31.430124 10
-43.925679 -11.211089 31.385624 13
-43.499879 -11.063789 30.607624 9
-43.013779 -10.153489 30.760124 10
-42.586779 -9.341489 31.023124 15
-41.713379 -9.481489 30.457424 14
-41.204379 -8.687789 30.126624 14
-40.711479 -8.517389 30.994124 12
-39.944779 -7.991789 30.852024 7
-39.708379 -7.686189 31.805724 10
-40.405079 -7.454389 32.420124 1
-40.985279 -7.561389 31.675024 1
-40.718879 -7.056489 30.865324 1
-41.358479 -7.255089 30.146824 7
-42.133279 -6.756589 29.768924 1
-43.147479 -6.854889 29.577724 12
-43.604179 -7.660189 29.317724 10
-42.663379 -7.804589 29.129824 13
-42.507979 -7.798689 28.227224 4
-43.231279 -8.235789 27.777324 4
-42.760079 -9.018489 28.049024 7
-43.698079 -9.238589 28.312324 1
-43.469679 -10.115589 28.402424 10
-43.269679 -10.720489 29.145224 1
-42.765579 -11.593989 29.111824 7
-41.794079 -11.445989 29.051624 7
-41.849379 -11.762989 29.966224 1
-41.258679 -11.578189 30.750924 11
-40.635879 -11.025089 30.173324 4
-40.717279 -10.142289 29.749724 8
-39.712579 -9.988189 29.822724 12
-39.015679 -10.731389 29.605624 10
-38.312179 -11.223889 29.180524 10
-38.294079 -11.277289 28.163424 4
-37.688979 -11.836489 27.679724 10
-38.023979 -12.751589 27.631624 6
-38.203679 -13.731189 27.701824 11
-37.652079 -14.487789 27.827024 7
-37.320179 -14.622689 26.923724 12
-36.688679 -15.349089 26.840824 7
-36.667979 -14.968489 27.754624 7
-35.759379 -15.325389 28.022824 11
-35.854479 -14.679689 28.717924 13
-35.853479 -14.672689 29.705324 13
-36.455879 -15.350789 29.347024 9
-36.928679 -15.619589 28.512424 7
-37.894579 -15.807789 28.656124 7
-38.609079 -15.700889 29.300724 15
-38.452479 -14.747689 29.450424 1
-38.561679 -14.014889 30.191724 10
-37.718879 -13.638689 30.057324 10
-37.944679 -13.274989 30.948024 10
-37.910479 -13.536289 31.917224 14
-37.959479 -14.419789 32.293724 5
-38.395279 -14.231689 33.104624 1
-38.326279 -14.930489 33.795124 1
-37.629579 -15.371189 34.353024 16
-38.601279 -15.546389 34.639224 1
-39.099179 -15.480289 35.477824 6
-39.979479 -15.882689 35.611924 7
-39.547379 -15.905689 36.478524 4
-39.253179 -15.058189 36.726724 10
-39.734179 -14.460189 36.093024 1
-40.178979 -13.735289 35.474524 1
-40.025879 -13.306689 34.579624 10
-39.433379 -13.521189 33.866624 7
-39.418179 -12.783889 33.217924 7
-39.524879 -12.123689 32.573424 1
-39.249879 -12.060289 31.665424 4
-38.672479 -11.517689 31.147024 10
-39.234479 -10.814189 30.654224 10
-39.743179 -11.661189 30.875924 11
-39.463679 -12.535189 30.703624 10
-40.205479 -12.972989 31.120624 7
-40.214579 -13.975289 31.116024 1
-41.023979 -13.918589 30.642524 4
-40.978479 -13.234589 29.992224 14
-40.113279 -13.447789 29.607024 14
-39.556879 -12.547789 29.616924 10
-39.441379 -12.091689 28.683724 7
-38.574279 -12.232089 29.073024 10
-38.619879 -13.258989 29.075824 10
-39.237079 -13.330389 28.342824 11
-39.132779 -14.239889 28.018524 11
-38.726579 -14.853389 27.401324 7
-38.372879 -14.865789 26.535124 12
-38.313279 -15.438389 25.725824 12
-37.717479 -15.738389 26.405124 7
-37.107479 -16.363489 26.781524 7
-36.899379 -16.511489 25.805124 4
-36.767579 -15.578689 25.806924 9
-37.373879 -15.720889 25.090624 12
-37.513979 -16.596889 24.708024 12
-37.291579 -17.483589 25.036924 7
-36.826679 -17.781989 24.210324 13
-36.621779 -16.851589 24.038724 1
-36.107079 -16.264389 24.765624 10
-35.243379 -16.575389 25.107924 12
-35.084979 -15.828889 24.505524 1
-34.320179 -15.611789 25.146824 10
-33.902479 -15.217489 25.917724 7
-34.425379 -14.421389 25.835024 7
-35.260379 -13.878789 25.826824 15
-35.996079 -13.727789 26.363924 10
-35.672979 -13.181289 27.021724 15
-35.433279 -14.030589 27.428724 1
-35.278279 -14.912789 27.226724 7
-35.714779 -15.306589 26.481024 4
-35.383179 -15.994889 27.074824 7
-35.416879 -16.322689 27.959424 7
-35.768079 -17.188589 27.714324 15
-35.975479 -16.869089 26.860524 7
-36.748979 -17.531089 27.019224 1
-36.902379 -18.446489 26.727524 15
-36.992279 -18.932289 27.528924 1
-37.666879 -19.214589 26.819224 1
-38.196979 -19.354089 26.031224 10
-37.432479 -18.848689 25.816924 1
-36.568179 -18.362689 25.608524 11
-35.788479 -17.817289 25.935624 16
-35.065179 -17.167589 26.244524 7
-34.721179 -17.910189 26.718124 7
-35.423279 -18.386289 27.118424 12
-35.285079 -18.601089 26.174324 7
-35.747379 -19.076589 25.442324 1
-36.521079 -19.672689 25.146024 10
-35.856179 -19.832489 24.415924 12
-36.700279 -20.229889 24.137024 3
-37.224279 -19.909589 23.441824 12
-37.718779 -19.381289 24.110024 1
-38.420379 -19.058689 24.625024 7
-38.707879 -18.681489 23.731324 4
-38.852479 -17.665289 24.095824 9
-39.059379 -16.900389 24.757624 12
-39.754679 -16.937389 25.432924 16
-39.134879 -16.750489 26.160924 12
-39.086679 -17.469289 26.941524 7
-39.929479 -17.104789 26.725524 5
-40.828479 -17.584989 26.790024 1
-41.278679 -17.437189 27.644224 7
-40.843479 -16.568189 27.778624 15
-41.465079 -16.560489 27.033324 15
-42.135379 -17.145089 26.805824 1
-42.988279 -16.730289 26.520324 10
-42.926279 -17.634589 26.339124 7
-43.603979 -18.175689 26.917724 1
-43.821679 -19.062989 27.284624 1
-43.935879 -19.440289 28.123724 7
-43.213179 -18.844289 28.233524 1
-42.615579 -18.855089 28.950624 4
-42.280579 -18.568189 29.779924 1
-43.037179 -18.043389 30.157324 7
-43.271279 -18.135889 29.239624 10
-42.943279 -17.642289 28.444724 7
-42.669679 -16.834889 28.113524 15
-42.425079 -16.499989 28.973124 1
-41.772279 -16.064289 29.465424 1
-41.131379 -15.358789 29.756924 1
-41.454279 -14.542889 29.248224 1
-41.394879 -15.188489 28.614224 1
-41.400079 -14.051689 27.185624 10
-40.965079 -14.631789 26.476724 15
-40.321979 -14.158989 25.985424 12
-40.038679 -14.035689 26.880924 11
-40.018879 -14.982689 26.803124 12
-39.885679 -15.501289 27.633624 15
-39.461979 -16.335989 27.450424 12
-38.593379 -16.176589 27.882924 7
-38.284779 -17.090589 27.811324 11
-37.454879 -16.668589 28.094724 7
-37.922779 -17.124889 28.838524 10
-37.001179 -17.223989 28.875524 12
-36.315779 -16.582289 28.647924 7
-36.128079 -16.820089 29.637324 10
-35.296879 -16.479189 29.642724 13
-34.688079 -16.573489 28.924124 9
-34.137879 -16.515789 28.186024 7
-33.817279 -16.373989 27.284224 7
-34.542079 -16.222789 26.614324 7
-34.536179 -15.255689 26.686524 16
-33.627179 -15.416189 26.998824 7
-33.812979 -14.737289 27.654024 7
-34.301879 -14.551289 28.500624 13
-34.303879 -15.497089 28.683824 7
-34.148779 -15.454789 29.710724 16
-34.664179 -14.806189 30.130224 13
-34.623079 -15.685789 30.613724 9
-34.827779 -16.282989 31.290324 7
-34.268679 -17.133089 31.304224 16
-33.959979 -17.131189 32.176324 16
-33.072979 -16.760989 32.490224 7
-33.626179 -17.314889 33.182524 11
-34.345279 -16.635289 33.205224 4
-33.811079 -15.781089 33.043924 15
-33.296079 -14.986589 32.863624 1
-32.981879 -15.603389 32.162324 1
-33.203579 -15.736489 31.262724 7
-32.381479 -16.422389 31.346924 16
-32.026479 -15.617889 30.949924 12
-31.582279 -15.953889 30.156724 14
-31.891279 -16.778289 29.702524 12
-32.810179 -17.006689 29.485324 6
-33.176879 -16.296089 28.973424 7
-32.248679 -15.972289 29.067624 10
-32.075279 -16.785189 28.478924 7
-31.196479 -17.135489 28.112024 7
-30.497479 -17.543489 28.700424 11
-29.838179 -16.877589 28.534824 12
-29.830179 -17.243389 27.663824 7
-29.719479 -18.326989 27.505324 4
-29.124479 -18.901189 27.883824 12
-28.907879 -19.390589 27.090624 11
-29.055679 -20.278089 27.394924 11
-29.483879 -20.670289 28.278824 1
-28.567779 -20.824189 28.313624 5
-27.556979 -20.802489 28.166324 4
-26.924779 -20.078489 28.252924 15
-27.323279 -20.205289 27.333624 7
-27.282079 -20.914989 26.628324 1
-26.813679 -21.652289 26.420024 9
-27.134579 -22.081389 27.220224 7
-27.283479 -22.543689 27.981724 15
-27.849379 -21.756689 27.896224 16
-28.445279 -21.355789 27.244824 10
-28.723079 -21.110089 26.332824 1
-29.184079 -20.260889 26.352424 10
-30.092479 -19.888789 26.416124 15
-29.802079 -20.291589 25.563124 7
-30.034479 -21.010389 26.201924 1
-30.927779 -20.664689 26.293924 16
-31.535279 -21.447189 26.257924 14
-31.404679 -21.639289 25.281224 16
-32.371079 -21.302789 25.305324 10
-31.803579 -20.708989 24.765924 7
-32.209879 -20.747789 23.868624 12
-32.865179 -20.915489 23.211924 7
-33.431979 -21.040589 23.973824 16
-34.349679 -20.557789 23.804824 1
-34.757279 -20.383489 24.729624 1
-34.863879 -19.690689 24.111624 1
-35.357679 -18.852689 24.284424 7
-35.613179 -17.996889 24.600724 13
-35.796479 -17.911989 23.655224 7
-35.063379 -18.068889 23.077224 12
-34.740279 -18.074489 23.960624 12
-33.874279 -18.051489 24.472124 10
-34.041079 -17.629389 25.291924 13
-33.910579 -16.626489 25.311224 7
-32.962479 -16.582889 24.966924 1
-32.973379 -17.158589 25.790024 7
-32.067979 -17.546089 25.477224 15
-31.668079 -17.141889 26.274124 7
-30.794279 -16.859289 25.933724 15
-31.213579 -16.178089 26.434724 7
-30.543179 -15.811889 25.731224 6
-31.353479 -15.338689 25.891224 7
-31.328579 -14.588089 26.386124 7
-30.623479 -14.132989 25.987624 9
-31.293079 -13.488189 26.052124 15
-31.008579 -13.804989 26.910924 11
-30.425679 -14.437789 27.408224 7
-29.889179 -14.236189 28.178024 15
-29.025179 -13.823789 28.146924 4
-28.237679 -13.274189 28.339824 16
-28.087279 -12.680789 29.074424 7
-27.597279 -11.848289 29.261424 16
-26.769979 -12.346289 29.397624 12
-25.884179 -12.068289 29.557724 10
-25.117179 -12.371389 29.064024 9
-25.042379 -13.229489 29.437424 11
-24.128079 -13.447189 29.095824 1
-23.251679 -13.138489 28.603524 7
-22.928779 -14.014889 28.720224 16
-22.611779 -14.046589 29.578624 13
-23.166579 -14.410489 30.313424 11
-23.690379 -14.098089 31.091624 12
-24.202479 -14.943289 31.239024 7
-23.498479 -15.584189 31.434524 11
-23.990379 -16.079989 32.099624 1
-24.217379 -15.309189 32.752224 10
-24.325079 -14.378089 33.049924 12
-24.621179 -13.553689 32.696524 14
-25.477379 -14.118289 32.777524 5
-26.019679 -13.568089 33.427024 1
-26.280879 -14.510589 33.220224 10
-26.473779 -14.005889 32.443624 7
-27.167679 -13.612989 31.879024 7
-26.899579 -13.787689 30.940424 16
-27.391979 -13.813189 30.145224 12
-28.371379 -13.772489 30.073924 16
-28.117879 -14.671589 30.188224 4
-27.737779 -15.542689 30.281024 16
-27.749079 -16.411489 29.785724 7
-27.271979 -17.139089 29.322324 16
-26.693079 -17.747289 28.890424 10
-27.594379 -17.762389 28.582724 7
-27.850579 -17.770189 27.671624 1
-28.590479 -17.242289 27.533924 1
-29.089379 -16.766989 26.818224 1
-29.935679 -16.331989 26.556624 7
-29.507779 -15.489789 26.460424 1
-28.775979 -15.814989 25.950424 16
-27.865979 -15.818789 25.721124 1
-27.862379 -16.733389 25.656124 12
-28.672979 -17.173489 25.997324 1
-28.853979 -17.300889 25.012024 15
-28.921679 -16.618489 24.337824 1
-29.848379 -16.293389 24.318224 7
-30.717879 -16.750889 24.345824 15
-31.443779 -16.586689 24.980224 15
-31.971279 -15.778689 25.103824 7
-32.346879 -16.033089 24.240924 16
-31.892779 -15.288389 23.821424 8
-31.690279 -14.515689 24.399024 7
-32.164179 -13.866389 23.901224 12
-32.788279 -13.208789 23.589024 13
-33.346479 -13.928389 23.907924 5
-32.719079 -14.396089 24.541924 7
-32.426179 -13.676289 25.142224 7
-32.679079 -12.778789 25.104024 12
-33.146979 -12.090589 24.694524 13
-33.212379 -11.114889 24.750824 12
-32.727879 -10.539589 25.352724 15
-32.425679 -10.386989 24.456924 13
-31.587079 -10.239889 24.214024 1
-31.546879 -10.969789 23.593024 7
-30.926179 -11.401989 24.134424 9
-30.994579 -11.064089 25.068424 12
-31.698979 -11.232389 25.803624 7
-31.404979 -11.895089 26.438224 11
-30.504179 -11.981889 26.076124 16
-30.152479 -12.165089 26.987924 1
-30.239379 -11.179389 27.147224 7
-30.908579 -11.759689 27.580024 11
-30.762679 -12.536989 28.088424 11
-30.450079 -13.161889 27.430424 11
-29.721679 -13.660489 27.092624 12
-29.554279 -14.612289 26.945424 7
-28.969479 -14.848289 27.676424 1
-29.603179 -15.587589 28.074024 16
-30.181779 -16.123489 27.586224 7
-31.100979 -15.940089 27.426124 7
-31.385479 -15.985289 28.331624 10
-32.269679 -15.911989 27.886824 7
-32.827379 -16.037289 27.123924 7
-32.810179 -16.953189 26.804524 7
-32.758979 -17.905989 26.672224 15
-32.010779 -18.389889 26.346224 14
-31.304179 -18.412289 25.667224 16
-32.123679 -18.878889 25.421124 16
-31.737079 -19.705489 25.693124 4
-32.349579 -19.545189 26.542324 16
-33.097179 -19.794489 25.917524 5
-34.021979 -20.001089 26.041924 9
-34.070379 -19.079789 25.951124 15
-33.749579 -18.353689 26.457224 7
-33.319879 -18.671589 27.222424 10
-34.080179 -18.354889 27.724024 12
-33.703179 -17.492189 27.413124 7
-33.247779 -17.824289 28.236724 7
-33.762679 -17.453189 29.099824 11
-34.278479 -18.280589 29.296824 1
-34.041879 -17.892589 30.188224 12
-34.806479 -18.476389 30.509624 15
-35.258279 -19.290189 30.379424 7
-34.332379 -19.379989 30.706824 1
-33.736679 -20.077089 30.991624 15
-33.228879 -19.601489 31.678424 1
-32.343979 -19.195489 32.161024 1
-31.577979 -18.766789 32.633224 6
-31.266779 -19.641689 32.979724 11
-30.571979 -18.915489 32.746724 7
-30.011879 -18.580689 33.451024 7
-29.407679 -17.846189 33.139124 16
-30.103379 -17.508489 32.597424 12
-30.969979 -17.307189 33.031024 13
-31.551879 -17.947389 33.494224 12
-31.576279 -17.801289 32.461424 7
-30.953779 -17.194289 32.019624 12
-30.160979 -17.390689 31.550124 7
-29.426679 -17.853389 31.031624 16
-29.716979 -18.282689 30.195724 1
-30.482079 -17.650189 30.190924 16
-31.139879 -18.340389 29.992924 13
-31.163879 -18.458889 29.048824 4
-31.839479 -18.232789 28.358324 11
-32.263679 -17.581989 27.908324 7
-31.520979 -17.852089 27.390624 7
-31.075279 -18.713089 27.370124 16
-30.655379 -18.086389 26.851624 7
-30.432879 -17.860189 25.944524 15
-29.656479 -18.394289 25.788424 11
-30.174979 -18.328789 24.929324 15
-30.085679 -17.915789 24.102424 15
-29.389379 -18.414389 23.617724 8
-29.843879 -18.351089 22.746324 11
-30.528279 -17.667189 22.566224 9
-31.254679 -18.048989 22.983924 12
-31.334879 -17.696089 23.882524 15
-32.221479 -17.774089 23.563224 7
-32.565979 -17.846389 22.647624 1
-31.886779 -18.199489 22.101524 1
-31.471579 -17.357189 21.825524 7
-32.239679 -17.232389 21.227524 1
-32.155879 -17.502289 20.307324 1
-32.629079 -18.384289 20.108424 1
-32.474079 -19.290989 19.943124 7
-32.544979 -18.900989 19.058724 1
-32.304879 -17.877589 18.925324 1
-33.079779 -17.603889 18.456524 7
-32.941979 -16.976889 17.634124 1
-33.199779 -16.181289 18.186124 7
-34.157379 -16.058089 18.065124 11
-34.230179 -15.536889 18.839324 16
-35.160779 -15.866589 18.604224 14
-35.919379 -15.496889 18.076824 16
-36.442179 -16.356189 17.932024 15
-36.514279 -16.409689 18.954124 7
-37.071479 -17.109789 19.272224 12
-37.092379 -17.014789 20.235324 7
-37.494379 -16.087989 20.611924 16
-37.358179 -16.830889 21.226024 7
-37.706779 -17.102989 22.076024 15
-37.799079 -17.118989 23.009424 5
-38.092379 -16.716789 23.824124 12
-38.664679 -16.052389 23.512724 12
-39.585979 -16.033889 23.262624 16
-39.967979 -15.364589 22.765324 11
-39.545779 -14.980889 22.026124 7
-38.767379 -14.451189 22.026724 11
-39.426079 -13.807189 21.832824 11
-39.852379 -14.392589 21.116224 16
-40.609679 -15.011489 21.513524 1
-41.455979 -15.575989 21.394524 1
-41.078479 -16.038489 22.143224 1
-41.130479 -15.832889 23.146324 12
-40.632679 -15.690689 23.981324 16
-40.470079 -16.492289 23.496324 7
-41.334179 -16.596689 23.944724 1
-41.349079 -17.266889 24.745024 7
-41.119579 -16.382389 25.181824 13
-41.029679 -15.743089 25.946124 15
-40.103079 -15.663889 25.989424 12
-39.247979 -15.915189 25.456124 12
-39.780279 -15.466589 24.757824 7
-39.033379 -15.027689 24.843224 12
-38.601879 -15.047889 23.972624 1
-37.941879 -14.950389 24.773124 12
-37.547079 -14.071889 24.989524 12
-36.914079 -13.738489 24.373224 13
-36.105379 -13.167889 24.206524 7
-36.415679 -12.720589 23.389324 8
-35.586679 -12.232089 23.235024 5
-34.766779 -12.501289 23.661224 16
-34.541179 -12.540789 24.549624 8
-34.488679 -12.833389 25.443924 15
-33.777779 -13.483789 25.668724 7
-33.408779 -12.619689 25.959024 9
-33.038079 -13.351589 26.323724 7
-32.507379 -12.719989 26.831924 11
-33.186179 -12.253489 27.337724 11
-33.999879 -11.865789 27.086224 1
-34.716579 -11.225289 26.958824 15
-34.758079 -11.977889 26.298024 15
-34.726679 -12.703289 26.940624 15
-34.489079 -13.623289 26.905724 7
-33.956379 -13.491589 27.663324 1
-33.178179 -13.975689 27.587724 7
-32.425979 -14.156289 28.112624 11
-31.696079 -14.488889 27.450524 7
-32.139279 -13.716489 27.127124 11
-32.463379 -14.352989 26.449724 7
-32.848679 -15.198389 26.242624 7
-32.907479 -15.504989 25.380924 7
-33.332879 -15.547289 24.495024 1
-33.531379 -15.025389 23.730124 1
-33.257479 -15.194689 22.866424 1
-33.737679 -14.372989 22.498424 16
-33.043079 -14.593689 21.878924 14
-33.012779 -14.163889 21.028024 1
-33.796179 -14.093689 20.520524 1
-34.362279 -14.157689 19.710324 16
-34.233979 -13.556689 18.954024 10
-33.949979 -12.820989 19.522424 16
-34.530379 -12.152189 20.006424 1
-35.363879 -12.554589 19.772224 16
-35.057479 -12.877689 20.670424 7
-35.845779 -12.639189 21.277624 12
-36.358179 -12.646989 22.055724 16
-36.029679 -13.508489 21.851424 16
-36.019079 -13.565389 22.830924 5
-35.271779 -14.039189 23.277924 16
-35.704979 -14.689189 23.845024 15
-35.872479 -15.099889 24.715924 12
-36.482979 -14.691989 25.377024 12
-36.418979 -13.758389 25.355324 1
-36.306079 -12.763689 25.304224 15
-35.824379 -11.942389 25.055824 1
-35.750479 -11.797389 26.077424 15
-36.147479 -10.957889 25.845424 1
-36.554579 -11.202089 25.058024 15
-36.819779 -11.772089 24.373924 1
-37.776079 -11.613789 24.462124 16
-38.171579 -11.375889 23.569424 12
-38.404879 -12.292289 23.782324 16
-38.892779 -12.468389 22.957024 11
-39.618379 -12.059689 22.499224 11
-40.302979 -11.383389 22.369024 16
-40.679879 -10.452589 22.426324 16
-41.526879 -10.572689 21.961324 7
-42.463679 -10.829489 21.990124 8
-42.686279 -10.069689 22.516024 13
-41.794279 -10.091589 22.965224 8
-40.910579 -10.247089 23.393524 16
-40.176379 -10.210889 24.096624 16
-39.918979 -11.124089 24.208624 16
-39.622779 -11.750489 23.515924 16
-40.350679 -12.305289 23.158224 11
-40.613079 -11.473589 23.639824 16
-41.279179 -11.967789 24.174024 16
-41.563579 -11.333189 23.468424 16
-42.032979 -11.434489 22.606124 1
-41.639879 -12.233589 22.396924 1
-41.063679 -12.856489 21.966824 1
-40.127879 -12.826389 21.787424 11
-40.345779 -12.782589 20.803624 1
-39.388879 -13.074489 20.843024 11
-39.582979 -13.316789 19.959824 16
-38.624279 -13.346789 19.739224 1
-37.943579 -14.005789 19.601524 7
-37.660879 -13.083589 19.873324 1
-37.678979 -13.762289 20.530824 11
-37.713779 -14.450989 21.202824 1
-37.437479 -14.998289 21.972324 1
-36.488779 -14.845189 21.999924 16
-36.312579 -14.839589 22.910624 7
-36.536779 -15.508189 23.566424 12
-36.457679 -15.906489 22.635524 5
-37.391379 -15.736789 22.948624 15
-37.366779 -14.819789 23.298124 12
-38.058579 -14.203489 23.059824 16
-38.586679 -13.526189 22.599424 11
-37.905179 -13.214789 23.274524 1
-38.240779 -13.196789 24.165324 15
-38.338979 -12.404489 24.846524 16
-38.221179 -13.258889 25.327524 12
-38.848979 -12.703189 25.827924 5
-39.344279 -12.260889 25.163524 16
-39.676679 -11.436489 25.256324 16
-40.618679 -11.357489 25.151824 16
-41.196079 -10.725989 25.600324 16
-41.691679 -10.596189 26.452624 15
-42.084379 -10.470289 27.270624 1
-42.079779 -9.508389 27.278424 1
-41.262979 -9.960489 27.646624 1
-40.770279 -10.019289 26.839124 15
-40.051879 -10.477789 27.283224 16
-39.557079 -11.318989 27.169324 7
-40.350779 -11.850089 26.817224 16
-41.011179 -12.128889 27.569424 13
-41.677879 -12.132989 26.904124 1
-41.135979 -11.617889 26.223524 16
-41.385779 -12.561989 26.089224 16
-40.920979 -12.950789 26.914824 15
-40.062779 -12.867589 27.204424 11
-39.834979 -13.097489 26.274424 16
-39.219279 -13.820089 26.223524 12
-39.409479 -13.840889 25.289924 12
-40.027379 -13.081289 25.146724 16
-40.959779 -12.672489 25.047824 16
-40.852279 -13.721289 25.186624 11
-40.482979 -14.487689 24.609424 1
-39.606479 -14.226989 24.228524 12
-39.275179 -13.479589 23.631424 11
-39.374779 -12.683289 23.996024 16
-40.229479 -13.216789 23.997124 16
-40.261479 -13.939789 23.402924 11
-40.311079 -14.125389 22.413324 11
-41.056879 -14.597989 22.800824 1
-41.906479 -14.412989 22.340924 15
-41.657379 -13.593689 22.682324 8
-42.508879 -13.223089 23.046824 12
-42.223479 -13.275689 23.969624 5
-41.993379 -12.543389 24.553824 16
-42.306579 -12.638889 25.495624 16
-42.590879 -12.430889 26.390524 1
-42.665079 -13.369089 26.350524 7
-42.538479 -13.868689 25.537124 8
-43.228079 -14.349589 26.074024 1
-42.440379 -14.792589 26.421824 1
-42.054979 -15.566789 26.944924 15
-42.926779 -15.308089 27.149824 8
-42.757079 -15.330089 28.166624 15
-43.484479 -15.052789 28.656124 5
-43.214279 -14.316389 28.091624 16
-43.656079 -13.497289 28.254524 1
-44.510479 -13.322289 27.831824 13
-45.321079 -13.798489 28.188624 1
-45.628079 -12.983089 28.660224 9
-45.039779 -12.180189 28.133524 16
-45.424479 -12.588589 27.353324 1
-45.673679 -11.993189 26.615624 14
-45.089779 -12.164489 25.839824 12
-44.296679 -11.720489 26.283724 16
-44.314579 -11.564889 27.247224 7
-43.427379 -11.849289 26.929324 1
-43.174779 -11.001889 26.564424 1
-43.462779 -11.234989 25.677924 1
-42.755579 -11.590989 25.122324 12
-42.170579 -11.379689 24.341024 16
-42.037779 -10.688989 24.947324 16
-42.753379 -10.335989 24.362124 7
-42.234379 -9.560789 24.726624 1
-41.365979 -9.830589 24.958424 16
-40.835379 -9.819089 25.839024 5
-40.370979 -10.274889 25.152024 16
-39.859379 -9.864589 25.850424 16
-39.434979 -9.244489 26.474124 11
-38.561179 -9.574889 26.426124 8
-38.695579 -10.481489 26.774724 7
-39.182379 -10.840589 25.996724 16
-39.391679 -11.724589 26.222324 16
-38.651579 -12.094189 26.662124 5
-37.811079 -12.467589 26.401524 15
-38.106179 -13.266589 26.778024 11
-37.562779 -13.646289 26.030924 12
-36.851479 -13.446389 26.752024 1
-36.416279 -12.687889 26.446724 15
-36.721179 -11.821889 26.902324 15
-37.041579 -10.964289 26.784124 16
-37.109879 -10.313189 26.085524 1
-37.590079 -11.080889 25.767024 15
-38.280379 -10.413189 25.654824 16
-38.127679 -10.633589 24.701824 16
-37.486079 -9.880389 24.718124 1
-36.939579 -10.408689 24.159924 12
-37.535479 -10.062589 23.533724 1
-38.087179 -9.285489 23.289224 16
-38.721179 -9.131189 22.555424 11
-39.633679 -8.845189 22.657124 7
-40.586679 -8.686089 22.800024 1
-40.189079 -9.526189 23.049224 16
-40.149779 -8.848189 23.746224 16
-39.926679 -8.579289 24.624524 5
-39.359879 -9.315389 24.833324 16
-38.745479 -8.901789 24.173324 7
-38.641579 -9.831189 24.025024 1
-39.021579 -10.618589 23.757124 16
-39.085279 -10.008289 23.057524 16
-38.500779 -10.349889 22.370824 1
-39.072279 -11.086489 22.632624 12
-39.394479 -10.989189 21.704124 1
-38.720979 -11.686289 21.472324 1
-38.068879 -12.397289 21.577124 11
