17.1856 22.280027 -14.985655 1
16.6064 22.568867 -14.241055 1
17.4666 22.906727 -13.780655 1
17.7482 22.130557 -13.338655 12
18.2247 21.983677 -12.554955 1
19.1045 21.534737 -12.700555 14
19.6143 21.654647 -11.943355 4
18.9929 21.202027 -11.318055 2
19.7527 21.144157 -10.751555 1
20.4028 20.443637 -10.399055 1
20.6936 19.471037 -10.496455 2
21.4703 19.282337 -11.009655 1
21.9624 18.971137 -10.224955 16
22.9385 18.881537 -10.010255 3
23.6178 19.499137 -9.790855 1
23.8285 19.313737 -8.866855 2
24.3312 20.127737 -9.005155 14
24.7778 20.745327 -8.405355 9
24.2768 21.225137 -9.134755 1
25.2784 21.098147 -9.497455 8
26.1873 21.243207 -9.609155 15
26.7477 21.443077 -10.279555 15
27.2024 20.679737 -9.898655 11
27.0229 20.256537 -9.047255 2
27.9142 20.465037 -8.685555 8
27.9632 19.700537 -9.303355 9
27.8729 18.760837 -9.164155 1
28.4635 17.997837 -9.261455 5
28.7351 17.220537 -9.817555 2
28.6487 17.063537 -8.848455 13
28.4635 17.073737 -7.858155 6
28.876 17.851337 -7.276455 14
29.24 16.925537 -7.179755 2
29.5698 17.463937 -6.461355 14
30.0552 18.196937 -6.098855 14
30.691 17.552437 -6.537955 6
30.632 16.666437 -6.716955 2
30.9502 16.932237 -7.590655 12
31.3402 17.808637 -7.786455 2
31.9546 18.402037 -8.389755 2
31.1634 18.910037 -8.235555 6
30.8124 18.844837 -7.346855 14
30.0669 19.109937 -7.911155 1
30.0705 19.808237 -7.181955 14
30.2362 20.484037 -7.822655 8
30.1121 21.245727 -7.268455 7
30.0237 21.802507 -6.422955 2
30.6853 22.435077 -6.859155 2
31.6595 22.534877 -6.877855 1
31.3834 22.859547 -6.003155 1
31.1707 21.909927 -5.946755 11
30.4031 22.377617 -5.576755 2
29.6258 22.857457 -5.350055 2
28.6898 22.943857 -6.806355 2
28.133 23.295257 -7.536255 5
28.8816 22.920537 -7.962255 5
29.6954 22.567057 -7.632255 2
29.9443 22.448587 -8.515055 5
30.7861 22.429847 -8.878655 3
31.2389 22.625787 -9.783155 9
31.1588 22.779867 -10.691555 1
32.0819 22.932057 -10.502755 1
33.0599 23.198537 -10.326655 14
32.8467 24.228367 -10.212755 9
32.3562 24.591907 -9.437355 8
33.0287 25.158247 -9.166155 2
33.644 24.680227 -8.694455 14
34.3283 24.095497 -8.904755 8
34.5937 24.990047 -9.143555 2
35.188 25.513717 -8.578055 15
35.8744 24.859317 -8.400255 14
36.1118 24.014437 -8.754055 1
36.1751 23.321907 -9.412455 1
36.7181 23.584417 -10.221055 14
37.1012 22.731137 -10.313255 2
36.5815 21.963937 -10.751455 10
36.0931 21.508837 -11.523455 14
35.6881 21.548017 -12.364055 2
34.8119 21.070317 -12.073355 12
34.4238 20.283537 -12.478655 1
33.5335 20.478937 -12.771155 2
33.0522 21.054727 -13.394055 8
32.2458 21.085517 -13.962555 11
31.6729 20.819807 -14.727355 2
31.0955 20.333837 -14.161355 14
31.8204 19.673137 -14.109755 8
31.8058 18.605237 -14.210055 15
31.2818 18.427137 -14.973455 6
30.7565 17.990237 -14.334055 1
29.8661 17.729437 -13.932755 1
29.9452 16.896837 -14.471255 2
29.9409 17.196037 -15.380555 1
29.0492 17.614837 -15.167955 7
28.5815 18.445637 -15.295655 1
27.7348 18.796237 -15.227355 1
27.2564 19.037637 -15.989355 1
27.1214 19.583537 -15.166555 1
26.9687 19.259437 -14.134155 1
27.402 19.794237 -13.472055 14
26.7977 20.487837 -13.703355 1
27.5242 20.673337 -14.377155 2
28.2237 21.365407 -14.217255 3
28.4827 22.281837 -14.154755 1
27.9768 23.150277 -14.209055 2
28.2984 23.604797 -13.331955 2
27.4952 23.058227 -13.099855 14
26.8812 23.620917 -12.613455 14
26.0512 23.130177 -12.663755 14
25.5392 23.980617 -12.910355 2
26.3175 24.508757 -13.335155 11
26.5053 24.573787 -12.408655 14
27.1789 25.020727 -12.999255 2
27.6821 24.355737 -12.488155 14
28.12 24.435437 -11.679055 14
28.1682 23.680087 -11.087255 14
28.1965 24.457817 -10.500055 2
28.6514 24.517107 -9.677955 5
28.6844 23.563197 -9.621655 5
28.7256 22.787267 -9.009955 5
28.1529 22.290727 -8.345855 8
27.3923 22.876937 -8.780955 2
26.5407 23.231347 -8.821655 15
26.1003 24.101047 -8.964255 6
25.3791 23.570597 -9.375955 1
25.0178 22.961977 -10.083355 15
24.4693 22.801777 -9.284255 8
25.0026 22.899247 -8.478855 2
24.9549 21.942347 -8.676455 9
25.7091 22.334987 -9.175455 15
25.9297 22.346617 -8.260255 8
25.3936 22.098197 -7.552555 2
25.9996 21.540827 -7.056555 1
26.8901 21.748127 -6.632255 2
27.4224 21.756627 -7.376455 2
28.0499 21.292847 -7.948455 8
28.4061 21.252327 -7.088455 2
29.0767 22.043717 -6.948955 2
28.9483 21.652347 -7.799355 8
29.6598 21.436567 -8.410655 8
29.9996 21.478667 -9.313455 2
29.635 21.626457 -10.206755 9
30.3534 22.206027 -10.273255 14
30.1385 23.206917 -10.193655 2
30.3353 24.060457 -9.620455 14
30.768 24.913277 -9.744055 6
31.3311 25.032977 -9.014155 3
30.9218 25.895697 -8.954655 12
30.4579 26.745387 -9.211955 12
29.6733 26.250967 -9.242755 1
29.9625 26.729437 -8.251555 2
30.8557 26.400397 -7.888555 11
30.3181 26.853227 -7.257855 2
30.8793 26.776257 -6.488155 6
30.8417 26.047427 -5.874455 1
29.983 25.926847 -5.623955 5
29.0503 25.895087 -5.361655 1
28.2692 25.471127 -5.090255 1
28.4643 24.566297 -5.419655 2
27.7016 24.122087 -5.683355 2
28.2846 24.278057 -6.524955 2
27.8535 24.647067 -7.276755 1
28.2754 24.852677 -8.089055 5
27.6854 24.529907 -8.853455 5
27.2314 24.341807 -9.686655 1
27.217 23.301217 -9.848155 15
26.7284 23.600637 -10.650955 14
26.1072 24.226677 -11.292455 3
26.2428 23.361227 -11.608655 14
25.6048 23.000767 -10.964855 15
25.0156 22.682417 -11.679655 2
25.8545 22.224687 -11.649155 14
26.2387 21.457637 -11.169955 2
27.0636 21.738347 -11.385455 14
26.7547 22.484867 -10.725055 15
27.4865 22.772567 -11.238555 14
28.338 22.326757 -11.220055 2
27.9532 22.225957 -12.108755 14
28.5755 21.722427 -12.700955 2
28.126 20.857197 -12.871655 6
28.3999 20.470137 -12.030055 2
29.2303 20.789007 -11.524255 9
29.0664 20.849907 -10.594055 1
28.7197 20.650937 -9.735255 8
29.4399 20.588237 -9.043055 8
29.0068 19.728537 -8.857255 2
29.1141 19.473837 -7.919755 8
28.6281 19.035137 -7.176255 14
27.871 18.432437 -7.024355 5
27.4395 18.648637 -7.898155 2
27.3371 19.595837 -7.729555 9
27.9884 20.280837 -7.467155 8
28.2818 20.295237 -6.538255 1
29.2096 20.220037 -6.822655 2
29.477 19.491237 -6.273155 14
28.9131 20.038537 -5.791655 2
28.4593 19.245237 -5.792155 14
27.4906 19.226037 -5.766055 3
26.9794 19.689037 -6.480855 1
27.0275 20.661037 -6.318755 3
27.8581 21.087137 -6.072355 2
28.415 21.634977 -5.526255 2
28.0226 21.648977 -4.593955 2
28.4045 21.177557 -3.849755 7
29.0934 21.642367 -4.357755 2
29.7296 22.406467 -4.444555 2
30.0294 21.604457 -3.957755 4
30.8678 21.249927 -3.684455 1
30.9365 21.443657 -2.762955 1
31.4677 20.690537 -2.875055 1
31.7521 19.790137 -2.824755 10
30.8702 19.436937 -2.680355 6
30.6768 20.208337 -2.161255 2
29.9712 19.960737 -2.743455 12
29.6994 19.850737 -3.640555 1
29.4754 20.577637 -4.208655 2
29.3931 19.741637 -4.702055 14
28.579 19.909137 -4.147855 2
28.6811 19.136737 -3.573855 14
28.5441 19.644937 -2.819155 6
28.7672 20.589837 -2.911855 2
29.0441 21.354647 -2.527355 1
28.2959 21.852977 -2.061355 8
28.6495 22.567847 -2.579355 8
29.5738 22.437207 -2.640055 3
30.0997 22.930897 -1.969855 9
30.4136 23.185417 -2.849455 14
31.3592 23.537427 -2.924755 1
32.1234 23.659687 -3.473055 1
32.9545 23.287987 -3.793555 2
33.8918 23.570167 -4.209355 8
33.1984 24.282897 -4.240555 3
32.9465 25.196707 -4.169155 7
32.4458 26.046067 -4.176155 14
31.9275 25.339697 -4.600555 1
31.5605 24.419817 -4.722055 8
31.8407 23.632647 -5.170555 3
31.0552 24.096647 -5.693355 1
30.5577 23.559977 -6.359355 2
29.7557 23.851217 -5.862455 2
29.2892 23.853047 -6.784555 2
29.3905 23.739577 -7.773955 5
29.3929 24.455847 -8.391755 5
30.4281 24.387697 -8.238755 1
30.8751 23.516547 -8.119155 2
31.7112 23.320487 -7.687655 8
32.4929 23.180827 -7.133555 2
33.1102 22.445787 -6.898255 3
33.1955 21.407457 -6.981555 15
32.7608 20.569637 -7.194655 2
33.3137 19.742837 -7.019155 14
32.5263 19.785937 -6.430355 11
31.7101 19.941537 -5.783055 12
31.1104 20.704737 -5.522055 3
30.169 20.944937 -5.934555 2
29.5655 20.620937 -5.287455 2
30.1603 19.898037 -5.535655 14
30.7958 19.818637 -4.797255 1
30.7283 18.913637 -5.223855 14
30.73 18.380737 -4.437455 1
29.8555 18.740837 -4.330855 14
30.0013 18.686737 -3.363455 4
29.8439 17.829237 -3.835655 2
29.0659 17.914637 -4.410155 1
28.7686 17.872037 -5.321855 14
27.7197 17.819037 -5.515955 1
26.7925 17.954437 -5.130655 1
26.7947 18.404737 -5.922955 1
25.8364 18.580437 -5.966455 3
25.423 18.214837 -5.075955 2
25.6396 19.214337 -4.736555 9
26.0006 19.934937 -4.251055 9
26.9407 19.743937 -3.952255 2
27.5401 19.681337 -3.229555 6
27.0393 20.325037 -2.769155 6
27.1632 20.970197 -3.435355 9
27.6186 20.681337 -4.228255 2
27.3455 20.681637 -5.173755 2
26.4355 20.185337 -5.358555 6
25.652 20.705337 -5.035455 9
26.1643 21.405907 -5.571855 2
25.6566 21.703717 -4.833855 9
26.3344 22.413247 -5.214855 2
26.7036 22.049017 -4.414155 9
27.5002 22.556887 -4.514755 2
27.2314 22.617447 -3.613055 8
27.7283 21.864767 -3.160655 14
28.3229 22.381687 -3.772155 2
28.1477 23.158327 -3.264255 8
28.7958 23.590307 -3.803655 8
29.1331 23.617487 -4.697255 2
29.9147 23.412907 -4.209355 6
29.894 24.340017 -3.929255 14
29.2464 24.542307 -3.249955 8
29.3452 25.493377 -3.673855 2
29.1863 24.987827 -4.534155 6
28.3774 25.080127 -3.980055 8
27.5737 25.448997 -3.604155 3
27.0381 24.669837 -3.143055 8
26.1667 24.814347 -3.517655 3
25.6796 25.081227 -4.249355 3
25.2105 24.289387 -4.430055 10
26.0324 24.002547 -4.751555 2
26.8648 24.425377 -4.751255 2
26.6236 24.905707 -5.525955 3
25.8903 25.458097 -5.328055 14
25.6397 25.247597 -6.248255 12
25.4368 24.330597 -5.946455 3
25.6048 23.669097 -6.662055 3
25.892 23.409497 -5.717755 2
25.8658 22.571557 -6.225755 12
26.8069 22.583417 -6.067755 2
26.9532 23.168457 -6.810555 1
27.695 23.314837 -6.192455 2
27.8115 22.697817 -5.463155 2
27.9613 23.422417 -4.843055 2
27.9101 24.345317 -4.579555 1
27.6105 23.694597 -3.920355 8
26.7088 23.327347 -4.116955 2
25.7218 23.038337 -3.754855 9
25.9803 23.698437 -3.113955 8
25.257 23.376227 -2.445755 3
24.7882 24.117917 -2.849955 9
24.5883 25.034937 -2.683155 1
23.7055 25.432237 -2.262455 2
24.1977 25.783837 -1.431155 1
23.639 26.078127 -0.626255 1
23.916 26.695397 0.085745 14
24.3622 27.566527 0.077845 1
24.127 27.342857 1.027445 8
23.267 27.634227 0.741545 1
22.6045 28.313137 0.500945 6
23.0752 28.711507 1.269345 6
22.5209 29.445387 1.541145 8
22.8488 29.964314 2.278345 1
23.3221 30.227128 1.486145 2
23.6866 29.96131 0.672045 2
22.9886 29.702177 -0.005155 6
22.3251 30.163747 -0.465055 7
23.1077 30.072285 -1.051055 14
23.4266 29.260947 -1.392055 2
23.8785 28.454507 -1.661255 1
24.4337 28.419797 -0.883055 3
25.4114 28.457827 -0.869655 3
25.3074 27.869677 -1.664755 2
25.9032 28.325687 -2.182855 14
25.2891 27.617217 -2.604155 8
25.2558 26.672337 -2.453455 12
24.9355 26.002617 -3.026455 14
25.746 25.838507 -2.506355 9
26.5389 25.295687 -2.433355 8
26.9176 26.024367 -1.994355 9
27.5107 25.585817 -1.356055 2
26.7909 24.834487 -1.386555 8
27.0824 24.557367 -0.446555 2
26.3265 23.963737 -0.625955 3
26.0071 24.590397 -0.084055 14
26.3946 25.437047 -0.455355 2
26.5927 25.984597 0.347245 2
26.65 26.896907 0.765845 3
27.3169 26.245327 1.039245 1
27.8893 25.490437 0.909145 2
27.9688 24.722327 1.532545 2
27.3119 25.319147 1.901845 1
26.4867 25.011787 1.425245 1
26.8947 24.968547 0.541045 2
26.8993 24.019797 0.848645 2
26.4788 23.191507 0.982145 3
27.3742 22.974397 0.767545 3
27.8664 22.750487 1.569745 10
28.5644 23.269807 1.099745 1
28.8903 24.108567 0.743445 2
29.521 24.803757 0.666145 9
30.4599 24.828237 0.854745 1
30.2271 25.691907 0.486745 9
29.4842 25.535357 -0.169755 2
29.6447 25.262327 -1.033055 2
28.9014 24.783807 -1.346355 2
28.6848 24.522407 -2.233255 8
28.3031 25.309647 -2.645455 8
28.9693 25.708187 -1.960755 2
28.3422 26.431717 -2.342055 6
29.0162 27.030777 -2.214355 12
29.1529 27.815247 -2.712055 3
29.0497 28.422997 -1.903855 8
29.2657 29.344727 -1.765055 6
29.7256 30.03829 -1.342055 3
29.677 30.393673 -0.429755 14
29.4212 31.318931 -0.173955 6
29.5015 32.168837 0.227045 6
28.5659 32.518667 0.133145 2
27.7228 32.717977 0.700345 3
28.4569 32.778707 1.426145 3
28.7749 33.489047 2.045345 2
28.9428 33.720347 1.121445 14
28.4714 33.681147 0.207945 2
28.0083 34.150807 -0.624555 1
27.8564 34.054317 -1.599555 1
27.0046 33.704817 -1.929355 14
27.0938 33.151957 -1.082555 12
26.6287 32.254867 -0.945455 1
26.1694 31.853927 -1.693155 2
25.4841 31.318088 -1.203355 4
24.6672 30.900484 -0.941155 8
24.3632 30.744055 -0.047055 1
25.2834 30.425241 -0.082155 6
26.0745 29.912769 0.188645 14
26.9996 30.083195 0.502245 9
26.9971 29.631897 -0.351955 2
26.6441 28.707467 -0.515455 6
26.6722 27.770977 -0.573255 9
26.8273 26.764747 -0.454355 14
27.7394 26.496877 -0.695655 2
28.3066 26.329757 0.078145 2
28.3032 27.025107 0.765445 9
28.9868 26.639987 1.319245 1
28.8664 25.705617 1.001245 3
28.5871 25.288477 0.161345 2
28.1728 24.730507 -0.563755 2
28.118 24.127857 -1.353555 9
28.0449 23.679467 -2.266455 8
27.2407 23.483327 -1.799055 8
27.1415 23.208407 -0.873955 3
27.3717 23.519617 -0.002055 3
28.2069 23.693297 -0.370755 2
29.0388 23.378127 -0.703755 2
29.2686 23.405447 -1.620855 8
30.0154 23.444487 -1.028455 10
30.3536 24.234157 -0.561755 2
31.0481 24.892437 -0.443555 3
31.9077 25.173417 -0.709155 1
31.9462 24.264697 -0.417855 8
32.702 23.662147 -0.776455 2
33.0197 23.930097 0.089845 1
33.7575 23.488757 -0.401055 2
34.2645 23.659717 0.418545 3
34.3411 24.372247 -0.193555 4
35.2416 24.485237 0.138045 3
35.6465 23.636977 0.235445 2
35.1514 22.886657 0.512745 14
34.7279 22.156097 -0.047355 7
35.3794 22.640627 -0.611455 2
34.5071 22.539737 -1.153255 14
33.9449 22.157687 -1.823355 6
34.422 22.414817 -2.561055 8
35.3081 22.114937 -2.450655 2
35.1981 21.366217 -1.867455 3
35.8588 20.902847 -1.367255 14
35.4672 20.629737 -0.531755 3
35.4294 21.140537 0.289045 6
36.1711 20.622437 0.598845 2
36.0277 19.852137 1.145945 5
35.2566 20.280037 1.453445 3
35.0913 21.268147 1.644045 13
34.5026 20.715687 2.282645 2
33.9344 20.134337 2.823845 2
33.9333 20.416337 3.758745 1
33.7638 21.269457 4.179145 6
33.8978 21.413907 5.131445 3
33.4425 20.593537 5.212645 3
33.8082 20.812907 6.156145 1
33.9115 20.834357 7.099145 5
33.1053 21.303627 7.473345 10
33.4091 22.224837 7.394445 7
34.2219 22.667207 7.429945 3
33.8223 23.217647 6.711945 1
33.0257 22.858237 6.358845 9
32.6341 23.793907 6.500345 1
32.4329 24.337907 7.248245 9
31.5456 23.952767 7.654245 14
31.5381 23.421717 6.841745 3
31.8835 23.197087 5.980345 8
31.8621 22.376527 6.515445 9
31.4014 22.388367 7.537645 8
31.6752 22.414847 8.502045 3
31.0821 21.897947 9.167445 3
30.9118 22.002707 10.100445 10
29.9721 22.169937 9.962845 1
29.9554 21.140597 9.927445 1
29.1699 20.607437 9.884145 3
28.3073 20.416337 9.510745 3
27.5128 20.659737 10.016945 2
27.1021 20.008037 10.607945 13
26.2828 19.634037 11.146045 9
26.8742 20.157737 11.630245 5
26.9082 21.049727 11.185345 1
26.6685 21.506317 11.981645 3
26.2935 22.240227 12.499645 3
25.6794 22.836467 12.042145 4
24.9051 23.222427 11.615645 10
25.2833 22.629927 10.932545 9
24.5676 21.931777 10.748545 3
23.8963 21.371617 10.290945 14
23.6937 21.726037 9.395545 2
23.2769 21.942767 8.498845 12
22.6449 22.119837 9.165945 1
22.3609 23.020077 8.886245 3
21.6245 22.738027 9.495745 3
21.7221 23.566357 9.906745 10
22.6973 23.857677 10.099945 3
23.2832 23.582247 9.435445 8
23.98 22.961227 9.198545 6
24.8902 22.883407 8.856545 1
25.4834 23.108187 8.111545 1
25.7259 23.068897 7.126445 1
26.3791 22.376337 6.721845 10
26.5391 21.492037 6.328145 3
26.7637 20.566237 6.470745 2
26.6791 19.952637 5.760845 7
27.2496 20.585537 5.201545 2
26.6284 20.066537 4.714245 3
27.1766 19.846437 3.925245 9
28.0996 20.161037 3.866645 6
28.8053 20.808077 3.750345 3
28.4997 21.522897 3.167445 12
28.0059 20.939507 2.610945 6
27.2367 20.488337 3.007845 9
26.5338 20.558137 2.249245 9
26.5489 20.926837 1.313145 3
26.6919 20.895807 0.318345 3
27.2261 20.078437 0.224445 13
27.3435 19.146937 0.378845 6
28.119 18.895237 -0.145755 6
28.913 18.698337 0.417645 4
28.4072 18.452937 1.234545 8
28.0656 17.956637 1.982145 3
27.4618 18.644937 2.215345 9
27.0017 17.820437 1.878345 3
26.7007 18.162937 1.068445 9
25.8054 17.979637 1.347745 14
25.5501 17.045437 1.123445 5
24.8681 16.479537 0.721945 5
24.9951 16.051037 -0.193355 5
25.2934 15.249337 0.186945 3
24.3186 15.262037 0.192045 8
24.3657 15.473037 1.137545 3
23.9048 16.332537 1.094545 10
23.0785 16.617237 0.824945 10
23.5511 17.401737 0.506245 5
23.6611 18.352137 0.828145 14
23.0993 19.039737 1.210145 1
22.6878 19.889937 1.551145 3
23.2992 19.378637 2.169445 1
23.3821 19.973937 2.860645 4
23.7089 19.372637 3.559145 1
24.5154 19.583337 3.133745 1
25.3614 19.581437 3.594845 9
25.3113 20.530937 3.575845 3
25.6735 20.835467 2.823145 9
26.0528 21.612697 2.386945 4
25.6951 21.768287 1.445345 3
25.9604 22.550167 1.926745 3
25.7486 23.502817 2.255945 1
24.9363 22.991857 2.312545 1
24.0987 23.314607 1.900445 1
23.8256 23.350477 0.932445 15
22.8947 23.324097 0.839445 3
22.9929 22.646387 0.165845 13
23.9544 22.706117 -0.039355 6
24.6019 22.321427 -0.637655 3
24.9882 21.433417 -1.039955 3
25.7914 21.492647 -1.515755 3
26.722 21.335087 -1.889155 11
26.6081 20.739807 -1.163855 3
26.6692 19.872637 -1.532155 6
26.9538 18.959737 -1.498255 6
26.4025 19.099137 -0.748755 6
25.9192 19.245737 0.049145 10
25.9805 20.185337 -0.220655 3
25.1504 19.880137 0.220945 13
25.8467 19.848237 0.888545 3
26.4004 19.633837 1.659245 9
26.8021 19.463037 2.527645 9
27.8099 19.545237 2.760745 9
28.773 19.422837 2.923645 4
29.163 19.239237 3.798845 5
29.409 18.547237 3.190645 8
28.862 17.933637 2.687745 3
29.4812 17.265537 2.767345 3
30.2977 17.641537 3.146845 8
30.2648 16.723237 3.454045 5
29.7034 17.402337 4.104845 12
29.115 18.151837 4.121945 4
28.2562 17.885337 4.326045 1
28.2636 16.909437 4.201145 3
27.884 16.095337 4.447645 3
27.4426 15.932437 5.295745 2
27.1014 16.623737 5.828445 5
26.703 16.872837 4.895045 3
26.2449 16.876337 4.095645 1
26.2647 16.348937 3.349645 3
25.4829 16.794637 3.083845 1
25.6369 17.109637 2.171145 6
24.7456 17.003337 1.697845 5
24.6518 16.483537 2.556345 3
24.1033 16.456237 3.320245 1
23.6973 17.322537 3.541845 6
23.3471 17.385837 2.683645 10
23.6131 17.949037 1.944845 1
24.612 18.175537 1.752645 5
25.3009 18.485737 2.380945 9
25.2004 18.537837 3.332745 13
26.1111 18.885037 3.128245 9
26.5037 17.992637 3.016645 9
27.0108 17.196137 2.806245 3
27.9717 17.071237 2.962045 3
27.54 17.864037 3.303745 9
27.2042 17.853837 4.231345 3
26.5458 18.466337 4.651645 14
26.4038 19.180037 4.076045 9
25.6436 19.351137 4.732245 3
24.9376 19.950937 4.783045 10
24.5467 19.109537 4.624745 13
23.9348 18.889937 5.293445 3
23.774 18.686137 6.216145 3
22.9617 19.158437 6.360245 1
22.0052 19.294437 6.557945 9
22.0224 20.071837 5.996945 1
22.26 20.125737 5.025145 1
21.3635 20.253437 4.849445 3
20.6402 20.456137 5.426845 9
20.1885 20.871127 4.597045 6
19.7768 20.081837 4.154145 6
19.0387 19.583337 3.687345 1
18.436 20.367137 3.577045 3
18.8438 20.521337 2.645745 4
18.7832 21.060357 1.879545 1
19.0712 21.656367 1.149645 4
19.7179 21.984457 1.825645 3
20.0755 21.543047 2.696845 8
21 21.538777 3.084445 3
20.9829 22.626367 3.171345 5
20.9392 23.123557 4.019945 5
21.5183 22.666897 4.625045 6
21.9705 22.897377 5.492545 3
22.7486 22.773347 4.882445 5
23.1941 23.188957 5.673445 8
24.098 22.947437 5.868245 3
24.3977 23.621657 6.504145 9
24.3332 24.369417 7.141545 1
23.9685 24.880167 6.409245 3
24.474 24.847107 5.570145 11
24.0701 25.157367 4.823145 10
24.3156 25.898597 4.221345 3
25.0601 25.711967 3.612845 5
24.4015 25.483557 2.877545 10
24.7468 24.894907 2.107845 12
24.4724 24.318887 1.424445 4
24.8263 23.784157 0.658345 1
25.0179 23.016497 1.234645 14
25.2804 22.824207 0.298045 3
25.8559 22.078827 0.499845 3
26.6522 21.904197 0.108445 3
26.7219 22.078757 -0.826755 3
27.3871 22.169227 -1.526955 8
28.1402 21.812347 -1.045755 3
28.3897 21.643187 -0.109555 3
28.9933 20.926047 0.331745 9
29.5149 21.387037 0.939045 1
28.5515 21.428237 1.042845 15
27.7053 21.716227 0.634445 3
27.6831 20.892037 1.211545 9
28.2208 20.073037 1.058045 9
28.186 20.011337 0.144045 6
28.4086 20.650937 -0.545255 3
28.0679 20.266337 -1.315955 6
28.4204 19.544937 -0.864055 3
27.987 18.832937 -1.358455 6
28.4622 18.134637 -1.015355 9
28.0196 17.267037 -0.923655 6
27.4674 16.757837 -1.582855 3
26.718 16.886537 -2.188055 4
25.8741 17.188037 -1.662555 13
26.3192 17.968937 -1.222655 6
25.543 17.926937 -0.765555 5
25.4416 18.106437 0.272045 5
25.2146 18.919737 0.720745 1
25.4698 19.130637 1.637945 9
24.5094 19.248037 1.945645 1
24.8716 20.215037 1.753545 9
24.7943 21.126397 1.422445 3
24.2987 21.681607 2.103745 10
23.3669 21.691957 2.284045 1
23.102 21.989607 1.458245 13
22.709 21.169117 1.606345 5
23.4312 20.776327 1.108945 1
23.8804 21.408437 0.548745 3
24.4196 22.131987 0.781445 1
24.9369 21.639677 0.038345 3
24.9412 20.781427 -0.336555 3
24.2371 20.196337 0.035345 6
23.3329 20.495837 -0.144755 4
22.8838 21.378317 -0.343555 3
21.9354 21.382567 -0.085555 5
21.0892 21.818697 -0.004855 9
21.5069 22.656447 0.096345 4
21.7729 23.128807 -0.702455 3
22.4796 23.563687 -1.257655 8
23.2556 23.163407 -1.619955 6
24.3103 23.169047 -1.543755 3
24.6726 24.020457 -1.405055 15
25.6242 24.089347 -1.534755 8
25.5808 23.334337 -0.981255 3
26.249 22.833007 -1.365455 3
26.4732 22.964507 -2.324855 8
26.2169 22.109617 -2.672255 13
25.2924 22.228737 -2.734155 3
25.3354 21.751227 -3.616155 9
24.5373 21.566597 -3.165255 3
23.6 21.706437 -3.182755 3
24.0413 21.940307 -4.034355 9
23.5417 21.725237 -4.862555 13
23.7304 21.110787 -5.551455 3
24.5349 20.586537 -5.387955 9
24.9546 20.473937 -6.229455 5
24.8595 21.392487 -6.087755 1
24.6565 21.805047 -5.240055 9
24.3317 22.398427 -5.948655 4
24.1898 23.259027 -5.550055 14
24.0898 23.189827 -4.573155 9
24.1583 23.626057 -3.693955 15
24.2819 22.851257 -3.142855 6
24.2219 22.162907 -2.405355 3
24.2615 21.832947 -1.545555 3
23.6221 22.271427 -0.879055 6
23.2676 21.584387 -1.471155 3
22.4758 22.089827 -1.373955 1
21.8553 22.565837 -1.896655 6
21.0392 22.700867 -2.390155 1
20.2507 22.535387 -1.813955 1
20.3318 21.476547 -1.672755 3
21.1213 21.467267 -1.114955 10
21.7978 20.758467 -1.001855 10
22.5563 20.356637 -1.526855 6
23.4415 20.641837 -1.333755 3
24.4134 20.629737 -1.386255 3
24.7107 19.757837 -1.049055 11
25.3881 19.031737 -0.771255 6
24.559 18.738037 -0.244255 9
24.6661 17.779437 -0.309855 5
24.3548 16.907937 -0.138755 5
23.4099 16.839537 -0.408455 6
22.9817 16.584437 -1.176655 3
22.9636 15.709737 -1.727955 13
22.6582 16.303237 -2.485055 9
21.6994 16.486237 -2.283755 3
20.8864 16.559937 -2.785855 10
20.8244 16.492937 -3.835555 3
20.0764 17.174037 -3.628155 8
20.2733 17.725837 -2.856655 5
20.9569 18.371337 -2.815755 1
20.9048 19.063237 -3.453355 1
21.7219 18.976837 -2.961355 3
22.6703 18.803137 -3.201455 1
22.759 19.589137 -2.546155 3
22.0343 20.251037 -2.584355 8
22.9408 20.671337 -2.411555 3
22.689 21.026767 -3.243955 9
23.5801 20.560237 -3.246855 3
23.9163 20.492937 -4.226255 9
23.3956 19.670237 -4.356655 3
23.6773 20.063637 -5.170955 1
22.7316 19.786437 -5.299055 4
21.8499 19.404937 -5.367255 1
21.0773 19.934237 -5.437755 4
21.1434 19.280737 -6.127955 5
21.7898 18.595537 -5.913055 9
21.7877 17.811837 -5.315655 3
22.0581 16.844837 -5.081155 15
22.9579 17.115237 -4.929555 5
23.6005 17.789737 -4.875455 10
24.5041 18.250937 -4.739355 6
24.3518 19.114037 -4.165155 9
24.1306 19.719737 -3.362155 3
24.6222 20.517337 -3.012355 3
25.4041 20.695037 -3.618955 9
26.2038 20.862997 -3.123855 9
25.7855 20.445737 -2.356855 3
24.9432 20.071237 -2.140755 3
25.5291 19.452037 -2.694455 6
24.6661 18.977737 -2.745055 10
23.7449 18.950437 -2.504455 3
24.4333 19.045537 -1.727555 13
23.9788 18.280237 -1.347855 3
24.2924 17.398137 -1.666855 5
25.0752 17.973437 -1.933155 3
25.1669 17.833637 -2.867655 13
25.8963 18.464737 -2.914455 6
26.552 18.118437 -2.275055 6
26.8359 18.003037 -3.174455 3
27.7236 18.424737 -3.354455 1
27.6527 18.572937 -2.406255 6
28.0037 17.658537 -2.480855 3
28.8815 17.587237 -2.004855 1
29.6188 18.232637 -2.132355 5
29.9347 18.987037 -1.490655 4
29.8225 19.284637 -0.603355 3
30.2018 20.042737 -0.809355 13
30.3955 20.537637 -0.018255 3
31.235 20.842347 0.386045 11
31.3168 20.186637 -0.296855 3
31.9309 19.472637 0.008145 14
31.4914 19.620637 0.860545 3
31.3591 19.369737 1.807845 4
31.7656 19.980037 2.385545 8
32.2965 19.114437 2.517345 12
31.8296 19.071837 3.373345 9
32.2148 18.313337 3.863445 4
32.768 17.581637 4.205845 3
32.6595 16.675437 4.398945 6
32.8096 15.844237 4.787945 1
33.041 15.038037 5.176445 3
32.5555 14.766737 5.877445 1
31.6041 14.456737 5.769545 4
31.3953 15.259437 5.196045 9
30.6122 15.745837 5.328945 1
30.0937 15.234837 4.676145 6
29.8741 14.423437 4.249545 3
29.6344 13.492837 4.413445 9
30.3609 13.210537 5.026545 1
30.4678 13.177237 4.065545 3
29.7683 12.893837 3.519545 9
29.3096 12.363937 2.877745 6
29.5804 11.484037 3.049645 6
30.5042 11.555037 3.283645 10
31.0967 12.156037 2.816845 5
30.6909 12.429837 1.979545 13
31.0283 13.322537 1.696745 8
31.08 14.114737 2.335245 10
30.3057 14.630237 2.725945 9
30.1049 14.702237 1.803845 3
30.3899 15.254937 1.068545 1
29.743 15.895737 1.028445 3
29.6865 15.257137 0.283345 8
28.8953 14.727237 0.174945 15
28.3561 15.255337 0.750045 3
27.4241 14.952337 0.574845 1
26.6083 15.419437 0.987545 5
26.6299 16.331637 1.356745 5
27.3357 15.795737 1.901645 3
26.6873 15.563537 2.606245 9
27.3727 16.219937 2.766945 3
27.3066 15.762337 3.626845 3
26.4326 15.351537 3.759345 13
25.6184 15.030437 3.341345 10
26.1538 14.219837 3.422245 6
27.037 14.205437 3.508745 3
27.7067 13.819937 4.091445 9
27.0252 14.007537 4.736545 11
27.6864 14.702437 4.682445 13
28.1726 14.985937 3.868345 3
28.878 14.354037 4.208145 9
29.1434 15.076837 3.703445 13
28.8378 15.140037 2.825245 3
28.5411 14.325837 3.238445 9
27.8987 14.038837 2.479445 3
26.9678 13.904937 2.140845 6
27.0633 14.766737 1.902045 3
26.7356 14.281237 1.116945 4
27.6815 14.133537 1.223245 3
27.8927 13.183137 1.176145 6
27.167 12.598437 0.813545 6
26.4878 13.146737 0.387645 3
26.4602 13.629137 -0.539955 15
26.3271 14.652237 -0.663255 8
25.9742 15.567137 -0.657055 5
26.1715 16.489937 -0.675655 5
26.8755 17.225737 -0.786755 6
26.5899 17.144637 0.124145 5
27.4512 17.452837 0.031145 6
28.3824 17.206137 0.056245 10
28.3844 17.194637 1.007145 3
27.7666 16.457837 0.730245 1
28.4536 16.143037 1.374945 3
28.3427 15.945637 2.366345 3
29.1381 16.200037 2.609845 3
30.1218 16.011937 2.643945 1
30.5727 16.073737 1.810445 4
29.6475 16.576737 1.773645 3
30.0329 17.385837 1.533245 1
30.584 16.930237 0.966745 1
30.0909 17.373837 0.303645 1
30.7261 16.991937 -0.274555 10
29.9896 16.573037 -0.659555 1
29.3077 15.917137 -1.183855 1
30.1928 15.673337 -1.496155 12
30.4664 15.276337 -2.410155 14
30.5524 14.382837 -2.099555 10
31.1308 13.651137 -1.980555 5
31.2195 13.907737 -1.051155 4
30.489 13.281137 -0.974355 3
29.8797 12.986337 -1.713555 4
29.5773 12.746637 -0.773655 9
29.7943 12.485137 0.107145 5
29.6185 13.123737 0.963145 9
28.9555 13.527737 1.544245 11
29.042 14.472037 1.263945 3
29.0307 14.364437 2.241345 3
28.8719 13.443137 2.671545 9
28.2523 12.804537 2.242745 6
28.9215 12.356537 1.668245 6
28.4791 12.421437 0.805945 13
28.7233 11.901937 -0.023655 1
28.4079 11.683437 -0.922555 8
27.5152 12.023537 -1.127655 9
27.018 11.276337 -1.562455 4
26.9254 10.693337 -2.317255 4
27.3637 9.851037 -2.185755 6
26.9614 9.030437 -2.422655 13
27.0828 8.629737 -3.311055 10
26.992 7.769437 -3.799855 10
27.7694 7.264037 -3.659555 10
27.9463 6.851837 -2.820355 10
28.1644 6.085837 -2.260755 13
27.5282 5.381037 -1.997655 3
26.7967 6.042537 -1.812455 3
27.4077 6.814037 -1.971555 10
27.9063 6.323437 -1.229255 13
28.5561 6.777337 -0.639955 13
27.7102 6.872337 -0.238055 1
28.361 7.452037 0.170645 4
28.352 7.015637 1.056245 4
27.4227 6.839137 1.161745 1
27.2628 5.906237 1.451345 5
27.131 5.820337 0.453845 6
28.064 5.619937 0.800545 3
28.6319 6.263037 0.383145 4
29.3095 6.267437 -0.282355 4
29.4756 6.955837 -0.990055 13
29.861 6.438737 -1.697255 5
29.6625 5.514137 -2.065255 10
28.8879 4.944637 -1.980655 4
28.9867 4.775637 -2.955055 3
29.3481 4.466237 -3.759555 4
28.3938 4.833137 -3.879955 11
28.1431 5.557237 -3.304055 4
27.682 6.276237 -3.647055 10
27.0371 5.707437 -3.040255 9
26.622 6.053037 -3.804155 10
26.1294 6.798737 -4.025455 10
25.6403 6.026737 -3.769755 6
24.8241 6.173837 -4.164355 11
24.4878 7.040637 -4.487355 11
24.4999 7.676137 -3.776455 4
25.3417 7.837937 -4.255555 8
25.996 8.396137 -3.823155 10
25.3139 8.829937 -3.299255 13
24.5071 8.746637 -2.856855 5
24.9171 9.613137 -2.861555 6
25.5905 9.893937 -2.128955 4
25.1065 10.716437 -2.109855 1
25.3356 11.354737 -2.758255 13
25.1649 12.227337 -2.205155 1
25.2058 13.102937 -2.578055 6
26.1378 12.827437 -2.617255 13
26.0374 13.468537 -1.946755 5
25.1639 13.696837 -1.615855 10
25.2722 13.524537 -0.620255 3
24.9554 14.074137 0.118845 10
25.3345 13.163637 0.435645 1
25.2515 13.311637 1.373045 12
25.4746 13.005037 2.272945 1
26.0831 12.597137 2.918645 9
25.8833 11.726937 3.430945 9
26.8012 11.653937 3.300245 4
27.4688 11.934437 2.630245 6
27.3718 12.569937 3.386745 15
26.6819 12.375437 4.035645 1
26.2463 11.607537 4.417045 4
25.3404 11.338037 4.614845 4
24.6666 10.752637 4.285145 13
24.2004 11.535937 4.723945 10
23.6306 11.698637 5.511145 3
24.2381 10.989437 5.900945 8
23.3754 10.663637 5.644345 4
22.7539 10.172037 6.132945 3
22.3403 10.697337 6.800245 3
23.0194 10.848137 7.518845 15
23.1147 11.547037 8.235845 11
24.0134 11.408137 7.931345 10
24.6339 10.788337 7.410545 2
25.1427 10.248937 6.845245 5
25.7904 10.309637 6.162645 4
25.4268 11.175937 6.107945 1
25.814 11.422137 7.007745 13
26.425 11.246737 6.274945 4
27.2804 11.163437 6.719745 4
27.1004 11.010737 7.652245 13
26.3995 11.450037 8.109545 13
25.8883 12.181937 8.584545 10
25.8542 13.078537 8.902345 1
25.847 13.633037 8.121645 1
25.5483 13.190837 7.311845 10
24.8418 13.903637 7.284045 10
23.9323 14.269737 7.301245 4
23.0916 13.887837 7.454745 3
22.3662 13.434537 6.956045 9
22.4286 12.895137 6.222145 1
22.1576 13.074637 5.329345 1
21.2272 12.840737 5.197145 6
20.4292 13.205737 5.606545 10
19.7972 13.506737 4.891545 1
19.3159 13.301137 4.059945 1
18.8691 13.166937 3.240545 6
18.7055 13.142337 2.254645 4
17.9904 13.043237 1.554745 10
17.2757 12.560637 1.010045 8
18.0417 12.720137 0.403445 4
18.5995 12.069137 1.047245 13
19.4597 11.632737 0.842545 1
19.6619 10.999037 1.522245 10
20.3854 11.198437 0.887645 4
21.2711 10.840837 0.563745 5
21.451 11.749337 0.808145 13
22.2156 11.345937 1.268645 8
22.4876 11.671937 2.210045 11
22.8998 12.240937 2.844945 3
23.5462 11.586737 3.117645 10
22.8887 10.964037 3.453545 5
22.849 10.501037 2.518745 13
23.4174 9.666137 2.569445 4
23.8008 9.723137 1.654145 1
22.9518 9.549737 1.191445 4
23.6651 8.961737 0.857045 9
24.5101 9.207137 1.265445 15
25.159 9.410137 0.611145 5
25.6353 8.596137 0.671245 4
26.278 8.566237 -0.030355 6
26.843 9.306137 -0.089555 10
27.0887 9.399137 -1.040555 13
27.7385 10.041137 -0.786055 11
28.615 10.055037 -1.237155 4
29.2332 10.582737 -1.759555 3
29.9147 9.843337 -1.776055 11
30.0766 9.122637 -2.271655 6
29.7333 8.261637 -2.617555 4
29.4481 7.603337 -1.913955 13
30.2656 7.230837 -2.268355 5
30.5861 7.243737 -3.155055 3
29.6479 7.063537 -3.021955 10
29.0959 6.389237 -2.563655 13
29.4357 5.852837 -3.285155 10
29.6698 6.124137 -4.170055 10
29.8624 5.182437 -4.407655 1
30.3658 4.494237 -4.968855 4
30.4429 3.859937 -4.176955 12
31.388 3.614637 -4.536455 9
31.5305 4.331037 -5.238355 6
31.3358 4.536437 -6.220255 13
31.6156 3.701637 -6.666155 8
31.6971 2.961737 -5.942655 10
32.6322 3.117137 -6.172455 4
32.9475 3.459237 -5.339355 1
33.8652 3.290337 -5.693455 1
34.4264 4.052937 -5.862655 4
34.2712 4.403537 -4.936555 1
35.0136 5.020637 -4.790055 3
35.7142 4.434937 -5.111055 3
35.4353 4.085137 -4.203955 1
35.8495 4.744837 -3.603355 4
35.7484 3.851137 -3.072155 1
35.0358 4.292237 -2.786355 1
35.5719 4.305337 -1.944555 4
36.3004 4.352037 -1.312155 10
36.0378 5.209837 -1.031255 15
35.2072 5.078437 -0.551455 13
35.7352 4.476937 0.005445 4
35.4369 3.599437 0.262645 1
34.6379 4.095437 0.769045 10
34.7628 3.599837 1.533645 11
33.9812 4.079837 1.707845 10
34.7221 4.763337 1.740445 3
35.1889 5.376137 2.232545 13
35.4999 6.127437 2.738445 5
34.9801 6.795437 3.146745 11
34.4182 6.272737 2.602345 4
34.0324 6.440737 1.706145 9
34.0837 5.620737 1.128245 6
33.282 5.382237 1.577445 6
32.5285 5.527137 2.198345 10
32.4896 6.219437 1.512145 6
31.8659 6.960637 1.691645 4
30.9788 6.643437 2.147745 4
31.2711 6.650137 3.121745 3
30.4949 7.208737 3.240445 4
31.2059 7.614037 3.888245 12
30.9387 8.371837 3.319545 13
31.4555 9.161237 3.269845 10
31.0249 9.999637 3.683645 10
30.9553 10.105337 4.666645 10
30.6662 10.057237 5.684545 8
30.6327 9.182037 6.140545 4
30.9108 9.941537 6.690245 6
30.4753 9.712437 7.545345 8
29.525 9.688337 7.780145 13
28.9371 10.425537 7.765045 13
29.0299 11.089537 7.055945 13
28.3652 10.408737 6.768945 1
28.0647 10.176437 5.887945 4
28.7001 9.437137 6.043045 9
28.9471 8.620637 5.630345 5
29.8107 8.311537 5.523145 3
30.0145 9.121237 5.013145 10
29.7943 8.727537 4.152745 10
30.1355 7.853737 4.217745 1
29.2046 7.898737 4.473845 1
28.5671 7.539537 3.782245 1
29.1609 6.889837 3.440945 13
29.3992 7.682337 2.818045 4
29.9396 8.487637 2.858645 4
30.3433 9.308737 3.106645 10
29.7807 9.993737 2.717945 6
30.3441 10.528837 3.208745 10
30.4267 11.042037 2.381445 9
31.3613 10.982637 2.132645 10
30.9714 11.427837 1.329845 4
31.3236 11.599637 0.476545 15
30.7057 12.236837 0.771445 3
29.8974 12.222837 1.255445 13
29.4671 11.478537 1.922545 6
29.7096 11.167237 1.089445 10
30.0222 10.620837 0.418145 11
29.9042 9.776737 -0.048555 4
30.7747 9.658337 -0.374155 9
30.5116 8.796537 -0.180355 4
30.6907 8.051337 -0.778455 5
29.7491 8.281237 -0.683455 13
29.8549 7.967737 0.182645 4
29.9595 7.834237 1.151945 4
29.2982 7.300637 1.676445 4
28.456 7.349737 2.167245 5
27.9791 7.714937 2.930245 7
27.4724 7.124137 3.520045 3
27.487 6.733837 4.361145 1
26.5279 6.882137 4.345345 5
26.2803 6.618237 3.454245 8
26.3558 6.347937 2.534645 10
25.5551 6.787437 2.198045 9
25.6125 7.178737 1.222245 10
26.1989 6.425237 1.096045 13
26.7079 6.834637 0.376645 1
27.1009 7.704937 0.652045 3
27.754 8.223537 1.077545 4
27.3062 8.703837 1.745945 1
28.2537 8.530137 1.911045 4
28.5005 8.869937 2.813645 12
29.0756 9.375337 3.450145 10
28.4244 9.888437 3.138445 6
27.7566 10.200437 2.525245 1
28.0529 10.943137 3.060545 6
28.0952 10.599437 3.936245 4
29.0917 10.536737 4.175445 10
29.5757 10.353437 5.009545 10
29.5433 10.001037 5.934045 1
29.6993 10.297337 6.801145 1
30.1743 11.217337 7.017345 11
29.9863 10.788637 7.828345 13
30.3141 10.003037 8.431245 14
30.216 9.708737 9.304945 13
30.0259 9.084937 10.004845 4
29.8751 9.105537 10.965145 10
30.0605 8.528837 11.683345 8
29.5355 8.006037 11.051445 4
30.2511 7.999937 10.446345 11
30.3241 7.604037 9.568445 10
30.7709 6.743037 9.357145 13
30.3667 6.760437 8.475345 4
30.7202 6.843937 7.587645 3
30.757 5.931837 7.897445 13
30.1213 5.400737 7.438845 10
29.1051 5.160437 7.322345 5
28.7343 5.268037 6.433345 4
27.9181 5.722237 6.176845 4
27.3404 6.395437 5.854145 5
26.8816 6.165637 5.046045 15
26.2443 5.505937 5.180045 9
25.7997 5.788237 4.365845 6
25.9033 5.024137 3.809145 10
25.7906 4.116437 3.989745 13
26.4783 3.974537 3.386045 4
26.2228 4.645037 2.641645 10
25.9672 4.336437 1.801645 4
25.0852 4.642937 1.529845 10
24.6932 5.237437 2.168045 9
23.729 5.488937 2.011745 6
23.4418 5.795537 1.150645 10
22.724 6.396337 0.823345 5
22.8882 7.049637 0.031145 4
22.3427 7.746537 -0.193955 7
22.6663 8.251837 -0.939355 1
23.5463 7.841137 -1.304655 1
24.1405 7.138637 -0.805255 13
24.7564 7.148637 -1.523955 1
24.5377 7.550337 -2.344655 4
25.4821 7.347937 -2.484255 8
26.2965 7.774937 -2.866855 10
26.4998 7.252637 -2.134355 10
26.6605 7.367137 -1.175155 3
27.6245 7.488937 -1.181155 13
27.4351 8.078637 -0.436555 1
28.1085 8.651237 -0.771655 13
28.8591 9.190037 -0.724555 11
28.8641 8.800237 0.155445 4
28.7622 9.082437 1.087145 4
29.3173 9.641737 1.628545 4
28.6432 10.211737 1.244145 12
28.355 11.056137 1.608445 6
27.941 10.870437 0.781845 10
27.4229 10.374737 1.440945 14
26.8605 11.017137 0.961645 3
26.7649 11.839237 1.477645 6
26.1816 11.427637 2.121645 10
26.084 10.860537 2.838245 13
26.9133 10.619437 3.166145 11
26.899 10.150637 4.020545 4
27.2244 10.283537 4.913345 4
27.9082 9.654737 4.632945 10
28.1473 8.762037 4.352345 10
27.6783 8.238437 5.086045 5
28.2105 7.454737 5.186745 5
28.7764 7.183337 5.944245 10
29.7493 7.098137 6.006145 15
29.5782 7.789137 6.683845 1
29.3313 7.457637 7.550745 3
28.4692 7.150237 7.511145 10
27.5558 6.816037 7.584445 1
26.8445 6.917037 6.933445 4
26.6332 7.018137 7.992145 9
26.9361 7.886637 8.263545 5
27.8561 7.904937 8.095245 4
27.6857 8.750937 8.537745 13
27.5695 8.867837 9.603045 1
27.1943 9.613637 10.024345 4
27.3258 10.611737 9.845545 13
27.4966 11.527837 9.824845 13
26.9627 12.092737 10.321845 6
25.9953 12.067437 10.195745 10
25.0985 12.233837 10.351745 9
24.2571 12.020437 9.994245 9
24.1392 11.082037 9.807045 10
24.4389 10.184937 10.132345 15
25.274 10.399737 9.722145 4
25.8381 9.710537 9.391245 1
26.3155 10.571837 9.002645 13
26.1679 10.159537 8.135745 4
27.0534 9.744537 8.240745 11
27.7794 10.204937 7.893945 13
27.5064 9.912237 6.982645 4
27.4147 8.930437 6.898245 10
26.591 9.336737 6.560745 4
25.9101 8.683037 6.245345 10
26.7446 8.258037 5.846645 5
26.6734 8.704437 4.968645 7
26.357 9.595137 5.344945 4
26.1185 9.857437 4.456645 4
26.0521 8.977137 4.039645 3
26.2743 8.302937 3.345545 10
26.0817 7.845137 4.198045 8
25.4415 7.215837 4.449345 8
24.8323 7.802937 3.943245 6
24.1376 7.426737 4.602445 10
23.6839 7.741137 5.367645 1
22.9611 8.386937 5.427845 4
23.6865 9.042737 5.212445 1
24.1267 8.940737 6.056745 6
23.4883 8.553437 6.702345 1
22.7344 8.428037 7.354845 1
23.4001 8.313337 8.005145 10
23.6258 7.571837 8.649845 1
22.7949 8.033637 8.810745 10
23.4745 8.437637 9.460545 6
23.3219 8.933737 10.248445 13
23.3211 8.775237 11.291045 10
24.0671 8.743437 11.895145 12
24.5879 9.569537 11.451345 4
24.887 10.066637 12.201945 5
24.1638 10.162237 12.845445 13
24.1754 10.692637 13.676845 10
23.6999 10.802537 14.559745 4
23.274 10.640637 15.432845 13
22.601 10.100737 15.903545 4
22.4499 11.005537 16.261145 13
22.9756 11.596437 16.834045 15
22.4895 12.425437 16.966445 3
23.4021 12.695837 17.056445 10
24.1758 13.321637 17.140445 15
23.389 13.958337 17.444945 5
22.7004 14.533237 17.710045 10
22.9163 15.152437 18.419245 4
22.7065 15.712537 17.636945 14
21.868 15.874637 18.124445 1
21.1399 15.296037 18.417445 4
21.7798 14.612137 18.573345 11
21.6185 13.970837 19.357445 7
21.6821 13.087037 19.613845 10
22.2195 13.279537 18.828445 10
22.738 12.880337 19.528945 9
23.4475 13.487637 19.595845 13
23.8991 14.398237 19.589745 1
23.4217 15.120037 20.068445 4
22.9599 15.915837 20.286045 3
23.5242 16.216437 19.562445 6
23.8106 17.126937 19.743645 4
24.3667 17.848037 20.002545 10
24.9577 18.313237 20.642045 4
25.5188 17.750537 20.110945 7
25.3747 16.866037 20.398845 10
25.3433 17.478537 21.139045 8
26.0592 16.896337 21.522445 13
26.7036 16.423137 22.188345 4
27.5136 16.495137 21.642545 5
27.723 15.656437 21.349345 10
26.9519 16.048437 20.790845 9
26.2341 15.575037 20.384045 13
25.9732 16.028437 19.496545 9
26.6531 16.752037 19.418845 4
27.5716 16.617737 19.238645 6
28.2399 16.083837 19.811045 11
28.7244 15.886837 18.956045 10
29.1723 15.610337 18.047345 8
29.2119 14.759537 17.622845 1
29.794 13.995437 17.860345 4
30.3902 14.109137 17.080845 4
30.6687 13.509537 16.399345 1
30.9459 13.347937 15.434645 5
30.8988 12.874437 14.523845 3
31.8498 13.043937 14.459245 10
31.4726 13.786837 13.860345 10
31.6393 13.912537 12.958745 1
31.489 13.543337 12.037645 5
32.2334 14.119737 11.751945 13
31.3916 14.332637 11.407345 4
30.8695 13.835537 10.805845 10
30.5501 12.965737 10.312145 1
29.9287 13.841337 10.394745 1
29.2963 13.205837 10.231445 4
28.7169 12.395537 10.461645 10
29.4237 12.665237 11.092945 4
29.8554 11.913837 11.611245 10
30.0631 11.919837 10.638045 6
30.1657 10.976637 10.673845 7
30.4411 10.827237 9.744545 6
29.5073 10.496637 9.785245 13
28.8231 9.885937 9.453245 13
27.8525 10.084037 9.128245 13
28.429 10.674537 8.653845 13
28.3054 11.583737 8.885945 13
28.0315 12.424637 9.272145 6
27.2874 12.828537 8.690045 10
27.5112 12.057837 8.162645 13
27.2317 12.191337 7.286545 4
26.9389 13.090437 7.348845 10
26.3817 12.696537 6.713245 15
27.0956 13.261037 6.314845 4
26.9961 12.892437 5.382645 10
26.6497 12.037437 5.322145 5
27.1704 11.213637 5.480345 4
27.6816 11.966637 5.085145 4
28.0744 12.553737 4.395945 9
28.4279 12.273037 3.496745 6
28.3818 11.616537 4.109745 4
29.405 11.611037 4.263445 10
29.0983 12.491837 4.476645 9
28.8801 11.826037 5.112145 4
29.1134 11.064237 5.631945 4
30.0717 11.286137 5.275945 10
30.567 12.057037 4.850345 1
31.4744 12.378137 4.642745 11
31.2642 11.475337 4.295345 10
32.173 11.642537 4.051245 10
32.8481 11.970537 4.737345 1
33.4924 11.375737 5.299345 10
34.2304 11.888737 5.720345 7
34.9893 11.267037 5.748045 1
34.8022 10.318237 5.934745 3
33.8962 10.562937 5.979345 10
34.0122 9.640137 6.234045 11
33.3774 9.435837 5.541545 10
33.8994 8.620837 5.335645 12
33.8451 9.164837 4.574945 10
34.5042 9.791837 4.292945 10
35.2817 9.769537 3.649745 8
35.2788 9.022437 2.916845 4
36.0223 8.745537 3.566645 13
35.8017 7.829337 3.424945 7
36.2259 7.227337 4.079045 4
36.6891 7.433337 4.947245 3
37.1466 7.923537 5.708445 7
36.3385 7.419637 6.068645 1
35.3808 7.314037 6.091145 4
34.9663 7.630837 5.293145 7
34.2536 7.238037 4.700945 13
34.5237 7.742937 3.885345 5
33.8811 8.050737 3.250845 4
33.3996 8.394137 4.068245 10
33.1579 7.455637 3.848545 1
32.361 7.590837 4.337545 7
31.7905 8.423037 4.239045 10
31.5804 8.794537 5.162045 10
32.0862 8.692637 5.974145 9
31.7535 9.112437 6.852045 12
32.0688 9.968537 7.148645 1
32.5337 9.692137 7.977445 4
32.284 10.688137 7.973945 6
31.8552 11.066937 7.178245 13
32.7828 11.229437 6.950845 5
32.8236 12.144337 7.240045 4
33.0637 12.131237 8.159445 10
33.226 12.596237 8.970145 9
32.5339 13.285437 9.214545 1
31.9442 12.910637 9.976145 15
31.1582 12.573637 9.510545 10
31.8774 12.468137 8.826845 3
31.51 12.278437 7.961145 11
30.5625 12.030137 8.397945 5
30.0739 11.299237 8.810345 13
29.2223 11.319637 9.220145 13
29.844 12.129937 9.498545 4
29.2444 12.562837 8.873245 10
28.5367 13.298737 8.733945 15
28.9638 13.218037 7.847645 10
28.5164 12.368037 7.837745 13
28.3046 12.081737 6.871445 4
28.3402 12.509137 6.042145 4
29.3121 12.478637 6.011445 11
30.0179 12.699637 6.583045 8
30.8602 12.369437 6.362945 3
31.6324 11.972637 5.828945 1
31.6596 11.033637 6.119345 4
32.4648 10.844137 5.582645 1
32.5921 10.025637 4.974345 10
32.9213 9.886337 4.076345 10
32.6556 9.023237 3.606545 10
32.0217 8.367237 3.123545 1
31.3343 7.884737 2.483445 4
31.2166 8.788937 2.294445 10
30.4837 8.576937 1.671045 4
30.3012 9.372137 2.070845 7
30.6891 10.168637 1.445445 1
30.9139 9.321637 0.984245 4
31.5632 9.624337 1.669445 10
32.284 9.168437 1.209645 7
31.8125 8.287837 1.230045 4
31.8472 8.737337 0.413445 4
31.5056 8.729337 -0.452555 9
32.1174 8.048637 -0.789255 10
31.5077 7.782937 -1.457355 5
31.6719 6.839937 -1.511355 5
32.3873 6.134837 -1.441055 10
32.9 5.892737 -0.609055 6
33.6713 5.440837 -0.474755 6
33.867 4.527837 -0.644255 7
32.941 4.152537 -0.478555 10
32.6953 3.718437 -1.246055 10
32.7426 2.818037 -0.909755 4
33.6495 2.475937 -0.844655 10
33.6964 2.204337 0.061745 13
32.8611 2.249637 0.532345 1
33.5039 1.939437 1.313145 9
32.89 2.031137 2.126545 1
32.1376 2.561637 2.132945 7
31.8978 3.401937 2.341145 1
31.097 3.822837 2.048045 13
31.0013 4.454937 1.275145 4
30.2504 4.727837 0.667645 13
29.961 3.892537 0.419245 3
29.3385 3.363937 1.014745 1
29.5648 4.186637 1.486545 1
29.4716 4.673537 2.272045 10
29.4347 5.623937 2.328045 4
28.8051 6.374137 2.454145 4
28.2621 6.062737 3.154245 13
27.4213 5.911437 3.626745 10
28.1977 5.912337 4.216145 8
29.1539 5.680937 4.472945 11
29.5568 4.898237 4.118545 10
29.6756 4.096137 4.680445 11
30.6243 4.112537 4.767245 7
31.042 5.001837 4.760845 8
30.769 4.748237 3.853245 10
30.4254 5.213337 3.106745 11
30.8017 5.549237 2.257245 3
30.2411 5.959337 1.645345 4
30.1533 6.844337 1.359345 4
30.5577 7.130937 0.505145 4
30.5097 6.550437 -0.242755 5
30.0798 6.091637 0.566645 4
29.4422 5.362637 0.424745 7
29.9503 4.791137 -0.259055 10
29.7709 5.492437 -0.879655 13
30.7009 5.272837 -1.062255 4
31.171 6.077637 -0.945655 5
31.7963 5.388137 -0.881555 1
32.2094 5.330937 0.034145 6
31.2453 5.469237 0.358645 4
31.7561 6.281237 0.253145 10
31.6745 7.240637 0.545945 4
32.3934 7.208037 -0.078355 5
32.7583 7.518137 0.807245 1
33.3311 6.835837 1.029145 6
33.1359 7.143537 1.899845 9
32.8526 7.944037 2.319845 10
33.2343 8.725237 2.682145 10
33.3139 9.055237 1.724645 13
32.8476 9.853537 1.886845 10
33.4036 10.495637 1.523745 9
32.5489 10.898137 1.753945 13
32.1708 10.393237 2.480845 10
32.0816 9.976437 3.290345 10
32.6613 10.754637 3.395745 10
32.9873 11.630537 3.519745 15
33.3897 12.452537 3.918345 15
34.0202 11.832737 3.545645 15
33.9886 11.210337 4.304545 10
33.6507 10.510037 3.711745 10
34.0199 10.783337 2.923345 7
34.1489 9.921937 2.463245 10
34.9125 10.457637 2.283945 4
35.4659 9.934937 1.691845 7
36.1473 10.593137 1.629845 4
35.4222 11.015837 1.150345 1
34.7382 11.095437 0.459945 3
34.4904 10.541637 -0.331555 1
34.8118 9.846537 -0.874355 7
34.4189 8.946037 -0.808155 12
35.3019 9.071737 -1.340255 7
35.5023 8.060437 -1.509155 12
35.6037 7.068137 -1.706555 1
36.465 7.181837 -2.089455 4
36.6129 7.840237 -2.783055 10
35.6448 7.893237 -2.606955 13
34.8729 7.912537 -3.203455 9
34.1416 7.187737 -3.452655 1
34.2039 7.880737 -4.093255 6
34.1854 8.799137 -4.002855 11
33.7517 8.753437 -4.994855 7
33.4916 7.975837 -5.466455 10
33.5919 8.691237 -6.152655 7
32.9721 9.245137 -6.715555 13
32.2779 9.364437 -7.460255 14
31.9541 10.067237 -8.110855 4
31.1577 9.611237 -8.267855 7
31.193 8.955437 -9.055555 10
30.3072 8.782937 -9.321755 4
29.4619 8.497337 -9.056855 11
28.7191 7.874237 -8.784355 7
28.73 7.047637 -8.344655 7
29.3737 6.682737 -7.838055 10
29.031 5.897737 -8.219455 12
28.9969 5.759937 -9.146755 12
29.6583 5.125337 -9.504655 4
29.0189 4.596937 -9.011355 12
28.8078 4.193437 -8.156255 4
29.4406 3.614237 -8.390455 10
29.542 3.920137 -7.526055 4
29.8909 4.672337 -7.006455 13
29.216 5.259537 -6.636255 12
28.6946 5.388537 -5.831755 14
28.3093 5.369437 -4.949055 7
28.1686 6.276337 -4.660055 10
29.0046 6.735637 -4.793655 1
28.3384 7.273837 -4.456255 10
28.2892 7.705837 -5.329555 1
27.4956 7.773537 -4.712855 10
28.0076 8.604037 -4.979655 10
28.0005 8.898137 -5.881455 7
27.7171 8.067437 -6.254555 1
27.3071 8.350737 -7.134355 7
28.2083 8.726437 -6.968955 7
29.0533 8.324337 -6.635655 4
29.342 7.820437 -7.470355 7
29.9668 7.909537 -6.724455 1
29.6963 6.983837 -6.534155 10
30.5656 6.554737 -6.792055 3
30.5266 6.051137 -5.936555 1
31.4948 6.158437 -5.681755 12
32.3737 5.971937 -6.243955 11
32.1523 5.274337 -6.864655 9
32.8331 5.021737 -7.499055 4
33.8178 4.951937 -7.263755 10
34.0265 5.681837 -7.803955 11
34.6168 4.924937 -7.962755 4
34.6921 4.052537 -8.450855 14
35.4944 4.596537 -8.627655 1
35.8931 4.888237 -7.818355 1
36.8515 5.127437 -7.665455 7
36.4608 4.572337 -6.976455 5
35.8294 3.919937 -7.340455 10
35.4484 3.162737 -7.866255 7
35.2255 2.863237 -6.840055 15
35.7641 2.205837 -7.516055 7
36.1162 2.272737 -8.406255 10
36.6863 1.881137 -9.021055 15
36.9753 2.639737 -9.482355 7
37.6131 3.036937 -8.899355 10
37.8583 2.383637 -8.074955 14
37.3877 2.028837 -7.251655 13
37.8685 1.691037 -6.434455 10
38.8183 2.100337 -6.538855 7
38.6639 3.133237 -6.681055 9
37.8435 3.626537 -6.812255 7
38.4536 4.119137 -6.157255 14
37.6494 4.321737 -5.605855 12
37.9511 5.286837 -5.481355 10
38.5693 6.000037 -5.748155 10
38.922 6.691637 -6.270755 13
37.9938 6.648437 -6.405855 7
38.0572 6.624137 -7.399255 1
38.5339 7.263737 -8.040155 10
38.1281 7.868937 -8.693555 4
37.7414 8.501737 -8.034755 1
38.6119 8.840637 -7.815555 10
38.3784 9.661137 -7.423255 1
37.758 10.406337 -7.211655 4
37.0539 10.139937 -6.590055 7
36.9181 9.951437 -5.629955 12
36.156 10.472337 -5.931755 1
35.3928 10.024837 -6.353755 1
34.6023 10.536837 -6.395055 7
34.2163 10.217937 -5.567155 1
34.1721 11.226037 -5.604255 10
34.5437 11.992337 -6.010155 7
35.4691 11.774037 -5.684655 12
36.4732 11.805937 -5.566255 11
37.1257 11.693937 -4.823755 7
36.7747 12.017537 -3.940855 8
36.6436 12.726337 -4.596655 10
35.749 12.776937 -4.280255 12
35.0387 12.347737 -3.759055 4
34.4454 12.253237 -2.899355 11
33.8929 12.657137 -2.176255 1
33.2617 12.847737 -1.426455 7
34.0544 12.324037 -1.212455 10
33.8777 11.378037 -1.528755 6
34.0611 10.501037 -1.846955 4
33.6675 10.576937 -2.710855 7
33.5803 11.276137 -3.316355 7
32.7081 10.831037 -3.250755 9
32.2734 10.049537 -3.710555 11
31.4966 9.317837 -4.028855 1
30.9771 8.565537 -3.953155 1
30.1849 9.174637 -3.885655 7
29.7218 8.335737 -3.900455 14
28.9946 7.714937 -3.828655 10
28.5181 7.670137 -3.058655 10
28.4077 8.046237 -2.181955 13
28.1366 8.683837 -2.759955 10
28.3263 9.279937 -1.987255 13
28.7252 9.977537 -2.596555 15
28.7375 10.644637 -3.185755 5
27.9995 10.178337 -3.570355 16
27.8073 9.440137 -4.171055 10
27.6777 9.558637 -5.115055 7
28.1956 10.382337 -4.992555 1
27.2153 10.540837 -5.024455 1
26.6174 9.785537 -4.851055 10
26.8975 9.785937 -5.761455 7
26.221 10.418137 -5.906555 1
25.4782 10.783637 -5.345255 1
25.9524 11.186937 -4.572755 6
24.9483 11.028237 -4.458655 7
24.4076 10.191537 -4.623355 4
25.1576 9.880337 -5.166055 4
25.1534 9.155137 -4.451455 1
25.7653 8.579137 -4.886555 10
26.4438 8.485237 -5.508655 10
26.3385 8.579637 -6.486155 7
25.898 7.879137 -6.018555 1
25.3974 7.502037 -5.245355 10
24.9737 6.942537 -5.998455 11
25.1874 7.358837 -6.857155 7
25.9208 6.837537 -6.641755 14
26.7127 7.314137 -6.445955 7
26.9159 6.996537 -5.527255 10
27.0202 6.115737 -5.921455 4
26.8628 5.823437 -5.008555 14
26.2214 6.546137 -4.978455 10
25.6043 5.771737 -4.912455 11
25.5301 5.836937 -5.877655 11
25.397 5.950237 -6.897455 10
25.7651 6.051537 -7.764355 12
25.7098 7.027337 -7.805455 7
24.9876 6.796737 -8.390755 10
25.823 6.777937 -8.933155 7
26.3405 5.862237 -8.740355 12
27.0999 6.465337 -8.773855 7
27.1945 5.418637 -8.800955 12
27.3935 4.444037 -8.691755 12
27.1595 3.478137 -8.661655 1
26.8171 2.890537 -8.060655 1
26.4364 2.105737 -7.769555 9
25.7138 2.564937 -8.091855 10
25.8511 3.234437 -8.793355 12
25.5195 2.361237 -9.177655 4
24.5498 2.423937 -9.249255 13
23.7497 1.893837 -8.924755 7
23.6367 1.130537 -8.333255 15
23.4317 0.542937 -9.040455 1
23.2423 0.193637 -8.073255 15
22.3988 -0.202463 -8.075855 10
22.0281 0.608137 -8.658755 1
21.6444 1.331337 -9.219155 7
20.9137 0.868137 -8.789755 4
21.1404 1.639337 -8.323055 7
21.6625 1.332137 -7.571055 15
21.9208 2.233137 -7.817655 7
21.4794 2.193437 -6.974755 1
21.757 2.916237 -6.452055 7
21.4945 3.186937 -7.268455 7
20.5832 3.572037 -7.206955 15
19.9283 2.868937 -6.891955 10
20.2683 2.505437 -7.695955 1
20.9609 2.722437 -8.405855 7
20.3012 3.431437 -8.371455 3
21.1158 3.472637 -9.021355 7
20.2904 3.306537 -9.472155 1
20.8296 2.509837 -9.414155 7
20.5046 1.653637 -9.818755 1
20.5604 0.835937 -10.374155 12
21.1141 0.085937 -10.208655 16
21.3864 -0.896463 -10.063355 10
22.3408 -0.505863 -9.716555 12
21.7257 -0.296563 -9.033955 11
20.8541 -0.680963 -9.067055 12
20.9268 -0.725163 -8.094855 1
20.0781 -1.194863 -8.347855 12
20.1788 -1.704363 -7.490055 7
19.2759 -1.820963 -8.016255 15
18.5786 -2.461163 -8.414755 4
18.8702 -1.799963 -9.023255 15
19.3201 -1.263163 -9.654155 7
19.2405 -0.579963 -8.903155 7
18.9952 0.288737 -8.521055 1
18.9844 1.291837 -8.687355 12
18.871 1.196837 -7.767855 7
18.2722 0.654737 -7.163955 5
17.8104 0.231237 -7.956855 1
17.6495 -0.041463 -8.933055 16
17.433 0.617437 -9.610455 10
17.0408 1.282337 -10.138155 9
17.9337 1.713937 -9.900355 1
18.5014 2.475337 -9.933355 1
18.9064 3.331237 -9.728655 1
19.4541 3.989437 -10.216255 10
20.2749 4.355737 -9.803655 15
20.876 4.740137 -9.206155 4
21.8172 5.001737 -9.102355 7
21.5503 4.213137 -8.690455 7
21.5107 4.144937 -7.729455 7
21.2126 5.004737 -8.191955 1
21.8877 5.627037 -8.085755 1
21.8787 6.597237 -8.392855 1
21.1295 6.513637 -8.967555 1
21.2459 7.449937 -8.781955 1
21.9408 8.180037 -8.567555 1
22.4022 8.820037 -9.071855 10
21.518 9.221537 -9.246355 10
21.3635 9.101937 -10.168555 15
20.9183 9.364337 -10.995755 12
21.7666 9.523037 -11.382755 7
22.3464 10.100737 -11.827055 11
23.2101 10.262837 -11.374055 12
24.0668 10.691337 -11.595755 7
24.9386 10.495537 -11.987155 11
25.8895 10.315437 -11.717255 15
26.7682 10.595737 -11.301955 15
26.9998 11.207437 -10.603855 10
27.292 11.736937 -9.896955 12
26.5255 11.321637 -9.426455 7
25.8285 10.834537 -9.937755 12
25.2424 10.145637 -9.886555 9
24.7762 9.309337 -9.990755 13
24.8603 8.483737 -9.408355 13
25.8547 8.483537 -9.173755 16
26.1944 8.506637 -8.319755 7
27.1798 8.249937 -8.075155 7
27.8455 8.537937 -8.627555 7
28.6701 8.940537 -8.339355 7
28.96 9.724037 -7.835555 16
28.9799 10.347237 -7.069555 9
28.1409 9.952237 -7.057355 7
28.0633 10.952237 -7.139255 13
27.1478 10.845537 -7.434255 16
26.8404 9.973637 -7.384955 7
26.5709 9.000837 -7.446655 7
25.8536 9.645137 -7.416655 16
24.887 9.794637 -7.420855 12
24.7692 10.767037 -7.476255 4
23.7821 10.878337 -7.465455 15
24.0419 10.727437 -8.405055 12
23.9551 11.661637 -8.430055 1
23.1634 12.221637 -8.307455 1
22.4638 12.177637 -7.626255 7
22.2976 12.594037 -6.733555 11
21.5575 12.076037 -7.023155 14
21.4643 11.066937 -6.932355 7
20.891 10.405737 -6.478155 16
20.0239 10.793337 -6.643355 7
19.5307 10.615037 -5.863655 10
20.2468 10.240437 -5.329055 6
20.5616 9.801337 -4.516155 7
20.4342 9.815137 -3.623655 4
20.7612 9.934537 -2.736355 7
21.5844 9.474537 -2.535055 5
22.1691 9.406937 -1.826355 7
21.6597 10.230637 -1.719355 11
22.1939 10.322937 -2.589255 1
22.4498 10.934737 -3.310455 12
21.6445 10.488237 -3.743655 15
21.7438 9.542037 -4.047155 4
21.8334 8.459537 -4.076455 12
22.6315 7.920137 -4.254155 1
23.2109 7.149037 -4.140755 11
23.1828 7.079837 -5.066455 7
23.6705 6.607737 -5.760455 11
23.2058 6.667637 -6.621355 16
23.7884 6.589037 -7.375755 14
23.5873 5.787537 -7.831355 1
23.1874 4.883337 -8.181755 7
22.981 5.600537 -8.807255 10
23.3939 6.357737 -9.196955 9
24.1933 6.198837 -9.661955 16
24.5649 6.750237 -10.363055 16
24.6004 7.616437 -10.838855 7
24.7567 8.427537 -11.233755 10
25.5825 8.747037 -10.681655 15
26.2071 8.033937 -10.915255 1
26.4378 8.125037 -9.990955 10
26.6475 9.055937 -9.993155 15
27.4504 8.979837 -9.435155 7
26.9612 8.205337 -9.046255 7
27.0602 7.266737 -9.460455 7
26.8058 6.776437 -10.250755 12
26.6314 6.743337 -11.196455 1
27.1277 7.539437 -10.973355 1
27.8978 7.259937 -10.434155 7
28.1876 6.412637 -10.728955 1
27.6618 5.702437 -10.237055 12
27.7744 6.072537 -9.364255 12
28.1659 6.934937 -9.485655 7
29.0881 5.958037 -10.534555 10
29.8916 6.474937 -10.820155 1
30.5784 6.636137 -10.183555 16
30.0178 6.630137 -9.412455 13
29.9203 7.576737 -9.539855 15
29.0212 7.809237 -9.911855 7
29.323 8.641037 -10.177855 6
28.9607 9.536437 -10.239955 7
29.1894 10.537337 -9.981855 15
28.3689 11.146537 -9.968455 11
28.2177 10.590337 -9.117655 4
28.0713 9.607537 -8.775055 7
27.5275 10.209237 -8.240055 7
26.6588 10.554237 -8.517055 16
26.6186 10.017737 -9.305455 7
26.7413 10.324137 -10.236455 15
27.395 9.798037 -10.671455 15
27.9428 8.987037 -10.410455 7
28.2517 8.715937 -11.306655 9
28.1176 9.021737 -12.315555 12
29.0509 9.283637 -12.402955 1
29.208 10.202037 -12.355955 13
28.5089 10.690137 -12.862855 12
27.7947 11.332437 -12.987855 7
28.152 12.312937 -12.971255 11
27.2238 12.602137 -13.329755 9
26.4403 12.235637 -13.949155 11
25.9455 11.545037 -14.334355 1
25.9881 10.578537 -14.361755 16
25.3479 10.506337 -15.019855 10
25.9035 10.483337 -15.834355 11
26.8161 10.248037 -16.334955 7
26.6304 9.412537 -16.947255 7
26.1248 8.626737 -17.254055 16
26.1686 8.549837 -18.202855 5
26.5343 9.396537 -18.496955 1
26.405 9.959437 -19.238355 12
26.2094 10.876337 -19.703055 16
25.3232 11.446137 -19.755855 14
25.5956 11.331637 -20.669855 7
26.0469 11.212837 -21.486755 16
26.1589 12.123337 -21.930255 7
26.2955 12.501337 -22.889055 7
26.4165 12.170837 -23.830255 10
26.5352 11.382237 -23.260255 4
26.2605 10.626537 -22.699755 16
26.9472 10.109237 -23.173855 10
26.3371 9.354537 -22.968955 16
26.0535 9.123237 -22.092655 12
26.0984 8.367037 -21.431355 12
25.1992 7.962237 -21.393155 1
24.2761 8.156437 -21.499655 1
24.0285 8.674237 -20.728455 15
24.3272 9.325437 -21.436255 1
23.4457 8.999337 -21.585455 1
23.2764 9.665237 -20.918755 7
23.6401 10.085337 -20.137055 1
23.8236 11.000837 -19.932555 7
23.8767 11.662437 -19.203355 16
23.7468 11.477237 -18.295755 7
24.4534 10.928037 -17.899155 15
24.5469 10.218437 -17.219055 1
23.6948 10.740337 -17.128855 10
23.3124 11.595437 -17.345755 1
24.3283 11.567837 -16.878355 7
24.5502 11.835937 -16.016555 16
24.7309 12.648737 -15.398755 15
24.0516 13.173537 -15.852555 13
23.3089 13.004837 -16.410055 7
23.0864 12.234037 -15.816555 7
22.8306 12.424537 -14.907755 13
22.8628 13.099237 -14.269455 12
23.8024 13.325937 -14.216655 15
23.579 13.739837 -15.120155 7
22.9759 14.074637 -14.470155 12
22.0198 13.893737 -14.510055 5
21.1783 14.217337 -14.615355 13
20.3857 13.685637 -14.880955 12
19.8679 12.995537 -14.557855 8
19.5181 12.250137 -13.993855 11
18.5209 12.138037 -13.929955 7
18.7749 11.524337 -13.177655 1
18.5219 11.782437 -12.299255 11
18.5339 10.862137 -12.434455 12
18.9824 10.202837 -13.044155 16
19.3882 9.266237 -13.307855 7
19.0513 9.372837 -14.189955 7
18.2275 9.847437 -14.092055 1
18.471 10.648137 -14.510755 12
18.404 10.400437 -15.426755 11
17.8251 10.753437 -16.151655 9
17.8822 11.217137 -17.024455 11
18.148 12.114737 -16.744055 1
18.817 12.038537 -16.094055 7
19.5542 11.677337 -15.696755 5
20.0314 10.821637 -15.493355 9
20.8719 10.667037 -15.113355 7
21.3704 10.526637 -14.289555 16
20.9363 10.283937 -13.451555 7
20.4879 9.456237 -13.364155 4
20.8784 8.856337 -12.751455 16
21.0346 8.497437 -11.849355 7
21.3371 7.557437 -11.944155 14
21.9137 7.597037 -11.184855 15
22.8885 7.543637 -10.943555 7
23.1955 6.636137 -10.714855 10
23.3115 5.649837 -11.015455 16
23.4429 5.157137 -10.187355 16
22.5369 4.981637 -9.846855 7
21.8072 4.926737 -10.457155 7
21.2802 5.574937 -10.912255 1
22.0156 5.442837 -11.504655 12
22.3391 5.667737 -12.536655 1
22.6973 5.550037 -13.431755 15
22.2173 4.752637 -13.683455 12
21.2715 4.809237 -13.444655 7
20.704 4.626237 -12.638555 15
19.9656 4.068337 -12.857755 1
20.4783 3.576537 -12.237455 10
21.373 3.029837 -12.458355 11
21.7342 3.305737 -11.599155 15
21.6968 3.481637 -10.677155 7
21.615 3.002037 -9.846855 7
20.7604 2.944637 -10.541755 1
21.2921 2.138937 -10.524855 12
22.007 1.815737 -10.063055 7
22.5581 1.061037 -10.333955 13
22.8331 1.798137 -10.923255 7
23.1274 1.164437 -11.594555 12
23.9105 1.444037 -12.129155 6
24.678 2.128237 -12.045655 11
24.1771 2.044137 -11.245655 13
23.7475 2.915037 -11.222155 16
23.6582 2.899037 -10.242055 7
24.4259 3.319837 -9.847455 7
24.5039 4.246737 -9.644355 12
24.3791 4.555437 -10.590655 16
23.8579 4.825837 -11.345055 16
23.258 4.906137 -12.087755 1
23.5195 4.193037 -12.696855 7
24.3304 4.574837 -12.247255 16
24.5241 4.520237 -13.211555 15
25.2312 5.114937 -13.559455 7
26.2041 5.271637 -13.685855 4
26.2473 4.427037 -13.268755 15
26.3937 3.649937 -13.861255 7
26.4498 2.759337 -13.345255 11
27.0743 2.762237 -12.637155 8
27.368 1.914037 -12.261855 15
26.3699 1.819837 -12.440855 11
25.48 1.467337 -12.300655 11
24.8739 0.733537 -12.242255 9
24.6721 -0.103063 -12.788455 15
24.1727 -0.005163 -13.612555 12
25.1284 -0.027363 -13.914355 1
24.5546 -0.021763 -14.676955 1
25.214 0.713637 -14.613655 1
25.3585 1.721837 -14.489655 7
25.0072 1.819437 -13.583355 11
24.2718 2.379637 -13.891855 1
23.8615 2.699637 -12.956955 1
23.2161 2.294237 -12.382755 7
22.7178 3.066337 -11.942955 1
22.7995 3.801737 -11.336155 1
23.4457 4.041037 -10.617955 16
23.0823 3.631537 -9.786255 7
22.545 3.167437 -9.209455 7
22.879 2.247437 -9.422255 7
22.6904 1.620237 -8.662555 1
22.9838 1.809137 -7.729955 15
22.8233 2.547037 -8.312055 7
23.0402 3.434137 -8.263355 7
23.7689 4.095137 -8.575655 7
24.5728 4.647837 -8.584455 12
24.4029 5.310737 -9.314555 11
25.411 5.228937 -9.359855 7
26.2802 4.936337 -9.101555 12
26.1257 4.717137 -10.020355 12
25.3085 5.014737 -10.378655 16
25.4035 5.949537 -10.753255 16
24.857 6.216337 -11.517855 16
24.9886 6.436437 -12.453355 15
25.5427 6.789837 -13.113655 5
25.146 7.435337 -12.507555 14
26.005 7.836437 -12.136155 7
26.8565 8.081137 -12.545655 11
27.736 7.721637 -12.259755 13
28.2088 6.850137 -12.014855 7
27.4712 6.285037 -12.182255 1
26.6657 5.810737 -11.929855 15
26.028 5.371737 -11.257055 16
26.8746 5.232337 -10.760655 12
27.1753 4.613437 -11.453755 1
27.5818 5.479037 -11.449155 1
28.2954 5.193137 -10.868855 11
28.0391 4.478437 -10.363755 12
27.6919 3.968237 -9.615755 12
28.4917 3.305237 -9.984455 1
29.1742 2.630137 -9.932455 16
29.9406 2.076637 -9.719655 8
30.534 1.712337 -8.945455 9
30.1128 2.678337 -8.813855 7
29.4333 2.429937 -8.271355 13
28.4696 2.523637 -8.041755 8
28.098 3.398637 -8.268555 15
27.7986 3.750337 -7.392255 7
27.5788 4.708137 -7.533955 12
27.5549 5.610837 -7.578355 12
27.5978 6.489237 -7.123255 5
27.333 7.323437 -7.546555 7
26.6836 6.616437 -7.595855 7
26.6162 5.842537 -7.028855 1
26.4924 5.132737 -6.454355 16
25.7577 4.997437 -7.096255 12
25.0567 5.066237 -6.398455 11
24.4649 4.518637 -6.955255 7
24.1229 4.910237 -6.203755 11
23.6915 5.532037 -5.532555 11
22.8807 5.659637 -5.993355 1
23.1177 5.219937 -6.771455 15
22.333 4.877737 -7.152655 1
22.5234 4.081337 -7.772555 7
22.7521 4.006937 -6.757555 7
22.5545 3.759937 -5.849055 15
23.4856 3.987937 -5.977055 11
23.4728 3.242037 -6.635555 7
23.926 2.856637 -7.361655 7
23.8441 1.994937 -6.920655 15
23.0611 2.275437 -6.464255 7
23.4602 2.074837 -5.593655 12
24.02 1.449237 -5.094155 16
24.0877 1.881737 -4.245755 16
23.9033 1.098637 -3.767355 16
23.055 0.699637 -3.980555 1
22.1824 0.465237 -3.721555 1
21.6144 -0.032863 -3.154555 1
20.6834 0.099437 -3.139455 7
19.8438 0.498537 -3.137655 1
19.1363 0.713537 -3.775655 14
19.1238 1.741137 -3.737255 1
19.6654 2.151937 -4.439355 10
20.3694 1.861237 -5.034355 16
19.8385 1.005537 -5.098255 16
20.0169 0.298137 -5.703155 1
20.8484 0.762137 -5.551555 1
21.637 0.524537 -5.942855 5
21.5391 -0.446563 -6.043455 1
21.9606 -0.163363 -6.888855 12
22.7382 -0.772063 -6.736255 15
23.2141 -1.568763 -6.317855 1
23.4721 -0.799763 -5.794155 1
23.9509 -1.002363 -6.655355 16
24.0432 -0.231663 -7.166655 15
24.574 0.533137 -6.894855 15
24.2634 0.998037 -6.084655 12
25.1431 0.682937 -5.977055 15
25.2981 1.556437 -5.502555 16
25.149 2.327737 -6.109455 12
24.4078 2.926337 -5.948955 16
24.7765 3.496437 -6.606955 7
24.8189 4.205037 -5.953655 11
25.2673 3.479737 -5.543855 16
24.5922 3.569937 -4.843855 16
25.2074 4.387237 -4.810555 11
25.1013 3.903837 -3.855055 16
24.27 4.397337 -3.802255 11
23.9252 3.532537 -3.552455 13
24.4783 2.902937 -4.012455 16
25.1038 2.132737 -3.892155 16
25.1812 2.832637 -3.265055 16
24.6937 3.359837 -2.587455 8
23.7481 3.066837 -2.612955 16
23.1575 2.407137 -3.017955 16
22.5008 2.875337 -2.481755 8
22.8329 3.731637 -2.877355 16
22.8231 3.925237 -3.810955 1
22.7915 4.324237 -4.670255 1
23.221 5.187337 -4.452955 11
24.1807 5.314037 -4.394755 11
24.02 5.398337 -3.392955 16
23.8824 6.154437 -2.786355 1
24.6983 6.506637 -2.685355 7
25.6558 6.077937 -2.307655 1
25.5704 5.352137 -2.914055 11
25.3146 4.493937 -2.533855 1
24.615 4.838637 -1.952955 1
24.5626 4.143837 -1.242255 1
24.9177 4.466737 -0.369355 1
25.6089 3.856137 -0.112255 16
25.3405 2.859437 -0.213055 5
26.0833 2.102737 -0.203955 12
25.6516 1.767437 -1.048655 16
26.1865 1.151137 -0.530055 16
27.0813 1.359137 -0.250155 12
27.5873 1.580537 -1.029855 16
28.4688 1.214637 -0.679955 15
29.258 1.819437 -0.452255 5
29.3286 1.031637 0.090945 16
29.8658 0.357837 -0.232155 15
30.0558 -0.174763 -0.981555 1
29.7739 -0.174263 -1.894455 11
28.8416 -0.011663 -2.142855 12
28.6413 0.224137 -3.073555 16
28.0407 0.897537 -2.815855 7
27.8019 1.850837 -3.037455 1
26.9305 1.426837 -3.271955 16
26.2887 1.596737 -2.586855 16
25.9923 1.088137 -1.753055 13
25.9336 0.676537 -2.607155 16
26.4687 -0.085863 -2.873155 1
27.4016 0.055537 -2.693655 1
27.5822 0.301337 -3.637355 15
26.6503 0.454537 -3.940655 16
25.9082 0.824837 -4.572355 16
26.2603 0.730537 -5.423955 15
26.5021 0.240637 -6.235355 7
25.8289 0.382937 -6.896455 15
26.3172 1.151937 -7.225855 16
27.2001 0.911637 -7.512355 1
27.3531 1.077337 -8.450955 12
27.3641 1.527937 -9.300655 1
27.4005 2.306637 -9.857055 16
26.8987 3.056937 -9.973755 12
27.5148 2.942337 -10.704755 16
26.8427 2.678737 -11.370655 11
26.2438 3.140137 -10.807855 11
25.8034 3.805637 -10.310455 12
25.4337 4.118737 -11.154155 16
25.2374 4.174537 -12.093255 16
25.6939 3.374237 -12.257855 11
24.7634 3.067537 -12.195455 11
24.8676 2.827937 -11.272655 16
25.2679 1.990137 -10.925055 1
26.1938 1.703437 -10.928755 11
25.8381 0.835837 -10.456155 1
26.188 -0.049463 -10.495455 16
26.5155 -0.947963 -10.350655 1
26.4591 -1.906563 -10.235455 5
25.9747 -1.336363 -9.579355 16
25.9692 -0.482163 -9.053055 8
25.1265 -0.159663 -8.714355 15
25.5882 0.531437 -9.250555 8
25.8944 0.439637 -8.345955 5
25.2872 0.942937 -7.773755 15
25.0515 1.545137 -8.453055 7
24.4417 1.472137 -7.695255 15
24.7922 2.279037 -7.633655 8
24.7765 3.199837 -8.048755 1
25.3478 3.920837 -8.088855 12
26.2741 4.171837 -8.364555 12
26.6849 4.101137 -7.462255 1
26.3165 3.269637 -6.961155 9
26.1584 2.809037 -6.126255 1
26.0026 2.461937 -5.244555 16
25.753 1.908837 -4.546155 16
26.6484 1.595537 -4.298855 16
26.8472 1.611037 -5.274055 1
27.2938 1.043637 -5.950555 1
27.6607 1.946137 -6.106555 14
28.2318 2.729137 -6.166655 7
28.6319 3.131337 -5.406655 1
27.6706 3.353537 -5.392355 13
27.3839 4.151937 -4.936255 1
27.0487 4.647237 -4.218255 12
26.1218 4.815137 -4.517455 11
26.2389 3.792037 -4.731255 8
26.6003 2.906537 -4.329255 16
26.0811 3.373037 -3.630855 16
26.5596 4.013437 -3.109755 7
26.2855 3.241637 -2.635455 16
27.1043 2.840137 -2.250055 1
26.5933 2.568737 -1.439655 5
25.7671 2.306037 -1.923355 7
25.3178 1.984037 -2.753855 16
24.7797 1.232837 -3.171455 16
25.0957 0.464437 -3.546755 16
24.5018 -0.075263 -4.106455 5
25.0418 0.166837 -4.886455 16
25.0165 -0.574963 -5.452155 15
25.446 -1.318763 -5.032255 1
26.2116 -1.724963 -5.432255 16
26.3531 -2.376563 -6.187555 11
26.1769 -1.519263 -6.452855 12
25.8309 -0.943463 -7.147255 15
25.761 -1.838863 -7.399555 12
24.7804 -2.085763 -7.554555 1
24.7877 -1.175563 -7.359055 15
23.8991 -1.281763 -7.731955 16
24.3629 -0.746863 -8.342855 15
24.2793 -1.607863 -8.656955 1
23.3903 -1.940063 -8.422755 16
23.8086 -2.747863 -8.190655 11
23.3344 -3.230563 -7.496955 1
22.7998 -3.916563 -7.139155 16
23.4554 -4.352663 -6.627455 16
22.7462 -5.083763 -6.608855 1
22.7738 -6.035063 -6.468055 11
22.9198 -6.746763 -5.839555 7
23.766 -6.380963 -5.584655 1
23.5841 -5.475663 -5.272155 16
23.3496 -5.167063 -4.431155 1
23.9396 -4.295863 -4.606855 7
24.2217 -3.378963 -4.761655 16
24.7449 -2.946863 -4.025455 12
25.5832 -2.584863 -3.769755 1
26.3679 -3.158563 -3.753055 16
26.614 -4.105163 -3.851755 5
26.8661 -5.024063 -3.936355 16
26.1939 -5.107063 -4.657455 1
