-8.639101 2.829937 -23.927267 1
-7.779101 3.104397 -24.310177 1
-7.371901 3.923297 -24.534807 1
-6.433901 3.733697 -24.229767 14
-6.517401 3.189797 -23.463137 1
-6.025901 3.937997 -23.052277 3
-5.623001 4.739997 -22.862547 12
-5.732301 5.339697 -23.629947 2
-5.979401 5.452097 -24.534707 16
-5.095001 5.150497 -24.648707 1
-4.513701 5.180997 -23.866887 2
-4.710801 6.147497 -23.757897 4
-5.292901 6.814997 -23.366047 1
-6.042501 7.432997 -23.776857 1
-5.638901 7.990697 -24.535857 1
-5.736201 8.845297 -24.987217 1
-4.898401 9.340897 -24.992897 1
-4.619501 9.214697 -24.077357 5
-3.968901 9.902797 -23.728907 15
-4.113801 10.864197 -23.876447 8
-3.542391 11.572297 -23.612227 15
-3.092231 11.001897 -22.849497 8
-2.803001 10.144997 -22.491237 2
-2.199531 10.590997 -21.856848 14
-2.805011 10.077597 -21.276217 11
-2.199331 9.576397 -20.784504 2
-1.620161 8.802897 -21.051251 2
-1.509201 8.205197 -21.816811 13
-0.805291 7.758397 -21.272861 9
-0.305871 8.349597 -21.897963 9
-0.110651 9.251997 -22.199697 14
-1.018551 9.052297 -22.174635 2
-1.004621 9.856397 -21.572903 6
-1.102371 10.547197 -22.252599 2
-0.172091 10.478997 -22.477797 14
0.204409 11.169397 -21.792515 14
-0.305281 11.002097 -21.047564 2
0.587239 10.668797 -20.868183 14
0.214959 10.207097 -20.095507 1
0.603879 9.660997 -19.345007 6
0.601579 8.864197 -18.745377 2
1.076539 8.009097 -18.452717 6
1.839829 7.642297 -18.881367 14
2.378009 7.287997 -18.155857 12
2.126259 6.331997 -18.187577 8
2.120819 5.319697 -18.292467 5
1.504199 5.744097 -18.926607 5
0.788229 5.105997 -19.147737 2
0.708749 4.949597 -20.046677 11
1.041759 5.480497 -20.757315 1
1.480389 6.268397 -21.226157 2
1.451479 6.929397 -22.016142 2
0.758309 6.327997 -21.915942 2
-0.188611 6.225397 -22.153346 1
-0.249121 6.308297 -23.157717 7
0.681539 6.572997 -23.446717 3
0.796549 5.842997 -22.917097 2
1.625969 5.589497 -23.332517 2
1.993969 5.565497 -24.260077 2
1.683589 5.041597 -25.003547 5
1.243689 5.771197 -25.389857 8
0.666999 6.578697 -25.059837 9
0.252909 7.406597 -25.385607 2
0.213789 8.254797 -25.713127 1
0.446849 9.112397 -25.491337 15
-0.011831 9.427297 -24.599397 8
-0.188731 10.023697 -23.856147 9
0.315859 10.756497 -23.479607 14
0.850019 10.798097 -22.619577 14
1.122889 11.660997 -22.439757 14
1.955209 12.038697 -22.997527 14
2.794009 12.502397 -23.089047 1
2.521979 13.424197 -23.351357 2
2.488589 14.407497 -23.451587 1
2.309539 14.138797 -22.509077 1
1.310939 14.257397 -22.405007 8
0.474039 13.824497 -22.249611 6
0.372619 13.320297 -23.065407 2
0.730749 12.426197 -23.192157 14
0.231129 11.968697 -23.871147 14
-0.524711 12.610997 -23.673097 15
-0.726161 13.623897 -23.786947 12
-0.833821 14.388497 -24.307937 2
-1.751421 13.918897 -24.243497 8
-2.608861 13.966997 -24.762067 11
-3.500961 13.883697 -24.316787 2
-4.227801 14.467097 -24.371357 1
-4.418301 15.421497 -24.281767 10
-4.973201 15.692997 -23.514267 2
-5.614001 15.025197 -23.562237 1
-5.444801 15.158197 -22.612757 3
-4.489701 15.427697 -22.489627 1
-4.642501 16.162897 -21.828774 1
-4.271001 15.671597 -21.061462 2
-4.726901 14.906197 -20.567132 1
-4.394001 14.948697 -19.689567 1
-3.490631 14.588997 -19.349257 14
-2.516881 14.394397 -19.404667 1
-2.809711 13.663297 -19.840237 1
-3.208221 14.241797 -20.538871 2
-2.746211 14.995497 -20.9539 1
-1.901911 14.953597 -21.454852 2
-1.911841 14.110597 -21.014941 1
-1.449471 13.413297 -21.557991 7
-0.867611 12.658497 -21.431133 1
-0.356451 12.422897 -22.166627 14
0.312299 12.621397 -21.511216 5
0.856939 12.146497 -20.750858 2
1.849219 12.138797 -20.836351 5
2.293019 11.485897 -21.343526 14
3.122739 11.387397 -20.793811 2
3.140239 10.385797 -20.99772 5
2.917539 9.637797 -21.596129 14
2.218059 10.265497 -21.614318 14
2.135529 10.399297 -20.717225 11
1.322989 10.018797 -21.023262 14
0.915719 9.425097 -20.402445 2
0.822969 9.156097 -21.286563 14
0.883529 9.036597 -22.213397 14
1.521029 8.373597 -22.347387 2
0.704089 8.147897 -22.905197 1
1.462509 7.646897 -23.211297 2
1.843539 6.774497 -23.070697 2
2.128679 6.954597 -24.002177 2
1.794299 7.017797 -24.876837 8
1.345129 7.747897 -24.446697 15
1.232539 7.887897 -25.412127 15
1.675169 7.509597 -26.183037 8
2.292699 7.149997 -26.782597 8
1.854099 6.924297 -27.575547 1
0.958449 7.152997 -28.008437 2
0.667599 7.628697 -28.786397 9
-0.095251 7.635797 -28.172007 6
-1.049671 7.894797 -28.164697 2
-1.366511 7.210597 -27.582607 15
-1.150511 7.984097 -27.051517 14
-1.825341 7.735197 -26.379887 8
-1.361311 6.840297 -26.318657 2
-1.194401 6.650097 -25.404447 2
-1.025431 5.876497 -24.887267 14
-1.324571 5.023597 -24.607667 9
-1.938211 4.271897 -24.538157 8
-1.634571 3.335397 -24.780597 12
-2.525281 3.561397 -25.178477 2
-2.542211 2.689877 -25.639427 3
-1.647151 2.462927 -25.827627 6
-1.331841 2.376487 -24.928687 1
-0.912101 1.434757 -25.174887 8
-0.705451 0.777307 -24.515207 2
-1.255061 0.955227 -23.754977 12
-0.684751 0.569067 -23.040867 1
-0.011991 0.672477 -22.388567 11
-0.374961 1.099297 -21.554991 6
0.084239 1.842987 -21.236327 2
0.002099 2.719727 -21.684051 5
-0.011271 3.529097 -22.309965 1
-0.098951 4.264297 -21.725067 1
0.257419 5.141397 -21.972784 1
1.172549 4.999897 -22.070016 2
1.765729 5.075197 -21.356331 2
2.583579 5.577797 -21.463396 2
2.698759 5.747697 -20.53378 5
3.687429 5.924097 -20.642211 2
3.314719 6.220397 -19.863547 5
4.052389 6.823497 -20.060707 1
3.888159 6.962197 -21.019949 2
3.619939 7.795897 -21.422224 15
3.327749 7.250497 -22.185241 2
3.222519 8.200697 -22.465777 2
2.562919 8.919897 -22.539777 14
2.550849 8.275297 -23.271327 2
1.777299 8.453097 -23.775297 15
1.221179 9.241597 -23.714367 6
1.565859 9.289097 -22.850187 14
1.479429 10.069897 -22.350997 14
1.575239 10.423297 -23.208177 14
2.310499 10.961897 -23.498437 14
1.795229 10.858097 -24.292527 14
1.816639 9.966597 -24.648037 15
2.706729 9.724097 -24.446597 3
3.036469 8.869297 -24.172957 9
3.160989 7.944297 -24.097667 2
3.325449 7.390497 -24.839447 8
4.027389 7.256697 -24.254997 2
3.262779 6.694897 -24.157657 2
2.949109 6.374097 -24.970347 8
2.533219 5.668097 -25.500867 8
2.851399 4.803497 -25.773587 14
2.168569 4.208297 -25.446667 2
2.688969 3.421097 -25.296537 1
3.542439 3.326197 -24.893007 5
3.838539 4.212097 -25.333857 1
4.325499 4.916697 -24.877617 9
3.502519 5.309597 -24.608517 8
3.214229 4.306397 -24.389667 14
2.921339 5.043597 -23.804067 2
3.001909 4.644497 -22.954337 1
2.055129 4.827897 -22.602457 2
2.375999 4.338497 -21.836399 3
3.232909 4.828297 -21.997659 3
2.778859 5.552397 -22.473827 2
2.635649 6.493797 -22.453347 2
2.408639 6.651397 -21.553262 2
2.092159 7.558597 -21.265099 2
2.130189 8.427097 -20.684569 14
2.300069 9.216697 -20.154727 1
2.247649 8.681997 -19.279477 4
2.709579 8.742297 -18.425297 1
3.345299 9.393697 -18.021307 7
3.321639 8.931297 -17.220867 1
4.211059 8.543197 -17.344517 8
4.388319 8.679897 -16.428507 2
4.377599 9.591897 -16.151147 10
4.202919 10.286997 -16.760497 6
4.150259 10.576897 -17.710927 8
4.368679 11.562697 -17.684097 2
4.954889 12.370697 -17.452887 3
4.531879 13.102397 -17.894867 2
5.177789 13.716397 -18.208037 14
6.110091 13.572097 -18.299607 1
5.852105 13.633697 -17.280097 14
6.819706 13.835797 -17.314857 2
7.452499 13.637197 -16.576787 12
7.552829 12.758697 -16.207857 1
7.414639 11.816797 -15.843347 6
8.015799 11.516197 -15.093807 1
7.900339 10.950797 -14.285327 1
8.426779 10.200097 -14.582587 14
9.250469 10.402297 -15.060287 3
9.701699 11.020297 -14.488617 1
10.483849 10.940297 -14.007227 2
10.530949 11.586497 -13.153757 7
11.385879 11.702297 -13.685907 2
11.733989 11.359597 -12.858337 14
12.664799 11.533997 -12.671537 9
12.925799 10.948197 -11.993237 3
13.732259 10.499097 -12.328697 2
13.969219 10.615297 -13.193607 1
13.450609 10.057597 -13.807127 8
12.669269 9.802097 -14.348127 8
11.964579 9.109297 -14.503147 11
11.442099 9.855097 -14.199427 2
11.125689 10.085097 -15.099207 5
11.919169 9.886697 -15.576947 2
11.188649 10.324297 -16.092537 8
11.504989 9.889297 -16.847647 12
11.543739 9.384797 -17.647987 3
10.914749 9.169097 -18.347267 5
10.547259 9.673897 -17.604457 2
9.998199 10.325197 -18.006017 1
9.353419 10.543097 -18.770497 3
8.455269 10.636297 -19.036377 14
7.907789 11.218697 -19.596827 2
8.863349 11.291697 -19.713547 2
8.673169 11.818997 -20.575418 15
7.913719 11.475997 -20.924899 3
8.156759 11.953797 -21.73199 4
7.420579 11.381997 -22.096907 1
6.676058 11.992797 -22.321427 14
6.698723 12.513197 -21.481075 2
6.134584 12.104897 -20.764611 1
5.201129 12.095497 -21.013854 14
4.981229 12.059197 -21.952963 2
4.130319 12.522597 -21.996986 1
3.649949 11.898697 -22.565997 1
3.135609 11.065797 -22.603167 14
3.520929 10.262597 -23.076597 14
3.704599 9.735097 -23.920817 2
3.604999 8.958497 -23.326487 1
4.460139 8.533197 -23.125857 1
4.926309 7.760597 -23.486147 2
4.727759 6.758797 -23.340257 2
5.139469 6.621997 -22.527027 9
4.239679 6.889497 -22.219947 2
3.687809 6.423197 -22.948537 2
4.321949 5.694197 -22.956377 6
4.905209 5.220597 -22.388687 9
5.628612 5.708697 -22.033768 9
6.399573 5.620597 -22.602607 9
6.624484 6.503997 -22.869677 6
6.056489 6.825097 -23.566537 9
5.87048 7.667497 -24.121517 2
5.514734 8.504597 -24.549167 6
4.584779 8.553697 -24.299027 9
4.016139 8.568797 -25.059407 2
3.519899 7.998197 -25.722497 8
3.096529 8.857097 -25.880927 14
2.655339 8.147397 -26.389747 8
2.739609 8.463797 -27.270137 3
2.879009 7.569897 -27.587787 8
3.699039 7.528097 -28.067147 6
4.286309 7.473397 -27.345957 8
4.874759 8.056797 -27.830557 2
5.587028 7.895597 -28.397577 14
5.094029 7.126797 -28.537397 3
5.4691 6.255197 -28.761807 2
5.752965 6.678597 -27.894997 2
5.219519 6.450097 -27.006507 6
4.431169 6.912697 -26.588077 8
4.348509 7.801397 -26.214287 8
4.394249 8.721397 -26.320257 2
5.121729 9.270397 -25.837367 3
5.54862 9.743297 -26.600727 1
6.152042 9.475497 -25.843487 2
7.049187 9.391797 -26.191807 10
7.147228 8.675797 -26.827077 14
6.942959 7.685997 -27.008707 12
6.615314 6.970297 -27.475407 3
6.532539 5.977697 -27.778137 2
6.160678 5.451297 -28.511297 2
5.472395 4.815997 -28.471267 2
5.923515 3.964497 -28.229737 2
5.995516 3.010897 -28.498147 3
5.641001 2.168517 -28.846747 3
4.949769 1.882417 -29.456507 12
4.121429 2.264947 -29.236837 14
3.659559 2.936807 -29.843927 1
3.346959 3.749897 -29.597117 3
2.569519 4.279997 -29.650497 8
2.692099 4.316897 -28.746767 9
2.864209 4.649597 -27.822997 1
3.616239 4.782197 -27.253447 1
3.033959 5.626397 -26.970407 2
2.992869 6.290997 -26.319107 8
3.872709 6.126297 -26.630917 8
4.385149 5.758797 -27.370137 2
4.308849 6.022197 -28.280307 9
4.702559 5.490097 -28.952427 2
3.948829 4.986897 -29.251667 1
4.260069 4.162797 -29.705177 1
5.114049 4.429097 -29.346837 2
5.629871 4.343497 -30.190637 2
5.505266 3.616697 -30.817017 1
6.035324 3.786297 -31.616187 7
6.88601 3.959097 -31.453487 2
7.038653 3.111697 -31.882187 1
7.939579 3.238397 -31.962087 1
8.425519 3.365797 -31.191117 14
8.925049 3.298497 -30.302857 6
8.414299 2.570917 -29.820187 6
7.594799 2.661407 -29.133077 3
6.754161 2.833927 -29.540707 3
6.936899 3.753597 -29.613877 2
5.991811 3.519097 -29.589417 6
5.090099 3.317097 -29.853637 8
4.981229 3.369197 -28.829267 14
4.815279 2.785467 -28.059837 3
4.100289 3.359897 -28.000657 12
4.343069 4.308297 -28.201157 14
4.747439 4.776897 -27.489807 2
5.292076 5.197897 -26.735657 2
4.509099 5.045497 -26.094107 8
5.144839 4.590097 -25.545777 9
5.989026 4.910597 -25.764337 14
6.600469 5.052697 -26.590397 2
6.133569 5.858497 -26.844467 2
5.57295 5.977297 -26.120767 3
4.613179 6.189597 -25.841237 8
4.374259 6.414897 -24.909167 8
4.880769 5.892897 -24.247977 9
5.831408 5.906597 -24.377357 9
6.51922 5.824497 -25.024997 3
7.321259 6.349397 -25.158987 1
6.899409 6.569397 -26.020237 2
7.833999 6.718697 -26.287217 2
8.804359 6.906197 -26.497677 1
9.285059 7.531397 -27.122317 1
9.512469 7.721997 -28.066097 10
8.953769 8.226097 -28.734587 1
8.872329 7.717097 -29.586597 3
7.993489 7.973197 -29.492977 9
7.229949 7.449997 -29.219637 2
7.022881 7.171197 -30.120117 1
7.447929 6.451397 -29.721067 2
7.840509 6.260497 -28.873477 2
8.170729 6.969097 -28.274637 6
7.491569 6.348397 -27.925267 2
8.054339 5.664097 -27.672267 2
8.968729 5.510197 -27.890547 14
9.875069 5.802497 -27.679897 3
9.757509 5.139497 -27.001727 8
9.810689 4.257497 -27.376487 8
9.232909 3.937997 -28.161807 6
8.489959 3.975697 -27.605967 8
7.963469 3.760897 -28.400057 6
8.230469 4.184897 -29.308047 6
7.421129 4.759197 -29.372567 2
8.081339 5.370497 -29.652507 3
7.450159 5.045197 -30.357787 12
6.512784 4.942897 -30.161577 2
6.778587 5.554497 -29.461867 2
6.306511 6.322297 -29.858767 2
5.518955 6.042597 -30.321767 14
4.839689 5.411797 -30.187637 2
4.282619 5.351097 -30.931257 1
3.434139 5.524697 -31.389587 8
3.550689 4.757497 -32.014387 1
2.635369 4.813097 -32.487287 2
2.453969 3.866597 -32.275287 3
2.800409 3.116197 -31.754987 1
1.976429 2.581867 -31.664287 12
1.271259 2.919777 -31.065887 1
1.894729 2.888697 -30.250727 4
1.965489 2.302337 -29.467607 14
1.848349 2.098727 -28.554657 3
2.754699 1.751037 -28.412057 1
3.357749 1.394287 -27.746677 2
4.205359 1.048127 -27.407597 9
5.065179 0.975897 -26.943097 2
5.832911 1.569387 -26.734967 3
5.881155 1.598777 -25.711007 2
5.272358 1.209127 -25.035097 6
5.241533 2.066007 -24.476447 9
6.094853 2.231967 -24.021167 6
6.048513 3.107897 -24.374427 14
5.434366 3.754497 -24.712207 9
6.251916 4.160697 -24.409777 9
6.843697 4.689997 -25.012327 14
7.640809 4.074297 -24.723957 2
8.275259 3.617097 -25.317807 2
8.980779 4.222997 -24.990727 8
9.347339 4.353197 -24.013897 1
9.260289 5.263997 -23.958877 3
8.892509 6.242997 -23.851967 2
9.354329 6.882897 -24.426787 3
9.841189 6.008197 -24.426117 2
10.356409 6.209697 -25.179177 1
10.225269 5.497397 -25.886217 2
9.439339 4.830097 -25.794177 8
9.092509 5.255797 -25.019127 3
8.463919 5.552497 -25.698717 10
8.366859 5.473997 -26.660057 8
7.586949 5.130997 -26.120937 2
7.787359 4.524597 -26.859027 8
7.164886 4.889197 -27.416347 2
6.747855 4.460097 -28.224377 2
6.951494 3.519797 -28.387487 3
6.603497 2.890017 -27.716037 3
6.478563 3.749797 -27.262027 2
5.554192 3.453197 -27.428977 3
5.64062 3.341697 -26.505277 8
5.156469 2.544857 -26.588027 14
4.464779 2.940637 -26.057887 3
3.515879 2.893917 -26.115877 4
3.377859 2.019657 -25.722537 2
2.757419 1.423267 -25.275937 6
1.997339 0.887107 -25.252087 6
1.659399 0.047467 -25.420437 14
1.360839 -0.918343 -25.504047 14
1.157929 -1.747903 -25.061347 7
1.180509 -2.732473 -24.927507 2
0.718929 -3.398903 -25.453687 3
1.147399 -3.581483 -26.346047 5
0.776309 -4.297933 -26.920567 1
0.467389 -4.979263 -27.538077 3
0.022959 -5.406043 -26.834567 10
0.797789 -5.653083 -26.289817 3
0.055099 -6.237671 -25.979917 1
-0.337621 -7.105153 -25.867387 13
-0.848321 -6.961802 -24.978447 5
-1.299831 -7.807095 -24.874087 2
-1.417331 -8.730503 -24.963577 6
-0.979151 -9.324183 -25.635327 2
0.003739 -9.547533 -25.800787 7
0.450029 -9.683113 -26.622847 3
1.254479 -9.446073 -26.062407 9
1.510419 -10.361233 -25.863497 1
0.935419 -10.888083 -25.258787 3
1.302329 -11.489443 -25.890737 3
1.565739 -11.929063 -26.678067 1
1.107749 -12.013053 -27.505767 14
0.169949 -12.277873 -27.436587 9
-0.562681 -12.458753 -26.879027 10
-1.154811 -13.181523 -26.721507 3
-1.757051 -12.451163 -26.579837 1
-2.321131 -12.386373 -27.414127 3
-2.910361 -13.036623 -27.781117 8
-3.672121 -12.407833 -28.086737 1
-3.802401 -12.448943 -29.025287 8
-4.236901 -12.015983 -29.751737 9
-3.689211 -11.252503 -29.808757 13
-3.559501 -10.270763 -29.636057 10
-3.047101 -10.006193 -28.850927 4
-2.328601 -10.646613 -28.823747 3
-1.961121 -10.457003 -29.773807 5
-1.222241 -9.879643 -29.640227 9
-1.405841 -9.057013 -30.016607 3
-0.509751 -8.898423 -30.305857 2
-1.215321 -8.282353 -30.730907 14
-1.108751 -7.837475 -29.884097 9
-1.987331 -8.176003 -30.046147 12
-2.622741 -8.033093 -30.719277 3
-2.036091 -7.203051 -30.745597 1
-1.015911 -7.158413 -30.685177 2
-0.391421 -6.383515 -30.625647 3
0.110729 -6.643872 -29.865117 2
0.077069 -6.154722 -29.013757 1
1.043479 -6.103354 -28.894957 3
1.171849 -5.253813 -28.508667 10
1.952639 -4.911993 -28.016477 3
2.515229 -5.571263 -27.445867 6
2.863989 -6.500048 -27.438307 2
3.797469 -6.683525 -27.429287 1
3.862369 -6.240635 -26.532117 8
4.364239 -5.619823 -27.150317 10
4.661049 -4.970303 -26.476337 3
3.956349 -4.555253 -25.947317 1
3.194449 -4.595623 -25.379097 1
3.809559 -3.959943 -24.994637 7
4.178449 -3.117433 -25.306147 3
4.118889 -2.751783 -26.259667 8
4.028719 -1.793343 -26.065317 9
4.201399 -1.245363 -25.376567 6
3.937029 -0.378263 -25.818327 3
3.617959 -0.479213 -24.882677 6
4.095359 0.328087 -24.659947 6
3.970679 1.286557 -24.683107 13
3.777459 0.931757 -23.839677 6
4.220979 1.596007 -23.325277 3
4.339099 2.305557 -24.043667 4
4.214729 2.767617 -23.192417 3
5.148609 2.763377 -23.058597 9
5.37399 2.876737 -22.122336 3
5.985625 3.535597 -22.486107 9
6.442989 3.500897 -21.64041 12
6.582146 3.476497 -20.719494 14
5.618028 3.518197 -20.98768 3
4.907389 3.764097 -20.349384 3
4.326709 4.545897 -20.328122 5
4.393819 4.936497 -21.193757 14
4.315069 4.012297 -21.514536 3
5.220139 4.373997 -21.60235 9
5.377885 5.218297 -21.123538 10
5.230071 5.103597 -20.174297 9
4.475249 5.352797 -19.612387 5
3.718199 5.361497 -18.921767 5
4.017419 5.686597 -17.990307 10
4.245259 4.771197 -17.730567 8
4.031479 3.936997 -18.264337 3
4.105659 3.302697 -18.945297 5
5.016209 3.442097 -19.226197 3
5.798749 3.300997 -18.608637 1
6.680781 2.985897 -18.522537 1
7.012579 2.299557 -19.177667 9
7.303259 1.726817 -19.901767 9
7.200817 2.372067 -20.634849 1
7.467109 2.401997 -21.586262 4
6.858471 1.762627 -22.062449 3
7.767709 1.711497 -22.326717 4
8.691629 1.413287 -22.109927 1
8.353559 0.729077 -21.539957 3
7.459309 0.374607 -21.862403 1
6.985888 -0.269853 -22.387277 1
6.022627 -0.353673 -22.188618 1
6.044219 -0.998233 -22.914167 3
5.176459 -0.423213 -22.950097 13
4.490519 -0.267613 -23.695907 6
4.176279 0.437027 -23.117467 6
4.109899 1.107437 -22.427907 3
3.768079 1.641817 -21.675115 3
4.555199 1.781747 -21.121144 3
5.40745 1.946947 -21.543399 11
5.60161 1.796967 -22.567507 3
5.330212 1.601207 -23.439187 6
5.499407 0.655957 -23.095377 6
5.082739 0.971497 -22.277009 3
5.50459 0.607587 -21.531811 3
5.722024 0.022247 -20.810905 15
5.847321 -0.915663 -21.148312 13
5.659229 -1.700063 -21.657501 10
6.485001 -1.901103 -21.279536 3
6.79717 -2.823833 -21.080056 12
7.067422 -3.666723 -21.554904 9
8.526049 -3.250303 -22.519577 9
8.848079 -2.755843 -21.766385 5
8.145439 -2.524303 -21.021084 1
8.569429 -1.767003 -20.63199 4
9.245639 -1.360993 -20.068417 9
9.229179 -1.068423 -19.152757 3
9.476499 -0.156663 -19.429097 8
10.148509 -0.844753 -19.690777 3
10.441859 -1.018793 -20.61597 4
11.130959 -0.515203 -21.065337 5
10.270019 -0.302383 -21.579985 8
10.611309 -0.747253 -22.434547 5
10.038479 0.000347 -22.717857 6
9.854109 0.738647 -23.260867 5
10.499789 0.546587 -23.874557 3
10.985349 1.131807 -23.291537 3
10.486289 1.344047 -22.473827 1
9.703739 1.794507 -22.295606 2
9.698419 2.657777 -21.945683 3
9.536079 3.433697 -22.600417 5
10.059029 4.268997 -22.670917 6
10.098469 4.392097 -21.732393 1
9.174609 4.686197 -21.372233 3
8.620849 4.860397 -22.188041 10
8.595479 4.167497 -22.814687 1
7.674249 4.096997 -23.144297 1
6.617656 4.269397 -23.193457 9
5.976102 4.957497 -23.573507 9
5.071399 4.824897 -23.417547 9
4.537419 4.276897 -24.055137 9
3.829519 3.688997 -23.867407 14
3.225549 2.925647 -23.778827 10
3.245969 3.311197 -22.878937 3
3.838649 3.988297 -22.664897 13
4.886339 3.939497 -22.633977 9
4.350969 3.224797 -22.239802 3
3.741149 2.650817 -21.751804 3
2.856629 2.414217 -21.689853 3
2.015329 2.372377 -22.146215 13
2.352949 1.563387 -22.583467 3
3.063559 0.895997 -22.662127 3
2.723279 0.779877 -23.615047 6
1.931599 0.289487 -23.890207 9
1.801699 0.133057 -22.949147 1
1.297649 -0.018583 -22.152871 9
2.186249 0.465857 -22.105336 3
1.900679 0.628617 -21.147982 3
1.087979 0.268717 -20.820152 1
0.702289 -0.576193 -21.141576 1
0.884919 -0.977143 -20.317927 1
0.364549 -0.830733 -19.533147 8
0.558139 -0.026543 -19.048347 4
1.457579 -0.304423 -18.854517 1
2.388729 -0.030083 -18.724437 3
1.963369 0.684057 -19.168757 6
2.674619 0.457567 -19.734167 4
2.623859 1.207097 -20.436552 3
2.220799 1.930487 -20.894065 3
1.443419 2.532867 -20.629974 9
1.500129 3.373297 -20.141987 5
1.458299 4.077997 -19.489637 11
2.205229 4.027897 -18.738107 1
2.894029 4.353697 -19.330017 5
2.260269 4.639197 -19.965077 5
2.617199 4.119497 -20.708456 8
2.760339 3.181797 -20.958593 3
3.669249 3.248697 -20.828638 3
3.496539 3.974697 -20.244627 5
3.394329 3.212897 -19.722567 6
3.393209 2.276357 -19.631717 3
4.149609 2.176627 -19.018687 10
4.412909 2.441797 -19.972477 3
5.020869 1.713417 -19.801637 4
4.864159 1.080417 -20.488017 3
5.867868 1.093637 -20.415002 12
5.931085 0.439297 -19.714507 3
5.054169 0.602217 -19.349237 10
4.627869 -0.269433 -18.932727 8
3.893459 0.446077 -19.051807 9
3.926639 0.649437 -20.029887 1
3.503369 0.845467 -20.865944 3
3.369799 0.277627 -21.67709 3
3.766039 -0.281633 -20.921777 14
4.709809 -0.230733 -20.830001 3
4.707179 -1.100743 -21.2552 1
3.887509 -1.589713 -21.526982 15
3.483979 -0.942193 -22.151527 3
3.310369 -0.999683 -23.177957 6
2.497409 -1.112773 -23.638547 9
2.706739 -0.650073 -24.475387 6
3.228139 -1.508433 -24.613577 9
3.942579 -1.087583 -24.067857 6
4.428749 -1.477913 -23.318427 3
5.025809 -1.358843 -24.054127 6
5.033589 -1.942443 -24.844777 5
5.813345 -2.560183 -24.706337 9
5.981226 -1.991123 -23.917597 4
5.399379 -2.573173 -23.499617 3
6.13815 -3.203373 -23.267207 6
6.888745 -3.109373 -23.884787 3
7.107647 -2.171963 -23.680967 13
7.944829 -1.785803 -23.434677 5
8.105269 -1.361983 -24.306467 10
7.749409 -1.123333 -25.161247 1
6.956821 -1.103913 -25.662007 3
6.478086 -0.530863 -26.287327 1
6.509833 0.239897 -26.876747 1
6.241688 -0.439873 -27.552927 1
6.441193 -0.769643 -28.429117 9
5.969603 0.053527 -28.644657 3
5.342153 -0.641343 -29.009597 13
4.605879 -0.320733 -28.435617 5
4.673989 0.609157 -28.443177 1
5.29797 1.321357 -28.159667 3
6.243597 1.410697 -28.019907 3
6.726462 0.660017 -28.267657 9
7.048233 1.209497 -28.966977 3
7.913469 1.535967 -29.235837 9
8.884859 1.569077 -29.279517 15
9.216749 2.351137 -28.918117 6
9.038919 2.889217 -28.096797 8
10.051469 2.861347 -27.981867 4
10.348429 3.305297 -27.100647 8
11.050929 2.820347 -26.621417 3
11.511729 2.070697 -26.240607 3
11.021469 1.628647 -26.885637 3
10.678409 2.154767 -27.575197 3
10.717099 1.636667 -28.382467 4
9.978549 1.737797 -29.026937 6
10.208329 1.164657 -29.753107 8
10.638819 0.297807 -29.750447 5
9.630889 0.215187 -29.820367 9
9.791119 0.517827 -30.706537 13
8.961029 0.273487 -30.695427 4
8.101719 -0.189443 -30.807967 9
7.574239 -0.929173 -31.093027 13
7.112676 -1.347363 -30.260917 3
6.754586 -0.404393 -30.226577 9
6.27898 0.294077 -29.829077 3
5.579238 0.920687 -30.108637 1
6.056718 1.539157 -30.660857 5
6.403044 1.840917 -29.758407 3
7.12734 1.653697 -30.418677 14
7.048475 0.707987 -30.360657 3
7.804619 0.577137 -29.755797 9
8.556959 1.018427 -30.100567 9
8.532619 1.723417 -30.742067 3
9.138859 2.402827 -31.028757 6
9.711249 3.156497 -31.273857 3
9.688129 3.906297 -30.661567 10
9.802119 3.676097 -29.689937 6
9.945759 4.666897 -29.752057 1
9.905419 4.702297 -28.773787 1
10.809249 4.652097 -29.187927 1
10.744469 3.742897 -28.767867 6
11.471769 3.788797 -28.123697 10
12.073159 4.318497 -28.736037 3
12.199609 3.394797 -28.799767 15
11.464999 2.898017 -29.228117 6
11.619499 2.336687 -28.477517 3
12.509359 2.043317 -28.164827 3
12.042049 1.204677 -28.470727 5
11.566069 1.377457 -27.723887 3
11.208509 0.518137 -27.999717 5
10.387479 0.267787 -28.322427 5
9.607949 0.805587 -28.358847 9
8.770609 1.283567 -28.214687 9
8.875999 1.971167 -27.490057 6
9.379109 2.220357 -26.734097 3
9.849879 3.015197 -26.204577 8
10.581309 3.145997 -25.494517 3
9.797429 2.879337 -25.030567 11
10.064419 3.585397 -24.435257 10
9.404119 3.152997 -23.820067 13
10.032879 2.403607 -23.699027 6
10.874879 2.178647 -23.442827 3
11.354189 1.941337 -22.700437 4
11.915729 1.452937 -23.415027 3
12.127489 0.738017 -22.787267 1
12.758089 0.097777 -23.252087 1
12.721039 0.532917 -24.152977 3
13.562179 0.120437 -23.950707 9
14.327259 0.367787 -24.451567 8
14.682279 0.127677 -25.312737 1
13.754059 0.208297 -25.313867 3
13.480029 -0.602943 -25.722867 9
12.746229 0.095137 -25.861207 3
13.191999 0.828497 -26.350747 3
13.250429 1.146357 -27.245647 1
13.653979 2.036597 -27.104507 1
14.539759 1.985287 -26.778787 4
13.959969 1.797087 -26.050977 9
12.984509 1.830337 -26.064197 3
12.527429 2.605917 -26.368307 3
12.806659 2.728797 -27.356097 3
13.331859 3.479697 -27.686517 6
13.345929 3.261397 -28.644677 10
13.966319 3.929297 -28.899077 5
14.805109 4.380297 -28.674747 3
14.792369 3.881397 -29.566477 9
15.095049 4.426797 -30.267677 9
14.254989 4.848197 -30.447537 15
13.415439 4.329597 -30.501977 3
13.118309 3.456797 -30.150237 5
12.580009 2.687897 -30.386497 9
11.985609 3.415297 -30.789617 6
11.126929 3.117297 -31.078037 13
10.612179 3.049197 -30.193727 6
10.669709 2.127907 -29.993177 6
11.472499 1.698177 -30.332257 1
11.555779 0.790057 -30.001267 5
12.183179 0.592717 -29.285937 3
12.907679 0.210437 -28.735957 6
12.036239 -0.001223 -28.271947 5
12.390269 0.557647 -27.561527 1
12.125099 -0.093753 -26.837647 13
11.618069 0.788927 -26.785147 3
12.083009 1.198937 -26.019197 3
11.751989 1.081997 -25.122737 3
12.285999 1.428297 -24.371287 3
12.897399 1.983197 -23.764217 10
13.127959 2.017317 -24.727627 3
13.408009 2.919497 -24.460507 4
12.516489 3.175597 -24.891067 3
13.209959 3.660797 -25.379717 9
12.672479 3.770497 -26.195787 12
11.967909 3.401697 -26.745637 3
11.258209 3.995197 -26.609727 8
11.644559 4.824097 -26.178227 4
11.470919 4.137397 -25.492187 3
12.422759 4.533697 -25.453337 11
12.655879 5.100297 -24.774417 13
11.975879 4.696497 -24.220877 4
11.159799 4.251197 -24.254527 14
11.151749 3.249297 -24.033087 6
11.582249 2.511797 -24.445457 3
11.112469 2.134127 -25.230677 3
10.293709 1.703817 -25.005847 3
9.268859 1.730797 -24.719207 9
8.565849 1.236897 -24.291287 4
7.702529 0.961057 -23.968507 1
6.845609 1.152887 -23.568287 6
6.372637 0.336447 -23.383917 1
5.710085 -0.149413 -23.959457 6
5.578638 0.112047 -24.837517 6
5.915281 0.473477 -25.619907 10
6.840886 0.796127 -25.814227 1
7.467799 0.230637 -26.404357 3
8.003249 0.222167 -27.231267 9
8.228809 -0.724403 -27.553787 9
9.016859 -1.168623 -27.185277 1
9.891319 -1.317253 -26.749797 15
10.757109 -1.306793 -27.153077 5
10.956499 -0.500393 -26.578327 3
10.503369 0.305717 -26.389867 3
10.159709 -0.095973 -27.214637 5
9.194959 0.011537 -27.007257 9
9.220249 0.992047 -26.789017 10
10.127549 1.243467 -26.665177 3
9.696779 1.182267 -25.861657 3
8.839379 1.672037 -25.930487 13
8.944959 2.612897 -25.813417 1
9.046429 3.593397 -26.051887 8
8.283119 3.630597 -26.600537 8
7.643489 2.901047 -26.483457 1
7.550789 2.053057 -26.865527 5
6.805105 2.001217 -27.514157 3
7.630879 2.319437 -27.834047 11
7.531559 1.378427 -28.101827 3
7.799169 0.529077 -28.512017 9
8.085329 -0.370273 -28.734117 9
8.201529 -1.321333 -28.508677 13
7.309829 -1.054553 -28.770587 9
7.269939 -1.751703 -28.143907 3
6.958387 -1.224513 -27.346587 9
6.822241 -2.144623 -27.378347 13
6.226034 -2.798663 -27.809877 3
5.783982 -3.359943 -27.187267 10
6.515914 -2.932833 -26.751117 6
7.191726 -2.518593 -26.141817 3
6.822882 -3.256463 -25.626897 13
6.443921 -3.927433 -26.262187 6
5.850114 -4.727393 -26.204237 5
5.577058 -4.895983 -25.267737 8
5.919031 -5.218223 -24.433847 6
6.796755 -5.477463 -24.787697 15
6.3806 -6.341663 -25.036927 3
5.644091 -6.824893 -25.464867 5
6.080292 -7.546334 -25.179687 6
6.988618 -7.944693 -25.269797 4
7.623509 -7.567433 -24.630577 6
7.937699 -6.698868 -24.527637 3
8.443029 -6.377733 -23.792767 5
9.159239 -6.025033 -23.362787 3
8.843459 -5.111593 -23.433977 6
9.471839 -5.088643 -24.177717 3
10.163009 -4.905493 -24.750887 1
10.452629 -4.193343 -25.308057 1
9.615269 -3.701593 -25.161607 1
8.855269 -3.523463 -25.708297 1
9.596309 -3.444243 -26.326497 1
9.991089 -2.811573 -25.724457 1
10.257589 -2.099833 -25.143857 3
9.401969 -1.742423 -24.809407 10
9.573459 -0.854563 -24.672567 1
10.074189 -0.044533 -24.909417 10
10.794499 0.532817 -24.943877 3
11.335199 -0.215673 -24.753477 3
12.298799 0.079757 -24.955597 3
12.654189 -0.824423 -24.832117 4
12.174109 -0.844223 -25.719597 3
12.524119 -1.720143 -25.773217 11
12.499369 -2.716893 -25.631627 4
12.935339 -2.511773 -26.469477 14
12.071329 -2.949353 -26.745317 6
11.225049 -2.707863 -27.227437 10
11.177369 -2.122183 -28.063307 4
10.243199 -1.854913 -27.970667 3
10.681839 -1.354353 -28.607927 5
10.140619 -0.574103 -28.695657 5
9.244609 -0.329433 -28.850897 9
9.506639 -1.086443 -29.329617 3
8.587599 -1.330083 -29.577597 9
8.643819 -1.063983 -30.462117 9
8.623169 -2.084533 -30.346757 12
8.746199 -1.960743 -31.265097 3
9.553769 -2.435293 -31.158957 10
8.903189 -3.057333 -31.622387 3
9.337769 -2.444393 -32.186687 1
9.627819 -1.925523 -32.994787 10
10.082269 -1.354703 -33.614087 13
9.903349 -1.872263 -34.463887 13
9.447589 -2.655953 -34.940887 4
9.051259 -2.980053 -35.713387 4
8.672269 -2.285253 -36.271287 6
7.799869 -1.919313 -36.153087 10
7.288629 -1.166973 -36.490587 6
7.280699 -0.318093 -36.067587 13
8.034479 0.015957 -35.567987 10
7.284329 0.396587 -35.074987 9
6.99688 0.749287 -34.200487 8
7.630819 0.264507 -33.627887 1
8.263069 -0.101243 -33.002887 1
9.122919 0.104607 -32.697387 5
9.660759 -0.411373 -33.369087 13
9.028119 -0.377333 -34.123487 10
9.055559 -0.994433 -34.875387 13
8.748569 -1.651033 -35.479887 6
8.051399 -2.311163 -35.246187 3
7.447999 -2.830323 -35.810387 3
7.407349 -3.094023 -36.868687 13
8.016779 -3.531753 -36.251887 4
8.631709 -4.179413 -35.966987 4
9.560459 -3.940683 -36.039487 4
9.336019 -4.719763 -36.520187 4
8.920639 -5.275603 -37.116687 5
8.786209 -5.712563 -36.165087 6
9.710349 -5.526593 -36.125087 4
9.724969 -6.007293 -35.339987 10
8.847899 -5.718553 -35.030287 4
8.360129 -6.358491 -34.506387 3
8.292219 -6.55927 -33.561887 11
8.051279 -7.379474 -34.081587 4
8.937779 -7.393121 -33.736687 10
9.067669 -7.283072 -32.799487 9
8.331109 -7.805741 -32.332687 11
8.344319 -7.791181 -31.340187 8
8.960839 -7.819085 -30.524077 11
9.562999 -7.895504 -31.309337 10
10.354549 -8.480443 -31.420587 4
11.204099 -8.010742 -31.658487 10
11.638459 -7.316748 -31.120047 13
10.805079 -7.289094 -30.578497 1
11.054549 -6.513781 -30.143347 6
11.157479 -5.603163 -29.914517 13
12.069799 -5.759963 -29.720987 1
11.891949 -4.887083 -30.144257 1
12.320979 -3.967933 -30.044607 10
12.605679 -3.210243 -29.579147 6
12.526449 -2.951043 -30.563737 10
12.017099 -2.170203 -30.286537 10
11.480479 -1.368193 -30.228167 5
11.027499 -1.579663 -31.026127 13
10.408639 -1.536203 -30.326327 4
10.248149 -0.633043 -30.659947 5
10.151159 -0.983323 -31.585087 3
10.868429 -1.353773 -32.148487 1
10.965169 -1.523033 -33.095887 13
10.866309 -2.364773 -33.490287 9
10.091899 -2.864543 -33.807487 15
10.194829 -3.387203 -34.612087 4
10.247319 -4.129363 -35.361787 4
10.469099 -5.079133 -35.224087 4
11.204149 -5.560913 -35.039987 1
11.008739 -6.401282 -34.690987 3
11.228719 -7.322226 -34.488687 8
10.435459 -7.132707 -34.003087 12
11.036309 -6.552791 -33.539387 6
10.441949 -5.756443 -33.416287 10
9.604309 -5.350473 -33.700987 9
9.364429 -4.557573 -34.225487 4
8.819569 -4.139653 -33.474187 3
9.160239 -3.364093 -33.928287 4
8.440509 -2.898423 -33.472687 2
7.481549 -2.864523 -33.445787 13
6.872922 -3.665433 -33.250487 5
7.073936 -4.228273 -34.048387 10
7.156979 -3.525473 -34.627487 3
8.028989 -3.605643 -34.914587 4
8.438169 -4.501593 -34.869087 4
8.008089 -5.069093 -34.217087 11
7.195152 -5.481573 -33.727487 15
6.849741 -6.140308 -33.111087 13
6.897918 -6.130641 -32.105287 1
6.475847 -6.485042 -31.355787 13
6.995888 -7.002677 -30.718407 10
7.234989 -6.100602 -30.908727 4
8.156819 -5.956013 -30.981197 6
8.046419 -5.017823 -30.775587 10
7.427899 -5.176103 -29.979377 6
6.543136 -4.614343 -30.175037 4
6.298687 -5.469973 -29.756927 3
5.375129 -5.382873 -30.143677 1
5.001179 -4.592593 -29.844737 1
4.085739 -4.848903 -29.660747 10
3.463769 -4.828723 -30.452917 10
3.111629 -3.934923 -30.573697 1
2.880209 -3.104813 -30.989477 9
3.239589 -2.488623 -31.679687 1
2.986519 -1.494063 -31.392387 1
2.249669 -1.423033 -32.010787 1
1.546679 -0.745493 -31.996787 5
1.328999 -1.404513 -32.674487 13
2.207619 -1.367053 -33.133287 13
1.983149 -0.902993 -33.928587 4
1.005629 -0.867603 -33.924487 1
1.297279 -0.811603 -34.837387 10
0.507959 -0.331453 -34.951587 4
0.537319 -0.337033 -35.997587 13
1.149509 -0.358663 -36.691587 8
1.638879 -0.355353 -35.875487 11
2.624299 -0.400903 -35.986987 3
2.917729 0.280707 -35.312687 10
3.029329 0.322987 -34.360887 5
3.810469 0.896137 -34.479087 10
3.936009 1.815777 -34.792287 8
4.781849 1.592507 -34.479487 11
5.089729 2.632647 -34.454987 6
5.675366 2.467157 -33.657787 9
5.788226 2.190187 -32.774887 15
5.535886 2.208187 -31.803587 1
6.047497 1.434737 -32.013587 4
6.748672 1.372437 -31.415787 4
6.691671 0.491117 -31.775687 6
7.251629 0.969917 -32.453087 4
7.557249 1.518497 -33.198687 10
7.616249 2.295017 -33.840787 5
8.631229 2.096437 -33.621287 11
9.217689 1.312647 -33.919887 3
10.043529 0.863307 -33.833987 4
10.662379 0.355607 -34.337287 13
11.196129 -0.505503 -34.586887 13
11.535749 0.305417 -35.023887 13
11.132119 1.160567 -35.033687 8
11.071409 2.118767 -34.994787 1
10.177609 1.910937 -34.641387 6
9.808729 2.470417 -35.404287 10
9.538579 3.018397 -36.067787 3
9.315619 2.708457 -37.015287 4
8.449829 3.144997 -37.084487 5
8.135949 2.885147 -37.985387 4
7.433319 2.591217 -38.664787 9
8.029789 2.234417 -39.339887 10
8.424479 3.079497 -39.541887 13
8.421319 3.749897 -38.920987 12
8.356989 4.459897 -38.208787 10
8.369459 4.995797 -37.376287 4
9.115439 5.038197 -37.912287 3
9.682479 4.627497 -37.218787 1
10.015259 4.577297 -38.191487 4
9.591609 4.665897 -39.058187 1
9.460629 4.311597 -39.896887 1
9.520809 3.350597 -39.950087 1
10.046829 2.745457 -40.569887 3
9.791769 2.798807 -41.458387 4
9.745909 2.718647 -42.425687 4
9.039559 3.391197 -42.363787 10
8.608109 3.211597 -43.254387 15
8.002949 2.587917 -42.802687 1
8.427159 1.655397 -42.908987 10
8.008689 1.671367 -41.958587 1
7.804519 0.755917 -41.913187 11
8.755899 0.825437 -42.147387 3
8.722269 -0.119963 -41.992487 10
9.528239 -0.205353 -41.461487 6
9.691099 -1.097033 -41.086987 4
9.778179 -1.182873 -40.150587 4
8.930629 -1.686783 -40.264987 9
8.644979 -1.351323 -39.401287 13
7.965429 -0.636013 -39.140587 10
7.413469 0.100217 -38.780887 11
7.975479 0.731097 -38.343787 13
8.562399 1.179317 -37.752287 5
9.037829 0.381587 -37.778687 10
9.445869 -0.412973 -38.120687 1
9.100269 -0.809273 -37.253287 6
8.224519 -0.508623 -37.451887 13
8.432349 -1.226523 -38.040587 8
7.570649 -1.550283 -37.623987 12
8.026029 -2.359513 -37.335087 10
8.882419 -1.804693 -37.306487 6
9.288579 -2.712863 -37.474987 4
9.866009 -2.500663 -36.765887 6
10.137859 -3.384173 -36.744187 4
10.786499 -3.862393 -37.236787 10
9.886939 -4.137733 -37.472787 4
10.083929 -4.874373 -37.953387 10
10.911889 -5.078893 -37.384587 3
11.422569 -4.889233 -36.545887 4
12.107629 -5.402243 -35.926687 8
12.330299 -5.757693 -35.136987 13
12.324359 -5.106433 -34.399187 1
12.046139 -4.797783 -33.534187 13
11.769789 -4.535433 -32.655887 4
11.666169 -4.053723 -31.854187 3
12.602099 -4.094113 -32.154087 10
13.497179 -4.091193 -32.437187 1
13.951999 -3.294363 -32.096287 10
13.750609 -3.150123 -33.044187 1
13.794929 -2.164983 -33.283587 4
14.088429 -1.593283 -33.991387 4
13.200939 -1.018933 -34.067287 13
12.529949 -1.667293 -34.196587 9
11.924959 -1.601303 -34.926987 13
12.432029 -1.887413 -35.744187 1
13.013909 -2.725703 -35.867087 5
12.538039 -3.029713 -36.755787 4
12.417369 -2.787393 -37.664187 10
13.215989 -3.106383 -38.105387 10
13.138399 -4.034273 -37.939087 4
14.089659 -3.974223 -38.054987 10
14.484299 -4.098383 -37.122487 6
15.143349 -4.570083 -37.658787 15
16.026159 -4.720813 -37.278887 11
16.127159 -5.574993 -36.987987 10
15.316889 -6.151352 -36.904487 9
14.522009 -6.260043 -36.353187 4
14.709289 -6.9187 -35.679987 6
15.286189 -7.436239 -34.963487 13
15.679069 -8.256683 -34.672787 3
16.099479 -9.089223 -34.646887 9
15.430519 -9.755333 -34.488587 4
14.651389 -10.066563 -34.928487 3
15.294449 -10.751103 -35.053987 4
15.121399 -11.694313 -35.311687 13
15.190569 -12.635903 -35.278587 9
15.474809 -13.187123 -36.092187 5
15.131979 -12.445053 -36.565687 10
14.346329 -12.052093 -36.027087 8
13.790879 -11.710323 -36.769087 7
13.707679 -11.984093 -37.702387 5
13.236379 -11.156723 -37.763987 1
13.085769 -10.405423 -38.344387 4
12.412699 -10.399373 -39.048887 5
12.522719 -9.536143 -39.542287 13
12.007109 -8.804463 -39.834487 10
11.370169 -8.420743 -40.526587 6
12.053399 -7.800968 -40.360587 4
12.308469 -7.045582 -39.756887 1
11.544669 -6.591557 -39.441187 12
11.496159 -5.618173 -39.453887 4
11.000959 -4.889153 -39.162687 10
11.806699 -4.932983 -38.638687 10
11.785949 -5.565213 -37.893887 4
12.366699 -6.261287 -37.977187 1
11.456849 -6.686437 -37.859987 1
10.906599 -6.97063 -37.105887 10
10.924199 -7.786015 -36.778787 1
11.806179 -7.408546 -36.845587 3
12.527839 -7.079334 -36.263987 1
12.693529 -7.99383 -36.434687 6
13.211329 -7.649916 -37.187587 11
12.633749 -7.776986 -37.979887 4
13.342349 -8.236073 -38.521287 4
13.367829 -7.292464 -38.855287 8
12.923689 -6.45746 -39.192687 13
13.850139 -6.420177 -39.360287 3
14.018729 -5.668993 -40.019587 13
13.755829 -4.747813 -40.028487 14
13.983639 -4.688983 -39.102587 10
13.291719 -5.370143 -39.225387 4
12.517009 -4.837133 -39.397587 13
12.760989 -4.126873 -38.831587 10
12.035389 -3.900313 -38.203887 10
12.018409 -4.045803 -37.195787 13
12.586669 -4.622273 -36.728887 11
13.122279 -4.145873 -36.114087 15
13.497609 -4.508813 -35.297387 9
13.673129 -3.738923 -34.818887 5
14.085679 -3.417673 -34.007987 6
14.562159 -2.917323 -34.800687 5
14.979239 -2.523473 -34.075787 4
15.320349 -3.339003 -33.822787 9
15.032989 -2.839443 -33.050387 4
15.558359 -3.544243 -32.686687 6
15.216809 -3.447873 -31.778787 10
16.092849 -3.162063 -31.927787 13
15.693579 -2.322803 -32.411187 4
15.115649 -2.225033 -31.634087 10
14.410889 -1.840703 -32.191087 4
13.713149 -2.382193 -31.662387 10
13.461589 -2.728183 -30.766917 10
14.111109 -2.749013 -30.109107 10
14.649939 -3.424083 -29.621527 8
15.211799 -4.104103 -29.214367 7
14.865639 -4.082933 -28.290837 3
15.372129 -3.747343 -27.533017 4
15.102209 -2.901533 -27.816307 1
16.028049 -2.838923 -28.253207 10
15.992929 -2.181013 -28.993477 4
16.882999 -2.543963 -28.969277 1
17.026699 -1.687323 -29.269637 1
17.775599 -2.111883 -29.651537 13
17.319099 -2.941203 -29.866247 5
17.081599 -2.323973 -30.543637 1
17.445199 -1.594493 -31.095747 13
17.220999 -1.363503 -32.007987 13
17.046299 -1.960593 -32.865087 4
17.860199 -1.941733 -33.408887 11
17.091699 -2.618843 -33.708387 4
16.382299 -3.321483 -34.032287 4
16.679699 -3.345523 -33.078387 14
17.432699 -3.864323 -32.816087 11
16.586699 -3.959563 -32.288287 12
16.817199 -4.708023 -31.745587 6
15.820299 -4.968783 -32.042687 4
15.443749 -4.498563 -31.319737 10
16.030299 -3.730683 -31.014777 3
16.091359 -2.754063 -30.985837 13
15.275689 -2.490413 -30.466057 10
15.089169 -1.745823 -29.895667 6
14.109109 -1.817253 -29.700647 10
13.900969 -1.311263 -28.907207 9
13.307949 -2.073763 -28.782767 10
12.427869 -1.787683 -28.494427 4
11.780839 -1.185153 -28.784907 5
12.675559 -0.939163 -29.119367 1
11.935419 -0.695653 -29.649667 5
12.503749 -1.271773 -30.181137 10
12.343679 -0.907853 -31.084267 10
12.199429 0.015997 -31.289557 5
12.510999 0.895397 -31.650987 1
13.472569 0.927047 -31.900187 3
12.937099 0.174647 -32.227187 15
13.750409 -0.104693 -32.661787 4
14.090109 -0.119313 -33.515987 4
13.683809 0.577367 -34.094387 15
12.783019 0.202807 -34.070787 13
12.520649 0.841327 -33.381887 4
11.661649 1.286057 -33.448287 1
10.938529 0.571467 -33.259487 13
11.110339 0.113177 -32.407187 1
11.774259 -0.386603 -32.956787 13
11.840259 -0.855453 -33.784987 13
12.586699 -1.137143 -33.159987 6
13.264909 -1.407943 -32.544187 4
12.579869 -2.008013 -32.139587 10
11.974979 -2.539743 -31.575187 10
11.056889 -2.976663 -31.426187 9
10.493619 -3.413003 -32.093487 4
11.120979 -3.545283 -32.809187 9
11.883049 -3.130883 -32.412087 10
12.344839 -2.873183 -33.175987 7
12.449949 -3.608263 -33.758887 8
12.333549 -2.927203 -34.476787 5
11.467549 -2.533703 -34.484087 13
11.097289 -3.276713 -35.051987 4
11.905549 -3.004963 -35.450187 11
11.808559 -3.995273 -35.586187 3
11.039439 -3.712163 -36.107587 4
11.273069 -2.874243 -36.544687 10
11.768939 -2.205623 -37.010187 8
11.180789 -1.854913 -37.630987 6
11.879939 -2.087953 -38.201087 10
11.071239 -1.964603 -38.644487 4
10.367349 -1.359913 -38.678387 4
9.814719 -2.184003 -38.636887 1
10.221159 -2.461073 -37.743987 6
10.432319 -3.260403 -38.296187 10
11.312679 -3.219613 -38.792187 10
10.886319 -2.833153 -39.503887 4
9.997359 -3.210613 -39.669387 1
10.637239 -3.801193 -39.367587 10
9.801009 -4.130443 -39.330487 6
9.599419 -4.538403 -40.135287 13
9.631099 -4.348243 -41.175687 1
10.240749 -4.609963 -41.834287 4
9.724579 -5.369693 -42.234587 12
9.499059 -4.788493 -43.055387 1
10.402469 -4.460903 -43.261587 1
11.220729 -3.921713 -43.366787 10
11.908739 -4.647943 -43.262387 15
11.415789 -4.978123 -42.547387 5
11.642049 -5.984803 -42.323087 4
11.014319 -6.275612 -41.569487 13
11.425899 -5.483053 -41.353787 14
11.000249 -4.996433 -40.616187 13
11.523149 -4.259993 -40.452487 10
12.453609 -3.996383 -40.604787 5
12.703049 -3.645423 -39.754687 10
11.961099 -3.046303 -39.853787 10
11.661499 -3.062033 -40.799187 13
11.032419 -2.335653 -40.560287 4
10.013779 -2.123003 -40.438287 4
10.147399 -2.748763 -41.245587 15
9.379819 -2.298643 -41.539487 3
8.982389 -2.706413 -42.308587 11
9.961459 -2.636433 -42.612487 6
9.369609 -3.056863 -43.282987 7
10.282979 -3.297523 -43.519087 1
10.554459 -2.488953 -43.962587 1
10.853289 -2.357113 -43.054687 4
11.018859 -2.295303 -42.151087 10
10.476079 -1.719413 -41.718387 4
11.294219 -1.328673 -42.069287 9
10.655989 -0.967413 -42.656387 13
10.710159 -0.471083 -43.531687 10
11.256819 -0.172573 -44.212487 4
11.851329 -0.915973 -44.445987 3
12.806369 -0.828623 -44.548187 4
13.726349 -0.763303 -44.770987 10
14.281289 -0.209793 -44.089587 11
13.807999 0.013837 -43.298887 6
13.117269 -0.199243 -42.698387 5
12.905889 -1.113433 -42.493487 9
13.176399 -2.004683 -42.765387 13
13.251169 -2.276923 -41.808287 9
14.183979 -2.199203 -41.531387 8
13.904499 -2.238833 -40.579087 10
13.651419 -3.042693 -41.004987 4
13.781689 -3.442133 -40.144787 10
14.574169 -4.068033 -39.896487 13
15.381039 -4.525113 -39.399787 8
14.801279 -3.834033 -38.902387 10
15.283439 -3.153373 -38.481887 4
16.148479 -3.076323 -38.043487 7
16.325199 -2.444693 -38.811787 4
15.843429 -1.609783 -38.570387 5
14.994619 -1.574923 -38.929187 1
14.053159 -1.650923 -38.577087 10
13.277779 -1.098533 -38.787087 10
12.465749 -0.936463 -39.381487 4
12.193299 -0.124243 -38.800187 4
12.321959 0.056577 -37.813787 5
13.043319 0.731977 -38.214787 3
14.001809 0.469487 -38.269487 1
14.179179 0.240687 -37.341987 1
13.296959 -0.164573 -37.318087 10
12.797229 0.561177 -36.828787 1
11.988739 0.972177 -36.302887 1
11.397719 0.279757 -36.039487 13
11.049109 -0.499793 -36.358987 13
10.090489 -0.378513 -36.521687 6
10.231909 0.396147 -37.074687 10
9.710929 0.705307 -36.343787 7
9.310149 1.006347 -35.502887 4
9.459039 0.111057 -35.208587 13
8.992059 -0.456743 -35.794387 6
9.813359 -0.874563 -35.575487 13
10.742669 -1.163603 -35.309787 13
10.287599 -1.969103 -35.550287 4
10.611059 -1.660703 -36.436087 6
11.591509 -1.498663 -36.332987 13
12.264709 -0.823383 -36.543787 13
12.578619 -1.511993 -37.149287 10
12.475139 -0.984573 -37.986287 10
11.589569 -0.698803 -37.877087 4
10.676869 -0.571653 -37.678887 6
10.372309 0.227837 -38.200487 10
11.080319 0.155627 -38.849487 4
10.355129 0.216057 -39.410287 15
10.700989 -0.563543 -39.727587 4
10.799819 -0.064533 -40.557087 4
11.577119 0.500107 -40.582887 10
12.238769 0.102117 -41.201187 5
11.669219 -0.676563 -40.937887 4
12.640889 -1.000913 -41.022087 9
12.813129 -1.638363 -40.367187 10
11.939159 -2.012913 -40.736187 9
11.680359 -1.303283 -40.127187 4
11.761579 -1.946563 -39.411987 4
12.685339 -1.948273 -39.175487 10
13.420399 -2.522233 -38.997187 10
14.146119 -2.676693 -39.565387 10
15.123689 -2.775323 -39.465887 3
15.167469 -2.949163 -40.396187 1
15.952359 -2.280503 -40.357887 11
15.631709 -1.720913 -41.115887 1
14.685319 -1.321183 -41.012687 11
14.378399 -0.908363 -40.237287 10
14.377869 -0.764453 -39.301987 10
15.035819 -0.075823 -39.066287 1
15.001929 0.573367 -39.765287 10
15.396039 0.778187 -40.598187 7
14.960209 0.627757 -41.484187 10
14.307849 1.161187 -41.017487 12
13.673389 1.694717 -40.531987 7
13.169409 0.968167 -40.256587 3
12.695319 0.422227 -39.571987 4
11.838749 0.975427 -39.659887 4
10.774899 1.237767 -39.810787 13
11.067679 1.617747 -38.995687 7
11.770659 1.603167 -38.305987 5
12.288999 2.071117 -38.922287 10
13.116749 1.871977 -38.496187 7
12.989549 2.285167 -37.661487 8
13.254359 2.887107 -37.029087 10
13.450419 2.513047 -36.158787 4
13.221949 1.535937 -36.043887 1
13.229789 0.744507 -35.546887 4
12.526429 0.062107 -35.702887 13
12.875129 -0.876743 -35.636787 13
13.656569 -0.326363 -35.754387 5
14.449629 -0.821403 -35.399787 10
15.165089 -0.352233 -35.903987 1
15.436739 0.055477 -35.072987 10
14.456389 0.105527 -34.700287 1
14.983699 -0.657253 -34.486387 7
15.024849 -0.605883 -33.537687 4
15.287619 0.267447 -33.552187 4
15.386649 1.151847 -34.033387 9
15.606659 2.136387 -34.127087 12
16.364599 2.598427 -34.381187 1
16.863399 3.142497 -33.776987 10
16.415599 3.907597 -34.191987 9
16.296099 4.407197 -33.355387 6
16.658499 3.983297 -32.590887 13
16.568699 2.991497 -32.548187 4
17.183199 2.251997 -32.743087 10
16.955399 1.300887 -32.967887 10
16.600599 0.916897 -32.134287 11
15.674069 0.804967 -32.373387 4
14.912139 1.362687 -32.255487 3
15.727929 1.709357 -31.670087 5
16.082299 1.767987 -30.805907 4
16.980899 1.551597 -30.784697 11
17.411899 1.160857 -31.573887 10
18.135199 0.615237 -31.199467 13
17.353199 0.344497 -30.674227 15
17.015899 -0.547873 -30.511417 13
16.414099 0.115127 -30.780077 15
15.469649 0.154027 -30.761997 8
15.315829 -0.346673 -31.538587 4
14.941059 -1.182363 -31.350387 10
15.164909 -1.149113 -32.362687 4
14.371529 -0.769093 -31.921687 4
13.647509 -1.190273 -31.446187 10
13.474159 -1.156013 -30.485697 10
14.089889 -0.684293 -29.906317 1
14.301309 -0.154523 -29.088147 1
14.184179 -0.368243 -28.202097 7
14.309519 -1.272343 -27.893057 4
14.686219 -1.990783 -27.333677 3
14.573679 -2.230013 -28.244637 1
14.224689 -3.085613 -28.429747 1
13.568749 -3.048733 -29.177307 10
13.094029 -3.626153 -28.551537 4
13.590239 -4.128913 -29.184367 10
13.173679 -4.839983 -29.577127 5
13.556949 -5.455663 -29.003237 7
14.289149 -5.248003 -29.534607 4
14.319829 -4.933513 -30.560277 7
14.398259 -3.932203 -30.506827 10
13.703519 -3.791573 -31.117337 10
12.852739 -4.016653 -31.002847 10
12.593589 -4.939433 -31.214577 6
13.253799 -4.950303 -31.936987 9
12.920539 -5.334283 -32.809387 4
13.818849 -5.675003 -32.847487 6
14.052249 -5.904973 -31.942487 10
14.734419 -6.372072 -31.463787 5
14.643859 -7.342202 -31.573687 4
15.217909 -7.696163 -32.286887 1
15.894279 -7.39743 -32.882587 1
16.390599 -7.512697 -31.990487 10
17.256999 -7.352197 -31.677987 10
17.866199 -6.824824 -31.186847 1
17.821599 -5.938803 -31.692687 7
18.132699 -5.076873 -31.768387 4
18.088299 -4.093273 -31.751587 3
18.210399 -3.121443 -31.977487 9
17.992099 -2.395733 -31.471487 13
18.662499 -2.947693 -31.008237 1
19.235499 -2.211933 -31.334687 13
19.755499 -1.573293 -31.861787 1
19.059199 -1.727653 -32.448587 13
19.513799 -1.156703 -33.130987 11
19.401799 -0.189983 -33.069287 10
19.185999 -0.535993 -33.924687 11
18.588399 0.049437 -34.457187 10
17.926599 -0.178673 -33.894187 10
17.143299 -0.579873 -34.246087 4
16.447499 -0.968793 -34.825587 4
16.805799 -1.547353 -35.513887 8
17.515499 -2.017813 -36.017087 13
18.181299 -1.826293 -35.314887 3
17.765599 -1.701163 -34.343287 4
18.245899 -2.509063 -34.484687 11
17.766199 -3.334243 -34.827187 8
17.122799 -2.573763 -34.969887 7
16.316699 -2.358063 -34.588487 4
15.649469 -2.870193 -34.874087 6
15.231019 -2.936363 -35.742487 5
15.458509 -2.184243 -36.358687 6
14.740139 -2.075993 -37.020187 4
14.060449 -2.245143 -37.674287 10
13.353669 -2.162063 -37.053787 10
13.934239 -1.879463 -36.359987 1
14.171509 -2.015773 -35.424987 5
14.987119 -1.912243 -34.827487 7
15.579089 -1.494993 -34.048887 4
15.904689 -1.293813 -33.150787 4
16.268099 -1.510153 -32.302487 13
16.374599 -0.738623 -31.784687 5
16.988099 -0.186893 -32.247287 1
16.820399 -0.712293 -33.017187 4
17.054599 0.151877 -33.428287 15
17.762199 0.401367 -32.697887 10
18.156699 -0.474083 -32.411687 13
18.825099 -0.258983 -31.718487 13
18.619099 0.578027 -32.176487 10
19.123599 1.320577 -32.517987 10
19.050699 1.319167 -31.533587 9
18.769499 2.185037 -32.071187 10
18.167099 2.890897 -32.182487 15
18.217099 2.438417 -33.016887 10
18.460299 1.735307 -33.521187 10
17.917999 1.073537 -34.047687 10
17.185299 0.534417 -34.302487 9
16.626399 1.098197 -34.782487 15
17.397599 1.714257 -34.848987 10
17.845199 2.386097 -35.498687 4
18.811699 2.466567 -35.560787 10
19.758899 2.354507 -35.549887 7
20.097799 1.463757 -35.658087 12
20.380799 2.048057 -36.439887 12
19.596999 2.263737 -36.887187 4
20.041699 2.550227 -37.715587 10
19.376199 2.089847 -38.209587 4
19.167199 1.809037 -39.137187 7
19.335799 1.875057 -40.120587 1
19.949699 1.402967 -40.722187 7
20.469699 0.724417 -41.122987 1
20.699299 -0.065053 -40.552887 7
20.067199 -0.200523 -41.277387 3
19.686399 -0.416483 -40.391687 1
19.768699 0.438187 -39.937887 7
19.474499 -0.207903 -39.232387 13
18.783999 0.532107 -39.285987 1
18.792399 0.726967 -38.304687 4
18.329699 1.342667 -37.651287 4
17.782499 0.569977 -37.886587 7
17.307599 0.872777 -37.088187 13
17.501699 1.793957 -36.672387 9
16.928199 1.999997 -37.435587 11
17.178599 2.901257 -37.283987 7
16.518499 3.584797 -37.053487 10
16.311099 3.068097 -36.185687 6
17.167699 3.211297 -35.844487 14
17.654999 3.408097 -35.039487 11
18.057999 3.001997 -34.293787 10
18.976199 2.795057 -34.041987 10
19.509499 2.026617 -34.361687 10
20.384599 1.817107 -34.761687 12
20.839199 0.982777 -35.069387 12
20.886299 0.849717 -36.031887 12
20.192499 1.095067 -36.659487 4
20.428099 1.579017 -37.408987 4
21.377999 1.403497 -37.496487 7
22.069599 1.995787 -37.104087 13
22.409399 1.417957 -37.834987 7
23.086999 1.992157 -38.036787 14
23.996599 2.025637 -38.294487 12
24.089599 2.223627 -39.228887 4
23.289799 1.747937 -39.534887 10
22.404399 1.507977 -39.214387 7
21.842399 0.888087 -39.673987 7
21.731799 0.469857 -40.497187 7
21.817999 -0.461633 -40.729287 10
21.431799 -1.387093 -40.623787 1
20.439899 -1.570793 -40.675287 1
19.497199 -1.612843 -40.425387 1
19.022999 -2.361123 -39.953787 10
18.511099 -2.931763 -39.414987 7
18.657399 -3.672023 -40.040287 1
19.392399 -4.199123 -40.394987 10
18.996399 -4.842033 -39.725287 7
19.173899 -4.283233 -39.013387 4
20.168699 -4.189563 -39.150987 1
20.759999 -4.355323 -38.406587 10
20.290699 -3.956153 -37.632887 3
19.363999 -4.061253 -37.444487 12
19.324499 -4.945843 -37.029887 10
19.748299 -5.550423 -36.278187 14
19.725299 -6.328263 -36.902387 10
18.931599 -6.436055 -36.306687 4
18.711299 -5.802733 -35.618787 7
18.604899 -5.087783 -34.923687 5
19.058199 -4.315733 -34.589487 1
18.893799 -3.614383 -33.939687 9
19.387099 -3.338173 -34.763487 15
19.404699 -2.443803 -34.279687 11
19.710599 -2.190023 -33.459387 11
20.501799 -2.631973 -33.099687 1
20.673399 -2.529043 -32.093287 7
20.635499 -3.277973 -31.545687 4
21.571999 -3.132983 -31.313277 10
21.616899 -4.084353 -31.623887 9
21.493199 -4.253323 -32.575787 7
20.919199 -4.933273 -32.931587 10
20.303999 -5.723243 -33.042287 12
19.444099 -6.033849 -33.396587 15
19.735799 -5.761533 -34.314787 7
20.475599 -6.282814 -34.669987 10
20.614999 -7.262008 -34.799987 13
21.050699 -7.999788 -34.464187 10
20.926199 -8.714863 -33.831187 14
20.808499 -9.340313 -34.458987 10
20.709599 -9.766253 -33.570087 14
20.456499 -9.612523 -32.590587 7
21.074799 -9.383413 -31.904387 7
21.959899 -9.739643 -32.153687 13
21.773699 -10.210343 -33.008087 1
21.867499 -10.961693 -33.596087 10
21.104699 -10.987403 -32.942887 7
21.684599 -11.727083 -32.798387 1
21.249499 -11.923253 -31.940087 10
21.736199 -12.737623 -32.036687 4
22.434699 -13.153973 -32.541587 1
23.374799 -12.939573 -32.843187 7
23.756099 -13.729963 -32.459487 1
23.472999 -14.470483 -33.006887 12
23.022299 -15.292333 -33.076787 7
23.296199 -15.189583 -34.018687 4
24.059599 -15.620823 -34.408087 1
24.782799 -15.197123 -34.809287 1
24.562499 -14.244113 -34.895387 12
24.682799 -13.298993 -34.682587 8
25.474199 -13.716863 -35.120287 1
26.365699 -14.049163 -35.537187 10
27.298599 -13.935403 -35.691587 7
27.158899 -13.383423 -36.475187 10
27.858099 -13.186983 -37.082487 11
27.312199 -13.429393 -37.783687 4
26.570699 -13.970523 -37.447487 12
25.855799 -14.407383 -37.837787 7
25.355599 -15.260683 -37.575987 10
25.498699 -16.109613 -37.881087 4
26.432899 -16.142843 -38.017287 6
26.439399 -17.112203 -38.048087 7
25.874899 -17.885003 -37.684787 11
25.490699 -18.579503 -38.209087 13
24.623399 -18.670403 -38.504887 9
24.780499 -18.881503 -37.563187 7
24.212799 -18.853403 -36.859687 10
23.923599 -18.144103 -36.206087 7
23.271299 -18.106803 -35.467187 10
23.089499 -17.184403 -35.333287 13
22.326099 -16.589383 -35.252187 5
22.210599 -15.866293 -34.650787 10
22.458099 -15.026143 -35.100187 7
21.614699 -14.564593 -35.414187 14
21.162699 -13.926243 -34.915287 15
21.030799 -13.014923 -35.241587 1
21.344899 -13.159633 -36.133687 1
21.262699 -14.030363 -36.642887 11
21.058999 -13.432653 -37.324787 7
20.187199 -13.402073 -37.757887 10
20.174799 -12.448783 -38.121087 1
20.904299 -12.045373 -37.602587 7
21.606099 -11.782203 -36.939787 1
21.170499 -10.931193 -37.104287 10
21.865699 -10.544303 -37.633487 10
21.209099 -9.841073 -37.459887 1
20.549699 -9.055783 -37.452287 4
20.665599 -8.236873 -37.875787 7
20.218099 -8.378843 -38.757087 16
19.537899 -9.054073 -38.531787 6
20.479799 -9.525823 -38.520287 1
19.712899 -9.878403 -37.983587 4
20.159399 -10.822803 -37.917787 1
19.755599 -11.039143 -38.832987 10
19.378599 -11.920823 -38.938687 14
18.529899 -11.562573 -38.887687 7
18.636499 -12.260573 -39.599387 11
19.223899 -11.735803 -40.070687 7
19.546799 -10.951193 -40.514587 10
19.288199 -10.412823 -41.372287 11
18.416099 -10.262663 -40.903587 1
17.604599 -10.387243 -40.485987 10
17.620699 -10.428373 -39.525487 11
17.679099 -9.667363 -38.889387 10
16.985499 -8.977743 -38.634987 4
17.439199 -8.344153 -38.073987 10
17.459499 -7.510992 -38.611987 14
16.868299 -6.865415 -39.010987 7
16.962799 -6.148486 -39.718387 9
17.687299 -6.173503 -40.419687 12
17.756299 -5.283383 -40.664587 13
18.523599 -5.067313 -41.243787 4
18.321499 -4.307133 -41.880687 7
18.614499 -4.153893 -42.735687 12
19.033599 -3.295833 -42.718487 7
19.890599 -3.874163 -42.826187 12
20.514299 -3.633883 -42.122087 1
21.072499 -3.175953 -41.418387 10
20.611999 -2.277663 -41.468487 12
20.502499 -1.541823 -42.038387 1
20.735599 -0.662403 -42.361287 7
20.363199 0.229397 -42.386387 10
21.097299 0.582587 -42.937287 12
21.260799 0.769047 -41.967587 15
21.333499 1.408597 -41.177687 7
22.066499 1.816127 -41.720887 4
23.028599 1.875587 -41.522087 15
22.818899 2.568937 -40.901887 7
21.888499 2.731077 -40.757987 7
21.044899 2.895337 -41.122687 15
20.278099 2.797567 -40.631787 1
20.879899 2.109527 -40.189887 7
21.284499 1.804817 -39.462287 7
21.036099 2.709507 -39.235587 15
20.625899 2.024277 -38.651087 7
21.057499 2.771657 -38.152087 1
21.309099 3.542197 -37.651187 1
21.398199 4.039597 -36.839587 10
20.658499 3.695797 -36.212887 3
20.596599 2.957257 -35.562687 1
21.522299 2.872367 -35.930887 12
22.092799 3.288297 -35.259287 10
22.039199 3.086497 -34.261887 7
21.162399 2.680737 -34.581587 1
21.489799 1.711657 -34.588587 12
21.973899 1.159277 -35.226487 12
22.806599 1.379917 -35.650087 16
23.495299 1.686837 -34.943387 10
23.022499 2.485197 -34.486487 7
23.632699 3.274997 -34.754187 11
23.813699 4.233097 -35.024087 1
24.124499 4.610497 -34.170787 1
24.104099 3.998297 -33.386087 7
24.866399 4.581597 -33.154387 15
25.786699 4.730497 -33.307387 15
26.703899 4.642697 -33.632787 5
27.540199 4.525697 -34.046687 16
27.735799 3.797297 -34.659287 7
27.844499 2.917947 -34.970787 1
28.014899 2.176097 -34.376787 12
27.425899 1.922807 -35.111087 1
26.464499 2.076757 -34.902787 4
25.590699 2.449327 -34.569387 9
25.092299 3.203097 -34.281587 10
24.375899 2.667457 -34.090287 7
24.796099 2.054287 -33.481387 7
24.409699 1.465377 -34.180587 7
24.573999 0.853847 -34.887487 12
24.984399 0.975417 -35.809387 1
25.366999 1.852267 -35.922787 7
25.943999 2.586537 -36.004687 1
24.980199 2.830697 -36.420687 1
24.510999 3.636297 -36.604987 1
24.472899 3.122997 -37.461687 1
23.828899 3.598197 -38.009487 1
24.175999 4.441597 -37.847387 7
23.857099 5.037797 -37.133587 1
23.314299 4.718397 -36.299587 4
22.383199 4.773597 -35.968387 10
22.024799 5.344397 -35.265087 1
22.798399 4.870497 -34.865987 1
22.409299 4.062597 -34.545087 15
22.733399 4.050597 -33.621287 7
23.016799 3.082897 -33.530187 7
23.006499 2.585607 -32.743587 7
22.453799 2.139057 -33.499087 7
21.739599 1.395427 -33.546187 12
21.538499 0.753237 -32.854187 11
21.198099 0.114967 -33.493487 12
21.433399 -0.630293 -33.977987 15
20.998199 -0.890293 -33.208987 15
20.311399 -0.411883 -33.795087 11
20.598899 0.092377 -34.576087 12
19.862299 0.677877 -34.554887 12
19.063199 1.109807 -34.238387 10
19.545199 1.174547 -33.420887 10
20.135699 1.559427 -32.773387 15
20.405299 2.118417 -33.443187 10
21.166899 2.462187 -33.143387 7
21.303399 2.985997 -32.348987 7
21.000699 2.336847 -31.735587 9
21.879699 2.741517 -31.436387 7
22.368499 3.195797 -32.070187 7
23.062199 3.674197 -31.576587 13
23.600399 2.920387 -31.916287 7
23.666299 2.949237 -30.957547 9
23.844999 3.722097 -30.400757 7
24.179999 2.999197 -29.843607 16
24.573399 2.309827 -29.383247 16
24.259199 1.420877 -29.537767 16
24.940099 0.779447 -29.894447 13
25.644299 0.951177 -30.512667 7
26.214699 0.392407 -31.010997 13
25.852499 0.844627 -31.869487 16
26.256399 0.098827 -32.313287 15
26.369099 -0.795433 -32.045387 12
27.165299 -1.252883 -32.303887 1
26.652699 -1.885623 -32.775487 10
26.372999 -2.334983 -32.031887 11
25.520299 -2.251653 -31.664587 12
25.560599 -1.691693 -32.461887 16
25.509699 -2.276423 -33.256787 7
25.428299 -2.039363 -34.296587 1
24.996799 -1.762843 -35.201487 7
24.770599 -1.901023 -36.096087 14
23.993999 -1.668583 -35.638687 7
23.285699 -1.494223 -36.248987 6
22.905599 -1.512133 -35.374287 4
22.241799 -1.442673 -34.713087 1
21.547799 -1.452413 -35.357987 1
20.851799 -1.387043 -34.676587 11
20.562199 -0.669683 -35.292887 12
19.947599 -1.471033 -35.290187 7
19.068299 -1.540223 -34.951987 11
18.724199 -0.751313 -35.584087 15
18.966999 0.183517 -35.692487 12
19.045099 0.816257 -36.446787 5
19.525399 0.254777 -36.995987 4
20.102799 0.513477 -37.735787 4
20.370499 1.093247 -38.474487 7
20.770299 0.581457 -39.199087 7
20.622299 -0.081603 -38.575087 11
21.452099 0.073797 -38.044387 7
22.181499 -0.502343 -37.656187 10
23.029599 -0.954783 -37.880387 7
22.463099 -0.906923 -38.655187 1
22.234799 -0.260713 -39.343387 9
23.210899 -0.488793 -39.405387 15
22.901899 -1.398823 -39.655187 16
23.455099 -1.962143 -39.073287 10
22.917499 -2.263833 -38.226087 7
23.307999 -2.365193 -37.336087 10
22.620999 -1.756663 -37.038787 16
21.854899 -2.224753 -37.298287 16
22.052299 -2.701653 -36.517587 15
21.186099 -3.135883 -36.315487 1
20.936299 -2.286053 -35.923487 14
20.541499 -1.405603 -36.328187 7
20.772999 -0.451283 -36.282587 12
21.619399 -0.117973 -36.398387 7
22.516499 0.150197 -36.222587 16
23.368999 -0.386773 -36.208387 10
23.281599 0.052367 -35.352487 13
22.388299 -0.108403 -34.816387 12
23.078899 -0.693863 -34.647287 1
23.209199 0.362077 -34.416787 1
22.719499 1.212577 -34.324187 12
22.915299 1.070277 -33.451387 1
22.958499 1.607707 -32.667387 7
23.779999 2.008367 -32.442787 7
24.254899 2.256347 -31.586187 13
24.702299 2.905407 -32.076487 7
24.679899 3.141197 -31.189637 1
25.441499 3.504397 -30.774867 15
25.192999 3.874497 -31.682887 15
25.250599 3.681597 -32.640287 6
24.275399 3.846297 -32.388687 7
24.463599 4.584097 -31.841687 15
23.750499 4.696997 -32.580687 7
23.387399 4.969297 -33.438387 9
22.922299 5.739297 -33.017087 16
22.265799 5.636297 -32.359087 7
23.012099 5.421097 -31.768087 11
22.284599 4.720897 -31.797887 4
22.184699 4.194297 -32.580887 7
21.255599 3.953097 -32.741687 7
21.371999 4.941297 -32.815087 15
21.099999 5.481797 -33.593887 7
20.339499 5.932197 -33.863887 11
20.220399 5.506997 -32.952787 13
19.548899 5.663197 -32.315587 12
19.052699 6.090497 -31.594687 16
19.639299 5.505297 -31.057237 7
19.636799 4.600697 -31.131787 1
18.809399 4.363497 -30.677477 11
18.037099 3.846197 -30.975777 1
18.296399 4.574997 -31.618087 16
18.895599 3.847597 -31.932787 9
19.371999 3.176997 -32.452387 10
19.951099 3.659897 -31.912687 12
20.466799 3.978397 -31.157577 7
20.729799 4.693897 -31.800387 7
20.650799 5.362597 -31.096527 11
20.425199 6.214297 -31.455287 10
20.971199 7.080897 -31.323787 14
21.934799 7.113297 -31.226917 12
22.676299 6.791697 -30.703867 1
22.632599 5.856397 -30.268287 7
21.922899 5.270197 -30.584287 10
21.225299 4.594997 -30.587527 7
21.769599 4.237397 -29.866847 16
22.317999 3.783197 -29.223007 12
23.135899 3.260097 -29.284667 16
22.729399 3.478097 -30.148037 5
22.891199 2.509937 -30.233717 16
23.029299 1.732767 -30.811707 7
23.185799 1.271087 -29.926767 16
23.324899 0.422567 -30.292047 4
23.805799 0.709507 -31.239277 15
23.306799 1.253097 -31.825887 7
22.339399 1.257617 -31.830387 7
21.949099 1.293427 -30.932677 1
21.192299 0.728327 -30.797177 15
21.334999 0.125027 -31.553687 1
22.128799 -0.383843 -31.521587 10
22.164199 -0.688893 -30.528857 1
22.839799 -1.376613 -30.454137 1
23.459199 -0.874443 -29.892097 1
23.589999 -0.161813 -29.124697 16
23.446299 -0.883823 -28.468137 1
22.639099 -1.418993 -28.421387 12
21.945499 -1.387193 -29.090887 7
21.351299 -1.382353 -29.956997 1
20.636699 -0.817193 -29.653027 12
19.937099 -0.920563 -30.298897 16
19.215299 -1.203493 -30.901547 13
18.383799 -0.777233 -30.721727 13
17.939699 -0.966703 -29.866937 7
18.092599 -0.074473 -29.526507 5
18.817999 0.427477 -29.018527 12
19.208399 0.026617 -28.266767 7
20.013499 -0.160693 -27.903467 13
20.157899 0.136027 -26.973687 7
20.170699 1.117467 -27.121537 15
19.848299 1.932377 -27.480887 15
19.152999 1.871957 -26.772507 8
18.200099 1.614047 -26.830977 7
17.377199 1.013077 -26.598387 12
17.044199 1.229597 -27.475447 1
17.118299 2.149067 -27.226857 11
17.375599 2.744667 -26.420437 7
16.732699 2.628897 -25.693667 7
17.086799 2.037657 -24.936657 7
16.255999 1.991737 -24.409867 11
16.104039 1.724967 -23.467197 12
16.964099 1.525877 -23.858307 7
17.192599 0.643537 -24.133377 16
16.858799 -0.195103 -23.809107 12
16.328799 -0.945163 -23.544957 1
15.842239 -0.635903 -22.731177 11
16.344399 -0.608053 -21.832505 1
17.002299 -0.683603 -22.504517 9
17.449199 -0.423363 -21.717054 11
18.012099 0.053637 -21.198065 14
18.329099 0.963237 -21.038243 16
18.281499 1.926617 -21.053057 7
17.419899 2.401287 -21.10551 16
17.919999 2.215617 -21.925773 7
17.939799 2.492597 -22.879757 16
18.195499 3.240297 -23.413657 7
17.930399 3.430797 -24.345347 7
16.949199 3.307497 -24.454017 7
16.521899 3.220697 -23.615277 10
15.939729 4.050997 -23.587357 5
16.332199 4.958497 -23.859927 4
15.697069 5.659097 -23.659387 15
15.762339 5.807797 -24.682947 16
16.044269 4.929597 -24.984737 9
16.745099 4.314097 -24.647377 10
17.646499 4.039797 -25.096837 7
17.760599 4.548597 -24.291717 12
17.994299 5.084597 -25.060357 1
18.798699 4.544897 -25.014177 7
18.878799 5.218397 -25.829377 11
18.716199 4.338297 -26.073187 7
19.172999 3.697797 -26.577827 1
19.644999 3.646197 -25.702457 7
20.532099 3.252997 -25.697397 15
20.613899 4.186897 -25.894777 12
20.538499 5.124697 -25.564587 1
21.225199 4.742797 -24.900527 1
21.513799 4.811897 -25.918707 15
22.222099 4.627897 -25.359127 15
22.274199 5.461597 -24.840657 6
22.401399 5.492197 -23.940917 16
22.193499 6.415497 -23.830107 13
22.116199 6.538597 -22.905537 12
21.730799 7.401997 -23.079027 11
21.450099 7.324597 -22.179924 16
21.066399 6.489797 -22.423997 13
20.034699 6.481897 -22.403627 12
19.223599 6.407997 -22.964507 7
18.510699 5.697397 -22.702247 1
18.442999 4.725197 -22.463867 16
18.849099 4.381597 -23.210907 7
19.762399 4.379597 -23.454037 7
19.803199 4.843197 -24.270447 12
19.927599 3.968597 -24.660967 7
20.839899 3.569597 -24.684237 15
21.605699 3.156397 -24.324567 15
22.081299 3.055197 -23.409237 9
21.767999 2.139607 -23.186937 12
22.505799 1.580217 -23.083567 16
22.822699 0.936437 -23.742287 8
23.244099 1.081477 -24.585237 11
23.188599 1.315117 -25.506987 11
22.380399 1.602497 -25.863807 11
21.386799 1.890367 -25.801527 15
20.563899 1.509817 -25.464467 15
20.066199 0.986987 -24.888197 7
19.546299 1.159967 -25.693457 4
18.641999 1.254927 -25.323777 7
18.153699 1.895977 -24.785647 7
18.401699 1.518837 -23.948047 7
18.657199 0.754447 -24.399927 1
19.130599 -0.029163 -24.540807 1
19.121399 -1.048493 -24.608557 11
19.087799 -1.906363 -24.205247 1
19.788499 -2.296473 -23.707357 7
19.283999 -2.804233 -23.050417 1
19.786699 -3.617493 -23.539017 1
20.625999 -3.520533 -23.076147 1
21.095499 -4.287083 -23.448677 1
21.740499 -4.791423 -23.928467 7
22.341299 -4.489713 -23.155487 1
21.975599 -4.223483 -22.336297 7
22.613899 -3.495543 -22.357387 16
22.404999 -3.660353 -21.456083 7
22.941399 -2.897703 -21.234413 12
23.831399 -2.837243 -20.917866 16
23.390099 -2.447433 -20.105087 15
22.685399 -1.799733 -20.157007 12
22.021399 -1.348883 -19.636757 5
22.285099 -0.435873 -19.710967 14
21.315799 -0.578203 -19.731857 7
21.296199 -0.685613 -20.758875 16
20.528199 -0.062553 -20.789041 15
20.740199 -0.314083 -21.713133 12
21.198199 0.137657 -22.421667 7
21.697999 -0.090793 -23.184167 16
22.399399 -0.467043 -23.678567 7
22.692799 -0.293183 -24.602457 11
23.534399 -0.686273 -24.742387 7
23.801299 -0.195623 -23.911647 15
24.368599 0.107367 -24.707737 11
24.966299 0.377027 -24.010177 1
25.164199 0.850747 -24.772137 12
24.669399 1.589997 -24.200507 11
25.401699 1.410417 -23.508947 1
25.309099 1.623557 -22.551677 16
26.239599 1.866327 -22.457007 7
27.054299 2.156567 -21.990906 7
27.239199 2.257157 -22.940877 12
27.739799 2.812697 -22.404637 1
27.189799 3.619397 -22.228016 13
27.450899 4.329497 -22.932847 12
26.870699 5.094697 -22.841457 1
26.338199 5.153697 -23.610427 16
25.583999 5.298697 -24.142597 8
26.190799 5.978697 -24.657247 5
25.398799 6.502797 -24.765267 9
25.000899 7.342297 -24.690027 16
24.230699 7.960597 -24.456817 7
24.198199 7.104997 -23.923047 12
24.634699 7.396997 -22.993617 13
24.212499 6.584997 -22.627767 15
23.855099 6.112797 -23.405547 12
23.653299 5.539897 -22.563737 1
24.613799 5.310297 -22.721087 7
23.968799 4.578197 -22.830447 8
24.309299 4.097697 -23.593707 7
24.492299 3.157797 -23.828647 12
24.643999 3.116897 -24.823877 7
23.714199 3.160097 -25.064077 11
22.817299 2.835067 -24.785807 11
21.916799 2.674557 -25.236207 15
22.533099 1.866967 -24.946487 11
21.941099 1.925577 -24.193507 1
21.387999 1.244357 -24.665327 11
20.779699 1.598737 -23.938427 1
20.118399 2.199647 -24.171777 15
19.254899 2.506727 -23.765137 7
18.527099 2.709097 -24.448207 7
19.373799 2.829267 -24.869677 7
19.911699 2.455067 -25.543427 15
18.903299 2.392257 -25.499967 7
18.440199 2.809357 -26.300147 7
17.976299 3.589997 -26.274807 7
17.640199 3.420697 -27.183847 1
16.774399 3.708297 -27.478247 16
16.613499 4.604497 -27.917787 1
17.094599 4.905997 -27.177207 7
18.051799 4.991797 -27.133267 1
18.350499 5.055997 -28.125147 10
18.692999 5.420897 -28.880667 1
19.349099 5.456997 -29.557027 14
20.338699 5.471597 -29.104717 16
20.639999 6.364497 -28.839777 1
21.527499 6.204897 -28.534387 16
22.084999 5.624197 -27.971827 12
22.530799 6.426797 -28.409547 1
23.239299 6.418197 -27.764267 16
22.530999 6.517297 -26.936407 16
22.222899 6.080397 -26.180247 1
22.226299 5.415097 -26.822227 15
22.598499 4.709397 -27.400657 12
21.872899 4.148397 -27.400007 12
21.333399 3.927297 -26.629267 15
20.558299 4.388897 -26.936197 16
20.825199 4.724197 -27.835407 16
21.008099 4.272197 -28.675937 1
21.514399 3.581397 -28.279917 12
21.610299 2.764297 -27.595767 1
20.704499 2.837507 -27.309457 15
20.445099 2.502007 -28.147547 1
20.861399 1.619477 -28.217857 16
21.336299 1.002247 -27.658727 5
21.401599 1.714637 -26.950647 15
22.229099 1.268827 -27.121657 11
22.844199 1.184137 -27.904147 16
23.315699 1.892117 -28.245307 16
24.212199 1.755287 -28.606157 16
24.570699 0.792217 -28.500717 16
25.058299 0.054207 -28.808657 8
25.807599 0.594317 -29.037007 7
25.834499 0.845667 -28.136267 16
25.198599 0.282337 -27.703387 8
24.806599 0.809447 -26.912607 16
23.880699 0.764717 -26.309377 11
24.508999 0.250587 -25.811037 11
23.945999 -0.410463 -26.179037 13
24.578299 -0.985993 -26.635707 16
25.221699 -0.270643 -26.529497 16
26.153699 -0.488313 -26.567497 1
26.343399 -0.707933 -25.673907 1
26.160999 -1.554023 -26.012797 1
26.266499 -2.179593 -25.318827 1
25.405399 -2.349993 -24.827317 1
25.010899 -3.220753 -24.753197 11
24.734299 -3.030353 -25.660367 16
24.540299 -2.577403 -26.437207 7
23.970599 -1.849853 -26.124247 1
23.172499 -1.401383 -26.582787 1
22.800499 -1.046553 -25.787897 16
22.472499 -0.212613 -25.757717 11
22.823699 0.584017 -26.157237 11
23.281099 0.681977 -27.086247 16
22.985599 -0.136433 -27.427607 1
23.653699 0.213927 -28.027447 16
22.672699 0.290757 -28.365047 16
21.780099 -0.007673 -28.593737 12
22.105299 0.749777 -29.131027 7
22.615999 1.560847 -29.144797 16
22.007899 2.353047 -28.941347 5
22.839399 2.706697 -28.474377 16
22.593399 2.711417 -27.574837 12
22.389199 2.495037 -26.669897 11
22.438299 3.260297 -26.139847 15
23.096299 3.942697 -25.989997 5
23.169399 4.855597 -25.970427 15
23.505299 5.727197 -26.437307 16
23.813999 5.357697 -27.317207 12
24.692699 5.493297 -27.770097 1
24.817999 4.671097 -27.198617 16
25.102699 4.428597 -28.185427 7
25.577899 4.219297 -28.993407 16
25.746299 4.194197 -30.041547 15
26.015499 3.441897 -29.475347 16
25.734299 2.573727 -29.252937 16
26.623099 2.428807 -29.502777 1
26.259799 1.549697 -29.329447 16
27.200599 1.498717 -28.985007 13
27.917999 2.209547 -28.643297 1
28.552299 1.562817 -28.194417 16
28.429899 0.639517 -27.894807 1
27.991799 -0.137573 -27.616477 15
27.100299 0.285867 -27.552887 1
27.323999 1.222397 -27.698487 15
26.010199 1.610717 -27.191437 16
25.303099 1.640687 -26.511597 16
25.526099 1.728547 -25.604677 1
24.728899 2.082137 -25.162347 11
24.117799 1.959807 -25.874007 11
24.363099 1.853537 -26.802897 16
24.215099 2.358457 -27.625527 16
23.493199 2.987797 -27.715667 12
23.435599 2.693437 -26.824307 11
24.396899 2.884677 -26.687637 16
25.130099 3.209697 -26.118887 12
24.369999 3.827697 -26.093447 11
24.018499 3.904697 -27.007737 1
23.503599 4.313197 -27.666107 12
24.109999 3.872097 -28.262497 16
23.944999 4.784697 -28.654027 1
23.130199 4.279597 -28.897527 12
23.949099 3.868697 -29.191947 16
24.393499 4.539897 -29.590717 5
23.957799 4.790697 -30.458717 15
24.429999 5.637097 -30.142207 8
24.829199 6.195397 -30.841977 7
24.722999 5.698897 -31.731087 8
25.661699 5.498497 -31.328087 15
25.756499 5.322297 -30.378057 15
26.237099 5.527597 -29.564687 1
25.780099 6.372697 -29.694687 1
25.498399 7.378497 -29.721167 5
26.162099 7.990597 -29.996517 8
26.591699 8.288297 -30.824927 7
27.389399 7.944297 -30.333407 1
28.095199 8.431797 -30.735627 1
28.346199 7.520597 -30.452677 12
28.653799 7.078397 -29.547817 1
28.470999 7.456097 -28.716687 16
29.375299 7.638997 -28.567897 13
29.904699 7.333097 -27.872567 9
30.286399 6.513897 -28.269407 1
30.548799 6.055497 -27.497177 14
29.870899 5.753597 -26.877297 16
28.999599 5.377497 -27.033127 12
28.830799 4.786297 -27.784077 16
28.670199 3.819097 -27.678477 1
28.229199 3.174097 -27.146957 1
28.230999 2.499607 -26.497497 7
27.552399 2.309947 -25.843697 7
27.111899 2.978997 -25.279877 8
26.207799 3.167797 -25.514287 1
26.016899 2.945177 -26.435927 16
26.732299 3.599097 -26.793697 11
26.263599 4.310097 -27.268497 5
25.490299 3.641597 -27.450847 16
24.757399 3.275597 -27.871647 16
24.998099 2.444807 -28.388787 16
25.874599 2.195207 -28.177847 16
26.343599 2.753597 -27.531407 16
27.260599 2.810037 -27.743897 5
27.688799 3.376697 -28.392627 15
26.881499 3.643397 -28.806797 16
27.517099 3.320597 -29.529797 1
27.578899 2.681947 -30.221447 1
27.490199 1.878337 -30.715227 16
26.836199 2.360577 -31.286207 11
26.809699 2.329037 -32.268087 12
26.692599 3.237597 -32.558087 16
26.183699 3.818297 -32.002387 15
26.952099 4.425397 -32.280087 16
26.492099 5.104697 -31.796987 15
26.400799 5.926197 -32.326287 12
27.027299 6.265997 -32.986487 16
27.666899 6.600697 -32.349687 1
26.870599 7.018197 -32.162787 15
26.024499 7.532497 -32.211387 11
26.401799 8.317097 -32.746187 1
25.918299 8.516697 -31.925387 16
26.441299 9.229697 -31.604087 7
26.667199 9.440097 -30.715857 1
26.711199 10.435897 -30.710537 16
27.451999 10.460997 -31.318657 12
28.345499 10.772897 -31.542387 1
28.865399 10.232497 -32.168587 1
29.352499 9.574297 -31.654787 16
29.785699 9.802597 -30.785627 16
30.647999 9.571097 -31.130817 5
31.297499 10.235397 -31.433187 1
31.330499 11.192497 -31.294527 11
30.888899 11.281797 -30.462027 7
29.989899 10.908197 -30.330397 1
29.601899 10.253797 -29.713827 16
