-14.243495 -13.401107 8.045284 1
-14.953895 -12.955707 7.537584 1
-15.793395 -13.280487 7.164384 16
-16.191495 -14.075557 6.840184 1
-15.670295 -14.808307 6.434184 1
-16.505895 -15.409737 6.079184 1
-17.058095 -15.489967 5.376484 1
-16.759595 -16.347207 5.088184 3
-15.991995 -16.762837 5.073284 12
-15.034095 -16.638227 5.144284 2
-14.959295 -17.552327 5.483084 14
-14.485295 -17.695057 6.351984 1
-13.882495 -18.038737 7.042884 4
-13.905795 -18.985237 6.793084 1
-13.616595 -20.000347 6.636784 2
-12.929795 -20.608094 6.484684 1
-12.755595 -21.567347 6.609484 14
-12.337895 -21.824694 5.706384 11
-11.793595 -22.023194 6.537984 2
-10.917895 -21.991254 6.981284 9
-10.170695 -21.571596 7.466084 2
-10.781895 -22.102529 7.981384 15
-10.921295 -22.994737 8.289284 5
-11.869895 -23.000437 8.193684 9
-12.596695 -23.494977 7.855184 1
-13.112795 -24.090117 8.430984 15
-13.383795 -24.969817 8.831784 8
-13.019395 -25.840547 9.080984 8
-12.679095 -25.581867 8.193484 13
-12.031595 -25.897857 7.511584 2
-11.224495 -25.477297 7.772584 12
-10.729895 -25.353567 6.969884 14
-11.066395 -24.797637 6.234384 8
-11.781095 -24.318077 5.857884 2
-11.840295 -25.026697 5.254884 6
-11.981295 -25.830227 4.669684 14
-11.324995 -25.977357 5.366284 2
-10.693395 -25.228917 5.229084 14
-10.155095 -24.414097 5.348784 2
-10.674195 -24.400577 4.440684 6
-11.446895 -24.883907 4.015384 14
-11.961195 -24.081717 3.911284 14
-12.395195 -23.156007 3.868284 6
-12.035995 -22.565807 3.199684 1
-12.191095 -22.503777 2.293484 2
-12.964095 -22.285947 1.723684 2
-13.519495 -22.738987 2.316384 5
-13.900295 -21.85741 2.410784 5
-14.212695 -22.317032 1.586984 3
-14.636595 -21.828303 0.942684 2
-14.639895 -22.175504 -0.010916 7
-13.617495 -22.294035 -0.164416 11
-13.871895 -22.807857 0.632084 1
-12.980295 -22.634907 0.692184 2
-12.513295 -23.358417 0.347284 2
-13.186695 -23.629017 1.033084 2
-14.164595 -23.702797 1.043484 2
-14.360795 -23.911527 1.973884 1
-14.749895 -24.086787 2.931584 5
-14.364395 -24.941857 3.173984 2
-13.467195 -24.604907 3.364084 14
-13.547395 -25.546597 3.356684 14
-14.134695 -25.961887 3.966384 1
-13.364495 -25.326537 4.290784 14
-13.547595 -24.513537 4.762784 8
-13.459295 -24.568037 5.687784 2
-13.911095 -24.676937 6.538184 9
-14.178895 -25.568497 6.476384 1
-14.908195 -25.488917 7.108284 8
-15.243895 -26.318917 6.767284 15
-15.337795 -26.798287 7.639784 1
-14.823695 -26.795077 8.460484 14
-15.610495 -26.434967 8.902084 9
-15.116695 -25.695467 9.029184 1
-15.651595 -25.207477 8.400484 2
-16.113895 -25.863067 7.796084 12
-16.657695 -26.638017 7.727484 2
-17.155795 -25.871267 7.952884 8
-17.838695 -26.231457 8.522884 10
-17.336095 -27.064147 8.511484 2
-16.845395 -27.637687 9.175884 14
-17.012295 -28.591117 9.172984 2
-17.395395 -28.631617 8.205384 15
-17.779295 -28.293607 7.403184 6
-16.802095 -28.186367 7.397884 2
-16.839095 -28.039347 6.417184 14
-15.980895 -27.683207 6.097084 8
-15.435095 -28.294777 5.616884 1
-15.070995 -28.461077 4.649484 11
-14.361895 -28.789257 5.248184 1
-13.506295 -29.014257 5.598684 1
-13.180395 -29.364447 6.515884 2
-13.474195 -28.639507 6.984484 1
-12.789195 -28.379867 7.704884 2
-12.179495 -28.548237 6.924184 1
-11.946095 -28.115227 6.112384 7
-12.174995 -28.857467 5.584784 1
-12.732495 -29.135647 4.836884 1
-12.892695 -28.204527 4.811284 3
-11.895495 -28.205437 4.684184 1
-11.211195 -27.429147 4.687184 1
-10.581195 -26.784267 4.989584 14
-10.005995 -27.614087 5.049684 2
-10.525795 -28.421517 4.874384 1
-10.290695 -27.867337 4.069984 1
-10.880895 -27.331897 3.635084 2
-10.835195 -26.442377 3.372384 14
-9.993095 -26.049157 3.700184 14
-9.746795 -25.105327 3.708884 5
-10.630295 -25.413587 3.344984 14
-10.499095 -24.909717 2.496584 14
-10.064095 -24.331777 1.761884 2
-10.817995 -24.454757 1.162884 2
-10.595995 -25.385387 1.530884 14
-10.366095 -25.910557 0.743584 2
-10.220295 -26.706467 1.318684 11
-10.788395 -27.439747 1.613684 5
-10.934795 -26.816797 2.309384 14
-10.793495 -27.677517 2.633084 5
-11.741395 -27.878647 2.608584 14
-12.682895 -28.052467 2.642384 1
-13.613595 -28.215107 2.929284 2
-13.604095 -28.076297 1.968584 8
-14.107495 -27.316467 1.815884 2
-13.569895 -26.462167 1.538384 15
-14.256695 -26.667067 0.916184 6
-14.269795 -26.700577 -0.046216 9
-13.458995 -26.364857 -0.326416 8
-13.672195 -25.846617 0.481984 15
-13.379595 -24.928357 0.510484 15
-12.775595 -25.030727 -0.228316 8
-12.013995 -24.581637 0.194184 2
-11.363895 -24.194087 -0.342516 2
-11.424595 -24.244067 -1.283516 2
-10.967095 -24.497897 -2.073316 1
-10.298595 -23.811227 -2.194516 8
-10.775395 -23.156327 -1.754516 2
-11.471495 -22.479647 -1.940116 9
-11.332795 -22.531977 -2.898616 14
-10.484795 -23.040997 -3.234216 8
-10.464695 -22.422777 -3.945716 8
-10.369695 -21.617369 -4.531316 1
-10.948595 -20.876919 -4.731516 2
-10.735795 -19.945867 -4.783916 12
-10.964295 -19.240727 -4.192016 14
-11.523895 -19.229157 -3.394916 2
-10.616195 -18.848987 -3.161416 12
-10.213295 -18.494477 -2.380116 3
-10.524495 -18.758437 -1.463916 6
-10.514195 -19.674807 -1.231516 2
-10.897595 -20.534044 -1.109816 5
-11.048595 -21.059086 -0.319816 2
-10.078395 -20.825089 -0.327816 1
-9.919295 -21.601235 0.221984 2
-10.175795 -22.203602 0.922684 2
-9.487095 -22.509207 1.556684 2
-9.249095 -21.757409 2.188484 5
-9.650095 -20.969487 2.524084 11
-9.695295 -21.540188 3.290584 1
-8.838895 -21.903302 3.549284 1
-9.068395 -22.007925 4.470984 2
-8.673795 -22.878207 4.626384 1
-7.965295 -23.061097 4.028684 1
-8.786195 -22.941787 3.544484 5
-9.208995 -22.740827 2.682884 6
-9.994595 -23.063327 2.289484 2
-10.791095 -23.704727 2.652684 3
-11.336195 -23.696337 1.832784 2
-12.050095 -24.038727 2.364184 6
-12.683695 -24.729617 2.585884 14
-12.970695 -24.755507 1.594484 15
-12.170695 -24.206367 1.364084 2
-11.791295 -24.909977 1.875284 14
-11.699695 -25.642427 1.213884 15
-12.060895 -26.220677 1.845984 14
-12.918695 -25.846807 2.142884 15
-12.246695 -25.697317 2.796584 14
-11.603495 -25.861407 3.499584 14
-11.702395 -26.711197 4.021684 14
-12.500395 -26.867577 4.512784 2
-12.652895 -27.232267 3.646384 14
-13.089695 -26.789777 2.911184 14
-13.961195 -26.658817 3.107784 8
-14.852295 -26.535667 2.701784 5
-15.772395 -26.199547 2.900184 9
-16.162295 -25.302237 3.044384 8
-15.499295 -25.051177 3.748884 2
-15.467095 -24.447317 4.483184 1
-15.446895 -23.499847 4.233884 1
-16.132695 -23.088237 3.654984 8
-15.942995 -22.116463 3.262184 2
-15.417895 -21.762838 3.993184 8
-15.533495 -20.931737 4.478984 9
-14.685295 -20.642358 4.742584 2
-15.171095 -19.858347 4.493184 2
-15.193395 -19.053527 3.912384 7
-15.374295 -19.537427 3.070484 3
-14.765295 -19.675387 2.368884 2
-13.884195 -20.087487 2.489984 1
-13.318895 -19.693427 1.781084 1
-12.978795 -20.545683 2.011284 1
-12.877195 -21.233798 1.357784 2
-12.297295 -20.484918 1.256384 3
-11.729995 -20.668948 0.469584 14
-11.847295 -21.538654 0.163484 2
-11.147895 -21.447827 0.790784 2
-11.014395 -21.190317 1.720784 4
-10.570295 -21.923817 2.155584 1
-11.187495 -22.645327 1.908084 2
-11.110095 -22.609787 0.987284 2
-11.839495 -22.648187 0.353784 2
-11.333395 -23.133397 -0.399116 2
-12.157295 -23.580837 -0.710316 1
-12.922295 -24.195657 -0.893116 1
-12.717695 -23.873407 -1.770416 14
-12.184295 -24.297637 -2.420316 6
-12.036195 -23.584917 -3.087216 12
-11.931995 -24.466637 -3.517516 2
-12.264895 -23.756307 -4.242416 8
-11.752495 -23.061347 -4.623016 14
-12.377395 -23.289137 -5.313916 2
-11.468595 -23.153417 -5.731616 8
-11.498995 -22.989287 -6.715216 3
-12.161395 -22.960257 -7.416516 6
-11.860495 -23.852807 -7.595116 10
-11.799695 -23.727477 -8.540116 3
-10.833095 -23.689907 -8.623416 2
-10.430195 -24.459607 -8.180316 14
-11.132595 -24.905337 -7.722316 1
-11.234795 -25.277947 -6.792816 9
-11.027795 -24.439597 -6.338516 14
-10.153195 -24.468427 -5.949816 1
-9.584095 -24.553607 -5.179716 1
-10.131195 -23.983117 -4.629616 8
-10.174795 -24.185717 -3.622916 8
-10.531595 -24.800947 -3.014716 7
-9.975395 -25.154997 -2.313816 3
-10.499395 -25.621777 -1.660316 1
-10.702995 -25.646877 -0.701516 2
-11.582695 -25.618437 -0.615916 2
-11.382695 -26.073767 0.181484 2
-12.217095 -26.582397 0.483184 15
-11.925295 -27.472427 0.244284 8
-12.772595 -27.323737 -0.200716 3
-13.456995 -27.915807 -0.529216 12
-13.126895 -28.117947 0.385584 2
-12.424895 -28.722657 0.710484 3
-12.850995 -29.166327 1.423584 5
-12.806995 -29.251257 2.329084 2
-12.150395 -29.846117 2.680384 14
-12.161295 -30.063757 1.754984 2
-11.192295 -29.864687 1.869284 11
-10.506095 -30.558887 2.194884 2
-10.089995 -29.953627 1.509084 5
-9.994695 -30.854807 1.196784 1
-9.232195 -31.486487 1.371584 1
-9.064295 -31.509587 2.314584 3
-9.720895 -31.629787 2.994484 14
-8.831695 -31.800487 3.481884 2
-8.675595 -30.873657 3.759384 1
-8.831295 -29.868257 3.753584 1
-7.963895 -29.695027 3.312784 1
-8.135295 -28.749057 3.235984 4
-9.083295 -28.559467 3.461584 14
-9.294495 -27.914957 2.793984 1
-9.314395 -27.591577 1.901884 2
-9.377295 -26.757087 2.313584 14
-9.021095 -25.874477 2.460884 14
-9.200895 -25.370637 1.653584 2
-9.073795 -24.407757 1.475384 1
-9.302395 -23.751437 0.869884 2
-8.752095 -24.345487 0.408284 2
-7.734395 -24.208367 0.205884 9
-7.004595 -24.867297 -0.048416 9
-6.542395 -25.637717 0.243384 6
-6.116195 -24.768937 0.367084 2
-6.200995 -24.379657 -0.557516 9
-6.383695 -23.512117 -1.008916 9
-6.370795 -22.691727 -1.563416 6
-7.120395 -22.630867 -0.899816 6
-7.708995 -23.213577 -0.359716 9
-8.426795 -23.294447 0.286084 2
-8.719995 -22.927747 -0.581516 2
-8.618195 -23.834727 -0.942716 2
-8.259295 -24.727047 -0.737916 9
-8.006895 -25.500617 -1.387916 8
-8.236695 -26.136957 -2.046516 3
-8.363795 -26.964887 -2.511516 2
-8.391495 -26.315527 -3.266116 14
-9.089695 -26.994277 -3.814216 2
-8.381195 -26.811507 -4.501516 14
-8.657395 -25.895887 -4.338816 6
-8.611295 -25.237817 -3.619616 8
-8.825495 -24.412877 -3.213016 8
-8.595795 -23.716187 -3.766016 8
-8.625295 -22.814357 -3.492116 8
-8.436795 -22.053739 -2.939216 2
-9.169795 -21.458113 -3.035716 6
-9.566595 -22.394497 -3.153016 8
-9.888195 -21.91474 -2.315716 3
-9.872095 -22.156381 -1.412616 1
-9.989195 -22.651827 -0.637316 2
-10.416895 -23.099387 0.064284 2
-10.390495 -24.000167 0.314084 2
-9.992695 -24.652887 -0.376316 2
-9.755395 -25.518547 -0.081216 2
-9.263095 -26.254737 0.403684 3
-8.402395 -26.696257 0.674084 12
-7.604395 -27.148217 0.212384 3
-7.950395 -27.790517 -0.393016 3
-7.055895 -27.893357 -0.678516 12
-6.510895 -28.004487 -1.434116 14
-5.610795 -28.409687 -1.406416 10
-5.260695 -28.695717 -2.280216 3
-6.089195 -28.227417 -2.484016 2
-5.835795 -27.384847 -2.760216 3
-6.013795 -27.632867 -3.662916 1
-6.731895 -27.124187 -3.145816 1
-6.288695 -26.520867 -2.600216 1
-6.405695 -25.943447 -1.855316 2
-5.943795 -25.114247 -2.101316 1
-6.661195 -25.046597 -1.306916 9
-7.323095 -24.668317 -1.897616 9
-8.076195 -24.688337 -2.496016 8
-8.793495 -25.137777 -2.116416 14
-9.315795 -24.353557 -2.102916 8
-9.545395 -24.309837 -1.125816 2
-9.566095 -23.348057 -1.343116 2
-8.880195 -23.109107 -1.897216 8
-8.622095 -22.174882 -1.679916 1
-8.390795 -21.336631 -2.100216 2
-7.566895 -21.304485 -1.437616 6
-7.663095 -21.527059 -0.500716 1
-6.966795 -20.876798 -0.419516 6
-7.615295 -20.669552 0.249484 1
-7.805695 -21.53071 0.789184 6
-8.414995 -22.262851 0.832584 2
-8.917695 -21.577121 0.373184 2
-8.839495 -21.12779 -0.526516 8
-8.544495 -20.200037 -0.958516 3
-7.730395 -20.130917 -1.478616 3
-7.553695 -20.076437 -2.417716 1
-7.069495 -20.846738 -2.844816 14
-7.091195 -21.53691 -3.576816 7
-7.396395 -22.373129 -3.914416 2
-7.546295 -23.249157 -3.593416 8
-6.687295 -23.737027 -3.556816 2
-7.138595 -24.002287 -2.750516 8
-6.454595 -23.657527 -2.171016 14
-7.375895 -23.425857 -1.786116 9
-7.507195 -22.719317 -2.421016 8
-6.743795 -22.006243 -2.626816 14
-5.892295 -22.198421 -2.967616 9
-5.790195 -22.194379 -3.940516 2
-5.106395 -21.669354 -3.446916 2
-4.590295 -20.917389 -2.927816 3
-4.250295 -20.381806 -3.663416 3
-4.660995 -21.109294 -4.158516 2
-5.488295 -20.572042 -4.560116 12
-5.786695 -20.577335 -5.476416 14
-5.893195 -21.532301 -5.693816 2
-5.363195 -21.636676 -6.588716 1
-5.050995 -22.429797 -6.139916 2
-5.348595 -23.300287 -5.917416 1
-4.703395 -23.050467 -5.284316 2
-4.209095 -23.873187 -5.308616 1
-3.811195 -24.266097 -4.440616 1
-3.420195 -23.417287 -4.690616 10
-3.718695 -22.485917 -4.762716 2
-3.574095 -21.892624 -3.968916 2
-3.753495 -21.161998 -3.332316 3
-3.054195 -20.858456 -3.995616 9
-2.139895 -21.033096 -3.765516 9
-2.306595 -21.990834 -3.511416 1
-1.291995 -22.200314 -3.322116 3
-1.417395 -22.820917 -4.016816 12
-0.912695 -23.649067 -3.812216 6
-0.531495 -24.354687 -4.319116 8
-1.073195 -25.211807 -4.164816 6
-0.128595 -25.343307 -4.104916 2
-0.345995 -25.404427 -5.049116 8
-0.152195 -24.493677 -5.210316 2
-1.077095 -24.743927 -5.416716 6
-1.966295 -24.971487 -5.800716 14
-2.015695 -25.830587 -5.436816 8
-1.724395 -26.800467 -5.671316 6
-1.000995 -26.884687 -6.262316 3
-1.258995 -26.236607 -6.909416 2
-1.632095 -25.485347 -7.375016 2
-2.425195 -24.956097 -7.094016 3
-1.940695 -24.099327 -6.855616 3
-1.016495 -23.942997 -6.567116 12
-0.854595 -23.092737 -7.072816 2
-1.212495 -23.256467 -7.916316 1
-1.809395 -22.571977 -7.696516 1
-1.510195 -22.496617 -8.671216 2
-0.693395 -22.033555 -8.680216 14
-0.021395 -21.547886 -8.079416 2
0.160705 -20.819772 -7.557816 1
0.110605 -20.217087 -8.284216 4
0.806705 -20.252217 -8.985416 2
1.412805 -19.815657 -9.567116 14
0.930605 -19.354797 -10.218016 3
0.589705 -18.855887 -9.469316 8
0.624305 -18.079957 -8.987716 1
-0.282395 -17.919757 -8.684416 2
-0.741295 -17.475007 -7.990216 6
-1.226195 -17.965387 -7.441416 2
-0.812695 -18.018687 -6.524916 1
-1.140395 -18.878187 -6.840216 3
-2.079695 -19.140817 -6.904616 14
-1.736895 -19.196157 -5.979916 9
-2.294595 -18.947777 -5.245316 9
-3.109195 -19.470117 -5.204316 9
-3.939095 -19.997137 -5.225816 14
-3.235395 -20.569185 -5.046516 9
-4.061295 -21.121588 -5.218616 6
-4.794295 -21.827443 -5.381316 2
-5.380295 -21.524458 -4.704616 2
-6.405595 -21.719342 -4.701516 2
-6.814595 -22.329917 -5.276416 2
-7.718695 -22.712597 -5.445416 8
-7.624995 -22.174541 -6.259816 3
-8.495895 -22.197366 -6.636516 10
-8.894795 -21.83274 -7.428016 2
-8.383195 -21.10694 -7.004516 3
-8.661895 -20.780452 -6.001016 3
-7.976195 -21.104018 -5.403016 1
-8.435795 -21.888745 -4.964716 1
-9.102995 -22.332468 -4.368416 8
-9.727295 -22.773067 -4.977616 2
-9.094095 -23.555357 -4.900216 8
-8.513995 -23.953797 -5.510916 2
-8.156095 -24.219387 -4.633316 8
-7.181595 -23.786457 -4.674816 2
-6.871695 -24.520357 -5.414316 14
-6.421095 -23.792267 -5.952916 6
-6.019295 -23.576267 -5.094116 2
-5.393595 -23.240527 -4.460116 2
-4.756295 -23.810017 -3.917616 6
-4.714295 -24.281487 -3.051716 8
-4.692995 -23.528837 -2.458816 14
-4.454595 -22.551187 -2.148116 3
-3.533095 -22.656807 -1.913316 3
-2.911495 -21.929533 -1.973216 3
-3.120595 -22.036113 -2.942316 4
-3.976395 -22.419577 -3.202716 3
-4.075395 -23.059687 -3.914416 2
-3.431895 -23.558947 -3.334716 7
-2.809595 -24.113027 -2.806716 14
-2.252995 -23.532107 -2.354716 5
-1.718295 -23.744977 -1.546816 2
-1.394195 -23.004037 -1.022516 1
-2.145695 -22.481097 -0.992616 3
-2.595795 -23.059177 -0.306416 3
-2.533595 -24.002987 -0.328816 2
-1.842395 -23.983937 0.287384 13
-0.929595 -24.296487 0.253784 3
-0.371395 -24.992527 0.537184 10
-0.799395 -24.428437 1.225084 7
-0.157795 -23.863787 1.703284 3
-0.106095 -24.752327 2.041284 2
-0.182195 -24.635397 3.034284 6
-0.129795 -24.413937 4.040284 5
-0.964295 -23.925327 4.187384 1
-0.667695 -23.693007 5.071584 1
-0.325495 -22.795267 5.184384 3
0.118205 -22.042187 4.660884 1
1.064305 -21.668877 4.884184 3
1.459005 -20.830391 5.048584 1
1.946905 -20.030137 4.646584 8
1.616305 -19.179767 4.742884 1
1.472905 -18.271557 4.472284 9
1.346005 -17.897227 5.293784 10
2.116505 -17.400147 5.139984 14
2.880105 -17.167467 5.728784 3
2.399405 -16.380117 5.494284 8
1.449305 -16.675007 5.669284 3
0.947105 -16.927117 4.886284 9
0.204405 -17.364337 5.147284 9
-0.120895 -18.245757 5.310484 2
-0.376095 -18.805337 6.090484 3
-0.463495 -19.302627 5.273384 9
-0.890895 -19.806577 4.586684 10
-1.697295 -19.619697 4.027484 4
-2.051195 -20.305037 4.494384 3
-1.555095 -21.183198 4.450984 1
-1.391895 -22.134227 4.521784 12
-2.053695 -22.142258 3.785184 5
-2.963695 -22.15704 3.691784 9
-2.957195 -22.658107 4.481584 3
-3.792095 -23.007567 4.873484 2
-3.751895 -23.858157 4.302284 13
-3.993995 -24.765217 3.865284 3
-4.564695 -25.420007 3.320484 14
-4.845995 -26.073437 2.665684 7
-4.436195 -26.185087 1.741484 8
-4.011095 -26.290827 0.836584 2
-4.572895 -26.109837 0.072584 1
-3.952195 -26.391397 -0.666116 1
-4.296395 -27.141977 -1.168616 3
-4.708495 -26.568547 -1.833916 2
-4.522895 -25.626367 -1.540916 10
-4.078595 -24.746497 -1.311616 3
-3.971995 -24.327367 -0.444816 1
-4.298495 -23.478177 -0.504316 1
-4.254795 -22.816667 -1.215616 3
-5.217895 -22.732937 -1.440416 10
-5.426195 -21.810767 -1.079716 6
-4.961995 -21.372137 -1.788816 3
-4.306995 -20.70168 -1.819116 3
-5.182095 -20.405139 -1.802316 13
-4.658495 -19.734657 -2.187616 3
-4.120095 -19.223487 -2.707316 3
-3.490695 -18.842937 -3.344216 6
-3.321995 -19.499727 -4.091616 9
-4.286495 -19.471657 -4.295116 4
-4.631795 -19.221477 -5.235116 6
-4.699895 -18.304887 -4.959816 12
-3.738195 -18.118147 -4.775316 9
-3.034595 -17.860637 -5.312316 6
-2.057495 -17.816667 -5.228516 9
-2.202395 -17.189207 -5.916216 8
-1.878295 -16.225627 -5.811416 6
-1.257795 -15.383077 -5.755816 3
-1.007195 -16.010187 -5.083516 14
-0.557295 -16.824677 -4.899116 5
-0.954795 -17.612757 -4.402416 9
-1.734595 -18.053097 -4.285716 9
-1.933095 -17.221987 -3.764316 3
-2.313195 -16.260947 -3.617516 10
-3.099195 -15.838227 -3.365416 8
-3.417795 -15.673117 -2.446116 14
-3.269295 -16.231167 -1.692216 3
-3.085595 -16.153837 -0.766616 5
-3.288995 -15.148907 -0.488716 3
-2.795795 -15.461977 0.279584 10
-2.017795 -15.715807 -0.240016 5
-1.780395 -14.782097 -0.229516 5
-2.547095 -14.413027 0.216384 3
-2.283695 -13.458967 0.138884 9
-3.190795 -13.218207 -0.055716 1
-2.968895 -12.326397 0.333184 3
-2.504395 -12.482297 1.199884 1
-2.689195 -13.459477 1.501484 1
-3.273395 -14.279827 1.693084 1
-3.981095 -14.315167 2.432484 3
-4.249995 -15.320487 2.290884 1
-5.047495 -15.762047 2.246484 3
-5.979795 -16.123487 2.558284 4
-6.517495 -15.791067 1.738784 9
-7.056695 -16.503937 1.342284 1
-7.051995 -17.421167 1.690184 4
-8.034495 -17.648127 1.516184 3
-7.409295 -18.430527 1.459384 1
-7.336795 -19.399077 1.802084 13
-6.729195 -19.937397 1.295784 3
-6.369195 -20.67238 0.734184 6
-5.638995 -20.290287 1.188484 15
-5.349595 -20.682019 0.379984 6
-4.642195 -20.111447 0.006984 3
-5.364095 -19.554247 0.322484 6
-4.822995 -18.788547 0.253484 3
-5.603295 -18.712497 -0.265216 13
-5.459095 -19.516027 -0.865316 6
-4.449195 -19.494847 -0.817116 3
-4.688495 -18.787607 -1.399616 10
-3.720495 -18.851347 -1.106516 3
-3.727995 -18.660687 -2.051216 3
-4.262895 -17.913767 -2.239216 11
-4.058595 -17.818197 -3.179416 4
-3.320595 -17.422317 -3.713716 8
-2.674395 -18.030417 -3.315716 9
-2.764995 -18.296827 -2.422616 3
-3.051295 -18.014077 -1.454816 3
-2.893795 -17.325987 -0.752216 5
-3.492295 -17.952177 -0.417316 12
-3.636095 -17.175707 0.133084 3
-3.479895 -16.468597 0.768884 5
-4.212995 -15.925607 0.350684 8
-4.314295 -15.857637 -0.621816 4
-4.924795 -15.217987 -0.976716 1
-4.977095 -15.038437 -0.010716 9
-5.360295 -15.917557 -0.242716 9
-5.733695 -16.570767 -0.861716 3
-6.204995 -15.776837 -0.839416 2
-7.030595 -15.917147 -1.344216 1
-7.759495 -15.998137 -1.932916 5
-7.047295 -16.131117 -2.535116 10
-7.095095 -16.878837 -3.179416 3
-6.832895 -17.931537 -3.096416 5
-7.044595 -18.779207 -3.586216 1
-6.278795 -18.752237 -2.998816 3
-6.046195 -19.506957 -2.410216 1
-6.398995 -19.798017 -1.592816 1
-6.209895 -20.641254 -1.173916 6
-5.310295 -20.637864 -0.853416 6
-4.539095 -21.135004 -0.648716 3
-4.384595 -21.209421 0.340684 5
-3.643895 -21.32817 -0.323116 3
-2.994995 -21.332693 -1.044516 3
-3.342295 -20.861543 -1.800716 3
-2.916995 -21.051282 -2.704816 3
-2.551495 -20.268867 -3.198716 9
-2.731295 -20.140867 -2.216916 3
-2.969795 -19.348577 -2.656916 3
-2.459395 -19.183827 -3.512616 9
-1.843695 -19.075297 -4.246016 9
-1.166795 -19.645727 -4.646916 9
-0.411595 -19.989337 -5.087116 14
-0.497095 -20.42631 -5.947716 10
-1.355595 -20.753316 -5.723016 9
-0.915295 -21.325444 -6.328916 13
-1.611495 -21.848239 -6.031716 13
-2.416695 -22.395167 -5.840116 3
-3.062895 -21.698931 -6.241716 8
-2.488295 -21.073901 -5.753216 6
-2.338195 -21.020423 -4.805516 9
-1.487295 -20.670829 -4.629916 9
-0.860995 -21.337326 -4.432616 1
-0.252095 -22.006135 -4.104916 1
-0.088395 -22.452717 -3.250716 4
-0.162295 -23.077477 -2.557516 4
-0.489895 -22.654967 -1.628216 1
-0.306695 -22.300232 -0.731316 6
-1.077795 -21.78759 -1.069816 1
-1.929695 -21.479841 -0.825316 3
-1.669395 -20.550123 -0.890516 3
-0.810295 -20.73687 -1.276016 1
-1.074595 -20.948838 -2.161516 3
-1.029695 -20.023147 -2.170716 1
-1.797695 -19.521997 -2.557416 9
-1.908695 -19.928177 -1.647316 3
-2.683495 -20.195137 -1.294716 3
-2.988995 -19.575467 -0.668416 3
-2.743195 -18.740117 -0.446716 3
-2.256895 -17.985157 -0.112216 11
-1.588395 -17.311017 -0.119616 5
-1.409095 -16.492947 0.189084 5
-1.877395 -16.183667 1.033584 5
-1.871895 -15.854427 1.971584 10
-2.590395 -15.381797 2.309784 3
-2.896495 -16.074537 1.696184 6
-3.467295 -16.891747 1.665384 8
-2.596995 -17.071767 1.217484 5
-2.344995 -18.011077 1.299184 15
-3.221995 -18.050577 1.715784 1
-3.486995 -18.375687 0.916984 3
-3.101495 -19.110247 1.468684 1
-4.027195 -19.379147 1.068884 3
-4.104495 -20.370987 1.047384 4
-3.531595 -20.182367 0.327084 3
-2.901195 -20.277307 1.086484 9
-3.013895 -21.132097 0.737384 3
-2.385495 -21.795359 1.120384 8
-1.938295 -21.251641 0.447984 3
-1.235395 -21.75177 0.033684 12
-1.824295 -22.408797 0.378084 3
-1.528895 -23.233107 0.890384 14
-2.363495 -23.178607 1.364184 10
-2.857695 -22.606337 0.720984 13
-3.599895 -22.344812 0.139184 3
-4.385795 -22.145035 -0.476316 3
-5.113595 -21.999616 0.063384 6
-4.688495 -22.769787 0.405984 4
-5.425295 -23.280627 0.035084 9
-6.041695 -22.517567 -0.069316 6
-6.822895 -21.868871 0.153084 6
-6.739295 -22.699447 0.728284 9
-5.835895 -22.706017 0.920384 6
-5.935795 -23.677447 0.989584 9
-5.580995 -23.744617 1.870184 3
-5.706195 -23.320547 2.721584 3
-5.426095 -22.527097 2.228184 5
-5.432595 -21.570837 1.995484 6
-5.390495 -20.637793 2.289784 10
-4.997095 -20.353017 3.200284 9
-4.544095 -19.733557 2.666384 1
-3.675895 -20.113517 3.031184 1
-2.894695 -19.858277 3.598784 9
-2.262795 -19.770647 2.723584 3
-1.819595 -18.961727 2.550684 5
-1.128595 -18.274647 2.537284 13
-1.158595 -18.591567 1.581584 1
-0.931595 -18.205947 0.750984 5
-1.186295 -19.029747 0.324884 3
-2.090195 -18.806257 0.430884 1
-2.577195 -19.653337 0.305384 3
-1.677295 -20.070227 0.338084 3
-0.837195 -20.45458 -0.020816 1
-0.259995 -20.137747 0.727084 8
0.013805 -19.713127 1.566184 8
0.944905 -19.737087 1.986784 9
1.813605 -19.153577 2.249284 3
2.004905 -19.796397 1.531184 6
1.840805 -18.943137 1.216484 3
2.283905 -19.355517 0.349584 4
1.692905 -20.031907 -0.171516 8
0.863905 -19.683927 0.253884 6
0.623005 -18.925887 0.879484 3
1.363705 -18.836647 0.326784 15
0.705205 -18.056507 0.090784 4
0.330605 -17.937947 1.004484 3
-0.423295 -17.491267 1.427684 5
-0.144295 -18.214447 1.993284 3
-0.441495 -17.507547 2.510684 3
-0.073195 -17.175847 3.321984 9
-0.753095 -16.661697 2.941484 5
-1.015395 -16.208247 3.710084 9
-1.799195 -16.189257 4.439484 1
-1.520995 -17.104537 4.763684 13
-1.605595 -17.445187 3.921884 3
-0.685695 -17.609647 4.239684 9
-0.926795 -18.591597 4.389284 13
0.028705 -18.685657 4.335984 9
0.609605 -19.384967 3.838384 4
0.972005 -18.963597 2.954884 3
0.066205 -18.796697 3.269484 14
0.498605 -18.081507 2.754284 3
1.285405 -17.812497 3.295684 9
1.507805 -17.773047 2.344484 3
1.532805 -17.729017 1.395184 3
1.905505 -17.900177 0.458084 1
1.612705 -17.178427 -0.125416 6
2.004905 -16.270407 0.100484 3
1.525805 -15.714477 -0.536516 6
2.522705 -15.598827 -0.511216 3
1.910005 -14.936597 -1.056116 6
2.325505 -14.035567 -1.373616 10
1.515705 -13.976557 -1.851116 1
0.674005 -14.332367 -1.461616 6
0.807605 -13.369727 -1.292916 1
0.036205 -13.380727 -1.815516 10
-0.154095 -13.413257 -2.756816 3
-0.691495 -12.707607 -2.394016 15
-1.125595 -11.896957 -1.928016 3
-1.307295 -12.820897 -1.615016 8
-1.428895 -13.684237 -1.256316 9
-1.645295 -13.988137 -2.156716 11
-2.285895 -14.484067 -1.665316 3
-1.525495 -15.056397 -1.824216 3
-1.439795 -15.927797 -1.447116 5
-0.410695 -15.835587 -1.504416 5
0.431005 -16.276857 -1.750716 6
1.405505 -16.298977 -1.806816 6
1.184605 -15.792127 -2.549316 13
1.684405 -15.936607 -3.398116 3
1.816005 -16.934077 -3.251716 10
1.861505 -17.600507 -2.542416 9
2.435605 -18.092667 -1.941716 5
2.121105 -18.707987 -2.587516 3
1.723505 -18.640857 -3.487516 4
1.853105 -19.148247 -4.275916 4
1.358805 -19.336607 -5.041816 3
0.600205 -19.018497 -4.542916 1
-0.115695 -18.523627 -4.873216 9
-0.348595 -18.881897 -5.813916 9
0.509405 -18.804867 -6.263716 8
0.680905 -18.370747 -7.097916 1
1.235405 -19.158007 -7.300516 3
0.688405 -19.838277 -7.165316 3
1.076205 -20.572266 -6.569816 1
1.312105 -20.425122 -5.564416 1
1.291105 -20.733082 -4.550816 3
1.041905 -20.456626 -3.670516 1
0.372305 -20.147997 -4.278116 3
-0.444795 -19.800727 -3.911016 9
0.073505 -19.140407 -3.387016 3
-0.842195 -19.356057 -3.114216 9
-0.694895 -18.730617 -2.351716 6
-0.082895 -18.003397 -2.675316 6
-0.694495 -17.804627 -3.432716 9
-0.617295 -17.014767 -2.904516 3
-0.910095 -16.306667 -2.341116 15
-1.358195 -16.947347 -1.676416 5
-2.206995 -17.369387 -1.995716 10
-1.687195 -18.150317 -2.244016 9
-1.755795 -18.698887 -1.452016 3
-1.096595 -18.642607 -0.786916 3
-0.872595 -17.708057 -0.607216 5
-0.372895 -18.060777 -1.389416 13
0.295705 -17.439957 -1.269816 6
0.199605 -17.129227 -0.373016 5
0.689105 -16.634957 0.298084 6
1.211405 -16.753837 1.119484 3
1.710605 -15.962567 1.231784 3
0.806205 -15.743797 0.863284 1
1.336705 -14.880167 0.877384 3
1.566305 -14.145147 0.363284 6
2.430005 -14.287907 0.660784 3
3.034505 -14.264937 -0.146916 1
3.741505 -14.821987 -0.527816 5
3.749605 -15.607527 0.025884 10
3.062705 -16.289057 0.389084 3
3.899505 -16.683957 0.498384 13
4.324705 -17.568917 0.601884 4
3.565705 -18.152927 0.282884 9
2.784905 -17.956457 0.864584 3
3.155405 -18.792257 1.137584 3
3.065405 -19.739447 1.375884 8
3.512705 -20.262187 2.003584 11
3.251605 -21.054958 1.533584 3
3.873405 -21.691138 1.104684 13
4.516505 -22.488377 1.133984 4
4.707305 -23.431007 1.022484 14
5.545805 -23.878927 0.803984 6
6.439305 -23.886567 0.501384 4
6.440005 -22.835887 0.491484 12
6.738705 -22.912107 1.478584 3
6.728905 -23.828807 1.712984 3
6.684605 -24.278367 2.547584 1
7.051905 -24.184877 3.382084 9
7.645605 -23.864787 2.708484 1
8.360405 -23.745177 3.328284 1
8.940405 -24.523957 3.440684 1
8.890205 -25.506287 3.767984 6
8.979905 -25.343437 4.690984 3
8.481605 -25.411897 5.545384 6
8.404905 -24.437577 5.744984 3
9.226875 -24.096097 6.159084 9
10.000665 -23.545637 6.394084 10
9.718645 -22.910657 7.022284 9
9.129405 -23.556677 7.310084 3
8.603805 -22.965577 6.792484 6
7.706505 -22.594977 6.525384 4
7.642705 -21.818667 7.134584 3
8.254905 -21.163424 6.919984 5
7.925805 -20.921326 6.013084 3
7.172305 -20.463468 6.015784 10
6.571205 -19.729147 5.955384 5
7.010105 -18.980977 5.568184 3
7.545805 -18.243197 5.909684 15
7.715805 -17.537177 5.252384 13
6.969805 -17.600517 4.666084 8
6.054005 -18.007347 4.520584 3
6.522105 -18.836757 4.358884 8
5.743205 -19.384497 4.158684 9
5.692105 -19.500777 3.161584 1
5.735305 -18.689037 2.586284 5
4.921805 -19.129627 2.318484 1
3.996405 -19.410267 2.267884 11
3.192405 -18.923237 2.295884 3
3.400805 -18.001657 2.257284 13
2.964805 -17.291667 1.787884 3
2.606705 -17.459047 2.682084 3
3.248005 -17.955897 3.233084 10
2.387405 -17.994387 3.671984 9
2.870305 -17.621687 4.434384 6
2.738105 -16.934487 3.806384 9
2.205005 -16.567987 3.105284 3
2.268405 -15.584867 3.417284 3
2.000605 -14.980627 4.105084 13
1.293905 -15.268377 4.814084 13
1.006605 -16.045367 4.301184 9
0.838005 -16.764227 3.599284 9
1.093905 -16.733897 2.705484 3
0.928805 -16.204247 1.935884 3
0.208505 -15.995647 2.605784 6
-0.468495 -15.998757 1.903084 15
-0.871995 -16.336437 1.104084 5
0.099905 -16.458167 1.040584 3
-0.273795 -16.199547 0.098684 5
0.223305 -15.722227 -0.620216 6
-0.080495 -14.873577 -1.074916 6
0.022505 -14.145747 -0.545016 6
-0.657695 -14.638377 -0.027316 5
0.114505 -14.505437 0.449784 6
-0.240095 -13.892267 1.129684 4
0.425905 -14.351187 1.666984 8
1.101805 -15.019107 1.939684 3
1.777305 -14.704907 2.521884 3
2.308205 -13.936117 2.490684 1
3.216405 -13.899977 2.791084 10
3.020505 -14.350577 1.902284 3
3.912005 -14.566037 1.738984 4
3.295805 -15.113927 1.234584 3
3.692705 -15.843197 1.703284 1
2.717405 -16.016047 1.584384 3
2.836505 -15.389857 2.429584 3
3.558305 -15.903887 2.858784 10
4.457605 -15.913377 3.380384 1
5.060505 -16.605247 3.151784 1
4.644105 -17.153867 3.781384 1
3.829605 -16.598197 3.811084 1
3.903005 -17.039387 4.642184 1
3.464405 -16.130997 4.760684 11
3.094005 -15.296577 4.587784 5
3.894605 -15.172307 5.037384 9
4.190305 -15.240667 5.965784 4
5.107805 -14.988397 6.307984 3
5.310505 -14.070677 6.102284 4
5.599705 -13.155317 5.856084 9
5.519605 -12.275927 6.293984 3
5.694905 -11.311387 6.219684 5
6.331505 -10.926887 5.611384 6
6.009705 -10.093387 5.357384 14
5.088305 -9.904287 5.324084 12
4.568505 -9.109187 5.297584 9
5.566205 -8.962187 5.410284 10
6.523605 -9.241487 5.731484 3
7.444605 -9.625587 5.771984 6
8.276405 -9.190387 6.148184 13
8.663005 -10.062987 6.494984 13
8.228805 -10.928787 6.540684 6
7.897705 -11.781977 6.908784 10
8.393405 -12.229757 7.573884 10
7.871505 -12.815777 8.066084 4
7.240605 -12.517787 7.449584 9
6.641205 -12.695707 8.154484 1
5.869905 -12.505787 8.768284 10
5.512005 -13.028577 9.469984 4
4.742305 -13.579567 9.714584 13
5.588105 -13.953887 10.072484 3
4.702905 -14.328007 10.462584 10
5.520105 -14.729227 10.768784 8
6.381405 -14.192387 10.786584 1
6.669805 -15.122827 10.819484 3
7.229105 -15.889427 10.904284 4
7.552405 -16.510577 10.267784 10
8.389905 -16.956797 10.479484 13
8.405105 -16.272027 9.806584 6
8.768305 -16.223017 8.863984 5
9.159785 -16.295167 7.991584 4
9.875565 -16.374387 8.555384 4
10.208345 -17.274657 8.361584 1
10.422945 -17.788497 9.188984 13
10.296705 -17.006367 9.673684 3
11.222415 -16.658677 9.558884 13
11.180875 -16.038117 10.401984 5
12.118335 -16.050717 10.336284 4
12.809585 -16.360747 9.764784 3
12.881635 -15.337737 9.566884 6
13.627495 -14.970027 8.983284 4
14.197075 -14.829027 9.765184 11
14.703235 -13.897937 9.798484 10
15.169905 -14.724027 9.570184 10
15.847555 -15.395327 9.658384 9
15.521965 -16.054427 9.043784 4
15.790645 -15.235837 8.640184 10
15.618945 -15.701747 7.797284 4
15.197075 -14.840517 7.582284 8
15.786195 -14.115577 7.455384 10
15.385225 -13.347307 6.920284 11
16.192315 -13.130157 6.435684 11
16.973185 -13.027857 7.079584 4
17.397085 -12.809987 7.947784 5
17.979695 -12.148747 7.550084 13
18.695975 -11.434747 7.503584 1
19.15003 -11.525547 8.392584 6
19.696707 -10.702087 8.325084 6
19.083672 -10.539687 7.641284 5
18.519453 -9.784387 7.496684 10
17.541085 -9.565087 7.116784 1
17.598075 -8.679587 6.751684 13
18.001945 -7.902087 6.414884 1
17.892005 -6.997387 6.511184 3
18.156105 -6.790687 7.438884 4
18.728416 -6.069087 7.665184 10
19.142378 -5.198187 8.039784 13
18.921375 -4.240887 8.096984 10
17.915405 -4.197587 8.138284 6
17.769735 -3.867087 8.977284 4
17.395115 -3.074287 9.292584 15
17.650665 -3.308787 10.203984 8
17.491835 -4.142487 10.666184 13
17.201655 -4.727287 11.428584 4
17.485915 -5.004587 12.353484 4
17.155815 -5.366087 13.233484 10
17.018245 -4.371387 13.279584 9
16.122675 -4.240587 13.157784 3
15.879125 -3.745287 13.939784 12
16.747805 -3.712187 14.378484 1
17.209715 -3.489187 15.159984 4
17.171035 -3.118187 16.005784 1
16.876535 -3.406287 16.945784 9
15.977815 -3.093887 16.774284 4
15.450045 -2.690187 15.997784 13
15.677845 -1.650187 16.010184 2
15.137905 -0.825887 16.099184 13
15.686395 -0.889387 15.321484 10
14.840315 -1.307187 15.138884 3
14.012585 -1.193787 14.742384 15
14.480935 -1.678487 14.104384 4
13.648055 -1.653087 13.621384 1
13.095715 -2.440687 13.875784 5
12.389435 -3.013587 13.683384 3
13.027095 -3.692487 13.897484 11
12.183915 -4.028287 14.204984 10
11.313015 -3.843587 13.736284 4
10.540285 -3.617987 13.201384 13
10.356795 -4.113587 12.387184 9
10.121725 -4.703687 13.223484 1
11.039685 -4.776887 13.295784 6
11.491905 -5.498087 12.974084 1
10.830085 -6.100587 12.717184 1
11.557115 -6.311387 12.209984 1
12.056765 -6.351787 11.424684 10
12.354605 -7.275187 11.243984 1
12.196855 -8.174787 10.758784 10
11.361415 -7.912287 10.418984 4
10.674155 -8.644387 10.805084 4
9.740855 -8.627387 10.757884 6
10.004935 -7.821887 10.331884 3
10.159895 -7.774787 9.294484 10
10.415225 -7.265987 8.472684 1
9.952155 -6.828087 7.736884 4
10.886905 -6.586187 7.830484 10
11.636285 -6.961987 7.392584 8
12.031685 -6.271687 8.033784 11
12.762965 -6.748287 7.503184 4
13.060265 -7.604287 7.160984 8
12.591635 -8.423487 7.352184 5
11.716045 -7.974587 7.454484 1
11.728405 -8.918587 7.592584 3
11.817165 -9.688087 7.094984 5
11.491125 -10.377487 6.388684 13
10.678675 -10.714187 6.681184 13
9.962785 -11.162587 7.198984 10
10.197165 -11.505507 6.376384 13
10.126505 -12.082817 7.116684 10
11.021665 -12.208507 6.750784 4
11.186645 -11.549897 7.438884 10
12.000185 -11.123987 7.113984 13
12.911685 -11.361887 7.024284 9
13.726535 -11.385827 7.555284 5
13.618025 -12.293767 7.929984 15
14.621675 -12.176387 7.828084 11
14.476425 -13.071357 7.630484 6
14.119665 -12.481937 7.002884 4
14.608875 -12.840887 6.214584 11
13.712215 -13.231557 6.222384 6
13.865385 -14.155177 6.329584 1
13.842405 -14.976607 5.871584 4
13.149375 -15.550647 5.431784 3
12.986625 -14.799967 4.798584 4
12.761735 -13.952917 5.315784 9
12.471265 -13.132557 5.008284 13
11.648565 -13.370287 4.487984 13
10.981965 -13.558827 5.228484 6
10.704085 -13.082997 6.025484 10
11.528355 -12.542067 5.752984 13
11.621795 -13.069197 6.565184 12
11.540085 -13.606747 7.404584 1
10.730195 -14.007427 7.657784 10
9.910525 -14.521157 7.643084 4
10.423905 -14.802037 8.393784 4
11.307665 -14.541227 8.489984 3
12.020215 -14.838407 9.134784 8
12.624215 -14.109617 9.199684 10
13.001625 -13.861257 10.102284 5
12.918415 -13.784477 11.132084 1
12.133325 -14.252077 10.851884 3
11.846205 -13.499977 10.304984 1
12.169395 -12.627877 10.049884 4
11.457985 -12.969997 9.448184 1
10.581375 -12.503167 9.632684 1
10.031135 -12.363097 8.869584 10
9.355325 -13.061227 8.919784 4
9.180595 -13.664557 9.609284 4
9.424975 -13.832387 10.525484 1
8.740305 -13.036577 10.671984 15
9.542195 -12.767677 11.091084 3
9.294515 -12.814037 12.045784 10
8.683105 -11.959827 11.971084 4
9.389045 -11.368987 11.868184 1
9.897845 -11.611707 11.091284 11
9.160465 -11.626007 10.497484 13
9.611205 -10.977987 9.970184 5
9.629895 -11.446407 9.046584 10
9.466485 -10.791587 8.359884 10
9.241955 -10.039987 8.937684 6
9.629195 -9.149087 8.805284 4
10.282095 -8.728287 8.207184 13
10.864425 -9.286187 8.806284 3
11.806445 -9.028387 9.044484 1
12.737945 -9.303387 8.902884 4
12.329585 -10.082387 8.525284 6
12.971905 -10.711287 8.952384 9
12.102445 -10.985687 9.152984 11
11.428545 -11.364087 8.601184 10
12.114055 -12.044497 8.476784 12
11.236985 -12.236617 8.117484 10
10.787375 -13.029667 8.457584 8
10.010925 -12.811427 7.930584 10
9.290355 -12.776087 7.243684 10
9.013105 -13.604687 7.716084 4
8.804805 -14.564007 7.911084 4
7.875005 -14.557287 8.131184 13
7.859705 -15.069827 9.036284 8
8.774905 -14.723467 9.159684 4
8.950205 -14.806217 10.185184 13
8.482205 -14.425487 10.928384 6
7.882405 -13.646047 10.832784 4
7.573405 -12.938677 10.206184 3
7.811105 -13.643167 9.526184 6
8.152005 -12.754377 9.205484 4
8.670005 -11.980177 8.930984 10
7.784305 -11.831237 9.360584 3
7.572005 -11.208487 8.623284 4
8.054205 -10.725287 7.887384 9
8.887405 -10.973587 7.561784 10
9.362995 -10.198387 7.361784 1
9.813695 -9.582787 6.677284 13
10.499075 -9.153287 7.244884 4
10.956935 -9.214487 6.432884 5
10.336055 -9.707287 5.855684 13
10.029465 -8.852787 5.529084 13
10.684105 -8.239687 5.598884 1
10.116195 -7.510887 5.929184 1
10.751475 -6.785787 5.810084 1
10.822885 -6.896687 4.851584 10
10.158125 -6.337787 4.298484 4
9.185215 -6.480787 4.313684 6
9.320535 -6.429587 3.271184 10
8.968705 -7.358887 3.184684 10
8.342105 -7.763887 3.772684 4
7.952905 -7.853787 4.578384 9
7.165105 -8.357687 4.264284 11
6.903205 -9.337887 4.231884 4
6.131605 -9.939587 4.285784 6
5.247805 -10.477987 4.101784 3
5.187905 -11.470397 4.023184 9
5.509805 -12.409407 3.929384 10
4.448205 -12.633317 3.867284 13
4.943405 -13.148717 3.272584 15
5.605305 -12.828927 2.637084 10
6.348805 -13.275507 2.277384 4
6.857605 -13.557117 3.057384 4
6.756605 -14.343537 2.451084 10
7.561005 -14.671227 2.179584 1
7.977405 -13.863687 1.794384 7
7.908905 -13.031497 2.327584 5
8.729705 -13.779767 2.529384 3
9.613375 -14.080287 2.628084 4
9.576935 -13.343847 3.227184 5
10.331775 -13.292317 3.844984 13
9.442475 -13.221377 4.298084 9
9.374305 -12.300157 4.014584 13
8.560105 -12.163197 3.388884 5
7.587205 -11.888517 3.256884 8
7.023705 -11.710737 3.967984 6
7.124405 -11.393917 4.924884 6
6.999205 -12.195207 5.421984 12
7.836205 -12.627387 5.662384 10
7.940405 -13.462307 5.284584 10
8.624105 -14.217277 5.262584 1
8.747505 -15.048367 4.748984 1
7.742605 -14.966097 4.611584 4
7.770205 -15.640767 5.280884 10
8.690805 -15.678797 5.448984 1
8.838405 -15.371327 6.428284 4
8.940805 -15.337717 7.421084 4
8.224205 -15.736797 7.899584 1
7.397605 -16.226917 7.940184 1
7.282805 -16.037097 6.991784 3
7.257505 -15.137617 7.124284 14
7.937705 -14.416767 6.838984 4
8.257205 -13.709927 6.208984 8
9.197275 -13.460567 6.117984 10
9.653465 -12.621277 6.162684 10
10.254935 -12.206367 5.630184 11
10.886125 -11.620427 4.985984 13
11.623445 -11.113287 5.065084 13
11.951125 -11.162387 4.088684 4
11.173325 -11.699467 3.962584 13
10.557975 -12.447777 4.328984 13
10.138355 -13.018607 5.045184 10
9.890275 -13.906147 5.286784 3
9.931395 -14.730637 5.778684 11
9.893625 -15.137667 6.655084 4
10.511585 -14.437797 6.763384 10
11.263445 -15.028627 6.860484 13
10.638015 -15.833277 6.813684 4
10.948785 -16.723427 6.650784 6
10.300325 -16.764127 7.377984 4
9.913825 -17.454817 6.865884 5
10.299415 -17.798227 6.049784 9
9.507805 -17.387557 5.536084 9
9.033905 -17.000437 6.322084 4
9.623995 -16.254017 5.850884 4
9.740225 -16.041027 4.947284 10
10.338405 -15.275527 4.933384 6
10.389305 -15.388127 4.035784 10
9.960925 -16.101077 3.390584 15
9.101505 -15.788877 3.386984 5
9.315845 -14.923897 3.674184 3
8.439805 -14.456287 3.336284 1
8.564005 -13.634357 3.838184 7
8.252905 -12.821127 4.404384 10
7.325805 -12.733327 4.317884 4
6.726705 -12.720077 3.505284 10
6.600405 -12.334357 2.653784 13
7.223705 -11.986317 1.832084 5
6.955405 -11.044887 1.643784 8
7.271605 -10.144787 1.491984 10
6.836305 -9.383387 1.097884 4
6.437205 -8.653887 1.587684 1
6.341105 -9.419987 2.141084 1
5.856205 -10.236087 2.448384 1
6.460305 -10.747087 3.059684 13
7.006705 -10.342887 3.850084 6
6.868005 -9.658787 3.153284 11
7.770705 -9.720787 2.923484 11
8.222305 -9.591987 2.053784 4
9.097305 -9.719487 2.342684 12
9.826085 -10.163987 1.869784 10
10.584485 -9.634387 1.592584 6
10.980465 -10.420387 2.016284 10
12.011135 -10.345287 1.936284 4
12.724185 -9.853087 2.373384 4
11.895085 -9.564487 2.761684 4
11.317975 -10.273987 3.042684 3
10.694085 -11.056987 3.424184 13
9.984195 -10.753687 2.790084 14
9.371345 -11.327687 3.327984 13
9.305325 -11.613887 2.441284 5
8.725605 -10.754087 2.447384 4
8.414305 -11.088187 1.581784 5
7.954105 -11.408547 0.819084 15
8.683505 -11.362087 0.198684 10
8.666705 -12.269157 -0.029116 10
8.169705 -12.814367 -0.620316 4
7.638105 -12.574277 0.156784 3
7.636705 -12.742937 1.116184 9
8.607905 -12.586207 1.333284 5
9.157495 -11.704067 1.241484 10
10.269105 -13.292207 1.357084 1
9.320535 -13.741307 1.321484 1
9.539965 -14.679487 1.693284 4
9.167525 -15.422947 2.158284 13
8.934205 -15.793707 1.302684 10
9.641605 -16.356077 0.906384 9
9.289035 -16.867127 1.626784 1
9.919365 -17.686097 1.869684 4
10.562955 -17.044417 2.261484 9
10.648435 -16.089017 2.634484 1
10.562175 -15.880807 1.651584 13
11.160865 -15.125367 1.616784 4
11.417245 -14.183947 1.463584 15
10.840765 -13.714167 2.087084 6
10.638755 -12.953547 2.535284 13
10.842525 -12.097267 1.865484 10
11.228625 -11.839227 2.744284 13
12.009835 -11.529497 2.307384 4
11.387655 -11.255887 1.673984 10
11.299595 -10.694187 0.953984 10
11.911255 -9.856787 0.794084 4
11.547505 -8.973887 0.669684 4
11.293385 -8.517487 -0.139016 10
11.617735 -7.682387 -0.578116 8
12.553155 -7.837587 -0.463916 3
12.664655 -7.904987 0.465184 4
12.687975 -8.362587 1.292684 4
12.541825 -7.719487 2.102984 7
12.315035 -6.860887 2.256684 11
11.571875 -6.638687 2.794284 13
11.498745 -6.360087 1.799184 8
10.663155 -5.862987 1.727684 6
11.204795 -5.091687 1.591584 5
11.484595 -5.036487 0.681884 1
12.164145 -4.367287 1.018184 10
12.345205 -4.053487 1.896484 6
12.119905 -3.276287 1.410584 10
12.609895 -3.003387 2.214984 13
13.549985 -2.992287 2.188684 10
13.840765 -3.885987 2.148784 1
13.824085 -3.739187 3.027684 1
13.610795 -3.570187 3.927384 10
13.255765 -2.694887 4.100284 4
13.141755 -2.293787 4.985784 6
12.579045 -1.497187 5.212684 1
11.717825 -1.558987 5.614684 4
11.990085 -0.677687 5.910484 1
11.129675 -0.676487 5.579584 12
10.933925 -0.385787 4.723784 4
10.635765 0.118213 3.888684 10
9.668405 0.303613 3.723384 5
9.722465 1.252613 3.747484 13
8.994405 1.032513 4.462184 10
9.627535 1.206313 5.178284 3
9.977265 0.316313 4.983484 10
10.131305 -0.457787 5.485884 13
10.437455 -0.318187 6.460184 15
9.965795 0.157113 7.227284 4
10.702125 0.022213 7.813284 4
11.302285 0.625313 8.265484 13
11.663465 0.185713 8.986384 14
10.876335 -0.332187 8.936384 5
11.394775 -1.184687 9.112084 15
11.403575 -1.374087 8.136784 4
11.729935 -1.838187 7.376584 1
11.371665 -2.685187 7.645384 1
11.003965 -3.203487 8.354084 4
11.930555 -3.143687 8.625284 11
12.763345 -3.409187 8.260984 10
13.338155 -3.213187 7.408584 4
13.604665 -3.544387 6.531784 6
12.640025 -3.584487 6.662484 3
12.160635 -4.099887 7.352884 9
12.872515 -4.646787 7.132684 7
12.795115 -4.989387 6.237184 10
11.854855 -4.679287 6.506184 13
11.911025 -5.643687 6.647084 10
12.078065 -5.677687 5.689284 4
12.768395 -6.176987 6.015284 10
13.318875 -5.932887 5.214784 7
14.499965 -7.317887 5.888684 10
13.949415 -7.502587 6.640084 9
13.948225 -8.422987 6.321084 11
13.563255 -9.252387 5.907684 8
12.672425 -8.994387 5.587984 5
11.744375 -9.315387 5.742484 10
11.189675 -9.802687 5.098984 13
12.127535 -10.005787 4.788184 8
11.902045 -9.788287 3.891184 4
10.942805 -9.651487 3.782384 13
11.513655 -8.934987 3.537584 9
12.386215 -8.333587 3.435984 4
13.293495 -8.394587 3.079184 4
13.600795 -7.637787 3.605984 13
14.457875 -8.002787 3.362684 10
14.898345 -8.036687 4.231584 1
14.846295 -8.904287 3.881884 10
13.852575 -9.216687 3.806584 4
13.175825 -8.660887 4.231084 4
13.010745 -7.865087 4.811084 1
12.416975 -8.001987 5.624984 5
11.670185 -7.411987 5.943684 10
12.013345 -7.020287 5.202384 3
12.105055 -7.411287 4.345684 1
11.732375 -8.180487 4.737284 1
10.728945 -8.110187 4.423484 5
9.741355 -8.190187 4.573784 1
9.154965 -9.019987 4.580484 13
8.329405 -9.435787 4.433684 7
8.089805 -10.145287 5.009184 6
8.759005 -10.698587 5.512284 13
8.128705 -11.317787 5.210484 6
8.839205 -11.696837 5.742084 10
9.621905 -11.349487 5.345484 13
9.704375 -10.429287 5.067884 13
8.975505 -10.197287 4.474884 10
9.764265 -10.414487 3.985284 13
9.336735 -9.726687 3.414984 4
9.068405 -8.854587 3.363284 6
10.108355 -8.844287 3.490484 13
10.831545 -8.401687 3.061084 10
11.432815 -8.661187 2.307984 4
11.716565 -8.120387 1.623684 4
11.826505 -7.209687 1.304584 10
12.274535 -6.909687 0.542484 9
13.113635 -6.977987 0.128284 15
13.743305 -7.446687 0.574284 4
13.523325 -7.462287 1.548684 5
13.654975 -8.345287 1.802384 4
13.259145 -9.161687 1.532084 4
13.797515 -9.953387 1.720884 4
14.152175 -10.532487 1.070184 9
13.741285 -9.772887 0.664084 4
13.135815 -10.082887 0.034284 4
12.265395 -10.414787 -0.230116 10
11.578995 -9.858887 -0.595016 6
10.641695 -9.907787 -0.298616 10
10.069765 -10.043987 0.437484 7
10.350375 -11.040187 0.262284 10
9.506885 -10.869087 0.666484 10
8.769105 -10.369587 0.280384 1
9.438455 -10.266087 -0.440816 10
9.817245 -9.523987 -0.933716 11
9.413925 -9.248687 -1.701916 11
9.979915 -10.049787 -1.754816 10
9.536495 -10.857787 -1.508116 10
8.656505 -11.240387 -1.600716 1
9.087705 -11.936127 -1.182216 10
8.622805 -12.336627 -1.979316 10
8.088605 -11.937887 -2.670216 3
7.517605 -11.217987 -3.117916 12
6.836205 -11.532407 -3.644916 1
6.609805 -11.726307 -4.595516 8
5.694505 -11.868557 -4.589816 4
5.562705 -11.738797 -5.552116 13
5.345205 -10.819387 -5.677716 7
6.197905 -10.453687 -5.357216 4
6.829005 -9.880387 -4.906516 7
6.895005 -9.551587 -5.810816 4
6.713305 -9.525087 -6.747316 13
7.475105 -9.011587 -6.662016 10
7.979105 -8.974787 -5.836716 1
8.459905 -9.846187 -6.052716 4
8.736505 -10.601887 -6.636816 10
7.962905 -11.079287 -6.204116 7
8.172005 -11.723137 -5.432816 5
8.723705 -11.344287 -4.629716 3
8.779405 -10.605387 -3.977216 1
9.723905 -10.467887 -3.760616 9
9.746225 -10.661487 -2.797616 10
10.455825 -11.312887 -2.997616 10
10.832415 -11.062887 -3.878516 4
11.272165 -10.260287 -3.634516 7
11.776205 -9.711387 -4.244316 1
12.366575 -8.986887 -4.594116 5
11.660955 -8.430087 -4.147316 10
12.156225 -8.220587 -3.349816 6
11.334565 -7.756187 -2.995516 13
11.660385 -6.835687 -2.838616 12
10.963115 -7.169287 -2.169616 4
10.150075 -6.699287 -2.210716 1
9.399315 -6.960587 -2.791116 9
8.536805 -7.010187 -2.237016 4
7.998405 -6.883987 -1.386216 10
8.968805 -6.821387 -1.303416 15
9.732845 -6.280687 -1.188816 11
9.496645 -6.786787 -0.373316 13
9.677175 -7.713987 -0.361116 4
10.247475 -8.368387 -0.832316 13
10.317815 -8.386587 -1.875716 15
10.861165 -9.137787 -2.181016 13
10.907815 -9.922287 -1.611216 10
11.544715 -10.577987 -1.329616 10
12.446855 -10.404087 -1.432916 5
12.139105 -9.470287 -1.321416 3
12.449095 -9.019487 -0.529216 11
13.399275 -8.940387 -0.351616 4
14.044315 -9.398887 -0.878716 8
14.841085 -8.960687 -0.580316 10
14.446655 -9.179087 0.304784 4
14.786555 -8.359787 0.746684 4
15.590355 -8.938387 0.707584 10
16.256035 -8.774487 0.064684 1
17.173695 -9.111587 -0.136816 1
17.075995 -8.429887 0.504884 1
16.944485 -8.202487 1.390084 4
17.830615 -8.014587 1.741284 7
18.711238 -7.850287 1.358384 10
18.716556 -7.842787 2.348484 1
17.893935 -7.614487 2.775184 4
18.481568 -8.073287 3.345584 10
18.761849 -8.713587 3.959484 3
18.299322 -9.475287 3.554384 6
17.440345 -9.485087 3.173784 5
16.603105 -9.285087 2.814684 4
16.337935 -10.136787 3.222284 10
17.004775 -10.762087 3.626584 6
16.274575 -11.386017 3.427484 10
15.593105 -11.790977 2.881784 10
14.836415 -12.133587 2.400284 7
14.137995 -12.005517 1.743384 4
15.044575 -11.752397 1.461784 7
15.419105 -11.000287 1.081584 9
15.233465 -10.959687 2.118884 10
15.662805 -10.077087 2.153784 10
14.640955 -9.912687 2.255584 4
15.177685 -9.071987 2.088184 5
14.466665 -8.396987 2.365584 4
14.620245 -7.732287 1.628184 13
15.505485 -7.277587 1.604884 1
15.601815 -7.978087 2.311684 13
15.716855 -7.854687 3.261884 1
16.318655 -7.676087 4.028284 10
16.894625 -7.046687 3.557084 13
17.466295 -6.687687 4.283884 10
17.688705 -6.075387 4.916284 1
18.393253 -6.721887 5.325884 3
18.026835 -7.585287 5.162884 4
17.786805 -8.047587 4.367984 1
17.020095 -8.573487 4.717084 7
16.357155 -8.980987 4.102884 9
15.799615 -9.726987 4.234184 1
15.757255 -10.701387 4.213484 10
14.818285 -10.740187 4.319484 10
14.093465 -10.491087 3.692184 11
13.449245 -10.312887 3.027784 4
12.907115 -10.361387 3.880784 4
12.983985 -10.948187 4.633584 8
12.867875 -11.934097 4.690484 11
12.390325 -11.855117 5.597984 13
12.469045 -10.834587 5.583284 8
13.333975 -11.269387 5.563184 3
13.913235 -11.696867 4.830384 4
14.788525 -12.083107 4.817684 10
14.888695 -13.012597 4.879484 11
14.137525 -13.688277 4.991084 4
13.971895 -13.312557 4.170084 7
14.502995 -13.136327 3.299884 1
14.279525 -12.267187 3.820484 10
14.590985 -11.541197 3.245284 10
13.856275 -11.683927 2.649684 4
13.422255 -11.253687 3.534384 5
12.723465 -11.712537 3.017884 4
12.244445 -12.328457 3.574284 13
12.516535 -13.102727 3.130584 5
12.537445 -13.673047 2.288884 6
13.463475 -13.596657 2.476784 1
13.438875 -12.653267 2.777484 4
14.178395 -13.011017 2.079184 7
13.450465 -12.915757 1.409884 6
12.698365 -12.426667 1.029884 4
12.453695 -12.347157 0.106784 5
11.508535 -12.030027 -0.264816 10
10.589005 -11.764457 -0.277216 10
10.635845 -12.619357 0.091584 10
10.224885 -13.478167 0.314884 15
10.017975 -14.393807 0.424084 13
10.915735 -14.740417 0.556184 15
11.187235 -14.884887 -0.339216 13
10.805545 -13.961707 -0.486216 15
10.152485 -13.468047 -0.965016 10
9.437355 -13.225687 -0.302716 9
9.823925 -12.447397 -0.662916 10
10.238075 -11.740207 -1.299516 10
11.181915 -11.522347 -1.184116 10
11.447905 -11.691267 -2.117916 9
10.568435 -12.141537 -2.163716 10
10.144005 -12.492617 -2.914616 4
9.240375 -12.584017 -2.866816 10
9.259905 -13.471087 -2.600816 7
10.090625 -13.580427 -2.999216 4
10.713935 -14.377357 -3.092316 12
10.388995 -15.318447 -3.271116 7
9.440595 -15.270647 -3.467216 1
9.875675 -14.706447 -4.159816 4
9.146465 -14.352977 -3.619716 1
8.822605 -14.537237 -2.740816 7
8.716405 -14.373537 -1.782316 12
9.573405 -14.469477 -1.306816 7
10.439555 -14.748647 -1.681916 3
11.206445 -14.104917 -1.838816 1
10.698615 -13.250087 -1.845316 10
11.439705 -13.136847 -2.385516 1
11.803265 -12.993607 -1.468216 10
12.691105 -13.258247 -1.666516 13
12.758215 -12.408267 -1.193216 6
13.515185 -11.684317 -0.949116 11
12.641125 -11.363987 -0.734616 9
12.893285 -11.285487 0.188484 13
12.003065 -11.360887 0.471184 10
12.423415 -11.218487 1.361984 4
13.427875 -11.279687 1.185784 4
13.997995 -11.867527 0.706884 14
14.460685 -12.692197 0.926884 7
15.190335 -13.254857 0.684284 7
15.621535 -13.209087 -0.137316 7
16.088745 -13.932527 -0.616316 11
16.088875 -14.895737 -0.751616 13
16.982235 -14.856477 -0.363616 12
16.899775 -14.609617 -1.284816 4
17.603325 -14.141597 -0.851116 12
18.547178 -13.745387 -0.666216 10
18.113285 -13.053507 -0.063416 4
17.242535 -12.790237 0.230084 7
17.224085 -13.089387 1.159384 10
16.899005 -13.909177 1.522284 7
16.426585 -14.524747 1.004284 12
16.898035 -14.090427 0.289584 7
17.749185 -14.066027 0.646984 12
18.096695 -13.671327 1.480684 4
18.576529 -13.353047 2.370584 14
18.408596 -12.616757 1.749484 10
19.185361 -12.010097 1.836984 1
18.599877 -11.918487 2.577884 7
19.087992 -11.420627 3.160084 1
18.167264 -11.590097 3.479784 3
17.205155 -11.785537 3.505684 1
17.182575 -11.627937 2.555284 10
17.960135 -11.302987 2.043384 10
18.898387 -10.937187 2.121484 1
18.386705 -10.322187 1.634484 7
18.307012 -9.355887 1.596284 7
17.385605 -9.496287 1.266584 1
17.050445 -10.346987 1.653084 10
16.726295 -11.146787 1.248184 10
16.344465 -11.169487 0.420484 4
15.419935 -11.097987 0.031284 7
15.485215 -11.595617 -0.765316 11
14.516505 -11.271387 -0.733116 14
14.268455 -12.083247 -0.266116 7
14.981095 -12.499277 -0.760516 7
14.692165 -12.418837 -1.733116 5
15.475085 -12.905887 -2.150716 1
15.513515 -11.947817 -2.275816 10
15.195155 -11.451817 -3.068316 1
16.147605 -11.411597 -2.998416 9
17.159355 -11.581447 -3.067116 10
17.768135 -11.033387 -2.535016 4
18.128435 -11.702287 -1.919316 15
17.486265 -11.225987 -1.433716 12
16.653495 -11.022787 -0.959816 4
17.129095 -10.757987 -0.172516 11
17.256055 -11.585067 0.425884 10
16.462765 -12.176097 0.426784 7
15.919075 -12.177807 1.167284 7
16.308765 -11.938137 2.065984 10
16.273035 -12.845467 1.870584 7
17.121075 -12.807997 2.238884 10
17.846555 -12.667167 2.867784 14
17.872175 -12.771457 3.813984 14
17.971785 -12.023897 4.486384 7
18.794491 -12.463797 4.113284 10
18.610603 -12.589737 5.120784 13
18.949466 -13.319237 5.745284 9
18.629024 -13.641977 6.597584 15
19.473769 -13.784847 7.094484 10
20.098766 -13.986477 7.881084 12
19.554834 -14.282277 8.681684 12
19.452553 -13.435497 9.150784 1
19.210893 -13.220617 10.002184 7
19.970198 -13.948947 10.028484 1
19.517498 -14.422547 10.792684 1
18.765706 -14.050097 11.372184 13
18.18389 -14.778867 11.341884 7
17.219235 -14.625867 11.585684 4
17.176735 -13.724217 11.829384 10
17.500385 -13.525547 12.754784 1
18.31548 -13.941407 12.949884 4
18.402481 -14.888937 12.932284 1
18.9509 -15.434507 13.586284 10
18.220159 -16.130147 13.482284 7
17.387075 -16.193207 13.933584 1
16.773645 -17.003807 14.012584 4
17.145525 -17.733387 14.533484 10
16.657445 -17.493147 15.361484 4
16.490205 -17.696467 16.286584 7
17.418865 -17.739787 16.557084 11
17.647265 -16.851647 16.631984 1
18.048425 -15.980537 16.556284 12
18.753099 -16.669177 16.623784 7
19.131238 -17.519957 16.838384 7
19.884693 -16.838267 16.777984 11
20.009052 -16.590157 15.819384 10
19.673267 -16.787977 14.959484 8
20.082149 -16.453207 14.169584 12
20.026063 -17.128077 13.472084 10
20.111698 -18.129467 13.438684 6
20.767905 -18.826237 13.330284 1
21.395095 -18.229217 13.738984 7
21.618285 -17.326147 13.406184 13
22.223215 -17.365737 12.676784 10
23.174875 -17.378147 12.528384 7
22.679705 -16.999647 11.785584 14
22.266915 -16.019737 12.014584 10
23.173325 -15.776007 11.950484 1
23.405175 -15.095857 11.307184 9
23.204175 -14.211707 11.011084 5
22.570965 -14.344457 11.716184 10
22.150835 -14.324117 10.855684 11
22.174815 -13.360197 10.949884 13
22.357345 -12.924647 10.092184 15
21.896985 -13.684907 9.777684 7
21.738375 -14.168667 8.950284 10
21.733585 -14.315837 8.013784 16
22.164835 -13.957897 7.131284 10
21.682785 -13.297087 6.616384 1
20.718805 -13.433127 6.409384 4
20.261195 -12.735627 6.815084 7
20.658865 -12.014577 6.224184 10
20.801825 -11.301187 6.789784 1
20.117868 -10.658487 6.427584 1
19.350332 -10.882287 5.816984 6
19.296508 -9.918187 5.751284 1
18.77988 -9.646587 5.003284 4
18.395947 -10.444087 5.104084 7
17.715355 -10.309287 5.741684 1
17.089685 -10.502587 6.441884 7
16.928085 -11.302887 5.942184 7
16.357715 -12.011797 6.328784 11
15.909065 -11.203387 6.596384 10
15.312795 -11.520557 5.873284 11
15.511295 -11.306187 5.016884 10
16.405615 -11.412407 4.583584 7
16.477555 -12.340957 4.194584 10
16.430135 -12.371607 5.167484 4
15.921485 -13.199407 4.815184 11
15.717285 -13.734537 4.002184 14
15.664555 -12.781777 3.692984 10
15.690065 -12.855757 2.714984 7
16.387815 -13.534207 2.848084 10
17.067295 -14.228317 3.026884 14
17.567935 -14.410417 2.161184 1
17.864095 -15.096467 1.643084 12
18.732527 -14.877917 1.227784 7
18.368486 -15.627347 0.675684 12
19.17096 -15.259077 0.313984 1
19.378544 -14.919977 -0.561016 4
18.595335 -15.376407 -0.967516 12
18.318325 -15.373677 -1.865316 10
18.24934 -15.214717 -2.789716 1
18.103435 -16.130327 -3.123616 9
17.684025 -16.245567 -2.226516 13
18.028865 -17.003097 -1.678816 7
17.872755 -16.627117 -0.805216 10
17.665445 -15.663007 -0.933016 12
17.531685 -16.036117 0.005184 12
17.076225 -16.897787 -0.182316 7
16.270025 -16.513857 0.065184 1
16.176985 -16.409077 1.030184 7
15.265295 -16.107747 1.419684 1
14.883775 -15.617917 0.673984 10
15.024125 -14.740417 1.084484 7
15.576845 -13.966547 1.231784 7
15.588565 -14.568097 2.003784 4
14.847035 -13.904717 2.160584 7
14.382055 -14.718337 1.934184 15
13.525595 -14.355317 1.716584 7
13.466025 -14.433177 0.716384 1
12.659115 -13.890687 0.629984 15
12.155655 -14.308257 -0.152016 15
12.482665 -15.082447 -0.554216 7
12.716615 -15.555517 0.234484 15
13.375075 -16.181877 -0.131216 16
13.716465 -15.308907 0.143084 12
14.143525 -14.734487 -0.485916 10
14.540055 -14.345017 0.281984 7
14.966205 -14.077867 -0.585916 7
15.331675 -14.163937 -1.482916 1
14.670135 -14.367797 -2.088216 1
15.494375 -14.752267 -2.435816 1
15.139375 -15.588727 -2.779416 12
14.285185 -16.019147 -2.953116 3
13.609765 -16.676687 -2.464416 12
12.843055 -16.224217 -1.904916 10
12.271335 -16.827007 -1.223616 1
11.513285 -17.344497 -1.009716 7
10.731525 -17.656627 -0.522916 11
11.438355 -18.307127 -0.396416 16
10.665495 -18.819947 -0.286716 9
10.466445 -19.678977 0.174284 7
10.234895 -20.274137 0.999084 15
10.859845 -20.693274 1.550884 7
11.688025 -20.781925 1.026484 10
11.845875 -21.616591 0.537984 4
11.295005 -21.251136 -0.175216 15
11.080255 -21.722089 -1.057916 12
11.958665 -21.936933 -0.938216 7
12.905965 -21.743079 -0.883916 12
12.798055 -21.365199 -1.768316 1
13.077935 -20.437266 -1.992316 1
13.152725 -21.172143 -2.754016 5
12.622235 -21.134913 -3.502716 7
12.197905 -21.198256 -4.370416 10
12.317925 -20.862949 -5.279116 1
13.002415 -21.447751 -5.585616 4
12.742855 -22.345752 -5.273416 7
13.250185 -23.007937 -5.785316 1
14.237605 -23.124837 -5.781316 1
14.065735 -23.334857 -6.735616 7
13.305125 -22.678037 -6.745616 1
12.682625 -22.174034 -7.342216 1
13.129525 -22.192805 -8.222416 1
13.211075 -21.744694 -9.045916 15
13.033695 -20.938726 -9.484116 1
12.073265 -20.972202 -9.226516 1
11.866695 -20.917091 -10.178716 1
11.456555 -21.242983 -10.954216 7
11.123755 -20.755758 -11.715216 10
10.320665 -20.357317 -12.053116 12
10.545835 -19.429347 -11.830216 12
11.322455 -19.632457 -12.264116 11
11.887405 -20.331377 -12.582616 7
11.510335 -20.087237 -13.454116 12
12.005185 -19.888157 -14.299816 15
12.085215 -19.034667 -14.724616 11
11.342005 -18.770897 -14.199116 7
10.661355 -19.383297 -14.131116 12
11.011935 -19.717997 -14.916916 15
11.292255 -18.779437 -15.246116 7
11.784975 -19.473487 -15.745416 10
12.537965 -19.034097 -16.027916 10
13.001815 -19.125887 -15.209716 15
13.061885 -18.186077 -15.351816 16
12.254605 -17.814077 -15.707716 7
12.340905 -17.086137 -15.102216 7
13.245145 -17.153057 -15.443116 9
12.763775 -16.748647 -16.205616 7
13.129505 -16.720957 -17.092816 13
12.245805 -16.422917 -17.526516 16
11.777845 -16.094037 -16.683816 7
10.907425 -16.095467 -16.951716 13
10.596925 -16.565577 -16.181816 7
11.153135 -15.860477 -15.841416 7
11.612605 -15.037047 -16.023716 7
11.089425 -14.164197 -15.984916 16
10.680875 -13.301997 -16.010516 9
10.374885 -12.584547 -16.569316 13
9.683935 -12.260427 -15.880216 4
9.931725 -11.498937 -15.318816 16
10.286065 -11.212487 -14.407616 12
9.965945 -11.154087 -13.503816 7
9.364235 -11.296187 -12.737416 11
9.064305 -10.452987 -13.087216 15
9.413995 -10.266287 -13.945816 1
8.763505 -10.761987 -14.554516 7
8.433805 -10.654287 -15.500916 12
8.738505 -11.586137 -15.273216 16
8.951905 -12.420887 -14.963816 14
9.663115 -12.240767 -14.348416 7
10.010505 -12.865387 -15.009916 1
10.920925 -12.405447 -14.982816 10
11.453335 -12.988157 -14.423216 6
11.159585 -12.414397 -13.677416 15
10.946025 -13.029497 -12.953716 11
10.859645 -13.702317 -12.306216 5
11.682765 -14.124197 -12.594416 11
11.950855 -14.526767 -13.420416 12
11.119485 -15.079317 -13.754616 7
10.298835 -15.319617 -14.239116 7
9.510105 -14.779827 -14.093116 4
8.994505 -14.648457 -13.302816 1
9.641625 -15.284917 -12.930616 7
10.468245 -14.828137 -12.793716 7
10.356085 -15.083667 -11.864616 4
10.826435 -14.594477 -11.154916 1
11.363375 -15.488367 -11.147916 12
11.617435 -15.091817 -10.326816 11
11.946325 -15.130457 -9.380816 1
12.409995 -14.666437 -8.674016 16
12.072535 -14.262877 -7.840516 10
11.699395 -13.645207 -7.188516 16
12.661095 -13.388977 -7.182816 7
13.315395 -12.789577 -7.488716 9
13.723765 -13.131597 -8.291716 1
14.160785 -13.749157 -8.893416 10
13.836995 -12.883367 -9.315716 7
14.357675 -12.627887 -10.056916 15
13.646665 -12.299107 -10.686616 10
13.824935 -12.511577 -11.607116 16
14.256455 -12.225677 -12.509816 7
13.988795 -11.376887 -12.992716 15
13.432745 -11.598297 -13.797016 14
14.340745 -11.799167 -14.066016 7
14.232695 -10.862887 -14.293816 7
15.043385 -10.534887 -14.738716 12
14.572275 -9.926787 -15.338016 1
14.711405 -8.912787 -15.509516 1
15.450165 -8.287987 -15.403916 10
16.408405 -8.648687 -15.386916 1
16.106855 -8.561187 -16.331016 12
15.802685 -8.198887 -17.199316 13
15.056185 -8.591587 -16.794316 1
15.165665 -9.547387 -16.784416 12
15.509995 -9.453887 -17.689716 7
15.007995 -10.248387 -18.053916 7
15.238445 -10.517787 -18.933716 13
15.500175 -11.203987 -19.576816 16
15.274775 -12.106227 -19.515616 11
15.323875 -11.852127 -18.549416 15
14.804335 -12.732037 -18.455516 7
14.836265 -13.797217 -18.429816 6
14.227945 -14.510367 -18.104216 16
13.534665 -14.459457 -17.390216 15
12.928865 -14.358207 -16.633616 4
12.641985 -15.169417 -16.246416 7
13.252725 -15.628977 -15.667216 7
14.014975 -15.833667 -15.177616 9
13.785165 -15.132587 -14.600716 15
12.982105 -14.733607 -14.214416 15
12.408225 -15.038777 -14.977316 7
12.197275 -15.895497 -14.473516 7
12.886815 -16.575477 -14.271116 7
13.130515 -17.429757 -13.829616 16
12.413365 -17.893957 -14.201716 7
13.171545 -18.424517 -14.314616 9
13.143285 -19.316197 -14.027216 10
13.244095 -18.771907 -13.170416 11
13.378555 -19.656387 -12.753716 13
13.879635 -20.556339 -12.661716 12
14.545835 -19.879407 -12.641216 11
14.329065 -19.669237 -11.668816 7
13.826745 -19.465167 -10.863316 12
13.356135 -20.192437 -11.274016 16
13.935505 -21.011685 -11.198016 1
14.408275 -21.695445 -10.719216 11
14.565925 -21.001274 -10.090316 1
14.657465 -21.573421 -9.259616 7
14.106375 -22.421047 -9.449616 5
14.405705 -22.994297 -8.650916 16
14.188365 -23.827597 -8.259016 16
13.826155 -24.657727 -8.622816 12
14.554715 -25.011987 -8.044616 10
14.942385 -25.438307 -7.331916 14
14.012945 -25.703337 -7.331916 16
13.378485 -26.344697 -7.575416 7
12.451715 -25.987397 -7.768516 10
11.527465 -25.878197 -7.608916 4
11.415865 -26.929087 -7.281516 12
12.158025 -27.460567 -7.606316 1
11.338885 -27.782327 -8.049816 7
11.695185 -26.990217 -8.461416 16
11.922855 -27.244377 -9.324116 7
12.280875 -26.299647 -9.304816 7
11.619455 -25.603247 -9.634616 1
11.125535 -25.096567 -8.937516 1
10.266515 -24.733037 -9.144616 1
10.094295 -25.312177 -8.442216 7
10.422265 -25.930047 -7.745616 12
10.052305 -25.275747 -7.165616 10
10.415095 -25.013317 -6.309916 1
10.917215 -24.175767 -6.175116 15
10.735515 -23.342877 -5.785516 1
10.433155 -23.049207 -6.653416 16
10.125675 -22.460947 -7.369316 15
10.756655 -21.84757 -7.009216 7
11.319675 -21.593984 -7.753716 1
11.474935 -20.751465 -7.349816 1
10.816675 -20.276207 -6.829316 7
10.646835 -19.476507 -6.336816 15
11.298175 -19.392407 -5.778016 13
12.091315 -19.571547 -6.285816 13
13.027665 -19.342307 -6.161616 12
13.927545 -19.398297 -6.504916 15
14.253155 -19.481207 -7.425416 12
14.848865 -18.743677 -7.298916 8
15.112845 -17.893107 -7.028916 7
14.639075 -17.599677 -7.745716 5
14.587485 -16.709927 -7.243916 13
14.965255 -16.371937 -8.092516 12
14.561485 -17.041587 -8.720616 7
15.012405 -17.615677 -9.346416 16
15.506755 -18.391897 -9.045716 7
14.728845 -18.998697 -9.048316 12
13.785505 -18.992507 -9.244316 1
12.826755 -18.819767 -8.907816 1
12.086035 -18.779517 -9.596716 7
11.636575 -18.199867 -10.240716 11
11.198585 -17.667067 -9.559416 1
10.934365 -16.896867 -10.024916 9
11.652345 -16.840037 -10.685316 11
10.917465 -16.693317 -11.306416 16
11.173935 -16.408957 -12.221116 7
11.105985 -17.403827 -12.245516 11
10.504985 -17.715187 -12.954616 7
10.205895 -18.639967 -12.966216 12
11.116835 -18.561797 -13.187516 11
11.028365 -17.793797 -13.835616 7
10.735605 -17.060597 -14.379016 7
10.128045 -16.498627 -13.936016 7
9.334035 -15.932727 -14.007116 4
8.754005 -15.921977 -13.174516 15
8.111905 -16.309037 -12.548216 16
7.665105 -15.930347 -11.779116 14
7.224805 -15.376447 -11.071516 7
6.748105 -16.117387 -11.361816 10
6.802405 -16.725827 -10.645516 7
5.857905 -16.473057 -10.669916 5
5.716005 -16.689967 -11.621116 16
4.990805 -16.947357 -12.246316 16
5.371305 -16.149937 -12.705216 7
5.550405 -16.444757 -13.613616 16
6.456905 -16.486767 -13.320516 9
7.410205 -16.450447 -13.401716 1
8.270105 -16.585267 -13.887816 1
8.962605 -17.150667 -14.269716 7
9.762635 -17.204917 -14.938516 7
9.350855 -18.081047 -14.835716 7
8.748205 -18.814807 -14.728316 10
9.190505 -19.717957 -14.566516 15
9.385475 -20.528209 -14.098016 12
8.828105 -20.594058 -14.884616 15
8.181605 -19.952487 -15.127616 15
7.617405 -19.505837 -14.489816 11
8.085205 -19.143947 -13.717216 1
8.891105 -18.869537 -13.181816 12
9.013505 -17.987417 -13.417916 7
8.615705 -17.578847 -12.616016 1
9.565125 -17.518587 -12.477416 16
10.043755 -16.810067 -12.985116 7
10.098425 -16.315867 -12.122516 7
9.855135 -17.010227 -11.548616 13
10.190895 -17.319857 -10.753116 16
10.471405 -18.119237 -11.199516 11
9.734605 -18.661697 -11.717716 12
8.997605 -18.049377 -11.317616 16
8.236505 -18.651537 -11.183516 1
7.902405 -19.237857 -10.481216 13
8.716505 -19.312447 -9.939316 7
9.534075 -19.112887 -10.448816 12
10.244445 -19.724177 -10.337016 7
11.021575 -19.808607 -10.761016 6
12.025955 -19.842517 -10.518416 12
12.201605 -19.662357 -11.492016 15
12.221595 -18.729777 -11.736016 11
12.075065 -18.011907 -12.305816 11
11.874315 -17.785977 -13.212716 7
12.268925 -16.858267 -13.022116 7
12.078305 -16.982017 -11.981516 11
12.441565 -16.225617 -11.476316 8
12.297445 -15.871677 -10.600416 9
13.122465 -16.241937 -10.359416 4
12.946025 -17.125487 -10.811616 16
13.842815 -16.814137 -10.955616 15
14.664885 -16.621527 -11.406216 15
14.093265 -15.848957 -11.534216 7
14.474665 -15.728007 -12.370916 15
13.773795 -15.079617 -12.404616 12
13.148555 -15.789387 -12.320116 1
12.482575 -15.597937 -12.966416 1
11.737735 -15.966857 -13.453816 7
11.146075 -16.116877 -14.141316 7
11.373405 -16.466787 -15.003016 7
10.752335 -17.110347 -15.359416 7
10.880535 -18.018057 -15.823416 7
11.345475 -18.379457 -16.630016 1
12.324975 -18.250237 -16.955316 11
13.243495 -18.390967 -17.319916 1
13.554195 -19.204807 -17.816716 1
13.559015 -19.460697 -18.730316 16
13.619565 -20.382138 -18.537316 1
13.018375 -20.030057 -17.806916 1
12.784565 -20.816266 -17.209416 1
13.423085 -21.146016 -16.597016 14
13.531115 -20.563643 -15.784516 16
12.679085 -20.506334 -15.277916 7
12.106425 -21.273573 -15.129016 16
12.521785 -22.037966 -14.623116 15
11.783365 -21.736071 -14.088116 11
11.369845 -21.390779 -13.265516 16
10.661585 -20.899213 -12.920516 12
9.806005 -20.444505 -13.063016 12
9.783025 -19.622417 -13.587516 12
9.824475 -18.759217 -14.170216 7
9.848815 -19.205857 -15.063416 15
10.052445 -18.618117 -15.810616 7
9.049605 -18.495617 -15.683516 5
8.874805 -17.524847 -15.603216 7
7.888905 -17.111127 -15.553416 16
7.481505 -17.673897 -14.869116 1
7.199305 -17.997377 -13.995416 11
6.532905 -17.660987 -13.490816 1
7.228905 -17.615967 -12.816916 1
6.641505 -17.898527 -12.133316 13
6.607105 -18.788057 -11.696316 16
7.463205 -19.058387 -11.535816 1
7.679405 -18.993077 -12.446116 15
8.594205 -19.491557 -12.117916 12
8.252105 -20.261497 -11.576916 7
9.102305 -20.475035 -12.166516 12
9.616295 -20.928938 -11.452716 12
10.136915 -21.186302 -10.613016 11
9.800535 -22.068384 -10.738116 7
9.957915 -22.080821 -11.689716 12
10.504575 -22.783587 -12.035716 5
10.471045 -22.136915 -12.758416 12
10.504165 -23.013927 -13.134616 7
11.339135 -23.287097 -13.506116 8
12.133715 -22.758907 -13.566316 9
12.994485 -22.953247 -14.117916 7
12.226645 -23.444257 -14.407016 1
11.918385 -23.646797 -15.339516 16
11.056845 -23.848177 -15.041516 8
11.322025 -23.010947 -14.657516 13
11.112425 -22.122526 -14.986116 7
10.623765 -21.500527 -14.353116 12
10.994635 -20.816219 -14.915716 15
10.999085 -20.656047 -15.875516 7
10.177395 -20.310277 -16.157016 15
10.290765 -19.723747 -16.895116 7
9.358575 -19.593497 -16.752716 15
9.193385 -18.580527 -16.989716 11
10.067455 -18.175197 -16.882016 7
9.323215 -17.556477 -16.962916 11
9.230715 -16.611257 -16.561916 11
9.546915 -16.452367 -15.667316 7
9.565115 -15.518187 -16.014516 1
9.514815 -15.339217 -15.055216 7
9.739535 -14.491627 -15.456216 15
10.430445 -15.167447 -15.538316 7
10.355665 -15.161127 -16.537216 1
9.488015 -14.670437 -16.606416 7
9.029205 -14.236057 -17.401716 11
9.485205 -14.339177 -18.324316 16
8.486705 -14.240607 -18.441916 1
7.922105 -13.481997 -18.237416 10
7.216505 -14.101967 -18.161716 16
6.582405 -14.889037 -18.428516 16
6.995305 -14.817287 -19.345716 1
7.394705 -15.503577 -19.875716 14
7.789205 -15.538607 -19.002116 1
8.532005 -15.851177 -19.539816 1
8.112405 -16.625697 -19.916016 12
7.447805 -17.307137 -19.595716 16
7.455605 -17.733927 -18.748716 1
8.247405 -18.351857 -18.561916 1
7.957505 -19.246137 -18.723716 16
8.683705 -19.584287 -18.232016 7
9.161585 -20.412743 -18.132116 16
8.879605 -21.207558 -17.658916 15
9.705485 -21.469609 -18.076316 5
10.719515 -21.552818 -17.889816 1
10.430585 -21.140846 -17.143816 15
10.745485 -21.575958 -16.303316 12
10.021135 -22.117486 -16.667416 1
10.022135 -22.925507 -16.098416 12
9.111705 -23.293457 -16.221416 16
9.064705 -22.854397 -17.021416 1
8.387205 -22.433867 -16.477116 16
8.870205 -21.651959 -16.277416 15
9.420865 -21.04439 -15.674016 15
9.774235 -21.926374 -15.323216 1
9.767075 -22.260762 -14.388816 12
8.835605 -22.479157 -14.448616 16
9.243305 -23.279337 -14.719216 16
10.166785 -23.497077 -14.508716 8
9.627355 -23.285367 -13.738616 13
9.718675 -24.252757 -13.755216 8
8.787305 -24.093857 -13.591616 16
8.694405 -24.514077 -14.425816 16
8.439205 -25.287277 -14.953416 11
8.077505 -25.386647 -15.768616 16
7.594305 -26.258007 -15.922416 11
6.994405 -26.189527 -16.676316 7
7.231905 -25.313067 -16.499316 16
6.836605 -25.215917 -15.617716 16
7.278305 -25.658467 -14.848916 11
7.699505 -25.302967 -14.021416 16
7.600205 -26.278337 -14.064816 11
7.841405 -27.235227 -14.206116 1
6.854405 -27.283407 -14.085016 11
6.375005 -27.900907 -13.448816 1
5.474205 -27.834617 -13.821716 7
5.418105 -27.000767 -14.484416 1
5.560205 -26.477887 -13.743016 11
4.918005 -26.065857 -14.354416 1
4.855105 -25.174227 -14.712116 16
5.433405 -24.647227 -14.185816 16
5.008705 -24.877717 -13.303116 1
4.782805 -23.990527 -12.949216 1
5.187805 -23.412617 -13.647216 16
5.085905 -22.542547 -13.257416 1
5.307805 -21.76197 -12.744116 1
6.089205 -22.195319 -12.600416 12
6.763205 -22.895447 -12.939116 7
6.670705 -22.978587 -13.904116 16
5.866705 -22.608887 -14.170016 16
5.850005 -21.676854 -14.007716 11
6.659005 -21.91102 -14.420916 5
6.634205 -20.956207 -14.571916 15
7.111505 -20.659065 -13.753016 16
8.052105 -21.004735 -13.712016 15
8.862605 -21.047908 -13.153016 12
8.741605 -21.681306 -12.493016 1
9.149185 -22.411207 -13.011016 12
8.613905 -23.112017 -13.296716 16
7.772305 -22.668637 -13.670916 5
7.633005 -22.600377 -14.642116 16
7.905405 -21.944134 -15.291716 15
7.366705 -22.694667 -15.699416 16
6.903205 -23.503527 -15.998416 16
6.280305 -22.807917 -16.318116 13
6.436605 -22.087727 -15.640216 16
7.109505 -21.299195 -15.751816 15
7.235905 -20.360227 -15.685416 15
6.582105 -19.769767 -15.283416 1
6.299205 -19.617677 -16.172016 1
5.979705 -20.465558 -15.855016 16
5.046205 -20.431543 -15.603516 1
5.329205 -21.045398 -14.934716 1
5.255905 -22.01119 -15.243816 7
5.373905 -22.981917 -14.999816 16
5.067205 -23.946587 -14.940216 16
4.178205 -23.815997 -15.289116 11
4.629105 -23.933237 -16.150516 1
5.304805 -24.713887 -16.190716 16
5.008505 -24.601597 -17.144616 1
5.806905 -25.120737 -17.019716 16
5.908105 -25.563817 -16.163616 16
5.227605 -26.240687 -15.949816 12
5.634105 -25.868357 -15.186316 16
6.483505 -26.173867 -15.496316 11
6.216305 -27.020497 -15.122316 11
6.885805 -27.421957 -15.746816 12
7.815505 -27.663447 -15.399816 11
8.388805 -26.962107 -15.210916 11
9.114305 -26.854887 -14.512016 16
9.945245 -26.562287 -14.212916 12
9.579495 -25.686107 -14.045416 15
10.481805 -25.213567 -13.910416 8
11.307255 -25.661387 -14.090216 5
11.395365 -24.885097 -14.662516 8
10.822695 -25.499217 -15.188516 1
9.871845 -25.410657 -15.349416 8
10.056455 -25.907547 -16.132916 1
10.366475 -26.838527 -16.120816 15
10.484705 -27.606327 -16.734416 1
10.993385 -26.799477 -16.954616 16
10.937945 -25.939837 -17.482216 15
10.137485 -26.282337 -17.970416 5
9.361675 -25.693957 -18.090416 16
8.425405 -25.870147 -17.700216 7
8.091605 -25.891517 -18.568916 12
8.459605 -25.051377 -18.711916 9
8.018705 -25.168787 -19.561216 1
7.360105 -24.476537 -19.343616 1
7.268405 -23.717407 -18.759916 7
6.922805 -23.085027 -19.454616 1
7.849005 -23.286427 -19.594416 16
7.625805 -22.552047 -18.929716 12
8.609805 -22.616497 -18.966116 13
9.096305 -23.274647 -19.336716 14
8.963205 -24.009957 -18.648416 1
8.240105 -24.209757 -18.068616 12
8.117305 -24.398597 -17.080016 16
8.677405 -24.374597 -16.336716 16
9.219735 -25.148387 -16.396616 1
9.926935 -25.168297 -17.064716 1
10.583495 -24.454517 -17.491916 7
11.383465 -24.678607 -17.096616 5
10.934775 -24.315037 -16.361316 5
10.168425 -24.375827 -15.786516 8
9.425615 -24.154027 -15.201116 1
8.474205 -23.988767 -15.394316 16
7.622005 -23.577287 -15.232416 16
7.109305 -23.763757 -14.436016 16
7.555505 -24.247367 -13.786516 16
7.161305 -24.335707 -12.872516 7
6.806205 -25.209137 -12.824016 15
6.446005 -25.353097 -13.686716 11
6.554805 -24.680487 -14.386116 16
6.664205 -24.163737 -15.235816 16
5.862805 -23.670977 -15.602016 16
5.677905 -23.766357 -16.570216 1
5.722905 -23.529317 -17.496516 15
6.081105 -24.338817 -17.987216 12
7.007405 -24.139997 -17.773116 1
7.226405 -23.889647 -16.890616 16
7.626005 -23.102697 -17.201216 16
6.711905 -22.664327 -17.163316 11
7.075105 -21.984097 -17.702416 12
7.308605 -21.210643 -17.158816 1
8.210305 -20.94458 -16.861816 15
8.529705 -20.103057 -16.561416 15
7.637305 -20.157737 -16.965216 16
7.419405 -19.300717 -16.637216 11
7.371305 -18.414897 -17.035316 1
6.905705 -17.474757 -16.979216 16
5.979605 -17.291087 -17.050916 16
5.067905 -17.213047 -16.823816 11
4.459805 -16.483257 -16.883416 1
4.186005 -15.672167 -17.291816 1
4.276805 -14.767957 -17.339416 1
3.513005 -14.737627 -16.685716 16
3.628205 -14.680057 -15.715316 7
2.990905 -14.390457 -15.122416 12
2.212705 -14.709007 -14.604416 16
2.128205 -15.705677 -14.657016 5
2.913405 -15.855747 -14.143116 1
2.647005 -16.255277 -13.336516 16
3.312705 -16.223717 -12.607416 1
4.027005 -15.729037 -12.276116 16
4.958405 -15.631967 -11.943416 7
