#chr1	x1	x2	chr2	y1	y2	name	score	strand1	strand2	color	observed	expectedBL	expectedDonut	expectedH	expectedV	fdrBL	fdrDonut	fdrH	fdrV	numCollapsed	centroid1	centroid2	radius
# juicer_tools version 1.9.9
11	290000	300000	11	450000	460000	.	.	.	.	0,255,255	30.0	7.6425157	6.4603457	7.0041857	8.098543	4.100038E-7	1.4928344E-7	4.4154254E-7	2.0942725E-5	3	305000	455000	10000
11	5600000	5610000	11	5890000	5900000	.	.	.	.	0,255,255	23.0	3.4330056	5.4300637	4.0388303	5.8860593	1.0411516E-7	7.759063E-5	2.6065552E-6	1.3259496E-4	2	5605000	5890000	5000
11	780000	790000	11	1120000	1130000	.	.	.	.	0,255,255	19.0	3.8808274	5.3391223	4.3081098	5.5593553	1.7983522E-5	0.0018136408	4.524062E-4	0.004649007	1	785000	1125000	0
11	4130000	4140000	11	4470000	4480000	.	.	.	.	0,255,255	17.0	2.5271688	3.0844526	4.178244	3.453501	2.1214419E-5	1.0785359E-4	0.0036082976	4.45486E-4	2	4135000	4480000	5000
11	5130000	5140000	11	5760000	5770000	.	.	.	.	0,255,255	16.0	1.1295923	1.075973	1.484414	1.7620232	2.5486484E-8	5.1006605E-8	5.345854E-8	1.3587902E-6	1	5135000	5765000	0
11	1600000	1610000	11	2250000	2260000	.	.	.	.	0,255,255	14.0	1.7450056	2.2565978	2.3587396	1.7970073	4.183388E-5	6.3119404E-4	5.604985E-4	2.0741107E-5	1	1605000	2255000	0
11	4140000	4150000	11	4490000	4500000	.	.	.	.	0,255,255	13.0	3.4905646	2.3745818	1.9731328	1.9653608	0.017669942	0.0017780048	2.899747E-4	1.17399846E-4	1	4145000	4495000	0
11	480000	490000	11	780000	790000	.	.	.	.	0,255,255	12.0	2.0950859	1.8561659	1.4195491	1.4621365	0.0026696674	7.947519E-4	9.487498E-5	1.2898604E-4	4	490000	780000	7071
