13.818167 -0.005206 19.258928 1
13.175467 -0.224006 18.558728 2
12.930067 0.184294 17.705428 12
13.156467 1.133194 17.541228 1
13.721967 0.758894 16.905528 1
14.146267 1.182694 16.053228 16
13.907067 0.500394 15.370228 1
13.759967 -0.350606 15.003728 1
14.419767 -0.869406 14.529328 1
15.196567 -1.058606 14.923328 14
14.949067 -0.118206 14.987228 1
15.458867 -0.102706 15.798528 4
16.098267 0.528894 15.376028 2
16.851067 1.064294 15.266228 3
17.161767 0.258094 14.769128 1
18.078367 -0.085206 15.048328 13
18.207567 0.265894 15.950028 1
18.394167 0.688294 16.943528 5
18.657867 1.139494 17.805828 9
19.040467 1.854894 17.300228 1
19.734667 2.456894 17.715328 15
20.590967 2.562194 18.167628 2
21.271167 3.253994 18.121728 11
20.610867 3.944994 18.237428 2
21.314567 4.159694 17.448128 8
21.571967 3.372394 16.986728 9
21.504667 4.102694 16.363128 8
20.824567 3.631494 15.908028 14
20.856467 3.805594 14.950328 2
21.303667 3.485894 14.115728 15
21.538867 3.408694 13.168628 14
22.207467 3.444794 12.459728 1
22.499167 3.621494 11.537928 2
23.231267 3.038594 11.452728 8
23.930567 3.623894 11.818328 2
23.859367 3.513094 12.805228 6
23.629667 4.436094 12.572828 2
24.541867 4.429494 12.872028 6
24.821667 4.872894 13.612528 6
24.931167 5.843794 13.660828 14
25.869567 5.617194 13.624128 14
26.627767 5.094994 13.468028 14
27.009467 5.624694 12.763428 2
26.078567 5.570894 12.473728 12
25.615367 5.932194 11.748228 14
26.035067 6.216694 10.888328 2
26.177267 5.907994 10.004428 3
25.502867 6.608894 10.111128 2
25.555467 7.531194 10.103028 2
24.689967 7.286894 10.304528 5
24.556267 7.093394 9.360228 1
25.500267 6.953794 9.162628 5
26.381567 6.949294 9.406828 2
27.051967 7.281394 8.642228 11
26.712167 6.484294 8.284928 7
26.875067 5.785594 7.663728 2
27.523767 5.215794 8.105528 1
27.479067 4.737794 7.257228 2
27.087067 4.064394 6.702228 5
27.989367 3.970694 6.320528 2
28.758267 4.663394 6.283428 14
29.002467 3.735894 5.864328 1
28.988367 3.155094 6.669528 9
29.686367 2.457194 6.950728 1
29.772767 2.556494 7.889728 2
29.137367 1.918194 7.649628 14
28.302767 2.416394 7.998228 8
27.878067 2.254694 8.911928 2
27.844267 1.440794 8.357328 14
27.379667 0.574194 8.458328 1
27.790467 0.185994 9.227128 15
27.979167 0.203094 10.154728 9
27.641967 0.529894 10.987328 8
28.251667 0.184794 11.722128 14
28.554967 0.627194 12.497828 1
28.341967 1.456594 12.961928 8
29.230767 1.442094 13.188128 1
30.175267 1.569994 13.265828 8
30.484767 1.031994 14.041628 12
31.397867 0.748794 14.085028 2
32.122367 0.961294 13.390928 2
32.047167 1.227294 12.446628 14
31.174267 1.467194 12.307228 15
31.691667 1.444994 11.472428 2
32.350067 1.788394 10.935128 10
33.010367 2.386294 11.349628 2
32.382067 2.964494 10.816428 1
31.908767 3.889794 10.821928 11
31.579067 4.254194 9.942828 14
30.791167 4.024494 10.435828 6
30.293167 4.847394 10.474928 1
29.832167 4.908094 9.597928 1
29.909167 5.898194 9.223028 7
29.876867 6.731094 9.724328 1
29.104167 6.169794 9.925128 1
28.435567 5.624894 10.356928 1
27.726267 5.339694 10.969128 14
27.200467 6.156794 10.687528 2
27.192167 6.108194 9.783428 3
27.830067 6.770494 9.594628 1
27.905167 7.226994 10.402028 1
27.362367 7.144994 11.240128 2
26.409867 7.011694 11.647828 2
26.902167 7.052894 12.498928 1
27.764867 7.345494 12.219228 1
27.411867 8.113194 12.714728 2
27.101467 7.507394 13.397228 14
26.311067 6.903794 13.535528 14
25.882367 7.410294 12.783828 14
25.790467 7.826394 11.945928 2
25.013867 8.292094 12.155028 14
24.240067 7.781594 11.942228 5
23.296867 7.935294 12.026728 5
23.660967 8.583794 12.699228 5
24.087367 7.860094 13.005628 14
24.367567 7.610494 13.871528 14
24.095667 8.389594 14.568128 2
24.870067 8.801194 14.175228 14
24.453767 9.499694 14.697628 2
24.485167 9.974394 15.567828 11
24.608567 10.232394 16.474828 2
25.048167 9.408294 16.640028 9
25.538367 8.728694 17.095628 2
25.466767 7.852894 16.595928 15
25.470467 6.857594 16.874528 8
26.213267 7.204994 16.284528 15
26.660267 8.069194 16.417628 15
27.600867 8.186194 16.261928 2
28.299367 7.975194 16.941728 2
29.036467 8.685294 17.109228 8
29.006467 9.635094 17.120828 1
29.953267 9.822994 17.115028 6
29.707167 9.416594 18.006528 1
28.972767 9.974294 18.568828 8
28.061267 9.662694 18.361128 2
27.172367 9.432194 18.652428 6
27.034967 9.681994 17.727128 8
27.183967 10.604394 17.524528 1
27.104667 11.346794 16.999528 2
27.845067 10.920094 16.654428 12
28.583367 10.734394 16.167328 3
28.630567 11.057594 15.260428 2
27.658067 11.264694 15.072228 8
26.841067 10.814194 14.777628 12
27.300767 10.315194 14.139328 2
26.532367 9.762294 13.876928 9
25.861767 9.035594 13.737128 14
26.078067 8.649094 12.889628 14
26.525067 9.019394 12.178528 2
26.490567 9.954094 12.133928 8
26.945567 9.871494 11.206728 1
26.672167 8.912294 11.014428 2
27.651567 8.791694 10.753728 1
27.049667 8.051094 10.532228 2
26.378467 8.369594 9.941928 1
26.127267 8.105194 10.928328 2
25.226267 8.252694 11.123128 2
24.419067 8.180494 10.581328 5
24.004767 8.896194 10.004528 1
23.530867 8.074394 9.713628 11
23.546667 7.077894 9.857028 1
22.721967 7.484694 10.360628 5
21.718467 7.375994 10.419728 2
22.021467 6.824294 11.159228 6
22.878367 6.919894 11.683628 5
23.148367 6.996494 12.567828 14
23.468367 6.103394 12.668228 2
23.897567 5.326694 12.994828 6
24.670267 5.966994 12.535328 14
24.724767 6.642294 11.855828 2
24.915867 7.121594 12.661728 14
25.241267 7.033794 13.619828 14
25.226167 7.531594 14.421328 14
24.879067 8.010794 15.189428 15
25.320667 8.867394 15.443328 3
25.852067 9.325694 14.827528 2
26.554267 8.738494 14.989628 15
27.036767 7.846094 15.136528 15
26.446367 7.337794 14.650328 14
26.927967 6.591594 14.550528 2
26.665667 5.694294 14.927028 1
27.627867 5.368794 15.023028 2
27.066667 5.189894 15.733628 5
26.224867 4.739794 15.518428 9
25.493567 4.868894 14.868028 2
24.915967 5.658594 14.776428 14
24.533967 5.618494 15.727828 8
24.315967 5.310894 16.702828 8
23.555267 5.870894 16.608528 8
23.491167 6.507694 17.286328 8
23.928367 6.358494 18.216528 9
23.379367 6.620394 18.896228 2
24.158667 6.774994 19.443628 1
23.341467 6.643494 19.975928 2
23.791467 6.663194 20.879628 14
23.044367 6.843394 21.412128 2
22.408367 7.189394 22.048028 4
21.765467 7.035094 21.288928 3
20.792267 7.032194 21.143228 14
20.002767 7.610894 20.982528 7
20.486567 7.658294 20.136728 1
20.585967 8.106294 19.258128 2
20.466867 8.950994 19.783728 2
20.847467 8.726394 20.669728 3
21.658867 9.216494 20.450728 2
22.485767 9.049194 20.076628 2
22.672567 9.333994 21.000728 1
23.241267 8.611594 20.712728 1
23.398367 8.664294 21.652728 1
23.506267 7.750494 21.821428 2
24.441567 8.074494 21.705828 1
25.797067 8.230694 22.597528 8
26.464667 7.939094 21.951728 14
27.032667 7.982494 22.736528 2
26.556767 8.745994 23.154328 8
27.536267 8.680194 23.289728 6
27.999867 9.510694 22.807628 2
27.465967 9.306994 21.979528 3
28.349767 9.015794 21.678728 6
29.049667 9.671794 21.390328 14
29.539567 9.233794 22.136028 10
29.476367 8.385994 21.624728 2
29.695567 7.705594 21.061828 1
30.034867 6.876194 21.476628 12
29.151067 7.232794 21.877828 2
29.346367 6.327794 22.193728 9
29.259867 5.580794 21.593328 3
29.638667 4.751194 21.266728 8
28.916867 4.659394 20.693328 14
28.093967 4.237594 21.115128 1
27.746767 4.795394 21.798528 2
27.534267 5.675994 22.060628 8
27.300867 6.166194 21.248328 14
26.781267 5.863594 20.551628 3
27.367667 6.508894 20.045828 1
28.170267 6.629894 20.641528 1
28.416967 7.525894 20.913128 7
27.848367 7.925294 20.143228 2
26.971667 7.655394 20.401328 1
26.717867 8.588894 20.647728 14
25.802367 8.265294 20.734328 15
24.954467 8.720894 20.630428 8
24.265867 8.888594 19.949628 3
24.236367 8.283194 19.179828 12
23.452867 7.693694 18.823228 2
22.645167 7.703894 18.347628 2
22.465867 8.366794 17.664728 3
22.106567 8.738694 18.470128 2
21.890667 9.679994 18.885228 2
22.645767 10.269494 18.738828 5
22.817267 11.199894 18.879328 5
22.277367 12.004794 19.260828 11
22.376967 12.976394 19.355328 2
23.330567 13.155894 19.516128 1
23.356967 13.707594 20.376728 14
22.885767 14.506494 20.125328 1
22.309867 15.225754 20.068328 1
22.572367 15.629214 20.902628 2
21.833767 16.080054 21.397528 4
21.427067 15.619514 22.223328 1
21.088667 15.063804 21.462528 14
20.585367 14.985834 20.645928 1
19.763967 14.382694 20.719528 3
19.893567 13.418994 21.016128 2
18.974067 13.031094 21.134428 14
19.258467 12.384894 20.483128 1
19.297367 11.709494 19.854728 2
19.852067 11.563194 19.122928 14
19.466967 10.764794 18.810228 1
19.375867 10.547094 17.909028 9
19.388967 9.673694 17.552428 6
20.255867 9.692194 17.953928 2
20.433667 8.830394 17.725528 2
20.383967 8.842994 16.808728 9
19.562767 8.420494 17.079728 6
19.459267 8.127994 17.988828 2
19.679967 7.443294 17.339428 9
19.419667 7.187394 16.453728 9
19.398967 6.344094 15.912228 2
19.424567 6.168894 16.889828 6
20.204867 6.612394 17.050328 9
20.437867 6.632394 17.976728 2
21.306467 7.040194 18.023728 2
21.191267 7.307194 17.110028 9
22.114767 7.337094 17.361028 6
23.099667 7.532194 17.140428 8
23.491667 7.842494 16.357128 2
23.641467 6.918194 16.203228 8
22.887567 7.062394 15.595228 8
22.718367 7.339594 14.707428 3
23.502967 6.921394 14.293228 14
23.986867 7.354094 15.115928 2
24.442467 6.597894 15.471228 8
25.277267 7.045594 15.267828 14
25.445067 6.150194 15.632528 2
25.268867 5.678194 16.479328 8
25.601967 5.759294 17.367428 6
24.696467 5.843494 17.564728 8
25.104067 6.595194 18.115028 3
25.156567 7.530394 17.772528 2
24.234467 7.534794 17.970028 3
23.862867 8.346594 17.744428 3
23.528967 9.042094 18.311628 1
22.979967 9.176294 19.115228 10
22.532467 8.329794 19.258628 2
22.027067 7.995694 19.980128 2
22.619567 7.368994 20.418828 12
22.335867 6.456094 20.422128 2
21.652867 5.768094 20.355528 12
21.583267 5.438994 19.371728 2
20.674067 5.610694 19.678828 14
20.322667 5.391894 18.838128 2
20.475967 4.547994 19.300828 3
20.449867 3.896094 19.976928 3
20.106567 4.721894 20.315328 1
19.691467 5.613194 20.194528 14
19.065167 5.434894 19.493528 9
19.199467 4.967094 18.653328 1
19.423967 5.716194 18.085528 1
20.450467 5.545594 17.850228 2
21.425667 5.617494 17.655428 2
21.680267 5.789994 16.782928 8
21.044967 5.075494 16.649528 8
20.348467 4.568994 16.085028 1
19.713967 5.132794 15.703528 2
19.534567 5.486894 14.846428 1
19.063867 5.121794 14.188728 8
18.535167 4.457094 14.566528 3
18.557767 3.495294 14.746828 9
19.160167 3.541294 13.936328 1
18.509867 3.462594 13.263528 2
17.624567 3.738894 13.693828 3
17.482467 4.564194 14.290128 7
17.182267 5.267394 13.739428 14
17.039267 5.907294 14.499128 1
16.641667 5.915594 15.450728 2
17.072667 6.764094 15.626428 3
16.430667 7.187194 16.210628 2
17.171667 7.810194 16.547328 6
18.165967 7.973494 16.867628 6
17.595667 8.680894 17.106628 6
18.022667 8.734994 17.952628 1
18.769567 8.608694 18.587228 2
18.744867 7.685294 18.847828 8
19.635467 7.863494 19.067728 2
19.535967 7.127994 19.685228 14
19.867367 6.551794 18.912328 12
20.703667 7.015694 19.050328 2
20.886867 6.562394 19.946228 14
21.642967 6.848194 19.432128 2
22.067767 6.754594 18.548628 2
22.246267 6.342494 17.708228 3
22.738767 5.590294 17.200428 8
22.671367 5.509594 16.234328 8
22.252667 6.102494 15.665828 8
21.611967 6.814794 15.704028 14
21.257267 7.644894 15.736028 9
21.957567 7.830394 16.382128 3
21.323867 8.358894 16.887428 9
21.390167 8.232394 17.798928 2
20.937067 8.656194 18.489928 2
20.864067 9.486494 18.869328 2
21.046167 10.250594 19.430828 10
20.784967 10.910194 18.796928 1
21.692367 11.155194 18.686028 1
22.275367 11.184994 17.894028 1
22.480967 11.055194 16.961728 2
21.792767 10.405494 17.313528 1
21.724967 9.600294 16.870128 2
21.911367 9.281594 15.930028 9
21.962767 8.629794 15.217828 9
21.824467 7.927494 14.620028 3
20.964767 7.318694 14.839228 1
21.684367 6.506594 14.646828 3
22.344967 5.828494 14.480928 2
22.734067 5.241994 15.225028 8
22.988467 5.017694 14.363728 6
22.611567 4.851594 13.526828 12
23.047367 5.716294 13.531928 2
23.918567 5.697794 14.012828 14
23.888067 5.252294 14.847328 8
24.550667 4.556694 14.555428 6
23.938367 3.796294 14.658028 6
24.047767 3.260894 15.442628 2
23.802067 2.291194 15.662628 3
23.514467 2.983694 16.381428 6
23.620367 3.926494 16.232928 8
24.430167 3.655594 16.864128 3
23.588267 3.420394 17.478428 2
23.951367 4.264694 17.776628 8
24.213967 3.798394 18.611828 12
23.302867 3.934794 18.893328 2
22.663767 3.149294 18.770228 14
21.757667 3.038594 19.270328 1
21.639367 4.026094 19.257528 2
21.788667 4.512494 20.058528 2
21.784567 4.122394 20.979228 1
22.639767 4.227694 20.666528 14
23.281367 4.291394 19.911628 2
23.189767 3.376594 20.089328 3
22.297067 3.233394 20.375028 4
22.218267 2.347694 20.009828 3
21.242367 2.215794 20.021228 1
20.491167 1.575894 20.069328 1
21.097267 1.043694 19.378928 3
20.580667 1.447794 18.626428 6
20.537467 1.597994 17.631128 9
20.214267 1.192694 16.802228 2
20.387567 1.169694 15.799828 14
21.180667 0.868394 16.270928 1
21.629667 0.759894 15.362228 2
21.911867 0.353494 14.522128 2
21.029567 0.386294 14.056428 9
21.213667 1.320694 13.753928 14
21.555967 1.712594 14.543428 2
22.480267 1.725194 14.369628 9
23.088867 2.443894 14.002128 9
23.423967 3.305394 13.669328 6
22.731167 3.369994 14.421828 2
22.257767 2.839694 15.130628 3
22.670167 3.401594 15.749028 10
22.733767 4.330494 16.057428 8
22.718467 3.797694 16.845028 8
22.431067 3.388294 17.676328 1
22.104867 4.086094 18.287028 2
22.729167 4.821694 17.884528 8
22.146167 5.512294 18.418428 2
23.035167 5.527894 18.579528 2
23.939267 5.030194 18.726628 8
24.896567 5.085594 19.028528 3
25.090267 5.488494 19.874728 1
24.299667 4.892794 20.057228 3
23.471267 5.324694 19.622228 2
22.721667 5.283194 20.198028 2
22.325467 5.520394 21.128728 6
21.491367 5.857494 21.463928 14
21.195067 6.185994 22.337128 3
20.401667 6.375994 22.769328 2
20.154567 6.433594 21.777328 14
20.219167 5.462894 21.820828 7
19.498967 5.710994 21.341328 14
18.958067 6.486594 21.199628 6
18.729367 6.377394 22.153528 8
18.555467 5.722494 22.806628 3
17.911167 5.253494 23.354328 2
18.015167 5.899394 24.081628 3
18.063767 6.096594 25.075928 2
17.584367 5.194094 24.945728 4
16.684667 5.202794 24.596428 3
16.070967 5.911394 25.101728 3
15.159067 5.511094 24.870028 2
15.250367 4.723094 24.327628 3
15.938067 5.061794 23.773928 7
15.093767 5.216194 23.321328 2
14.739367 4.396594 22.910728 13
14.726667 5.128594 22.256228 3
14.763167 6.091094 22.360928 5
13.753267 6.082094 22.162528 3
13.375467 6.787994 21.635428 1
12.433467 6.815694 21.507328 1
11.852567 6.038194 21.363628 5
11.919467 5.286494 22.048128 10
11.051467 5.364494 21.627628 6
10.200967 5.072494 21.989528 2
9.524167 5.709194 22.125128 14
8.678367 5.555194 21.756428 3
9.217867 5.836694 21.031228 3
8.827167 5.552294 20.090628 9
8.835467 5.136594 19.255628 3
9.782667 5.452994 19.512028 9
9.804067 4.672794 20.102628 10
9.688567 3.990594 20.742628 1
9.841767 2.956794 20.906528 9
10.591767 3.351694 21.536228 8
10.456467 3.390094 22.522828 1
9.585267 3.150194 22.693428 8
8.962767 3.405394 23.334428 1
9.112767 2.528794 23.603828 3
9.719367 2.799494 24.332328 1
8.957067 2.618994 24.988428 9
8.438867 3.075794 24.281428 5
7.998767 3.649094 24.879928 3
8.542967 4.134194 24.358228 3
8.401567 4.954394 24.935528 9
7.745867 5.695594 25.171628 3
7.226567 6.493794 25.368728 2
7.528367 7.244194 24.784428 12
7.065367 7.721794 24.112628 1
6.868267 8.508994 24.526028 3
6.174167 9.213194 24.551828 4
6.222267 9.291294 25.548228 2
6.737267 10.094894 25.917328 14
5.845267 10.439294 26.124328 13
5.502667 11.287594 26.450528 10
4.751667 10.661594 26.550328 2
3.931767 10.678294 26.027028 3
3.007867 10.939794 26.098228 7
2.696067 11.282994 25.226028 1
2.682867 12.193794 24.813528 1
3.431867 12.802994 24.743228 3
3.679167 13.618594 24.143428 10
3.862467 12.784494 23.675228 8
3.070567 13.125094 23.443928 1
2.100367 12.811194 23.106728 3
2.559467 12.901994 22.285628 3
3.408567 12.399494 22.252828 10
4.240067 11.875694 22.093228 1
4.833067 11.131994 22.220428 2
5.123567 10.279194 22.443428 6
5.983367 10.324594 21.942728 3
6.044567 10.368294 20.914128 3
6.324067 10.837894 20.155328 13
6.502367 9.920694 19.746528 6
7.085267 9.455094 20.305528 4
7.545167 8.657394 20.393828 12
7.783967 8.756694 19.462228 9
6.894067 8.428694 19.300128 9
6.412067 8.677394 18.560928 6
6.484767 8.279994 17.651728 6
6.914167 7.637494 18.331728 9
6.445667 6.970494 18.878328 8
6.172667 6.108994 18.342128 3
6.021067 5.641394 17.516528 3
5.201067 5.987194 17.168028 6
4.494267 6.698294 17.003728 5
3.537067 6.469994 16.910428 8
3.833967 7.154394 16.261528 5
3.131267 7.841094 16.418528 3
2.947767 7.522594 17.310428 9
2.499167 7.357694 18.210228 10
2.507167 6.448894 18.222328 10
3.098567 5.688794 17.987328 14
3.827767 5.357394 17.534428 5
4.479567 4.643094 17.503228 9
5.374267 4.956494 17.509928 3
5.591867 4.081694 17.198428 3
6.393667 3.633394 16.904428 3
6.173167 2.866994 16.430928 5
5.327167 3.290594 16.254628 14
5.126967 2.373894 16.564128 9
4.414567 2.702094 15.987928 1
3.868567 3.439094 15.604128 9
4.440567 3.399394 14.842328 1
4.940767 3.954294 15.481928 1
5.032767 4.885894 15.602028 4
6.019567 5.095294 15.553528 3
6.431967 4.229294 15.713628 3
6.936067 4.166694 14.877528 1
6.730867 3.283494 15.137228 1
7.394867 3.627294 15.761328 1
7.837267 4.483094 15.663228 3
8.746067 4.776194 15.881328 4
9.011367 4.081294 16.535628 1
8.121367 4.096194 17.003628 3
7.192667 4.326794 16.865128 3
7.399867 3.399194 17.117928 6
8.105967 3.231894 17.745728 15
7.321067 2.894094 18.314428 10
7.066967 3.785994 18.189528 3
6.261467 4.052794 18.657328 3
5.396967 4.101494 18.272628 3
5.095767 3.610194 19.053628 13
5.068767 2.975594 19.750328 6
5.632967 3.310194 20.515228 11
5.501567 4.163594 20.057428 6
6.087167 4.805194 19.720828 3
6.523667 4.221494 20.545628 13
7.375967 4.204994 19.974728 6
7.423467 5.034894 19.524328 3
7.651167 5.986994 19.431528 3
8.087667 6.762794 19.699528 9
7.660767 7.474694 20.193728 5
7.179567 7.176494 21.046628 8
6.989967 6.250194 21.012528 1
6.445567 6.407494 20.085128 3
6.049867 5.617094 20.478328 4
5.374367 6.113794 20.916728 9
4.935367 6.061794 20.063228 12
5.453767 5.831994 19.186128 3
5.027567 4.946794 19.257528 3
4.418367 5.196694 20.049728 4
3.783267 5.977894 19.999428 8
3.190067 6.121194 20.773028 5
3.029867 7.093994 20.884528 9
3.914767 7.488594 20.834428 2
4.861967 7.419894 21.184528 1
5.448467 8.213394 21.227628 5
5.410167 9.116594 20.710528 10
4.653467 9.378994 20.097328 1
4.598167 9.247394 19.199128 3
5.532367 9.389794 18.839328 6
5.468467 8.514594 19.247428 5
5.206167 8.459394 18.308128 6
4.659567 7.624494 18.270328 1
5.399767 7.128094 18.181528 1
5.835967 6.988594 17.299028 3
6.056767 7.309994 16.452328 5
6.955667 7.237194 16.743228 3
7.688167 7.016494 17.281128 3
8.013167 7.618894 17.918328 9
8.630567 8.132594 18.460228 9
9.356067 8.164194 19.120828 3
10.166667 7.784894 19.439228 13
9.802967 7.008894 19.070128 9
9.313367 7.063294 19.842928 10
8.796367 7.304794 19.087428 9
8.168367 6.698794 18.624928 9
7.261267 6.338394 18.555028 3
6.888267 5.536794 18.196128 3
6.967267 4.759594 18.709228 3
7.817067 4.332894 18.851528 3
8.483867 3.618194 18.852428 13
8.136367 2.946294 19.483928 14
8.546167 2.110494 19.185028 3
9.348267 2.704894 19.498928 4
9.943367 2.975894 18.843628 1
10.588967 2.306994 18.862228 1
10.071267 1.942594 18.151828 1
10.568267 2.630394 17.635128 6
11.006067 3.057094 18.422428 3
10.885767 4.043494 18.407728 6
10.328167 4.171194 17.651828 1
9.360367 4.001194 17.694228 8
8.661767 4.530994 18.210228 3
8.548667 5.203294 17.568728 3
9.475567 5.468594 17.494028 1
10.398867 5.686894 17.733828 4
9.799767 6.190094 18.235728 9
9.782767 6.562294 17.284428 9
9.503867 6.214494 16.477028 11
8.539767 6.176794 16.505028 3
8.513967 6.434194 17.455728 9
7.737967 5.822694 17.504928 3
6.955467 5.416894 17.119028 3
6.393167 5.958394 16.477128 3
5.563167 6.371294 16.077328 5
5.128867 6.054794 15.230728 6
4.861367 6.905294 14.962328 5
4.785767 7.840594 15.134228 5
3.980667 7.782594 14.634428 10
3.283167 8.004294 13.917928 3
4.099567 8.025694 13.399028 5
4.833767 8.631394 13.357428 8
5.750767 8.937594 13.298428 1
6.634467 8.630494 12.993328 3
6.274867 9.246694 12.351528 8
7.023267 9.518794 12.910228 3
6.922667 9.609094 13.836028 3
6.189567 10.196194 13.557728 15
6.736467 10.621194 14.252528 3
5.977367 11.141094 14.469928 3
5.188867 10.611094 14.640528 4
4.428967 10.482094 15.231228 9
3.619267 10.441894 14.584928 12
3.006867 10.588194 13.880528 1
2.474467 9.778294 14.078028 1
2.760167 9.664294 14.982428 14
3.251967 8.827194 15.163828 10
3.769367 9.211494 15.948528 3
4.093467 9.107594 16.851828 4
4.664967 9.012194 17.600328 6
4.785667 10.050294 17.693028 3
5.716567 10.264594 18.020528 6
5.936867 10.768994 18.950928 6
5.204167 11.152894 19.395728 3
4.526367 11.763094 19.712628 9
4.180367 12.697294 19.821928 3
4.297267 13.220094 18.998828 13
5.096767 13.593494 18.640128 9
5.356567 12.600794 18.388928 5
4.654367 12.240894 17.794628 9
4.316467 12.411794 16.976628 6
4.610667 13.216694 17.470128 3
4.884367 13.615594 16.670028 6
5.520967 14.275694 16.551928 9
4.929667 15.053834 16.486028 3
4.286667 15.554234 16.101528 3
4.574367 15.135584 15.266228 1
4.923367 14.231494 15.218328 13
4.693367 13.892194 14.299828 1
5.030367 13.086994 13.944428 1
5.939267 13.234994 14.209528 3
6.787767 13.252994 14.614228 5
6.507767 14.191194 14.441228 9
6.939467 14.439594 13.667628 1
7.640567 13.907594 14.195928 10
7.970367 13.159394 13.660028 5
7.973367 13.092494 12.686928 3
7.374367 12.344194 12.437328 1
7.702167 12.245594 13.356428 5
7.156467 11.492694 13.549828 3
8.041567 11.326194 13.417728 3
8.431767 11.757994 12.608828 8
8.229567 10.840494 12.577828 3
7.818867 10.924194 11.608528 8
7.803967 11.672094 10.869628 9
8.686667 12.047194 10.555228 6
9.216267 11.189994 10.632828 8
8.775667 11.366394 9.722128 3
9.545867 11.922194 9.905628 4
10.166367 12.674994 10.163828 15
10.836267 12.792294 10.932328 6
11.675967 13.303894 11.001528 3
12.454867 13.513794 11.548428 4
12.850767 12.811294 12.001828 9
12.592567 13.514094 12.659928 13
12.645867 12.686694 13.062128 9
11.862667 13.164294 13.511828 3
11.684967 12.565694 14.226628 5
12.275267 11.890294 14.524228 9
12.709167 11.853294 15.330228 13
12.218567 11.396294 15.956328 3
13.114267 11.110294 16.309828 4
13.974167 11.122794 16.652028 14
13.963867 10.704894 15.755228 1
14.405067 10.110894 14.977528 9
14.991367 9.408794 14.790228 3
15.401067 9.329694 15.619528 3
15.897067 8.433794 15.528628 9
16.815167 8.004694 15.586728 6
17.284267 8.437194 14.911028 15
17.140467 9.274294 15.386128 6
17.763667 9.906194 15.119228 10
17.107767 10.585494 15.369528 10
16.301467 10.615094 15.824028 3
16.060467 9.745894 16.250028 6
15.193167 9.691694 16.789828 3
16.053367 9.688094 17.219228 1
15.861467 8.828594 16.963228 6
15.299267 8.300894 16.347728 3
14.309967 8.112294 16.149628 1
14.178767 9.013894 15.857328 3
13.843767 8.938894 15.000728 1
14.262167 8.428494 14.281728 3
13.656667 8.654594 13.593228 9
12.865767 8.997894 14.128428 10
12.776067 9.714094 14.795828 6
12.921167 10.615094 14.484628 11
12.080967 10.825894 14.057628 9
11.228067 11.067794 14.551928 5
10.393567 10.571194 14.499128 3
9.411567 10.602994 14.349728 3
9.580367 11.598094 14.027828 5
9.798567 12.415194 13.505328 5
9.458767 12.333494 12.626228 13
9.854567 11.509794 12.316328 8
9.564267 11.083694 13.123028 3
9.700967 10.409094 12.495728 3
10.050567 10.372894 11.556228 6
10.555967 9.815594 10.931428 1
10.316767 9.609494 10.006428 4
9.503967 9.696894 9.551528 4
8.559767 9.618094 9.776528 1
8.012767 9.106494 10.370128 1
7.764167 9.849894 10.817928 1
8.540967 10.355994 11.005128 8
9.167167 9.717394 11.310828 3
9.425667 9.389794 12.214228 9
9.308167 9.352694 13.167328 3
9.278267 9.552494 14.108328 3
9.236467 8.821994 14.714828 3
8.832767 8.300194 15.529428 1
9.226367 9.157494 15.763728 3
9.125567 9.205894 16.731228 9
8.770867 10.243794 16.907528 6
8.925767 10.230394 15.970428 3
9.214267 10.854694 15.365828 3
8.952967 11.643994 15.839228 15
8.721767 12.158494 15.141428 5
8.639167 13.033894 14.873928 5
9.281567 13.318394 15.509828 9
9.574667 12.901894 16.335928 3
8.715267 12.627594 16.709028 10
8.416167 11.662594 16.896028 9
7.887967 10.850994 16.518128 6
7.896467 10.443694 15.578028 3
7.916367 9.465294 15.752228 3
8.158267 8.761894 16.465728 9
7.669567 8.638894 17.309428 9
7.072967 9.221494 17.762828 6
6.581067 10.033894 17.576528 6
6.342367 10.928694 17.553428 1
7.024567 10.794094 18.205728 6
7.498167 11.664594 18.158928 1
7.042367 11.630094 17.270028 3
7.171867 12.226494 16.519428 13
7.564167 12.124094 15.624228 5
7.434367 11.318794 15.083528 10
8.148467 11.510394 14.473828 5
8.027467 10.603894 14.400828 3
8.125067 9.663294 14.029128 3
8.203267 9.463194 13.081128 3
8.497067 8.764494 12.510228 13
7.624367 8.390894 12.607128 3
8.146667 7.853794 11.972328 13
8.338667 7.315894 10.994128 8
7.463367 7.709794 10.834728 4
6.866467 7.454694 11.587728 3
6.611367 7.169394 12.477228 4
7.516067 7.344794 12.794928 9
8.240367 7.807494 13.287028 3
9.078867 7.224194 13.340028 12
9.055967 7.820894 14.062728 3
9.210567 6.987594 14.549328 6
10.104667 6.904094 14.084228 4
10.482267 7.816694 14.214528 3
11.123067 7.998594 13.449028 14
11.023967 8.764494 14.041128 11
10.519567 9.474894 14.313528 3
10.191567 8.809994 14.954228 3
10.709967 8.210194 15.522928 1
11.221467 8.702894 16.204228 6
11.185267 8.931894 17.155428 10
11.725467 9.793394 17.195128 3
11.403667 10.313694 17.897428 1
10.735667 9.801194 18.357028 1
10.069367 10.468594 18.621228 9
9.457067 9.712194 18.725328 3
8.722067 10.040294 18.186128 6
8.295667 9.174594 17.939628 9
7.625667 9.571794 18.475528 6
7.585967 10.421794 19.038528 4
8.353367 10.273294 19.606928 1
8.410567 11.230194 19.611228 9
8.794367 11.501894 18.770828 5
9.008767 11.151194 17.923028 13
9.740767 11.567294 17.507328 3
10.096667 12.497494 17.486928 8
11.025367 12.327594 17.586328 8
11.715167 12.552194 16.831628 3
10.873167 12.719394 16.469028 1
11.340267 12.099694 15.874728 9
10.536167 12.203594 15.342828 5
10.023367 11.428194 14.994328 5
10.444967 10.649294 15.546828 3
11.416267 10.448494 15.544028 10
10.880267 9.599294 15.500728 3
11.720967 9.299694 15.150528 1
12.508667 8.715194 15.110628 15
13.080467 8.333294 15.774828 13
12.582567 8.082094 16.569428 13
12.132267 7.236094 16.982728 3
11.258767 7.263894 17.304128 10
11.234767 8.051994 17.910228 9
11.145267 8.449894 18.819128 3
10.281167 8.832194 18.542228 6
9.693867 8.214994 17.986528 9
9.739767 7.634794 17.256728 9
9.314767 8.061794 16.454728 13
8.868367 7.301794 16.897028 9
8.244467 7.118694 16.170028 3
8.354467 6.448494 15.534328 11
8.019867 5.576794 15.689928 3
7.205067 6.023394 15.392328 3
6.818067 6.934794 15.130928 5
7.744667 7.219994 15.025128 8
8.042567 7.975594 14.390728 3
8.064167 8.854694 14.708628 3
7.532367 8.490094 15.463028 15
7.066067 8.508194 16.280028 6
6.857467 9.320794 15.836528 3
7.151467 9.977794 16.509728 6
6.755767 10.320094 15.652628 3
5.847367 10.496294 15.866628 4
5.905667 10.073394 16.752328 6
5.298967 9.271894 16.775828 6
4.890067 8.397194 16.598628 5
5.702967 8.343694 16.986128 6
5.763167 8.201994 16.022728 5
6.385267 8.542394 15.321028 1
6.827567 8.857894 14.508128 3
6.043267 8.276394 14.229828 1
6.844367 7.836594 13.921428 3
7.320167 7.040894 14.174828 1
6.812367 6.272094 14.023528 10
7.757367 5.877994 14.111128 1
7.871467 5.062894 13.744628 10
8.679467 4.620994 13.861028 4
9.431967 5.003294 13.379728 3
9.356467 5.586894 12.630028 1
9.941067 6.359294 12.889628 1
10.486367 7.093494 12.522728 1
10.118567 7.759494 13.109228 3
9.371967 8.264094 12.969828 3
10.000367 8.568194 12.317828 6
10.434567 9.157494 13.008028 3
11.234267 9.565994 13.308328 14
11.085167 10.431294 13.056128 3
11.039067 11.400994 13.354528 5
11.117167 12.001094 12.623728 4
12.035867 12.118594 12.250628 9
12.295367 11.123394 12.329128 9
12.181867 10.252294 11.907628 10
11.676467 9.503694 12.223328 4
12.175867 8.536094 12.094528 5
13.062967 8.548994 12.633428 3
13.695667 9.392294 12.778228 12
13.145667 9.967694 13.295728 11
13.192067 10.869994 13.158328 9
13.924967 10.534394 12.630628 4
13.320567 10.791894 11.926028 9
13.971367 10.084994 11.732028 6
13.862967 9.130194 11.299728 4
14.717067 8.651694 11.358128 13
15.344467 9.240294 10.884528 8
15.428667 9.275794 9.862928 3
15.726567 10.191194 10.061728 1
14.950367 10.455694 9.566528 10
15.039167 11.369494 9.397028 10
16.015267 11.406394 9.577528 13
16.094367 11.935894 10.431328 6
15.904067 12.432294 9.639328 13
15.254667 12.554294 8.942728 10
15.494967 13.406894 8.524128 10
16.036267 14.199394 8.163728 1
15.590667 14.759764 8.869328 4
16.232567 15.296934 8.436628 3
16.160967 16.151834 8.950428 4
17.082967 16.277004 9.106228 5
16.799467 15.707184 9.819828 4
16.868467 14.798844 9.501328 3
17.537967 14.189394 9.767728 13
17.280667 13.678894 10.546728 13
17.036467 12.926794 9.945828 6
17.216367 12.014494 9.732128 10
18.067967 11.827494 9.351428 13
18.951467 11.787394 8.951328 4
18.261967 11.841394 8.314328 1
17.603567 11.329794 7.761328 5
17.682267 12.213994 7.517928 11
17.944067 11.953394 6.586828 4
17.304367 11.197394 6.397028 11
16.479767 11.609194 6.114928 4
15.540867 11.632694 6.349728 11
15.526767 11.548894 7.250128 10
14.655367 11.304794 7.668528 10
14.491467 10.790794 6.871428 8
13.555467 10.896094 7.102128 4
13.861467 10.236194 7.800828 10
13.018667 10.254994 8.190928 6
13.473667 10.496694 9.030028 10
13.296067 10.265894 9.972328 9
13.503967 9.318294 9.963728 3
13.442567 9.207194 8.959728 4
14.207467 9.637994 8.582828 10
14.633867 8.786094 8.572628 13
15.266467 9.502894 8.378528 5
15.447267 10.488094 8.293328 10
16.354467 10.091694 8.330428 6
16.817767 9.264494 8.596428 13
16.720967 9.348894 9.537928 6
16.677567 8.439594 9.825528 13
16.989667 7.524894 10.068228 3
16.066667 7.420394 9.712628 1
16.216967 7.279594 8.769628 4
16.635067 6.409794 8.641028 5
16.409167 5.692994 9.273628 1
16.938667 4.948094 9.026928 10
16.654367 4.414894 9.747628 1
16.721967 5.251494 10.278528 6
17.266367 5.720794 10.859628 3
18.050367 5.403294 11.383928 12
18.290467 5.814594 10.488728 9
19.200967 5.881294 10.205228 1
19.971267 6.491694 10.271828 8
19.621367 6.954994 10.989728 15
20.374467 6.756194 11.569028 10
19.987467 7.756894 11.667428 9
20.260867 8.550694 11.156228 4
19.827467 8.849194 10.373328 4
19.623967 9.632194 9.850828 1
19.811467 10.362594 10.533128 4
20.196067 10.524394 9.670328 4
20.498667 11.027594 8.909628 13
21.261267 10.708994 8.511528 1
22.167067 10.993994 8.513228 10
21.550167 11.766194 8.659528 4
20.670967 11.931094 8.305628 3
20.556567 12.122994 9.261428 5
20.230667 11.494794 9.994628 4
19.517067 12.054694 10.271328 4
19.206867 12.893794 10.098428 13
19.714867 13.687394 9.631728 3
20.332667 14.467194 9.542128 10
19.927667 14.842594 10.360928 15
19.190967 14.327294 10.582928 13
18.527867 14.712264 9.886628 13
18.066367 15.508774 9.697628 2
18.600367 15.537694 8.901828 11
18.564467 16.025784 8.060028 1
18.379967 15.105774 7.715328 10
19.164567 15.391604 7.116028 4
19.938467 16.004174 7.074928 1
20.625167 15.660794 6.460928 10
19.831767 15.383304 6.056728 9
20.117367 15.183554 5.181728 6
19.717967 15.739694 4.520028 1
19.189067 15.978514 3.752128 1
18.299267 16.237314 4.098128 4
18.057267 15.481734 3.633028 6
17.678367 15.496644 4.532728 1
17.276967 14.593714 4.295828 10
17.586567 14.694374 5.203028 3
17.866067 15.106614 6.006728 1
16.916967 14.908254 6.192428 4
15.990567 15.220054 6.194428 10
16.114067 14.373294 5.705128 8
16.349167 13.514594 6.108828 13
15.886367 13.651894 7.004228 5
15.880767 12.723694 7.052028 10
16.499967 12.086394 7.489628 5
16.159467 12.475694 8.285328 10
16.800467 13.070694 8.628428 4
17.367867 13.869194 8.657728 11
17.800467 13.199194 9.219828 13
18.628967 12.746294 9.202528 13
18.884467 13.557594 8.831128 3
19.674867 13.614394 8.230628 1
19.162367 12.965394 7.647928 8
19.673967 12.140994 7.567428 4
19.264067 11.290794 7.887728 11
19.127267 10.435594 8.297928 11
18.923567 10.252094 9.237928 4
18.809667 9.247494 9.170728 10
18.847967 8.339394 9.422328 1
19.378367 7.972094 10.178828 3
19.162867 8.402094 11.111328 4
18.705967 8.905794 11.686328 4
18.390567 8.160594 12.276628 6
17.505567 7.645094 12.433128 5
16.964667 7.189594 13.135928 6
16.489767 8.008794 13.238628 9
16.472667 8.973994 13.542428 13
15.905267 9.537294 13.987328 15
15.908667 9.714094 12.986028 5
15.083967 10.236594 12.863528 13
14.856567 10.961894 12.278028 4
14.825067 11.603694 11.508528 6
13.980667 11.684794 12.020728 9
13.889767 11.240594 11.167428 13
14.409667 10.616094 10.639528 1
13.934467 11.310994 10.151028 12
13.843667 11.473194 9.198628 10
14.398067 11.914794 8.614828 10
14.098367 12.177394 7.725028 10
13.407867 12.347094 6.975928 3
13.217067 12.269894 5.995628 13
13.616867 12.871994 5.329328 8
14.318567 13.485694 5.612328 4
13.981467 14.135994 6.170228 1
14.093367 15.053514 6.380728 3
14.783167 15.050084 7.064228 3
15.202767 15.492514 7.815028 1
15.120167 15.775244 8.683328 4
14.719667 16.199344 9.437728 4
13.842167 15.844244 9.496328 4
13.474267 15.770534 8.603328 1
13.915267 15.111524 8.129528 1
14.713967 14.531524 8.215228 4
14.957267 13.667894 7.714528 10
14.257967 13.148594 7.305328 10
14.661867 12.715994 6.551628 1
15.018867 12.382094 5.763428 15
15.416567 13.153194 5.368928 1
16.075167 12.795094 4.796828 6
16.911067 12.503194 4.582728 11
17.648067 11.975994 4.317428 11
16.993067 11.310894 4.564928 13
16.453167 10.648194 5.036128 4
15.526067 10.693294 4.718628 10
14.952867 9.957194 4.629228 5
15.225667 9.175394 5.075128 9
15.952367 8.528294 4.988128 13
15.559467 8.413994 5.869228 10
15.696667 7.863694 6.650328 4
16.630367 8.227194 6.860828 3
16.886567 9.074594 6.377028 10
17.129367 9.978294 6.032228 1
17.365367 10.192394 6.987428 6
17.626967 9.820194 7.831628 8
18.410667 9.572194 7.368928 12
18.920867 8.914494 6.837628 4
19.786567 8.769394 7.176528 8
20.213467 8.977894 8.020028 13
21.038367 9.423094 7.719328 6
21.736267 9.109194 8.334828 10
21.653267 9.798794 9.028028 13
21.513867 9.877394 10.028728 4
22.145567 10.489294 10.169828 3
21.987867 11.427694 10.193128 10
21.847167 11.121294 11.066628 4
21.117967 11.708394 10.889028 4
20.869367 12.687594 10.872528 10
20.919567 13.318594 10.153428 6
21.704367 13.810294 10.232728 1
21.242467 14.658194 10.247428 1
21.064667 14.312994 11.142828 9
20.208667 13.918094 11.134628 13
20.981067 13.519194 11.642728 1
21.367967 12.743494 12.071128 5
20.572667 12.184894 11.881128 4
19.715367 12.572994 11.989528 13
19.211067 11.793194 11.698228 4
18.737667 12.237194 11.010328 13
18.881767 11.331694 10.784328 4
18.315267 11.110594 11.501628 1
18.256567 10.621394 12.374928 10
17.781667 10.895894 13.183228 10
17.400267 10.100994 13.615828 3
18.150567 9.672994 13.986128 10
18.117267 8.814594 13.526528 13
18.845667 8.650594 14.064928 10
18.194067 8.195594 14.598228 3
18.916067 7.906494 15.167628 4
18.465967 7.468094 15.892828 6
18.947867 8.309594 16.115428 6
19.822967 8.591294 16.035628 9
20.195967 8.073794 15.332528 9
20.052767 8.824594 14.762128 10
20.708367 8.686394 14.064428 15
20.538867 9.623294 13.870928 10
20.682667 9.330494 12.908228 4
20.623667 9.461394 11.873028 4
21.036467 8.585894 12.146028 11
21.299767 7.994794 11.432828 13
21.291567 8.959294 11.228928 4
22.250967 8.936794 10.907328 5
23.172367 8.454594 10.841228 5
23.299567 9.438594 10.981528 5
23.114167 9.500394 10.019028 4
23.013167 10.257294 9.433428 10
23.155067 11.189694 9.701728 3
23.752667 11.925394 10.004828 8
24.530467 12.242494 9.560628 1
24.307167 13.079294 9.923528 10
25.193467 13.357994 9.683728 13
25.326267 14.277294 9.673928 9
24.868167 14.689654 8.980728 4
24.790467 15.384194 9.666828 7
24.862267 16.346474 9.822428 4
24.030267 16.340304 10.270228 12
24.181167 17.141864 9.816528 1
24.231867 17.717664 10.613228 4
23.905567 18.583504 10.759528 1
24.243267 18.344154 11.708028 1
23.615967 17.627084 11.847228 3
22.942067 16.988954 12.245228 1
22.285167 17.699004 12.009928 10
22.677767 18.326264 12.754428 4
21.897667 17.841584 13.075228 10
21.276467 18.222574 13.828628 6
20.432667 18.677094 14.014728 10
19.536567 19.072514 14.185428 1
18.852067 18.520014 14.668128 6
18.629367 17.900124 13.964128 8
18.116667 17.784284 14.783528 13
17.556867 18.115994 14.033828 11
16.785267 17.579694 14.026228 10
17.507267 16.943674 14.077328 4
16.983767 16.508424 13.402328 10
17.807867 15.976584 13.233028 4
18.164567 15.433634 12.540828 14
18.065967 15.004284 11.696228 13
18.784467 15.084024 11.050028 13
18.291667 15.961594 11.161028 3
19.174967 16.209124 11.373428 10
20.061567 15.925664 11.539228 11
19.590467 15.440724 12.429328 13
20.254167 15.325564 13.086728 4
21.106267 15.285634 12.636228 9
21.830967 14.859074 13.249928 4
22.118867 15.483364 13.920428 5
21.988867 14.888534 14.732228 10
22.374967 15.499154 15.461828 15
23.273367 15.154584 14.984328 6
23.920467 15.853654 15.444028 4
23.239367 16.189784 16.060228 9
23.188467 17.224164 16.002228 13
23.684467 17.657184 16.706628 10
23.606767 18.240784 15.908328 5
24.199167 18.796624 15.396828 6
24.658067 18.390324 14.563828 10
24.763267 17.564484 15.062028 4
24.028467 16.987834 14.840828 4
23.733167 16.591704 14.012228 8
23.590567 16.532114 13.066828 10
23.909567 15.720884 13.350928 1
24.065167 15.004664 14.033028 5
23.715567 14.487194 13.267528 3
23.858367 14.112494 12.313828 10
23.056667 13.671494 12.507128 1
22.423367 12.980994 13.007228 10
21.717567 13.030694 13.661728 1
21.256267 13.891894 13.410928 13
20.850967 13.306694 12.836628 4
20.393667 14.190594 12.673528 7
19.771967 13.461994 13.160528 1
19.360267 13.504094 12.333128 13
18.935067 14.259594 12.644628 4
18.490267 13.876394 11.849128 13
18.083667 13.291694 11.166428 13
17.544367 12.502594 11.085228 6
16.810067 11.943894 11.407128 6
17.311867 11.086394 11.088328 11
17.977867 10.738094 10.493628 11
18.809567 10.261594 10.436928 4
18.497867 9.755294 11.155028 4
17.796767 9.007694 10.949028 14
17.387567 9.536194 11.681828 3
17.264167 9.072794 12.498928 12
18.074367 9.572794 12.698228 10
18.935467 9.695394 12.202028 4
19.844467 9.947394 12.292028 4
19.923867 9.895594 13.212428 10
19.154067 9.252094 13.120928 10
19.952767 8.697294 13.201628 4
19.569367 7.861394 13.225928 1
19.604867 7.025894 13.698528 15
20.519667 6.887394 13.956228 3
20.751867 7.591694 13.254528 9
21.078167 7.049594 12.459528 1
21.739967 7.535494 12.998028 10
22.178167 8.238594 12.397628 5
21.726967 8.710794 13.116928 4
22.511967 9.219694 12.924228 5
21.854767 9.794794 13.315828 4
21.866367 10.063494 14.207528 5
21.178367 10.481894 14.700528 10
20.239667 10.181694 14.779228 10
19.986867 9.651694 15.507828 13
21.010467 9.752694 15.594828 9
21.447067 10.554594 15.909928 4
20.440567 10.828094 15.653428 15
20.303367 11.633394 15.123628 10
19.636267 12.009994 14.603428 6
19.727367 12.813294 14.056628 4
19.558767 13.766494 14.119628 1
18.598867 13.661494 14.080028 13
18.153867 12.854694 13.930528 13
18.196867 12.245394 14.628428 9
18.612867 11.306494 14.351428 10
19.250367 11.670794 13.711928 4
18.977067 12.483794 13.213928 13
18.565467 11.732894 12.790728 1
19.299567 11.087794 12.747328 10
19.968667 11.055894 12.108128 4
20.335367 10.399094 11.479828 4
21.282667 10.129794 11.416928 4
22.211167 10.029794 11.257328 10
21.960067 10.516594 12.108228 4
22.865267 10.284794 11.968028 3
23.620467 9.714894 12.187828 5
24.383967 9.980494 12.689828 8
24.587067 9.650294 13.532028 10
24.017667 10.454194 13.538528 7
23.072067 10.190694 13.558628 6
22.948167 10.878994 14.157228 11
22.857567 11.278794 13.298328 8
21.964367 11.100594 13.689828 13
21.570467 11.110094 12.848728 4
20.664167 11.403194 12.861428 4
20.315967 10.784894 13.542728 1
19.457567 10.700494 14.020728 10
18.700267 10.347694 14.502328 10
18.960167 9.855794 15.274328 10
18.354067 9.417494 15.863028 6
17.629867 9.568894 16.500528 6
17.738567 10.502394 16.237028 10
18.344467 10.883994 16.991928 1
18.355867 11.708794 16.434728 12
18.619767 12.432894 17.019328 1
19.512167 12.801294 16.966628 1
19.341267 12.457094 16.078928 13
18.886767 12.653194 15.258828 1
18.976767 11.748994 15.550028 10
19.016867 10.894394 16.094928 10
19.213967 11.350894 16.890028 14
20.195067 11.054294 17.300028 4
20.903067 11.775594 17.521928 13
20.454967 12.534994 17.819828 4
20.856567 13.193594 17.205028 5
20.173867 13.931094 17.064828 13
19.708767 14.584074 16.499728 15
18.739267 14.956244 16.643528 4
18.185967 14.430094 17.163228 3
17.346267 14.027594 17.276228 13
17.059467 14.874124 17.208028 10
16.591767 15.737804 17.205328 15
16.466767 15.357804 18.070228 5
17.071567 15.957414 18.471628 3
16.749667 15.576104 19.298228 11
16.421767 14.817204 19.785028 13
15.435667 14.910844 19.761828 9
15.157567 14.965004 20.675928 1
15.202467 14.448094 21.562628 4
14.461167 14.827844 22.104628 4
15.181667 15.408554 21.956028 10
16.119467 15.421144 22.283928 4
15.918467 16.307364 22.036028 6
16.362367 16.862594 22.691128 10
16.660067 17.744814 22.991328 10
16.968567 17.744894 23.948228 4
16.763967 17.114624 24.642428 7
16.447167 16.158844 24.816728 1
16.128667 16.527384 23.979828 4
15.195867 16.122644 23.856128 13
14.842067 16.859764 24.348428 10
14.561167 15.943344 24.707628 11
14.173267 15.639224 25.517828 4
14.459867 14.901854 25.924128 13
14.328067 13.989294 25.487228 10
14.034167 13.760394 24.585528 5
13.837667 13.504794 23.756128 9
13.230067 12.847094 23.344528 8
13.516767 12.007494 23.032228 6
12.920867 11.611394 22.249628 9
13.156867 11.687394 21.301328 7
13.110767 11.344794 20.437828 10
13.941367 10.936294 20.349228 8
14.486667 11.559594 20.802328 5
15.433967 11.553894 20.302328 4
16.263567 12.171194 20.430728 10
16.807567 11.567694 20.958328 1
17.340967 12.352594 20.884628 10
17.292167 12.722194 21.812028 4
17.117067 13.751894 21.766828 1
16.643867 14.474294 21.277828 5
16.676167 13.982694 20.481828 13
16.903067 13.175794 19.886928 10
16.539567 13.724894 19.219328 1
16.985567 12.850394 18.951628 1
16.828767 13.095094 17.981928 3
16.153367 12.419694 17.876028 1
15.370267 12.458194 17.293128 4
16.056567 12.300594 16.606228 10
16.567267 12.369594 15.793028 13
17.302067 11.759194 15.878428 7
17.359767 11.530294 14.954028 10
17.557667 11.669294 13.990028 10
17.196267 12.538994 13.946028 13
16.640967 12.533594 13.071928 13
16.216867 11.773294 13.377228 4
16.274867 11.746194 12.425328 6
17.249667 11.716994 12.690028 4
17.795667 12.486194 12.799328 13
17.622967 13.192394 12.193528 13
16.714067 12.845594 11.965028 6
16.774267 13.805094 12.427728 13
15.984467 13.479794 11.752028 6
15.322467 14.006494 11.122728 4
15.382267 13.037594 10.871728 6
14.459367 12.583194 10.742128 10
13.759967 12.600094 11.481528 9
13.979667 13.505894 11.300928 5
14.313967 13.604094 10.435528 4
14.633167 13.414994 9.507228 10
15.495867 13.899494 9.618428 15
14.990467 14.534314 10.141128 4
14.522367 15.332604 10.252828 4
14.301767 15.754884 11.107728 4
14.334167 16.544764 11.683728 4
14.169367 17.447014 11.849528 10
13.743967 17.726104 10.980828 9
14.618467 17.464934 10.861828 4
15.054967 17.886894 11.609928 10
14.511667 18.612494 11.292928 10
13.576767 18.853164 11.184128 7
12.610267 18.574164 11.081628 12
12.913567 18.120014 11.842328 11
13.497267 17.795364 12.587028 10
12.863367 17.290824 13.130028 11
13.620267 17.250854 13.841028 3
14.197267 18.016374 13.586528 10
15.095667 17.654064 13.355728 10
15.594767 18.122634 12.663528 10
16.207267 18.156394 11.898928 1
17.004767 17.589844 11.803328 1
16.221967 17.003084 11.970728 10
16.056767 17.468254 11.091228 1
15.760167 16.858374 10.400028 7
15.164367 16.110494 10.626428 4
16.027267 15.785904 10.769028 4
16.153867 14.855334 10.577328 4
17.070667 14.796994 10.771128 13
17.282467 15.727834 10.651128 3
16.761967 16.582054 10.292228 1
17.436067 17.291274 10.188328 7
17.770967 17.015374 11.084628 5
17.784367 16.911014 12.084528 8
17.315067 16.046464 12.006328 10
17.164267 15.136544 12.107028 13
16.340667 15.511524 12.329728 7
15.838467 16.250544 12.701428 10
15.486967 15.935504 11.828528 4
14.857567 16.062274 12.540328 10
14.392067 15.971314 13.421028 10
13.762167 15.286004 13.304128 7
14.458867 15.141874 13.945028 10
14.163267 14.239794 13.846328 4
13.370867 13.954294 14.310728 5
12.840767 13.204394 14.581328 12
13.310367 12.349094 14.592028 6
13.280867 12.113394 13.685328 9
14.243967 12.512194 13.712628 9
14.878067 11.833294 13.563228 4
15.547067 12.216394 14.101028 1
16.349067 12.540594 14.428128 1
16.368367 13.389194 13.998828 13
16.276767 14.306594 14.441428 1
15.326567 14.076994 14.345228 11
15.334467 15.091564 14.461928 10
15.190767 15.466524 15.330728 10
16.135067 15.196884 15.582128 15
16.452667 14.295894 15.668428 4
17.318867 14.153194 15.371428 13
17.872867 14.983684 15.505928 15
17.678267 15.899854 15.671028 4
18.537567 16.397884 15.598728 3
18.353367 16.574114 14.643728 5
18.439667 15.646814 14.886228 11
17.891567 15.117524 14.233128 4
17.947967 14.288294 13.697928 13
17.019967 14.413694 13.552028 13
16.428567 15.224104 13.383528 10
15.929167 14.615724 12.821628 10
15.067067 14.556594 12.452328 1
14.412467 15.111164 12.022828 4
13.545067 15.171314 11.614328 4
12.840967 15.084254 12.273428 1
12.361967 15.089894 11.455728 7
11.678767 14.760024 10.887728 10
10.853767 14.369094 10.559128 1
11.618267 13.940694 10.215928 1
11.721167 13.329494 9.378128 4
12.437367 12.888094 8.903928 10
12.293667 13.343994 8.012928 8
13.243367 13.314394 8.317528 10
13.212967 14.098094 8.879428 3
13.325167 14.925424 9.419228 4
13.954667 14.454694 10.016828 4
13.273967 14.273594 10.748828 4
13.158767 13.544394 10.148128 7
13.662767 13.089894 9.331328 10
13.240867 12.280694 9.721628 10
12.911067 11.938694 10.543228 9
11.943867 11.985394 10.245528 4
12.175567 11.026594 10.250128 7
11.906867 11.438194 9.395628 6
12.666267 11.373594 8.780228 10
12.086367 12.092294 8.319328 5
12.758767 11.791794 7.721228 10
12.400667 11.495994 6.912928 6
11.718767 11.122194 7.472728 10
10.935967 11.530094 7.933928 5
10.703067 12.425094 7.649128 1
10.848467 12.328394 6.708828 1
10.726767 13.221694 6.418228 9
10.812567 13.782894 7.210128 1
11.622467 14.092194 7.603228 13
11.183367 14.899104 8.131628 4
10.500767 15.395394 8.640028 7
9.707567 15.877394 8.636328 1
10.391467 16.312194 9.083228 13
9.690267 16.964384 9.086328 10
9.576367 16.875084 10.024728 4
10.455367 17.202494 9.966228 10
11.353767 17.356364 10.440628 13
12.216867 17.708964 10.630628 3
12.213767 16.729334 10.634328 1
12.124367 16.280334 9.730628 10
13.027567 16.336144 10.116728 4
13.267667 16.250004 11.038628 4
12.763467 16.797674 11.590528 11
13.402167 16.719284 12.296328 10
13.239867 16.228424 13.039628 10
12.346367 16.392044 12.745128 11
11.597067 15.902914 13.227928 7
11.407667 16.508214 12.413028 11
10.581567 16.157734 12.152428 4
11.083667 15.406104 12.047128 8
10.635567 15.489574 12.932528 13
9.695567 15.351984 13.088028 4
9.516067 15.208054 14.018428 8
9.151767 14.296694 14.074828 3
9.348567 13.343194 14.051828 5
10.383167 13.150594 13.971428 5
10.423767 14.098394 14.210128 10
11.404067 14.274794 14.216128 6
11.572667 14.437094 15.166828 10
10.721767 13.983094 15.501428 4
10.581267 14.844304 16.138128 1
10.206867 14.807334 17.006328 4
9.815567 15.583804 17.382528 4
10.656667 15.938964 17.535528 6
11.146167 16.522144 18.122728 7
11.998867 16.985444 18.402428 13
12.854767 16.784194 18.126628 1
13.063167 16.552504 17.255928 5
13.662567 16.271454 16.565928 4
14.600667 16.555484 16.444228 9
15.214867 16.674234 15.685328 15
14.800567 17.174434 14.973628 10
14.630467 17.088394 14.049028 10
15.239967 16.632854 13.434128 10
16.022567 16.243654 13.848328 10
16.005767 16.301324 14.780728 10
16.609667 16.012524 15.450328 15
16.863267 16.427014 16.296928 15
16.972667 17.477334 16.603128 13
16.541567 17.794764 15.788328 9
15.683267 17.866764 15.248828 10
15.996667 18.701124 15.441628 13
16.187767 18.346544 14.536728 10
15.851967 18.350544 13.668828 10
16.737467 18.796004 13.744128 7
17.012867 19.235744 14.632128 1
17.398967 20.122044 14.706428 12
16.740867 20.761224 14.765428 1
15.914467 21.152644 14.557828 4
15.422167 20.515864 15.154528 7
15.598167 19.540264 15.130628 1
15.432867 19.136154 14.251728 10
14.513467 19.083624 14.279628 10
13.691567 19.531024 14.594328 7
12.779067 19.792344 14.245728 7
12.490667 18.805844 14.281428 12
11.615867 19.244454 14.131128 4
10.958667 20.034614 14.003428 4
11.826767 20.377764 14.159628 3
12.621567 20.866534 14.374328 7
12.959067 21.160374 13.504428 7
12.588267 21.534664 12.737528 10
11.866567 21.223514 12.142328 4
12.422067 20.482034 11.883928 14
12.671567 20.405274 10.905828 10
12.149067 20.398064 10.094828 13
11.679767 19.617124 10.307428 9
11.269067 18.821264 10.073328 1
11.070267 18.315884 10.877728 7
11.305967 18.140714 11.865128 11
11.023967 17.662364 12.667728 11
10.511067 18.407784 12.779928 4
9.651867 18.836544 12.704228 13
8.846367 18.528704 13.152928 6
9.622267 18.575664 13.668928 4
8.932367 18.703234 14.314928 10
9.625767 19.341074 14.352928 12
10.368167 19.133074 14.896828 4
10.968867 18.423494 14.741928 4
11.020967 17.967144 15.593328 10
11.287767 17.802084 16.508028 7
11.687167 18.372114 17.153428 10
11.862567 18.916034 16.256628 12
12.353467 18.321674 15.686728 13
12.587167 19.202414 15.561428 7
13.165067 19.570964 16.189028 7
12.663967 19.632504 16.980828 12
13.396567 19.072594 17.259228 12
12.775867 18.486924 17.517028 14
13.010967 18.095624 16.647928 1
14.006167 18.161924 16.474428 1
13.886467 17.330174 15.893528 10
13.268667 17.731974 15.308128 4
13.934167 18.134554 14.758628 10
14.615367 18.264564 15.398128 10
14.469467 19.247594 15.486328 1
14.204767 20.209774 15.266828 7
13.818767 20.455434 16.111428 7
13.703467 21.079624 15.401228 7
13.270067 21.448124 16.169728 3
12.674467 22.046674 15.748028 1
11.879267 21.557374 16.114628 10
11.131767 21.808394 15.577428 1
10.346167 22.299234 15.586328 7
9.979967 22.988104 15.024228 10
9.608667 22.596554 14.205328 1
9.187667 22.948774 13.453228 5
9.175667 22.369814 12.678128 11
9.469967 22.464054 11.750028 7
9.561767 21.768434 11.171328 9
9.072367 21.010854 11.398728 10
9.413367 20.438564 10.734728 15
10.333167 20.462784 10.907728 7
11.285067 20.656424 10.903028 1
11.064667 20.370444 11.841228 14
11.312567 19.504184 12.075728 12
10.927567 19.694554 12.928428 4
11.463367 18.884664 12.924628 4
12.035167 18.060224 13.191828 11
12.836467 18.615574 13.336728 14
13.772967 18.836064 13.149028 10
13.144667 19.583634 12.724428 9
13.503567 20.034374 13.442328 7
14.400267 19.757754 13.465728 10
14.739867 20.127334 14.313128 7
15.284367 20.498244 13.532228 14
15.679667 19.585944 13.313428 10
16.130467 19.425574 12.423528 15
15.256767 19.128154 12.202128 10
14.401567 19.402754 12.513428 10
14.536867 20.378444 12.395928 13
14.074667 20.956004 12.993628 12
13.983767 21.470864 13.780928 7
13.606667 21.743894 14.662628 7
13.148467 22.614534 14.655928 1
12.629967 23.280874 15.106028 1
12.931067 23.65393 14.261628 10
13.403167 23.979104 13.508428 12
14.057967 23.938801 14.195328 4
14.706867 23.773616 14.847028 1
14.516367 22.816074 15.070728 4
14.311067 21.947004 15.574828 7
15.289467 21.935414 15.313828 7
16.158667 22.128274 15.676128 1
15.985467 21.363464 16.217728 13
15.156067 21.899524 16.513528 7
15.171567 21.856404 17.454828 10
14.824167 20.977294 17.808528 1
14.988267 20.334304 18.502728 1
14.975267 19.914924 17.569228 11
14.524767 20.368584 16.859828 7
14.236167 21.342204 16.857128 7
13.902267 22.222144 17.138928 10
13.305367 21.503744 17.424628 12
12.767867 21.434234 18.291728 8
13.084567 22.041374 19.006228 6
13.505867 22.953534 19.038728 11
13.644967 23.283844 18.177728 4
13.271467 24.229808 18.185128 12
14.126567 24.56533 18.490828 10
14.427567 25.217782 19.106828 4
14.852567 25.752994 18.371828 10
14.669767 26.601554 18.873628 7
14.748267 26.098274 19.677828 1
15.088867 25.231206 20.045928 7
15.806467 24.954189 19.455028 1
15.546467 24.169013 20.109928 11
16.067467 23.814661 19.319828 7
17.007867 24.102118 19.297228 9
17.148867 25.051778 19.075428 13
18.023067 25.419564 19.260428 5
18.428667 25.740964 18.415728 1
18.338567 25.371973 17.567828 10
19.012367 24.782004 17.968828 10
18.600667 24.156543 18.579028 7
19.110567 23.324964 18.587728 10
19.748567 22.574454 18.634628 15
20.074967 23.365264 19.274028 14
20.717467 24.057704 18.920728 13
20.942567 23.083274 18.637728 7
20.557267 22.420534 19.241428 7
20.273667 22.167414 20.158228 10
19.455367 22.624774 20.556828 1
19.345467 23.545741 20.170828 1
19.331667 24.226784 20.777128 1
18.546967 23.96585 21.283828 10
18.680067 23.536367 22.140028 10
19.475567 23.411964 21.634328 4
19.920867 22.646294 21.950128 7
20.746667 22.154414 22.039228 4
21.193167 22.945024 21.960228 6
20.782367 22.635654 21.140228 1
21.370367 22.863454 20.412728 16
21.420767 21.967254 19.951428 1
22.240767 22.019174 20.408628 14
22.996767 22.219754 19.890128 10
23.221067 23.108834 19.707628 11
23.105367 24.015523 19.382728 10
23.599667 24.540904 20.083728 7
23.190067 24.558038 20.962528 10
23.782367 24.90687 21.671328 14
24.209167 25.055367 20.755128 10
24.678767 25.542634 21.487428 11
25.457867 25.742684 22.036228 10
25.578867 26.670454 21.727628 7
26.114867 26.838764 22.539328 1
26.799667 27.553624 22.342228 4
27.109067 26.821444 22.869028 11
28.025367 26.536614 22.657628 7
27.965767 26.503424 21.626328 9
28.099967 26.928204 20.751028 7
28.639567 26.128934 20.753628 10
29.469767 26.077594 21.308128 12
29.730067 26.010674 20.300328 13
30.499767 26.396714 20.752428 1
30.764367 26.953074 21.503728 1
29.988467 27.373264 21.972828 7
30.292667 26.661094 22.567028 4
30.781267 26.429434 23.382128 12
31.034167 25.450596 23.458128 10
31.476267 25.336863 24.288028 12
31.339967 24.684014 25.004628 12
30.464967 24.466935 24.879528 7
30.782567 24.859563 25.844228 12
29.856867 24.825033 25.590228 7
28.997567 25.470185 25.624428 1
27.997567 25.885664 25.904928 15
27.933867 25.0755 25.426828 15
28.365367 25.610864 24.698428 7
27.645967 26.197824 24.650028 15
27.814867 26.145004 23.693128 7
28.344667 25.330155 23.543828 7
27.642067 24.910401 23.972928 10
27.043867 24.387809 24.479628 1
26.342167 24.98291 24.732328 15
26.002567 25.24826 23.863928 7
25.077667 25.493608 24.138728 1
24.391467 24.833568 24.247728 4
24.885467 23.97248 24.327328 7
24.376267 23.470724 23.685728 1
23.831367 23.806745 24.376928 16
24.237967 24.088182 25.240828 12
23.364467 24.077155 25.561428 7
22.897367 23.331134 25.903928 1
22.133267 23.836378 25.553528 12
21.348767 24.374012 25.512228 10
20.823567 23.634779 24.849228 1
20.287067 22.961174 25.324828 7
19.647567 23.651243 25.627628 11
19.457467 23.204564 26.489928 1
18.611967 23.237224 26.031328 7
18.753267 24.177574 26.298928 12
18.201767 24.79834 26.860528 3
18.197667 25.347889 27.688728 10
19.002467 25.865834 27.415128 10
19.922667 25.630304 27.636728 7
20.717367 25.950034 28.063628 15
21.416967 26.712164 27.982028 1
22.095767 27.241404 28.480928 12
22.497967 26.654754 29.164728 4
23.285667 26.317684 28.833528 7
23.404667 26.777184 27.930128 1
24.204367 27.311324 28.079728 7
24.009967 27.338954 27.110728 16
25.006367 27.394594 27.007428 5
25.604267 27.972854 26.438028 7
26.353367 27.324694 26.387828 12
26.609367 26.526144 26.043928 15
26.047067 26.986554 25.415928 9
26.394567 26.471624 24.664528 15
26.088967 27.374454 24.201028 7
26.779267 27.991124 24.340328 1
27.492367 28.484764 24.025928 10
27.510267 28.716234 24.998228 1
28.286067 29.079174 24.417328 1
28.847967 29.209214 23.627528 7
28.844667 28.672104 22.801128 1
29.044767 28.321924 21.852828 1
30.480167 28.632774 21.575128 1
31.388567 28.900234 21.446028 7
32.208167 28.528824 21.633728 4
32.958767 29.142104 21.463028 1
33.607067 28.998194 20.775428 1
34.532667 28.789864 20.844528 11
35.133367 28.366544 21.525328 15
35.519567 27.685594 20.957728 12
35.357867 28.300774 20.222228 10
34.570167 27.864324 19.664928 7
33.636167 27.539904 19.377728 12
32.784467 27.989264 19.042228 15
32.005967 27.454584 19.229228 12
32.049667 26.634854 19.622828 11
31.276367 26.121044 19.191728 10
30.838967 26.872924 18.793228 12
30.114167 27.081714 18.174728 10
29.830367 26.523804 18.940428 15
28.996067 26.295804 18.532828 7
29.182167 25.345694 18.491428 7
29.947267 24.768809 18.944928 13
30.488167 24.024931 19.055328 7
29.713867 23.909961 19.681228 9
30.153867 23.54502 20.462728 16
29.416467 22.881784 20.499428 13
29.375767 23.195024 21.419428 7
30.167367 22.797754 21.943428 16
30.398267 22.589904 22.867428 9
30.539667 22.536094 23.861328 7
29.647867 22.411844 23.540028 13
29.696567 22.611394 24.499428 7
29.764467 22.909994 25.377028 7
29.639967 23.857857 24.947928 7
29.278967 23.857156 24.025628 16
28.670967 23.173584 23.727728 7
27.955667 23.485454 23.184928 6
27.081867 23.392144 22.940328 4
26.872567 22.590854 22.480528 7
25.996367 22.356374 22.791928 11
25.078567 22.155934 23.110428 16
24.283967 21.694784 22.693428 12
23.477467 21.831234 22.176028 1
22.695967 22.228544 21.667928 12
23.404867 21.893384 21.077828 7
23.831167 21.021674 20.940828 16
24.772767 21.355464 20.767328 14
25.434067 22.098744 20.826128 10
26.131167 21.926704 21.574128 7
26.915567 22.194174 21.136328 15
27.659667 22.514244 21.667028 1
27.798267 21.842344 22.324628 1
27.597567 21.151264 21.728928 12
27.881267 20.386744 21.240628 11
27.841367 19.693594 20.572128 1
27.854867 18.875884 21.041428 7
27.904767 17.943764 21.237628 12
28.619267 17.405224 21.643728 5
29.191467 17.029934 22.329828 7
29.220967 16.456264 23.188728 7
29.773367 17.193014 23.421728 15
30.039267 18.053884 23.648728 7
29.251567 18.323834 24.092628 4
29.796567 18.449154 24.927928 4
30.662667 19.019904 24.675628 11
30.555967 19.544914 25.483028 11
30.184067 19.474134 26.328428 10
30.145867 20.320424 26.668928 7
29.477167 20.798424 27.185228 7
29.514167 19.923224 27.648628 1
29.449767 19.211394 27.042028 16
29.355667 18.942534 26.106128 10
28.461367 18.763344 25.822728 16
28.437167 18.670934 24.863328 10
27.597667 18.326964 24.572528 14
26.726167 18.601434 24.812928 15
25.845267 18.227794 24.785828 7
25.081867 17.609704 24.635128 1
24.176867 17.422934 24.685928 15
24.222467 18.391004 24.926228 16
23.509367 18.809934 25.616328 9
23.882467 19.535654 26.144228 12
24.428867 19.702894 25.342628 1
24.116967 20.482654 24.879528 1
24.232867 21.439494 24.591828 7
24.664267 22.199034 24.137528 10
25.354767 21.585974 24.377128 12
25.797267 20.841614 23.989928 13
26.471567 21.418474 24.307828 1
26.800367 21.469674 23.347628 16
27.597267 21.645574 23.965528 7
27.824167 22.537534 24.253828 7
27.111167 23.203164 24.168928 12
26.059767 22.971634 24.201128 13
26.104667 22.274774 24.891528 1
26.974967 22.342694 25.198628 7
27.740267 22.885244 25.301828 7
27.145167 23.667924 25.212328 15
27.934467 23.830405 24.725328 7
28.178067 23.700457 25.684028 16
29.102567 23.6393 25.786728 7
29.389467 24.291935 26.423628 7
28.580067 24.860753 26.698628 4
29.031467 25.358205 27.349428 11
28.264567 24.966944 27.755128 7
27.585867 24.80658 26.986428 6
27.019867 25.430044 26.542128 15
26.172867 25.384516 26.030328 15
25.926167 24.437368 26.264828 15
25.638867 23.539612 25.913228 9
25.071067 23.700202 26.690828 7
24.618367 22.850014 26.486128 16
24.696767 22.353164 25.664928 1
24.868167 21.457224 26.042428 10
25.325167 21.605744 26.924028 11
26.204667 21.866904 26.835828 13
26.065267 21.610124 25.902928 1
26.938567 21.195254 25.896728 12
27.600067 20.803894 25.404128 7
28.029267 20.232704 24.756128 12
28.885267 20.194184 24.303928 11
28.711467 21.024794 24.878228 7
28.796067 21.930764 24.422028 7
28.997967 21.536984 23.535828 9
29.214967 21.144434 22.659428 16
29.236067 20.757514 21.778528 11
29.207167 20.180254 20.926528 4
29.714167 20.822924 20.455728 7
30.364367 20.132534 20.415128 16
30.640767 21.064774 20.533528 5
30.860267 20.545584 21.355128 16
31.341667 19.652374 21.424928 14
31.277367 18.680114 21.202928 12
30.330667 18.496664 21.495328 10
29.967967 17.625184 21.691328 7
30.213467 17.088004 20.918228 7
31.016267 17.653944 20.845328 16
31.497467 17.695124 20.021028 12
32.157467 17.196914 20.619328 1
33.141767 17.174214 20.913828 10
34.070867 17.430954 20.735128 16
34.025967 16.760774 20.025528 10
34.671967 17.251924 19.503328 15
35.341667 17.832704 19.170828 1
36.264367 17.873754 19.366728 15
36.540367 18.781844 19.697128 1
36.264767 19.637654 19.277928 7
36.170867 20.294864 20.024828 7
36.231567 21.195094 20.410228 12
36.383767 21.985224 20.936128 1
36.327767 21.528434 21.766228 1
36.457767 21.093804 22.589928 16
36.282967 21.373664 23.527628 1
35.397367 21.848444 23.397928 7
35.154867 20.884924 23.527328 1
35.763967 20.192764 23.309728 1
34.936267 19.742094 23.443928 7
34.649067 20.406544 22.817828 13
35.007567 19.899104 22.035428 8
34.357067 20.479984 21.651528 15
34.139767 21.397414 21.813628 13
33.320467 21.794334 21.586328 16
33.317867 22.648574 21.106628 15
33.287167 22.697064 22.034228 12
33.969467 23.331104 21.786428 7
33.558267 23.620238 22.601628 13
34.136867 24.287657 23.057428 7
34.205467 23.693006 23.832028 5
33.792667 23.238454 24.515828 12
34.059967 22.453834 23.975428 7
33.184967 22.220324 24.334428 12
33.284467 21.529584 25.010928 12
33.314967 20.555544 25.053228 7
32.907267 20.829884 24.213928 1
32.573467 19.976034 23.943628 12
32.315167 19.851534 24.959428 11
31.755367 19.423694 24.363228 11
31.462367 19.050574 23.517828 16
30.944567 19.541324 22.874928 9
30.140167 19.738894 23.371928 1
29.815367 20.438224 23.995728 11
29.948067 21.255024 24.437728 7
30.135467 20.494534 25.021028 11
30.214567 21.245684 25.745328 7
30.094667 22.084734 26.135128 7
29.144867 22.425844 26.457028 1
28.600167 22.337344 25.679828 7
28.644167 21.434284 25.886628 7
28.039467 20.794754 26.314128 16
27.982067 21.620664 26.796428 14
27.510667 22.126544 26.094328 7
27.669667 22.891434 26.746628 15
28.540567 22.997444 27.221628 10
29.389167 23.066754 27.628028 7
29.614567 23.759468 28.250728 7
28.727067 23.923506 28.527128 16
29.362967 24.366131 29.119128 4
28.551467 24.649131 29.600128 5
27.961667 24.569857 30.335528 9
28.074267 25.363975 30.910128 16
28.059567 26.201044 31.317828 16
27.902067 27.098324 30.999728 1
28.871067 27.153424 31.119128 7
29.572567 27.324204 31.708228 1
29.124167 28.141124 31.413128 10
30.152067 28.268014 31.654728 12
30.542767 27.869714 30.912028 15
31.250767 27.636854 30.340328 1
31.427667 28.234944 29.616728 7
30.828067 27.831034 28.970928 11
31.058167 26.948624 28.720228 7
31.738267 26.982534 28.039228 1
32.479467 26.538984 28.652028 15
32.745267 27.369544 28.191028 15
32.681367 27.998434 27.469028 12
32.139767 28.183024 26.739628 7
31.382067 27.640984 26.543928 16
30.657367 27.435714 27.156528 7
30.754867 26.545644 26.780728 1
30.498467 26.297594 25.921228 13
31.350667 26.597124 25.592128 7
31.584867 25.744404 25.232228 12
32.433867 26.060634 24.794228 11
32.646867 25.856344 25.700428 12
33.162867 26.656984 25.871328 6
33.735967 26.420974 26.665728 16
32.887967 26.280014 27.137728 13
32.206667 25.750624 26.831128 16
31.981367 24.795655 26.944328 12
31.859667 23.877517 26.617128 7
30.995967 23.5421 26.711228 7
30.297167 24.204968 27.018228 7
30.081267 25.0378 27.537628 16
30.352767 24.483225 28.285528 11
31.158967 24.004441 27.949328 7
31.563567 24.602477 28.558828 8
31.199567 24.393348 29.406528 12
30.706067 24.293767 30.296528 9
31.352967 23.890947 30.912028 15
31.357967 23.315974 31.691728 15
30.433667 23.234034 31.631528 11
30.193467 22.368044 31.502728 7
31.123867 22.249694 31.644628 15
31.550067 21.688934 30.997428 15
30.798767 21.345544 30.517528 11
30.308967 22.091084 30.269228 4
30.187767 22.636114 29.523728 1
29.850167 22.227384 28.741228 1
29.326267 21.936334 28.002428 16
29.966367 22.304774 27.268128 7
30.834867 22.516974 26.891828 7
31.605867 21.974784 26.942428 7
32.093467 21.181184 27.141228 1
32.350067 20.273324 27.287428 1
32.619267 19.663504 26.628528 1
32.242567 19.128834 27.357428 1
31.639167 19.086624 26.547628 1
31.761267 19.873234 26.005028 11
31.414467 20.739724 26.271028 7
32.212867 20.986484 25.912928 1
32.369267 21.947694 25.919828 7
32.696067 22.513864 25.251228 12
32.200567 21.750014 24.632728 16
31.319167 21.341234 24.912828 7
31.263067 20.993594 23.956828 11
31.632367 21.249514 23.091628 14
32.287867 21.911974 23.101728 7
32.608167 22.792714 23.073128 15
32.576467 23.71852 23.364028 12
32.120267 23.974835 22.557128 16
31.179567 24.019344 22.323828 16
30.542967 24.117175 22.998628 15
30.807667 23.901657 23.874128 7
31.595467 23.457984 24.270828 12
31.532767 22.513334 24.165828 5
31.418567 22.627624 25.147928 7
30.767267 22.858344 25.738528 7
31.385767 23.632966 25.535528 7
32.235267 23.958019 25.224328 12
33.036267 24.167667 24.710828 12
33.421367 24.857645 23.939328 16
33.292467 25.07454 23.042328 11
32.445667 25.352599 23.649028 12
32.597667 26.117224 22.908728 1
33.095967 25.816804 22.172828 16
33.646867 26.172004 21.366228 1
33.238267 25.442317 20.843028 1
33.620467 24.597135 20.717828 11
33.823567 23.650778 20.641628 13
34.611467 24.196509 20.603728 15
35.394167 24.691712 20.932428 1
35.349167 25.609704 21.414028 7
36.006167 26.435434 21.368128 8
35.242967 26.782824 22.006328 12
34.936167 26.974014 22.879428 16
35.427067 27.597294 23.517728 8
35.177667 27.957654 24.330528 9
34.499367 27.308554 23.964628 7
33.875867 27.058474 24.675728 15
34.077267 26.258354 25.197628 13
34.391467 25.445245 24.632828 5
33.475267 25.430427 24.962228 1
33.218167 24.616527 25.549828 12
32.803267 24.101908 26.217528 12
32.746967 23.294904 26.766728 7
32.532067 22.378564 26.988428 7
32.751467 23.017534 27.788028 7
33.446067 22.375564 27.955628 11
32.934867 21.428854 28.130028 1
32.613867 21.886584 28.896328 7
33.192567 22.074814 29.622628 11
32.367067 22.384344 30.093028 15
33.218467 22.832794 30.328928 11
32.361867 23.362854 30.468728 15
32.827567 23.562331 29.649028 1
32.981267 22.814964 28.994628 11
32.147867 23.072114 28.642328 7
31.621167 22.557124 29.377728 15
31.221467 22.703254 28.507628 7
30.951467 22.162644 27.819328 7
31.241867 21.295634 27.950028 7
30.854367 20.819004 28.733228 16
30.375067 20.114984 29.233328 16
29.920167 20.671644 28.557828 12
29.339567 19.912134 28.886028 1
29.341167 19.181914 29.501428 1
28.926867 18.389334 29.863828 16
28.437167 19.063084 30.319228 1
28.193867 19.721754 31.033728 10
28.651067 19.479054 31.856228 7
28.930267 20.239704 32.410028 1
29.400567 20.150774 31.565628 1
29.702067 19.288994 31.905028 16
30.316467 19.926344 31.436828 1
30.317967 20.822364 31.815928 16
30.588067 21.509154 32.482528 14
30.699767 22.424334 32.548828 15
30.966367 22.864424 33.365328 12
31.373067 22.738254 34.209428 1
32.059967 22.558314 33.606328 15
31.914067 21.691954 34.090028 16
31.557967 21.738084 33.118828 15
31.159767 20.860964 33.227828 1
31.669667 20.070594 32.978428 16
32.193467 20.708184 32.459728 16
32.383567 20.696964 31.501728 15
32.579667 19.909174 31.025228 12
33.344567 19.723714 30.427028 1
32.737167 19.788524 29.673228 1
33.187067 20.507074 29.196628 5
33.875367 21.203454 28.976928 12
34.297867 21.531454 28.074328 11
35.138267 21.241284 28.468228 8
35.156067 22.206844 28.643228 11
35.948267 22.730024 28.451628 16
36.052567 23.492974 27.969528 16
36.972767 23.837431 28.140428 16
37.535147 23.315534 28.756028 16
37.541997 23.130884 29.704028 7
36.976267 22.472954 29.155428 16
37.668587 21.782234 29.443228 13
37.150167 21.073874 28.993428 11
36.811167 21.647974 28.344028 16
37.483617 21.663804 27.614328 16
37.598627 21.808804 26.631128 8
37.678287 22.666534 27.037528 16
37.313757 22.665204 26.077728 11
36.394867 22.435144 26.095428 1
36.753967 22.222824 26.936728 16
36.017867 22.570264 27.473028 16
35.323367 21.977724 27.503528 11
36.178967 21.500574 27.348728 1
36.436967 20.596474 27.466528 1
36.705367 21.017064 26.584328 7
36.508167 20.464014 25.787328 1
35.602067 20.227304 25.834828 1
34.994967 20.784654 25.389228 1
34.652067 21.618514 25.746928 1
35.003467 22.195424 26.494328 1
34.894867 23.098034 26.741628 11
35.672267 23.627098 26.958828 16
35.429567 24.467496 26.598128 16
35.031267 24.290238 25.769428 12
35.020067 25.235151 25.701828 5
34.034967 25.228344 25.816528 12
34.231767 25.195398 26.722028 12
34.634867 26.022364 27.099328 15
35.015267 25.464191 27.817428 16
35.766067 25.406052 27.085128 16
36.339067 26.222314 27.058128 5
36.696567 25.695754 26.283428 1
37.114667 25.221165 26.992728 16
37.815217 25.693294 27.463028 15
38.206617 25.360296 28.245928 16
39.111077 25.190474 27.916128 7
39.293037 24.918134 27.024628 11
39.703117 24.041827 27.206728 15
38.934057 23.806101 27.806228 16
38.587087 22.939574 28.034028 1
37.835577 23.395634 27.734328 16
37.440267 24.186171 27.402128 16
36.884867 24.228024 26.448628 16
36.193167 24.366009 25.768628 7
37.069467 24.858242 25.652928 13
36.787967 25.553364 25.075128 16
36.511367 25.218184 24.147828 1
36.703867 24.331019 23.752928 15
36.116067 23.721967 24.282328 16
35.980367 23.248374 23.441428 15
35.740367 22.824124 24.288628 1
35.074467 23.011014 24.943128 1
34.419467 23.365524 25.615928 12
33.881967 23.049254 26.315728 12
33.644567 23.246394 27.226828 11
34.471267 23.772888 27.303828 16
33.740067 24.437741 27.297228 12
34.179667 24.821821 28.070428 16
33.511067 25.360153 28.472328 1
34.148167 25.014978 29.111328 1
34.366467 24.138486 28.860028 16
33.908667 23.380344 28.445228 11
34.734967 23.080034 28.757528 11
35.355967 23.788546 28.791728 16
34.850767 23.659995 29.662628 11
35.491867 23.020884 29.599228 16
34.794067 22.373904 29.683828 11
34.530767 22.145494 30.630928 8
33.708767 21.637824 30.473428 16
32.759667 21.220874 30.507128 1
32.830867 21.747194 31.339328 15
32.884367 22.257804 32.188328 15
33.302567 21.604424 32.735228 5
33.959367 22.221704 33.018728 1
34.039267 22.191134 34.004428 8
33.780467 21.156144 33.964728 8
34.631367 20.921024 33.444928 15
35.508367 21.227784 33.826128 7
36.369767 21.653284 34.002228 5
36.569467 21.632974 34.972228 16
35.982967 21.764224 35.727428 1
36.007667 22.799664 36.114528 12
35.116567 22.646394 35.756128 16
34.336867 22.175324 36.081328 13
33.932767 22.731124 35.377528 1
34.306767 23.631526 35.389828 1
33.639467 23.89593 35.963728 14
32.994367 23.684584 35.212128 1
32.722067 23.890301 34.280828 7
31.848567 23.600952 34.621028 12
31.595367 24.205112 35.271228 1
30.813467 24.414787 34.786828 9
29.919767 24.257459 34.378528 12
29.551467 24.654811 33.482028 16
30.472567 24.587439 33.222028 1
29.822467 24.681545 32.549528 16
30.617867 24.311986 32.159828 1
31.657167 24.491146 32.267728 16
32.537567 24.290933 32.546128 5
32.455667 23.407154 32.106528 15
33.175067 22.998374 31.464228 16
33.040467 23.996048 31.375728 1
33.653767 23.937124 30.648228 11
34.133067 24.6077 31.155928 5
34.519367 25.087699 30.376328 8
35.456567 25.18656 29.929628 16
35.894267 24.400488 29.521328 16
36.135367 24.385709 28.563128 16
36.031467 25.27206 28.157228 16
35.638267 25.931444 28.780628 16
35.274167 26.664384 28.300128 7
34.504567 26.857134 27.796528 7
33.897467 27.308634 28.406328 11
34.606167 27.931724 28.521628 1
35.054367 27.699464 29.272928 1
35.501067 28.299694 29.917428 12
36.285667 28.108604 29.319228 1
36.501467 27.460514 28.574428 15
36.994067 27.226774 29.381228 15
36.912467 26.302334 29.172628 16
37.402507 26.232194 30.053328 12
37.058067 25.303768 30.166328 16
36.313867 25.999304 30.153728 16
35.965067 26.134744 31.041028 1
35.084267 26.244624 31.360028 11
34.697667 26.159574 32.267028 15
34.648067 26.291064 33.247628 16
34.985567 26.931134 33.874128 1
34.482667 26.147624 34.304528 7
35.374467 26.054074 34.548128 11
35.868167 25.17834 34.366928 16
36.779867 24.890778 34.118228 7
36.461267 25.728304 33.778028 5
36.830567 26.159804 32.956828 1
37.154767 25.253627 33.032028 16
37.625667 24.641052 32.381528 12
38.050267 24.647987 31.518328 1
38.843667 24.359382 30.981728 16
38.917077 24.514869 30.023028 1
38.062617 24.985835 29.979628 1
37.674007 25.146321 29.082428 16
37.144267 24.307312 29.198828 16
