12.567423 52.496814 38.046965 1
13.217523 51.894614 38.464365 1
13.042123 51.818214 39.404465 1
13.357323 52.420314 40.105065 1
13.767923 53.026714 40.703765 3
13.839323 53.413914 39.844765 1
14.495923 54.092314 39.542065 2
14.748323 53.183214 39.245465 1
15.335323 52.742514 39.895465 1
15.219923 52.136014 39.203465 4
15.994923 52.586614 38.834865 12
15.841523 52.226714 37.937765 2
15.004123 51.857814 37.709165 16
15.335723 51.072314 37.289065 1
15.313023 51.858914 36.662865 14
14.530923 51.626014 36.063265 15
13.718523 51.462314 35.567965 2
12.938723 50.944714 35.755065 2
13.722023 50.606214 36.226865 15
13.439223 49.768014 36.522365 5
12.556723 50.199814 36.614965 13
12.120623 50.803314 37.231465 14
11.938423 51.290214 36.391165 9
11.531823 50.845814 35.637265 11
11.432123 49.867114 35.901765 9
11.232923 48.956514 36.239665 1
11.941523 49.067514 35.482465 2
11.717423 48.493314 34.730365 8
12.262523 48.511514 33.933565 1
12.504723 49.122814 33.247965 8
11.895123 49.512314 32.552365 6
11.524523 49.312914 31.704365 14
11.617223 49.983214 31.081465 1
12.224323 49.182414 30.796665 14
11.737123 48.434214 31.116965 2
11.619923 48.200814 30.212765 8
12.245723 47.778814 29.642965 6
11.416723 47.411314 29.275965 2
11.860723 47.165314 28.396165 6
12.003023 46.896914 27.450965 2
12.978823 46.723214 27.462865 12
13.906423 47.089314 27.591665 14
14.479023 47.870214 27.487865 14
14.902123 47.030614 27.017865 14
14.930623 46.456714 26.230165 2
15.126823 47.346314 25.853165 1
15.279723 46.785514 25.003765 2
16.140423 46.951914 25.443465 1
16.726123 46.343314 25.931265 2
17.548123 45.976814 25.856565 5
17.249723 45.024414 25.975865 2
17.465023 45.258514 25.075665 5
16.505423 45.164614 25.170865 2
16.756423 45.767814 24.468565 11
15.834823 45.790814 24.450065 2
15.254223 45.114114 24.065765 7
15.636523 44.239414 23.978865 5
15.568823 44.383314 24.872065 3
15.354923 44.797014 25.806665 2
16.029623 45.186214 26.412665 2
15.930023 46.049714 26.666565 2
16.230823 47.005414 26.827365 14
16.952623 47.373014 26.214065 9
16.782323 48.285914 25.899665 1
16.107023 47.933414 26.399765 2
15.174823 48.340914 26.499965 14
14.252023 48.505314 26.088765 9
13.509223 47.873214 25.814865 1
13.251023 48.659814 26.278565 15
13.578023 48.497514 27.123365 8
14.064423 49.317714 27.292665 14
14.730423 49.864414 27.735765 14
13.856223 50.243514 27.576565 1
13.137123 49.639514 27.373665 8
13.005823 49.153214 28.248665 1
13.204523 48.742214 29.075365 6
13.723523 49.515414 28.887665 14
14.456023 50.163514 29.040065 12
13.664923 50.405214 29.469365 2
13.932023 49.699914 30.068265 8
13.235723 49.839614 30.748065 10
14.106223 49.897914 31.122265 11
14.792623 50.536214 30.851565 2
14.964823 50.795614 29.944465 2
15.719323 50.322814 29.521065 2
15.436823 49.458114 29.730265 14
16.036823 49.906214 30.382265 15
16.407423 50.756214 30.577665 8
17.019123 50.249414 31.102965 1
16.793823 50.550214 32.108165 1
17.686923 50.285014 31.854365 1
18.167023 50.529914 30.968065 1
18.155123 51.132614 30.223965 7
18.445723 51.642314 29.429065 1
18.628923 51.375714 28.500365 3
18.312123 51.139614 27.587765 2
18.003623 51.352914 26.691065 1
18.141523 50.953714 25.852465 1
18.035023 50.368614 26.634465 1
17.603223 49.496114 26.881265 2
18.153023 49.008814 27.473365 1
17.666923 48.420414 28.028665 2
16.856023 48.410914 28.514165 14
16.787323 49.092614 29.178065 1
16.263423 49.710214 28.621465 1
15.427123 49.338814 28.469865 14
16.001523 49.440614 27.684665 2
16.193023 48.711114 27.122865 14
16.025223 48.508514 28.033965 14
15.206023 48.101214 28.362265 14
15.961123 47.560514 28.458365 14
15.999023 46.850814 27.865165 14
16.642223 46.191814 27.740465 2
17.404123 46.767114 27.509365 14
18.311623 46.938514 26.948965 11
17.983823 46.022414 26.904865 2
18.556823 46.084114 26.103965 5
19.157823 45.701414 25.537765 5
19.220323 45.228014 26.388565 5
18.721723 45.417514 27.146765 2
19.349423 44.876514 27.752165 8
18.714023 44.412514 28.435965 6
18.035123 44.168814 27.745765 2
18.004623 43.175314 27.551765 2
18.969623 43.112914 27.277065 1
19.120323 42.547614 26.503565 2
19.943923 42.018014 26.631765 1
20.113023 41.787914 27.470065 9
19.329423 41.632814 27.930665 15
18.673923 41.025114 28.337965 15
18.358523 41.219114 27.396365 2
17.486223 41.215214 27.816765 15
16.849723 41.269714 27.152565 8
16.332723 42.004314 27.443765 8
16.668823 42.753014 26.921965 2
16.358323 42.106614 26.219965 8
16.554523 42.941214 25.819165 14
17.121723 42.469514 25.212665 2
17.069023 41.614614 24.775165 6
16.732323 40.779614 25.038765 1
16.065423 41.307114 25.631265 8
15.265323 41.701314 25.808365 8
15.163323 42.675914 25.685765 3
15.619223 43.513714 25.579165 2
15.800423 43.404714 24.597665 9
16.609923 43.824314 24.883465 2
17.388923 43.809214 24.302165 12
17.283823 44.521414 23.717965 14
18.014223 45.171114 23.545265 12
18.944023 44.775014 23.496165 2
19.738423 45.008114 24.055365 11
19.506223 44.989914 24.951665 2
18.975523 44.264214 25.451865 5
18.224223 43.922614 25.948565 5
17.384023 44.046514 26.490365 2
16.721923 44.487314 26.947765 2
16.994723 44.854014 27.778365 2
17.727423 44.960214 28.397165 1
17.598623 45.666814 27.787465 2
17.830223 46.266214 28.532065 1
18.685323 46.292914 28.064065 1
19.287523 46.790214 28.634565 1
19.012423 47.474714 29.296465 1
18.316223 48.139814 29.156665 6
17.657423 48.375414 29.912865 5
16.728623 48.236214 30.036065 2
16.180523 47.489814 29.657165 14
16.058523 47.327314 30.619165 15
15.126223 47.411514 30.513865 3
15.381023 48.210514 30.040265 14
14.402223 48.016714 30.021865 2
14.748023 48.511114 29.237965 14
14.280623 47.847814 28.708965 14
14.183523 46.993914 29.058065 14
13.210823 47.073414 28.923265 6
13.617323 46.151914 28.719565 15
14.480423 46.046714 28.395565 14
15.123623 45.985614 27.599665 2
14.251623 46.083914 27.119465 2
13.525923 46.349614 26.558665 15
13.725223 46.678414 25.670765 14
13.331523 45.772614 25.680765 9
13.961923 45.246314 26.196065 2
14.642423 45.463914 25.576065 2
14.007623 44.858614 25.045965 5
13.817923 43.918914 25.049165 14
13.103623 43.356114 24.747865 2
13.331423 42.691714 25.438565 1
13.804623 43.172614 26.146565 9
14.454023 42.495514 26.370065 8
14.758523 41.611014 26.694365 8
13.804323 41.430414 26.360665 2
14.150523 40.565414 26.601165 8
14.633123 39.698414 26.522065 8
14.464123 39.761214 25.574365 1
14.424523 39.147714 24.793665 2
13.459923 39.256914 24.692765 3
13.142623 40.137914 24.644265 4
12.460223 40.453014 24.001065 1
12.905823 41.381414 24.180665 2
13.615823 40.738314 23.868165 2
13.049123 40.907114 22.979465 7
12.184023 40.461314 22.842265 1
11.427223 40.688514 22.274865 2
10.989623 41.576314 22.264965 14
11.917123 41.910714 22.327365 1
11.578323 42.499314 21.714835 1
11.468623 42.882914 22.604465 3
11.842923 42.543714 23.378465 2
11.010323 42.137414 23.091965 2
10.982823 42.070214 24.018565 6
10.532923 42.778214 24.569965 12
10.791323 42.381114 25.364865 14
11.260523 43.198314 25.539965 1
10.710823 43.231514 26.352565 8
10.923923 44.159714 26.113665 1
11.588823 44.988114 26.013365 3
12.148523 44.399714 26.477765 10
12.976323 43.832914 26.426065 14
13.737623 44.316414 26.189865 6
14.443923 44.517214 26.851365 2
15.058323 44.698214 27.617465 2
15.534823 44.394614 26.842965 2
15.254723 43.528214 26.573865 8
16.158523 43.614814 26.836765 2
15.904923 43.174214 27.650365 2
14.943823 43.111014 27.646965 8
14.442423 43.869314 27.847965 1
13.615323 43.537014 27.498165 9
13.113023 43.457314 28.345865 2
13.164123 43.185814 29.249865 14
13.615323 43.005314 30.089665 3
14.072623 43.065514 31.001065 3
13.377123 42.636414 31.521365 1
12.462323 42.552614 31.866065 1
11.825523 42.290114 31.213665 7
12.163923 42.004614 30.361065 1
11.400423 41.394314 30.139465 14
11.314923 40.594214 29.626765 2
11.099823 41.255314 29.003165 8
10.616023 42.106314 29.176365 2
9.848523 41.489314 28.909565 14
9.717023 42.000914 29.670365 5
9.516123 41.341014 30.329265 2
8.781123 42.022414 30.100865 3
8.797723 42.848114 30.694065 12
9.063823 43.095414 31.553665 2
8.278723 43.180914 32.166965 2
7.514023 43.690414 32.359165 8
7.022523 44.469814 32.201165 5
6.722923 44.320214 33.134165 3
6.015223 43.665814 33.285065 1
5.919723 42.664414 33.318765 11
4.999723 42.824214 33.500365 15
4.716623 43.402614 32.743665 2
4.794023 42.505114 32.356165 1
4.713923 41.577914 32.389865 1
5.549023 41.583714 32.839865 14
5.727423 40.722114 32.371265 1
6.155323 40.733014 31.493065 2
7.016423 40.317014 31.926865 1
7.390823 40.143514 31.028265 3
8.108323 39.727114 30.564865 2
8.463923 39.214814 31.277765 14
7.990423 38.564514 30.824065 4
7.825423 37.705514 31.266465 14
7.616423 38.090314 32.129065 1
8.392923 37.698614 32.509065 2
8.335123 36.745914 32.699865 1
9.178223 36.733114 32.220265 14
9.958223 36.784714 31.578565 2
10.353823 37.637714 31.941765 9
10.732123 38.221514 32.581865 9
11.227423 38.863014 33.057565 6
11.531123 38.883714 32.146665 9
11.802623 38.643214 31.174665 9
12.320923 39.403114 31.067465 2
12.238123 40.297414 31.471065 2
12.927423 40.519114 32.144265 6
12.345423 39.765714 32.483165 6
13.029923 38.982714 32.527565 9
13.418023 38.845214 31.615265 9
13.169723 38.931914 30.674565 2
12.722723 39.439014 30.048665 2
13.171923 40.156014 29.649265 2
13.935223 40.656414 29.355165 3
13.710723 40.361014 28.513065 8
13.130223 39.541014 28.736165 2
13.935323 39.147614 28.245665 6
14.877223 39.117414 28.240465 8
14.423523 38.742014 28.984065 2
15.174523 38.263814 29.481465 6
16.039523 38.622814 29.549065 14
16.116323 39.106614 28.723565 14
15.815823 39.978714 28.338165 8
15.479723 40.508414 29.189465 3
14.706423 40.021414 29.012965 2
14.913923 40.454114 28.164465 8
15.012323 40.707014 27.267165 8
15.144623 41.596514 27.613065 8
15.401223 42.141314 28.380465 2
15.773923 41.506814 29.050365 3
16.517123 41.979514 28.715365 1
16.723123 42.745314 28.135365 2
17.657023 42.598914 28.270065 14
17.358823 43.255614 28.899965 10
16.868123 44.028714 28.611565 2
16.104823 43.427314 28.583765 2
15.780623 43.058414 29.453965 12
15.402523 42.338414 29.973865 3
14.778523 42.526814 29.248565 3
14.922523 43.293414 28.679065 12
15.414523 44.053414 28.794365 2
15.352423 44.986714 28.534865 2
15.603323 45.230314 29.529365 3
14.923323 44.498214 29.794365 1
15.726123 44.204114 30.136265 1
15.920723 43.331514 30.505665 3
16.421423 43.506814 31.312065 1
16.592123 44.369714 30.897865 1
17.262123 44.950014 30.317665 8
17.117423 44.079414 29.884265 9
16.500623 44.627314 29.486765 8
16.395323 45.034514 28.617265 2
15.985823 45.858014 28.488765 2
15.416423 46.434514 28.976665 14
15.586023 46.277514 29.891665 8
15.007023 46.280514 30.661965 1
15.496123 45.467414 30.857965 9
15.078923 45.142914 31.673865 2
14.497423 44.500214 31.225365 14
14.102723 44.092114 30.473265 3
14.052123 43.821414 29.539265 3
13.879423 44.821014 29.462365 1
13.133023 45.191214 29.958865 2
13.158823 46.181614 29.828465 6
13.002123 46.876514 30.472365 7
12.109123 46.670014 30.834265 1
12.038323 45.669914 31.083965 2
12.178023 45.796714 30.120365 6
12.031223 44.845714 30.301565 8
11.295223 45.324214 29.909265 1
11.403123 44.639114 29.267465 2
11.922423 45.567414 29.034465 6
12.010323 45.662314 28.084265 2
11.974623 44.757714 28.166965 9
12.049923 43.993414 27.516365 2
12.515023 43.251614 27.145865 14
12.833123 42.384914 26.947365 9
13.155823 41.763514 27.555765 8
13.327523 42.114514 28.407865 12
14.261223 41.853614 28.528165 8
13.773123 41.729714 29.377665 3
12.956723 41.430814 29.021465 14
12.326023 40.861314 29.415365 2
12.959823 40.995214 30.065165 2
13.858323 41.134314 30.322865 3
13.429423 41.099614 31.195865 8
12.523423 41.207014 30.951965 2
12.217623 41.581414 31.820765 14
11.223723 41.602314 32.189365 3
10.999123 40.634914 32.010765 1
11.337823 40.653014 31.078965 2
10.959523 39.705114 31.286665 9
10.577723 39.534814 30.388665 10
11.424123 39.463414 30.003565 2
11.103523 38.464714 30.256265 2
10.883623 37.636914 30.789065 9
11.558023 37.468414 30.109665 2
12.127223 36.915714 29.606665 1
11.622823 36.876314 28.746265 1
11.716123 37.216714 27.828165 1
12.499723 37.717814 27.796865 3
12.963723 38.130314 28.607365 1
12.646523 38.805714 29.212865 2
11.659223 38.753814 29.349265 2
11.034123 38.741014 28.638665 12
11.419723 39.173314 27.871165 6
11.903123 39.923014 28.059965 2
12.110623 40.586414 27.335765 3
13.129723 40.468614 27.365265 8
13.139523 39.769914 26.611165 6
12.665523 39.483614 27.455365 6
12.781923 38.716614 26.920765 3
13.577723 38.635614 27.433665 2
14.420823 39.033614 27.214265 8
14.862423 38.198914 27.527765 6
15.790623 38.147514 27.297465 2
16.121323 38.969614 27.641465 8
16.849923 38.395214 28.056465 14
17.407523 39.131714 28.193665 14
17.656323 40.007914 27.688265 3
18.516323 39.602414 28.058865 1
19.040823 39.320814 27.216865 12
19.894823 39.605214 26.713965 3
20.497423 39.150714 27.367365 14
21.227423 38.993114 28.024265 1
21.008323 39.897014 28.292465 1
20.970623 40.811514 28.058065 2
21.657923 41.298614 28.608265 4
22.269823 41.464914 29.304865 2
22.895123 41.544914 28.484665 2
23.701823 41.883514 28.957665 1
24.137723 41.460214 29.665765 2
24.509823 40.581214 29.648065 8
24.651123 39.620414 29.917465 9
24.140323 39.347214 29.158265 1
23.577823 38.583914 29.352365 14
23.792623 38.259514 30.193565 2
23.101023 38.157314 30.940765 6
22.708823 37.755414 31.658265 2
21.950223 38.261614 31.190565 2
21.740423 37.335314 31.235365 3
20.751123 37.177914 31.368165 9
19.820423 37.369714 31.347665 9
19.445423 36.950014 30.565065 9
18.796223 37.523014 30.073065 2
18.671523 38.084914 29.294365 6
18.102223 38.659314 29.647665 14
17.826523 39.577314 29.256465 2
16.960223 39.851614 29.128765 3
16.892423 40.458614 28.356865 1
16.525023 39.895814 27.612565 8
16.061623 40.270614 26.841665 8
16.029223 40.237014 25.851865 2
15.594123 39.484214 26.184365 8
16.257823 39.070714 25.601065 2
17.116023 38.776514 25.435865 3
17.852523 38.300814 25.796565 2
17.204823 37.696314 26.172965 2
17.168523 38.554314 26.735165 3
18.009323 38.122914 26.755565 8
18.701923 38.325714 27.426165 2
18.370823 37.562714 28.003465 10
18.227623 37.014514 27.209665 1
17.532923 36.548214 27.677465 2
16.860323 36.939314 28.221865 3
16.669323 37.535714 28.923865 14
16.932523 36.846914 29.604865 6
17.430423 37.626614 29.646065 14
17.333523 38.104714 30.510165 7
16.884023 38.952714 30.223365 14
16.961223 39.906714 30.268865 3
16.147123 40.251914 30.578265 3
15.342523 39.768514 30.719265 6
14.922723 40.519814 30.359565 3
14.133523 39.907014 30.409265 2
14.777023 39.231414 30.170165 2
14.847823 38.638614 30.920465 4
15.825223 38.672214 31.002565 8
15.936023 39.048014 32.036565 7
16.154423 39.253814 33.016265 2
16.364223 40.265914 32.707265 5
15.943623 40.231214 33.544765 5
15.936023 39.353314 34.078965 1
16.586423 38.684914 34.300665 3
15.759423 38.207814 34.204465 3
16.214323 37.348114 34.132965 3
15.776023 37.657814 33.255965 3
15.252223 37.929914 32.490565 1
14.352823 38.114214 32.546965 6
14.004923 37.332414 32.017065 13
13.899023 37.648214 31.118065 10
13.928123 38.342214 30.417965 2
13.220323 38.031314 29.881465 2
12.810223 37.366514 30.534265 1
12.157623 37.314414 31.203165 9
12.388823 36.409014 31.298765 14
11.834323 35.679214 31.505365 3
12.435923 35.045114 31.851065 1
12.807923 34.576714 32.654965 1
11.877323 34.731214 32.731865 1
11.059923 35.147714 33.277465 3
11.059423 35.989614 32.874665 9
11.520023 36.114114 33.735365 8
11.200823 36.562914 34.520765 8
10.251123 36.750714 34.381365 10
10.348023 36.874514 33.455465 9
9.716123 37.611614 33.433865 3
9.438623 38.469414 33.281565 3
10.241023 38.888214 33.791065 5
10.593223 38.523114 34.623665 3
10.980923 39.272814 35.256565 3
10.862323 39.479314 36.270965 4
11.155823 40.337614 35.984965 13
10.772323 41.182214 36.282865 12
10.876323 41.969814 36.885065 3
11.156023 42.807314 37.251065 10
10.972823 42.959714 38.221665 2
11.490423 42.347814 38.798965 3
11.734223 43.036014 39.474265 14
10.780723 43.331414 39.658065 9
11.456423 43.761614 40.178565 1
12.377023 43.554514 40.508365 2
13.239123 43.702914 39.968465 9
13.871823 42.919314 39.930565 10
14.389623 43.146814 39.101065 1
14.772123 42.835914 38.283265 1
15.506523 42.559614 38.916765 2
15.400523 41.576314 38.590965 3
15.542023 41.020414 37.779465 8
15.379423 40.241614 38.437065 2
16.103923 39.730714 38.197865 10
16.262523 39.771314 37.182965 1
15.519223 39.784714 36.622165 1
15.533323 38.830514 37.011665 7
15.211523 38.036514 36.466165 3
14.809523 38.318814 35.626765 6
15.403023 37.744614 35.196865 3
15.802923 36.910914 34.910165 3
16.243423 36.232514 35.395365 3
16.495323 35.400114 35.845765 12
16.338423 35.255714 34.897165 3
15.722123 34.682514 35.242265 9
16.196623 34.011114 35.821265 6
15.556423 33.688114 35.233865 4
14.809323 33.251664 35.751765 13
15.593023 33.234474 36.331165 3
16.319323 33.361824 36.906365 6
16.508223 32.467024 36.911565 6
15.559623 32.254794 36.682465 3
14.968923 32.833834 37.113865 8
14.813523 33.697314 37.466865 9
15.481423 34.104914 36.857265 9
16.304823 34.551914 36.723465 6
16.300723 35.439614 36.912065 14
15.343423 35.643114 37.078565 9
15.801223 36.456514 36.846765 5
16.442523 37.153114 36.842065 10
16.456723 37.071714 35.837365 3
16.116823 37.902914 36.125565 3
15.935123 38.753114 35.602365 3
15.937123 39.692014 35.397865 8
16.881723 39.578314 35.492565 3
16.831323 40.527614 35.321265 9
16.002823 41.020514 35.311465 14
16.417623 40.793514 34.411665 5
17.149223 41.425214 34.179365 5
16.962923 42.356214 34.599265 10
16.456623 42.201114 33.776465 5
15.694423 41.943514 33.181765 1
14.909423 41.429414 33.013965 1
14.566223 41.214114 33.887065 4
14.001323 40.500014 34.167965 3
13.642223 39.851314 34.739765 1
14.034023 38.992214 34.476865 1
14.407923 38.082014 34.605865 3
13.584423 37.643914 34.791165 1
13.951723 36.861914 34.257465 3
13.395723 37.486414 33.763565 1
12.656023 36.972714 34.282965 4
12.109423 37.237614 33.560865 3
11.910723 37.876014 32.852465 9
12.132023 37.116414 32.297965 9
13.037223 36.870914 32.318265 1
13.019923 36.302914 33.052365 15
13.632023 35.986014 33.755765 3
14.145823 35.435314 33.142965 13
13.850123 34.987214 33.886865 6
14.744923 35.299614 34.177865 3
14.705423 36.280914 34.059865 3
15.630723 36.453714 33.923665 3
15.274123 36.812414 33.118665 3
14.976823 36.723214 32.197965 6
15.098423 37.173514 31.405465 11
14.569823 36.407114 31.081265 10
14.719623 35.422314 31.444565 6
15.385023 35.176714 32.129465 13
15.674523 35.756814 31.414965 6
15.805723 36.088014 32.348265 3
16.181423 36.831114 31.921365 3
16.522123 37.519914 32.437665 3
16.807923 38.421614 32.344865 9
16.903323 39.418514 32.076465 4
17.488623 39.600414 32.861565 5
18.483323 39.492514 32.693965 8
18.571823 38.722614 33.294765 3
19.090723 38.681214 32.454565 8
19.873523 38.399714 32.991865 9
20.064223 39.271414 33.255765 3
19.947823 40.253614 33.450965 4
19.499623 40.777714 32.834565 1
18.990923 41.512314 33.248965 5
19.669923 42.034414 33.682965 9
20.077923 42.508314 32.953365 12
19.737423 42.155114 32.123965 3
19.642423 41.932314 31.167065 10
18.725723 42.123414 31.555065 5
18.464923 42.959514 31.028065 1
18.036623 42.174214 30.649965 1
17.612323 41.266114 30.310165 2
16.767723 41.788414 29.973165 3
16.659323 41.216914 30.743165 3
17.450423 41.181014 31.316365 5
18.407723 41.011614 31.214065 1
18.240423 40.249614 31.784365 5
17.970723 39.839214 30.934965 1
18.798923 40.300614 30.503165 6
19.262023 39.593214 29.916265 3
19.972723 38.927514 30.074965 6
19.700423 38.136414 30.535965 9
20.560123 38.122014 31.036965 9
20.185823 38.986214 31.277265 13
19.497223 38.327314 31.562865 9
18.907723 39.005714 31.243265 3
18.217923 38.512014 30.738365 10
17.827723 38.142314 31.489765 9
17.972123 38.762914 32.215765 14
17.634523 37.924414 32.538665 3
17.445523 37.129614 32.897065 3
17.291823 37.001114 33.801265 3
18.039023 37.049914 34.423765 3
18.677623 36.680414 35.006965 13
18.259923 37.104414 35.744165 9
17.519423 37.725814 35.434365 3
17.096823 38.395014 35.898965 3
17.817423 39.077214 36.004765 3
17.863423 39.418914 36.945765 8
17.844623 40.400914 36.887565 1
17.941323 41.335414 36.641365 1
17.019223 41.490014 36.828865 4
16.228123 42.061214 36.976865 1
15.926523 42.915414 36.793865 6
15.912823 43.060914 35.816865 9
15.275523 42.345014 35.652365 1
14.407823 42.163014 35.309565 4
14.366823 42.560014 34.420865 3
13.815223 42.414914 33.605665 9
14.548923 42.914314 33.223865 6
14.244923 42.468814 32.469265 1
15.063923 42.423714 31.886565 8
15.144223 42.687714 30.939665 3
15.117123 41.708014 30.925365 3
14.982523 41.170514 31.783165 9
15.866523 41.049714 31.294265 3
16.430023 41.256814 32.123365 5
16.092123 42.139514 31.877365 3
17.091223 42.103514 31.757765 6
17.152723 41.758914 32.640265 5
17.615323 41.379414 33.309365 5
18.179223 40.622514 33.248265 5
18.894123 40.631814 33.921265 1
17.910123 39.867114 35.014365 3
18.303323 39.267314 34.256965 11
17.697823 38.636214 33.832265 3
17.373523 37.895214 34.354865 3
18.377123 38.176214 34.448165 3
19.234423 38.533214 34.360565 1
19.135823 37.986614 35.119265 14
18.377123 38.367014 35.552965 3
18.655823 39.282414 35.316065 9
19.449223 39.400514 35.860865 3
20.346123 39.299514 36.228065 10
20.373623 39.508814 37.182465 12
19.484423 39.656814 37.531865 1
19.406623 38.877714 38.111465 3
19.545423 38.400114 38.965065 4
18.966723 38.238614 39.698065 8
18.086123 38.613814 39.927065 15
18.226923 37.722514 40.174065 9
18.798523 36.890014 40.270965 3
18.682323 36.945114 39.249965 6
18.109623 36.419614 38.787865 3
17.381723 35.889714 38.332865 4
16.829323 35.195214 37.923465 6
15.949023 35.366514 38.271865 9
16.277323 34.464414 38.281165 9
16.811323 33.819414 38.589365 6
17.738823 33.643114 38.679765 5
18.710023 33.357334 38.792765 3
19.077823 32.706914 38.118665 3
19.494523 32.829264 37.246765 6
19.923923 33.358284 36.576465 13
19.205023 32.864024 36.193565 6
20.090823 32.718814 35.760065 5
20.681023 33.429684 35.342065 9
21.650423 33.198024 35.417565 10
22.424523 32.503154 35.357565 1
22.989623 32.960174 35.920965 1
23.732623 32.694394 35.377165 1
23.989723 33.484124 34.967765 3
23.800823 33.504734 33.976165 1
22.893923 33.494844 34.163665 3
22.834123 34.108814 33.412765 1
22.300523 34.773814 33.776765 3
21.878123 35.407414 34.438365 3
20.967323 35.242114 34.329565 13
20.852923 34.418814 34.705965 9
20.612223 33.586174 34.144965 5
19.888523 33.800614 33.624165 15
19.254423 33.935714 34.374565 8
18.439823 33.435654 34.502665 3
18.744023 33.453144 35.435165 8
17.948623 33.149394 36.011465 6
17.490223 33.559224 35.233365 6
16.682523 33.849614 34.876965 4
17.324823 34.620014 35.000565 3
17.454523 34.142014 34.125965 3
17.761023 33.500294 33.398865 4
18.598423 33.775914 33.004765 9
18.698223 34.716314 33.250665 5
18.063323 35.452014 33.467265 3
18.199523 34.954614 34.262565 3
18.595323 35.582714 34.866365 8
18.997823 36.057314 34.166765 3
19.906923 35.877314 34.185365 1
19.931223 35.007914 33.664565 3
20.442823 35.311814 32.911365 13
20.415023 35.555114 31.973765 9
19.485123 35.733814 32.054965 9
19.412223 36.135714 32.958965 3
18.655123 36.247714 32.332265 3
19.166923 36.640914 31.601765 9
18.650423 36.030614 31.030065 14
19.361423 35.390014 30.832165 9
18.577523 34.932414 30.870565 13
18.745623 33.970714 31.180265 5
18.361323 33.171514 31.726665 9
17.740523 32.937754 32.433965 4
18.139923 32.295414 33.121165 3
18.871023 31.954624 33.773165 1
19.465223 31.980514 34.536765 3
18.752123 32.451784 34.991165 1
18.492523 32.075504 35.944765 6
17.942423 31.279254 35.998365 10
18.172223 31.697224 36.822965 6
18.557723 31.908444 37.623565 6
18.787023 31.642334 38.498065 15
17.785623 31.528454 38.614965 3
18.076323 31.221084 39.464065 10
17.655823 31.870944 40.098965 3
17.361523 32.374574 39.320565 1
16.996223 32.054274 38.500365 6
16.201223 32.020434 39.054265 3
15.799223 32.910674 38.923565 10
15.558923 33.543284 38.262665 9
14.866423 33.796914 38.867665 9
14.348323 33.309434 39.486665 5
13.788223 33.899914 39.991065 3
13.013523 33.858014 40.593565 3
12.563623 33.134484 40.100765 5
12.294323 33.917614 39.544665 6
11.531023 33.847314 38.959765 5
11.122123 34.467714 39.602865 3
10.461923 34.584214 38.818965 8
10.310823 35.139414 38.038065 3
10.288723 35.807814 37.347465 6
10.868623 36.459914 37.954965 11
10.734123 37.227614 38.440165 13
11.709523 37.100314 38.366565 1
12.605923 37.447214 38.472065 1
12.703723 38.275114 37.852065 1
12.676223 38.794614 36.923565 3
12.393223 37.877014 36.581065 1
11.719323 37.325614 36.288865 4
12.422923 36.800414 35.803565 8
12.981823 36.388714 35.150465 3
13.491323 35.937614 35.833365 3
13.974023 35.293614 36.363265 9
13.608123 34.468514 36.706265 9
13.330523 33.993414 35.852965 1
13.694223 34.863214 35.522465 3
14.311123 34.385314 34.883165 4
14.620923 35.140414 35.356665 3
15.051723 35.378814 36.144765 9
14.597723 36.116514 35.787665 3
14.691323 36.695314 35.103265 3
14.300123 37.243414 35.744465 15
14.457823 36.893214 36.576465 3
13.576823 36.586214 36.759465 6
14.219723 35.898114 37.094965 9
14.502323 35.486914 37.943765 9
13.493023 35.476414 38.090965 10
13.905023 35.022914 38.881965 3
14.063923 34.580314 37.952465 9
13.859423 34.017414 38.704965 3
13.721223 33.163924 38.427365 5
13.135923 32.421584 38.377665 5
12.642623 32.398684 37.518565 6
12.346623 33.267984 37.814365 1
12.481023 33.109074 38.810165 5
11.855023 32.413284 38.503865 5
11.642123 32.083454 37.602365 6
11.092823 32.752384 37.128665 3
11.758623 32.930554 36.410065 6
11.253323 32.651784 35.631865 3
11.860823 31.940874 35.537965 3
12.057723 32.789524 35.063965 13
12.584623 32.562234 34.318165 1
12.279023 33.435504 34.279665 3
12.441323 33.927014 35.156865 10
13.222523 33.694114 34.638765 3
13.878523 33.779114 33.859265 6
14.338123 33.470544 33.004065 13
15.061423 34.088114 32.552165 12
15.620023 33.752814 33.258465 4
15.562423 34.679714 33.109965 3
15.918723 34.373714 34.051665 4
15.863323 35.347114 34.050665 3
16.344423 35.604314 33.238065 3
16.617023 34.678414 33.055965 6
17.128523 34.566814 32.243365 14
17.413023 34.028614 31.489065 11
17.378023 34.421014 30.574565 3
17.930923 33.660914 30.324765 9
18.269523 33.205964 29.534265 3
18.861323 33.389524 28.831165 13
19.755523 33.704514 28.851865 4
20.587523 33.468914 28.304865 8
20.347123 34.441714 28.572365 1
19.884723 35.396014 28.683565 1
20.184823 35.457814 29.634865 1
20.366423 36.276714 30.027265 9
20.525023 36.462314 29.083265 3
20.750923 37.384814 29.064465 9
21.588123 37.651814 29.322365 1
22.111923 36.940214 29.161065 6
22.422923 36.484614 28.338565 4
22.121623 36.826714 27.524765 6
22.401723 36.186214 26.835765 3
22.774323 36.036714 25.989065 10
23.246023 35.784714 25.124865 9
24.191123 35.996814 25.585265 6
24.404923 35.103214 25.532965 3
24.060923 34.386514 26.041365 1
23.848223 33.722514 26.676165 3
24.130223 34.128614 27.525165 8
24.039323 34.144214 28.470265 5
23.092723 34.382314 28.537565 10
22.571023 33.997714 27.779465 5
21.665823 34.362114 27.585765 3
21.719723 33.489074 27.954865 9
21.797523 33.934014 28.805365 5
22.577123 33.515814 29.143165 1
22.710823 33.750114 30.111365 15
22.522423 34.655414 29.922065 3
21.944523 35.262314 30.511465 8
21.702823 35.176914 31.550965 3
21.991323 35.601814 32.403765 13
21.969223 36.560814 32.585665 13
21.213123 37.079914 32.319165 9
21.937123 37.606714 32.686265 11
21.051223 37.901314 33.143865 9
21.353623 38.032614 34.094265 3
21.095323 37.231514 34.632965 3
21.487423 36.872214 33.819165 13
20.580523 36.528914 33.704765 13
20.296323 37.234414 33.103665 9
19.722823 37.745214 33.821465 6
18.986323 37.199014 34.090765 3
19.234423 37.240214 33.175665 3
19.381523 37.564814 32.238065 9
18.492523 37.290014 32.439265 3
17.794523 36.870414 31.948465 10
17.590123 36.365114 31.126165 4
17.521723 35.455014 31.543865 6
17.184723 35.720914 32.446065 5
17.258823 36.059414 33.329365 3
17.658423 36.127214 34.185365 3
17.353523 35.800714 35.016765 3
17.575323 35.441214 35.965765 5
17.670723 34.954414 36.805665 6
18.515223 35.322914 36.519865 15
18.361223 34.437614 36.238265 8
18.044523 33.861814 36.953065 6
17.343623 33.137654 37.002465 6
17.797723 33.166714 37.831765 6
18.513623 33.884914 37.889965 3
18.680423 34.709914 38.414465 5
18.806423 35.582414 38.807065 1
19.531623 36.109314 38.487865 1
20.333223 35.569614 38.176565 4
21.128723 36.086614 38.391065 1
21.194023 37.000714 38.056465 1
21.573723 37.480114 38.754465 3
22.153523 38.198014 38.568965 10
23.001823 38.664514 38.924065 3
22.541423 37.991614 39.436565 10
23.332123 37.681414 39.900865 3
23.586923 37.986514 40.762365 3
23.322823 38.147914 41.637565 1
22.719423 37.499314 42.167565 3
23.307423 37.689514 42.888265 1
23.427923 36.765114 42.750965 1
22.974823 36.377714 42.031065 5
23.534923 37.025514 41.457265 11
23.335923 36.530614 40.653765 10
22.875223 35.728814 40.858765 4
21.912823 35.841714 40.553865 14
21.733823 35.085014 41.018165 9
20.875823 35.185814 41.395065 3
20.867123 36.005414 41.799265 6
20.698023 35.818314 42.775465 12
20.899923 35.107514 43.429865 9
19.972123 34.841614 43.333965 4
20.257823 34.336814 42.576965 3
19.976123 34.562214 41.719265 5
19.999123 34.225114 40.758165 9
19.262223 33.589814 41.049765 3
18.414723 33.203804 40.779165 4
18.763723 32.845704 41.593765 8
19.472323 32.632424 42.204365 13
18.734723 32.347904 42.736065 1
18.347723 31.732534 42.091265 10
17.466923 31.159794 42.037965 10
16.674923 31.467174 41.504365 13
16.082923 31.402544 40.681365 4
16.335323 30.767144 39.977665 13
16.266023 30.499154 39.034865 3
15.939123 30.820694 38.208065 9
16.568423 30.976654 37.570665 10
16.765123 31.492874 36.815465 6
17.570423 31.025074 37.175165 6
17.485123 30.474574 36.427965 10
16.524223 30.312594 36.366565 3
15.946423 30.340574 37.152765 4
16.610023 29.682324 37.213065 1
17.605623 29.487604 37.172565 10
18.496223 29.400814 37.586765 3
19.258223 29.963214 37.838365 6
19.781023 29.466094 37.266265 4
20.355923 28.739614 37.482365 4
19.686023 28.525674 38.164365 1
20.301123 27.804994 38.259265 4
20.351023 27.714174 39.174165 13
19.906723 28.405334 39.675865 5
19.530423 27.705664 40.301465 13
19.698323 27.089764 41.022565 5
18.801623 26.698794 40.785365 13
18.582323 26.091364 41.468865 4
18.176323 25.237794 41.466065 6
18.396623 24.687674 42.270565 4
18.043823 23.754443 42.020965 11
17.984623 23.462013 40.991865 4
18.820823 23.668982 40.532665 8
19.434323 24.033409 41.191965 10
19.164223 23.16128 41.554865 10
19.396423 22.592114 40.824865 9
19.893323 22.96673 40.065365 4
20.394723 23.039693 40.829265 11
21.149523 23.674283 40.746165 10
21.362223 24.470342 41.250665 3
20.827723 24.918944 41.955965 11
20.485223 25.281444 42.815365 10
20.527923 26.306234 43.039665 13
21.284823 26.340064 42.447665 10
21.937223 26.685484 41.770865 5
22.847723 26.269164 42.063065 1
22.909623 25.718514 42.819065 13
22.935823 24.739294 43.040965 6
22.103623 24.632545 42.580465 4
21.824023 25.390134 41.953765 3
22.104923 25.559844 41.017565 10
22.500323 26.469644 40.889665 13
22.877423 27.411334 40.797565 10
23.380323 27.269644 39.987965 6
23.939523 27.353594 39.255865 1
23.418223 27.734354 38.498765 5
22.489123 27.916434 38.173865 1
21.883823 28.720924 38.418165 4
21.675523 29.624484 38.444365 4
21.989923 30.545694 38.236565 1
21.290923 31.197904 38.299965 10
20.491123 31.680524 38.153465 12
19.603823 31.514854 37.716765 6
19.997923 30.734534 38.215265 4
19.476123 30.520524 38.983565 9
18.977523 30.374624 39.803265 13
19.039523 31.250394 40.164565 8
19.877423 31.307374 40.659965 9
20.293823 30.818994 39.917965 4
20.588723 31.202464 39.082065 3
20.416623 32.024904 39.620865 15
20.867323 32.407244 40.460565 1
20.830223 31.630064 41.080865 4
21.210123 31.296114 41.938065 2
20.280523 31.172234 41.913465 3
20.358723 30.206624 41.987665 3
19.696023 29.613334 42.355665 15
19.069723 28.980544 41.921065 5
18.708323 28.343174 41.309565 10
17.980523 28.344164 40.734865 13
18.240823 29.087544 40.239765 11
18.831723 28.467214 39.823565 13
19.282323 29.009964 39.082165 1
19.918923 29.550704 38.587965 4
20.762123 29.856394 39.013365 4
21.098123 29.743464 39.901365 10
21.418323 30.212894 40.656265 13
22.305023 29.726284 40.430565 3
22.810223 28.870734 40.668165 10
22.134223 28.271484 40.753365 1
22.170723 28.656664 39.863765 1
21.344023 28.641074 39.413265 4
21.280423 27.904104 38.780765 4
21.732023 27.377954 39.424065 10
22.569123 27.200554 38.998165 1
22.575723 26.469984 38.464665 9
22.704223 25.859864 39.144165 6
23.106123 25.624594 40.074165 1
23.569523 24.916614 40.588365 1
22.840323 24.556773 40.199565 6
22.190423 25.203824 39.904565 1
21.497623 25.468234 39.303065 10
20.847123 24.860614 38.816165 8
20.705423 24.501775 39.693965 5
20.068923 24.766334 40.370265 4
19.148123 25.100094 40.188265 1
19.506223 25.792614 39.614265 8
18.963023 26.651464 39.542365 13
18.246623 27.076414 39.111765 13
17.380823 27.287304 39.425165 11
17.581823 28.154084 39.777565 10
18.296223 28.118214 39.028765 13
18.463223 28.316274 38.098765 5
18.999523 28.173054 37.330465 4
18.194923 27.667324 37.011065 3
18.272323 28.510494 36.597865 10
19.022923 29.047014 36.350765 10
19.819323 28.581764 36.579365 4
20.763123 28.185664 36.605165 4
20.912323 27.903304 35.570665 3
20.941323 26.905204 35.659065 6
21.075323 26.114094 35.132665 1
21.628123 25.315564 35.295765 4
21.399823 25.283684 34.438665 11
21.216323 24.599058 33.807365 4
21.872323 24.430923 33.013265 6
22.712823 24.699234 32.558165 5
22.919823 25.552324 32.262165 11
23.754723 25.852084 31.890765 13
23.992723 26.753334 32.119265 15
24.702823 27.216804 31.569365 10
24.441423 27.534254 30.694765 9
24.538123 28.189994 29.948765 5
23.629123 28.435814 29.923065 13
23.361623 29.256294 29.482065 8
22.900523 29.090554 30.367965 13
23.174223 29.283704 31.236665 1
23.583623 30.023474 30.838165 6
23.864323 30.903074 30.444665 10
24.790023 31.197744 30.630465 4
25.711423 31.324264 30.345265 4
25.701323 31.343584 29.376765 10
26.092623 30.498144 29.596365 3
25.510623 29.746074 29.644665 12
25.599223 29.719404 28.607365 10
26.421223 29.259774 28.686265 9
26.748623 28.466784 28.181465 13
26.579623 28.698164 27.279465 1
26.047023 27.917494 27.384365 1
25.667723 27.099144 27.700665 4
26.255223 26.912314 28.475765 1
27.136023 27.164934 28.930965 3
27.690323 27.138394 28.108965 4
28.285723 27.110284 27.351065 1
28.456523 27.619594 26.495665 1
28.601123 28.259504 27.132065 15
28.158423 29.115674 27.318865 4
28.513323 29.042184 28.178165 3
27.876023 28.712944 28.811465 1
27.970023 29.666724 29.065065 4
28.726423 30.210004 28.750965 10
29.360223 29.834314 29.406065 10
29.702723 28.924604 29.297565 4
29.976623 28.823624 30.265665 13
29.718523 27.949684 30.638865 6
29.319123 27.232404 31.105365 10
28.750323 27.538934 31.821265 3
27.934123 27.044894 31.554365 10
27.320723 26.420304 32.044965 6
26.430123 26.236564 32.443365 9
26.362923 26.127034 33.362365 11
25.825423 26.310744 34.093465 5
25.141523 25.663774 33.836065 4
24.759023 25.924724 34.795165 13
24.492023 24.999404 34.664865 10
23.655723 24.528155 34.985165 1
23.071023 24.543003 35.774565 11
23.179523 25.035094 36.675565 6
22.552023 24.324277 36.725565 13
22.130823 23.753771 36.132465 4
21.475323 24.10725 35.496765 10
21.064423 23.992981 36.421165 12
21.542323 24.471276 37.156265 8
20.663823 24.943924 37.146865 3
21.001523 25.718854 36.731765 10
21.656923 26.382834 37.113265 8
20.997523 27.156104 37.121665 4
20.355723 26.836404 37.833865 4
19.518223 27.091694 38.252365 13
19.086423 26.983024 37.448465 4
18.637223 26.221194 37.600565 6
17.693423 26.053834 37.569165 10
16.907323 26.430874 37.112965 3
16.521423 25.442824 37.016765 13
16.241223 24.644034 37.489065 1
17.214923 24.837094 37.531565 4
16.968923 23.9281 37.544165 10
16.219323 23.269963 37.567165 1
15.970023 23.462137 36.600165 1
16.891823 23.49303 36.225065 1
16.846223 23.762401 35.335365 9
16.011923 23.909557 34.848265 4
15.444123 24.568221 35.177665 10
15.139523 25.470454 35.027265 13
15.949923 25.751344 35.325865 4
15.860823 26.666374 35.541465 13
16.851123 26.782824 35.552465 5
16.742623 27.462464 34.864665 10
16.859823 26.530464 34.468265 4
17.089623 27.262844 33.856165 9
17.971523 27.732694 33.934165 6
18.013223 28.684124 34.206465 10
18.014123 29.275414 34.952465 10
18.803023 29.631234 35.288965 10
19.764323 29.650804 35.101965 6
20.575823 29.770574 35.673065 4
21.425623 29.376174 35.671865 4
21.528123 30.259854 35.287365 13
22.317123 29.752614 34.933265 11
22.610223 30.243574 34.157765 15
23.438923 29.991184 34.585265 3
23.518323 29.110034 34.270365 9
23.732623 28.221684 34.347565 5
23.535323 27.443764 34.931365 1
23.693023 27.978824 35.748265 10
23.473123 28.912024 36.032865 13
22.634423 28.653224 36.409765 5
21.669823 28.685234 36.639765 4
21.499123 29.140534 37.515765 4
22.407823 29.501694 37.233465 5
22.922123 29.876384 37.940365 7
22.902023 28.914414 38.075465 13
23.505123 29.216884 37.308565 9
23.335823 30.158204 36.906565 10
22.824723 30.889614 37.527665 3
22.344623 30.576564 36.759065 8
21.571523 30.121444 37.136665 4
20.677423 30.474644 36.919065 4
20.171523 31.135544 36.364065 6
19.372823 30.716664 36.777765 6
18.792923 30.256454 36.201365 10
19.387523 30.506294 35.525565 1
19.009023 31.134764 34.897865 1
18.482423 30.455684 34.497365 10
18.012923 31.195854 34.867265 1
17.382723 30.745404 34.363165 10
17.038823 31.545824 34.031465 12
16.771923 32.431424 33.761765 4
16.118823 32.800064 33.189965 4
15.835823 32.580674 32.222665 1
16.367823 32.260324 31.455065 3
16.113923 31.359324 31.521965 1
16.575023 31.566334 32.281565 14
16.500323 30.758994 32.746765 13
17.132823 30.520314 33.352165 10
17.646723 30.516554 32.429965 3
17.250523 29.624524 32.468465 4
16.703123 28.805424 32.758265 11
17.015923 28.754224 33.667165 10
16.141723 28.333694 33.540265 11
15.830623 28.273464 34.479965 10
15.032423 27.777564 34.897165 13
15.112023 28.585834 35.438465 4
14.898023 27.791684 35.939865 8
14.062423 27.379544 35.708065 13
13.952823 28.169484 35.208465 4
13.172023 27.609754 35.096765 13
12.609823 28.473694 35.345065 9
13.430023 28.532754 35.986365 6
13.637723 27.778924 36.565665 13
12.749023 28.232554 36.813565 10
13.498023 28.538554 37.289065 5
13.497723 29.460484 37.464065 4
12.627023 29.079324 37.743265 10
12.566123 29.618324 36.909565 15
12.506723 30.567814 36.719065 4
13.008723 31.412454 36.781365 9
13.465023 31.262884 35.950065 6
13.340523 31.919514 35.250865 5
14.018523 32.202314 34.657865 10
14.946423 32.688454 34.707765 4
14.922423 32.694384 33.732665 4
14.058523 32.549124 33.351165 13
14.039323 31.647834 33.219865 10
13.210123 31.163874 33.326565 1
12.249223 31.269944 33.171365 1
11.483723 31.693154 32.702965 3
12.049223 31.700664 31.871765 10
11.523923 31.917694 31.127965 4
10.546223 31.737644 31.244265 13
10.305723 32.123884 30.429565 7
10.994823 31.513684 30.067965 5
11.380223 30.729844 29.669765 1
12.155623 30.069764 29.574365 4
12.866323 29.805514 30.183865 8
12.774523 28.988794 30.803965 10
13.554223 29.198564 31.233665 1
14.302823 28.638104 31.481765 10
14.977423 28.864534 32.126165 11
15.482823 29.412814 32.725065 11
14.859523 30.146034 32.780265 4
15.235223 30.758064 33.417165 12
15.258823 31.017554 34.336065 13
16.183723 31.156334 34.689065 4
16.721623 30.564544 35.223765 10
17.059223 31.414974 35.501965 3
17.238823 32.288554 35.189665 6
16.716923 32.862514 34.692265 4
15.955523 32.625934 35.150965 4
16.320823 32.041024 35.884165 6
15.481223 31.573704 35.473765 13
14.964423 30.862904 35.882465 14
14.459423 30.591114 36.673665 10
14.647723 29.979864 37.353365 15
14.080623 30.587114 37.811965 10
13.829423 30.170954 38.722365 5
13.168923 30.714614 39.226365 1
13.437223 31.375664 38.649065 10
13.537823 31.670854 39.548665 5
14.325123 32.091114 39.250865 10
14.127723 32.460314 40.112765 4
13.162723 32.160644 40.342065 5
13.317723 31.745934 41.318965 3
13.003823 31.999434 42.161765 4
12.935723 32.971274 41.940965 9
12.157023 33.007004 41.339365 4
12.057023 33.977614 41.581365 1
11.082823 34.054614 41.327965 1
10.522223 33.469824 41.954965 9
10.126023 32.641244 42.321165 13
9.748323 32.358624 43.173265 9
9.769823 31.681554 43.788465 15
10.475823 31.225494 44.254065 6
11.377023 30.800194 44.331265 13
11.275623 30.799314 43.391465 13
12.290923 30.793844 43.527765 4
12.087823 30.712154 42.582265 1
12.903023 30.228304 42.284165 10
12.419023 29.466574 41.931265 4
11.490123 29.219784 41.926765 4
11.576523 29.749794 42.700265 13
11.273323 30.440454 42.108965 10
10.363623 29.990144 42.175365 4
9.696423 30.558164 41.782865 4
9.432623 31.092504 41.081865 8
8.924823 31.523334 40.439665 7
9.210423 32.369284 40.083065 3
8.222523 32.392844 40.262265 4
7.274823 32.152314 40.206565 11
7.608223 31.278254 39.982265 10
7.263223 31.751254 39.143165 13
8.060123 31.346974 38.695365 10
8.325223 30.429904 38.510465 6
7.595023 29.858014 38.384665 8
8.171623 29.181184 37.943665 5
8.341723 28.794754 37.029965 4
9.270923 28.554114 37.323865 10
9.792723 29.251794 36.981465 1
10.695723 29.069094 36.771265 10
11.064023 29.362854 37.535365 10
10.855423 30.397424 37.563165 4
11.304123 30.268984 36.629265 1
10.908423 31.148384 36.699565 12
10.056023 31.027694 36.251365 10
10.034023 31.589484 35.503465 1
9.645323 31.006504 34.849665 6
9.348823 31.705304 34.279665 4
8.833123 32.323474 34.845865 1
8.207923 32.801614 35.425765 6
8.739123 32.204694 35.982965 1
7.948923 31.853394 36.470165 13
7.700023 31.171104 35.874765 10
7.325523 30.225034 35.727265 4
6.429423 30.177554 35.387865 13
6.772023 29.259114 35.174065 4
6.388323 28.446794 34.762065 10
6.377723 27.542244 35.142365 13
7.364123 27.822244 35.316965 14
7.235523 27.673854 36.252565 3
8.186723 27.933004 36.104365 5
8.537323 26.985154 36.017165 15
8.488223 27.067324 36.963465 13
8.128123 27.053534 37.847865 5
9.106723 27.198564 37.978565 15
10.034423 27.446954 37.831965 10
10.532323 27.850194 38.607365 10
10.810823 28.483094 39.335765 4
9.973523 28.820444 39.616065 4
9.798023 28.563574 38.663665 10
8.927123 28.419934 39.207465 13
8.450823 27.592354 39.595965 6
8.800823 26.832784 40.018265 10
8.391823 26.577674 40.901065 4
7.528823 26.982284 40.792265 9
7.071123 26.169144 40.524765 3
6.292023 26.683924 40.429865 11
5.628223 26.129074 39.888465 10
5.918123 25.270204 40.025665 4
6.887423 25.159564 39.780365 1
6.782623 25.188034 40.763365 1
6.110023 25.113434 41.502265 7
5.230323 24.670584 41.677965 4
5.057623 24.431873 42.612465 8
5.355423 24.776334 43.430165 11
5.385123 24.630606 44.359565 10
5.574523 25.145654 45.121665 7
6.037323 25.675514 44.548665 9
5.979723 26.568604 44.309365 4
5.914023 27.466804 44.750065 10
6.559823 27.592924 45.509965 9
7.390123 27.573854 46.147365 5
7.168723 28.422944 46.549465 13
6.986423 28.900024 47.363565 4
7.950923 28.993024 47.326965 13
8.534223 29.709474 47.357265 6
9.416123 29.355864 47.106865 8
9.520223 30.302274 47.155265 10
9.298323 30.527004 48.026465 5
9.355923 31.444164 47.698765 1
9.951923 32.271684 47.523465 1
8.981923 32.459934 47.462565 4
8.774923 33.367904 47.538465 10
9.450623 33.353184 46.825065 5
10.376423 33.192874 47.002965 10
10.566523 32.498604 46.324765 3
11.465423 32.453544 46.031765 1
11.357923 31.520984 46.053165 10
12.141123 30.973064 45.710165 4
11.979423 29.999554 45.758465 1
11.663123 29.569604 44.961865 13
11.046123 29.605354 45.709865 4
10.803923 28.830754 45.190965 1
10.749323 27.979414 44.644565 13
11.583223 28.135774 44.982165 13
11.693723 27.411134 44.376465 10
12.194923 26.979694 45.159065 10
12.019623 27.500704 45.942165 7
12.604623 28.177604 45.554065 6
12.635623 28.068504 44.609565 4
12.479923 28.957904 44.231065 13
12.880723 29.786494 44.040565 13
13.470523 29.138504 43.776865 6
12.974123 29.188494 42.997065 10
12.150223 28.845614 43.278765 13
12.150823 28.303164 42.440065 4
12.266523 27.625434 43.164265 6
11.447923 27.920024 43.485865 13
11.320823 27.222384 42.868265 4
11.542223 26.576394 43.471665 10
10.682423 26.193254 43.439265 10
9.866923 25.650834 43.234965 4
8.922123 25.876404 43.221965 9
8.761823 25.804014 42.256865 5
9.578923 26.469214 42.331465 9
10.061723 27.121824 43.012665 15
10.129723 27.842204 42.375765 4
10.267223 27.998484 41.434465 4
9.413623 27.535814 41.170065 6
9.669523 26.631904 40.909765 10
10.517323 27.112634 40.811565 4
11.257423 27.699824 41.071165 4
11.879723 27.430204 41.750165 4
12.419323 26.910934 42.510265 1
12.409023 26.147054 43.107265 10
12.219723 25.649974 43.936265 10
12.574423 25.949854 44.767365 10
13.569223 26.043204 45.079365 12
13.572123 26.711974 45.768665 3
12.706123 26.284774 45.948065 1
11.921923 25.893914 45.574865 10
12.600023 25.258094 45.710865 10
13.541423 25.067564 45.679965 1
13.102723 24.472944 45.080465 7
12.996123 24.920584 44.227165 10
13.728523 24.873364 43.573965 10
14.650223 25.096174 43.521565 11
15.058523 24.537856 44.192665 11
15.077323 24.192497 43.221265 13
14.158123 23.798541 43.235065 7
13.331223 24.112809 42.711365 10
13.342223 23.134828 42.856665 7
13.486223 23.242406 41.918365 5
12.625623 22.851427 42.249065 1
12.348923 22.747253 41.355865 8
12.313323 23.454917 40.735965 4
12.790723 24.259907 40.427365 7
13.249623 25.106234 40.277165 13
12.500623 25.637044 40.490265 3
11.761123 25.558944 41.154465 4
12.092523 25.458704 42.097965 10
11.558923 26.280294 42.110965 4
10.868123 25.969054 41.592165 4
10.564423 25.751354 42.463265 10
9.831023 25.132644 42.143165 12
9.772723 24.182819 42.222965 1
9.772523 24.385871 43.190465 9
9.641723 23.443203 43.510465 7
9.099223 22.722602 43.262365 9
9.629523 21.854614 43.269065 1
10.526923 22.071894 43.556765 4
10.656223 22.664741 44.364965 6
11.254723 23.064343 43.649565 1
11.733023 23.115714 42.817265 5
11.087523 23.858443 42.725565 4
11.756323 24.502156 42.764365 10
11.908523 24.660574 43.757765 10
11.087223 24.23465 43.761765 13
10.677123 24.456914 44.593765 15
11.036823 25.396694 44.256265 10
10.924623 25.546134 45.192265 10
10.622723 25.400394 46.107865 5
10.578523 26.351494 45.926765 11
9.870823 26.587144 45.377465 4
9.722023 25.607634 45.591165 15
9.904723 25.667254 44.663865 11
10.400923 26.468314 44.408965 10
10.030423 27.340634 44.314365 4
9.514123 28.000834 43.747565 3
10.332523 28.412424 43.821265 13
10.708323 28.568194 42.953165 4
10.692623 29.429834 43.412465 13
10.631323 29.746464 44.300365 13
9.754623 30.019584 43.985365 1
9.419523 29.829694 43.128265 8
9.357523 29.167024 42.420165 4
9.259523 28.872054 41.535765 10
10.059723 28.966744 40.868265 4
11.007723 28.702904 41.024065 4
11.585823 28.408524 40.347065 4
11.896623 28.743824 39.497765 7
12.360923 28.065584 39.003465 10
13.201423 27.766804 39.128365 1
12.671623 27.179764 38.628765 10
13.288323 26.494984 38.926165 1
12.634923 25.844564 38.657765 1
11.789023 26.271414 38.878965 10
12.245323 25.731444 39.549165 3
11.435123 26.155154 39.973065 4
10.883823 26.767744 39.466265 10
11.274623 27.399784 40.009465 4
12.205723 27.405134 39.734265 10
12.219723 27.513634 40.691265 4
12.633823 26.751744 41.208365 5
13.476123 27.061084 41.588665 6
13.539223 26.173604 41.877565 9
13.834023 25.836284 42.738865 10
14.348023 26.204114 43.469665 10
15.281323 26.306494 43.156665 7
15.943723 26.998074 43.388965 6
15.455623 27.556774 43.970465 5
14.532923 27.447354 44.079765 7
13.706623 26.984994 44.130265 10
13.400623 26.985164 43.241965 10
13.936323 27.617974 42.695465 4
14.807223 27.793254 42.277365 3
15.169723 27.263714 41.540765 7
15.302823 26.338834 41.431165 9
14.928523 26.575434 40.535865 1
15.023823 26.638184 39.597265 1
15.436723 26.604204 38.715165 1
15.430123 26.285844 37.799265 1
15.045123 25.611604 37.222365 4
15.460323 25.374704 36.430765 1
14.860523 25.903504 35.906965 13
14.046723 26.419004 36.086465 10
13.713223 26.498134 35.200165 13
13.202523 25.898214 35.780765 13
12.880323 25.451414 36.578565 3
12.781323 26.234844 37.286265 8
12.923223 27.223494 37.274965 10
13.469723 27.669284 37.991465 10
14.010523 27.202884 38.640165 4
14.049823 28.209974 38.634865 11
14.161023 28.809264 39.375165 8
13.214223 28.772034 39.477065 11
12.697723 28.759624 40.300565 4
13.034423 29.017874 41.192865 4
13.424523 29.736944 40.573465 13
12.656723 30.206664 40.905965 4
11.980423 30.983214 41.043065 10
11.118623 31.477794 41.119965 7
10.308423 31.423804 41.561465 11
10.206823 31.797854 40.651165 5
10.653323 32.352354 39.910265 13
10.393223 33.099064 39.290565 1
10.635423 32.176964 38.873765 6
11.448023 31.771054 39.238465 5
11.786423 31.786564 40.111265 5
11.521823 30.904604 39.831665 1
11.362123 30.153844 40.518165 4
10.830023 29.624244 41.149065 4
10.578023 30.526974 40.995165 7
10.269723 30.115744 40.181365 4
9.775623 29.938694 39.349165 10
10.758223 29.958634 39.261365 4
11.018823 29.197634 38.684365 6
11.418823 28.452324 38.252365 10
11.170523 27.693554 37.785465 10
11.666323 26.899044 37.789665 10
11.719523 26.339584 36.981365 10
11.948723 26.393494 36.058365 13
11.192823 26.936804 36.205865 10
10.912123 26.874014 35.322765 15
11.498823 27.484274 34.849865 9
12.122323 27.576614 35.617665 13
11.570523 28.272584 36.115665 10
10.735923 28.030364 35.738865 9
10.850723 27.886054 36.727865 10
9.902423 27.746504 36.731165 10
9.873423 26.808844 36.495265 10
9.978323 25.815334 36.695465 15
9.623823 25.210184 35.906665 15
9.714923 24.327234 35.513865 1
9.555223 24.079126 34.613865 1
10.477823 24.351785 34.639665 4
10.756823 24.43962 33.750865 7
10.879923 23.52283 33.778765 7
10.218323 23.004093 33.296765 1
10.883223 22.571904 32.747965 3
11.739423 22.943715 32.762965 7
12.011323 22.045814 32.595065 4
12.200223 22.189004 31.711365 10
12.972923 22.668806 31.971965 12
13.518023 23.069197 32.750065 7
14.510923 22.953216 32.825365 10
15.412123 23.11528 32.532165 12
16.196023 23.540397 32.061765 4
16.556523 24.429556 32.209865 6
16.006823 24.537847 33.182365 10
15.068923 24.436521 33.237465 4
14.420523 25.028454 32.874865 14
13.968423 25.491114 33.621765 7
14.156523 26.124124 34.339665 13
14.936323 25.955164 33.852365 10
15.078623 26.899304 33.886565 13
15.594823 27.455704 33.276965 11
16.067423 26.683234 33.381865 7
16.364023 26.439534 32.474665 9
15.785923 27.162424 32.336965 11
15.192423 26.516644 31.998665 4
14.651523 25.696434 31.903765 1
13.794623 25.370124 31.650265 7
13.279823 25.906794 31.116965 7
13.118323 26.827734 30.926865 4
12.683223 27.267374 31.697465 10
11.774723 27.468554 31.520865 12
12.414823 28.219384 31.755665 10
11.818923 28.937074 31.518365 7
10.938023 28.705924 31.091265 12
11.161223 29.251954 30.354365 10
10.976423 28.476164 29.850665 4
10.110123 28.271404 30.286065 12
9.256823 28.303074 29.729465 7
8.339723 28.639624 29.834565 14
8.413123 29.617454 29.904965 12
8.392423 29.461014 28.910465 13
8.063123 30.232494 28.374565 4
9.055723 30.156224 28.418265 1
9.555123 29.438284 28.093665 10
10.228423 30.029444 27.644665 1
10.892723 30.322614 27.075565 7
11.467623 30.326144 26.304165 10
11.256223 29.438934 26.633565 7
12.161423 29.485714 27.022965 4
11.733523 28.581534 27.062165 10
12.187923 28.137094 26.312365 10
12.689223 28.110904 25.506565 1
13.291823 27.375694 25.367665 1
13.658723 26.587654 24.819165 7
12.740523 26.576544 24.689365 1
12.620523 26.281934 23.798465 3
12.961923 26.093264 22.860865 7
12.512923 25.852534 22.006575 14
12.747123 25.008814 21.554435 7
13.356223 24.289184 21.333795 15
13.794823 24.814054 21.968535 1
14.230423 23.927506 21.798815 11
14.530723 23.043254 21.974745 7
13.940223 23.042801 22.775465 5
13.193123 22.862246 23.320065 11
12.686023 22.045754 23.272565 1
12.289323 22.613904 23.916565 9
12.605123 23.355852 24.465765 10
12.080423 23.530266 25.235165 4
12.031123 23.923532 26.067665 4
12.689223 24.428914 26.513165 12
12.992323 23.715045 27.147765 10
13.022423 23.258982 26.319565 14
12.234823 23.122087 26.906665 10
11.569523 23.032319 27.533665 13
11.054123 22.202264 27.379765 10
10.495923 22.488534 28.076565 7
9.732523 22.059374 28.539065 15
10.142223 21.538034 29.251465 10
10.737223 22.281754 29.573365 9
10.214423 22.429964 30.374265 10
9.854323 22.710682 31.265265 14
10.263623 23.422234 31.675565 10
10.762123 24.248514 31.995665 7
10.693723 24.715494 31.149165 7
10.453823 25.614604 31.278065 7
10.300923 26.539884 30.943165 12
10.823123 26.362804 30.212365 4
10.048123 26.629804 29.700165 1
10.069823 25.664564 29.604665 10
9.763623 24.745834 29.728865 1
9.470323 24.307281 28.936865 10
10.136523 23.595161 28.832565 4
10.637923 23.258901 29.545165 1
10.572523 24.08097 30.101965 7
10.530123 24.448788 29.207665 1
11.525823 24.589946 29.178665 1
11.734223 24.911184 30.067965 13
12.158123 25.247804 30.834965 7
12.003323 25.998594 31.392765 7
11.433823 26.640374 30.961865 12
11.663823 27.017504 30.160565 1
11.655123 27.950584 30.480465 12
12.646623 27.797614 30.502265 10
13.544023 27.545064 30.275165 10
14.322823 27.591564 30.734965 4
14.720823 27.530104 29.911065 7
14.826423 28.406754 30.328265 4
15.388323 28.828134 31.009965 11
15.684523 29.309764 30.209165 7
16.027123 28.448954 29.828365 6
16.172723 27.562004 29.636065 1
16.996623 27.683934 30.142765 8
16.233823 27.793984 30.845665 12
16.574523 28.017804 31.780065 11
17.247423 28.402434 31.182265 7
17.641623 29.177894 30.807865 10
18.534223 29.073764 30.503665 7
19.324623 29.553954 30.832365 13
19.002423 29.955654 31.626765 10
19.372723 30.722834 32.105165 14
20.109823 30.308574 32.439765 7
19.465323 29.655614 32.761865 9
18.627823 29.998464 33.139365 10
18.566623 29.049224 33.206665 10
17.896823 28.430684 32.914265 5
17.551723 27.775714 32.237565 11
17.740923 26.817964 31.983165 7
18.498823 26.338524 32.362565 13
18.701523 25.523264 31.936165 1
19.089323 24.820534 31.341565 1
19.885123 24.509817 31.885465 15
19.943423 24.991194 32.820265 1
20.187823 25.898024 32.801165 7
20.277223 26.298174 33.673565 6
20.331423 26.929394 32.922665 1
19.873423 27.306934 33.659165 1
19.098823 27.834904 33.909365 4
19.259623 28.462134 34.653865 10
19.254423 27.696174 35.137065 10
19.733223 27.693974 36.123965 4
19.761223 26.852074 36.525165 7
19.465623 25.911934 36.462265 1
18.559723 25.833444 36.034065 1
18.797823 26.801074 35.903165 16
18.185023 27.530114 36.025565 7
17.773123 27.800684 35.102765 10
17.528923 28.492084 35.770965 10
16.837123 28.229714 36.261065 11
16.348723 28.867614 35.642565 14
16.945623 29.535094 35.521565 10
17.070323 29.763944 34.623065 10
16.392823 30.057174 34.065465 7
15.841023 29.791044 34.833665 14
15.338323 29.745194 33.936365 7
14.784923 29.517174 34.659465 4
14.706123 28.640494 34.307965 11
13.888323 29.065514 33.895565 7
14.054123 29.137474 32.917465 1
13.800523 28.432884 32.300665 10
14.626323 27.874284 32.303065 11
13.869023 27.407564 32.014465 10
14.116623 27.151054 32.898065 1
13.708323 26.563294 33.518965 12
13.107623 26.862294 34.178065 13
12.681923 27.706854 33.723165 10
12.037423 28.245014 34.225565 1
11.269723 28.777344 33.955365 9
10.871823 28.316554 33.140265 12
10.228023 28.796424 32.512765 7
10.058523 28.255294 31.677565 12
10.972123 28.093284 32.035665 12
11.783923 27.874424 32.492365 10
11.260023 27.250424 32.906265 12
11.834423 26.661454 32.330265 4
12.091223 25.833574 32.700265 7
12.057423 24.892384 32.700465 7
11.933623 24.306051 31.905865 7
12.431223 23.599269 31.440665 1
13.114123 24.104034 31.895365 7
13.989623 24.446683 32.060065 4
13.316323 24.815504 32.706565 7
13.242323 25.843014 32.590065 7
12.790723 26.613694 32.936565 10
12.102423 26.287444 33.588065 7
11.192023 26.348184 33.839065 1
10.517723 25.632044 34.031165 7
10.271623 25.334824 34.938165 15
9.279423 25.673334 34.947265 15
9.136423 26.632254 35.158265 15
9.870123 27.328884 35.297865 15
9.571423 27.653254 34.438365 1
9.819823 28.155004 33.581265 12
9.383423 28.278784 32.722365 12
8.678823 28.010234 33.302765 7
7.777923 27.986874 33.561365 11
7.970823 28.197274 32.586265 1
8.728023 27.663734 32.278565 7
8.777423 27.537304 31.377565 16
9.714623 27.180744 31.681865 12
9.267923 26.616524 31.038065 1
8.849023 27.260854 30.390265 10
8.446923 27.174864 29.518265 3
7.532223 26.887014 29.809765 7
6.900923 27.116574 29.152665 1
6.503623 26.308424 28.659865 1
5.738423 25.831904 28.956965 10
6.124623 25.286704 29.642165 16
7.108123 25.338614 29.488365 10
7.991323 24.947624 29.732365 1
7.864823 25.223114 30.674165 4
7.311223 25.213464 31.484065 7
6.974823 24.44843 30.993365 12
7.780023 24.094821 31.437365 1
8.666523 24.149896 31.818865 5
9.258623 24.798984 32.315365 7
9.883723 25.093684 32.984865 9
10.818823 24.974804 32.825865 7
11.028323 25.930784 32.798765 7
10.278223 26.447984 32.790065 12
10.145623 26.933764 33.590965 15
9.293023 26.435234 33.770365 15
8.521623 26.000514 33.417565 7
8.480923 26.261364 34.357565 1
8.080523 26.222384 35.296165 15
7.383123 25.951474 34.657665 1
6.493623 25.798484 34.422265 4
6.590023 25.480744 33.484765 1
6.147923 24.814294 33.073765 7
6.600023 23.974703 32.937265 1
6.024023 23.587643 33.605065 1
5.475723 22.945764 34.095365 1
5.668123 23.436621 34.919865 10
5.627123 22.636304 35.446565 1
6.588723 22.645368 35.481965 7
7.549223 22.8264 35.673465 1
7.613423 23.764162 35.917165 1
8.375923 23.996093 36.522965 7
8.918923 24.850774 36.634665 15
9.398023 24.594598 37.448665 12
8.705023 25.255384 37.654365 11
8.960823 26.237014 37.401165 15
9.849823 26.449664 37.710365 10
9.857623 26.079844 38.586565 10
10.321723 25.458274 38.064765 12
11.047123 25.879534 37.634565 10
11.497623 25.064804 37.388865 7
11.497523 24.054405 37.064365 12
10.783623 24.340112 36.495065 12
11.040323 24.282254 35.506965 7
11.091223 25.215864 35.870565 11
11.061423 25.935994 35.203165 15
11.333023 25.140424 34.683165 7
11.999823 25.832384 34.613865 13
12.344123 24.915974 34.398965 7
12.189723 24.378944 33.641565 7
13.180223 24.323734 33.734865 7
13.731623 24.697394 34.463665 13
14.086023 23.876796 34.232265 16
13.601823 23.870273 35.092365 7
13.125423 24.686574 35.209265 13
12.221923 24.468354 35.388065 7
11.997223 23.557538 35.435665 7
12.437023 23.869937 36.335565 9
13.130223 23.250221 36.204465 16
13.793323 22.662393 35.787165 16
13.306923 22.231424 36.490965 9
13.364823 21.445504 35.950165 7
13.901623 20.645544 35.527765 10
14.386423 20.798904 36.516765 6
14.219523 20.257144 37.318865 16
13.670223 19.509594 37.223965 14
13.340723 20.288234 37.739665 12
13.195023 20.181464 38.730865 11
12.664123 19.387064 38.987565 4
12.644523 19.640664 39.927165 1
11.901023 20.248744 39.582065 1
11.594823 21.112784 39.862565 16
11.584523 22.091054 39.654665 15
11.513423 22.774123 38.956365 7
11.063823 23.612283 38.618165 7
10.422023 24.306461 38.670265 12
9.968123 23.676216 38.163765 12
9.728823 23.091143 37.329165 15
9.947723 23.744802 36.666265 12
9.939223 23.246369 35.749465 1
9.404223 22.464584 35.515765 11
10.039523 22.039184 36.099565 7
9.335623 21.327484 36.192865 4
9.915123 20.796304 35.645765 4
10.669923 21.249654 36.010365 11
11.398723 21.531814 35.355365 5
11.433223 22.474394 35.205765 11
11.866623 22.950442 34.533265 7
11.914223 23.383443 33.702065 7
12.827023 23.15111 33.630365 7
13.362923 22.482214 34.017365 1
12.935623 21.676674 33.713365 1
13.257923 20.843184 34.087665 7
14.184223 20.784824 34.300465 16
13.933223 19.954204 34.642365 10
14.491723 19.932694 33.812065 16
14.071123 19.505844 33.020765 15
13.144423 19.470274 32.931865 7
12.921823 19.320784 32.015365 16
13.806923 19.210224 31.594865 1
13.903223 18.826364 30.767165 10
14.046823 18.226414 29.947365 10
14.673023 17.443604 30.323065 14
14.205523 16.672134 30.592965 9
13.293823 17.006714 30.538865 7
12.802823 16.386054 31.085965 15
11.874423 16.107114 31.010465 12
12.143523 16.646344 30.194965 13
12.483723 15.754874 29.966165 1
12.460023 16.392564 29.235165 10
11.945523 16.692774 28.521965 1
11.655923 17.524004 28.792065 13
12.344123 18.135234 28.488265 16
12.422823 19.124114 28.580665 12
11.769323 19.576724 27.994465 1
12.319923 19.911194 27.285665 7
12.580723 20.175134 28.211365 1
13.445923 19.803394 28.266865 12
13.105523 19.271224 27.542565 7
13.909823 19.570024 27.132165 7
14.054723 19.600444 26.218765 7
13.649023 19.053234 25.476165 7
12.940323 19.220074 24.850965 11
12.625823 18.704704 25.681165 7
12.024723 18.193204 26.291565 15
12.495223 18.622884 27.020465 7
11.994023 17.956324 27.554265 9
11.513323 17.256994 27.105665 15
12.006023 16.983904 26.324465 15
12.589523 17.042914 27.230765 6
13.520023 17.246884 27.272165 4
13.655123 18.146544 27.500265 7
14.420123 17.633244 27.362865 16
14.472323 18.162354 26.602665 7
13.830323 17.689614 26.082565 7
13.181523 17.842524 25.303865 15
13.891523 17.669114 24.625865 1
13.963823 17.407874 23.636165 7
13.667223 17.147114 22.786065 1
13.414523 16.323534 22.390865 12
12.681623 15.781044 22.657965 16
12.812723 15.766654 21.710235 7
12.245223 16.565374 22.000545 16
11.320623 17.040614 22.029955 11
11.888423 17.806884 22.175765 11
11.454623 18.583844 22.463365 11
11.912923 19.336574 21.995605 12
12.538523 19.990334 21.736475 10
12.935823 19.064074 21.719085 13
12.996423 18.997494 20.770805 7
13.917723 19.063674 20.570585 9
14.535723 19.781654 20.455715 5
14.129423 19.934274 19.549605 1
13.632923 19.203634 19.294955 16
12.905223 19.624204 19.723815 7
12.595423 19.169884 18.927485 10
12.684723 20.028224 18.456435 12
12.902823 20.193864 17.530615 7
12.986423 19.635044 16.710005 14
12.259523 19.476254 16.051745 16
11.373823 19.103404 16.058455 10
11.275723 19.538894 15.214185 4
10.543723 18.980714 14.873565 7
10.449523 18.042274 14.609615 16
10.251423 17.311484 15.282605 12
9.365023 16.950834 15.383855 16
8.775523 17.578144 15.029405 1
8.239423 17.285484 14.229145 1
7.920623 16.563294 14.761805 1
7.488923 15.699294 14.762485 15
7.983123 15.189694 15.324635 12
7.202923 14.887204 15.816565 15
6.353123 14.826074 15.379075 1
5.467423 14.446354 15.065095 7
4.663423 14.707954 15.545755 16
5.173523 15.127934 16.309555 1
4.621623 14.537164 16.924835 1
4.939823 15.045564 17.714915 7
5.781523 15.543084 17.909425 10
5.488823 16.302844 18.493705 1
4.672923 16.061054 18.916735 7
3.835623 15.545284 18.455945 16
3.960023 15.509454 19.404295 7
4.276123 15.023944 20.172095 15
4.926823 15.056534 19.497605 7
5.522223 14.318114 19.585555 13
5.881023 13.789054 20.281455 12
5.522823 12.882314 20.191615 13
6.208623 12.258314 20.305565 12
6.279723 11.427714 20.738485 5
5.316223 11.833614 20.988745 7
4.677523 12.593114 21.410475 8
4.479523 13.576714 21.737325 13
4.919023 14.198864 22.323165 15
4.806323 15.105304 22.015455 12
5.421723 15.832294 22.209065 7
4.612623 16.352334 22.265965 1
5.243123 16.968784 21.765365 7
5.896623 17.158484 21.106335 7
5.403123 16.883314 20.341505 7
5.800423 16.095054 20.039705 7
5.959323 15.632024 19.246965 11
6.447223 15.065784 18.682375 16
7.149723 14.511234 18.465585 1
6.579223 14.001404 19.073695 11
6.985523 14.060214 19.938855 12
7.197623 14.972234 19.988575 12
7.493823 15.398274 19.220405 11
8.190223 15.048934 18.543425 1
8.486823 15.707164 17.906365 9
7.762323 16.299714 17.705245 11
7.428523 16.898014 16.948385 16
8.285323 17.342174 16.751455 15
9.225723 17.379954 16.739965 7
8.981023 16.856484 17.513525 16
8.977023 17.056504 18.459925 10
8.233523 16.727494 19.068705 4
7.320023 16.871264 19.531995 7
7.541923 17.493084 20.245325 7
8.209623 16.847144 20.651785 9
7.810123 16.246484 21.275585 5
7.258223 17.007444 21.164885 7
6.882023 17.496644 21.909035 7
7.813223 17.658524 22.201465 14
7.618923 18.156624 22.986365 16
8.412823 18.667094 23.120665 16
7.565123 19.213674 23.234865 1
7.526123 20.206154 23.196465 15
7.437823 21.129344 22.916165 15
6.562823 20.679614 22.752865 12
5.985623 21.226144 22.295165 15
6.866023 21.345054 21.816555 1
7.235423 20.488814 21.675955 7
7.349123 19.752444 22.300365 10
6.564123 19.222784 22.506165 11
5.637123 19.054284 22.222165 7
5.166623 19.550684 21.499255 12
4.605223 18.847104 21.089445 7
3.850523 19.280614 20.928935 1
3.586123 19.081644 21.845545 7
3.374723 19.911564 22.263365 1
2.758283 20.476304 22.665665 7
2.213113 19.877364 22.119365 12
1.839443 19.281854 22.810165 13
1.955623 19.200644 23.843565 12
2.896613 19.380374 23.683465 1
3.600823 19.961744 23.417265 11
4.250523 19.236884 23.355965 6
4.512923 18.658434 22.625765 13
4.689723 17.948354 21.951675 7
4.335923 17.260314 22.465565 16
4.955123 16.980084 23.195665 12
5.803523 16.857814 22.755365 7
6.445923 17.569444 22.919465 7
6.782723 17.829184 23.843365 16
6.662223 18.406504 24.600165 16
6.292123 18.738294 23.756865 11
5.886023 19.574484 23.612865 12
6.373823 20.427844 23.700765 15
6.199323 21.171984 24.397165 15
5.571723 21.329344 25.074665 8
5.553823 22.146864 25.781665 11
5.568923 23.07595 25.606265 16
5.936923 22.73001 24.734665 7
6.692323 22.161774 24.241065 15
6.643523 23.041027 23.828465 7
6.829323 23.12365 22.853165 11
6.361423 22.282344 22.477165 15
6.634423 22.550984 21.593915 7
6.741623 23.379818 21.011725 4
6.789923 22.910827 20.147665 9
7.497623 23.557099 20.276225 1
8.434323 23.453169 19.897905 1
8.224723 22.580034 20.289985 1
8.298323 21.715874 20.738625 11
8.119323 20.849854 21.101705 1
7.271623 20.649694 20.558845 16
6.679623 19.880104 20.637035 1
6.641323 19.068264 21.267335 7
5.738123 18.565904 21.052245 7
6.010623 18.897444 20.178795 1
5.795223 17.921964 20.203605 7
6.647523 17.937794 19.807565 7
7.400523 18.444914 19.368385 1
8.088023 19.064624 19.706055 1
8.741123 19.376284 18.968675 7
9.618323 19.040144 18.889315 15
10.432723 18.412924 18.864995 14
10.481723 17.448724 18.707065 7
9.927523 16.972234 19.212235 11
10.770923 16.714004 19.616175 15
10.352223 15.936524 19.917555 7
9.391923 15.935714 19.921005 16
8.899423 15.814724 20.763725 5
8.641023 14.961394 20.434675 12
9.179823 14.702784 19.660685 16
9.463223 13.697454 19.837995 7
8.634323 13.653444 20.372585 12
8.555723 12.895114 19.821055 16
7.724823 13.349514 20.055675 12
7.866023 13.583314 19.143235 7
7.787423 13.187614 18.234585 16
6.929523 12.735914 18.349635 16
6.193123 13.065514 18.914425 7
6.832023 12.894814 19.566415 12
7.371123 12.192314 19.929975 1
7.233223 12.248214 20.857795 12
7.574523 11.523114 21.438985 11
8.435123 11.173814 21.126335 13
9.139223 11.161014 21.696025 1
9.844023 11.741014 21.547715 7
9.856523 11.054414 20.900775 1
10.563623 10.331514 20.670335 1
10.417123 10.558814 21.565065 12
10.740123 11.270114 22.246665 15
10.099623 11.466714 22.949565 11
9.908523 11.999814 23.653765 8
9.222623 12.508314 24.096265 7
8.440523 12.266914 23.558465 15
8.011623 11.982914 22.756365 7
7.120223 12.382714 22.758865 13
7.072923 13.264614 22.446465 1
6.848723 12.821514 21.644955 9
7.194723 13.821274 21.554505 12
7.139623 14.788484 21.813545 5
7.232623 15.353714 21.050525 12
6.557923 16.000884 20.855505 7
6.154423 15.327164 21.503345 7
5.960823 14.927884 22.367665 8
6.528623 14.134134 22.433865 16
6.202023 13.749534 21.589615 12
5.517623 14.340394 21.258765 11
5.449723 15.078164 20.617135 7
4.599223 15.371564 21.073505 7
4.134023 14.535654 21.282415 11
3.145223 14.511494 21.267605 1
3.081003 15.148004 20.620125 15
3.620723 15.883364 20.331325 7
3.028143 16.383894 19.660615 1
3.502423 17.225004 19.603605 11
4.350823 17.184134 20.116585 7
4.484523 16.735644 20.987175 7
3.725923 16.215254 21.314925 11
3.357123 17.114794 21.078435 15
2.543873 16.628934 21.427995 7
2.107933 16.998914 22.322265 15
2.546333 16.695604 23.148765 1
2.171783 17.504644 23.608265 1
2.327693 17.403094 24.591165 1
2.924903 16.815414 25.088765 7
3.252823 16.360074 24.262565 1
4.199723 16.636904 23.918465 12
5.191823 16.325584 23.995165 1
5.000823 16.856324 24.794065 14
5.907923 16.545734 24.602965 10
6.551423 16.969084 25.297665 16
7.527523 16.690314 25.524965 16
7.754023 17.703844 25.856165 16
7.962723 18.611424 26.044665 1
7.672723 18.629164 25.102265 16
7.827623 19.331724 24.471165 16
8.084623 20.241594 24.496565 15
8.649323 20.740114 25.118265 1
8.121423 21.489544 24.802565 15
8.012723 22.439304 25.028565 1
8.110123 22.465104 24.064165 12
7.475823 21.962694 23.537465 15
7.826523 22.402784 22.797365 5
7.938423 23.41273 22.660765 1
8.281423 23.318571 21.709155 16
8.677823 24.200462 22.009085 1
8.980623 23.332552 22.382165 12
9.328223 22.390774 22.309365 16
9.576423 21.452524 22.255165 12
8.897923 21.173844 22.878365 15
9.509623 20.508984 23.234865 16
10.168923 19.863074 22.908965 7
10.462623 19.054554 22.463165 11
10.394423 18.342914 23.118365 11
9.616123 17.879354 23.379865 16
8.988923 18.245644 23.950965 16
9.132623 18.816114 24.767865 8
8.492623 18.098594 24.867965 16
8.390223 17.412134 24.244565 16
7.625923 17.215844 23.703465 16
7.290123 16.332344 23.944465 8
7.873523 16.552854 24.652065 16
8.267923 15.650954 24.540865 16
9.209023 15.432444 24.839565 16
9.434523 14.573264 25.311965 13
8.826723 13.947074 25.697265 11
9.164723 13.194714 26.098565 11
8.843223 12.451014 26.728665 1
8.471723 12.950814 27.428865 11
7.824723 12.468314 28.073265 1
7.383523 13.315514 28.330965 16
7.742223 13.945634 28.957865 1
7.733223 13.156114 29.601065 16
8.248923 13.102514 30.343265 1
8.991323 13.525914 29.807165 1
9.408423 14.336454 29.476465 16
9.418523 13.654394 28.782865 7
10.182723 14.207324 28.861765 1
10.133623 13.987244 27.949665 1
9.580823 13.599514 27.228865 1
9.151823 14.289144 26.764665 11
9.820223 14.957564 26.386065 16
10.208623 15.796844 26.104265 15
10.263023 15.404704 25.254665 16
9.996923 15.062994 24.387865 16
10.307923 14.240414 24.803365 7
9.899423 13.493314 24.338165 5
9.105023 13.403014 24.793765 11
8.778223 14.281414 24.572565 15
9.015123 14.670444 23.727265 16
8.089823 14.646924 23.584165 12
8.365623 15.404014 23.038865 16
8.178123 14.672914 22.382265 5
8.415523 13.999114 21.636025 12
8.454723 13.452114 22.419065 1
8.987523 13.061814 21.733295 12
9.657423 13.496814 22.288665 16
10.429023 13.945174 21.968635 1
9.790023 14.701064 22.140965 15
10.086623 14.667284 23.107565 1
10.345823 15.471504 23.457865 16
11.139523 15.992814 23.771665 16
11.212423 15.141114 24.234665 7
11.135723 15.863964 24.832965 16
11.661723 15.706324 25.612665 1
11.516323 15.631184 27.395465 13
10.998823 15.124104 27.935265 16
10.262423 15.728264 28.245265 1
10.255223 16.306344 27.423365 16
10.280423 17.128344 26.961165 15
9.368023 17.297164 27.073065 12
8.967723 16.750594 26.257465 16
8.292123 17.046024 26.854965 1
8.283823 16.615174 27.806165 16
7.667323 15.917724 27.466365 12
7.125923 16.345004 26.809965 1
7.690023 15.860694 26.232365 16
8.657223 15.861534 26.580865 16
8.291523 15.006744 26.414465 11
8.130523 15.069624 25.477865 16
7.757323 14.105404 25.667665 11
7.315323 13.306814 25.961165 11
7.818523 12.611614 26.449465 11
6.928823 12.149914 26.381065 12
7.443023 12.167714 25.614165 11
7.594623 11.243014 25.533865 8
6.833623 10.647614 25.758865 1
6.095523 11.271714 25.830165 15
5.665523 10.845414 25.071365 1
5.460223 10.186814 25.720765 5
5.339923 9.215814 25.682165 15
5.129823 8.422414 25.254665 16
4.141123 8.170714 25.268765 1
3.580123 8.380414 25.984365 8
3.792023 8.646814 26.910365 5
4.731523 9.048114 26.943965 16
4.891323 9.186314 27.863465 8
4.492923 9.981714 28.261265 15
4.090323 10.705814 27.801565 12
3.403423 10.629314 28.500465 7
3.703323 11.306714 29.136665 1
3.945623 12.211414 29.203265 1
4.494723 12.576314 28.496965 16
5.132023 12.618314 27.697865 1
5.225723 12.585114 26.750565 16
4.283023 12.708014 26.537465 12
4.367223 13.418514 27.238665 1
3.866623 13.859504 26.506265 9
3.992023 14.826634 26.270965 7
4.918623 15.234984 26.184965 1
5.754823 15.056244 25.580165 1
6.541323 14.571464 25.249365 14
6.283123 13.831824 24.607065 13
6.421523 14.167134 23.684265 12
6.963423 14.968164 23.391565 16
6.664623 15.700224 22.846765 5
7.099023 16.559594 22.656665 7
8.118723 16.712654 22.518665 16
8.997123 16.541664 22.779465 16
8.757523 15.887834 22.068745 5
9.475423 15.522724 22.551565 16
10.418323 15.576754 22.277965 1
10.233023 16.105634 21.437345 8
10.311123 17.066414 21.465425 7
10.213323 17.062854 22.469665 11
10.103223 16.469294 23.246365 16
9.313123 16.882484 23.684165 16
9.008123 16.496694 24.523665 16
9.540223 16.573224 25.268565 16
10.198423 16.835584 25.978065 15
9.716923 17.650484 25.636365 16
9.192123 18.372554 25.966365 1
9.936123 18.293294 26.659965 1
10.539923 18.409134 26.003065 1
11.036323 18.076314 25.163465 15
10.155123 18.319234 24.979665 16
10.418923 18.868134 24.195065 12
11.179423 18.458214 23.638865 11
12.111923 18.301224 23.343965 1
12.052023 17.919794 24.242265 15
11.409523 17.232024 23.986865 11
10.443523 17.213014 23.970165 16
10.562023 17.067714 24.916965 16
11.271023 16.717104 25.444265 15
12.207323 16.454334 25.158365 12
13.053123 16.219784 25.701165 16
13.961023 16.570534 25.731365 11
14.675523 17.113304 25.330365 1
15.137823 17.215154 26.178265 16
15.240823 16.815984 27.057265 1
15.768823 16.063524 27.289965 7
15.831523 15.268374 26.778965 1
16.388023 15.010154 26.024065 16
17.039623 14.271164 25.915265 7
17.631923 13.656294 26.423765 1
17.635023 12.778614 26.824365 16
17.238123 12.635914 27.648965 1
16.509823 13.095414 27.186865 12
16.408123 12.907914 26.190265 5
16.345423 12.827614 25.169865 16
