30.485018 32.454559 27.369009 1
31.413918 32.410459 27.326009 1
31.391318 33.435259 27.364909 1
31.755118 34.004559 27.979409 16
32.340018 33.695659 28.666809 1
32.974118 33.826059 27.917309 12
32.859418 32.750459 27.848309 14
33.741218 32.455459 27.474609 1
33.694218 31.586959 27.933209 1
33.076518 31.008659 28.469309 1
32.699218 31.701959 27.798909 1
32.890718 31.184059 26.984809 4
32.919218 30.551759 26.172109 3
33.435418 29.896859 25.605209 2
34.359718 29.624659 25.414009 2
34.377218 29.640259 24.376709 2
34.196418 30.616159 24.564609 8
34.727718 30.703759 23.761109 11
35.630818 30.405659 23.713209 14
35.933218 29.670559 24.276709 8
35.299618 29.471859 24.952209 2
35.779618 30.093059 25.496309 2
35.658718 31.029659 25.433109 13
36.578918 31.417559 25.485909 1
36.315318 30.994359 24.593509 1
37.063118 30.871959 24.039409 15
36.781318 30.517159 23.222209 9
37.617218 30.036259 23.261609 15
38.436618 29.567059 23.017409 5
39.005018 29.077459 22.387109 9
38.177918 28.697859 22.054609 12
38.082018 27.764059 22.137309 14
37.446218 27.697459 21.402809 1
37.257118 28.624559 21.663509 6
36.356818 28.215059 21.724909 14
36.028818 29.073859 21.351209 2
35.362518 28.520359 21.053109 6
35.165918 28.555559 21.942809 14
35.325818 28.482059 22.861609 6
35.158718 28.641159 23.871609 2
35.376518 27.702459 23.559709 14
35.230218 27.841059 24.565009 2
36.030618 27.421159 24.920209 14
35.708218 26.549559 25.194609 2
35.631818 25.589359 25.423609 8
34.869118 26.018359 25.752209 1
34.376218 26.666059 26.221009 2
35.060018 27.231059 26.577709 2
35.878318 27.231259 26.047609 2
36.822618 27.007059 25.963909 5
36.903318 26.284359 26.535709 5
35.947018 26.393159 26.659609 2
35.509518 26.463759 27.547409 2
36.361018 26.367459 28.064509 3
37.179518 26.949459 28.195509 11
36.840918 27.801359 27.693209 2
37.238418 27.314059 26.970709 2
38.045018 26.954259 27.352609 5
38.997318 26.986459 27.597709 1
39.971518 27.200159 27.797509 7
40.280718 28.198859 27.855509 1
40.923618 28.765959 28.368909 14
41.255318 29.278659 29.077609 8
42.170018 29.662159 28.929209 15
42.659218 29.139759 29.602709 9
43.484218 28.753459 29.417109 2
43.130618 27.869459 29.621609 14
44.054718 27.560659 29.452109 8
44.504418 26.766359 29.805709 9
44.435818 27.260859 30.641009 1
45.152518 26.895159 31.131209 1
45.871218 27.588859 31.037709 2
46.327818 26.687359 30.960109 14
46.118418 25.826859 30.619209 1
45.496318 25.461259 29.937509 14
44.599118 25.587959 30.258509 15
44.541118 25.589159 29.295009 2
44.570918 26.141459 28.497009 14
44.397018 26.588859 27.631109 12
44.774318 27.277259 27.168309 11
45.108218 26.655459 26.482009 1
45.703918 26.595159 27.176809 2
46.476018 26.139759 26.756709 10
46.290618 25.194259 26.605209 2
46.737518 24.795159 27.397509 8
47.066218 24.324659 28.179909 6
47.648518 23.772059 28.697109 1
46.887618 23.744459 29.226009 14
46.035318 23.346059 29.406909 2
45.245018 23.780359 29.147909 8
44.561018 24.117159 29.722309 1
43.998818 23.310459 29.769609 1
43.619718 23.074859 28.903209 1
44.259718 23.230659 28.143209 3
44.534318 24.135359 28.386909 1
43.755618 24.736659 28.241109 7
43.015518 25.332359 28.251009 1
43.347318 26.109559 27.782809 2
42.707918 26.105059 27.100709 1
43.144918 26.345259 26.266409 1
42.672118 26.951659 25.705009 2
41.743918 27.115459 25.715709 14
40.940318 27.037059 25.122709 1
40.347918 26.410659 24.757109 2
40.083118 25.496359 24.532809 1
39.078518 25.467759 24.421909 14
39.043318 25.065959 25.294309 2
38.735518 26.017259 25.398109 5
38.896518 26.899259 25.651609 2
38.161618 27.012159 25.048409 5
38.734018 26.588159 24.470109 11
38.122018 26.949759 23.814309 14
38.439218 27.036459 22.851809 14
39.132918 26.550459 22.379109 2
38.312218 26.093359 22.479109 14
37.665618 26.698359 22.126509 2
37.553018 26.492759 23.062509 14
37.385818 26.106059 23.922709 14
37.799218 25.526559 24.583909 5
38.276118 24.929259 24.039709 14
37.966118 24.509559 24.907009 8
37.385818 25.000559 25.526109 15
36.950918 24.117359 25.517809 8
37.324618 23.617259 26.287409 2
37.686318 23.159559 27.045909 15
38.667618 23.511959 27.097009 2
39.478918 24.006159 26.994909 1
39.411718 24.968759 27.064509 8
38.757918 25.006159 27.851809 2
38.807618 25.486259 28.681909 1
38.978718 24.614259 29.008909 2
38.617718 23.818759 29.362509 6
38.614518 23.547259 30.285709 2
38.804218 23.706259 31.284809 9
38.670118 23.987859 32.207409 15
38.904018 23.187459 32.707909 8
38.290118 22.485359 32.722609 2
37.809718 22.951959 32.036109 3
37.183018 22.840159 32.812009 1
36.862618 23.548059 33.416409 14
36.406518 23.848259 34.247209 8
35.960318 24.475359 33.715309 2
35.259718 24.575159 34.533109 14
34.567118 24.935159 33.984209 6
34.701218 25.850359 34.282009 8
34.355818 26.703959 34.768709 9
34.129018 27.604059 34.892909 12
33.722718 27.526059 33.993409 2
33.312218 27.691859 33.145009 12
33.483118 26.768859 32.893409 2
34.239218 26.971559 32.257409 1
34.530318 27.872259 32.004309 5
34.561518 28.740259 31.638209 6
33.950318 28.214959 30.914909 1
34.690918 27.506559 30.759109 5
35.385318 26.969859 30.263409 1
35.998618 27.614259 29.847709 1
35.372018 27.394959 29.115409 11
35.442918 27.365459 28.086909 2
34.883618 27.754659 27.458309 2
35.684218 28.236859 27.791209 2
35.363418 29.090259 28.189709 1
35.360618 29.174459 27.221009 2
34.359418 29.309259 27.612509 5
34.544318 28.785059 26.804109 2
34.677818 28.353859 25.940209 2
35.469118 28.264059 25.443009 2
36.222518 28.535959 24.913409 14
36.626118 29.256859 25.425309 3
36.929818 30.152959 25.475309 15
37.835518 29.896759 25.399409 15
38.218618 28.939359 25.573609 2
37.749518 28.764259 24.718009 15
37.641618 27.988659 24.147909 14
37.368718 28.638159 23.510809 14
36.435718 28.939959 23.502909 6
36.485818 28.199759 22.870509 14
36.298418 27.258259 23.171509 14
36.676318 27.187659 22.229809 2
36.016218 26.531659 22.300109 14
35.921818 25.876459 21.566609 8
36.383918 25.485159 20.793009 1
35.519818 25.445859 20.478209 2
36.038418 24.627359 20.434209 2
37.017318 24.587859 20.520509 8
37.665718 24.937759 21.095209 1
37.976818 24.062859 20.971309 9
37.104418 23.600159 21.214009 2
36.449818 24.305959 21.347709 2
36.728718 24.988959 22.007509 9
36.517918 25.122159 22.912209 14
36.764618 25.248959 23.810109 14
36.110518 24.554659 24.016209 8
36.395218 24.920359 24.876609 8
36.732018 25.760959 24.840409 5
36.850718 26.645959 24.852909 3
37.000718 27.614359 24.961409 14
37.079918 28.065359 25.813309 1
36.657518 28.180259 26.669409 2
36.225918 29.054359 26.533309 2
36.364518 28.961659 27.486709 1
36.490418 29.899559 27.355109 7
35.599418 30.011059 27.703809 1
35.249418 30.236159 26.778809 2
35.295218 31.104859 26.356609 3
34.404318 31.450059 26.372009 4
34.077218 30.694559 26.907809 1
34.312918 29.893659 26.501409 2
33.448918 29.592359 26.921009 2
33.430618 28.558659 27.041109 2
32.670918 28.818259 26.558409 1
33.052718 28.026859 26.188609 2
32.617718 27.828559 27.037409 10
32.772018 27.087259 26.384409 12
33.324018 27.030759 27.188809 2
33.891418 27.585059 27.799509 2
33.928218 26.829759 28.417709 2
33.291018 27.120859 29.039609 3
32.377918 26.686459 28.986009 8
32.827218 26.505459 29.842309 14
32.748118 25.600659 29.618309 6
31.964718 24.968859 29.611909 6
31.530118 24.454659 28.894409 14
30.685818 23.921059 28.852209 8
29.918918 24.365159 28.315709 1
29.620618 25.057059 28.905709 7
28.842218 24.679759 29.349409 1
28.090118 25.122159 28.985209 14
27.739818 25.528259 29.765209 9
27.661018 26.158259 29.042609 3
27.108918 25.459959 28.640809 8
26.462618 24.854959 28.242209 1
26.463918 23.933059 28.012009 3
26.402818 24.528159 27.183109 2
26.670318 23.780959 26.610809 1
26.585018 22.903659 26.187009 8
25.872818 23.061959 25.668109 14
25.489318 23.382759 26.527909 2
25.280318 23.337159 27.450109 2
25.738518 22.540859 27.774509 1
25.343618 22.195359 26.894409 2
24.586218 22.121459 26.239409 12
24.545318 21.716859 25.318709 3
24.008018 21.570859 24.501409 5
24.528018 20.812759 24.475309 2
24.668718 20.071859 23.821009 2
25.032218 20.222559 22.972409 14
25.872018 20.244959 22.600009 15
25.975118 20.356559 23.534509 1
26.186018 21.096759 23.014709 2
26.078518 21.707559 22.228409 3
26.927318 21.181859 22.409909 8
27.280718 21.500659 23.278809 11
27.688018 21.999859 22.612009 2
27.853718 22.973859 22.546809 5
27.122818 23.140559 21.912009 14
26.895018 23.905359 21.358009 1
27.048818 24.386459 20.510409 2
27.873818 24.794459 20.217509 2
28.252618 25.160659 21.030209 1
29.252318 25.218959 21.332309 14
29.960118 24.664659 21.728309 1
30.179118 25.701059 21.836509 14
29.873218 26.059659 21.016509 1
30.844718 25.923159 20.927609 2
31.246518 25.154059 20.538609 4
31.637318 24.853559 19.673709 14
32.271518 24.360459 19.169009 1
33.208518 24.284659 18.998509 1
32.996818 23.390459 18.807209 3
33.047018 22.665059 19.526409 6
33.217818 21.754759 19.601509 9
33.772018 21.763459 20.342309 2
34.405218 21.169559 20.652309 9
34.387218 21.756759 21.423809 2
33.890418 22.144559 22.068709 6
34.045818 23.006259 21.656009 2
34.984518 22.800759 21.630109 2
35.611518 22.538959 20.942009 2
35.642118 21.576959 20.609209 9
35.011418 21.778359 19.998309 2
35.127718 20.795559 19.880709 9
35.342618 20.545459 20.743109 9
35.249518 21.181059 21.511809 9
34.940918 21.445159 22.397509 6
35.414118 21.868559 23.115009 3
34.994618 21.847959 23.997209 6
35.275818 21.916359 24.903109 8
35.259418 21.785559 25.824809 14
35.304418 22.670759 25.552809 8
35.378318 23.606959 25.221009 8
36.128218 23.910259 24.821309 8
35.500018 23.765959 24.179109 8
34.981318 23.925159 23.341609 2
34.581718 22.981659 23.370109 6
35.555918 22.932059 23.468609 8
35.364918 23.019059 22.573209 2
35.743618 23.940359 22.538309 2
35.355918 24.776759 22.249409 3
35.667018 25.598559 22.675209 14
34.774118 25.653559 22.310709 12
34.947518 25.685859 21.335809 3
34.644018 24.754859 21.385709 2
35.491918 24.334959 21.200309 2
35.164218 23.509859 20.845009 2
35.187018 23.185759 19.944409 2
34.679018 23.282859 19.162309 12
34.095018 23.559859 19.991409 2
34.213018 23.786659 20.957509 2
33.427518 24.134659 21.340709 3
32.708918 24.747259 21.363109 3
33.239518 25.535959 21.778809 14
33.085018 24.947559 22.503809 1
32.240818 25.233259 22.723309 3
31.714618 24.499459 23.057209 10
30.991318 24.736359 23.695909 1
31.486318 24.019859 23.953709 2
31.437118 23.449859 24.776409 1
30.631518 23.949959 24.959409 2
29.835818 23.740659 24.640109 3
29.719118 24.646759 24.914709 9
29.766918 25.337259 25.543209 9
30.184418 26.196259 25.699009 8
30.321118 26.222259 24.791909 14
31.256418 25.837459 24.503209 1
32.043118 25.327959 24.559709 1
32.828018 25.086259 25.060709 2
33.489718 25.558559 24.477009 1
34.245418 25.089559 25.003809 8
34.653318 24.489259 25.752809 8
34.482618 24.715659 26.672609 14
34.900518 25.133159 27.423609 3
34.884318 25.761859 26.759209 2
33.966418 25.769659 26.808609 2
33.758018 25.831059 27.741609 2
33.625918 24.901259 27.677409 1
33.463218 24.182759 26.963809 7
32.740818 23.623259 26.719209 1
33.455018 23.112159 27.163809 3
33.082718 22.294259 26.800609 6
33.891718 22.428959 26.204909 2
34.330918 22.400159 25.349109 8
34.163518 21.594859 24.871109 6
33.884618 21.391759 25.838709 1
34.020218 20.655759 25.276809 6
34.548218 20.485659 26.127809 2
35.316018 20.926959 26.564909 12
35.695618 21.745159 27.044509 3
36.338718 22.443659 27.109709 9
35.546918 22.816759 26.684909 2
35.187218 23.682359 26.447309 8
36.068018 23.948759 26.722409 8
35.598818 23.643759 27.501609 14
35.490018 23.512259 28.420509 9
35.222818 23.233259 29.281509 2
36.184518 23.350459 29.382509 14
37.073818 23.539459 29.375709 2
37.525918 24.356459 29.521009 3
37.895718 24.920459 28.834609 14
38.169218 25.651359 29.453009 8
37.666118 26.460059 29.603409 2
38.123318 26.088259 30.440809 3
37.523818 26.101659 31.244309 1
37.191718 25.251959 31.413709 10
36.232418 24.943159 31.354209 1
36.107518 25.714559 30.714609 9
35.240618 25.938559 31.132909 2
34.497618 25.318559 31.076909 2
34.323318 24.420659 31.145009 1
33.898518 24.101459 30.316509 9
33.141818 23.490759 30.230709 2
32.406018 24.220059 30.390509 2
31.961618 23.542459 29.766709 3
31.371918 22.775259 29.650609 1
30.941218 21.897059 29.510809 1
31.418318 21.698559 28.654909 3
31.759318 21.667259 27.729409 6
31.429518 22.181759 26.997909 3
32.076818 21.859259 26.369609 2
32.612818 22.204659 25.653909 2
33.400918 22.245959 24.972609 6
33.792018 23.110759 24.838309 8
34.374518 23.947859 24.812609 8
33.917418 23.688259 23.997109 12
33.077018 23.573159 23.634309 14
33.531218 22.838159 23.168209 6
33.942318 23.476159 22.570109 2
33.974518 24.347859 23.013609 2
34.059818 24.876859 23.823909 6
34.769618 25.390659 24.208109 8
35.557318 25.912859 23.954909 14
36.006218 26.731959 24.091109 14
35.072118 26.928259 24.182509 1
34.294218 26.334559 24.290409 2
34.178718 26.995659 23.633409 1
33.473818 27.151459 24.272809 4
34.219918 27.666359 24.546809 2
33.929118 27.930559 25.443809 2
33.425918 28.600859 25.034709 2
33.685418 28.924159 24.198309 1
33.142918 29.708659 24.303409 3
32.279818 29.557759 23.771509 1
32.419118 28.947559 23.042609 3
33.157118 28.405959 22.585009 8
33.377518 28.846259 21.713309 12
34.120618 28.346159 22.120109 9
34.567918 27.496459 22.449209 14
35.003018 26.886059 21.965509 14
34.621718 27.099459 21.028809 9
34.089818 26.337659 20.844109 6
34.424618 25.507159 20.366609 2
33.868318 25.471459 19.525509 9
34.587418 26.107759 19.495509 1
35.035118 25.213059 19.543609 2
35.853518 24.834659 19.178609 3
35.753318 23.964659 19.618209 2
36.715118 23.639759 19.571009 2
37.331118 22.988859 19.393909 6
36.658218 22.593959 19.960009 2
36.635018 21.724259 20.535709 9
36.647318 22.480959 21.189109 2
36.365518 22.292159 22.115909 2
36.462418 22.170759 23.110609 1
36.674418 22.257259 24.054809 8
36.431818 21.575859 24.733309 3
36.501318 22.319459 25.301009 8
37.290918 21.758359 25.197809 3
37.376918 22.695159 25.600909 2
36.954918 23.217859 24.951309 8
37.601118 23.191459 24.227109 8
38.504518 23.545359 24.533609 1
39.289518 23.114059 25.049609 2
39.673918 23.174859 24.128909 10
39.786418 23.757359 23.392309 3
39.371818 24.639859 23.692909 2
39.538118 25.080159 22.907809 7
38.595118 25.161459 22.656609 14
38.276018 24.359859 23.085909 14
37.567518 23.735359 23.404909 8
37.568018 23.600259 22.464109 4
37.738618 22.698259 22.300209 2
37.995218 21.713759 22.526209 6
38.645818 21.030359 22.581009 3
38.735418 20.276459 23.232609 6
38.203918 19.440359 23.208009 3
38.482918 18.764659 22.529709 2
38.993518 17.956559 22.457609 2
38.198718 17.598359 22.081809 14
37.240218 17.620659 21.917509 3
36.921918 17.464659 20.973709 3
37.149318 18.041059 20.258509 3
38.100518 18.121359 19.938709 3
38.978618 18.438759 19.657809 6
39.569718 17.873559 20.280009 2
38.681118 17.426959 20.387809 3
39.447718 17.057159 20.906709 5
40.352718 17.367859 21.261609 2
41.193118 17.036159 20.896209 10
40.898818 17.270359 19.975509 5
40.832218 16.591259 19.342509 13
40.860618 15.940059 18.684809 3
40.895818 16.074759 17.753409 1
40.338618 15.372959 17.498109 7
40.105718 16.017059 16.693209 1
39.436818 15.690159 16.051509 2
38.431318 15.708359 16.168109 1
38.207018 15.271759 17.041409 1
37.506618 15.067859 17.705109 1
37.724918 14.823759 18.728209 9
36.880518 15.211259 19.071209 1
36.946018 15.650259 19.925209 8
36.998018 16.529159 19.508809 3
36.542218 17.243659 19.973809 3
36.389618 18.100459 19.538309 3
35.449018 18.118259 19.288109 14
35.002918 18.333559 20.057709 3
34.411818 19.052359 19.882709 9
34.394918 19.739259 19.213709 9
33.944718 19.595359 18.387509 10
34.305718 20.108859 17.672209 8
34.415118 20.349959 16.716509 14
34.199418 20.275859 15.742209 2
33.427818 20.639859 15.333509 3
32.498018 21.016159 15.281309 1
32.013618 20.654959 16.033809 4
31.749918 20.348059 16.935509 3
31.745218 21.337259 16.931109 13
30.879918 21.063059 16.780209 10
30.456418 21.796359 16.338209 2
30.785318 22.746559 16.228209 3
30.406518 22.969159 17.051209 9
29.800518 22.348559 17.525409 12
29.244518 23.031159 17.846709 5
29.613518 23.152059 18.666509 9
30.150118 22.390159 18.828009 3
30.348518 21.474859 19.096309 6
29.459318 21.081259 18.999409 10
28.488918 21.085659 18.925909 8
28.647418 20.765259 18.039209 3
28.167618 19.934459 18.047009 1
28.011718 19.902559 19.107709 1
28.144518 19.021159 19.447509 2
28.759818 18.254959 19.705509 10
29.567218 18.099859 20.126409 1
29.930118 17.273659 20.463709 3
29.661418 17.119359 21.461409 3
29.222318 16.803459 22.209709 3
28.587418 17.504159 22.375209 1
28.192118 17.716259 21.559409 7
28.679018 18.490759 21.113109 2
28.858618 19.477059 21.237809 12
29.646618 19.914259 21.668509 8
30.109018 20.804059 21.525709 6
31.090718 20.726059 21.874709 13
31.404618 21.592159 22.372609 4
32.080318 20.974159 22.881609 6
32.571318 20.811859 22.085909 3
33.488218 20.939359 21.810309 9
33.410518 21.108659 22.774609 6
33.056118 20.139259 22.633809 6
33.882118 19.690959 22.392109 3
34.780718 19.426559 22.002509 9
35.057118 19.529059 21.010809 9
35.298618 18.561459 21.289909 3
35.180018 17.632259 20.937509 3
34.395218 17.175559 21.393509 5
33.771418 17.467659 20.732109 8
33.568618 17.951959 19.909909 10
34.253518 17.263659 19.693509 3
34.378318 16.292459 20.075509 5
34.646218 15.514459 20.525709 14
35.254318 16.236059 20.586509 14
35.969018 16.939659 20.864009 3
35.427218 16.702859 21.661009 3
34.589818 16.119859 21.590709 5
34.117618 15.308859 21.893909 9
34.211318 15.838859 22.668609 5
35.103618 15.633359 22.786009 3
35.283118 14.768259 22.509409 9
35.173718 13.938159 22.060209 10
35.444218 13.007159 21.715509 4
36.191418 13.494959 22.068809 1
36.481818 14.327759 21.810509 1
37.421418 14.803159 21.595509 9
36.920718 15.568359 21.407709 3
36.120318 15.715259 21.050509 3
35.892218 15.426959 20.199409 4
36.038818 16.372459 19.871209 3
35.312418 16.289259 19.247009 3
35.257118 15.685559 18.491309 9
35.884918 15.606159 17.735209 1
35.155918 15.383159 17.146409 1
34.246118 15.617759 16.924109 1
33.640018 15.427659 17.610709 1
33.569118 15.347959 18.592509 1
33.480118 14.877659 19.427709 6
32.665418 15.095159 19.950109 3
33.257318 14.633059 20.562209 11
32.439418 14.810859 20.981609 3
32.387618 14.018059 20.306909 13
32.237618 14.055359 19.328109 13
31.639118 14.508459 19.977409 3
30.867318 14.631859 19.314809 6
31.205718 15.440759 19.391509 3
31.697318 15.278259 18.597209 6
32.551218 15.454859 18.157809 15
32.452418 16.208059 18.767909 10
32.169918 16.293959 19.716909 3
33.079918 16.233559 19.988209 6
32.668318 15.911359 20.758009 3
33.018418 15.892859 21.616409 5
32.787118 15.644759 22.546809 3
33.446418 14.996659 22.874809 9
33.900818 14.516259 23.590309 9
34.560118 14.594059 24.276709 4
35.179918 14.688459 23.593009 1
35.554618 15.555359 23.789909 8
36.308318 15.756159 24.374709 3
37.136318 15.517959 24.981609 4
38.117818 15.353559 25.396109 3
38.080418 15.465859 24.408509 8
38.417418 16.331259 24.631509 9
37.637318 16.745859 24.183509 5
37.142118 17.668859 24.289209 12
36.403918 17.101559 24.004709 3
36.769418 17.669559 23.287809 1
36.320418 17.073959 22.684709 3
35.508418 16.877659 23.177409 5
35.497218 17.643559 23.773209 10
35.884318 18.388859 24.167009 5
35.404318 18.574559 24.999209 3
35.787418 19.416459 25.205509 1
35.595218 20.319159 25.107009 6
36.288018 20.112059 24.320709 2
35.471618 20.368159 23.898809 3
34.629518 19.810159 24.005709 6
34.598418 18.938959 24.331009 1
34.766518 18.606159 23.481409 1
34.886618 17.908359 22.829509 5
35.492818 18.500459 22.387809 3
36.012718 19.330459 22.616709 9
36.570418 18.615559 22.216509 13
36.945918 18.346059 21.402009 3
36.614318 19.160459 21.054409 3
36.048918 19.817259 20.657409 9
35.732618 18.980459 20.376809 10
36.624418 18.948059 20.070909 3
36.376318 19.780659 19.562509 9
35.739518 20.353159 19.115209 9
35.229118 19.955759 18.319109 14
35.663318 19.354759 18.829109 9
36.315618 19.032859 18.240309 13
36.602618 18.143759 18.575409 3
37.458318 18.067659 18.174909 3
37.061118 17.173859 18.241609 3
36.209418 17.467959 17.885609 8
35.381318 16.825659 17.906809 1
35.002518 17.232559 18.746309 3
34.076518 17.044359 18.648309 4
34.302118 17.694359 18.052609 1
33.458418 17.986059 18.314609 1
32.608618 18.198259 17.766109 1
32.509818 19.053359 18.093309 6
32.993418 19.240059 18.939209 4
32.592418 20.119559 19.050709 3
33.305618 20.170859 19.706209 9
32.445418 20.571159 19.988909 6
32.313018 20.634659 20.927109 3
32.916218 21.359959 20.967309 1
33.426618 20.585059 20.786809 9
32.940918 19.758359 20.857909 3
33.829818 19.442059 21.021209 9
33.176618 18.732259 21.270609 6
33.505618 17.950659 21.780209 3
33.886018 17.664959 22.609709 5
34.030718 17.060559 23.299109 5
33.671118 16.309959 23.709309 1
33.146518 15.961059 24.485609 10
32.785618 15.860059 23.539109 3
32.629618 16.743059 23.937209 8
31.818418 16.943859 23.520309 3
31.856918 17.331359 22.692709 11
32.821418 17.338659 22.398409 5
32.355918 16.522359 22.221309 3
32.823218 16.928359 21.478509 5
32.347818 17.748159 21.599109 4
32.238618 17.345859 20.689009 15
31.747318 16.525059 20.869109 3
31.021018 16.327559 20.253509 3
30.933918 17.282959 20.104709 12
31.204418 17.905559 20.908809 3
31.103018 18.094859 21.847509 14
30.639218 17.377059 22.187009 3
29.811218 17.469559 22.806309 8
29.966318 18.357459 22.368409 1
30.554818 18.927859 22.872309 9
31.220718 19.576459 22.646109 10
32.119618 19.816559 22.828809 3
31.937518 20.229759 23.631109 1
31.260518 20.672659 24.208309 3
32.160918 21.033559 24.304409 6
31.680918 21.831359 24.352209 5
32.652318 22.198859 24.281309 13
33.183118 21.692359 23.706809 6
33.914218 21.180759 23.907309 6
34.698818 20.961059 23.381009 6
34.774018 20.484959 22.534909 9
35.676018 20.444159 22.721809 3
36.365818 20.825559 22.201509 9
36.610318 20.711759 23.084209 3
37.099518 20.125559 22.574609 6
36.775218 19.989059 21.696709 9
37.649218 19.661859 21.596409 4
38.097618 18.892959 21.562509 3
38.609218 18.707559 20.752809 3
39.390218 19.216759 21.041809 1
38.926618 20.081359 20.963509 3
38.651018 20.868759 20.302409 5
38.293618 20.794559 19.421809 1
38.576018 19.942259 19.144809 1
38.279218 19.229059 19.615209 3
37.400918 19.639159 19.739109 3
37.104518 20.271159 20.385609 9
37.364818 21.091759 20.038709 1
37.057118 20.575059 19.266909 9
37.173318 21.162759 18.443409 5
37.571618 20.905359 17.543209 3
38.408018 20.433259 17.582209 13
38.064318 19.606659 17.439509 1
37.863818 19.457959 18.387209 10
38.460518 18.681859 18.269709 15
38.153818 17.978459 18.838409 3
38.295618 16.998659 19.243609 3
38.944618 16.325259 18.936709 4
38.814218 15.792459 19.795209 4
38.031818 15.954159 19.360909 8
37.875618 15.934359 20.325809 3
38.531618 16.445559 20.869809 6
37.703518 16.805459 21.313209 3
37.834418 16.018659 21.925509 8
37.088618 16.182659 22.512309 3
36.398218 15.611959 22.772009 9
36.707518 15.079159 23.587909 8
36.283618 14.369459 24.083809 6
35.960818 13.630559 24.549609 5
35.684718 12.753959 24.319109 4
34.902418 12.991759 23.897909 3
34.666718 13.679459 23.395309 9
34.116218 13.277459 22.708109 9
33.754518 12.456859 22.260309 1
34.402818 12.232059 21.521609 3
33.549218 12.227259 20.996409 14
32.700718 12.191059 20.518609 13
33.113118 13.077859 20.516409 13
32.840618 13.489659 21.368309 5
33.469418 14.021559 21.867809 9
33.198218 13.929659 22.814609 9
32.447718 14.559459 22.774009 9
31.655218 14.960459 22.411209 3
31.008018 15.583359 22.193109 3
31.353818 16.424459 21.966109 3
30.940018 16.621859 22.809109 3
30.860218 17.426359 23.301409 1
30.990418 17.712759 24.219609 10
31.572618 18.314759 23.598809 15
32.227618 19.039259 23.715109 3
33.080018 19.550759 23.846509 6
32.798418 20.017159 24.643609 6
33.755818 20.124159 24.464609 6
33.642118 19.441659 25.055009 1
33.235418 18.921959 25.840209 1
32.491118 18.538059 26.248009 3
33.044318 18.547059 27.055009 6
33.116418 17.970759 27.811309 3
33.168818 17.125759 28.227909 10
32.605018 16.318559 28.504109 5
32.032918 15.540559 28.541409 9
31.364218 15.580659 27.819709 3
30.439618 16.070959 27.791509 6
29.975518 15.886159 28.662709 8
29.690018 14.943159 28.646709 3
30.576618 14.996459 29.145609 13
30.591218 14.590059 28.181209 3
30.997418 13.731859 28.051509 11
30.983718 13.328259 27.119309 5
31.261418 14.161159 26.704009 5
31.544018 15.057459 26.633909 10
32.410318 14.780359 26.286909 6
32.781018 15.396759 25.729009 3
32.748418 14.859259 24.890209 9
31.975218 14.784759 24.402709 9
31.443018 15.500159 23.987709 3
31.068318 16.379459 23.891909 3
30.115918 16.664459 23.613809 3
29.155518 16.480059 23.670509 9
28.752218 17.101359 24.206709 1
28.129018 17.364059 23.475609 1
27.061718 17.316659 23.408809 4
26.666318 17.308959 22.504909 3
26.661918 16.444359 22.092709 1
27.053318 16.326359 21.232909 4
27.931818 16.220459 20.868009 1
28.366818 16.045659 21.684909 1
29.309718 15.727959 21.604409 3
29.255918 16.328859 20.813609 8
30.139918 16.014459 20.784809 3
30.960718 15.787459 21.209709 3
31.254618 14.866359 21.246609 3
31.653118 14.120759 21.589909 5
31.435918 13.622859 22.365209 3
30.762918 13.217859 22.987709 6
31.542918 12.706459 22.936709 15
31.154518 12.468559 23.844709 6
31.900818 12.721259 24.393409 5
32.835618 12.699959 24.098609 9
33.637918 12.105859 23.991609 9
32.832018 11.702359 23.600409 3
32.674118 12.493259 23.000309 10
32.533518 13.380159 23.333509 9
31.863718 14.022759 23.415009 9
31.052718 14.497059 23.151109 3
30.062418 14.657259 23.106309 3
30.019618 13.696959 23.446409 6
29.721118 13.935159 24.335309 10
30.071218 13.365459 25.052509 5
29.668518 14.089659 25.525009 1
29.790118 14.291459 26.453809 6
29.800418 13.500659 26.986209 5
29.526818 12.659659 27.373209 13
28.927318 12.725259 26.566909 3
28.066418 13.344259 26.573309 3
27.456218 14.088859 26.745109 13
26.540518 13.948159 26.297309 1
25.833618 13.436259 26.849709 3
24.905418 13.390959 26.620709 6
24.700018 14.220759 26.262909 11
25.562718 14.364459 25.776709 3
25.439118 13.853059 24.969309 14
25.106418 14.638459 24.568509 12
24.670418 15.482559 24.552009 9
25.361218 16.184559 24.594709 3
24.712018 16.447659 25.398609 3
24.826118 17.426259 25.569309 4
25.110118 17.478759 24.672609 4
25.453318 18.079859 23.987809 3
24.991618 18.665359 23.388409 6
24.957018 17.801659 22.902009 8
24.994018 17.025059 22.383209 3
24.308418 16.353759 21.946609 13
24.771618 15.524359 22.008709 4
25.067518 14.805359 21.384109 10
24.512518 14.082159 21.695409 9
24.476718 14.018159 22.607709 9
25.171818 14.045059 23.228709 1
26.107018 13.661259 23.423909 4
26.262718 13.039759 22.781609 3
26.729718 12.599659 23.460009 1
27.096818 13.182459 24.143309 3
28.047518 12.824259 24.141209 1
28.947618 12.677659 23.988909 6
29.021118 12.311159 23.175809 6
28.201918 11.886959 22.840409 1
27.903518 12.774359 22.562509 3
28.190918 13.688359 22.433509 6
28.695918 14.536759 22.665409 9
29.495818 14.559559 22.099309 3
29.924018 15.364559 22.362209 3
29.647618 16.171259 22.857009 3
28.788218 15.785859 22.946009 8
27.974318 16.154559 23.401909 8
27.189818 15.506059 23.548809 10
27.297118 16.224559 24.313309 1
27.988918 16.404459 25.011809 1
28.778018 15.885259 24.591509 5
29.598818 15.396559 24.767409 13
30.245318 15.010759 24.141309 3
30.860518 15.169559 24.864509 9
31.441018 14.573959 25.429509 15
31.086118 13.784859 25.038209 5
31.655618 13.331559 25.632509 5
32.540618 13.280359 25.512009 9
33.179818 13.148059 26.261309 13
33.323718 12.216359 26.113409 6
33.157618 12.398259 25.190609 10
33.541218 13.253159 24.791909 9
33.569418 14.175559 24.539609 9
34.433318 14.057659 25.089709 3
34.386918 13.285259 25.662209 11
34.396818 12.331259 25.673009 3
34.343318 12.471759 26.670909 13
34.163418 11.545059 26.483309 3
34.674918 10.831359 26.102109 13
33.949718 10.903959 25.373109 3
33.520418 11.076859 24.475409 3
33.024218 10.324259 24.911709 9
32.107418 10.695359 24.715109 6
31.447618 10.770159 25.415209 3
31.673218 11.707959 25.385409 4
31.343318 12.421259 26.118609 5
30.299118 12.370359 26.062809 5
30.563618 11.494759 26.377809 3
29.698418 11.486659 25.905309 6
28.797218 11.148059 25.589109 3
29.470418 11.210459 24.824409 3
30.187218 11.887659 25.073909 5
31.080118 11.671359 24.629409 8
30.393518 11.502759 23.995809 6
30.616818 11.779859 23.144909 6
29.940018 11.784759 22.434109 15
29.795018 12.773359 22.513409 6
29.454118 12.551559 21.648209 3
29.459518 13.187459 20.943409 1
28.767918 13.824059 20.605809 1
28.933718 14.763159 20.894109 3
29.797718 14.432359 20.412109 3
29.545718 15.325659 20.244309 3
29.859618 15.675759 19.392409 1
29.873418 15.041059 18.635709 10
30.423018 15.760459 18.262309 3
29.591718 15.549859 17.803509 1
29.657418 15.157159 16.950809 1
29.151418 15.269959 16.118309 4
28.281218 15.156559 15.864209 1
28.443218 15.842159 15.182509 10
29.397218 15.429059 15.154709 1
30.030618 14.802659 15.510109 6
30.921718 14.573159 15.741409 5
31.131318 13.620859 15.526509 11
31.491818 13.939259 16.393109 10
30.782218 13.257459 16.738709 14
31.069118 12.404859 16.300709 4
31.635918 11.723259 16.618509 9
32.249918 11.445859 15.959909 3
31.578518 10.753259 16.007509 9
30.694618 10.761259 15.513209 5
30.633518 11.698759 15.797609 9
30.008618 12.418659 15.443909 4
29.229418 12.113859 14.984609 3
28.301718 12.239959 15.323709 12
28.360518 11.453859 15.957609 3
28.173418 10.471259 15.876009 13
27.637618 9.737559 16.251809 13
26.780618 9.389159 16.332509 1
26.053218 8.884259 16.764009 4
25.475918 9.757659 16.782409 6
25.528518 9.315659 17.575709 10
24.967318 9.578059 18.303909 4
25.147718 10.517159 18.425809 9
25.780218 10.634759 19.122009 13
26.338918 11.478059 19.359709 3
27.264418 11.437859 19.648709 10
28.042118 11.862459 19.902909 10
28.855118 11.358059 20.073109 10
29.308118 12.009559 19.564509 6
29.494118 12.909859 19.143809 8
28.750018 13.159959 19.838709 13
28.620618 12.694359 20.659009 10
28.451318 12.953259 21.584909 4
29.094318 13.583259 21.901109 6
29.914518 13.973659 21.444409 3
30.739918 14.115959 20.903509 3
30.884118 13.212259 20.880609 1
31.712118 12.706559 20.968509 13
32.057018 11.952559 21.338509 5
31.587518 11.316859 20.765009 4
32.498318 10.896059 20.973309 4
31.815018 10.867259 21.718109 13
32.717818 10.987459 22.018609 5
32.287518 11.170059 22.839109 1
31.358218 10.918859 22.680609 4
31.916818 10.162559 23.177609 10
31.873318 9.374659 22.564509 11
30.857718 9.317659 22.400509 8
31.444918 9.125259 21.715709 3
31.341318 9.382859 20.776309 4
30.848718 10.166359 20.490709 4
30.780818 10.083159 21.486709 6
30.381518 10.907359 21.037909 9
29.682418 11.537859 20.686609 11
30.171818 11.070759 19.895909 4
29.345418 10.704259 19.424709 10
28.733318 10.326859 20.076309 10
29.586618 9.858459 20.359209 4
28.990918 9.465659 21.155609 11
28.574718 10.304559 21.081609 10
27.907218 10.334059 21.862609 1
27.113618 10.785959 21.385209 10
27.613218 11.559259 21.736909 1
26.909318 11.373159 22.345809 6
26.490118 10.656759 22.778709 5
26.540018 9.776459 23.307009 4
26.956418 8.961959 23.644609 10
27.272118 8.147259 24.122609 13
27.862018 8.800959 24.451809 6
27.056118 8.527259 25.173509 13
26.663018 8.996059 25.917909 3
26.415318 9.406259 26.697709 1
25.857418 10.139459 26.399509 13
25.533418 10.284359 27.360509 5
24.855818 10.283659 28.110909 10
25.313118 9.513759 28.486609 1
26.164018 9.884759 28.745009 4
26.810818 9.648459 29.436409 12
27.642118 9.383659 29.742409 4
28.310118 9.431559 29.056909 10
27.586918 8.996959 28.530209 9
28.243318 8.941159 27.868409 13
28.780718 8.190559 27.581709 1
28.570618 7.229759 27.172109 4
29.317418 7.140259 27.767609 15
29.270818 7.336159 28.739009 4
29.817718 7.746059 29.397409 9
29.830018 6.921259 29.854109 3
30.552818 6.466359 30.361709 6
31.116018 6.356659 29.473809 8
31.445918 5.510559 29.276609 4
31.264518 4.656859 29.749509 11
30.591118 4.147959 29.326109 4
30.259418 3.664659 28.592109 10
30.476718 4.110759 27.801909 13
30.645118 4.208359 26.844409 1
31.257118 4.851359 26.426209 5
31.942418 4.596359 27.083509 2
32.253318 5.494359 26.795509 4
32.541418 6.186959 26.160209 13
33.430018 6.582559 25.931009 3
33.103118 6.156259 25.110509 10
33.988518 5.936659 24.757509 15
33.527018 5.247059 24.283009 13
34.067918 4.931859 24.989309 3
33.372618 4.301959 25.258309 1
33.664018 3.954859 24.436509 6
34.523218 4.282859 23.998609 3
34.629018 4.314759 23.070309 10
34.299218 3.423559 23.068809 9
33.663418 2.737459 23.296009 1
34.031218 2.300459 22.502009 4
33.289418 2.068259 21.925909 10
32.588018 1.483559 21.879009 1
32.311218 2.155459 21.240309 4
32.032618 3.055559 21.053809 1
31.292418 3.602059 21.168909 1
31.520018 3.824459 20.230309 10
31.471718 3.303559 19.400309 1
30.919518 2.970159 18.632309 6
31.354118 3.777259 18.305109 10
30.508318 4.005459 18.791309 8
30.520818 4.685659 19.455709 1
29.739118 5.140459 19.100109 5
28.898918 4.975859 18.640109 4
28.301318 5.341159 19.317909 8
27.488118 5.196859 19.884109 13
27.282418 5.871059 20.472309 13
28.148318 6.343059 20.662409 10
29.189918 6.242959 20.689209 5
29.034818 7.189759 20.761809 11
29.942318 7.074459 21.077609 10
30.885418 7.159159 21.318309 3
30.326518 7.989059 21.525409 13
30.746318 8.290459 20.717909 4
29.806918 8.126159 20.310009 11
30.374918 8.159059 19.561509 4
31.161118 7.620659 19.980609 4
31.266518 6.565459 19.831209 9
30.248918 6.648059 19.952109 5
30.638418 6.225659 20.704509 4
29.992618 5.800159 21.169309 13
29.565418 6.059759 21.993709 3
29.006118 6.932059 22.022109 6
28.675218 7.828059 22.035709 11
28.025918 7.142359 21.794709 6
27.661318 6.415959 22.375909 10
27.670418 5.495459 22.085509 15
27.565718 4.693059 22.651309 4
27.419418 3.921159 22.050409 1
26.727718 3.712659 21.408209 12
26.091718 3.659759 22.168009 4
25.500518 4.365259 22.192609 9
25.715618 4.289359 21.181109 6
26.097118 5.185459 21.219309 13
26.303018 5.459359 22.150609 1
26.153018 6.385159 21.968309 4
26.055218 6.704559 21.001709 10
26.414518 6.430259 20.129109 13
25.539118 6.281159 20.009009 3
24.579418 6.004359 19.870109 10
23.785318 5.653359 19.268709 8
23.090818 4.967559 19.265809 10
23.809218 4.897359 18.591609 13
23.392918 4.107559 18.140309 5
23.559918 3.829859 17.238609 1
22.637218 4.143759 17.283309 3
22.918818 3.753759 16.386809 1
22.926018 4.303159 15.586309 4
23.643218 4.874959 15.500709 1
24.396918 4.236059 15.178609 15
25.154718 4.873359 15.245009 1
25.752018 5.240259 15.967009 3
26.120918 5.464759 16.879709 4
26.850018 6.024459 17.063709 4
27.734318 5.815959 16.832409 4
27.358218 6.539159 16.330909 10
27.800618 6.505959 15.416109 10
26.834418 6.639659 15.481109 1
26.647618 6.627159 14.479509 1
27.272518 7.263159 14.705909 5
27.045518 8.139559 15.224009 3
27.282818 9.034459 15.506209 13
28.067618 8.727659 15.949209 13
27.425318 8.388759 16.542009 1
27.835418 7.536259 16.168609 11
28.571618 7.009959 15.736409 10
29.327918 6.426159 15.599409 10
29.105018 5.530459 15.383709 10
28.528718 4.724859 15.293709 6
27.718118 4.478259 15.782609 4
27.825618 3.531159 16.006509 6
26.863418 3.448059 16.115309 11
27.236318 4.072659 16.804009 4
27.176818 3.354959 17.375009 9
27.907218 2.768259 17.708309 13
28.485118 1.992859 17.947809 4
28.565818 1.607559 16.998209 8
27.929318 2.076259 16.404609 10
27.796418 1.641859 15.545309 4
27.027618 1.643059 14.928909 3
27.405718 2.529459 15.255909 13
27.509018 3.305059 14.643209 6
28.156618 3.880159 14.125909 6
27.763618 4.387559 13.403109 4
27.711918 5.299959 13.544509 12
27.787818 6.102459 14.175609 10
28.029218 5.684459 15.011409 10
27.106218 5.491459 15.309909 4
26.857318 4.772759 14.688509 8
26.552318 4.446159 15.532209 4
25.934818 4.000159 16.119609 3
26.197318 4.451759 16.931909 4
26.121718 3.628459 17.476709 1
25.741618 3.961559 18.423409 1
25.661618 3.501159 19.256909 1
25.889318 4.408459 19.590109 13
25.104618 4.146559 20.096409 5
24.933918 5.018159 20.389309 10
25.004018 5.209859 19.396009 1
25.830918 5.582859 19.212709 13
26.623118 5.066659 18.872509 13
27.553118 4.891959 18.434209 4
27.624118 3.980859 18.757009 9
28.524718 3.835559 18.371009 10
28.028318 4.271959 17.618509 4
28.014118 4.898859 16.791509 4
28.938618 5.033159 16.502209 10
28.938018 4.608959 17.387509 4
29.537818 3.851259 17.362509 13
29.738518 2.968659 17.565709 9
29.056418 3.089759 16.862309 3
28.744618 2.957559 15.933909 6
29.349018 2.542959 15.331809 15
29.406118 3.261259 14.669209 9
29.578818 4.095859 15.169209 6
30.051018 4.950959 15.344509 10
30.257618 5.122559 14.435409 10
29.932718 5.321059 13.536209 11
29.478018 5.866259 14.186209 10
29.706718 6.306659 13.365809 13
28.687518 6.251959 13.553609 10
28.960618 6.685959 12.697609 5
28.633618 7.568959 12.995909 9
28.990318 8.471659 13.245209 4
29.940218 8.566959 13.397809 4
30.109718 8.117359 12.633009 3
29.824018 9.012459 12.372809 10
29.596018 9.756159 13.095909 4
29.256418 10.232559 12.320509 7
28.332418 10.804959 12.289409 5
27.733418 11.510159 12.527809 1
28.367218 12.080659 12.937009 13
29.188718 12.420059 12.575209 5
29.642818 11.714859 12.103609 8
30.203518 12.519859 11.778909 4
30.740018 13.351359 11.791309 1
31.241018 12.685659 11.305209 1
31.109618 12.009559 10.592309 1
30.716918 11.136759 10.749289 10
30.190018 10.520659 10.195899 1
30.590318 9.872759 10.713449 10
31.258418 9.357259 11.218409 1
32.083418 9.498259 11.688509 3
31.644818 9.114959 12.506409 12
30.793718 9.221459 13.005909 4
31.456718 9.447859 13.708909 4
31.984718 8.615359 13.885309 10
32.531418 8.703659 14.661409 6
32.256918 8.176959 15.493709 6
32.074818 7.362159 14.835009 13
31.467918 7.102459 15.538109 14
30.647818 7.030959 14.980309 10
29.755918 6.851859 14.521509 10
29.083818 7.226359 14.002009 3
29.145918 8.158659 14.263709 4
28.741318 7.593359 14.888609 10
28.362418 8.447059 15.023909 13
28.138818 9.122859 14.429409 11
28.273018 9.474759 13.476209 4
28.688118 10.015659 14.238409 13
29.535318 10.276959 14.075509 4
29.494018 11.244759 14.040809 11
30.173918 11.892059 14.086209 8
30.314418 11.038259 14.533409 13
30.604018 10.644759 13.695809 4
31.227918 11.336259 14.008709 9
31.642618 11.087159 14.755409 10
32.390818 10.562359 15.018609 13
31.868718 9.857259 14.585409 6
30.900918 9.994359 14.751709 4
31.196918 9.784059 15.616609 6
30.981918 9.946759 16.566309 9
31.206518 9.714159 17.444009 15
31.013818 8.977259 18.094309 4
31.007418 8.032559 17.866509 4
30.415418 7.626359 17.180009 5
30.498718 7.460659 16.243809 10
30.227518 6.629159 16.039209 10
30.467218 6.298359 16.964209 5
31.366718 6.221959 16.509709 1
32.254618 6.403359 16.313609 3
32.182518 5.581959 16.761909 10
33.018618 5.394859 17.077009 8
33.610418 6.058459 16.524109 4
34.543718 5.821859 16.178109 1
35.290418 5.120059 16.204509 7
35.603918 4.490859 16.883009 13
35.731218 5.187059 17.527409 10
34.944818 5.439159 18.077809 1
34.539518 5.280259 18.920409 13
33.725118 5.754259 18.765209 5
33.478718 6.625259 18.567009 4
34.032518 7.327659 18.098709 10
33.974318 6.781659 17.313909 1
33.015718 6.583659 17.478709 11
32.545218 7.390959 17.936609 4
32.731018 7.685759 17.021409 3
31.748018 7.720059 16.726509 11
31.516018 8.653959 17.123509 4
31.548018 8.857959 16.235109 6
30.678818 8.854159 16.560409 13
29.942918 8.304759 16.258109 10
30.296618 8.886259 15.571009 13
30.114218 8.673859 14.662809 4
30.907418 8.406859 14.222309 6
30.680118 7.600159 13.638009 14
31.390718 7.093859 14.021909 12
30.960118 6.294859 14.300009 10
31.450618 5.482359 14.109209 4
32.220818 5.236659 13.595909 3
32.212818 4.499559 14.222809 10
32.319418 5.139059 14.883409 1
31.817418 5.255059 15.722209 15
30.907918 5.595059 15.737509 10
30.808918 4.823359 16.274009 4
30.679918 4.151459 16.927209 9
30.223918 4.954859 17.126009 10
30.259018 5.518459 17.892409 5
30.952918 4.825059 17.946709 1
31.623318 5.469759 18.279609 10
31.135618 6.269559 18.168909 5
31.451618 7.209059 18.233409 4
30.563518 7.359659 18.594009 4
29.698918 6.977459 19.012009 5
29.015018 7.399559 18.395809 1
29.077518 7.452259 17.511409 10
29.181318 8.413059 17.702009 4
29.084918 8.657459 16.770209 13
28.953118 8.201459 15.895709 10
29.234318 9.057159 15.501809 13
29.823818 9.664859 14.931209 4
29.286318 10.132059 15.532309 13
29.232418 11.065359 15.327109 1
29.721018 11.256159 16.218809 9
29.546018 11.686259 17.072209 6
28.820518 11.111259 17.277009 4
29.321518 10.407059 16.778109 13
29.750418 10.653959 17.674809 15
30.751318 10.628859 17.728809 9
30.339618 10.617259 18.575809 4
30.137218 9.604859 18.563909 4
29.204918 9.419859 18.272209 10
29.162418 9.580359 17.368009 13
28.436318 10.135659 17.803109 11
28.853718 10.813859 18.441709 10
29.294618 11.608059 18.093509 8
28.896918 12.371559 18.337009 6
29.179118 13.280259 18.047209 8
28.657618 14.072359 18.330909 4
28.489918 14.982259 17.931309 7
28.014118 15.147659 18.817209 10
27.321718 15.795659 19.172509 4
28.054818 15.529559 19.686009 5
27.198618 15.012159 19.695509 3
26.783618 14.472159 20.409209 1
26.450518 13.608459 20.596909 1
27.181518 12.952659 20.611809 1
26.548418 12.776659 19.949609 1
26.234418 13.504859 19.457609 10
26.951018 13.352259 18.807109 4
27.684518 12.724059 18.792509 6
28.082718 11.790359 18.609609 10
27.863518 11.140059 17.957709 13
27.657118 10.407659 18.552809 10
26.844818 10.216259 17.936409 6
27.051618 9.342759 17.702509 12
27.692518 9.326459 18.393609 10
27.655118 8.415659 18.001209 1
27.619418 7.878659 18.836509 4
26.994818 7.226159 19.154009 13
27.837518 7.259259 19.667309 15
28.486118 6.621459 19.385109 5
28.323018 6.414359 18.452009 4
29.264818 6.271759 18.447009 5
29.307818 5.755359 17.646909 4
29.244718 6.296259 16.871709 10
28.510318 6.887959 16.858309 10
27.769618 6.707659 17.435909 3
27.321718 6.021359 18.001709 4
26.386418 5.999859 18.284609 13
25.893718 6.643259 17.837109 14
25.890918 7.545859 18.341609 13
25.576018 8.437259 18.427109 15
24.816518 7.942159 18.305209 10
24.943918 6.982859 18.526409 1
25.266818 7.519459 19.229709 13
25.892318 8.168759 19.680609 7
25.810218 9.217259 19.601109 3
26.738018 9.483759 19.802109 1
27.535518 10.173359 19.717809 10
27.756318 9.246459 19.688909 10
27.480118 8.376959 20.042809 9
28.399818 8.233459 20.155409 11
28.793218 8.774159 19.398209 10
29.753518 9.066359 19.318009 4
30.735718 9.156259 19.134909 4
31.351118 9.727559 19.618009 4
31.299718 10.646359 19.405609 4
31.085518 11.518259 19.596809 6
31.168118 12.466059 19.723209 13
30.368318 12.873859 19.621009 5
30.850418 13.022759 18.777309 8
31.128218 12.295959 18.233009 8
31.167618 11.656559 17.535809 9
31.963018 11.545659 18.022909 7
32.818318 11.226259 17.884709 13
32.894518 10.247459 17.949509 4
33.576818 9.573359 17.680109 10
32.845918 8.936959 17.606709 4
32.876318 8.621659 16.685309 9
33.280518 9.183559 16.082809 6
34.072518 9.238259 16.600309 10
34.747318 9.872559 16.733709 10
34.866018 10.146459 15.811909 11
35.209818 9.260759 15.884809 1
34.572918 9.027859 15.223409 1
34.534618 9.757959 14.584609 10
35.434618 9.800359 14.870409 4
36.275518 10.261059 15.159609 1
36.286518 10.222759 14.107709 1
36.986418 10.829759 14.192009 5
37.590818 10.548259 14.872409 4
37.425718 10.429259 15.809309 3
37.448618 9.991259 16.634309 13
36.757618 9.973559 17.391409 10
37.440718 9.869059 18.102709 5
36.764718 10.399659 18.532309 10
37.390618 10.975459 19.080609 1
37.326918 10.269659 19.775009 4
36.703818 10.242059 20.458309 13
35.871318 10.431759 20.022409 10
35.154018 10.188259 20.704309 6
34.957618 9.873959 19.808909 10
34.115318 10.219859 19.580209 7
33.380018 10.454559 18.957609 4
33.630818 11.210959 19.603609 13
33.396318 10.945359 20.538309 6
32.571118 11.131059 19.916609 4
32.429918 11.942659 19.433209 13
32.015118 12.543559 18.768209 10
32.859618 12.771959 19.023009 13
33.787518 12.880959 18.884109 13
34.438418 12.484359 18.344609 6
34.499418 11.836959 19.088109 13
35.324818 11.370459 18.874809 4
35.722618 10.776559 18.262709 10
35.823318 10.533459 17.365309 10
35.960818 11.006859 16.555609 5
35.115918 11.410459 16.432109 4
34.308518 11.758359 15.897709 10
33.385418 11.691859 16.271009 4
32.834918 10.930859 16.699009 9
32.790118 10.070159 16.241109 6
32.305318 9.675959 17.021109 9
32.104218 9.590559 18.010309 4
31.811418 9.128259 18.813109 4
32.282318 8.361859 19.139309 4
32.920018 7.581659 19.158809 15
33.101818 8.148659 18.426509 4
33.799418 8.433959 17.859509 10
34.544418 8.098759 17.319609 10
35.291618 7.638259 17.200209 3
35.375418 7.347359 18.128909 10
36.376918 7.254459 18.231309 7
37.101318 7.929359 18.229009 11
36.857818 8.886859 17.933609 12
36.835218 9.372459 18.802509 10
36.873518 9.132059 19.718509 1
35.978518 8.879759 19.813509 10
35.935118 8.206859 20.531309 1
35.293518 8.971059 20.654909 10
34.760518 8.941859 21.486209 11
33.974918 9.234359 20.976009 1
33.132818 9.754159 20.729609 10
32.947818 10.004659 19.812409 4
32.358918 9.265359 19.660309 4
32.292418 8.967659 20.607609 4
32.822818 8.359959 21.154909 3
32.940718 8.630659 22.031309 10
32.766118 9.109159 22.827609 7
33.221118 10.000959 22.851809 7
33.667118 9.387959 23.531109 4
34.314518 8.788759 23.901609 8
34.885018 8.148959 23.644009 13
35.643818 7.812359 23.248009 5
35.531718 8.513259 22.457409 13
36.179818 9.072959 23.040309 1
36.392318 10.049259 23.011809 7
36.935218 10.019559 23.849909 10
36.910818 9.274559 24.440209 5
36.020618 9.210759 24.165709 10
36.107218 8.276759 24.292609 13
36.301918 7.338259 24.369109 12
37.043318 7.752559 23.953709 1
37.840818 7.517659 23.550309 4
37.295118 8.017659 22.773209 7
36.988118 7.601759 22.050109 1
37.111318 8.049059 21.197609 10
37.337518 8.936059 20.923009 1
36.890418 9.308459 21.738209 6
36.123118 9.701259 21.172809 9
36.274118 10.503259 21.672509 10
36.906818 10.866559 22.362209 9
37.760718 10.926659 21.948309 4
38.686418 11.000359 21.890509 15
38.783518 11.882559 21.436009 3
38.227518 12.066059 20.671609 10
37.518318 12.546459 20.163009 13
36.737218 12.901059 20.625109 5
35.774318 13.015959 20.600609 4
35.133318 12.645259 20.011609 11
34.257418 13.151759 20.034309 13
34.556218 13.965059 19.673509 4
34.267318 14.261959 18.798909 10
33.503518 13.821059 18.496809 13
34.184718 13.505259 17.814309 10
34.591818 14.099459 17.100409 15
35.337218 13.520559 16.774909 4
34.911218 12.659659 16.609309 11
35.084418 12.456559 17.537609 4
34.362118 11.956359 17.194909 3
34.189118 11.484459 18.024009 8
34.391018 10.646259 18.413109 7
35.071218 10.088859 18.068309 10
34.920818 9.354959 18.664809 10
34.066518 9.081759 18.671609 10
33.605218 8.435059 19.273309 4
34.342018 7.762759 19.336909 10
34.250918 6.818459 19.263609 1
33.805218 7.094259 20.132909 4
33.400518 6.201159 19.791809 1
33.631918 5.312159 20.017509 1
33.531118 4.689659 20.724509 1
33.335418 5.223859 21.495609 4
33.526118 6.024859 21.982809 10
34.383918 6.496559 21.919009 6
35.052618 5.959259 22.460909 5
35.729918 5.385159 22.786109 9
35.812718 5.534659 21.754909 4
35.345018 5.787359 20.881909 7
35.553918 5.891459 19.864809 6
35.167018 6.798259 19.951209 7
35.900418 7.347359 19.959709 4
35.542718 7.930959 19.226909 10
35.728118 8.747659 18.730209 10
35.564818 8.626659 17.723209 10
35.610218 9.447259 17.173109 10
36.210518 9.326159 16.508209 4
37.000118 8.944959 16.122309 5
37.129918 8.958959 15.076109 9
38.056318 8.930759 14.790709 7
39.054818 8.718259 14.776109 13
38.938618 9.648759 14.649309 1
39.465418 10.175859 14.003409 10
40.293918 10.571659 14.173609 1
39.724818 10.498559 14.944509 4
38.900818 10.611559 15.536109 1
38.295118 10.702159 16.276309 1
37.728918 11.003759 16.996609 3
37.729218 11.862459 17.434309 10
38.221418 12.484459 16.802309 4
38.859318 12.546459 15.973209 13
39.155818 13.170059 15.339209 1
39.457218 12.926859 14.474909 13
39.605518 13.704859 13.923109 4
39.631218 14.513859 13.307109 11
39.825718 15.385559 13.094909 8
39.973718 16.353859 12.898109 11
40.336918 17.228159 12.998009 13
40.781018 17.582359 13.743609 4
41.210518 17.798859 12.862809 7
41.725818 18.515759 12.401509 10
40.824318 18.846359 12.526909 4
41.436118 19.658259 12.869409 10
42.091118 19.267159 13.543409 10
42.825818 19.090259 14.153909 8
42.932718 19.835659 14.895109 3
42.076718 19.916559 15.378809 11
41.196018 20.130659 15.660909 4
41.743318 20.956159 15.441009 5
42.209818 21.246759 14.693409 6
41.953318 20.579259 14.079009 5
41.331618 19.810859 13.977309 7
40.328218 19.734359 13.902809 4
39.381118 19.871159 14.129909 10
38.911118 19.143359 14.465109 5
39.847118 18.930559 14.279409 4
39.774518 18.169359 13.733809 4
39.513818 17.213859 13.843009 1
39.173518 17.360359 12.908009 13
39.253418 18.345959 12.733009 1
40.210818 18.117759 12.760109 4
40.537118 17.857859 11.873909 6
41.258518 18.334659 11.387309 10
41.602818 17.413359 11.627709 9
42.175818 17.751259 10.946099 10
42.573418 17.727959 11.812109 10
43.254418 17.097259 11.751109 15
44.243318 16.947259 11.443309 9
44.234818 17.804959 10.881099 10
43.986118 17.948359 9.983329 15
42.983218 17.780659 10.110639 13
42.581818 18.575159 10.246069 10
42.082918 19.013259 9.553679 10
42.250818 19.918559 9.946179 15
41.776818 19.480659 10.637399 10
40.793618 19.324559 10.663169 10
39.912918 19.152659 11.015509 13
40.238718 19.894259 11.631709 10
39.978318 20.128459 12.537709 4
38.960418 20.114659 12.510909 7
38.991118 19.619659 11.685109 1
38.710718 19.822359 10.822229 7
38.884518 20.136859 9.980729 3
39.792018 20.408059 9.624789 4
39.492218 19.844459 8.827579 1
40.505618 19.977159 8.848009 10
40.782918 20.841159 8.481359 12
40.013618 21.319359 8.018109 1
39.619218 22.014159 7.543749 10
40.060818 21.768559 6.763149 4
40.316218 20.867959 6.553069 12
39.622018 20.525059 5.961509 7
38.914618 21.010959 5.478239 7
38.047318 20.763559 5.081369 13
38.331418 21.164559 4.245529 10
39.116018 20.800359 3.956269 9
40.050818 21.141659 4.006409 14
39.768718 22.028159 3.708749 13
39.060918 22.581159 3.316729 4
38.938318 23.413459 3.731769 11
39.755518 23.260759 4.182039 7
39.947718 24.133259 3.873819 6
40.692218 23.748959 3.342689 7
40.465218 22.849359 3.629989 10
41.036918 23.185059 4.312689 7
41.915018 23.273659 4.440029 1
41.857218 22.637859 5.171819 4
41.148818 22.002959 5.315299 11
41.904418 21.610059 5.820839 10
41.240818 21.596359 6.467269 7
41.242318 21.783159 7.422589 12
41.284618 22.649259 6.990239 4
41.141018 23.248259 7.692589 12
40.306918 22.865659 7.918809 10
40.944718 22.171059 8.271249 12
40.207418 22.243459 8.803199 12
39.516318 23.000859 8.644479 7
38.629118 23.254459 8.252109 4
38.545918 22.384159 8.577389 7
38.216718 22.317159 9.469739 14
38.144518 22.974059 10.250239 10
37.609518 23.555759 10.755749 4
36.838718 22.960459 10.673329 13
36.930718 22.306859 9.975089 10
36.514718 21.629959 9.503479 7
37.040718 21.348759 8.801679 7
36.408818 20.599159 8.745899 1
36.736918 20.344559 9.651199 7
36.829918 19.398259 9.538589 10
37.211618 18.772859 8.921869 4
37.915418 18.620459 9.562339 7
38.101518 17.795859 9.936049 1
39.088418 17.680859 9.879189 1
39.249318 18.438559 9.280549 3
39.783318 18.566659 10.082199 1
40.212518 19.357459 9.782929 10
40.867918 18.752059 9.391939 10
40.295818 18.059259 9.271709 1
40.320418 17.048059 9.400749 11
39.985618 16.144659 9.676489 1
39.961918 16.437259 10.611139 4
39.466318 16.236459 11.442509 12
39.661318 15.379959 11.850209 1
39.124318 15.105759 11.089809 11
39.545518 15.052859 10.172289 10
40.291018 14.906359 9.554479 9
41.102918 14.830559 8.991899 7
41.616718 15.421359 9.588339 5
41.039218 15.974059 9.068539 14
41.529118 16.784859 9.249649 7
41.766418 17.777259 9.466189 10
42.574018 18.002659 8.983499 4
43.296718 18.673259 9.219769 15
43.596118 19.204659 9.927839 15
43.826818 19.054659 10.847889 13
43.129218 19.468659 11.390409 10
42.244918 19.902359 11.438409 10
42.268218 20.962359 11.502409 7
41.372318 21.352359 11.237609 10
40.999118 21.356359 10.361889 12
41.612218 20.696159 10.171939 10
42.526018 20.974459 10.475419 9
42.768718 21.962459 10.458929 7
43.463318 22.569459 10.783919 7
43.187618 22.537859 11.722509 7
42.821918 23.414359 12.028509 14
42.705818 24.327759 11.902309 10
42.237118 24.937859 12.501509 14
42.705018 24.607659 13.333209 10
43.451318 25.116859 13.738409 1
44.384418 24.936659 13.912709 12
44.198418 24.275259 13.213909 13
43.517118 23.622959 13.104009 1
43.795518 22.984659 12.416009 7
43.563518 22.319259 13.050209 1
43.924518 21.799059 12.352209 7
43.945318 21.021459 12.896409 10
43.815118 20.953959 13.838809 7
44.634318 21.451359 13.501309 1
44.657718 21.497359 14.427309 4
45.058118 21.817659 15.182809 1
44.498918 22.448359 15.751309 4
44.322018 22.901159 16.577709 1
43.486818 22.603059 16.840609 4
42.968518 21.752859 16.972809 11
43.574718 21.829659 17.711409 10
44.062018 21.021859 17.774909 7
45.012518 20.894859 17.904109 1
45.784118 20.863459 17.235709 7
45.833018 19.931659 17.438109 11
45.802718 19.935359 18.353109 12
46.220318 19.779759 19.208109 10
46.935118 19.298559 18.831409 4
47.326318 19.356959 19.684509 8
48.231818 19.112859 19.442009 7
49.015318 18.682259 18.996109 6
49.558918 17.954759 18.674109 12
49.252418 16.981959 18.617909 10
48.406518 16.707459 18.247309 13
47.679818 17.335759 18.134409 7
46.843218 17.384759 18.589109 1
45.992318 17.322759 19.101809 14
46.616918 16.647159 19.423309 15
46.485118 16.296359 20.413109 11
46.498618 15.524459 21.009709 10
45.716718 15.005059 20.587409 10
45.961818 14.125159 20.411609 7
46.156318 14.166059 19.436909 9
47.070218 14.107059 19.147109 13
47.243718 14.236059 18.146709 7
47.966918 14.075159 17.519709 10
47.291118 13.372759 17.432109 1
46.926818 13.826059 16.655809 5
47.104218 14.590659 16.116109 10
47.162818 15.541659 15.867809 1
47.149718 16.515959 15.841509 10
46.197718 16.871159 15.635509 1
45.768118 16.965159 16.466309 4
46.541418 16.992559 16.975909 1
47.188718 17.759459 16.989409 4
48.028418 17.988259 16.536009 7
48.402918 18.731159 16.990109 1
48.156618 19.524959 16.487209 7
47.452018 19.313259 15.838109 6
47.130218 19.494059 15.014809 1
46.796918 19.670959 14.046409 16
46.292518 20.350359 13.565209 7
45.460218 20.239359 14.058009 10
44.809618 19.749259 13.482109 11
43.849218 19.510859 13.324009 14
43.115218 18.921059 13.130009 10
42.960318 18.548659 12.255209 10
43.892918 18.706059 12.006009 7
44.386618 19.595859 12.150709 11
43.472418 19.806859 12.426809 10
43.523618 20.715959 12.065409 7
42.961518 21.342859 12.445209 7
42.440418 20.633159 12.809609 11
41.673318 20.400959 12.205109 10
40.942018 20.799759 12.705209 4
40.343518 20.934959 11.923209 1
40.343918 20.880459 10.960009 10
39.511318 21.131859 10.533689 14
40.084518 21.754059 10.099309 12
40.049218 22.720159 10.230299 1
39.271618 23.076259 9.824409 10
39.978618 23.593959 9.507559 12
40.458118 24.381759 9.144559 1
41.058018 23.873659 9.713649 12
41.864218 23.540459 9.374059 7
41.867718 23.536859 8.346269 12
42.247318 24.326459 8.782209 7
42.911618 24.802859 8.176899 10
43.219018 24.049359 7.570289 13
43.697318 23.666859 8.364209 4
43.370718 23.352559 9.235559 7
42.937218 22.909159 8.494319 9
42.905718 21.966959 8.253429 12
43.703918 21.568059 8.683089 15
44.003318 22.543159 8.693469 7
44.592318 23.038159 8.217539 7
44.227718 22.392759 7.554419 1
44.267718 21.725359 6.897119 4
44.163218 20.751659 6.645389 1
44.492018 19.911659 6.872859 7
44.391918 19.915959 7.829119 15
43.556318 19.414759 7.918119 1
44.049718 19.568659 8.771389 15
44.975418 19.582959 8.885629 15
45.460318 19.946659 8.084359 7
46.379818 20.388559 7.725919 7
46.324718 20.990959 8.443279 10
47.069918 20.431859 8.490359 7
47.220318 20.154259 9.385469 12
47.646218 20.984759 9.275129 12
47.260518 21.506559 8.597229 1
47.915818 22.003659 8.054379 10
46.889818 21.941659 7.728479 7
47.185418 21.790759 6.857319 7
46.833218 22.643759 6.795969 16
47.669118 23.015659 6.495749 1
47.956118 23.415859 7.265129 10
48.084118 24.274459 7.574539 3
48.139818 24.560259 6.658459 11
47.289618 24.969959 6.847829 7
46.890218 24.872159 7.767229 1
46.177918 24.383259 8.133649 1
45.903218 23.437259 8.347839 12
45.850618 22.729159 7.683709 5
45.472418 21.881559 7.689859 7
45.279118 20.954159 7.644589 7
44.261618 20.886259 7.646769 15
43.384618 21.129959 7.407849 15
42.532018 21.621859 7.346169 12
42.873918 22.107159 6.543719 7
43.542218 21.542259 6.110379 1
43.314418 21.168259 5.218789 9
43.367618 20.513059 5.925949 12
42.597618 20.439159 5.393689 10
43.122418 19.848259 4.835829 4
42.299218 19.326359 4.811019 1
41.773218 18.676859 4.412639 16
41.976318 18.081359 3.703739 7
41.740118 18.768159 3.006499 1
42.310118 18.269959 2.518979 1
43.093718 17.563559 2.610569 15
43.796218 17.403159 3.356029 1
43.151118 17.418259 4.105419 4
42.975718 18.195659 3.562769 7
43.265018 19.176259 3.722209 1
44.123618 18.862859 4.009199 1
44.996418 18.898959 3.617409 1
44.890218 18.093859 4.158279 1
45.716518 18.429059 4.521849 1
45.398018 18.704359 5.446419 1
44.712118 19.246659 5.910219 10
45.376418 19.059059 6.596089 7
45.052618 19.193059 7.491939 7
44.841418 18.278359 7.627669 12
44.174518 18.411759 8.264109 15
43.293518 18.435559 7.870999 10
42.538418 18.875859 8.056989 11
42.503018 19.803659 8.146659 15
41.515918 20.038859 8.056959 11
41.868918 20.111159 8.900369 10
42.622418 20.742459 8.824399 15
42.147318 21.404459 9.328439 12
42.741418 22.191459 9.220109 7
41.762918 22.422259 8.968659 12
41.111418 22.565759 9.720859 12
41.481718 22.922859 10.488119 10
42.023718 23.769459 10.576409 7
42.908218 23.582159 10.877559 7
43.461718 24.336859 10.783149 7
43.252418 25.238059 10.622199 13
44.192618 25.062559 10.658189 9
44.117718 24.570559 11.446809 7
45.023118 24.939459 11.901609 13
45.714918 25.496759 12.286409 7
46.174618 24.644359 12.351309 13
45.906718 23.699459 12.325409 9
45.912018 23.704659 11.385109 16
45.010318 23.183459 11.145709 7
44.366718 22.903659 10.480799 7
43.667118 23.442759 10.204169 7
43.852318 24.172959 9.604529 7
43.443818 24.999259 9.556939 16
43.304218 25.763459 8.995959 16
43.622018 26.304059 9.705819 12
43.111218 26.341859 10.576969 7
43.770118 26.988459 10.686119 16
44.452118 27.016359 9.977669 6
43.797518 27.751659 9.611039 7
43.029118 27.844559 9.013559 16
42.437918 28.113259 8.250459 11
42.107618 28.377559 9.170699 14
41.877418 29.213159 8.637169 15
40.944918 29.063159 8.703199 1
41.071918 29.064359 9.710359 10
41.028818 29.419959 10.618739 12
40.303318 30.043959 10.580779 7
39.395518 30.072559 10.987809 1
38.994618 29.282559 11.322809 4
38.401518 28.640959 10.882109 7
38.190718 28.513559 9.961649 4
37.259818 28.467859 9.832079 1
36.576718 27.967659 10.335529 5
37.301718 27.625059 10.933199 12
37.161918 26.700659 11.303109 15
37.670218 26.619459 10.449609 1
37.802718 26.970459 9.571229 11
38.524718 27.012559 8.797799 7
38.457018 27.575359 7.999969 12
38.213318 27.370659 7.060739 4
38.482218 27.005359 6.154829 11
39.423418 27.142959 6.007549 7
39.594118 28.151159 6.057859 11
40.083418 28.026759 5.197199 7
39.234218 27.854459 4.933029 16
38.723218 27.067259 4.734669 7
39.645818 26.911059 4.879149 16
40.176418 26.134859 4.685419 10
40.671918 26.254559 5.574829 15
41.568618 26.497659 5.515729 1
42.448518 26.205759 5.308509 7
42.284218 26.581559 4.475359 10
42.516618 27.278959 3.824459 10
42.444318 26.893359 2.913929 9
43.419918 27.147659 3.156779 14
44.176018 26.515059 3.315669 16
43.807318 25.629959 3.321919 7
43.544018 25.683659 4.279699 15
44.498118 25.388359 4.454449 1
45.107018 24.622859 4.392559 1
45.970618 24.862159 4.700709 16
45.495018 24.185159 5.248909 12
44.924418 24.613459 5.955499 13
44.097118 24.795159 5.560779 12
44.617118 25.648559 5.559679 7
44.750818 25.797359 6.505589 13
44.987918 25.754259 7.486379 1
44.404318 25.607759 8.307689 7
45.043718 24.903659 8.519099 1
45.003018 23.969059 8.621629 10
45.243818 24.037859 9.530679 7
45.353418 23.256059 10.128609 7
46.009218 23.235159 9.390859 12
45.459318 22.489159 9.130959 1
44.769218 22.256059 9.765129 7
44.459818 21.271259 9.739029 15
44.211018 21.814259 10.569019 7
43.524818 21.272859 10.220489 7
43.489718 20.807059 9.383559 15
43.298918 20.218159 10.131649 15
43.146618 20.597859 11.054509 7
44.173018 20.700459 10.970809 4
44.682418 21.340059 11.333909 7
44.789518 20.417659 11.677209 11
44.638718 19.668459 11.074609 9
44.693718 19.195059 10.272839 15
45.123918 18.800659 11.004309 6
45.407618 17.891459 11.318009 7
45.493318 18.561859 12.044409 16
45.698118 19.097159 12.757709 11
46.422918 19.687859 12.387209 11
46.667018 19.625059 11.435909 12
47.422618 20.251759 11.247709 12
47.844418 20.310759 12.079109 7
48.209018 19.857559 12.925209 1
49.146018 20.079259 13.067909 16
48.719018 20.785259 13.560809 1
47.957018 20.555759 14.084709 9
48.865118 20.449459 14.533209 7
49.013318 19.935559 15.312609 11
49.866618 19.505059 15.301409 10
50.098218 20.224459 15.854709 7
51.057818 20.542859 16.034909 16
51.562218 20.768859 16.916209 13
50.771718 21.012559 17.453109 4
49.913918 21.179859 17.957209 16
49.077018 20.834559 17.769009 5
48.989918 21.465259 17.095009 16
49.838818 21.519359 16.653509 10
50.265618 22.422659 16.814609 7
51.018418 22.133059 17.368109 12
51.633518 22.167659 16.607109 14
50.995718 22.830959 16.228509 7
51.579018 23.673459 16.180509 1
51.772018 24.519559 16.586209 12
52.534118 24.017559 16.932309 10
52.282518 23.964459 17.807509 16
51.575818 24.158659 18.414609 16
51.682518 23.182959 18.258209 7
51.435918 22.601859 18.965109 1
52.173318 22.424359 19.556809 7
51.494318 22.323759 20.207809 16
51.173318 23.158259 19.781909 1
50.245418 23.320159 19.967209 15
50.322518 24.212959 19.816709 12
50.062218 24.847959 19.154009 7
49.186518 24.847059 19.640909 7
48.245318 25.134559 19.697709 1
48.138818 25.810459 18.978009 1
48.052618 25.708759 18.055309 1
48.420418 25.366359 17.202609 1
47.440218 25.430859 17.275809 15
46.664318 25.559759 16.802709 1
46.710118 24.925359 15.983109 10
46.189318 24.062459 15.993609 15
45.915718 24.407759 15.076709 12
46.532218 24.467559 14.318809 7
46.230018 24.116659 13.467909 13
45.484618 24.066059 14.044409 13
45.250418 23.186359 13.678209 12
44.705918 22.712459 12.946209 15
44.770518 23.263759 12.146909 7
45.408418 22.524859 11.903909 7
46.189618 22.555959 11.339909 8
46.130518 22.589659 10.302379 7
47.016818 22.980259 10.227579 13
47.528418 22.600359 10.929309 5
47.522718 21.637359 11.096609 12
48.410218 21.322659 11.372009 16
49.205018 21.855059 11.199409 11
50.104218 21.441659 11.421009 7
50.967218 21.994659 11.415209 16
50.495418 22.818659 11.106909 1
50.382018 22.237659 10.256059 12
51.283918 21.906259 10.435139 7
50.726818 21.246059 10.094779 1
50.752818 20.613059 9.389759 11
49.878018 21.073359 9.014029 11
48.909618 21.007759 8.741019 12
48.438718 21.104259 7.830499 7
48.723818 21.727259 7.187999 9
48.203818 21.047859 6.697399 7
48.180618 21.766059 5.988289 1
47.934918 22.340859 5.283459 11
47.118918 22.446459 5.777429 16
46.567518 21.770459 6.106039 7
45.913918 22.504859 5.952769 14
45.110618 22.023359 5.767859 16
45.251118 21.144059 6.348599 7
45.450718 20.769359 5.476059 16
46.216318 20.610959 6.052999 7
46.670118 20.916359 5.215579 7
46.354018 21.799259 5.012069 9
46.752718 21.899159 4.148869 15
47.481318 22.603059 3.916919 7
48.044218 22.947759 3.199809 16
47.677818 22.765959 2.377559 5
46.148318 23.062759 2.904179 10
45.182818 23.091559 3.235879 1
44.786018 22.244859 3.117259 1
43.912418 21.903159 3.408649 15
44.092818 21.090659 3.794829 10
44.287818 20.174659 3.612319 12
44.959018 20.614459 3.070859 15
45.906818 20.745759 2.825519 1
46.410618 20.074559 3.300369 7
46.695018 19.369659 3.930489 1
46.236118 19.941959 4.535299 12
45.962718 19.673459 5.386809 15
46.257218 19.501059 6.268449 7
46.702618 20.168159 6.770569 7
47.645718 19.991059 6.659699 7
48.422818 19.568859 6.985999 11
47.986418 18.903759 7.632769 7
48.014518 18.524759 8.536509 12
48.476118 17.858359 7.985659 16
48.150318 17.157759 7.299709 13
48.018918 16.836359 6.437969 7
47.578818 16.160359 6.913149 11
47.827918 15.374059 7.447889 6
48.727818 15.596659 7.988769 1
48.693518 16.553259 7.949469 16
48.480218 16.660259 8.952259 16
47.748618 17.258659 8.600739 12
47.320318 17.766159 7.860989 13
46.908218 18.706159 7.849439 7
47.138918 19.669759 7.665789 7
47.798818 19.598959 8.375369 12
48.591618 20.007559 7.943649 9
49.543518 20.165459 7.955079 11
49.983718 20.761959 7.318429 11
50.713918 21.538959 7.194479 15
50.201218 22.015259 7.874139 4
49.919618 22.750459 7.307509 8
50.166318 23.684959 7.506599 7
50.880118 23.251959 7.073159 16
50.883718 22.501559 6.525249 15
50.329318 21.895659 6.068269 15
49.860718 21.023359 6.289549 7
50.477318 20.292959 6.380409 11
50.662518 19.735959 5.674409 7
51.263118 20.236159 5.147409 12
51.110118 21.168359 5.301019 15
50.871518 21.447559 4.431459 1
50.045118 21.511059 3.983279 1
49.236018 21.089259 3.694469 1
48.350818 21.069959 3.349699 1
48.134418 20.712459 4.205539 1
47.668018 20.588759 4.997269 7
48.222618 20.372659 5.721029 7
49.131918 20.210359 6.066419 1
49.293718 19.424859 5.655589 11
48.694918 18.604459 5.529939 1
47.963118 19.062959 5.956459 7
47.702318 18.767959 5.084459 1
46.952518 18.813659 5.662259 7
46.897018 18.023359 6.159469 16
46.206418 18.380659 6.799829 7
46.506618 17.507859 7.129509 5
46.182918 17.610859 8.131009 16
45.861618 18.586059 8.215249 7
45.505618 18.682159 9.119179 15
46.289018 18.094959 9.281529 14
46.769418 18.916259 9.392609 12
45.971518 19.453959 9.489369 7
45.752018 19.485059 10.427189 16
46.159818 20.299559 10.209029 12
45.327118 20.486159 9.620029 15
45.295418 20.764259 10.559979 16
46.055318 21.427059 10.385989 7
46.550018 21.108359 11.149809 12
45.970218 20.569059 11.754409 11
45.682618 21.417459 11.506109 7
45.627018 21.669359 12.467009 12
45.627718 21.125859 13.238809 11
46.172418 21.748859 13.722109 1
46.937818 21.590559 14.237809 7
47.501518 21.522059 14.969409 1
47.731618 22.383059 15.288309 12
48.618318 23.321359 13.831509 16
48.642518 23.833259 14.728209 11
49.582818 23.607859 14.272409 13
49.660518 24.598659 14.159809 16
50.387718 24.340659 13.642309 12
49.880018 23.695959 13.204209 7
50.310918 23.001459 12.630009 1
51.002718 23.272559 11.969109 1
51.418618 23.626159 12.754509 12
51.973618 24.090959 13.389109 5
52.670518 24.761459 13.222209 7
53.053318 25.296759 12.553809 7
52.419518 25.870459 12.105809 8
51.897118 25.512859 11.297409 8
51.207118 26.175359 11.168009 16
50.308318 26.041059 10.926569 1
50.892318 25.682959 10.267349 12
51.520818 25.282559 9.729289 7
51.321818 24.425659 9.214639 13
51.776718 23.773159 8.702599 12
52.117318 23.022159 8.309899 7
51.317918 22.632259 7.920259 15
51.194418 22.763459 8.923369 9
51.750218 22.435659 9.613119 7
51.908118 21.459859 9.333749 15
51.475518 20.901659 8.662129 11
52.244418 20.766659 7.945719 7
51.529018 20.134959 7.846899 11
51.549318 20.790259 7.133729 15
51.700318 19.867659 6.869209 11
52.285318 19.794959 6.096929 7
52.316618 20.106459 5.189379 1
52.073818 20.944959 4.588789 7
52.109018 21.663459 5.252559 15
53.047518 21.581559 5.534519 7
54.021218 21.920559 5.602599 1
54.408118 21.162459 5.214679 11
54.351218 20.796559 4.390159 7
54.252918 21.051259 3.464469 10
55.069218 21.317559 2.817329 1
54.954718 22.047959 2.235479 1
54.257618 21.508459 1.858844 16
54.317518 22.040659 1.058785 16
53.783118 21.258559 0.962774 12
52.905218 20.923759 0.738672 1
52.732818 20.580259 1.631788 16
53.335018 21.012859 2.221869 7
52.427818 21.237359 2.478719 1
52.032918 22.017959 2.037279 16
51.344918 21.665459 1.425518 1
50.491518 22.040459 1.800504 16
50.707218 22.715359 2.361369 14
50.987318 22.722259 3.309359 1
50.866718 22.999759 4.311439 1
51.825918 22.727059 4.575799 15
52.828618 22.876659 4.551929 12
52.540918 23.792259 4.409409 12
52.722418 23.996559 5.343819 1
51.810118 24.256059 5.385499 5
51.346618 23.442759 5.563249 15
51.735418 23.864959 6.310879 16
52.438918 23.298859 6.720839 16
51.958118 22.533059 6.221529 15
52.837518 22.319359 6.608009 1
52.464518 21.391259 6.411189 15
53.216718 21.110959 6.942129 12
54.144318 20.821859 7.151389 1
54.127918 20.721759 8.165969 16
54.977518 20.543759 8.564399 8
54.370318 20.427759 9.262749 16
53.448718 20.514259 8.920029 16
52.603718 20.100059 9.036559 11
52.512118 20.063259 9.952549 7
52.198118 19.250459 9.624169 11
51.853318 18.428359 9.958209 16
51.627218 17.921359 10.709079 16
51.688118 18.413559 11.543509 13
50.840818 17.998859 11.302009 16
49.938418 18.325659 11.012409 8
50.240918 17.475159 10.701929 16
50.836918 17.356859 9.956679 16
51.139118 18.088559 9.250639 16
51.525118 18.711459 8.694699 11
52.469518 18.681159 8.304399 1
53.054718 18.184559 7.741419 1
53.221818 18.655559 6.896669 7
52.572518 19.293959 7.289879 11
51.955818 18.721059 6.770069 1
52.064718 18.834359 5.793109 1
51.037718 18.547359 5.788389 1
50.715118 19.082659 6.554119 11
50.390218 18.654159 7.329729 11
49.658118 18.051959 7.575019 16
49.299218 18.010559 6.597319 1
49.529818 17.111859 6.957349 1
49.751318 16.538359 7.725629 16
50.604118 16.607359 7.169739 16
51.106818 15.964159 6.686049 1
50.200318 15.877559 6.409089 15
49.670718 15.461959 5.721429 12
49.545218 15.319759 4.818309 11
50.450918 15.365459 5.102019 15
50.972218 15.223059 5.887259 16
51.368718 14.360959 5.580089 5
50.638418 13.740759 5.522289 12
50.948718 13.775959 6.454629 7
50.404818 14.609959 6.915409 16
51.196518 14.153059 7.327279 5
50.896718 14.825459 7.888319 1
50.126518 15.469659 8.253669 16
50.628318 15.055259 9.030609 12
50.574418 15.931359 9.224089 16
49.861718 15.489459 9.765329 16
49.924918 14.657459 10.128769 13
50.819318 14.606859 10.572649 15
51.078518 15.118659 11.450909 1
50.969418 15.836759 10.770579 16
51.165518 16.342159 9.974179 16
51.655218 15.856159 9.243109 7
51.878718 16.154459 8.352579 16
52.378318 16.626059 9.015679 16
52.808718 17.086959 8.302509 15
52.130718 17.669459 8.728899 16
52.746618 18.045359 9.322729 16
53.184318 18.514959 10.049049 15
52.689118 19.170959 10.571499 1
52.719318 19.893759 11.232709 1
51.818218 20.061459 10.985609 1
51.424718 19.367059 10.486849 16
50.846118 19.635459 9.786549 11
50.418618 18.939259 9.245569 16
50.704118 19.268259 8.394929 11
49.806118 19.247659 8.061109 11
49.658418 18.412759 8.570849 16
49.183518 19.109659 9.033559 1
48.894518 19.459359 9.902119 12
49.627318 18.844259 10.058039 16
50.132518 19.387459 10.659109 16
49.953818 20.138959 10.050359 11
49.207618 20.483759 10.461739 1
48.355618 20.783059 10.199369 12
47.989218 19.878059 10.307329 12
48.638018 19.936559 11.027909 11
48.456018 19.049159 11.285809 1
48.824018 18.306859 11.878909 16
48.276718 18.090559 12.729809 15
48.764118 18.731359 13.263609 7
48.603318 18.506159 14.231709 8
48.750818 17.772559 13.608009 5
48.233418 17.042659 13.209809 8
48.594018 16.318859 13.730309 15
49.096918 16.121859 14.510009 12
50.055718 15.821159 14.180509 1
49.881718 15.855059 13.238509 16
49.997618 14.948759 12.910309 8
49.732318 15.136659 11.961609 15
49.324118 14.314559 11.551709 1
49.037818 14.468459 10.556299 5
48.106518 14.608459 10.403809 1
47.211418 14.861959 10.591469 1
47.297518 15.842959 10.389299 1
47.074418 15.952759 11.358109 1
47.773218 16.556259 11.379009 9
47.584718 17.469059 11.749809 1
47.047618 17.956759 11.205409 1
47.466318 17.564259 10.429969 7
47.328918 18.444859 10.336439 12
48.181418 18.226559 9.967869 12
48.895418 17.917959 9.432319 16
48.903018 17.466059 10.324099 14
49.286218 16.961359 9.599919 16
49.100718 16.108559 9.957329 16
48.772318 16.427359 10.745019 13
48.928118 15.770459 11.432009 15
49.734118 15.712759 10.941989 16
50.312118 16.414759 11.346009 16
49.576018 16.629359 11.970509 8
50.209318 17.010959 12.496609 1
50.986918 16.676859 12.072709 16
51.836618 16.910159 12.568609 5
51.986818 16.563359 11.610909 16
52.414918 15.785259 11.385309 7
53.111718 16.401559 10.897539 5
53.075518 16.894559 9.915539 16
53.270218 17.615559 10.520629 11
52.649918 18.138059 11.188009 7
52.326118 17.253659 10.885349 16
52.043418 16.444059 10.434619 16
52.365918 15.649859 9.999659 1
52.860018 15.329659 9.205909 15
53.789618 14.860859 9.075229 16
54.008118 15.205759 8.227259 11
54.170418 15.151959 7.275979 16
53.620918 14.335959 7.166589 12
54.109918 14.169859 6.300539 15
54.393518 14.913559 5.687249 1
54.020918 15.801659 5.575749 1
53.593018 16.061359 6.455689 16
53.654518 16.560859 7.263469 11
54.276818 17.104159 6.660459 16
55.198518 17.221459 6.296019 15
55.999318 16.906759 5.755349 12
55.791418 17.698359 5.183809 1
55.901218 18.609959 4.916369 1
56.367518 19.308359 5.422479 12
55.498618 19.751259 5.505479 1
54.534518 19.544259 5.377429 1
54.930418 18.794959 5.812529 16
54.823618 18.165459 5.121009 1
53.946618 17.786859 5.441259 16
53.205218 18.432059 5.321819 5
52.712418 17.613359 5.386779 7
52.241118 17.700559 6.218999 1
51.995018 17.608059 7.175299 7
51.540618 17.168259 7.852599 16
51.126018 18.072359 7.969739 11
50.469318 17.548659 8.537319 16
50.162118 16.898859 9.150089 16
