3.701348 3.440639 49.790468 1
4.200248 3.452649 48.979018 3
4.118648 2.907529 48.194618 1
4.272948 3.842529 47.890458 1
5.198148 3.720969 47.923118 12
5.787848 3.484119 47.207948 2
4.900748 4.007439 46.918678 1
4.009248 3.822279 46.809728 14
4.420048 3.502029 46.073458 2
4.047248 3.824639 45.180658 4
3.361548 3.123929 45.156258 1
2.627048 3.442109 44.614458 1
2.091248 4.086509 44.131058 1
3.005848 4.318869 43.739058 1
3.961348 4.256079 43.295658 16
3.994248 4.407129 42.327558 8
3.965248 3.698319 41.555358 2
3.817948 3.207949 40.782158 15
4.335548 2.796989 41.455658 14
4.846148 2.361379 40.778158 9
4.446648 1.523349 40.472458 2
3.913248 2.219899 40.139158 2
3.758048 2.452479 39.179958 15
4.082248 3.433419 39.049558 1
3.775048 3.252949 38.119758 8
3.970648 3.243919 37.182858 11
4.172648 3.617549 36.301758 13
3.494448 3.425719 35.619758 5
3.027148 3.687789 36.438258 1
2.438248 2.988989 35.971358 9
1.511748 3.256819 36.206458 2
1.841848 2.523809 36.804158 14
1.451548 1.907229 37.493758 14
0.626748 1.384039 37.316958 14
-0.304652 1.604159 37.211858 2
-0.949552 1.550139 37.905958 8
-0.740452 0.614639 38.085158 12
0.086748 0.276039 38.473958 6
0.713548 0.195129 37.680358 14
1.082448 0.009029 38.508458 6
1.880448 0.224299 37.990958 14
2.073448 -0.521591 38.643958 2
1.447248 -0.320741 39.429858 6
0.644748 -0.479631 40.050258 1
1.475248 -0.831771 40.580258 2
1.708748 -1.492141 39.853958 2
1.931148 -2.104541 40.644958 11
2.619148 -2.157941 41.260658 5
2.557648 -1.153011 41.271758 2
3.490548 -1.574641 41.082158 5
3.463948 -0.699391 40.783458 2
3.590648 -1.186031 40.015958 2
4.095548 -2.030841 39.874958 1
3.255448 -2.376741 40.295558 1
2.467848 -2.478141 39.790458 3
2.710848 -1.583841 39.567258 2
3.462548 -1.827141 38.955958 2
2.879748 -1.487341 38.277158 2
2.535548 -2.420641 38.479958 7
1.618848 -2.711741 38.422258 5
1.652348 -1.835141 37.838458 8
2.010148 -2.194141 36.973258 1
1.903348 -1.204321 36.735158 14
1.099748 -1.176211 37.256358 15
0.465048 -0.496251 36.834158 14
-0.307352 -0.271281 36.218058 2
-0.435452 -1.007841 36.861358 1
-1.308952 -1.227341 36.449958 8
-1.476152 -0.602531 35.722258 2
-0.988952 0.183369 35.293958 9
-0.530852 0.910359 35.728258 1
0.346148 1.195599 35.793358 14
1.205148 0.947689 35.509458 14
1.016048 1.348819 34.669758 1
0.420848 2.047029 34.247758 9
-0.085252 2.296199 33.498858 11
-0.879252 1.751399 33.704558 15
-1.802752 2.005139 33.619358 2
-2.441152 2.513679 34.288658 2
-2.097252 2.927769 35.118458 14
-2.012452 3.704979 34.551558 1
-2.122452 4.652539 34.298558 12
-1.599852 4.346069 33.488158 14
-0.824152 4.647759 33.035358 1
-1.000152 5.575079 33.231158 6
-0.844952 5.999029 32.351358 10
-0.295952 6.780709 32.537758 2
-0.737152 7.596419 32.522758 8
-0.902652 7.262229 33.424358 8
-0.238752 7.031619 34.171958 2
0.738148 6.819199 34.523258 1
1.625748 7.080449 34.976858 1
2.260448 6.436859 34.605558 2
2.320648 7.063449 33.855858 1
3.201248 6.645569 33.639358 14
3.370248 6.541219 32.679958 1
2.556848 6.004799 32.753958 7
2.033648 5.164169 32.982958 1
2.742548 4.554459 32.545958 1
1.809648 4.155939 32.527458 1
1.519548 3.307069 32.103058 2
2.463748 3.424109 31.927858 3
3.020448 3.493129 32.785958 1
3.808748 3.862839 33.228658 2
3.535148 3.148369 33.860058 1
2.975348 2.352549 34.264458 5
2.784048 1.937989 35.172558 2
2.254648 1.524079 35.844558 14
1.953548 0.768629 36.393758 14
1.599248 0.936739 37.270958 14
2.433148 0.480369 37.269258 14
3.074948 0.170929 38.041558 2
3.265348 1.008089 37.548658 14
3.924248 1.305659 38.187458 2
4.728848 1.591479 37.641558 11
3.976548 2.111929 37.148658 2
3.383948 2.030399 36.362858 14
4.263948 1.931409 35.986458 5
4.229148 1.043509 36.346158 14
4.872348 1.060059 35.591258 5
4.894348 0.142059 35.902458 8
4.694548 -0.115091 36.832858 8
4.839748 0.461779 37.613158 15
4.605548 0.646249 38.548058 2
4.638048 0.389089 39.467958 2
3.931748 0.683629 40.049558 2
3.113648 1.146139 39.808258 2
2.518748 1.833319 40.058358 15
2.018748 1.381189 40.754858 8
3.243448 2.210769 40.956258 6
2.586948 2.415029 41.579858 9
2.181348 2.839679 40.741158 15
1.524948 2.351719 41.251258 1
1.372048 3.293629 41.475858 1
1.145148 3.666369 40.565158 8
0.379548 4.081309 40.258758 14
0.068348 3.307849 39.749858 2
-0.800952 3.685759 39.807658 9
-1.040852 4.017989 38.941458 8
-1.287052 4.149039 38.059958 3
-1.317752 3.211859 37.741458 1
-2.063152 2.712339 37.543758 2
-2.217352 2.551389 38.466458 12
-1.904452 2.689339 39.355558 8
-1.697752 1.685999 39.428558 12
-0.852852 1.946409 39.098958 2
-0.173752 1.238079 39.015858 6
0.371248 1.730819 38.462158 14
0.755848 2.545519 37.951258 2
0.005848 3.081079 38.221558 2
-0.280452 3.607089 37.495858 5
-0.274852 4.667429 37.356358 2
0.068048 5.299329 37.947758 1
-0.390952 5.938479 38.520358 5
-0.229852 6.343899 37.699158 1
-1.025152 6.769669 37.987258 2
-0.449952 7.443579 38.381958 11
0.539548 7.217939 38.319158 1
1.049948 7.327389 39.086958 6
1.116648 6.401329 39.256058 5
0.953448 5.588829 38.705458 2
1.093548 5.402229 37.759858 2
1.765648 4.797449 38.098158 1
1.457648 4.542169 39.010958 1
2.121148 4.676159 39.681258 14
2.215448 3.665659 39.844258 15
2.524948 3.352389 39.051558 15
2.686748 3.209539 38.111358 3
2.317848 2.365619 37.787158 14
3.146048 1.937869 37.915958 14
3.141148 1.438259 38.786058 2
2.674748 2.305979 38.947758 15
1.772948 1.924169 38.765058 14
1.341048 1.348559 39.441858 6
1.985148 0.697289 39.022858 14
2.664048 0.181769 39.513458 2
3.419748 -0.175781 39.877258 2
4.124348 -0.476121 39.276458 2
4.300848 -1.158791 38.538358 14
4.105048 -0.275291 38.242358 2
3.802448 0.005559 37.374058 1
3.735948 -0.323801 36.436658 8
3.362048 -0.088441 35.615758 14
4.105348 -0.594471 35.242558 8
4.435648 -1.372341 34.786258 1
5.264248 -1.117461 35.249258 8
5.465348 -1.717341 34.528458 2
5.663248 -2.233741 33.796758 14
6.616348 -2.210741 33.859358 9
7.118948 -2.913141 34.263258 5
6.878548 -3.736441 34.833358 2
6.728648 -4.466941 35.381958 8
6.152548 -4.960641 34.772758 9
5.274748 -4.545841 34.979558 2
5.506048 -3.817841 34.320358 4
5.709548 -4.177541 33.433758 2
6.506348 -4.588541 32.967558 1
6.724248 -4.104941 32.194658 2
6.612248 -3.444741 31.469258 2
6.044448 -4.293641 31.289258 14
5.483848 -3.806141 30.631258 1
4.685948 -4.384541 30.569058 3
4.156748 -5.150741 30.239658 2
3.580248 -5.580941 29.609758 2
4.222048 -6.230441 29.514158 1
4.678248 -7.028941 29.658558 7
4.877448 -6.791641 28.702458 2
4.159848 -7.184341 28.174458 3
3.283148 -6.782441 28.053758 1
3.178148 -5.887641 28.335058 2
2.647848 -5.238441 28.877358 12
1.859448 -5.803841 28.842658 10
1.103448 -5.500141 29.351258 14
1.825448 -5.394841 29.916958 2
2.325948 -4.527541 30.120758 1
3.274948 -4.445341 30.249158 1
3.551048 -3.613041 29.833958 2
4.053148 -4.387141 29.453858 6
4.478848 -5.203641 29.289358 8
4.469048 -5.428441 28.303558 8
5.024248 -4.644941 28.495258 3
5.054348 -3.835841 29.200858 2
4.620948 -3.051041 28.962158 14
3.867948 -2.432641 29.037558 6
3.162548 -2.996141 28.548858 3
2.423648 -3.214141 27.894258 3
1.961548 -2.351141 28.042558 8
1.553548 -2.000741 28.889958 2
1.505948 -2.125841 29.862758 14
1.938048 -2.547941 30.610958 2
1.963648 -1.501541 30.579558 9
2.850748 -1.658441 30.315258 8
3.630048 -1.115581 30.592558 1
3.198248 -0.801641 31.398358 1
3.036848 0.008239 31.890258 1
2.511648 0.204049 32.710558 7
2.790948 -0.598781 33.180758 1
3.022548 0.114199 33.766158 2
2.875348 0.838359 34.392958 14
3.354348 0.912159 35.228658 14
4.136748 1.427289 34.931858 5
3.679648 1.673959 34.028058 1
4.288748 2.391249 34.224158 5
4.550948 2.387709 33.300358 2
4.632448 1.380549 33.503658 3
4.904648 0.485009 33.749258 12
5.431348 0.157639 34.431758 2
6.005248 0.176499 35.229458 3
6.269548 -0.015371 36.240058 15
6.120448 -0.140171 37.206258 8
6.056848 -0.021641 38.164058 2
6.289748 -0.238701 39.050958 2
7.056148 -0.585961 39.321558 2
8.036848 -0.985311 39.223458 11
7.621548 -0.829451 38.326258 2
7.695848 -1.765741 38.225358 4
7.451248 -2.576141 37.759358 1
6.659548 -2.082741 37.851858 2
6.403748 -3.040041 37.963958 1
7.141248 -3.660441 37.750858 14
6.610048 -4.506641 37.799358 1
5.846848 -4.863441 37.322458 14
6.267748 -4.103441 36.922058 1
6.635648 -3.464841 36.325158 14
7.509848 -3.548241 36.797758 1
8.442148 -3.597441 37.214358 14
8.341448 -2.940941 36.524758 3
8.549148 -2.047541 36.535558 2
8.841948 -1.158731 36.509458 1
9.358148 -0.303481 36.769058 2
8.598648 -0.248321 37.324058 9
8.070148 0.365099 37.896558 2
7.499448 1.120979 37.889158 2
7.773748 1.807709 38.570758 9
8.348648 2.345629 38.050358 6
8.262948 2.985319 38.715758 6
8.006048 3.813989 39.240158 2
7.488448 2.973529 39.379958 9
6.573948 3.020039 39.513258 9
7.031348 3.420759 40.291258 6
6.722948 2.539159 40.497958 9
6.222348 1.743379 40.339558 9
5.869348 0.870869 40.069558 2
5.554548 -0.019751 39.804458 2
5.741248 -0.256141 40.682858 2
5.778648 -0.338841 41.641558 8
4.868148 -0.326241 41.320958 2
4.941048 -0.849141 42.177258 6
5.660848 -1.141061 42.702458 8
5.466948 -2.009741 42.878158 3
6.023248 -2.558641 43.508958 8
5.780248 -2.103041 44.360958 2
6.763948 -1.881941 44.474958 14
6.318548 -1.065901 44.501758 3
6.123248 -0.671701 43.632658 8
7.077948 -0.796571 43.719158 6
7.132748 -0.451961 42.850458 8
7.621748 -1.225941 42.420758 8
8.347448 -1.482541 43.019558 14
9.033548 -1.739441 42.397158 3
8.629048 -2.237741 41.663558 12
8.419948 -2.322341 40.664358 3
8.475948 -2.972441 39.938658 12
7.787048 -3.443741 40.400558 2
7.387148 -2.590841 40.131158 14
6.767048 -2.770341 39.315658 10
6.366448 -1.909041 39.110658 2
5.673548 -1.273741 38.943958 2
4.910848 -1.900841 38.768758 1
5.405048 -2.219541 39.560558 3
4.987248 -1.261041 39.690758 2
5.228048 -1.169131 40.623358 2
5.297148 -2.040541 41.113358 3
5.919348 -1.962241 40.336258 2
6.464148 -2.726141 40.468958 9
6.055648 -3.602141 40.499558 2
6.356948 -4.198341 41.184458 3
6.075548 -5.142541 41.104058 14
6.295348 -5.205741 42.024658 1
7.075248 -4.705941 42.176358 1
6.831448 -3.711641 42.183058 1
7.085848 -3.619041 43.083958 9
7.115948 -2.645341 42.873358 8
7.154848 -2.786341 41.965958 2
6.450848 -2.063441 41.921158 8
7.053548 -1.637741 41.258358 1
7.048648 -0.939151 40.508558 2
7.392448 -0.723671 41.401958 8
8.111748 -0.968081 40.821058 1
8.747548 -0.780671 40.164758 2
8.872548 0.028359 39.750758 6
8.503148 0.794799 39.439058 6
7.727448 0.195779 39.414058 2
7.761648 0.069869 40.405658 2
8.395648 0.164849 41.122358 8
9.064448 1.000679 41.216858 6
10.000748 1.031559 41.423858 1
10.345048 1.811369 41.971858 2
9.746848 2.608489 42.052058 7
9.857048 2.340769 42.947258 14
9.107248 2.952719 43.084358 1
9.130448 3.914879 42.931658 3
9.166848 4.911619 42.972858 1
8.441948 5.078849 42.295558 3
8.089348 5.862329 42.725958 2
7.153248 5.773109 42.613358 2
7.431448 5.952349 43.519858 3
7.198048 5.002669 43.694058 9
7.275348 4.470339 42.908158 3
7.591648 4.394259 42.000658 12
8.193648 3.941269 41.248458 14
8.775948 3.181029 41.109858 8
8.001548 2.629769 40.843058 14
7.853148 1.842439 40.198758 9
7.183748 1.103089 40.363558 2
6.852148 0.741469 41.179258 2
6.750448 0.075539 41.800958 8
7.024848 0.585259 42.543458 8
7.486348 1.110669 41.881258 14
7.016948 1.776679 41.304458 1
5.971948 1.735079 41.390858 1
5.251548 1.078579 41.558958 2
4.329948 1.029759 41.438158 10
3.913248 0.213029 41.046258 2
3.163648 0.024429 41.821458 2
3.623948 -0.473921 42.471058 1
3.677148 -1.349841 42.752858 1
3.361148 -2.335141 43.099658 9
2.428548 -2.171041 43.356258 1
1.826748 -2.881241 43.716258 2
1.262448 -2.251041 43.195958 3
1.845648 -2.542741 42.483358 9
1.221948 -2.954341 41.901958 2
0.268048 -3.004441 42.062058 3
-0.278552 -2.244041 41.783258 8
-0.172452 -2.264941 40.703458 2
-0.129152 -1.808241 39.873758 3
0.609548 -1.793641 39.365458 6
-0.085052 -1.551741 38.708358 6
-0.903152 -1.324941 38.308258 3
-1.380552 -0.689951 38.802558 2
-1.483452 -1.145421 39.631458 14
-0.555252 -0.710901 39.424958 8
-0.440352 0.237049 39.480658 6
-1.030252 0.914769 39.832158 2
-0.564952 1.356939 40.531458 8
0.256548 1.217399 40.147658 12
0.922548 0.621019 40.481758 6
1.847448 0.228299 40.361458 2
2.141848 -0.231331 41.161458 2
1.589648 -0.322021 41.866258 1
1.654448 -1.062841 42.433058 3
1.613648 -0.964631 43.359358 1
1.926448 -0.040971 43.411158 14
2.683548 -0.334361 44.042758 3
3.228248 0.482399 43.939658 4
3.739148 -0.236101 43.433158 1
4.400048 0.375669 43.018058 1
5.092948 1.126759 42.967158 2
5.912048 0.712619 43.418958 8
5.407248 0.948649 44.190758 12
4.482048 0.874519 44.373658 2
3.824048 0.669659 45.064358 14
3.582248 1.344689 44.468558 2
3.099848 2.153869 44.430458 14
3.547148 2.587839 43.731658 3
4.170248 3.232309 43.408658 2
4.950548 3.318289 42.866958 6
5.037748 3.984499 42.203458 9
5.546848 4.021769 41.348158 2
5.277448 4.159439 40.393958 1
5.346148 4.267309 39.482658 6
5.460548 3.349829 39.074658 9
4.996048 2.492169 38.731058 14
5.094048 1.543399 38.660058 2
5.162948 1.443199 39.623658 2
6.021548 1.596909 39.312558 9
6.740748 0.855249 39.216858 2
6.710248 1.557759 38.565658 9
6.333248 0.902749 38.077458 2
6.239848 0.991949 37.152358 10
6.881448 1.608089 36.838258 3
7.209248 1.425559 35.958858 3
7.672648 0.623299 36.121758 2
7.216848 0.403049 36.886758 3
7.166348 -0.347331 37.454558 2
7.585048 -0.686731 36.694358 1
7.448348 -1.102911 35.791658 1
6.650348 -1.037231 36.357358 8
6.187848 -1.111931 37.222158 2
5.495048 -0.878121 37.852758 2
4.789948 -1.138191 37.246558 8
5.187848 -1.782341 36.529358 8
4.493948 -2.165841 36.005858 8
4.652048 -2.589441 36.859358 3
3.690248 -2.642541 36.669758 7
3.479048 -2.365841 35.813658 2
2.724048 -2.507641 35.265058 3
2.831048 -1.543341 35.242158 4
3.531248 -1.187321 35.849058 8
2.926548 -0.874571 36.557158 6
2.374148 -0.157231 36.251458 14
1.479548 0.006609 35.850258 14
2.020448 -0.603391 35.296558 2
1.684648 -0.530781 34.369258 2
1.518948 0.418799 34.406058 14
0.571248 0.217489 34.660758 3
-0.151252 -0.424671 34.637858 3
0.116848 -1.370041 34.952958 6
-0.534452 -1.839341 35.536758 7
0.033148 -2.628241 35.453858 5
0.751148 -3.254841 35.117358 1
1.357848 -3.207041 34.312158 10
2.035248 -3.263941 33.650758 2
2.585948 -3.209741 32.789858 3
2.803848 -4.111641 32.577858 2
3.461848 -4.822241 32.983358 2
4.415548 -4.888541 33.195058 3
4.261948 -4.133341 32.639358 3
5.124248 -4.091441 32.328858 6
4.766148 -4.939741 32.089058 1
5.187548 -5.580841 31.557058 3
6.180948 -5.832541 31.431158 13
6.961548 -6.030541 30.861058 5
7.639848 -5.514541 31.300358 8
7.994248 -6.338241 31.678658 1
8.830748 -5.897141 31.417558 1
8.627548 -4.966041 31.436358 3
8.806348 -4.487241 30.614158 9
9.003048 -3.740841 30.024358 14
9.577648 -2.937441 29.976158 3
9.885348 -2.326841 30.741558 1
10.379448 -1.495341 30.811358 3
10.236748 -0.553901 31.039758 10
10.624348 0.159929 31.476858 1
11.154048 0.944319 31.531158 3
10.929348 1.595489 32.175658 9
10.892148 2.484889 31.841458 9
11.788348 2.108979 31.905158 8
12.685448 2.106899 31.556958 2
13.181948 1.963079 32.369858 1
14.046248 1.656369 31.963458 3
14.029248 1.173439 32.754658 12
14.076548 0.585829 33.578658 13
15.016448 0.205899 33.467558 2
15.865148 0.571549 33.226658 5
16.022248 0.502779 34.174658 4
15.835348 0.222409 35.082258 3
15.834348 -0.162881 35.965358 9
16.394648 -0.744361 36.498358 3
16.555948 -1.195621 37.401658 9
16.663748 -1.803641 36.711258 10
16.526748 -2.723741 36.847858 14
17.063048 -3.564441 36.731658 3
16.415148 -3.811541 36.067058 8
15.626748 -3.460541 36.486758 3
15.584748 -2.741941 35.768158 7
15.488748 -2.729241 34.842658 1
15.091048 -1.857341 34.842258 10
14.557248 -1.162431 35.258858 2
13.641848 -1.268041 35.416258 2
13.329748 -1.033991 36.314058 3
12.956748 -1.483541 37.050558 3
13.212248 -2.424241 37.042658 1
12.722948 -3.004441 36.381758 6
12.681148 -3.487841 37.221558 10
12.156348 -2.965141 37.896758 1
11.292248 -2.679641 37.553258 3
10.866548 -1.942041 38.012758 1
10.036148 -1.447241 38.194158 9
10.692848 -0.898711 37.699158 3
10.587448 -0.333891 38.492058 3
10.337348 -0.494551 39.372658 12
9.509148 -0.455111 38.884458 6
8.645748 -0.137551 38.588658 4
9.369248 0.065399 38.024258 9
10.145148 0.108949 37.526658 3
10.245148 0.816939 38.146758 6
10.847648 1.095779 37.351158 3
11.241248 1.987469 37.153058 8
10.818848 2.648089 37.704558 9
10.536248 2.636809 38.579558 6
11.199448 2.073439 38.891758 6
11.977648 1.502509 39.108958 13
12.689048 0.902209 38.839258 3
13.422348 1.522999 38.923758 5
14.082048 2.280529 39.023958 9
14.756748 2.446459 39.756658 14
15.080348 2.985119 39.017958 10
15.943348 3.008139 39.561458 3
16.898748 2.924869 39.403758 14
16.557848 2.244859 38.798358 5
17.218248 2.861299 38.365158 8
16.685748 2.658159 37.557158 5
16.614148 1.794439 37.174958 3
15.645848 1.698259 37.458358 10
15.666448 0.782179 37.141658 5
15.358948 0.163489 37.817458 3
14.812648 0.503229 38.563458 9
14.307348 -0.346411 38.851958 1
13.558648 -0.202321 38.188258 3
13.700448 0.431159 37.487258 3
14.298948 0.675969 36.738558 1
14.081848 -0.213871 36.368858 1
14.043148 -0.749551 37.196358 3
14.712448 -0.898101 37.914458 1
15.041448 -1.367641 38.768658 9
14.867148 -1.790341 39.608758 4
15.363148 -1.945241 40.388058 1
14.938648 -2.231441 41.206758 1
14.510648 -2.798641 40.508658 4
13.635448 -2.847641 40.275958 1
13.297748 -2.074141 40.785258 3
13.220048 -1.131341 40.701158 9
12.803948 -1.637141 39.954958 13
11.834548 -1.699841 39.753458 3
11.218948 -2.260041 39.222258 13
11.635448 -1.507141 38.714258 6
11.643348 -0.540571 38.526858 3
11.958248 -0.700601 37.590058 3
12.770848 -0.892481 38.129458 3
13.144348 -0.925231 39.027958 15
12.681048 -0.113041 39.119058 3
11.837348 -0.289131 39.531958 11
10.999848 -0.055671 40.079758 10
10.048048 0.235239 40.089258 6
10.458548 1.054179 39.847358 6
10.724148 0.625759 39.079558 6
11.587348 0.630069 38.597358 3
11.804148 1.058439 37.732458 3
12.676048 1.507139 37.737358 5
12.803048 2.387459 37.448258 1
12.995148 2.683839 36.517258 8
13.147248 2.055979 35.742158 3
12.259648 1.891889 35.414958 8
11.496748 1.477849 34.887258 4
11.203148 1.766119 33.940158 9
10.301648 1.839089 33.568258 9
10.683348 1.049289 33.127958 4
9.900248 0.634179 32.771258 3
9.717048 1.211029 32.040558 5
9.572448 1.961629 31.468458 9
9.570248 1.194029 30.942558 3
8.710948 1.185779 31.315458 12
9.036348 0.273359 31.292258 10
9.049548 -0.548461 30.783358 5
8.084448 -0.544681 30.955658 6
7.597048 -0.203881 31.799658 3
6.729548 -0.569081 32.114158 1
6.463248 0.340059 31.844858 3
6.775948 1.247189 32.295758 1
7.394148 0.562759 32.547358 6
7.507948 1.020859 33.306658 3
6.823248 1.198249 33.960258 2
5.924348 1.267059 33.652258 1
5.805848 1.986809 34.332758 5
6.075048 1.781599 35.252258 1
6.096048 1.876159 36.208258 3
5.500048 2.683229 36.124958 5
6.141648 2.870679 36.806058 3
6.249848 2.277129 37.550958 9
6.298048 3.233129 37.695658 9
6.564848 3.617499 38.506058 9
6.572348 4.486099 38.264158 13
7.085748 4.115239 37.471858 3
7.573448 3.531939 38.099658 9
7.282948 2.985189 37.245358 3
7.934848 2.932019 36.431558 3
8.398448 2.236009 35.992958 13
7.853448 2.386439 35.225058 3
8.258248 1.807479 34.558058 9
8.194048 1.014189 35.099958 14
8.911148 0.521259 35.562958 10
9.858048 0.521139 35.263258 3
10.686748 0.995529 35.446058 4
10.051148 1.478759 36.013858 1
10.460348 2.255089 35.626658 9
10.916648 2.810379 36.237558 8
10.593548 3.688089 36.031758 3
11.255348 4.414139 36.292258 1
10.614948 5.178109 36.192058 3
11.475448 5.516879 36.019258 9
12.389248 5.155779 35.968658 1
12.866948 5.513289 36.750658 4
13.282048 5.889679 36.010158 3
12.755948 6.694839 36.188758 1
12.917448 7.114839 35.319358 6
12.327148 7.725419 34.728158 1
11.663848 7.711599 35.331858 6
10.954548 7.306749 35.941658 11
10.135848 6.794539 35.794558 3
9.483448 6.675439 35.053358 3
10.330748 6.598299 34.578458 6
10.994248 5.899149 34.629258 5
10.732348 5.061259 35.019258 3
10.921648 4.818939 34.127458 5
11.699748 5.373099 34.225458 10
11.842948 4.914639 33.392558 5
12.067348 4.245839 34.095058 1
12.020448 3.907629 34.989158 3
11.269248 3.354429 34.631758 9
11.616148 2.752059 35.284158 8
12.385248 3.143439 35.606058 3
11.652148 3.475649 36.144158 5
12.003048 3.312819 37.046358 8
11.131648 3.624289 37.148658 12
11.406148 3.993679 37.960158 1
10.975248 4.747279 37.646658 10
10.440948 5.546279 37.508958 4
9.725248 6.067399 37.096958 9
9.603648 5.350089 36.502358 3
8.973848 5.202249 35.832158 3
8.313148 5.505329 36.466558 3
8.825248 5.419839 37.307158 15
8.587448 4.553489 37.752058 3
9.498648 4.743799 37.421858 14
9.854648 4.186189 36.742458 3
9.973748 3.200429 37.049558 1
9.191548 3.708589 37.425258 3
9.512948 3.740449 38.345158 6
9.551248 3.482399 39.301958 9
9.777448 2.539199 39.414958 6
8.840648 2.543459 39.829058 3
9.171748 1.733869 39.221458 6
9.241748 1.500849 38.303758 6
9.894548 1.923439 37.754158 6
9.220948 1.771239 37.093158 13
8.990748 2.721239 37.003458 9
8.965248 3.486979 36.361258 3
9.604248 3.142069 35.674058 3
9.526748 2.435349 35.003958 9
10.021348 1.613199 34.797758 4
9.103548 1.324849 34.683758 3
9.180648 0.823109 33.845658 5
9.354548 1.511259 33.136058 9
8.843748 0.831239 32.692658 3
8.778048 -0.106191 32.933658 1
9.651448 -0.598141 32.830758 1
10.263348 -1.100071 33.590058 3
10.168848 -1.950341 33.195558 10
10.444948 -2.523241 33.950558 5
9.842448 -3.160241 33.493658 1
9.832348 -3.317041 34.432458 1
10.025048 -2.971641 35.389058 13
10.837048 -2.914541 34.934458 3
10.871548 -2.291941 35.673958 5
10.608348 -1.391441 35.822558 1
10.624848 -1.056991 36.707658 9
11.167248 -0.279301 36.688058 3
11.991348 0.192309 36.880858 3
11.543048 0.749199 36.309358 8
12.198948 1.388959 36.644658 8
12.882048 0.767789 37.007558 3
12.798848 0.179739 36.271958 3
12.991848 0.974099 35.752858 4
13.146048 0.735719 34.814358 8
12.156048 0.360739 34.828158 3
11.934248 0.765339 33.990158 4
12.791748 1.097229 33.653558 6
12.851448 1.975109 34.025958 15
13.226348 2.589119 33.362158 6
12.301648 2.679109 33.093158 3
11.704548 3.108469 32.402158 9
10.468248 3.252889 32.567158 9
10.351448 3.690569 33.413258 14
10.013548 2.803559 33.476458 9
9.653648 3.136389 34.289158 9
9.218348 3.947769 34.798158 3
8.698048 4.290229 35.485558 3
8.015048 3.982269 36.064858 3
7.697848 4.647459 36.659358 3
7.758748 5.125489 37.518258 5
7.471348 6.024699 37.419158 13
7.698848 6.414959 38.382058 9
7.444848 7.115609 37.702958 13
7.381648 7.982845 38.196658 1
7.959648 8.748052 38.020358 4
7.459448 8.523881 37.164258 9
8.382848 8.598558 36.897858 1
9.329548 8.484518 36.736358 3
10.081548 7.843488 36.512058 6
9.301448 7.303219 36.601858 3
8.519048 7.525149 37.181758 10
8.199448 6.664809 36.654358 3
8.373548 7.050919 35.773258 3
9.098748 7.596999 35.425258 10
8.679148 8.479035 35.183858 1
8.000748 8.777809 34.561058 15
7.716848 8.345285 33.733958 3
7.581248 7.824977 33.019058 1
7.404948 6.856359 32.533458 6
8.015348 6.639809 33.264058 6
8.839848 7.131939 33.152158 6
9.608948 6.864779 32.630858 6
10.207948 7.101079 31.787358 9
10.228748 6.113519 31.750158 3
10.870648 5.818299 32.373558 5
11.718448 5.733009 32.787958 5
12.427848 5.380509 32.245158 3
12.523848 4.423769 32.348858 13
12.177548 4.389809 31.446358 5
12.912948 4.573859 30.844958 3
13.646348 5.176779 30.872158 11
14.442448 4.634889 30.903458 6
13.896948 3.968349 31.305058 8
12.967448 3.622429 31.409658 3
12.115648 3.191619 31.372858 9
11.857148 2.490289 30.854858 10
11.028448 2.908409 30.948758 9
10.527648 2.457149 30.294158 1
9.951448 2.858459 29.689658 1
9.466448 2.733119 30.482358 9
8.637448 2.533529 29.947958 4
8.611848 3.480029 29.656058 3
8.296548 3.283279 28.772658 1
8.836548 3.934739 28.287058 8
8.636248 4.811059 28.618358 1
8.761048 5.181139 29.486358 3
9.645748 5.372629 29.796958 3
9.778748 5.695839 28.879158 4
9.077548 6.274099 29.192258 3
9.882848 6.429629 29.705558 3
10.867248 6.555469 29.732158 1
11.157748 6.387959 30.592358 3
11.715148 7.205909 30.468558 15
12.258848 6.756799 31.300358 10
11.841148 6.034069 31.642058 6
11.098648 5.466609 31.329658 3
10.464548 4.977189 31.917058 5
9.832848 4.804059 31.213558 3
10.302748 3.953619 30.991158 9
9.367348 3.897169 30.720458 3
9.071248 3.685449 31.627758 9
9.954848 3.948809 31.932458 9
9.823448 4.510999 32.726658 5
8.831748 4.351129 32.463958 9
8.542248 4.876489 31.763758 3
8.188348 5.299349 32.555058 6
8.616148 4.907479 33.351258 1
8.036348 5.686829 33.652058 6
7.800348 5.759339 34.586358 3
8.291548 6.550599 34.532758 13
8.646748 5.876789 35.154858 3
9.152548 5.850489 34.336958 6
9.712748 5.029919 34.663558 3
9.942448 5.215039 33.654258 5
9.971248 5.779879 32.924658 5
9.361548 5.759779 32.208658 6
9.278948 5.822139 31.228558 3
9.612248 6.626119 30.749158 3
10.115348 7.289049 30.269058 13
10.011148 7.879691 30.970358 10
9.391448 7.951221 31.687258 1
9.061948 7.014549 31.491558 6
8.377848 6.997749 30.741658 3
8.128948 6.859659 29.838058 3
8.129648 7.858278 29.872358 9
7.393448 7.636169 30.416758 14
7.223248 8.475785 29.962058 4
7.322448 9.207843 29.327358 11
7.532248 8.63429 28.550558 3
7.486748 7.714359 28.291458 13
8.320748 7.209489 28.183558 4
7.739248 6.850359 28.835858 8
6.785048 6.530959 29.027358 4
7.033848 5.895239 29.691458 12
7.909848 5.415169 30.114958 3
8.159348 5.647379 30.978258 3
7.641248 5.984169 31.800358 6
6.616348 6.075049 31.710058 9
6.464748 6.532819 32.565758 6
5.846948 6.897799 33.174158 3
5.910648 7.556929 32.551858 1
5.907448 8.50611 32.388358 1
6.334948 8.40695 33.227758 1
6.703148 8.05119 34.042758 9
6.900848 7.196989 34.440758 6
7.546848 7.070919 35.126858 3
7.031748 7.220899 35.914258 3
6.241948 7.683099 36.201458 1
5.818748 6.917559 36.509858 4
5.741048 6.952159 35.540958 9
5.012048 6.281209 35.718458 10
4.483748 6.463459 36.447358 13
4.075948 5.617529 36.379758 3
3.817148 4.956859 35.710558 9
3.879748 4.953909 34.759158 10
4.357848 4.122679 34.681258 1
4.598848 3.202949 35.168558 5
5.109348 3.934729 35.673958 8
5.960048 4.076959 36.148158 8
6.402648 3.456379 35.526958 3
7.338548 3.303479 35.402458 3
6.691648 2.699959 34.972158 3
6.281248 2.968169 34.123258 5
6.560748 2.280509 33.475058 1
7.199248 2.321469 32.812258 15
8.060048 2.107779 33.204958 5
8.853548 2.472209 32.752958 9
9.055048 2.731729 31.899258 9
8.188248 3.056059 31.355858 10
7.446248 3.372389 30.796658 13
6.613648 3.525169 31.293158 3
6.652348 4.497949 31.392458 13
6.947748 4.796959 32.214558 6
7.664848 4.329389 32.597258 9
7.412648 4.158379 33.522358 3
7.477448 3.170149 33.628258 11
8.019848 3.136769 34.420058 3
8.688048 3.113359 33.658058 9
8.409948 3.960539 34.088958 13
7.917248 4.073529 34.884858 3
7.453248 4.827799 34.581858 3
6.965048 5.284929 33.848158 6
6.125748 5.604589 33.376058 6
5.929448 4.673829 33.396558 5
5.319248 4.080759 33.773458 15
5.594448 4.005549 34.657958 5
6.321348 4.691809 34.664758 3
5.929748 5.491559 34.825758 4
6.555348 6.142859 34.549258 6
6.962948 5.533649 35.132558 3
6.375948 6.043999 35.693358 6
6.949048 5.465849 36.148858 3
6.508948 4.709949 36.550458 3
5.820948 4.678599 37.226258 8
4.993748 4.916239 37.637458 5
5.413448 5.409009 38.325158 6
5.987548 6.004159 38.781758 3
5.459148 6.869429 38.852158 1
5.122048 7.243319 39.645258 1
4.731448 6.893349 40.435958 3
4.023048 7.292019 40.981658 1
4.239948 8.290808 40.896558 1
3.285648 8.512468 40.537258 3
2.581548 9.112836 40.104458 10
1.857048 8.482744 40.013958 1
1.609048 9.133533 39.382958 10
0.803348 8.781047 38.919758 1
0.708148 9.804059 38.929158 4
1.451448 10.145829 38.354058 3
1.039148 10.926139 37.986958 3
0.246148 11.569579 37.874658 1
-0.306552 12.378239 37.858158 11
-0.866552 12.542029 38.610358 9
-0.258852 13.244989 39.060058 5
-0.070452 13.350579 40.009658 6
-0.512252 14.089729 40.427958 10
-0.435652 14.962169 40.239658 3
-0.327052 15.652389 40.914658 9
0.600048 15.737359 40.832458 4
0.463948 15.525659 41.768758 5
1.215648 15.093329 42.140258 3
1.356648 16.019129 42.330058 9
2.300148 16.156089 41.912558 12
1.768648 16.050009 41.058658 14
1.562948 16.180189 40.077458 4
1.026248 16.467879 39.168658 3
1.446648 17.070009 38.484058 3
1.181748 17.853749 37.998458 8
1.700748 18.596609 38.391358 10
2.187648 18.959759 39.162058 10
2.168348 17.972289 39.357058 9
1.277448 17.780789 39.350658 13
0.980548 18.525709 39.990758 10
0.143148 18.489829 39.459258 4
-0.215052 17.619789 39.696258 6
-1.020852 17.323569 40.196858 13
-1.484952 17.348469 41.048458 4
-2.241152 17.570889 40.431558 6
-2.591752 17.799139 41.425158 1
-2.854952 18.687069 41.797558 10
-3.798552 18.535559 42.088658 13
-3.907352 17.625149 41.681058 13
-3.465452 17.033849 41.059358 4
-3.543852 17.772339 40.380958 1
-4.114452 18.332639 41.008658 13
-5.107252 17.919959 40.888758 6
-5.520952 17.662579 40.015958 3
-6.409852 17.379339 39.681558 4
-6.356352 18.247129 39.214558 10
-7.239752 17.804049 39.024458 4
-7.224552 18.687579 38.525658 4
-7.919452 19.148059 38.107358 5
-8.446052 19.884459 38.472658 3
-8.819052 20.258759 37.658258 13
-9.447152 19.465659 37.730858 1
-9.384452 19.618559 36.792158 5
-8.716752 18.873659 36.719558 11
-8.197052 18.237259 37.214658 4
-8.935052 17.858809 37.747558 3
-8.722752 17.007679 38.283058 4
-9.165252 16.609419 37.500958 11
-8.841452 16.528059 36.621158 10
-9.717552 16.323829 36.329758 11
-10.585252 16.079239 36.017058 4
-11.384352 16.515529 35.517558 10
-10.690752 17.101779 35.322058 10
-9.889052 17.302549 35.772858 9
-8.989352 17.607719 36.125558 4
-8.091152 17.833839 35.834758 6
-7.595952 17.515489 35.100358 10
-6.752352 17.840489 34.646858 8
-6.361652 16.919629 34.576758 1
-6.391152 17.375599 33.649058 13
-6.249552 16.308229 33.492458 10
-5.544052 16.242429 32.758858 1
-4.690852 15.843389 33.049858 5
-4.281752 15.107829 32.660858 10
-4.393852 14.284609 33.303458 4
-3.555752 14.635739 33.654558 13
-3.394552 15.545329 33.555758 1
-3.569052 16.340689 34.122958 6
-3.994652 15.951809 34.856458 3
-4.866352 15.870789 35.359958 13
-5.049652 16.804379 35.458358 5
-5.620252 17.486249 35.906658 6
-6.223452 17.197859 36.546858 10
-6.859352 16.688949 35.908958 1
-6.505052 16.024109 35.279458 12
-7.034652 15.475489 35.908558 9
-6.161952 15.327939 36.398558 10
-5.269452 15.039279 36.629758 4
-5.235452 14.390009 37.363558 1
-5.959452 15.096439 37.567058 8
-6.676552 15.254029 38.225058 15
-6.750252 16.162079 37.861258 4
-5.897452 16.188429 38.221558 4
-5.764152 16.526079 37.337458 3
-5.714152 17.397469 37.751958 9
-6.331152 18.147929 37.658158 13
-7.056252 17.539069 37.763858 4
-7.836652 16.948829 37.576858 6
-7.681352 16.667189 38.458958 4
-8.116052 15.780109 38.589558 13
-8.234452 15.500549 37.649658 10
-9.002452 15.083909 38.118458 11
-8.758352 14.219489 37.777758 10
-7.977252 13.958639 38.313358 3
-7.112452 14.003469 38.682458 13
-7.597052 13.228579 39.078258 4
-7.123952 12.905159 39.821558 5
-6.584552 12.318039 39.210358 15
-5.806552 12.859929 39.442658 3
-5.945852 12.355599 40.211958 13
-6.501952 12.153889 40.950558 4
-5.939252 12.723809 41.432558 2
-5.127752 13.300209 41.315658 1
-4.645452 12.590149 41.848658 1
-3.772652 12.626409 42.219158 3
-3.611952 12.195529 43.127158 4
-2.875252 12.007549 43.704358 4
-2.156352 11.725569 44.291058 10
-2.231152 11.189169 45.164158 1
-1.404052 11.283489 45.556658 6
-1.788052 12.157029 45.495258 1
-1.139352 12.780659 45.950058 10
-1.932652 13.209389 45.690158 9
-2.204352 13.517809 46.615548 1
-1.799752 14.358859 46.898218 1
-1.615552 15.037369 47.534378 6
-1.258252 15.907659 47.329958 10
-1.498752 16.011329 46.348378 1
-1.258552 16.632009 45.584658 1
-0.805652 17.599389 45.612358 10
-1.606552 17.684159 45.137158 4
-2.175952 17.825869 44.373058 11
-2.093952 17.182149 43.704358 8
-2.166052 17.537129 42.782758 13
-2.318252 18.503089 43.004958 5
-2.814552 19.225159 43.320058 10
-3.616652 18.669919 43.027958 13
-3.619252 18.069419 43.744958 13
-3.797552 17.926179 44.679858 10
-2.926252 17.847899 45.171958 8
-3.549752 17.053219 45.320058 3
-2.834952 16.749599 46.013658 5
-2.949052 16.092989 46.750668 4
-3.191152 17.041369 47.035048 15
-2.612152 17.373039 47.744578 11
-3.054852 16.564879 48.094138 6
-2.160552 16.774049 48.456278 4
-1.338752 16.965369 49.017048 6
-1.909852 17.747539 49.252928 11
-2.746452 17.979309 49.752698 1
-3.504552 17.516529 49.402348 9
-4.168352 16.859929 49.274568 4
-4.786252 16.584239 50.011438 3
-4.902452 17.501239 50.416388 10
-5.573852 18.104419 50.132948 5
-5.099752 18.915059 50.374958 4
-4.289852 19.343159 50.243808 13
-3.588652 20.017159 50.152638 4
-3.062252 20.898959 50.156508 9
-3.205752 20.934359 49.214788 3
-3.165952 21.555259 48.442688 8
-3.669852 21.865959 47.694458 6
-2.825052 22.356759 47.442748 4
-3.077152 23.270659 47.754838 13
-3.762352 23.475259 47.162828 10
-4.555952 22.898559 47.340778 13
-5.382952 23.423259 47.013998 10
-5.441952 24.209959 46.540328 5
-4.738652 24.583059 47.004758 12
-4.433852 24.761459 46.111658 1
-4.397852 23.770159 46.163958 4
-3.893652 23.045859 45.655258 13
-4.214352 22.211159 45.253258 10
-3.849552 22.631159 44.458158 1
-4.233652 22.613559 43.575158 15
-4.963152 23.291859 43.780958 4
-4.142152 23.911159 43.573958 1
-3.801352 23.950559 42.661058 4
-3.888752 23.610459 41.750358 1
-3.308752 24.262059 41.341058 1
-3.302852 23.729959 40.582058 3
-3.827352 23.638459 39.778258 10
-4.490752 23.397659 40.430058 4
-5.461052 23.338559 40.373858 4
-5.514952 23.415059 39.425858 1
-4.974552 22.628359 39.676058 10
-4.726452 22.998959 38.724958 1
-4.419552 23.212759 37.824858 3
-3.851552 23.928359 38.227058 10
-4.384252 24.702359 37.815158 13
-5.108052 25.317859 37.730458 1
-5.378652 26.106659 37.214058 9
-4.634452 26.762559 37.264558 11
-3.941952 26.674759 36.579158 6
-3.336352 27.459359 36.494158 4
-2.481952 27.533359 35.964458 10
-1.503952 27.715559 36.368058 11
-1.977752 27.056359 36.816558 3
-1.953652 27.036659 37.756658 10
-1.407452 26.312759 37.414758 4
-1.433852 25.533559 38.012858 5
-1.612352 25.364459 38.902758 13
-1.788452 24.401659 38.756558 6
-2.261352 23.626159 38.260858 12
-1.503852 23.386459 37.740458 4
-0.551452 23.223159 37.920658 6
-0.885052 22.297459 37.986158 8
-1.229052 22.116659 38.832858 4
-0.997352 21.609159 39.640758 10
-0.690552 22.279559 40.209958 13
-0.551252 21.976559 41.062058 4
-1.107952 21.191759 41.226858 10
-1.432052 20.393159 40.835058 8
-1.857652 19.535759 40.921258 10
-2.567652 20.147159 40.823958 6
-2.624552 19.842059 41.762558 3
-3.540952 19.734459 41.519358 13
-4.248852 20.090159 40.894958 4
-4.545152 20.295559 41.781058 13
-4.236852 21.156359 42.070058 9
-3.803752 21.126059 42.919258 1
-3.237952 20.394059 43.213658 3
-3.898552 19.848259 43.601558 13
-4.779152 20.002759 44.029958 4
-4.885552 19.740859 43.165158 13
-5.220352 20.640259 43.449958 1
-5.837652 21.353759 43.595658 5
-6.286952 20.523859 43.516858 1
-6.945052 21.213959 43.466458 10
-7.473952 21.380759 44.224958 10
-8.052352 21.280359 44.987558 4
-8.481852 21.203859 45.866358 4
-7.784552 21.535159 46.475218 1
-8.152552 21.048759 47.182678 9
-8.369052 21.962459 47.378208 10
-9.189852 22.417659 47.094478 9
-9.364052 21.818359 46.326928 4
-8.898552 22.664859 46.121058 6
-9.735352 22.642859 45.674058 4
-10.038452 22.272859 44.840758 4
-10.503852 23.140559 44.767658 13
-9.753352 23.275459 44.265058 15
-9.764552 22.496859 43.650158 3
-9.882852 22.250859 42.763758 10
-9.445352 22.758259 42.133658 10
-9.943652 23.546359 42.157658 11
-9.850552 24.431359 42.291258 10
-9.106452 24.817559 42.720658 6
-9.429252 25.702459 42.731958 10
-9.250852 26.394059 43.409258 5
-8.280952 26.647359 43.262458 1
-7.623952 25.974359 43.526958 3
-8.019752 25.103059 43.764658 8
-7.705152 25.251259 44.676158 13
-6.999152 25.888459 44.438258 7
-6.208852 25.613159 44.824258 4
-6.208452 24.656859 44.921058 5
-6.925752 24.211359 44.378458 9
-7.591152 23.770059 44.848358 10
-8.342652 23.386159 45.314958 5
-8.298952 22.809159 44.579858 4
-8.766752 22.169059 43.990358 13
-8.765752 21.235259 44.288458 4
-8.657052 21.051259 43.325658 10
-8.103752 20.921159 42.613558 10
-7.724452 21.725459 43.092758 4
-7.985652 22.302359 42.374058 1
-7.858152 23.181959 42.118158 1
-8.571852 23.914659 42.238558 1
-8.395452 24.525559 41.538858 3
-7.469452 24.372059 41.457258 6
-7.895652 23.708059 40.773058 1
-7.305652 22.937159 40.765858 4
-6.514652 23.051259 41.219158 12
-6.630052 22.477559 41.975658 1
-6.280652 21.623759 42.309858 4
-6.286952 21.246359 41.451458 6
-7.156952 20.910659 41.911258 10
-6.959852 19.976559 41.707558 10
-6.204852 19.625859 41.133558 3
-5.456752 19.027359 41.115958 13
-6.057352 18.816459 40.382458 11
-6.348852 17.901859 40.627558 4
-7.110752 17.702719 41.198458 4
-6.556452 16.996009 41.612958 14
-6.116152 17.842869 41.967858 10
-5.455952 17.806179 42.656258 13
-5.771852 17.063929 43.166558 10
-6.423652 17.738239 43.142458 4
-6.199652 18.439469 43.842158 8
-5.512652 18.899659 43.302958 11
-4.748352 18.788359 42.721658 13
-5.423252 19.129259 42.174658 13
-6.372752 18.968059 42.300858 6
-7.091552 18.405819 42.042758 4
-7.527552 19.198159 42.328458 10
-7.620652 18.637679 43.163558 5
-7.194152 19.482859 43.548558 10
-6.965152 19.070759 44.419258 9
-7.031352 19.998559 44.477958 10
-7.814052 20.367759 44.791258 4
-7.279552 19.873959 45.434658 15
-7.551452 19.178559 46.008858 6
-8.411452 19.124059 45.664058 13
-8.357452 20.039159 45.981658 4
-7.839052 20.115159 46.716608 5
-8.578052 19.805659 47.344668 4
-9.568552 19.738959 47.312858 9
-10.145752 19.594659 46.536148 4
-9.493052 20.003259 45.976158 4
-9.429752 19.095659 45.619958 10
-9.806152 18.215249 45.287758 1
-8.999952 17.688719 45.219058 5
-7.984852 17.836799 45.282558 1
-7.331252 17.221289 45.016658 1
-6.517052 16.856759 44.616858 8
-5.775152 17.027859 45.196158 7
-6.126752 17.830469 44.706258 10
-5.167752 18.147739 44.846158 1
-4.753052 17.868529 43.924758 13
-4.410252 16.953739 44.095958 3
-3.856852 16.790209 43.281658 13
-3.739252 16.234519 42.464358 10
-4.289952 16.137759 41.714758 14
-4.655452 17.026189 42.009758 13
-5.370152 16.414419 41.780458 6
-5.826252 16.666549 40.996258 4
-6.541752 15.957409 40.973858 12
-6.324552 15.026069 40.724958 11
-5.453052 15.314409 40.908658 13
-5.740552 15.935389 40.199958 10
-6.234452 16.300089 39.507158 4
-6.596352 15.355729 39.402058 11
-7.211552 16.051199 39.062858 6
-7.298552 16.807829 39.591558 4
-8.065652 16.792049 40.233858 4
-8.346152 16.027609 40.633858 3
-8.134952 16.651759 41.342358 10
-8.403352 17.385409 41.798158 15
-8.342052 17.839719 42.790958 5
-9.132252 17.975959 43.314558 9
-8.830352 18.887559 43.030358 1
-8.302152 19.704359 42.879458 10
-8.909752 19.959559 43.579758 10
-9.292452 19.435659 44.273658 3
-10.021952 20.020059 44.641058 4
-10.873752 19.694959 44.845158 4
-10.929752 18.767429 45.060958 5
-11.406152 18.702819 45.879758 10
-12.240552 18.164339 45.897258 1
-13.170752 18.350889 46.068958 4
-13.295012 18.762879 46.925878 5
-13.959672 19.363559 47.174098 10
-13.541912 19.474959 48.037198 13
-12.779852 19.520759 48.563908 10
-12.044352 19.982959 48.272598 9
-11.605352 19.977159 47.372988 13
-11.147052 20.066159 46.456298 4
-11.963752 20.534759 46.355518 1
-11.391352 21.156359 45.803758 4
-11.828652 20.522959 45.240458 9
-12.546352 21.004359 44.886458 13
-11.896552 21.607559 44.553358 6
-10.953752 21.345759 44.768458 4
-10.936052 21.494459 43.847958 1
-10.828552 20.595759 43.379658 13
-10.296652 20.409359 42.601758 10
-9.864952 20.453759 43.595458 15
-9.681052 21.286559 43.111358 10
-9.910052 21.527959 44.059658 8
-9.927352 21.066559 44.893358 4
-9.513052 21.011459 45.737358 4
-10.143752 21.038059 46.444098 4
-10.243152 20.666359 47.350068 10
-10.781952 21.443559 47.510468 7
-10.885752 21.891959 46.697448 6
-10.756952 22.800459 46.818818 11
-11.093052 22.803059 45.901358 4
-11.916152 22.569259 45.477158 10
-12.827152 22.472459 45.694658 3
-13.173152 22.976959 44.921658 5
-12.793452 22.459659 44.097058 13
-12.175152 23.181559 43.992758 8
-12.279152 23.728459 44.747558 1
-13.017252 24.201259 44.368258 10
-13.391092 23.367559 43.889258 4
-13.395642 24.198859 43.372058 6
-13.652102 24.729559 42.495258 1
-13.216452 25.203259 43.285458 12
-12.301152 25.282959 43.040558 4
-11.352652 25.100659 42.861458 1
-10.912652 24.460959 42.292758 13
-10.742452 24.050859 41.402258 1
-11.194752 23.382959 41.917958 6
-11.279752 22.497759 42.451758 10
-11.561852 21.755559 41.959758 10
-12.466452 21.759359 42.417258 1
-11.916252 21.120459 42.885858 10
-12.489552 20.360859 43.425758 4
-12.105452 19.432359 43.691458 13
-11.093752 19.206559 43.731358 15
-10.132152 19.071259 43.661858 3
-10.519152 18.853359 42.860658 13
-9.802552 19.463859 42.530358 10
-9.031952 19.410859 42.002358 10
-8.890052 18.477329 42.065358 13
-8.915152 18.379879 41.115158 4
-8.021852 18.063169 41.054858 5
-8.505952 17.959679 40.169158 4
-9.136352 18.603709 40.119658 15
-8.826952 19.393859 40.597758 14
-8.463552 20.184359 40.137158 5
-8.808452 20.351059 41.004958 10
-8.856052 21.007059 41.651258 10
-8.602052 21.440259 40.820258 4
-8.112152 21.488859 39.997958 1
-7.294952 21.063959 40.292458 1
-7.552752 20.201059 40.831958 10
-6.736052 20.165759 40.297458 7
-7.258852 19.684859 39.652358 3
-7.807452 19.018959 40.118558 10
-8.061852 18.430059 39.347358 4
-8.877852 18.124429 38.981458 4
-9.793852 17.826209 39.083058 6
-9.344752 17.128039 39.464858 13
-8.710652 16.367099 39.522858 4
-9.458852 16.033549 39.090258 11
-10.109552 16.713279 38.818358 9
-10.619252 15.929229 38.933358 11
-10.489252 16.509339 39.673858 8
-10.082552 16.165649 40.565458 9
-10.744152 16.806709 40.934858 13
-11.550352 17.423079 40.744758 13
-11.749052 18.336459 40.900758 4
-12.369152 18.845359 41.487858 4
-12.196252 19.821659 41.479358 7
-11.417152 20.400359 41.692258 9
-10.580452 20.993159 41.707658 10
-9.766552 21.241059 42.064258 10
-9.402052 21.837059 41.446958 10
-9.174452 22.665459 41.065458 8
-9.218652 23.090859 40.115358 6
-8.943252 23.429559 39.234058 5
-8.975752 22.729959 38.624458 1
-9.131152 21.955259 39.129958 1
-9.147752 21.118159 39.576258 5
-9.873452 21.595159 40.028858 4
-10.468052 21.757659 40.796058 10
-11.228252 22.275359 41.049558 10
-11.104252 22.262559 40.018358 1
-11.181052 22.728059 39.116158 3
-11.727052 22.734659 38.378058 4
-12.020452 22.189759 39.165858 5
-11.712652 21.277559 39.034458 13
-11.950152 20.344259 39.077858 10
-12.418052 20.072159 39.849658 4
-11.664952 20.282259 40.340758 1
-11.337652 21.169559 40.525358 1
-10.909452 21.140959 39.651558 13
-10.288052 20.496059 40.020358 10
-10.161152 19.588559 40.307758 6
-10.631852 20.198359 40.943058 10
-11.298052 19.462759 40.868158 4
-10.516652 19.044159 41.143858 13
-10.727852 19.568859 41.950858 10
-11.239052 18.691319 41.982058 13
-10.854052 17.981919 42.445758 13
-11.064052 17.523899 43.226458 7
-10.206852 17.216059 43.086858 4
-10.172252 17.304819 42.076058 13
-9.674452 17.582059 41.283858 13
-9.951352 18.007919 40.467458 6
-10.717352 17.739519 39.965058 6
-10.787752 18.172049 39.132858 4
-10.241752 18.594209 38.449958 6
-10.454652 18.220739 37.445758 5
-11.092552 18.048639 38.092258 4
-11.395552 17.561399 37.294758 10
-11.962452 17.541919 38.125758 4
-12.086752 16.780789 37.492458 10
-12.946552 17.028199 37.863658 10
-13.697682 16.680209 38.405958 15
-13.609802 17.519819 38.828558 4
-13.545162 17.699939 39.745358 4
-14.015692 16.902879 40.027158 9
-14.979082 17.168469 39.860058 9
-14.551922 17.744149 39.154058 4
-14.368672 18.054149 38.199858 4
-14.423162 17.572139 37.357158 7
-13.558602 17.552049 37.001858 10
-13.292422 17.598359 36.091058 10
-14.075802 17.063559 36.135558 1
-14.075352 16.136059 35.909158 3
-13.203552 16.587049 35.626858 10
-12.326052 17.003699 35.753158 10
-11.851452 16.609099 36.463658 10
-11.155352 16.269349 36.968958 1
-11.016452 16.264389 37.931258 11
-11.750852 15.756699 38.132958 1
-11.711952 15.062019 37.517858 11
-12.073052 15.184879 36.564058 12
-12.891852 15.647579 36.569358 10
-13.639502 15.979599 37.089458 10
-14.069592 15.502669 37.778358 7
-14.902572 15.233099 37.258458 3
-15.556452 15.621599 37.965158 8
-16.117352 16.197939 38.498158 1
-16.311082 15.649359 39.317458 4
-16.473312 16.182679 40.112358 5
-15.922402 15.357169 40.280058 10
-16.505982 14.679609 40.123358 4
-16.491242 14.544119 41.050158 13
-16.257362 13.736089 40.612258 7
-17.124932 13.320629 40.653858 13
-16.858782 13.307249 39.733658 4
-16.281272 12.528099 40.026758 10
-15.431632 12.891329 40.424058 7
-14.547072 13.252679 40.268358 4
-13.695892 13.342779 40.653558 1
-14.161042 13.199869 41.466758 6
-13.531112 13.229199 42.296658 4
-13.669512 13.218689 43.218058 10
-13.735232 13.544399 44.088558 10
-13.082252 14.229809 44.243758 13
-12.680252 14.963309 43.676258 12
-11.951752 14.506629 44.113158 1
-11.250952 14.212009 43.601558 10
-10.617952 14.764369 43.109458 5
-10.808552 15.463069 43.797558 4
-11.694552 15.542659 44.275158 9
-11.889752 16.336369 44.830858 7
-12.089852 16.543789 43.825958 1
-12.579052 17.303889 44.158658 9
-11.876152 18.021229 44.066358 13
-12.745052 18.527459 44.050458 10
-12.749152 18.104359 43.245758 5
-12.400652 17.373139 42.710858 10
-12.023052 18.006019 42.093158 13
-12.386552 17.218059 41.565558 13
-12.998752 17.942669 41.648458 4
-13.654722 18.620369 41.772158 11
-13.334392 19.217059 41.023658 4
-14.176202 19.801659 40.783458 15
-14.639672 20.074559 41.631558 15
-15.299432 20.561759 42.117158 3
-16.033342 21.167759 41.892658 10
-15.312652 21.688559 41.508158 11
-15.522022 21.923359 40.582758 4
-15.434462 21.288159 39.850558 10
-14.718512 21.004459 40.423358 1
-14.791122 20.295959 39.812358 10
-14.069242 20.806659 39.219458 7
-13.972112 19.818759 39.150258 4
-14.248682 19.854659 38.256658 1
-13.492152 19.262759 38.118058 4
-13.817342 19.091859 37.188158 10
-14.696352 18.875659 36.940458 10
-15.554182 18.416479 37.175258 3
-16.145742 18.812659 36.539458 1
-16.518792 19.212359 35.739958 4
-16.370152 18.424769 35.102558 8
-15.494752 18.663239 35.446358 1
-14.518572 18.757479 35.331458 4
-14.451872 19.689659 35.307458 6
-14.234602 19.560959 36.225258 10
-13.287352 19.462359 36.182358 10
-13.084552 19.997459 35.430858 7
-13.045252 20.928259 35.072058 7
-12.315652 21.135859 35.723158 9
-12.007952 20.169559 35.671358 5
-12.376452 19.669259 36.515158 10
-12.440752 19.560259 37.483558 6
-11.924252 19.496159 38.357158 4
-11.359152 19.090459 37.782958 5
-12.115852 18.526119 37.385458 10
-12.892552 18.094179 37.679958 10
-12.930152 18.515419 38.537958 4
-12.767652 18.556539 39.511858 4
-13.383582 19.161359 39.928558 4
-13.942222 18.527419 40.322358 4
-14.042612 17.893569 41.039858 10
-13.976712 16.939959 41.301458 9
-14.519952 16.474539 40.768358 10
-14.601542 16.171209 41.704358 3
-14.220372 15.858439 42.546658 1
-13.461602 15.501459 41.963658 1
-12.636652 15.989389 42.265858 1
-11.822752 16.558589 42.542258 13
-10.986952 16.221469 42.208758 13
-10.396452 15.572429 41.850458 1
-10.944752 15.573589 41.025058 13
-10.819652 14.602909 41.128458 1
-10.883452 14.014259 40.293558 7
-10.226452 14.347519 39.654458 11
-9.355552 14.797379 39.692558 4
-9.118752 14.163919 40.426458 7
-8.370752 13.946629 39.876958 10
-8.552452 13.054749 39.690058 4
-9.346852 13.297799 39.074058 8
-10.254352 13.389939 38.899158 3
-10.672352 14.191269 38.595758 11
-11.472352 13.729619 38.301458 10
-12.101252 14.330359 38.689758 4
-11.463352 14.143259 39.418958 8
-11.012752 14.972579 39.241658 11
-11.876252 15.570499 39.250458 10
-12.168352 16.500529 39.268558 4
-12.230052 16.391479 40.294558 13
-12.467652 17.343069 40.213958 4
-11.997752 18.103649 39.879158 4
-11.252952 18.690619 39.910358 6
-11.807452 19.381559 39.427258 4
-10.965152 19.919859 39.557158 1
-10.155252 19.628659 38.990258 6
-10.710452 19.769559 38.217358 10
-10.566352 20.273959 37.297658 5
-9.827752 20.577159 36.600758 10
-9.887952 20.771859 35.685358 7
-10.381052 21.494859 36.060758 1
-11.353652 21.698959 36.097258 4
-10.979052 20.775859 36.422858 13
-10.565752 19.928959 36.245058 5
-10.196552 19.069259 36.098558 5
-10.651052 18.253539 36.388058 10
-10.969552 18.271509 35.497558 10
-11.396652 19.150459 35.784658 15
-11.297952 19.398959 36.696358 15
-11.809052 18.623859 36.447058 10
-12.286152 18.170569 35.794958 10
-12.269052 18.934659 35.265558 9
-13.130052 18.562999 35.487658 10
-13.385112 18.597589 34.542658 13
-13.225752 17.818059 33.889658 10
-13.406532 17.655589 32.925558 15
-12.912252 16.849679 33.101558 10
-12.765052 16.033879 32.556658 9
-11.932452 15.621289 32.887358 10
-11.990952 15.439829 31.938458 13
-11.415752 14.720469 31.918058 7
-12.204852 14.525619 31.377458 7
-11.883552 14.602779 30.406358 4
-12.520052 15.300199 30.009558 10
-12.439452 16.271879 29.978858 1
-12.901052 17.032429 30.347958 4
-12.588452 17.906879 30.339358 1
-13.046052 18.265489 29.516758 7
-14.005542 18.175969 29.657758 12
-14.393872 18.972959 29.889858 1
-14.512412 19.921359 29.779258 7
-15.328702 19.555259 30.154758 12
-15.447912 20.462459 29.890758 10
-16.307832 20.238659 30.143558 4
-15.960282 20.856359 30.892558 3
-15.595142 20.898259 31.762558 11
-15.224272 21.733159 31.769558 7
-16.100792 21.583159 32.211758 9
-16.419052 21.252359 33.041758 13
-16.251752 22.188859 33.129458 14
-17.003042 22.136359 32.453558 4
-17.587362 22.774059 32.758558 7
-17.917802 23.569759 32.386858 7
-18.952572 23.319959 32.326258 10
-19.524292 22.510959 32.214258 4
-19.256782 21.821059 31.595458 1
-20.017342 21.545859 31.115358 6
-20.221342 21.866259 30.258058 13
-20.661722 22.319359 30.956758 10
-20.992852 22.529559 31.837358 11
-21.306622 22.934059 32.579458 7
-22.121732 22.591459 32.149058 10
-22.952983 22.781859 32.579858 12
-23.139629 21.904059 32.895858 7
-23.712623 21.146459 32.817358 4
-22.762059 20.977459 32.481858 10
-21.828372 20.818159 32.351858 4
-22.119862 21.015159 31.415958 12
-22.543127 21.608359 30.722358 13
-23.252133 21.062459 30.909058 10
-23.843285 20.198659 31.078358 4
-23.401678 19.481259 31.488658 12
-23.623501 18.579939 31.284958 14
-23.690869 18.779749 30.367758 12
-22.895738 18.983059 30.088358 7
-22.27972 18.503389 29.560458 1
-21.719652 18.616429 30.340258 1
-22.146472 18.063419 30.944658 7
-21.310162 18.308339 31.370858 3
-21.658212 18.292449 32.249958 10
-21.838502 17.445049 31.812958 4
-21.078232 17.221359 32.487758 10
-21.293002 17.039099 33.404358 1
-20.688452 17.885249 33.347458 7
-19.765792 17.913889 33.597158 10
-18.866262 18.222489 33.725758 7
-18.184262 18.866459 33.362658 1
-19.058262 19.262259 33.045558 7
-19.001682 19.638759 32.094858 10
-18.142202 19.296259 32.116458 1
-17.658932 19.938559 31.631558 1
-16.990332 19.470459 32.135658 4
-16.335722 19.779159 31.499758 7
-15.452522 19.544359 31.342358 7
-14.456242 19.380659 31.115258 10
-14.092812 20.343259 31.147158 4
-13.357522 20.416059 31.859858 10
-12.670652 20.852159 31.285258 11
-12.429352 19.941559 31.202458 14
-11.483652 20.104659 31.165358 15
-11.723852 20.993559 30.815058 11
-11.354852 21.145359 31.739058 1
-11.266152 21.306559 32.736258 9
-11.266452 20.310159 32.549758 12
-12.150552 20.294059 32.985258 5
-11.837552 19.376559 33.068058 9
-12.217052 19.074059 33.882458 7
-12.297552 18.281669 34.367358 10
-12.028852 17.978489 33.465358 14
-12.286452 17.280629 34.110458 10
-12.339052 16.640609 34.807358 10
-12.850752 15.801809 34.704858 10
-13.680172 15.169549 34.737558 12
-14.585482 15.107699 34.688658 7
-14.351942 14.428939 34.046558 14
-15.181232 13.994509 34.228358 15
-14.771872 13.324719 33.659158 13
-13.939422 13.352839 33.210858 10
-12.914052 13.352049 33.083358 7
-12.786652 13.692139 32.152358 7
-13.299572 14.465549 32.347458 1
-14.010072 13.915489 31.841158 1
-14.470742 14.184179 30.989358 12
-14.000152 14.985689 31.205958 13
-13.789782 15.888399 30.933158 1
-14.751902 16.256559 30.917558 1
-15.124132 15.459889 30.454658 1
-15.506022 14.600989 30.686958 10
-15.717412 13.692409 30.899758 4
-16.487522 13.147749 30.823158 7
-16.828732 12.313699 31.080458 7
-17.734182 12.051579 31.207958 10
-17.794212 11.196959 30.895458 4
-17.269872 10.385609 30.758958 1
-17.806262 9.650047 30.361458 7
-16.854322 9.40812 30.142058 10
-16.062682 8.895749 29.802558 12
-16.166452 8.988374 30.728358 4
-16.044322 9.935329 30.874058 12
-15.973062 9.825099 31.889458 7
-15.027552 9.863569 32.002058 11
-14.544532 10.243469 32.824858 11
-15.250842 10.893079 33.052258 4
-16.254212 11.072709 33.299658 6
-16.126912 12.013849 33.702058 7
-15.786512 12.798379 34.209458 1
-15.142552 12.724589 34.947658 10
-15.677132 13.147899 35.687358 7
-16.348782 12.628659 36.048758 10
-17.323882 12.933839 36.210458 8
-18.129002 13.251429 35.779458 7
-18.586342 13.361969 34.897358 7
-18.075792 14.171859 35.131558 11
-17.709502 15.019439 35.066758 9
-16.860592 15.304259 35.332858 7
-16.178852 15.949889 35.025858 15
-15.948092 16.534019 34.276858 14
-15.214372 16.992239 34.618258 13
-14.382812 16.950329 35.114358 1
-14.042422 17.783159 35.349558 10
-13.975342 17.524759 34.408758 10
-14.571802 18.087799 33.941858 13
-14.821712 18.893559 34.319858 1
-14.125432 19.566659 34.034558 5
-14.814182 19.385859 33.334058 10
-15.783312 19.116959 33.095558 10
-15.904052 18.287939 32.651158 4
-15.191322 17.680959 32.830358 16
-14.608622 16.941219 32.826258 1
-14.095732 16.340139 33.445658 10
-14.048282 15.393079 33.360158 1
-13.159852 15.632029 33.651758 10
-12.911852 14.824629 34.023658 1
-12.430752 14.585689 33.203558 6
-11.576952 14.141589 32.925658 7
-10.949452 13.527169 32.791758 7
-11.241152 13.075149 33.635058 7
-11.710152 12.772149 34.488358 1
-12.285352 13.308379 35.154958 4
-12.270652 14.277199 35.187358 1
-11.535152 13.878859 34.615758 7
-10.837452 14.334679 35.144558 14
-10.096652 14.991559 35.091358 10
-9.589152 15.775579 35.453658 10
-9.789552 15.091819 36.223358 11
-9.937552 14.315809 36.803058 1
-9.951852 14.692669 37.676558 11
-10.371952 15.499259 37.161458 11
-10.918352 15.101259 36.459758 4
-11.262352 15.362109 35.507058 10
-11.638452 15.815009 34.793958 10
-11.890452 14.924429 34.386558 14
-11.324352 15.038039 33.620758 7
-10.991852 15.883669 33.905358 10
-10.921752 15.711589 32.969858 7
-10.688252 16.676999 33.121758 12
-11.554652 16.941859 33.336458 10
-11.179852 17.702409 32.926258 12
-11.672652 18.450789 32.480658 7
-12.222752 18.596269 31.682658 7
-11.585252 18.906359 30.906858 1
-10.964452 18.995259 31.608158 10
-10.518052 19.255859 32.505558 4
-9.983952 18.434319 32.501158 12
-9.298952 17.937569 32.882458 12
-8.802252 18.164159 32.150758 9
-9.552052 17.793839 31.603358 12
-9.200452 17.494389 30.789958 1
-8.863852 16.979609 30.037558 13
-9.781952 17.024919 30.009658 7
-10.461752 16.820659 29.428658 7
-10.978452 17.462409 28.932358 15
-10.650652 18.152219 28.455158 10
-11.130952 17.895719 27.700458 1
-11.519752 17.009369 27.454158 7
-11.907452 16.076299 27.373758 1
-12.287352 15.269119 27.154458 4
-12.182552 14.355109 26.841758 7
-11.385952 14.861669 27.278958 1
-11.008152 14.736439 28.196258 7
-10.764352 14.116419 28.920758 15
-10.839152 14.864739 29.558958 7
-11.181452 14.009419 29.849258 15
-10.818252 13.218079 30.264358 15
-10.783252 13.383939 31.229458 7
-10.610052 14.198349 31.593058 7
-9.640252 13.871699 31.347458 10
-9.661152 14.237369 32.270958 7
-8.941252 14.840089 32.262758 16
-8.920352 15.833489 32.284658 12
-8.482152 16.565149 32.850458 1
-8.128352 17.085839 32.086158 12
-7.498552 16.321239 32.288158 3
-6.843652 16.201329 31.493558 7
-7.077752 16.094049 30.505858 1
-6.281852 16.389399 30.089358 10
-5.696652 16.813909 29.497958 1
-6.501752 17.227679 29.306658 1
-7.237252 17.720929 29.680258 12
-6.884952 18.467639 29.173758 11
-7.065952 19.144059 28.458458 7
-7.551152 19.312459 29.254358 1
-8.536352 19.541659 29.434558 15
-9.380852 19.111359 29.428658 16
-9.346352 19.668859 30.225558 15
-9.622952 20.592259 30.333858 7
-9.159952 21.440759 30.282358 7
-8.546152 20.887259 30.721958 5
-8.456752 21.511459 31.459458 1
-8.641552 21.259659 32.381758 4
-9.436752 20.951159 32.875258 10
-8.956552 20.171259 32.540658 9
-9.143552 19.507859 33.284658 7
-9.976152 19.081759 33.480958 12
-10.710052 18.582419 33.942558 12
-10.586452 17.791959 34.522258 10
-9.662752 17.481399 34.579358 4
-8.995552 16.875409 34.983358 1
-8.293152 16.787389 34.374358 1
-7.892252 15.842979 34.247358 1
-7.937852 15.029729 34.714858 1
-8.058152 14.133159 35.011858 1
-8.576152 13.273909 34.982458 1
-8.469152 12.530619 35.652258 1
-9.373152 12.625769 35.274858 7
-9.969252 12.015469 34.872558 15
-10.690152 12.186109 34.241158 1
-11.631452 11.921299 33.915158 1
-11.362152 12.166629 32.971758 7
-11.021952 12.678289 32.255158 7
-10.255952 12.152489 31.908558 7
-10.055252 12.678179 31.110158 7
-9.433452 13.201339 30.626758 12
-8.973152 13.483759 29.787258 15
-9.235352 13.962769 28.950658 15
-9.201552 14.909579 29.106958 10
-9.456052 14.650419 30.048058 15
-9.510652 15.630709 30.296658 11
-9.761952 15.883039 31.182458 7
-9.999552 16.830109 31.279058 12
-10.745452 16.388939 31.788158 11
-10.041052 16.206349 32.416858 12
-9.683952 16.808949 33.113858 12
-10.070552 16.677029 34.069958 10
-9.867952 15.782639 34.082458 10
-10.347252 15.117729 33.557658 7
-9.654252 14.477779 33.338158 7
-9.941252 13.568349 33.138358 7
-10.172052 13.182829 34.002258 7
-10.511052 13.021479 34.859758 16
-11.208152 13.394889 35.502658 9
-11.122752 12.996429 36.363658 13
-11.819752 13.139459 37.018758 9
-12.638352 13.330469 37.362758 7
-12.548152 13.377389 38.336058 16
-12.917352 12.468809 38.337058 13
-12.265652 11.809909 38.694158 7
-12.068052 10.861639 38.859058 16
-11.139452 10.666349 38.602558 7
-11.661152 10.655669 37.826358 13
-11.294752 10.143789 37.105658 10
-11.686352 9.625395 36.402958 7
-11.505352 10.409279 35.907658 6
-12.198152 10.729789 35.397858 16
-13.112552 10.803799 35.721558 15
-13.232252 10.528989 34.748058 7
-13.566092 9.650383 34.328858 11
-13.556032 9.683734 35.302458 12
-13.576372 9.962379 36.232158 14
-14.397682 10.516589 36.313158 7
-14.783482 11.113779 36.953458 1
-15.697612 11.458779 36.788858 12
-15.139312 11.216849 36.004358 4
-14.672392 10.932059 35.174858 1
-14.457252 10.766219 34.250858 16
-13.699262 10.945939 33.579758 11
-13.430462 11.865479 33.691058 5
-13.166352 12.143029 32.810458 12
-12.237852 11.991419 32.484058 7
-11.988452 12.543809 31.713458 7
-12.173952 12.277199 30.788658 4
-11.774852 13.158619 30.846058 7
-11.965152 13.156189 29.866558 15
-12.684852 13.734189 30.057358 11
-12.978552 13.263459 29.229058 1
-13.370092 12.358189 29.459158 1
-12.765452 11.592639 29.662258 12
-13.062552 10.626659 29.898958 4
-12.237952 10.707959 30.378858 11
-11.706852 11.279019 31.023358 7
-10.728652 11.290639 30.975758 7
-11.163352 11.573089 30.192758 7
-11.017252 11.998989 29.270358 15
-11.182752 12.361559 28.380658 15
-11.333652 12.298979 27.474758 14
-12.132652 12.730209 27.846258 7
-12.735352 12.322239 28.471058 10
-13.406512 12.265659 27.776258 9
-12.658852 11.598669 27.414458 16
-12.209252 12.198999 26.725058 10
-12.264152 11.556299 26.058658 16
-12.765952 10.907779 26.566958 1
-13.364482 10.366499 26.066358 10
-13.888392 10.248269 26.913458 1
-13.723122 9.386332 27.339758 16
-13.588132 8.823129 28.095358 10
-12.822652 8.330404 27.651858 7
-12.489852 8.859966 28.365158 1
-12.053552 8.692222 29.177558 1
-11.793452 7.856782 28.775358 16
-12.364152 7.094789 28.564658 13
-12.024052 6.812059 29.360758 12
-11.520452 6.313269 29.991758 12
-10.952952 7.167319 29.802458 12
-10.687652 8.151628 29.869158 7
-10.463552 8.772362 29.084758 7
-10.939152 8.260972 28.331258 1
-10.134052 8.769795 28.059758 1
-9.521652 9.474014 27.808758 7
-9.080652 10.191629 27.304858 13
-9.871352 9.828939 26.815558 7
-10.318952 10.645539 27.238958 6
-10.070152 11.030239 28.031058 15
-10.930352 11.320359 28.358858 15
-10.890752 10.835599 29.245558 7
-10.421452 10.037149 29.505958 7
-10.907052 10.007739 28.681258 9
-11.729952 9.7079 28.993558 15
-11.797352 9.850029 29.921358 7
-11.636352 9.579267 30.827158 7
-12.568452 9.713715 31.014058 4
-13.561392 9.443325 30.945458 15
-14.444892 9.703247 30.998158 7
-14.380432 10.505769 31.568958 11
-15.217232 10.994039 31.408158 16
-15.071122 11.590909 32.181158 9
-14.138042 11.516679 32.284158 16
-13.609432 10.701999 32.521758 11
-13.045652 10.892349 31.782658 16
-12.091052 10.899739 31.963958 7
-11.869452 9.979259 32.238858 7
-12.846252 10.048079 32.270958 11
-12.678952 9.222888 31.891358 13
-11.833752 9.029817 32.252658 10
-11.181552 8.794708 31.634258 11
-11.403852 8.512669 30.691858 7
-10.580152 8.051348 31.030258 1
-10.900152 7.131819 30.836458 12
-11.244252 6.305679 30.904358 12
-10.814152 6.401809 31.790758 1
-10.375352 5.721399 31.169658 12
-9.667252 4.989919 31.216458 16
-9.737052 5.289609 30.323158 12
-8.868352 5.683389 30.472258 5
-8.867052 6.054139 29.548458 16
-7.985452 5.806539 29.452958 10
-7.770252 6.295469 28.657558 16
-7.176752 6.529599 27.956758 1
-7.343852 7.196049 27.218058 7
-7.686352 7.847951 26.545658 16
-7.541052 8.354077 25.764658 14
-8.007352 8.201827 24.938458 4
-8.137552 9.155535 24.914758 7
-8.863452 9.703148 25.137258 10
-8.897952 10.390059 24.401958 7
-9.717452 10.951879 24.487158 1
-9.935952 11.725389 23.884758 12
-9.369552 12.518939 23.753258 10
-9.130852 13.298029 23.220058 1
-8.617152 13.636929 22.401858 15
-8.730352 14.591559 22.700658 1
-9.336252 14.473829 23.511458 7
-9.748752 14.364579 22.618058 1
-10.318552 15.011849 23.098358 1
-10.397752 15.788179 23.689558 7
-11.135352 16.051219 24.318458 1
-11.426252 15.879729 25.284858 15
-11.112452 15.110139 25.839458 7
-10.771452 14.321199 25.241658 16
-10.184152 13.841119 25.825058 1
-10.863752 13.117629 26.248658 13
-11.157852 13.367679 27.109158 12
-10.483052 12.992489 27.764758 16
-10.029252 13.141559 28.655458 15
-10.013352 12.703259 29.544258 15
-10.308952 12.112639 30.284258 7
-9.425352 11.888579 30.060358 7
-8.535952 11.814479 29.900958 12
-7.705852 11.669459 30.339058 13
-8.171352 12.238069 30.949558 5
-8.678052 11.772379 31.651358 7
-7.985552 11.495899 32.299958 13
-7.803052 10.754439 32.906558 12
-8.774752 10.938069 33.105058 7
-8.562752 9.979039 33.239258 8
-9.121752 9.782349 32.423258 7
-8.077152 9.683834 32.402558 16
-8.468952 10.538499 32.128458 9
-9.373352 10.818369 31.831458 7
-10.268752 11.016379 31.978758 7
-10.942652 10.611319 32.625158 7
-11.855652 10.734659 33.018058 1
-12.297752 11.118169 33.756158 1
-12.535252 10.213149 33.697858 11
-12.784952 9.258588 33.695958 11
-13.298762 8.843093 32.825758 11
-13.589302 8.47583 31.950058 11
-13.042752 8.025477 31.264758 1
-12.757552 7.132329 31.289458 12
-11.895652 6.830959 31.596058 12
-12.049252 7.717519 31.898858 16
-11.517552 8.037991 32.626258 5
-10.919652 7.934482 33.340758 16
-10.859852 8.905228 33.012158 14
-10.532052 9.825689 33.242058 7
-9.733352 9.542082 33.603358 16
-9.833752 10.417559 33.989158 7
-10.275252 11.142259 34.456258 16
-10.809752 11.245669 33.684758 10
-10.531752 11.562639 32.778058 7
-9.849352 11.586279 33.472458 7
-8.957552 11.863389 33.840058 15
-8.310252 12.625219 33.683058 9
-8.660552 13.377479 33.237658 4
-9.332552 12.840709 32.773258 7
-9.280152 12.505369 31.801058 7
-8.365952 12.664399 32.073758 1
-7.977752 13.310239 31.570358 1
-7.154652 13.026229 31.084358 12
-6.844352 13.170449 30.175758 11
-7.563952 13.241809 29.499558 7
-8.094152 13.243329 28.722058 15
-7.113352 13.050019 28.583858 1
-7.330052 12.793709 27.606758 7
-8.308852 12.896309 27.619158 10
-9.238652 13.200569 27.795258 12
-9.230852 12.292429 27.906058 15
-9.060452 11.647909 28.631158 15
-9.714052 11.069459 29.065958 7
-8.944852 10.625499 28.773458 1
-9.193352 10.423599 29.699058 7
-9.743852 9.937089 30.253858 7
-9.690452 9.273986 29.570058 6
-9.021352 8.941411 28.965858 11
-9.145652 7.980635 28.912658 13
-9.423352 7.448829 28.097958 7
-9.486452 6.542439 28.386358 16
-9.834252 6.615189 29.262858 12
-10.262452 5.730789 29.258658 12
-10.089652 4.944289 28.648458 7
-9.628652 4.803499 27.766858 16
-8.680852 5.101659 27.584658 13
-8.120952 5.441279 26.756458 16
-7.538052 6.177299 26.633758 1
-7.607352 6.727109 25.845458 12
-6.661952 6.629979 25.767958 16
-6.079252 7.248009 26.230058 7
-5.962052 8.102928 26.816458 15
-5.160352 8.600746 27.018258 4
-4.372552 9.065221 27.330258 11
-3.979652 9.352469 28.125458 7
-4.871152 9.009542 28.455258 12
-5.329852 8.217439 28.649658 15
-5.971052 8.123272 29.298558 9
-6.777452 7.630839 28.936858 15
-7.693552 8.105439 29.260458 11
-8.027252 8.540315 30.105458 8
-8.958752 8.503377 30.022858 15
-8.754252 9.431619 30.229158 7
-7.934952 9.59399 30.731458 11
-8.300252 10.503509 30.685158 1
-9.245852 10.714989 30.709958 7
-10.029552 10.489859 31.103658 7
-10.426752 9.589789 31.047758 7
-9.840352 8.817172 31.039658 1
-9.748752 8.942684 32.001858 7
-9.760152 8.341305 32.801658 1
-8.889752 8.187429 33.183758 1
-8.197852 7.799029 32.586658 1
-7.290952 7.494649 32.670358 11
-7.259152 7.460269 33.667658 1
-6.466052 7.074149 34.252558 16
-6.253252 7.955534 34.159058 7
-6.155152 8.692362 33.478458 1
-6.301552 8.547742 32.513858 1
-5.534952 7.988335 32.717158 11
-4.884152 7.363329 32.364358 7
-4.739852 6.550229 32.849058 16
-5.467252 5.887259 33.083858 12
-6.181752 6.180089 32.541558 7
-6.589152 6.226479 31.627358 12
-6.828652 5.360669 31.922858 7
-7.714052 5.042599 31.707658 5
-7.721052 4.168139 31.227058 16
-7.672152 3.785259 30.368758 15
-8.275152 3.478209 29.651158 12
-9.123352 3.238689 29.171858 15
-9.265952 2.466929 28.572958 16
-10.186752 1.986629 28.623858 7
-11.167352 2.119389 28.427658 14
-10.614152 2.805859 28.050558 1
-10.552252 3.798209 28.167158 16
-11.207652 4.428049 28.567358 1
-11.080852 4.486269 29.626158 16
-11.403552 5.313419 29.258558 12
-11.721752 5.765729 28.522458 12
-11.869052 5.344679 27.663458 1
-10.965652 4.958019 27.572658 15
-11.646752 4.375779 27.213058 11
-12.607452 4.348399 27.155158 13
-13.043352 4.250559 28.079058 1
-12.757252 5.005149 28.675658 12
-13.588232 4.973589 29.258358 7
-13.085652 4.086489 29.478258 7
-12.828852 4.770629 30.020558 11
-11.963552 5.127779 30.331358 12
-11.987252 4.204059 30.659258 7
-12.785752 4.078839 31.222958 1
-12.439952 4.992229 31.414258 12
-13.387352 5.159329 31.621658 8
-13.470202 4.417049 32.231758 8
-13.431442 3.413369 32.360258 12
-13.858472 2.827279 31.637658 5
-14.253302 1.988609 31.229858 16
-14.279592 1.348029 31.933358 7
-14.510122 0.587959 32.484858 7
-14.279142 -0.209091 32.944358 13
-14.444122 0.433979 33.673558 9
-15.092332 0.858719 34.296058 15
-14.958662 0.548569 35.153058 7
-15.056842 1.484579 35.161058 11
-14.547152 2.247209 35.374458 11
-14.158762 2.123619 34.508358 7
-14.879092 2.425269 33.940258 15
-15.583572 2.534089 33.260458 15
-16.378212 1.994479 33.142958 7
-16.657022 2.257119 34.024058 15
-16.221952 1.901619 34.811358 11
-16.288012 1.223549 35.451558 7
-16.612852 0.426569 35.986058 1
-17.471082 0.660899 36.372858 1
-17.106532 0.490929 37.264658 7
-17.489702 1.391959 37.511658 11
-18.081242 1.591159 36.749058 7
-18.637002 2.112059 37.419958 7
-18.889012 2.478759 36.511158 12
-19.599552 1.922439 36.771858 16
-19.916752 2.819079 37.095858 1
-19.187812 3.222949 37.530958 14
-19.586962 4.162199 37.356858 1
-18.740542 4.573009 37.246158 7
-18.994462 5.434309 36.737958 1
-18.090832 5.216709 36.420858 10
-17.221482 5.675759 36.245458 16
-16.925882 4.958559 36.820558 1
-16.558012 4.222399 36.259858 16
-16.871792 4.159469 35.363558 1
-17.531322 4.815789 35.095258 1
-17.107022 5.737469 35.089758 16
-16.244112 5.849959 34.788258 16
-16.474542 4.884709 34.646758 16
-16.585142 3.987529 34.283058 15
-16.781242 3.103669 34.552058 15
-16.560742 3.117609 35.485158 12
-17.022742 3.358089 36.304058 1
-17.396662 3.238549 37.222858 12
-17.443672 3.621579 38.147058 15
-16.613822 4.102519 37.857358 1
-16.403512 5.067089 38.040058 5
-16.013102 5.916369 38.417558 16
-16.345652 6.539979 39.002858 1
-16.673192 7.017069 38.247058 12
-16.534392 7.843555 37.658158 1
-16.746852 8.406779 36.929358 15
-16.848372 8.288625 35.914158 16
-16.462532 7.566139 35.374858 16
-15.843082 6.871609 34.966358 16
-15.405492 7.252629 35.652458 8
-15.605772 7.897014 34.965058 16
-15.662452 8.393886 34.183358 16
-14.770432 8.524485 33.735758 11
-15.325192 8.195671 32.920058 11
-15.990472 7.514519 33.265958 16
-16.882062 7.641959 32.979158 13
-16.833202 6.806079 33.532258 16
-16.091972 6.551509 34.053058 16
-15.344922 6.339719 33.427758 16
-14.695862 6.128579 32.765358 8
-14.462182 6.953859 32.336058 11
-13.561002 6.760189 31.902058 7
-12.997052 6.705029 32.748358 1
-12.337552 7.177899 33.128558 1
-13.143052 7.803359 33.341458 11
-13.118252 7.864101 34.265758 1
-14.011412 7.560499 33.996958 11
-14.170152 6.644419 34.135458 16
-14.515302 7.026099 34.968558 16
-13.970972 7.429829 35.657958 7
-13.222152 8.015033 35.432358 1
-12.569552 7.365399 35.108258 1
-12.022152 6.845049 35.695858 1
-12.639352 6.390419 36.161958 1
-12.127852 5.694829 35.889658 11
-11.322952 5.435579 35.473258 1
-11.197752 5.101279 36.352158 16
-11.470152 4.186249 36.777058 5
-11.875352 4.403119 35.973458 16
-12.713152 3.821469 35.889758 12
-13.250352 3.512159 35.214658 1
-13.612962 2.879419 36.000758 16
-13.496552 3.267959 36.835058 12
-14.257592 3.857649 36.826058 7
-14.723412 3.916549 36.043558 5
-14.565252 4.642019 35.378658 11
-15.459232 4.960389 34.986258 16
-15.527432 4.375319 34.227958 16
-14.966262 3.653099 34.573658 15
-14.357352 4.302409 33.955458 15
-14.783062 5.163179 34.054158 16
-14.079462 5.632609 34.484758 12
-13.707592 6.053899 35.345458 16
-14.637602 5.830689 35.475258 15
-15.559932 6.056819 35.670658 16
-15.934922 6.057189 36.527858 16
-16.709562 6.385849 37.100458 1
-17.559012 6.646939 37.461358 1
-18.514922 6.729019 37.403358 7
-17.952982 7.374599 36.926458 15
-17.275272 7.077309 36.339858 16
-17.697872 6.619349 35.591658 16
-18.531172 7.034689 35.320758 13
-18.957372 7.687279 35.885158 15
-19.443802 7.770159 35.116058 16
-19.580972 8.537907 34.600758 1
-18.841402 9.0865 34.224858 1
-18.568492 9.479643 35.059558 11
-18.042792 8.688593 34.790158 12
-17.374862 7.952313 34.801958 16
-17.126912 8.360344 33.928958 16
-16.466332 8.961747 33.551058 1
-16.405112 9.7739 33.005558 11
-17.223422 9.715118 33.547258 1
-16.832072 9.599493 34.427958 16
-16.459822 9.620979 35.272258 12
-15.491132 9.326915 35.112458 16
-14.658492 9.262649 34.718158 12
-14.458062 9.495911 33.812658 11
-14.221222 9.013247 33.052258 11
-14.689402 8.762543 32.242258 11
-15.095292 8.350571 31.461958 16
-15.983802 8.015139 31.503258 12
-16.650522 7.385949 31.187958 15
-15.792002 7.013489 31.548758 1
-16.632982 6.481309 31.699558 1
-16.183992 6.640599 32.563258 7
-16.503422 5.722119 32.864058 16
-15.659272 5.195819 32.792358 16
-15.293472 4.312639 32.543258 8
-15.836932 4.061229 33.366358 15
-15.743922 3.338499 32.709258 15
-15.511852 3.397569 31.745958 5
-14.975972 3.935819 31.160258 5
-14.244652 4.419819 31.351358 8
-14.806192 5.213649 31.215958 8
-14.181242 5.626469 30.574958 1
-13.343162 5.876959 30.235758 12
-12.883952 6.690459 29.962458 12
-13.886352 6.907709 29.987558 9
-13.675062 7.485219 29.215358 1
-14.286362 7.053809 28.592658 16
-14.443422 6.431379 27.821558 1
-15.343062 6.639159 27.504558 14
-15.682812 5.927999 28.135358 16
-15.920852 5.147899 27.710558 13
-15.623862 4.555719 27.042758 7
-16.076112 4.041419 26.377958 16
-15.388032 3.723759 25.710358 1
-15.692052 3.109169 26.402858 1
-15.466692 2.342299 26.948158 1
-15.533482 1.939169 27.855258 1
-15.943212 2.819569 28.134658 16
-15.067252 3.042869 28.474758 16
-14.934072 3.694399 29.147158 8
-15.353172 3.377679 30.000658 5
-15.031522 2.399389 29.927158 11
-14.491732 1.548169 29.870758 15
-14.791382 1.051329 30.616158 16
-15.755182 0.811459 30.730258 16
-16.037652 1.675819 31.081858 1
-15.902192 2.553279 30.671558 5
-16.162122 2.566159 29.714458 16
-17.083172 2.435629 29.911658 16
-17.693372 1.646229 29.956858 7
-18.184332 2.492799 29.893158 7
-17.755852 3.031069 29.228058 16
-17.261322 3.553839 28.566258 12
-18.137782 3.898799 28.666658 1
-18.354362 4.404989 29.478858 12
-18.276292 5.107999 30.118458 16
-19.160472 5.235539 29.845958 11
-19.353712 5.715749 30.627658 1
-18.792442 5.273129 31.304958 11
-18.200462 4.967599 32.090458 1
-17.986252 5.323779 33.000558 1
-17.655302 4.840119 33.712558 16
-16.732032 4.852409 33.349258 16
-17.140542 4.123989 33.018658 15
-17.771552 3.444179 33.313658 15
-17.529552 2.646449 32.925858 15
-18.289882 2.483129 33.472858 16
-18.813782 2.963459 34.111258 5
-19.456662 3.333679 34.742558 1
-18.573022 3.713369 34.904458 16
-18.407542 4.578219 34.575258 1
-19.178122 4.973659 35.063758 7
-19.386872 5.397929 34.256158 1
-18.708542 6.083249 34.369658 1
-17.875102 6.399599 34.091858 16
-17.605572 7.389449 33.967858 16
-17.963302 7.867133 33.179858 16
-18.887212 8.202957 33.013158 11
-19.783642 8.194448 32.743458 7
-20.259412 7.462559 32.264158 16
-21.122132 7.633669 31.758058 12
-21.496692 8.462783 31.529658 1
