-64.455447 1.362273 -6.881831 1
-63.839247 1.172673 -7.649531 1
-63.613547 0.406473 -7.201931 1
-62.636847 0.561273 -7.526831 16
-62.022047 0.426073 -8.247831 3
-61.956047 -0.341027 -7.627631 4
-61.063047 -0.522727 -7.603331 12
-60.415047 0.118473 -7.429831 1
-59.941347 0.691773 -8.086631 1
-59.990547 1.628473 -7.694531 1
-60.169847 1.856573 -8.625731 14
-60.957047 2.154073 -8.248931 2
-60.737647 2.962773 -8.664431 1
-61.003247 3.938473 -8.653131 1
-60.173247 4.323873 -8.884031 2
-59.965347 5.084573 -9.422331 1
-60.781447 5.290773 -9.904631 8
-60.604847 5.971973 -10.532431 1
-61.605047 5.891973 -10.715731 2
-61.622847 6.788873 -11.147131 11
-61.029747 7.386873 -10.709131 9
-60.157547 7.052173 -10.509531 14
-59.239047 7.099673 -10.142031 2
-59.043047 7.223173 -11.034131 15
-59.344047 8.068673 -11.527731 5
-59.186947 8.512073 -10.636931 2
-58.368647 8.129473 -10.887331 8
-58.081847 9.053773 -10.890231 15
-58.681747 9.702173 -10.353031 13
-58.943647 10.411473 -9.768031 9
-59.726747 10.645873 -10.263831 14
-60.602547 10.648873 -9.788631 14
-61.131247 10.776773 -8.980231 1
-60.691347 11.564373 -9.214531 14
-60.691747 11.514173 -8.253431 6
-60.345947 10.647273 -7.840131 2
-59.444747 11.111373 -8.049331 12
-59.137747 11.764573 -8.821731 2
-59.465847 11.510973 -9.697131 14
-59.386147 12.286473 -10.254231 14
-58.535647 12.591573 -9.893531 6
-57.811947 12.851973 -10.535731 2
-57.126247 12.211473 -10.873231 8
-56.356547 12.063773 -10.313031 2
-56.611147 11.696773 -9.459831 6
-57.324447 12.289073 -9.188831 1
-56.675247 12.992773 -9.175031 2
-57.053647 13.420073 -8.378231 2
-56.705247 13.204373 -7.469131 5
-57.047347 13.833973 -6.770131 11
-57.067147 14.708373 -6.321231 1
-56.577447 15.189273 -6.997431 5
-56.312947 14.616273 -7.719231 2
-57.016147 15.118373 -8.267431 2
-56.181547 15.687973 -8.152231 3
-56.612947 16.456673 -8.587231 7
-56.775147 16.920173 -9.479331 5
-56.557647 15.912673 -9.413031 2
-56.758147 15.001573 -9.559531 2
-57.002247 15.363873 -10.383331 2
-57.795947 15.169073 -9.877131 1
-58.288747 16.046773 -9.807131 14
-58.602347 16.920473 -9.573331 9
-59.250547 16.946173 -8.844131 2
-59.376147 16.080973 -8.695431 1
-60.227147 15.666373 -8.816131 1
-59.860147 14.802073 -8.691431 2
-59.318347 13.970173 -8.814531 1
-60.011147 13.379473 -9.160931 15
-60.447647 12.722473 -9.786331 14
-60.995347 12.524573 -10.528631 14
-61.973447 12.636773 -10.382831 8
-61.632547 11.664273 -10.437231 14
-62.515647 11.355673 -10.081131 9
-63.466647 11.184873 -10.250531 8
-63.715347 10.561673 -10.983631 14
-64.615247 10.412373 -11.381531 6
-64.214247 10.869473 -12.213931 10
-64.553747 11.437973 -12.962831 1
-64.200547 10.811473 -13.549131 1
-64.956247 10.263073 -13.298431 14
-64.840147 10.298673 -14.277031 2
-64.453247 10.242673 -15.153231 8
-63.875547 10.564173 -15.875131 15
-64.453547 10.711773 -16.675731 2
-64.858147 11.064073 -17.472031 2
-64.966047 12.008073 -17.723131 8
-64.764747 12.922173 -17.604731 11
-64.753147 12.621873 -16.575231 2
-65.178347 12.922073 -15.745931 12
-65.647347 12.788473 -14.952031 1
-65.316647 11.893973 -15.213431 3
-66.167547 11.617973 -15.463031 1
-66.469347 10.616673 -15.560931 14
-65.730147 10.084073 -15.915131 1
-66.112447 9.244473 -16.061831 7
-65.410147 8.767373 -15.634431 2
-65.774447 9.315673 -14.879831 1
-66.048847 8.963173 -13.934431 1
-65.786547 9.308973 -13.124831 1
-65.056847 9.153173 -12.547331 1
-64.375247 9.757373 -12.279831 2
-63.071047 9.832073 -11.455831 1
-62.330547 9.475673 -11.831331 2
-61.674647 9.505373 -11.061531 14
-61.242447 10.095273 -11.709931 2
-60.566547 9.444873 -11.244031 5
-60.355847 10.339973 -11.164731 2
-60.260747 11.243773 -11.457531 14
-60.069147 12.159373 -11.270331 14
-59.209547 12.459073 -11.293331 14
-58.270847 12.846073 -11.396131 2
-58.486647 11.911573 -11.581331 14
-58.533047 10.977573 -11.589831 14
-59.432547 10.604973 -11.823331 14
-59.850247 9.776773 -11.934531 5
-59.192947 9.840873 -12.625831 2
-59.203847 8.992573 -12.149631 5
-58.748247 8.300373 -12.552131 11
-57.987547 8.918173 -12.616431 15
-58.655147 9.193473 -13.242131 2
-58.111147 9.853373 -12.815931 2
-57.650947 10.153973 -12.041431 6
-57.162647 10.954673 -12.049631 8
-56.355347 11.374673 -11.757231 8
-56.425747 11.018573 -10.894231 2
-57.202147 10.798173 -10.206331 9
-57.227747 10.317373 -9.321531 2
-56.606747 9.582373 -9.118431 15
-56.081247 10.302973 -9.425631 2
-56.075547 10.047173 -10.384531 1
-55.220847 10.015073 -11.004531 1
-55.889447 10.403873 -11.624531 8
-55.813147 9.694673 -12.319231 15
-55.236247 10.268673 -12.750931 8
-54.691347 9.723973 -13.346031 3
-54.681447 9.728673 -14.334831 12
-55.555847 10.167573 -14.249631 14
-56.128147 10.760273 -14.704431 2
-56.483247 11.084773 -13.914031 8
-57.046047 10.453873 -14.329031 2
-56.589947 10.192773 -13.509931 8
-57.240947 9.368373 -13.520531 2
-57.100547 8.440773 -13.243431 14
-57.207047 7.464173 -13.325631 12
-58.132347 7.543073 -13.661631 6
-58.756447 7.044673 -14.177131 9
-58.447947 7.351873 -15.038431 2
-59.116247 6.760673 -15.246531 1
-59.725047 6.785873 -14.568131 1
-59.780947 7.650973 -14.100031 2
-59.209447 8.205173 -13.598131 2
-59.660447 8.068973 -12.675531 5
-60.153947 7.278773 -12.792331 1
-61.064747 7.238873 -13.039031 1
-60.991547 7.989073 -12.450431 5
-60.686547 8.574273 -13.127131 5
-60.898247 9.553073 -13.301931 2
-60.943647 9.461373 -14.261531 6
-60.899747 10.391373 -14.118531 1
-59.909747 10.132073 -14.196531 2
-60.008147 10.172673 -13.211431 2
-60.448347 10.526073 -12.384631 11
-60.926147 11.349373 -12.381131 1
-60.471747 12.159773 -12.348131 14
-60.673847 12.885273 -11.652031 14
-61.175947 13.535373 -11.174431 2
-61.822747 12.706973 -11.404031 14
-62.447447 12.502373 -12.127331 15
-61.565447 12.175073 -12.491831 14
-61.338347 12.528073 -13.374031 2
-61.398647 13.503573 -13.346131 15
-60.677747 13.424173 -14.050531 2
-60.089247 13.512473 -13.283731 14
-60.476147 13.815573 -12.503931 6
-60.054547 13.780373 -11.662031 14
-59.932747 14.749073 -11.794531 15
-59.783647 14.851273 -12.713931 2
-58.980747 14.393073 -13.056731 3
-58.746447 13.557273 -12.679031 14
-58.282547 13.069073 -13.374031 1
-57.617647 12.426573 -13.042931 8
-57.275247 13.221573 -13.604631 9
-56.377647 13.462773 -13.491631 8
-55.891547 12.985773 -14.159431 8
-55.836847 13.292773 -15.083131 2
-56.351947 14.023873 -15.392531 5
-57.185147 13.645373 -15.220731 14
-57.958547 13.980473 -14.725031 2
-58.063847 13.066273 -14.948831 2
-58.480747 12.332173 -14.546031 1
-57.800347 12.148373 -15.184031 8
-58.445447 11.414673 -15.056331 9
-57.897147 10.596673 -14.960531 2
-58.782347 10.467673 -14.715831 2
-59.276347 10.703573 -15.497731 1
-58.857047 10.038873 -15.995531 1
-57.911947 10.137473 -15.989031 2
-58.384947 10.697773 -16.601531 3
-59.277647 10.764373 -16.981931 1
-59.686747 11.495773 -16.455231 2
-59.732947 12.298773 -16.981031 7
-59.050447 12.986373 -16.586231 2
-58.195147 12.517673 -16.774531 4
-57.191447 12.399173 -16.569531 1
-56.742147 11.544573 -16.720731 3
-56.650147 11.281373 -15.822531 2
-56.799647 12.232473 -15.347731 14
-57.099447 11.331673 -14.976431 2
-57.458947 11.517173 -14.093531 8
-58.360347 11.179873 -13.987031 2
-57.883947 10.865573 -13.171731 2
-58.092447 11.659873 -12.653631 8
-58.813047 12.281773 -12.651231 14
-59.643647 12.127473 -13.024731 14
-59.260547 11.324273 -13.449231 2
-60.034447 11.165873 -14.104131 10
-60.805847 11.226473 -14.791231 6
-60.755847 12.132073 -14.575731 6
-61.658447 12.295073 -14.843831 3
-62.125747 13.160973 -14.946031 2
-62.050947 14.127473 -14.765331 12
-61.476647 14.308673 -15.559731 1
-62.049747 15.009673 -15.964931 1
-61.274047 15.557373 -16.199131 1
-61.023847 15.426173 -15.294631 2
-60.679047 16.149273 -14.797831 2
-59.895047 15.924673 -15.275731 14
-59.006347 16.148773 -15.534631 1
-59.564747 16.644673 -16.106131 8
-58.943647 17.242773 -16.637131 2
-58.595547 16.321973 -16.727631 3
-58.312747 16.289773 -17.676531 7
-58.401147 15.688173 -18.483531 8
-59.359447 15.853673 -18.062131 3
-60.133447 15.387473 -18.375631 9
-60.775147 14.677373 -18.544731 14
-61.673847 14.396873 -18.213931 1
-62.574447 14.733373 -18.432731 1
-63.265147 14.737073 -19.159231 15
-64.001947 15.217573 -18.603831 5
-63.735047 16.197773 -18.513931 11
-62.822247 16.193973 -18.250531 2
-62.240347 16.171973 -17.506331 3
-61.814547 16.694273 -16.804631 8
-62.340147 15.822473 -16.554131 12
-62.476647 15.888273 -15.646431 5
-63.011747 15.241073 -15.147731 2
-63.019847 14.244173 -15.213531 1
-62.916947 14.240773 -14.195031 2
-62.699647 13.595273 -13.403231 14
-63.076947 12.728073 -13.251231 3
-63.501347 12.509273 -12.435231 2
-63.960747 12.966873 -11.681331 2
-64.791847 12.716173 -11.268131 2
-65.265347 13.069273 -11.957431 1
-65.022247 13.976473 -11.834731 1
-64.282947 14.629673 -11.779931 14
-64.209247 15.562073 -11.923031 3
-63.275447 15.824773 -12.029731 2
-63.018447 14.963973 -11.639631 14
-62.522947 14.874673 -10.844431 1
-61.877747 15.298173 -11.374831 14
-61.019447 14.921173 -11.119031 1
-60.274247 15.101973 -10.543731 1
-59.455347 14.577773 -10.591531 2
-59.095447 13.700573 -10.303631 14
-58.568347 14.337673 -9.884631 4
-57.885947 13.977673 -9.188331 1
-57.097547 13.936673 -9.719231 2
-57.348047 14.019673 -10.637731 2
-57.249447 14.701273 -11.274331 9
-56.564847 15.341573 -11.278531 2
-56.270647 16.074973 -11.919431 6
-55.522647 15.446173 -12.100731 9
-55.660247 14.866773 -11.282031 2
-55.161147 14.562273 -10.534131 2
-54.363547 14.241273 -11.079331 6
-53.756547 14.935873 -11.340631 9
-53.214147 14.961573 -12.097131 9
-53.439047 14.054873 -11.753031 6
-54.186747 14.258573 -12.388431 9
-54.843647 14.724273 -12.858231 9
-55.615447 14.029973 -12.906031 2
-56.079047 13.465473 -12.301731 8
-56.469747 13.638173 -11.348731 2
-57.256747 13.188173 -11.738831 8
-57.111547 13.625573 -12.551631 3
-56.651147 12.768773 -12.724931 8
-56.176647 11.978973 -12.586731 8
-55.708247 11.543973 -13.330931 8
-55.070547 11.868873 -14.008431 6
-55.204647 11.627673 -14.877831 14
-54.529947 11.768173 -15.511331 2
-54.336847 12.298273 -16.252031 14
-53.662947 12.837473 -15.854931 2
-53.417847 11.874673 -15.929931 6
-53.919747 11.504073 -16.652631 8
-54.400147 11.644673 -17.472331 3
-54.814147 10.896673 -16.896631 12
-55.133447 9.980873 -17.047231 3
-55.561547 9.270173 -16.604631 3
-56.401647 9.703173 -16.335031 2
-57.052947 8.976173 -16.491931 12
-57.224147 9.162773 -15.525331 2
-57.321247 9.506173 -14.699631 2
-56.442347 9.217273 -14.790131 3
-56.555047 8.177073 -14.641931 10
-57.500747 8.378773 -14.613931 14
-58.225047 8.917173 -14.158331 2
-59.007247 9.395173 -14.313831 2
-59.533747 9.568473 -15.090431 1
-60.052347 8.943073 -14.723331 2
-59.989647 8.012573 -15.030431 3
-59.699247 8.103873 -15.961431 1
-58.943747 8.622373 -15.856231 2
-58.132447 8.453573 -15.397931 2
-57.447147 8.022373 -15.915231 8
-56.989347 7.479273 -16.629331 1
-56.273447 6.977873 -16.341431 1
-56.276047 6.060673 -16.024231 9
-55.695547 6.196773 -16.914731 2
-54.869647 5.892173 -17.256331 8
-54.626647 6.636673 -17.968031 3
-53.849047 6.793373 -17.407331 9
-53.312147 7.119473 -16.627231 14
-53.595247 6.535273 -15.866731 1
-54.439947 6.664373 -15.382131 8
-54.392347 7.131973 -14.501331 1
-53.842747 7.822473 -14.892631 6
-53.047647 8.403573 -14.991831 14
-53.338747 9.196073 -14.514031 1
-53.652347 10.188973 -14.361031 2
-53.819847 10.204273 -13.419231 1
-53.121147 10.084073 -12.710431 3
-53.981047 10.003973 -12.319931 7
-54.276647 10.907973 -12.179431 8
-53.647147 11.102573 -11.510131 2
-53.039347 11.714773 -10.959031 3
-53.542947 12.536673 -10.961731 6
-53.871047 13.475373 -10.522031 6
-53.893347 14.215273 -9.910131 2
-54.154647 14.167173 -8.883531 2
-53.479047 14.631673 -8.420331 1
-53.589947 15.186473 -9.195531 2
-53.344147 16.096973 -9.512231 8
-52.447447 16.435273 -9.628131 8
-51.704547 16.010473 -9.167631 14
-51.639747 15.795173 -10.079231 14
-51.137517 16.107073 -10.847331 3
-52.068847 16.407573 -11.012631 3
-52.831947 15.839373 -10.720231 9
-52.742547 15.302073 -9.908131 14
-53.699747 15.364273 -10.167931 2
-54.039847 16.270873 -10.343431 8
-54.719347 15.657873 -10.577531 2
-54.504447 16.248673 -11.351631 9
-55.443047 16.230173 -10.906831 2
-56.282247 16.690473 -10.973531 12
-56.780847 17.019773 -11.795731 2
-57.426447 16.375073 -12.175931 1
-57.110447 15.708473 -12.838531 1
-56.516247 15.129273 -13.399631 2
-55.604947 15.462573 -13.497931 3
-54.814047 15.849473 -13.012631 9
-54.225647 15.812573 -13.786731 2
-54.718847 15.161173 -14.280131 3
-53.728547 15.076673 -14.437131 1
-53.602547 14.606973 -15.316631 1
-53.352647 13.859073 -14.667831 2
-53.163647 12.959773 -14.495131 9
-52.842747 12.003673 -14.697531 2
-53.655447 11.776673 -14.277631 1
-53.967647 11.552073 -13.360631 10
-54.721447 12.020973 -12.990031 8
-54.183047 12.448073 -12.320831 6
-54.118447 13.178873 -12.959231 14
-54.919847 13.181773 -12.387531 6
-55.326847 12.438573 -11.925431 8
-54.586147 12.211273 -11.343031 6
-54.657747 12.753973 -10.558131 2
-54.370847 12.761873 -9.638331 2
-54.879447 12.084373 -9.120931 12
-54.721647 11.358373 -9.644931 3
-55.296947 11.039973 -10.387631 3
-55.572247 11.659973 -11.178131 8
-55.625547 12.507673 -10.891731 2
-55.367747 13.232873 -11.385331 6
-55.717147 13.540373 -10.553231 2
-56.107947 13.700873 -9.674431 2
-55.578747 13.346773 -8.886531 2
-54.821447 13.199873 -8.273831 1
-54.207847 12.777973 -7.642231 1
-53.558947 13.093673 -8.263831 8
-53.336347 13.380273 -7.373131 2
-53.345447 14.316773 -7.223731 12
-52.725847 14.662473 -6.565431 3
-51.953547 15.260373 -6.468331 3
-52.150447 15.985473 -7.135331 2
-52.451147 15.202273 -7.623931 4
-51.903247 14.863173 -8.348131 14
-51.365747 14.150173 -8.669531 14
-51.545347 13.769973 -7.804531 1
-51.238247 12.881673 -7.624031 1
-50.566957 12.240973 -7.902731 2
-49.872337 11.933173 -8.521731 9
-50.560327 11.418873 -8.814731 2
-50.433787 10.652873 -9.370231 2
-49.510367 10.146673 -9.624531 6
-49.119407 11.034273 -9.426831 3
-49.113817 11.970773 -9.295431 9
-49.032817 12.895073 -9.539831 9
-49.461957 13.611973 -9.006731 9
-49.503037 14.667773 -8.752331 2
-50.129687 15.022173 -8.151931 14
-50.967067 15.414473 -7.824031 2
-50.847677 16.298373 -8.197431 6
-49.988827 16.052873 -8.485631 1
-50.538117 16.117373 -9.320731 14
-50.933857 16.734573 -9.900031 10
-50.623097 17.515573 -10.392031 3
-51.529347 17.577473 -10.198231 3
-52.264947 17.473973 -9.635731 8
-53.047547 17.998173 -9.495431 8
-53.964247 17.636873 -9.331131 8
-54.579047 16.867873 -9.347631 1
-55.296247 16.146473 -9.654831 2
-55.639247 15.514773 -9.057931 2
-55.678047 14.688373 -9.597631 2
-55.154247 14.412973 -8.864431 2
-54.627947 14.726373 -8.116431 1
-54.557847 15.693873 -7.935031 3
-54.256447 15.792673 -8.839631 2
-53.827947 16.600573 -8.343631 8
-54.150347 17.416873 -7.976431 14
-53.357447 17.902673 -8.180031 8
-52.951747 18.858873 -8.068031 2
-52.871347 18.873273 -9.011631 6
-53.521047 19.440873 -9.446231 7
-52.920747 19.767773 -8.708631 3
-53.292147 20.633473 -8.530431 2
-52.443547 20.802673 -8.124331 3
-51.994247 20.563873 -7.264131 3
-51.840047 21.176973 -6.577431 2
-50.897537 21.171173 -6.249231 14
-50.762957 21.574273 -7.212531 3
-50.077637 21.129173 -7.724031 14
-50.659417 20.351373 -7.435831 6
-50.987387 20.482673 -8.350031 4
-51.770647 19.814173 -8.108831 13
-51.114817 19.613673 -8.835931 2
-51.100817 19.118673 -9.717431 7
-50.657497 18.877373 -10.561831 2
-50.689337 18.409673 -11.441131 6
-50.554237 17.566773 -11.895831 3
-50.559347 16.639673 -11.907031 3
-50.234077 16.637373 -11.032031 3
-49.374087 17.062973 -10.809231 2
-49.010357 17.930173 -10.867731 10
-48.247537 17.680373 -10.309131 5
-48.642627 17.351573 -9.534031 3
-47.672057 17.466173 -9.536931 5
-47.764707 18.017473 -8.684431 1
-48.402787 18.710273 -8.820031 1
-48.745937 19.173373 -8.050831 14
-48.990947 19.163573 -7.123031 3
-48.897867 20.064873 -7.524431 1
-48.320567 20.793273 -7.319631 9
-48.770127 20.862373 -8.164931 9
-48.939247 21.826073 -8.369131 3
-48.056767 22.010973 -8.888931 8
-47.237167 22.410873 -9.215531 3
-47.086477 23.408273 -9.037531 9
-47.040637 23.323173 -10.018731 3
-46.140587 23.683873 -10.253831 1
-45.316847 24.232873 -10.137931 10
-45.563367 24.806773 -10.890231 1
-45.444937 24.999973 -11.827331 8
-46.053137 25.824873 -11.867931 1
-46.734147 26.463273 -11.363831 9
-47.165437 25.574373 -11.706431 3
-47.918057 25.881373 -11.149731 14
-47.835747 25.184873 -10.402231 2
-47.303247 24.545773 -10.988731 4
-47.677467 23.640373 -11.330131 1
-48.226827 23.200973 -11.992431 2
-47.762617 23.769873 -12.603431 3
-47.092367 23.308773 -13.072931 12
-47.783267 23.422073 -13.779931 13
-47.613207 23.440873 -14.816431 10
-47.260167 23.677873 -15.588731 3
-46.517397 24.249573 -15.240831 3
-45.974317 23.543673 -15.681531 5
-45.797557 22.645673 -15.698131 9
-45.840187 21.865273 -16.277431 8
-45.291027 21.137973 -16.543531 10
-45.076677 21.571773 -17.357231 7
-45.755067 21.588573 -18.067831 3
-46.599737 21.221873 -17.849531 1
-47.387727 21.764873 -18.002431 1
-47.589327 22.604373 -17.587831 10
-48.362057 22.467073 -18.257431 6
-48.929367 21.702273 -18.428731 3
-48.586647 20.811673 -18.333431 2
-48.648467 19.876073 -18.555331 2
-48.553567 19.284173 -19.253131 1
-48.252237 18.536473 -19.757031 3
-47.682697 17.786773 -19.474031 1
-48.564427 17.456973 -19.198431 3
-48.265907 17.446273 -18.212331 6
-48.183897 18.220673 -17.595931 9
-48.795477 18.554673 -16.946731 8
-48.031097 18.439973 -16.295731 12
-47.729507 17.901873 -15.453831 6
-48.492597 18.325673 -14.873031 6
-49.161937 18.041973 -14.193431 3
-49.806977 18.066873 -13.435131 3
-49.927717 18.949873 -12.932531 9
-49.822387 18.103373 -12.433531 3
-49.105317 17.579773 -12.902631 3
-48.545427 18.353173 -12.613731 4
-48.238707 18.230373 -13.527731 6
-47.553777 18.866773 -13.496431 9
-47.401327 18.050373 -12.929131 13
-47.214487 18.716973 -12.247131 8
-47.065127 17.976973 -11.604831 5
-48.001577 18.394073 -11.582931 10
-48.527077 17.543173 -11.601731 3
-47.709487 17.249073 -11.274731 5
-47.601277 16.317973 -11.468331 5
-48.631607 16.476573 -11.827331 3
-49.393657 16.057673 -11.382831 3
-49.352807 16.061973 -10.406131 10
-50.166357 15.603873 -10.317331 3
-50.978497 15.156973 -10.094731 14
-50.727437 14.339573 -9.705031 14
-50.832917 13.453873 -9.461131 9
-51.384847 12.997273 -9.956931 5
-50.577767 12.641073 -10.248531 9
-50.332147 11.774873 -9.876031 3
-49.609217 12.482473 -10.222031 9
-49.529177 11.622073 -10.650431 9
-50.126947 10.764173 -10.908831 1
-51.089577 10.674773 -10.893631 3
-51.893747 11.005673 -11.232631 4
-51.637247 11.424073 -12.076731 1
-51.520247 11.406273 -13.096831 1
-51.362747 12.083273 -13.805631 1
-50.452007 12.208973 -14.012631 1
-50.421657 13.176973 -14.392531 4
-50.718667 14.087573 -14.176331 1
-50.028637 14.633573 -13.801031 3
-50.266047 14.345073 -12.905231 1
-50.037857 15.154073 -12.447931 3
-49.854867 16.124873 -12.368331 3
-49.129277 16.520173 -12.833931 3
-48.222207 16.745673 -12.900131 11
-47.499477 16.900573 -13.479031 6
-46.774807 17.050273 -14.001431 6
-45.779547 16.783473 -13.933531 3
-46.063647 16.609273 -14.830231 6
-45.134297 16.765973 -14.904231 15
-45.270127 17.480373 -15.532531 13
-45.726337 17.842373 -14.804131 3
-46.430857 17.714873 -15.458631 3
-46.879897 18.167873 -14.681431 6
-46.649277 18.141773 -13.708531 13
-46.053117 19.063273 -13.817331 10
-46.206527 19.939273 -14.350931 3
-46.450527 20.409973 -13.473231 1
-46.869537 20.999573 -14.130531 9
-46.688887 21.848873 -13.759431 5
-47.008017 21.346073 -12.918931 8
-46.663397 21.878073 -12.175131 3
-46.052977 22.009873 -11.427231 3
-46.331837 21.225973 -10.983931 9
-46.031327 20.364973 -11.222331 4
-47.003007 20.299073 -10.853931 3
-46.901317 19.414573 -11.262231 12
-46.624497 18.771173 -10.533331 5
-46.917707 19.274873 -9.776331 9
-46.072047 19.397973 -9.250231 8
-45.560677 18.737173 -8.744931 3
-45.134607 19.150073 -7.917531 4
-44.853707 18.217573 -7.777431 6
-45.410277 17.410373 -7.868431 1
-45.106857 16.655873 -8.298531 2
-46.029137 16.411573 -8.587431 3
-46.799567 15.823473 -8.789731 1
-47.203147 16.553973 -9.277631 3
-46.775297 16.816073 -10.086531 5
-46.937217 16.038173 -10.600031 5
-47.301277 15.372873 -9.976531 1
-46.431197 15.282073 -9.712431 10
-45.623187 15.586073 -10.256331 5
-45.087607 15.184373 -9.576431 6
-45.435987 14.405473 -10.080231 3
-46.179397 13.842273 -10.218831 1
-46.699417 14.131073 -9.439531 3
-47.287637 13.453173 -9.083331 13
-48.244027 13.330173 -8.946631 9
-48.145477 14.263273 -8.876431 3
-48.717317 14.888373 -9.442831 9
-49.449177 15.512373 -9.503131 10
-49.647757 14.723273 -9.934331 9
-50.242417 14.690373 -10.726031 3
-50.751947 13.889173 -10.817431 9
-51.513747 14.362573 -10.630131 14
-51.403547 15.162673 -11.244231 3
-51.016067 14.903173 -12.074131 3
-51.860547 14.408573 -12.239531 13
-51.835447 15.303573 -12.664631 3
-51.982647 16.232373 -12.966231 3
-52.882847 15.936373 -12.735031 9
-52.806847 16.292773 -13.651831 1
-52.374547 16.132173 -14.476831 1
-52.517547 15.977573 -15.435431 9
-52.078847 16.020173 -16.338431 4
-51.828547 16.990473 -16.235431 6
-51.465047 16.526773 -15.518631 6
-51.869847 16.993573 -14.764331 4
-52.563047 17.441773 -14.237431 3
-53.545447 17.479273 -14.352231 1
-53.641047 18.354573 -13.867431 1
-53.163347 17.924573 -13.163331 3
-53.266347 16.971673 -12.765131 3
-54.000347 16.337073 -12.631431 9
-54.560747 17.068273 -12.301931 1
-54.836347 17.263273 -13.201831 8
-54.584447 18.062373 -12.808831 9
-53.874547 17.954273 -12.106731 10
-54.218647 18.201873 -11.256031 5
-53.639247 17.515173 -10.990731 8
-52.763347 17.174573 -11.270331 5
-52.158547 16.908873 -12.044831 3
-51.304447 16.994073 -12.459031 3
-51.609147 17.927973 -12.134531 3
-51.199047 18.857473 -12.213231 5
-51.889547 18.558973 -12.847731 3
-52.264747 19.302973 -12.394131 11
-52.154647 20.119773 -11.931731 5
-52.418347 20.721473 -12.666631 3
-52.533747 21.328173 -13.376331 6
-53.524647 21.615573 -13.417631 1
-53.534147 21.341973 -14.280531 10
-52.970547 20.997573 -14.966331 4
-52.267447 21.118773 -15.660231 9
-52.240547 20.169473 -15.645531 8
-51.868347 19.585873 -15.001331 1
-52.035047 18.889073 -14.350931 3
-51.177547 19.002373 -13.969731 12
-51.574147 18.094273 -13.861831 3
-51.026787 17.590473 -14.526131 15
-50.434907 17.422573 -13.816931 3
-51.053737 16.880073 -13.426731 3
-50.324687 16.323573 -13.656531 3
-50.586527 15.728473 -14.390531 1
-49.692967 16.104273 -14.448331 3
-49.106927 16.567473 -15.015631 14
-48.173647 16.831973 -15.210431 6
-47.842647 16.450573 -14.326931 6
-48.754497 16.190973 -14.001631 3
-48.063997 15.472673 -14.167731 6
-48.354297 15.284573 -13.304131 3
-47.763927 15.146173 -12.519431 3
-47.452497 15.908273 -13.059031 9
-46.483277 16.291773 -13.162731 6
-46.016437 17.002873 -12.617331 9
-45.595737 17.161473 -11.761731 5
-44.826137 16.645273 -11.908831 13
-44.339037 17.281473 -11.392531 3
-43.700407 17.928573 -11.162131 9
-43.603997 17.363073 -10.366731 4
-44.206417 16.653573 -10.125431 3
-45.091487 16.932673 -9.924531 5
-45.700277 17.600573 -9.662331 1
-45.990207 17.757073 -10.592131 5
-45.343547 18.469673 -10.624531 9
-45.359847 19.169573 -11.379331 1
-44.707807 19.097873 -12.095131 1
-45.042777 19.095573 -12.991931 3
-44.193077 18.991473 -13.446731 13
-43.759107 19.105373 -14.356531 9
-44.231327 18.299773 -14.411731 1
-43.807807 17.838273 -15.146031 10
-44.207497 17.261473 -15.773131 3
-44.434887 17.125773 -16.707831 3
-44.949867 17.188173 -17.565731 1
-45.802777 17.259973 -18.049631 15
-46.283077 16.439173 -17.659231 8
-47.074367 16.738973 -17.200931 4
-47.299037 15.818173 -17.081731 3
-47.428977 16.295573 -16.197231 6
-48.335977 15.996173 -16.464431 5
-49.100877 16.527773 -16.286431 9
-48.834207 15.826873 -15.623831 6
-49.099367 15.311973 -14.842431 8
-49.026437 14.746273 -13.931031 3
-49.204327 14.634973 -12.988331 3
-49.274227 13.703073 -12.981231 4
-48.727367 13.427773 -13.674931 3
-49.129967 13.048273 -14.443231 8
-49.603337 12.262873 -14.714231 3
-49.314827 12.276173 -13.777231 13
-49.317277 12.702773 -12.907331 3
-49.905747 12.482973 -12.145931 9
-50.156267 12.065273 -11.319431 9
-51.096587 12.255173 -11.085931 14
-50.960327 13.154073 -11.510831 9
-50.395277 13.543773 -12.198231 4
-49.798507 14.222573 -11.982131 1
-49.472747 14.919973 -11.402831 3
-49.290357 14.139973 -10.819831 9
-48.717717 14.812973 -10.446731 13
-48.288047 15.666173 -10.733631 5
-48.184277 14.972573 -11.458931 3
-48.759727 14.373873 -12.076131 3
-49.105547 13.520073 -11.839431 9
-48.217697 13.351173 -12.218031 3
-47.401927 13.373573 -12.688931 3
-47.556247 13.373473 -13.596131 3
-47.694037 13.979973 -14.267231 6
-48.522427 14.085273 -14.724631 1
-48.110227 14.722373 -15.317231 6
-47.756487 14.229573 -16.008931 10
-47.016407 14.503873 -16.630631 1
-47.101577 15.192773 -15.899831 6
-46.695097 15.750573 -15.204131 6
-46.292117 16.080673 -15.984431 3
-46.081717 15.112773 -16.066431 10
-45.632397 14.188073 -16.034931 1
-45.107497 14.848773 -16.513231 15
-44.883917 15.138773 -17.413031 3
-45.806317 14.755673 -17.339631 10
-45.630847 14.805973 -18.329431 3
-45.118177 13.945773 -18.198731 6
-45.570597 13.901573 -19.141131 5
-45.177457 14.194073 -19.949031 3
-45.042457 14.910673 -20.674431 13
-45.924867 15.030173 -20.383131 11
-46.519407 15.080673 -21.098531 5
-47.377017 15.398973 -21.326431 9
-48.018737 14.737973 -21.095431 6
-48.870497 14.382273 -21.388131 8
-49.179187 13.614573 -20.886531 3
-49.115787 12.728073 -21.183131 9
-49.007847 11.832273 -21.470831 3
-49.866057 11.993373 -20.976631 5
-50.584967 12.577973 -20.808231 3
-50.274837 12.240273 -19.969431 1
-49.541937 12.494773 -19.360831 3
-49.110057 13.360173 -19.100031 3
-48.954377 12.632773 -18.504131 9
-49.510677 12.828773 -17.796331 1
-50.277417 13.323973 -17.879631 9
-50.984337 12.819673 -17.549331 3
-50.843947 11.963073 -17.176631 8
-51.390547 11.332773 -16.778231 1
-51.515347 10.517573 -16.144931 4
-50.538097 10.594573 -16.112231 4
-49.878827 11.085273 -15.571631 1
-49.058957 11.324773 -15.041531 1
-48.450697 11.418973 -14.283531 3
-48.571297 10.674473 -13.741731 5
-48.431217 11.513973 -13.230631 3
-48.469217 11.784773 -12.292231 9
-47.530657 11.575473 -12.688631 3
-47.493477 12.343973 -12.204731 3
-47.949747 12.321073 -11.375831 9
-47.753047 11.393573 -11.632931 15
-48.642087 11.391973 -11.128331 9
-48.309297 10.652173 -10.580131 6
-48.622077 9.834673 -11.057631 6
-48.951697 10.486973 -11.772531 9
-48.670337 10.507173 -12.742931 5
-47.726067 10.310373 -12.663231 3
-46.802227 10.504073 -12.790531 10
-46.611497 11.415373 -13.164331 3
-45.809797 11.070573 -12.692731 3
-45.717627 10.068573 -12.512931 1
-45.204697 9.341573 -12.177731 3
-45.741867 9.697773 -11.408831 13
-46.763737 9.623073 -11.035631 6
-46.853517 8.772273 -10.690031 6
-46.787417 7.883273 -11.164331 3
-47.449107 8.102073 -11.858331 13
-47.481867 9.031273 -11.489331 6
-47.103067 9.091573 -12.359531 1
-47.253497 9.101773 -13.264331 5
-47.311457 9.936673 -13.744131 3
-46.542637 10.612773 -13.906031 3
-46.069387 9.837973 -14.330031 10
-45.755617 8.995873 -14.739231 5
-45.083967 9.641773 -14.994131 14
-45.373707 9.471173 -15.882331 3
-45.826547 10.265273 -16.273631 11
-45.219287 10.665473 -16.878131 4
-44.672577 11.284073 -16.318731 9
-45.452887 11.311673 -15.781431 6
-45.202017 11.468273 -14.836831 3
-45.000897 12.173773 -14.249331 3
-44.199937 11.667173 -14.259131 4
-44.069837 10.743673 -14.568331 12
-44.873437 10.741673 -13.935331 3
-44.032177 10.913973 -13.400631 4
-43.030857 10.854273 -13.226731 13
-43.246127 11.233373 -12.382531 8
-43.648757 11.730673 -11.594531 3
-43.838027 11.420673 -10.612831 1
-44.144847 10.713473 -9.990931 1
-45.060187 10.394073 -9.776531 9
-45.892667 10.977773 -9.618631 1
-46.713747 10.541673 -9.343031 6
-46.981587 11.352373 -9.822631 10
-47.968147 11.316473 -9.760431 9
-47.710927 10.332573 -9.701431 6
-47.209067 10.515473 -10.506231 6
-46.773387 11.145373 -11.154931 3
-46.307947 10.626773 -11.806231 3
-45.688167 10.909473 -11.160231 1
-45.243557 11.279973 -10.432631 9
-45.022687 11.799273 -11.190531 4
-45.462247 11.913573 -12.022831 3
-45.873857 12.246973 -12.856431 3
-45.005817 12.205973 -13.183431 13
-44.078877 12.309473 -13.187231 9
-43.122227 12.210373 -13.293831 15
-43.225007 12.365073 -14.282531 5
-42.928327 13.249873 -14.618531 3
-41.992189 13.101473 -14.448831 10
-41.982223 12.655373 -13.549931 1
-41.246142 12.864173 -12.936131 3
-41.656718 13.235073 -12.153731 5
-40.90715 13.861373 -12.238731 8
-41.431103 14.107673 -11.375731 3
-41.800161 14.874573 -10.760331 1
-42.361637 14.124473 -10.871731 5
-43.131077 14.253773 -11.536831 8
-43.411377 15.158573 -11.358831 6
-43.696237 15.153373 -12.314731 10
-44.354307 15.096773 -13.004631 9
-43.940037 14.247673 -13.284231 13
-43.948657 13.836373 -12.404031 11
-44.746457 13.326473 -12.131031 13
-45.697457 13.211173 -12.341531 3
-46.547167 12.786973 -12.198531 3
-46.236637 12.985073 -11.334331 13
-46.871887 12.266073 -11.140831 3
-47.394567 12.205373 -10.297531 9
-47.035837 13.179673 -10.412231 3
-48.009227 13.044273 -10.339231 9
-48.940707 13.175173 -10.651131 9
-48.271427 13.635873 -11.186231 3
-47.611597 14.232373 -10.936431 6
-46.732077 14.075673 -11.168031 3
-46.888717 15.037673 -11.435131 6
-46.317077 15.821973 -11.418431 5
-45.569267 15.199173 -11.640231 4
-45.844107 14.421873 -12.088531 6
-46.578777 13.812173 -12.221131 3
-46.992497 14.224673 -13.009231 3
-47.192037 14.996273 -13.638631 6
-46.620427 15.338973 -12.985731 5
-45.982247 14.725573 -13.395731 8
-46.251967 14.947973 -14.285831 6
-46.544707 14.060873 -14.123331 3
-45.533107 14.161673 -14.187331 5
-45.619077 13.450073 -14.803531 15
-45.258407 13.275273 -13.895531 10
-45.934947 12.537373 -13.814131 3
-46.734187 12.898473 -14.180131 3
-46.963037 13.304473 -15.015831 1
-46.524017 13.307473 -15.822531 1
-45.705907 12.728073 -15.613231 1
-45.998957 12.043673 -14.960431 4
-46.594747 11.325073 -14.971131 1
-46.793957 11.816573 -14.149731 3
-47.731647 12.067973 -14.011931 3
-48.129077 12.361873 -14.893831 10
-47.782937 11.530273 -15.234631 1
-47.714657 10.628573 -14.788631 3
-47.217727 9.872273 -14.853631 1
-48.059377 9.204573 -14.984131 1
-48.784667 9.293973 -14.334331 5
-49.426597 9.863073 -14.711031 14
-49.941847 9.026273 -14.847831 4
-49.403717 9.207073 -15.635231 6
-50.130457 8.729873 -15.938731 9
-51.069457 8.565673 -16.206731 12
-51.926547 8.869973 -15.866931 9
-51.957347 9.656573 -15.226531 4
-51.041567 9.868273 -14.987331 3
-51.186047 9.173373 -14.285531 11
-50.774967 9.900673 -13.836831 3
-50.418807 9.854573 -12.946831 5
-50.240217 10.709273 -12.564131 9
-49.864637 10.071173 -11.936231 3
-50.596947 9.334973 -12.016131 10
-50.388797 9.520673 -11.112131 10
-49.531597 9.612773 -10.614031 6
-49.648277 8.721573 -10.887131 10
-49.822297 8.623773 -9.910531 13
-50.414537 9.282073 -9.658931 8
-51.273947 9.602473 -9.956831 13
-51.244647 8.974573 -10.714331 10
-51.424947 8.493773 -9.849631 6
-52.398947 8.463173 -9.445831 4
-52.605747 7.796373 -8.784231 13
-53.042647 7.511173 -7.985131 3
-53.409947 8.230173 -7.454331 10
-52.809147 8.891873 -7.134631 1
-52.579847 8.116573 -6.688331 4
-51.767247 8.667073 -6.564531 9
-51.681647 8.178973 -5.782331 4
-51.446147 7.269673 -5.938631 4
-50.701267 7.229373 -6.462431 6
-51.212847 7.108973 -7.330131 5
-50.538827 7.877673 -7.248831 1
-50.762087 8.836773 -7.413331 4
-50.468527 8.762573 -6.474131 1
-49.556057 8.291573 -6.615931 4
-48.665597 8.068873 -6.975331 13
-47.737577 7.846573 -6.808031 13
-48.184507 7.394973 -7.535031 13
-48.226777 6.677673 -8.171731 5
-48.880537 6.380873 -8.840231 3
-49.682717 6.517473 -9.361031 10
-49.604367 7.533373 -9.303631 3
-50.206527 7.556173 -10.085431 11
-50.657227 7.328673 -10.907731 10
-51.558147 6.873973 -11.111831 11
-52.387747 6.758573 -10.626431 4
-53.206547 6.659573 -10.201231 8
-53.191147 7.547373 -10.523731 4
-52.787847 8.407573 -10.577131 9
-53.197547 8.595473 -11.413131 11
-53.450847 8.859473 -12.284631 6
-52.497447 8.911273 -12.189231 10
-51.679347 9.199673 -12.645231 4
-51.491647 8.409873 -12.071131 3
-50.650687 8.337773 -12.549731 10
-50.943707 7.408073 -12.486231 4
-50.041117 7.549273 -12.163231 10
-49.704837 7.659073 -11.210531 10
-49.076197 7.653073 -12.012431 3
-49.428677 7.961673 -12.863331 10
-48.884667 8.742273 -13.287831 5
-49.050357 9.325473 -12.562831 5
-48.673387 8.983473 -11.709131 10
-48.666147 8.925473 -10.725231 6
-48.249157 8.658773 -9.905031 6
-48.438697 7.953373 -9.312131 1
-48.659587 7.878173 -8.387631 13
-49.405677 7.219273 -8.224831 4
-49.676267 6.356973 -7.879231 1
-49.195277 6.781073 -7.133031 13
-48.342997 6.348473 -7.126631 13
-48.021507 5.729073 -7.764931 1
-48.827927 5.229673 -7.929231 1
-48.826657 5.221773 -6.956331 9
-48.935557 5.082973 -5.961631 3
-48.882777 4.223273 -6.435631 15
-49.191917 3.412973 -6.003631 4
-49.080547 3.384873 -5.004131 1
-49.676057 2.619773 -5.070431 13
-50.691087 2.756573 -4.967831 8
-51.550747 2.606173 -5.297431 12
-51.749747 3.315473 -5.927731 4
-51.446647 3.690573 -5.124231 9
-51.335847 4.675973 -5.086831 10
-52.212647 5.079273 -5.245931 6
-52.187647 5.686473 -4.514031 4
-51.284847 5.553773 -4.538631 4
-50.331317 5.641773 -4.736331 3
-50.069807 6.543973 -4.402231 3
-50.754037 6.790773 -5.006831 4
-50.264207 6.419873 -5.780431 2
-49.317417 6.556373 -5.970331 1
-48.856827 7.153373 -5.354331 13
-49.821417 7.437373 -5.270231 4
-49.788697 8.285873 -4.747231 4
-48.863977 8.396873 -4.949431 13
-48.518107 8.718873 -4.098231 11
-49.116237 8.740073 -3.377231 10
-48.490447 8.418873 -2.694831 10
-48.121317 7.558773 -2.532931 15
-47.485797 7.219173 -1.811231 13
-46.920027 7.683573 -1.154631 5
-47.531037 8.495073 -1.157631 1
-48.054977 8.860073 -0.404031 10
-48.543167 8.086473 -0.223831 1
-48.909047 8.838273 0.234989 1
-49.465557 8.937773 -0.532631 9
-49.897107 9.698973 -1.023331 1
-49.373947 9.233773 -1.674531 10
-49.851667 8.940373 -2.407931 10
-50.066457 8.363873 -1.696731 1
-50.103307 7.449273 -1.484031 6
-50.107407 6.758973 -2.303531 1
-49.882837 5.963573 -2.794431 3
-50.461677 6.591073 -3.276531 4
-51.101097 7.315373 -3.278531 6
-50.999317 7.565473 -4.220331 4
-50.158907 7.503773 -3.688331 3
-49.590567 7.845873 -2.932231 8
-49.022257 7.476073 -3.660031 10
-48.000507 7.379373 -3.701231 11
-47.626427 6.814573 -3.066031 5
-47.217367 6.076073 -3.628331 10
-47.689027 5.185773 -3.682431 4
-48.022307 5.015173 -4.599331 10
-47.630367 5.859373 -4.851631 5
-47.766737 6.781073 -4.970431 8
-47.492847 7.223373 -5.813931 13
-47.916917 6.313073 -5.965431 13
-47.701667 5.477973 -6.404331 4
-46.691767 5.576073 -6.371831 1
-46.469357 6.486073 -6.327431 13
-45.606147 6.119173 -6.670031 6
-45.544307 5.795973 -7.516731 4
-46.413667 5.525673 -7.942931 1
-45.894717 6.270273 -8.352531 13
-46.018557 5.849273 -9.258631 4
-45.575317 5.093573 -9.026531 6
-45.438947 4.969673 -9.965031 9
-46.198017 4.481873 -9.619231 5
-46.989647 4.208073 -9.243431 4
-46.903577 3.878473 -8.385931 15
-45.955837 3.741573 -8.304531 11
-45.695377 4.002673 -7.415531 4
-45.228247 3.947173 -6.597431 11
-45.069607 4.912673 -6.756231 10
-44.514097 5.026473 -7.583431 3
-44.413807 5.914073 -7.104631 8
-43.736617 6.536973 -6.889131 10
-43.303627 7.230873 -7.411731 12
-44.257517 7.548173 -7.237831 6
-44.646687 7.177773 -8.047531 10
-45.479777 6.887773 -7.680031 4
-46.420387 6.852173 -7.284931 13
-47.123277 6.677373 -7.952931 13
-47.163077 6.026673 -8.760131 10
-46.934037 6.827073 -9.188631 13
-47.522217 6.355173 -9.899131 4
-47.628527 5.508773 -10.436331 3
-48.294227 4.855673 -10.202631 9
-48.133047 4.328673 -9.484531 5
-49.057797 4.127073 -9.474231 1
-50.040067 4.233073 -9.756131 10
-50.552007 3.951973 -8.987431 1
-51.143537 4.304573 -8.313731 15
-51.931047 4.003173 -8.813431 1
-52.764247 4.161773 -8.543931 4
-53.422047 4.342873 -7.754831 3
-52.996047 5.121073 -7.526331 1
-53.221647 5.120573 -6.612831 1
-52.711547 5.920573 -6.740331 1
-52.170847 6.510773 -6.276231 4
-52.753847 6.379173 -5.585531 4
-53.693447 6.525573 -5.651431 3
-53.530547 7.232473 -5.006531 10
-53.624547 7.711373 -5.823131 4
-54.420647 8.318873 -5.896431 1
-55.203047 7.823573 -5.570131 1
-55.258547 8.336973 -4.754531 5
-55.194847 9.287073 -4.771231 3
-54.919047 9.880173 -4.107431 9
-54.737147 9.121373 -3.585131 6
-55.267447 8.672373 -2.891831 13
-54.922647 8.384073 -1.999231 4
-54.100147 7.920773 -1.978031 10
-53.869847 8.492973 -2.706731 13
-53.090447 9.072573 -2.767531 11
-52.148947 9.001273 -2.936431 6
-52.269847 9.926473 -2.826631 10
-52.039747 10.770973 -2.516831 4
-51.108197 11.028373 -2.411431 11
-50.094117 11.033573 -2.461831 10
-50.540357 10.397373 -3.024531 10
-49.784987 9.811673 -3.185531 10
-50.384587 9.197873 -3.682731 13
-50.938247 8.524073 -3.325931 6
-50.997807 8.544473 -4.305631 4
-51.993747 8.752773 -4.254231 3
-52.366147 7.919573 -4.526631 13
-51.701147 7.373673 -4.983531 4
-52.477647 6.875673 -4.643431 4
-53.330747 6.360973 -4.425831 6
-54.130347 6.693073 -3.928131 12
-54.649147 5.930373 -4.228031 8
-55.297147 5.580073 -3.532231 4
-56.049947 5.562773 -4.161031 8
-56.797147 5.003973 -3.697331 10
-57.042647 5.567573 -2.942131 1
-56.830447 4.671373 -2.700431 3
-56.419647 3.791273 -2.747231 1
-56.074647 2.938073 -2.530531 4
-55.970447 2.066973 -2.857931 13
-55.560447 1.511173 -2.222331 4
-55.803947 0.973273 -1.477931 10
-54.897047 1.114373 -1.251731 1
-54.064547 0.658673 -1.260931 13
-53.356347 0.701573 -1.847031 4
-52.495047 1.170673 -1.854431 5
-51.853347 0.496273 -1.827131 10
-52.007347 -0.338127 -1.346731 1
-51.599047 -0.807727 -2.089031 13
-50.942797 -1.374627 -2.525731 9
-50.089717 -1.772227 -2.733931 10
-50.432157 -1.906227 -1.863031 4
-49.450007 -1.757327 -1.751231 9
-48.730187 -1.171827 -1.670531 10
-49.172757 -0.829727 -0.853031 11
-49.375367 0.127573 -0.841331 4
-49.031767 0.511873 -0.035531 13
-49.605107 0.532173 0.767179 9
-49.663567 0.822373 1.691759 10
-50.416337 1.386073 1.272599 15
-49.785027 1.601973 0.576759 10
-49.748257 1.184773 -0.312231 6
-50.643337 1.433573 -0.358831 3
-51.132037 1.666973 0.408819 6
-51.248347 2.460473 1.001899 4
-51.493047 3.171173 1.702389 13
-50.868527 3.844373 1.691479 5
-50.361497 3.248473 2.253989 1
-49.671927 3.437773 1.605149 3
-49.917247 3.263273 0.619159 4
-50.539847 3.745173 0.013669 7
-51.377247 3.366473 0.050969 5
-52.381947 3.269573 0.200079 10
-52.859747 3.933973 0.778179 4
-53.412347 3.889373 -0.091031 8
-53.228147 4.806373 -0.316231 10
-52.435547 4.994373 -0.774831 13
-51.532547 5.308373 -1.086231 5
-52.050647 5.189873 -1.940131 4
-52.022447 5.296873 -2.848031 9
-51.599647 6.074473 -2.412531 10
-52.001647 6.287573 -3.255231 4
-52.318847 6.945873 -2.665831 6
-52.296247 6.828073 -1.697831 1
-51.503947 7.456573 -1.742431 6
-51.093597 8.250073 -1.271831 3
-51.325447 8.822373 -0.523731 12
-51.534547 9.456173 0.158719 4
-52.266347 10.134073 0.031469 1
-51.729547 10.913573 0.017669 1
-50.988087 10.330373 -0.224231 4
-50.243867 10.876973 -0.148531 1
-49.679187 11.427573 -0.715031 1
-49.526317 10.657173 -1.328431 10
-48.738277 10.448773 -1.871331 10
-49.161687 10.637073 -2.685731 10
-48.838267 10.255173 -3.476031 10
-48.188857 10.345973 -4.177031 14
-47.426327 10.884273 -4.446731 4
-47.304867 10.835273 -5.409531 4
-47.714317 9.998473 -5.361731 13
-47.049747 9.797173 -4.633831 4
-47.561717 9.004773 -4.752031 11
-48.121137 9.128373 -5.592331 13
-48.837447 8.986973 -6.204031 3
-48.026087 8.829073 -6.669731 13
-47.541577 9.458173 -7.244431 13
-48.605797 9.296073 -7.442031 8
-49.464207 9.497073 -7.724931 11
-49.597497 10.069473 -8.509531 10
-48.751277 10.123573 -8.960731 6
-48.112407 10.662873 -8.465531 5
-48.477087 11.601973 -8.413631 9
-47.849187 12.262473 -8.328531 9
-47.297147 12.958073 -7.938531 6
-46.934297 13.251873 -7.057731 10
-46.763707 13.171473 -6.081431 10
-46.437787 12.756773 -5.259231 4
-46.564677 13.505673 -4.620731 4
-46.492597 14.448473 -4.447331 5
-46.960777 14.718273 -3.667331 10
-46.974937 14.351573 -2.770931 13
-46.391417 13.627173 -2.631131 15
-46.176317 13.055373 -3.343631 4
-45.938977 12.207173 -3.498631 4
-46.429077 12.000273 -2.692931 13
-46.964077 11.225673 -2.531931 10
-46.248807 10.655273 -2.852031 4
-45.604487 11.275673 -2.540131 4
-45.346457 11.205273 -1.622831 5
-45.864247 11.745873 -1.014531 13
-46.835297 11.948873 -0.934631 3
-47.415787 11.167273 -0.977131 1
-48.146927 11.362473 -1.624131 10
-48.597287 12.251773 -1.525931 10
-48.127007 12.189573 -0.643231 1
-47.424947 11.964773 -0.051531 1
-46.656857 11.651473 0.579909 1
-46.294797 10.765573 0.267499 8
-46.895277 10.363373 -0.435731 7
-47.246367 10.097573 -1.334331 6
-47.796537 9.865073 -2.191931 10
-47.891417 9.761073 -3.149231 10
-47.355937 8.978573 -3.052131 14
-46.704867 9.311073 -3.715631 11
-46.104007 10.091573 -3.638831 4
-45.377187 10.250473 -4.323931 4
-45.440477 10.137473 -5.259831 4
-46.191207 9.747873 -5.699331 13
-45.730917 9.926173 -6.568631 12
-46.470467 9.566473 -7.095931 13
-46.314447 10.453973 -7.424731 3
-45.625807 10.470973 -8.121831 6
-45.311857 11.329273 -8.472731 4
-45.882137 11.873573 -7.819531 11
-45.740117 12.827873 -8.191131 1
-45.708577 12.946873 -7.257531 10
-45.402157 12.477373 -6.391431 4
-44.641497 12.944473 -6.940431 9
-45.109727 13.572573 -6.400231 10
-44.863767 13.952273 -5.569631 5
-45.685787 13.525673 -5.317031 4
-46.407057 14.067273 -5.652631 10
-45.610657 14.520673 -5.952631 5
-46.383367 14.953673 -6.359231 10
-46.347687 15.819773 -6.060631 1
-45.697257 15.522473 -5.407531 5
-45.846917 15.949873 -4.571331 15
-46.679887 15.546273 -4.765831 4
-47.739557 15.558873 -4.996331 3
-47.234227 15.009473 -5.573131 10
-48.004667 14.452273 -5.486231 10
-48.440677 14.632673 -4.584031 13
-48.317447 14.601573 -3.586131 9
-48.772507 15.384973 -3.864231 13
-49.629247 15.823573 -3.526631 4
-50.332247 16.368473 -4.045931 15
-50.563677 16.131773 -3.083431 13
-51.502947 16.344073 -3.197031 13
-52.310347 15.909773 -3.473031 4
-52.977147 15.356273 -3.098031 6
-53.875647 15.217173 -3.468431 4
-54.479747 15.697573 -4.125431 9
-55.247047 15.694773 -3.611431 1
-56.134447 15.603473 -3.204131 1
-56.366647 14.688873 -3.111831 10
-55.621647 14.090173 -3.208631 4
-54.830947 13.543973 -3.180731 8
-54.181147 12.924273 -2.763431 4
-54.313047 13.759373 -2.177631 11
-54.154547 14.401473 -1.495931 6
-54.630947 15.158273 -1.063731 10
-53.814147 15.414673 -1.471331 3
-53.100047 14.775573 -1.307231 4
-53.071147 13.950973 -1.847531 5
-52.149947 13.745173 -1.729931 10
-51.715847 12.948173 -1.983631 7
-51.009027 13.549573 -2.134531 4
-50.798257 13.081073 -2.925231 8
-50.591657 12.128173 -3.108331 13
-49.670937 11.877873 -2.988031 10
-48.821957 11.484773 -3.205231 10
-48.266517 11.896173 -2.613831 10
-47.606367 12.691673 -2.458031 13
-47.254537 13.066473 -3.258931 4
-47.966947 13.140573 -3.906231 1
-47.669087 12.875373 -4.832631 4
-47.541517 13.437073 -5.576631 10
-48.549257 13.498173 -5.545831 1
-49.418777 13.878173 -5.599931 1
-50.048597 13.299373 -6.053031 6
-50.715657 12.611173 -6.485931 1
-50.427817 11.950873 -5.831131 1
-49.686607 11.795273 -5.191231 12
-50.403667 11.778473 -4.581231 6
-50.712877 10.934973 -4.198231 10
-51.246047 10.898373 -5.037331 15
-51.251547 9.921473 -5.448431 3
-51.355147 8.935073 -5.206431 4
-50.328327 8.910973 -5.497931 4
-49.664627 9.473373 -5.159931 5
-50.137837 10.201473 -4.570831 10
-49.313327 10.691573 -4.678631 10
-48.776797 9.968073 -5.042831 5
-48.445937 10.739973 -5.544231 13
-48.118297 11.652473 -5.457331 4
-48.661087 11.897973 -6.227331 14
-48.034537 11.166073 -6.623231 13
-47.595247 10.523573 -7.204931 15
-47.084747 10.605873 -6.403631 13
-47.049817 11.505773 -6.840931 10
-46.146837 11.595773 -6.395731 7
-46.104227 11.591173 -5.487131 4
-45.982817 11.727173 -4.539131 4
-46.676827 11.433773 -3.914531 4
-47.528507 11.399773 -3.474931 10
-47.884257 12.087073 -4.101331 4
-48.791867 12.286973 -4.379631 6
-49.585017 12.549073 -3.944031 1
-49.370437 13.535773 -4.198631 11
-49.447507 14.485973 -3.971131 13
-50.170047 14.228773 -4.629731 3
-50.918517 13.859373 -4.213331 10
-51.566347 14.415373 -4.658531 1
-51.489247 14.863173 -5.496331 9
-50.869907 14.375573 -6.070331 13
-49.939227 14.713173 -6.120131 4
-49.995557 14.157673 -6.970931 13
-50.505937 13.866273 -7.757631 7
-49.926737 13.197673 -8.072631 9
-49.319427 12.678573 -7.499231 11
-48.397887 12.855273 -7.532331 9
-48.101307 13.115573 -6.684231 8
-48.399387 14.007573 -6.514231 10
-48.516777 14.042773 -7.430631 4
-47.737257 14.508273 -7.413131 8
-46.800537 14.635473 -7.295031 10
-46.096587 15.223673 -7.736331 6
-45.442137 15.312173 -7.046431 5
-45.309457 14.398773 -7.359631 10
-44.932767 15.179073 -7.846331 1
-43.971817 15.009473 -7.882131 4
-43.626967 15.930973 -7.747031 10
-42.657967 15.478373 -7.674131 1
-42.494507 14.537873 -7.622531 1
-42.276487 14.597073 -6.684231 13
-43.122957 14.128073 -6.767231 10
-43.966107 13.727173 -6.446731 5
-43.443177 13.285673 -5.711631 10
-43.912447 12.427373 -6.048531 1
-44.454607 12.001773 -5.344731 4
-44.710917 11.585573 -6.211731 5
-44.495257 10.637773 -5.799631 4
-44.351427 10.339473 -6.726031 1
-43.985947 9.438773 -6.843331 3
-43.664957 8.683773 -7.345531 10
-43.387157 9.008073 -8.329031 6
-44.097507 8.308573 -8.450031 7
-44.981127 8.496073 -8.948931 10
-45.369687 7.639373 -8.894431 13
-45.954707 8.351673 -9.244531 4
-46.805087 7.907973 -9.120831 13
-47.270227 8.496573 -9.715031 10
-47.750837 8.541273 -8.905731 13
-47.758107 9.408873 -9.301231 6
-47.169157 9.651373 -8.554031 4
-46.723047 8.952873 -8.983731 6
-46.823597 8.340573 -8.137831 13
-47.069667 7.635873 -7.555131 13
-46.182597 7.936773 -7.474031 13
-45.350897 8.105473 -7.839931 6
-44.811087 8.727073 -7.322131 5
-44.891687 8.972773 -6.413031 9
-44.720547 9.561373 -5.657131 4
-43.882407 9.315273 -5.211731 4
-43.235817 9.881773 -5.820231 9
-43.142367 10.494373 -5.049931 10
-43.864457 11.190173 -5.055431 4
-43.629837 10.708273 -4.180131 10
-44.591897 10.996973 -4.067931 4
-44.056327 11.726673 -4.041531 10
-45.023967 12.044973 -4.230131 4
-44.678177 12.846773 -4.592031 4
-43.755367 13.089073 -4.540131 15
-44.044827 12.758273 -3.650431 4
-43.098647 12.533073 -3.629831 10
-42.760977 13.388173 -3.349931 3
-42.169028 13.609373 -4.047231 1
-42.060779 12.887973 -4.650231 1
-42.274807 12.102073 -4.125031 10
-43.045977 11.927273 -4.556631 11
-42.384617 11.288773 -4.678331 10
-42.699927 11.614473 -5.470631 7
-42.204427 11.506073 -6.312131 12
-42.332377 10.729673 -5.809531 11
-42.174569 10.078473 -5.202431 10
-42.662887 9.222773 -5.191231 1
-42.551067 9.233273 -4.181131 10
-42.555367 8.512673 -3.602031 10
-42.316237 8.547573 -2.679431 10
-42.580537 7.551373 -2.674231 7
-42.586957 6.597473 -2.805631 4
-42.436037 5.783673 -3.363731 13
-41.782777 5.298073 -3.891431 5
-42.524697 4.893773 -4.307931 4
-42.04933 4.098673 -4.711931 10
-41.831433 3.698273 -5.636731 7
-41.676443 4.609573 -5.952331 1
-41.339976 4.469673 -6.838431 3
-42.253187 4.222073 -6.976531 13
-43.179087 4.309973 -6.718431 4
-43.436107 3.613773 -7.309331 10
-42.948517 3.779573 -8.155331 8
-43.901387 3.667973 -8.313331 7
-44.848377 3.330473 -8.521131 4
-44.211327 2.917773 -9.057931 1
-44.387157 3.620473 -9.661431 10
-43.583617 4.114573 -9.871531 1
-43.946407 5.029773 -9.928231 7
-43.900017 6.126473 -9.907831 6
-43.466137 5.698573 -9.193231 12
-43.319967 5.596873 -8.180731 10
-42.562827 5.781373 -7.688831 1
-41.636111 5.868373 -7.371931 4
-42.077722 6.152873 -6.607531 4
-41.849431 7.207573 -6.465031 13
-42.598477 7.549173 -5.952231 5
-42.981417 6.681473 -5.918931 9
-43.577967 6.006773 -5.518831 10
-44.030917 6.435373 -4.793331 9
-44.677277 7.070173 -4.522031 15
-44.735027 8.026473 -4.447531 4
-45.498387 8.474673 -4.141331 4
-46.239957 7.836473 -4.255831 10
-47.046467 7.337173 -4.410131 11
-46.885707 8.194673 -4.862631 11
-47.176007 8.332173 -5.806631 13
-46.308157 8.592273 -6.133831 13
-45.657817 8.799373 -5.419831 4
-45.005477 8.195873 -5.736631 15
-45.683167 7.625073 -6.054131 13
-45.434917 7.071773 -5.319531 10
-46.041107 6.418673 -4.954731 3
-45.572357 6.585073 -4.146831 5
-45.644297 5.652473 -4.156231 10
-45.308117 5.053973 -4.854931 1
-45.990087 4.429673 -4.563931 7
-45.837527 4.351473 -3.600331 4
-44.961307 3.938073 -3.531031 10
-44.474887 4.320473 -2.763331 3
-44.834997 4.572473 -1.902231 1
-45.085347 5.390673 -2.388231 10
-45.578807 6.074273 -2.825431 1
-45.399217 6.975773 -3.153231 4
-45.589497 7.752373 -2.594431 1
-45.435107 8.717673 -2.977031 8
-45.191377 9.450073 -3.592831 4
-44.354297 9.843073 -3.748131 4
-43.411157 9.664373 -3.825531 10
-43.267147 10.375073 -3.180331 10
-44.007037 10.978173 -3.205531 4
-44.595237 10.986273 -2.425131 4
-43.933887 10.409173 -2.094531 10
-44.608987 9.752073 -2.554631 4
-44.234957 9.040773 -3.048331 9
-43.442007 9.365173 -2.684431 10
-43.521667 9.153773 -1.702231 7
-43.150087 9.207273 -0.827231 5
-42.436057 9.752873 -1.234731 10
-42.205197 9.329773 -2.068131 10
-41.746873 10.085673 -2.364131 10
-41.542024 10.483173 -1.501631 6
-41.9217 10.484773 -0.607831 5
-42.475587 10.655473 0.148659 6
-43.223797 10.062373 0.264409 7
-43.049327 9.621873 1.129929 13
-42.207327 10.132173 1.262149 1
-41.415967 10.375073 1.717179 3
-41.560588 10.429273 2.722869 10
-42.483307 10.033473 2.797089 4
-42.700567 10.889873 3.146559 10
-43.116607 11.533073 3.739219 13
-42.629027 12.211173 3.067909 7
-43.141577 12.082173 2.135709 13
-43.930987 11.856473 1.672119 1
-44.787777 11.425573 1.927409 1
-44.583267 11.373673 0.991729 4
-44.801157 11.518173 0.007369 1
-44.865177 11.988973 -0.806731 9
-44.702427 12.226273 -1.707331 1
-44.438287 12.734273 -2.538931 4
-45.438217 12.387673 -2.544431 4
-45.436497 13.218173 -2.053131 10
-45.351677 13.735673 -1.256731 11
-45.442367 14.467573 -0.663231 4
-44.901497 15.262673 -0.975531 8
-44.931877 15.854373 -1.766731 10
-44.414447 15.515273 -2.496331 11
-45.203527 16.082373 -2.649531 3
-45.996007 16.581673 -2.531131 13
-46.079427 17.572573 -2.770031 10
-45.074197 17.549773 -2.840231 4
-44.134567 17.554773 -2.577031 8
-44.296497 16.917973 -3.291931 11
-44.730077 16.200073 -3.981431 7
-44.915127 15.321073 -4.280531 5
-44.549477 14.459773 -4.216831 5
-45.222547 13.767373 -4.198631 4
-45.575867 14.489673 -3.674731 5
-45.394137 13.849073 -2.912731 4
-44.553857 14.006073 -2.451231 6
-44.192797 13.722873 -3.285831 4
-43.546087 14.269873 -2.814431 13
-43.053007 14.697273 -2.121731 1
-42.306537 14.345773 -1.608631 1
-42.765347 13.558273 -1.681231 6
-42.443017 12.861473 -2.211631 10
-43.411777 12.758673 -2.206731 7
-43.772607 11.911273 -2.773031 4
-43.253187 11.164573 -2.467631 10
-43.470727 11.506773 -1.606531 9
-42.594037 11.836473 -1.364531 13
-42.295017 11.204973 -2.023731 10
-42.254757 10.724373 -2.909131 10
-41.893538 11.250073 -3.597531 10
-41.408508 11.983773 -3.423631 10
-41.493979 12.914173 -3.303731 13
-40.549756 12.759373 -3.478731 15
-40.408227 11.974573 -4.121231 10
-40.788681 11.174273 -3.727231 10
-40.475819 10.987973 -4.616731 10
-40.008697 11.739573 -5.075931 9
-40.431954 11.342573 -5.845131 15
-41.319596 11.009373 -5.545431 10
-41.099301 10.870673 -6.484031 15
-40.765909 10.523473 -7.322531 4
-40.169427 9.872873 -6.826731 1
-40.487822 10.082573 -5.912331 7
-40.631783 9.890173 -5.011531 10
-39.739237 10.236573 -4.757431 10
-39.356897 9.438773 -5.119231 4
-38.776977 8.667373 -4.894831 12
-38.859617 8.060873 -4.053231 1
-37.924737 8.176873 -3.741531 3
-36.944157 8.363873 -3.700931 7
-36.149927 8.659673 -3.179131 7
-36.297757 9.122473 -2.325231 7
-36.061107 8.240073 -2.201431 4
-35.711947 7.327873 -2.282931 12
-35.966527 6.343573 -2.040531 1
-36.662377 5.602473 -1.979231 13
-37.522427 5.152373 -2.096031 11
-38.445207 5.169273 -2.329231 10
-39.150537 5.263273 -2.966431 11
-38.683177 4.366673 -2.916731 7
-38.005737 3.764773 -3.057731 9
-37.948177 2.983473 -2.553231 7
-38.856237 3.386573 -2.518631 14
-39.631487 3.841873 -2.901031 7
-40.269419 3.937673 -3.606231 4
-39.554167 4.530073 -3.772931 6
-39.015497 5.372273 -4.057331 13
-38.289747 6.087973 -4.410631 4
-37.436917 5.743573 -4.646331 1
-36.553977 6.061873 -4.624431 10
-36.949057 6.057573 -3.758531 4
-36.208677 6.664073 -3.521531 12
-36.438107 7.476873 -2.934731 7
-37.358077 7.333373 -2.412231 7
-36.965067 7.359973 -1.506231 10
-37.788167 7.739073 -1.106631 12
-37.150357 8.435773 -1.381631 7
-37.218637 8.293673 -0.425231 13
-37.019237 7.740873 0.393879 4
-36.524057 8.047873 1.157239 10
-36.489187 8.772273 1.868779 4
-36.126647 9.556673 1.442909 14
-37.062767 9.782273 1.216479 12
-37.182157 9.048373 0.592659 10
-36.777787 9.252673 -0.300031 12
-37.414277 9.922373 -0.684131 1
-37.385367 10.361273 -1.552831 7
-36.823007 10.178573 -2.323531 7
-37.325377 9.398773 -2.071831 7
-38.146657 9.605173 -1.644231 1
-38.635367 8.957473 -1.134631 3
-39.532927 9.327173 -0.870631 4
-39.839277 8.718673 -1.562831 7
-39.621897 9.334073 -2.345531 1
-40.259616 9.255473 -3.115131 10
-40.76482 8.940173 -3.942931 10
-41.38843 8.315773 -4.374031 1
-41.524988 9.052873 -4.947831 1
-41.593042 9.573073 -4.137931 10
-41.556115 10.253673 -3.397831 10
-40.735895 10.131873 -2.853031 10
-40.71297 9.875673 -1.994231 14
-40.56682 9.328973 -1.215631 1
-40.657593 9.263273 -0.221731 4
-41.612404 9.178773 -0.148431 12
-42.378307 8.695873 0.257579 15
-41.866494 7.970473 0.280869 11
-41.273529 8.008073 -0.509131 7
-41.477195 8.759773 -1.086031 1
-41.383116 8.775973 -2.046531 10
-41.289952 7.870273 -2.384531 9
-41.391307 7.101073 -2.917631 4
-40.486977 7.221073 -2.543031 7
-39.547087 7.387273 -2.327431 11
-38.906857 7.734273 -1.743231 5
-38.512727 8.375473 -2.392031 14
-38.026297 9.083573 -2.860531 7
-37.967517 9.629873 -3.634131 7
-38.599197 9.651673 -4.393831 15
-39.407837 9.931473 -3.826831 10
-38.863517 10.479873 -3.160031 7
-39.382797 10.581773 -2.376531 12
-40.006647 10.734573 -3.086231 10
-40.250215 11.055673 -2.125931 10
-39.855977 11.803973 -1.678831 14
-40.804623 11.789873 -1.844931 10
-41.347178 12.246073 -2.476731 10
-41.186646 13.089473 -1.943931 7
-41.161943 13.975773 -1.730931 9
-40.447656 13.943173 -1.030731 13
-40.270506 14.588573 -0.291431 1
-41.133153 14.928673 -0.450831 12
-41.902862 14.783273 0.091859 4
-42.461637 13.951973 0.142039 1
-42.953217 14.179273 0.965769 7
-43.685357 13.671173 1.355679 1
-43.198837 13.672473 2.176049 10
-42.989297 13.760873 3.103479 13
-43.494367 13.255473 3.799619 10
-43.747737 12.501373 3.234489 1
-44.655657 12.778773 3.122519 7
-45.445567 12.908673 3.615669 7
-45.895707 12.277873 2.968829 1
-45.934457 12.457873 2.004159 4
-46.851397 12.349573 2.240459 1
-46.882137 11.427373 2.240839 6
-47.601297 10.879273 2.428739 10
-47.386637 10.469373 3.231519 1
-48.102747 11.123773 3.220719 4
-47.724057 11.567873 4.040069 8
-47.487207 10.792773 4.430419 4
-46.496787 10.586473 4.085969 7
-45.650127 10.173573 3.782589 11
-45.112667 9.741073 4.458639 10
-44.297467 10.275773 4.568389 12
-43.422587 10.030573 4.195559 7
-42.820467 10.381173 4.913809 11
-42.637007 9.375173 4.871939 12
-42.815077 9.009073 5.790689 7
-43.254677 8.873273 6.641879 10
-42.882307 9.500573 7.362539 7
-42.007422 9.865173 7.302359 13
-41.817882 10.311573 6.449359 7
-41.180651 11.000073 6.259229 14
-40.511912 11.639173 5.959539 10
-40.103037 10.795973 5.650749 10
-39.487487 10.014273 5.734019 7
-40.308994 9.588573 5.555889 1
-40.156287 9.844273 4.658409 13
-39.286197 9.665873 4.254979 10
-39.335847 10.293073 3.525259 11
-38.512957 10.246573 4.097789 15
-37.617867 9.885573 4.251039 9
-37.228527 10.715973 4.041769 5
-36.466827 10.470673 4.655999 1
-36.394057 9.893873 3.795909 10
-35.888547 9.648873 2.981649 4
-36.336357 10.221273 2.376199 10
-36.292207 11.180673 2.091299 1
-37.135307 11.182773 2.671319 1
-37.978887 11.016473 2.238499 16
-38.715197 11.595073 2.248909 1
-38.721807 12.205173 1.535289 7
-39.711197 12.120473 1.670079 10
-39.874947 11.756573 0.813489 1
-38.934167 11.430773 0.766549 4
-38.850267 10.528473 0.874189 1
-38.882967 10.904073 -0.138131 7
-39.025307 10.885473 -1.068931 6
-38.259887 10.850473 -1.620231 7
-38.458447 11.219973 -2.504131 7
-39.270427 11.468773 -2.942631 10
-39.442037 12.146973 -3.636031 10
-39.212717 12.613973 -4.468631 11
-38.703497 11.760673 -4.500931 10
-38.247767 12.512173 -5.055831 11
-38.544937 12.239973 -5.960631 11
-39.295297 11.652873 -6.159031 14
-38.716107 11.051173 -6.665931 1
-39.445487 10.860773 -7.254731 10
-39.222947 9.965173 -7.490831 7
-39.590437 9.219773 -8.105831 10
-39.348317 8.560873 -7.451831 7
-39.181107 7.671673 -7.581131 14
-38.938897 6.856073 -7.077031 4
-38.038417 6.751073 -6.806831 9
-38.111527 7.587973 -6.192431 10
-37.401927 7.612373 -5.560131 10
-36.788477 7.834673 -4.759931 13
-35.834517 7.796073 -4.552431 12
-35.518367 8.708773 -4.178831 12
-36.455557 9.087773 -4.104231 7
-36.057417 9.315773 -4.884031 12
-36.245707 10.226773 -5.354631 1
-35.673407 9.753273 -5.999331 7
-34.940637 9.152373 -5.899531 12
-35.067967 8.779573 -6.723431 4
-35.022527 8.237873 -7.562831 7
-34.493827 9.035873 -7.489331 1
-33.853977 8.517073 -6.958031 12
-33.459887 8.336873 -7.809831 15
-33.195177 7.384273 -7.801731 7
-33.335997 7.690573 -8.711031 7
-32.749167 8.486573 -8.843131 15
-33.378217 9.192573 -8.566631 15
-34.065567 8.835173 -9.177131 10
-34.345757 7.886673 -9.048831 7
-35.157367 8.027773 -9.514431 4
-35.390387 7.888073 -10.452031 1
-34.724497 7.220673 -10.175531 7
-34.531627 6.763873 -11.004031 1
-35.068077 5.907973 -10.854331 1
-35.077187 6.094373 -9.948231 15
-34.375557 6.120873 -9.225631 7
-34.710227 6.946973 -8.812731 7
-35.535597 6.895573 -9.247231 1
-35.393367 6.079273 -8.791431 1
-35.856427 5.336273 -8.313731 1
-36.491427 4.660673 -7.880731 12
-37.226047 4.663273 -7.220931 10
-37.045997 3.697073 -7.322031 10
-36.226007 3.967373 -6.855931 3
-36.727187 4.222373 -6.053231 11
-35.834407 4.474473 -6.039631 7
-35.391067 4.873273 -5.243431 1
-34.878087 4.607073 -4.408031 16
-35.578127 5.287273 -4.307231 7
-34.996307 5.778573 -3.756431 7
-35.089697 6.709373 -3.974231 12
-34.405127 7.104773 -3.458931 12
-35.029207 6.692873 -2.760231 10
-34.334697 6.386973 -2.246231 4
-33.505137 6.482873 -2.826031 1
-33.448947 6.486273 -3.884731 12
-33.894217 5.696873 -4.277431 5
-33.551037 6.198473 -5.041531 12
-32.938437 6.265773 -5.834731 7
-32.905937 5.355673 -5.576931 16
-32.803787 4.839073 -6.473731 7
-32.452967 4.024773 -6.013731 1
-33.217717 3.724773 -6.588731 15
-32.951847 4.097273 -7.456031 15
-32.230587 4.455673 -8.070331 7
-32.473477 3.553173 -8.519231 9
-32.873807 2.664373 -8.330231 7
-32.162477 1.971173 -8.164631 15
-32.237137 1.241973 -7.576831 1
-31.518187 1.131873 -6.929631 10
-31.860647 1.297373 -6.045331 1
-31.797057 2.181473 -5.616331 1
-31.678507 2.438873 -6.550831 1
-31.642607 3.395973 -6.727331 1
-31.460707 4.163673 -7.320531 1
-30.889347 4.896873 -7.622931 1
-31.176247 5.507373 -8.301031 1
-32.084927 5.975373 -8.116831 7
-32.887047 6.366173 -7.707031 7
-32.224777 6.119373 -7.085231 7
-31.432677 5.850073 -6.649631 1
-30.626247 6.350273 -6.578031 4
-31.155047 6.804873 -5.934931 10
-31.842307 7.046573 -6.478731 7
-32.483517 7.357073 -5.826031 12
-32.447597 7.905073 -6.719531 7
-32.465997 8.926273 -6.593131 10
-31.806937 9.419473 -7.142931 15
-32.260267 10.069373 -7.675931 15
-33.174057 9.758073 -7.552631 15
-33.144597 9.795573 -6.559731 11
-33.913277 9.593373 -5.957031 11
-34.003367 8.839673 -5.360131 12
-33.959847 7.944973 -5.011031 12
-33.878657 7.225473 -5.587431 12
-34.040867 6.500173 -6.217131 7
-34.317927 5.875473 -5.568631 10
-34.085127 5.182673 -6.198431 7
-33.791727 4.749573 -6.983331 7
-34.578397 4.259173 -7.322831 16
-34.586427 5.148873 -7.693431 13
-33.746087 5.680673 -7.887331 7
-33.594937 4.743073 -8.148131 7
-33.322917 4.424373 -8.978031 13
-33.518637 5.259373 -9.327831 9
-32.952137 5.747373 -8.648031 7
-33.146757 6.164973 -9.436331 7
-33.699387 6.267173 -10.332031 16
-33.357577 5.384873 -10.537431 13
-33.077397 4.464173 -10.759631 9
-32.254587 4.781973 -11.090831 16
-32.337157 5.286773 -10.148631 7
-31.721417 6.030673 -10.343931 7
-31.258417 5.615573 -11.112031 1
-30.693947 4.832773 -10.672731 14
-29.997547 4.579273 -11.346631 15
-30.079347 3.648373 -11.401131 12
-29.201847 3.303273 -11.065831 16
-28.491847 3.570173 -11.624931 11
-27.934647 3.605473 -10.795531 4
-27.232547 3.854073 -10.182231 16
-27.554647 4.093773 -9.309831 12
-28.234747 3.631373 -9.740031 7
-27.940547 3.158173 -8.974831 6
-27.596447 2.323073 -8.700631 1
-26.838647 2.503373 -8.113931 7
-26.324747 2.057773 -8.762431 10
-25.870147 2.638573 -9.424031 1
-26.159547 3.447673 -9.936331 12
-25.696447 3.755573 -10.739631 7
-25.356947 3.251373 -11.559931 11
-24.683447 3.801673 -12.026131 5
-24.515447 3.660473 -12.959031 4
-24.490947 4.264373 -13.704131 7
-25.387747 4.081573 -13.885731 7
-25.447247 5.110373 -14.068831 12
-24.884647 5.633373 -13.498931 1
-24.234547 5.244273 -12.846631 11
-24.759147 5.752073 -12.240031 11
-25.758547 5.830973 -12.125431 7
-25.813647 5.177473 -11.428531 15
-24.891347 5.180973 -11.185031 4
-24.705047 4.874773 -10.253731 16
-24.136347 4.094973 -10.147131 10
-23.351247 4.552973 -9.899031 16
-22.991847 4.449473 -9.005731 10
-23.571847 4.062073 -8.338131 15
-24.105647 4.725273 -7.934231 1
-24.045847 5.537873 -7.438931 14
-23.155947 5.925273 -7.402331 15
-22.327847 5.975373 -6.864431 10
-22.614647 6.354973 -6.031531 7
-23.531847 6.528973 -6.338131 16
-23.457047 6.974873 -7.182231 9
-24.477047 6.853073 -6.817731 7
-25.266347 7.411873 -6.812831 7
-24.594847 7.886573 -7.368831 1
-24.454247 7.587973 -8.296431 1
-24.635547 8.253473 -8.970031 7
-24.734347 8.853473 -9.755331 13
-25.539547 9.356973 -9.617331 1
-26.011647 8.710573 -9.088031 7
-26.904647 8.559373 -9.513331 16
-26.674247 7.818373 -10.123531 12
-26.724247 7.113873 -9.453131 7
-27.040247 6.484873 -10.124931 10
-27.629247 6.415673 -9.373531 1
-28.239847 6.995373 -9.858331 12
-29.006047 6.406473 -10.051631 7
-28.887747 7.029173 -10.835131 12
-29.855747 6.623173 -10.716031 13
-30.084547 6.498373 -9.727731 1
-30.803647 6.373273 -9.119431 7
-30.661947 6.406873 -8.143231 9
-31.444457 6.882373 -8.521331 7
-31.831447 7.275273 -9.356731 7
-31.825357 7.135173 -10.325731 16
-32.687907 7.111273 -9.785831 7
-32.684917 8.096173 -9.833031 15
-33.606927 8.087073 -9.743731 7
-33.336337 8.494373 -10.531731 15
-33.747877 9.348273 -10.982131 11
-34.055007 9.500673 -10.049531 15
-33.696577 10.079773 -9.302831 15
-34.510467 10.108373 -8.706131 4
-34.177287 10.738973 -8.038231 6
-34.848407 11.266873 -8.534031 7
-35.160177 11.695973 -7.718231 9
-35.693767 11.901673 -8.454931 12
-36.160577 12.259873 -7.671031 7
-36.661137 12.577773 -6.839931 11
-37.621807 12.946873 -7.067531 11
-38.447157 12.502973 -7.330331 1
-39.072957 13.205973 -7.595731 12
-38.735827 13.257373 -8.506031 11
-38.458297 12.315673 -8.556831 13
-38.230877 11.431173 -8.908431 1
-37.870137 10.560673 -9.271431 16
-38.233187 10.982673 -9.994631 7
-37.500657 10.583373 -10.528531 16
-36.651697 10.867773 -10.115931 7
-36.359007 11.013173 -11.015931 10
-36.247787 10.358473 -11.729631 1
-35.587717 9.683073 -11.946931 12
-35.735007 8.703173 -12.009231 10
-36.591627 8.683073 -12.473531 4
-35.970087 9.121473 -13.167731 16
-35.211117 9.702373 -13.382331 7
-34.553407 9.943773 -14.075331 5
-35.101047 9.950873 -14.898531 14
-34.855027 9.890873 -15.822531 10
-35.633057 9.423473 -15.730731 16
-36.422897 9.144573 -16.278131 12
-36.967237 8.353073 -16.040431 16
-37.322237 7.845473 -16.789531 7
-38.283327 7.574073 -16.882431 16
-38.432417 7.221573 -15.912331 7
-38.810187 6.464073 -15.471531 7
-39.500547 5.673673 -15.324831 1
-39.515917 4.945173 -14.617831 1
-39.912917 5.036473 -13.709331 15
-40.023117 4.913373 -12.711631 1
-39.940437 3.970573 -12.518631 1
-39.040537 4.053073 -12.115931 15
-38.970657 4.864673 -11.560331 7
-39.134187 5.757273 -11.269831 10
-38.880797 6.601673 -10.814631 1
-38.009647 6.936473 -10.761631 7
-37.401157 7.648073 -10.591931 12
-37.536457 7.386773 -9.659331 16
-36.694377 7.334273 -9.103231 1
-36.015637 7.129373 -8.377231 1
-35.517637 6.508773 -7.819831 15
-34.594607 6.359573 -7.992331 7
-33.819847 6.636173 -7.369031 7
-33.924677 7.534773 -6.862331 12
-34.703177 7.015273 -7.033931 7
-35.352247 7.128873 -6.347031 8
-35.564337 6.275973 -6.737431 7
-35.847247 6.249473 -5.751931 13
-35.101227 6.551173 -5.221831 5
-34.838837 7.466473 -5.300131 12
-35.095767 8.406873 -5.151631 12
-35.527367 8.159873 -5.944531 13
-36.166647 7.934873 -6.612231 13
-36.697217 8.337473 -5.885731 15
-36.919417 9.242473 -5.558331 16
-37.159617 9.774173 -4.847631 9
-36.812107 10.063673 -4.027031 7
-37.059277 10.559373 -3.242931 7
-37.824517 11.106673 -3.271631 7
-37.820067 10.562073 -4.100431 1
-38.124697 10.881073 -4.961731 12
-37.575557 11.654773 -5.150731 11
-36.748617 11.460773 -4.585331 7
-36.544927 11.886973 -5.431731 11
-36.482397 12.867273 -5.663131 11
-35.832637 12.410373 -6.228331 1
-35.347077 12.608773 -5.456831 16
-34.484527 13.126773 -5.515231 1
-34.067557 12.967073 -6.376631 11
-33.855527 12.058973 -6.490231 12
-33.701877 11.306673 -7.220331 9
-32.807437 10.927773 -7.060031 5
-32.421507 11.058373 -7.951931 15
-33.186777 11.380473 -8.449931 7
-32.478257 11.911273 -8.824531 16
-31.665127 11.425673 -8.672131 7
-31.079947 12.029773 -9.170531 14
-31.704597 12.736673 -9.323531 7
-32.396797 13.395573 -9.160131 16
-32.659757 13.259273 -10.061831 7
-32.656777 13.130373 -11.017931 16
-32.412427 13.179173 -11.950931 16
-32.304407 12.928873 -12.876131 7
-31.593087 12.372773 -12.410231 10
-31.555497 12.770773 -11.526231 4
-31.318877 12.199573 -10.713231 10
-32.049327 11.766573 -10.330831 7
-32.762117 11.107973 -10.215431 7
-32.596777 10.241473 -9.751131 15
-32.195667 9.786373 -10.447331 12
-31.205917 9.885173 -10.479731 1
-31.395417 9.577073 -9.545631 1
-32.058177 9.423773 -8.869231 15
-31.447677 8.888873 -8.298631 15
-31.138647 8.032473 -8.711131 12
-32.032777 7.835473 -8.525731 7
-31.470637 8.035973 -7.741731 7
-30.507947 8.133573 -7.665531 1
-30.645647 8.976673 -7.340131 11
-30.993047 9.174173 -6.433131 1
-31.569557 8.533073 -6.150831 16
-31.530647 8.115273 -5.300231 11
-32.508407 8.235673 -5.297931 12
-32.846967 9.040273 -5.633931 12
-32.085607 9.635973 -5.366331 16
-31.251307 9.956673 -5.684431 1
-31.511017 10.819073 -5.478131 7
-30.795447 11.233173 -6.019831 12
-30.073647 11.622773 -5.534331 7
-29.873747 12.568073 -5.676531 16
-29.065347 12.376973 -6.167831 6
-28.459047 12.425873 -5.500531 7
-27.542647 12.546273 -5.502131 13
-27.142347 13.287473 -5.904631 7
-26.198047 13.114073 -5.595531 13
-26.527147 12.325773 -5.309931 15
-26.513547 12.849973 -4.498631 11
-25.657747 13.340073 -4.420531 11
-25.734147 14.314773 -4.238931 8
-24.722747 14.173173 -4.246731 11
-23.886047 14.186673 -4.682231 15
-24.200447 15.185573 -4.504231 7
-23.765347 15.843873 -3.990031 12
-24.462047 16.315373 -4.432331 7
-24.826847 17.228773 -4.164331 4
-25.647647 17.641973 -4.249031 15
-25.493047 17.233373 -3.377131 9
-25.465447 17.445973 -2.453131 16
-25.422347 16.870073 -1.676031 7
-25.970347 16.065773 -1.774731 15
-26.761347 16.529773 -2.138731 7
-27.189847 16.794373 -1.284431 1
-27.898247 16.521273 -1.873331 7
-27.408147 15.650773 -1.691831 1
-26.565447 15.124173 -1.921931 7
-26.318847 14.127773 -1.960531 1
-26.549647 13.542773 -2.677231 16
-27.418647 13.163973 -3.014531 1
-28.176747 12.747573 -2.609231 1
-28.817247 12.223873 -3.150331 11
-28.680047 12.882973 -3.801631 1
-28.812447 13.788773 -4.011231 7
-29.738947 13.909873 -3.677431 1
-29.724647 14.689473 -3.206731 7
-29.877547 14.300773 -2.345631 1
-30.813147 14.048773 -2.621531 11
-31.371257 13.545273 -1.973831 5
-31.400497 12.578573 -1.970231 15
-31.362407 11.665573 -1.718231 16
-31.604127 10.762373 -1.876731 14
-31.631887 9.814273 -1.911931 16
-31.140847 9.206073 -2.548031 12
-32.114907 9.129273 -2.637931 7
-33.045577 9.318973 -2.774831 7
-33.811847 9.156773 -3.463931 12
-34.131497 9.861573 -2.880231 15
-34.668827 9.754773 -3.746531 12
-35.454127 10.225573 -4.042731 7
-34.810487 10.475573 -4.722031 16
-35.348917 11.277473 -4.439431 7
-34.561127 11.765573 -4.546131 1
-33.610217 11.644673 -4.780231 1
-33.047007 11.244273 -5.399131 11
-33.738647 10.618873 -5.111731 7
-33.899767 9.803273 -4.683131 12
-33.643387 10.551173 -4.131931 11
-32.930817 9.909373 -4.329931 12
-32.070567 9.483973 -4.277931 16
-31.511257 10.308073 -4.412131 1
-30.975547 9.732973 -3.926931 1
-31.081147 8.840873 -4.147831 16
-30.960447 8.232973 -3.409131 15
-31.881737 8.387073 -3.475431 7
-32.608177 8.084473 -4.139831 12
-33.089907 8.474473 -3.495931 13
-33.650117 7.903373 -4.036031 12
-34.041767 8.131673 -3.165431 16
-34.896427 8.573273 -3.329831 12
-35.313417 9.275673 -2.789131 7
-34.880887 9.333973 -1.889731 9
-34.979607 10.188073 -2.365731 13
-35.385477 10.833073 -2.990131 7
-36.296387 11.081873 -2.691531 7
-35.858917 11.253273 -1.908231 12
-36.675377 11.560773 -1.337631 8
-37.660417 11.708973 -1.320231 7
-37.956417 12.467573 -1.830831 5
-37.827307 13.039973 -1.127231 1
-37.580317 13.762973 -1.648531 15
-37.116387 13.033073 -2.055031 8
-36.940107 12.162073 -2.401831 7
-37.800107 12.094673 -3.025431 7
-37.833177 12.546673 -3.834431 11
-37.329487 13.423173 -3.903931 11
-36.739397 12.812473 -3.405631 7
-36.709897 13.706773 -2.904131 15
-36.178327 13.730473 -2.075231 15
-35.905557 13.103073 -2.730531 1
-35.236517 12.685973 -3.370731 1
-35.771277 11.883373 -3.152431 7
-36.025507 12.109373 -4.017331 7
-36.152187 12.957773 -4.433631 11
-35.789867 13.849073 -4.349831 11
-35.010157 13.784873 -3.588931 15
-34.642957 14.695373 -3.731331 7
-34.249087 14.136673 -4.440531 1
-33.785477 13.268373 -4.572331 1
-33.118617 13.078273 -3.892931 7
-33.479547 12.487873 -3.279231 12
-32.670807 12.374273 -2.818331 16
-32.130787 11.695273 -3.250631 1
-31.335937 11.385773 -2.762631 16
-31.331287 12.299873 -3.048831 16
-31.390627 12.884273 -3.771831 10
-32.081577 13.481473 -3.401931 1
-32.599317 14.106873 -3.943131 1
-33.041377 14.912373 -4.268831 14
-32.946657 15.294173 -3.412331 16
-32.852407 15.834173 -2.599931 16
-33.632757 16.223673 -2.273631 1
-34.443257 15.757973 -1.759631 1
-34.549907 14.812073 -1.570231 1
-35.127737 15.049573 -2.248931 15
-35.920267 14.795273 -1.798831 15
-35.616567 14.043573 -1.090231 12
-36.091367 13.566473 -0.403331 1
-35.485817 14.081473 0.185039 1
-36.365467 14.354773 0.436709 5
-37.014567 14.100473 -0.149931 15
-37.922787 14.447973 -0.063331 16
-38.390177 15.246273 -0.060431 12
-38.235327 15.661773 -0.908031 16
-37.670797 14.979773 -1.220531 15
-38.483437 14.641173 -0.976931 12
-38.518117 15.069473 -1.886531 16
-39.412157 15.375873 -1.880231 16
-40.187853 14.894873 -2.130731 7
-40.204412 15.608273 -2.760431 16
-39.889667 15.174773 -3.622431 16
-39.923577 14.307073 -4.132931 8
-39.510827 13.559673 -4.600931 11
-38.951747 14.191373 -5.080831 11
-39.336167 14.957073 -4.608231 8
-38.859447 15.555873 -3.969731 16
-38.420467 16.327673 -3.530431 16
-37.658497 16.680873 -3.956831 16
-37.003237 16.143973 -4.572631 16
-37.422367 15.349873 -4.957231 16
-37.206887 14.564373 -5.599931 11
-36.623697 14.759573 -6.344231 13
-36.871087 14.765173 -7.276531 1
-37.614727 14.238273 -6.978531 11
-38.291407 14.006173 -7.577431 1
-38.283597 15.011373 -7.395431 1
-37.910497 15.291073 -6.543331 11
-38.298097 15.863673 -5.893431 16
-38.897567 15.208273 -5.585831 11
-39.253517 16.023373 -5.573131 1
-39.753017 16.595073 -5.041831 1
-39.021177 16.695273 -4.404431 16
-38.324187 17.224773 -4.865431 16
-38.839487 17.706073 -5.470531 1
-39.074787 17.844473 -6.465531 1
-38.942837 16.897573 -6.313131 7
-38.075757 17.172273 -6.056631 1
-37.502007 16.592073 -5.509531 16
-36.974247 15.993673 -6.218831 5
-36.059047 16.236473 -5.986431 12
-36.291517 15.351473 -5.593031 12
-36.220157 14.632273 -4.948931 11
-36.893547 14.815473 -4.211031 16
-36.617087 14.946173 -3.235931 15
-36.594177 15.727373 -3.764731 16
-35.721417 15.259273 -3.584031 15
-35.466537 15.077573 -4.492331 1
-35.883207 16.010173 -4.903731 12
-36.039627 16.926773 -4.813031 16
-35.280837 17.321173 -5.327431 7
-36.311027 17.382073 -5.659331 16
-36.846597 18.137373 -5.340331 5
-36.320587 17.914673 -4.568431 16
-36.002467 18.451973 -3.823431 1
-36.021017 17.714973 -3.172331 16
-35.627307 16.844473 -3.160031 16
-35.180847 16.332473 -2.493331 15
-34.424987 16.989173 -2.550731 1
-34.386187 17.929573 -2.864531 7
-34.225837 17.973873 -1.910831 16
-34.771737 17.465073 -1.214631 13
-35.587587 17.930173 -1.048331 1
-36.385937 17.367173 -1.477331 1
-36.088977 16.657773 -2.114631 15
-36.773097 16.995273 -2.669131 16
-37.114877 16.279073 -3.129631 16
-37.159667 15.607073 -2.404431 15
-37.979497 15.959973 -2.776631 16
-38.050247 15.067273 -2.906831 16
-38.930647 14.590973 -2.757931 11
-38.370237 13.819973 -2.850631 12
-38.431907 14.429373 -3.627731 1
-38.255397 14.914073 -4.511031 16
-37.827287 14.183773 -4.927231 11
-37.826217 13.349073 -5.461131 11
-38.256207 13.152773 -6.302031 11
-39.274807 13.085173 -6.603731 16
-39.350927 13.963673 -6.173231 11
-39.546797 14.592173 -6.879231 12
-40.277283 15.178673 -7.281131 12
-40.671756 15.967073 -6.774331 16
-39.958147 16.154773 -7.471131 1
-40.380088 16.966473 -7.904131 16
-41.192503 17.430773 -7.538731 15
-42.057803 16.927073 -7.781931 1
-42.544187 16.750973 -6.931131 8
-43.297657 17.295573 -6.795931 15
-43.921957 16.712773 -7.122231 12
-43.394727 15.901673 -6.770931 1
-44.114677 15.767273 -6.075831 5
-43.711067 14.835073 -5.819531 5
-42.864767 15.203873 -5.950631 8
-42.985977 15.476973 -4.936131 1
-42.969027 16.337973 -4.683031 7
-42.14443 16.833573 -4.933031 15
-41.733402 16.105573 -5.404431 8
-41.374181 16.249673 -4.388331 16
-40.444829 16.620173 -4.252631 16
-40.207073 17.433273 -4.738531 7
-39.793607 17.928573 -5.399231 1
-39.952367 18.245273 -6.305131 1
-39.577327 19.161873 -6.501731 16
-39.024957 19.640273 -7.164331 9
-39.349817 20.498373 -7.373631 1
-39.820277 20.784773 -6.608631 12
-39.752487 21.760373 -6.188831 1
-40.452398 22.125873 -5.635031 13
-40.765875 21.269273 -5.900831 1
-40.950516 20.328173 -5.695531 14
-41.897147 20.190173 -5.621431 16
-42.450927 19.479373 -5.088531 12
-43.196107 19.320773 -4.407931 1
-43.981567 18.834973 -4.119131 7
-43.468907 18.056673 -4.273831 1
-42.640977 18.424773 -4.611131 16
-42.532667 17.974973 -3.762031 15
-41.596767 17.839673 -3.814031 7
-41.414732 17.131473 -3.152431 5
-40.560315 16.768673 -3.062131 16
-40.230852 17.629873 -3.086831 8
-39.460417 17.381773 -3.553331 16
-39.357257 18.328173 -3.254531 5
-38.774847 17.793273 -2.664631 16
-38.894317 16.797573 -2.831431 16
-39.616907 16.425373 -2.330631 16
-39.806007 17.332673 -1.969831 11
-39.277957 16.863873 -1.254631 16
-39.448017 17.687573 -0.612831 15
-39.173067 18.460773 -1.055031 11
-38.533537 17.717673 -1.035631 1
-38.216767 17.401773 -1.904231 16
-37.628537 16.672673 -2.014131 16
-37.311417 16.111573 -1.261031 12
-36.652787 15.378673 -1.483031 15
-36.006567 15.092673 -0.767231 15
-35.569377 15.291473 0.079129 16
-34.727907 15.341673 0.645489 12
-34.614227 16.093473 0.075449 16
-35.210027 16.701073 0.766299 1
-35.885097 17.009673 0.231619 11
-36.133467 17.887173 0.065009 1
-36.712027 18.217073 -0.710631 1
-36.583927 19.086373 -0.354731 1
-37.230767 19.693973 -0.979831 16
-37.239617 20.005573 -1.821331 1
-37.367377 20.830373 -1.275931 7
-38.235307 20.851473 -0.945031 5
-38.289347 19.906773 -1.272031 7
-38.250137 18.948473 -1.657831 1
-38.418247 18.958373 -2.580531 1
-38.013877 18.285473 -3.122231 16
-37.393557 18.659373 -3.744131 1
-37.354707 17.741273 -3.787631 16
-37.862307 18.029173 -4.538131 16
-38.474877 18.754173 -4.641731 11
-38.944037 19.547873 -4.621731 16
-39.455037 19.447673 -3.812531 12
