33.657415 -41.009078 -0.338114 2
34.014055 -41.580078 -1.013614 2
33.742205 -41.930178 -1.903814 3
33.100315 -42.155078 -2.545114 1
33.276725 -41.166378 -2.445914 16
33.412175 -40.350978 -1.878314 1
34.346295 -40.273178 -1.483314 14
34.561005 -39.731878 -2.217414 1
34.736225 -39.278778 -3.091614 1
33.678755 -39.216978 -3.261314 1
33.097185 -38.555578 -2.949914 1
32.435815 -38.865378 -3.567314 12
31.884335 -39.188378 -2.834714 4
30.976265 -38.848878 -2.623514 1
31.301245 -37.958578 -2.931414 1
32.228275 -37.865778 -3.153614 2
32.576905 -37.652578 -4.045314 8
32.921065 -36.756778 -3.913914 15
32.802365 -35.836178 -3.459814 5
32.152775 -35.373778 -4.087314 2
31.500965 -35.168278 -4.811414 1
31.027675 -35.892678 -4.352514 14
31.213015 -36.122878 -5.246714 9
32.012015 -35.862678 -5.805014 11
31.996065 -36.103278 -6.696514 1
32.419485 -36.240478 -7.505014 13
31.668785 -36.821778 -7.767014 2
31.316535 -36.980778 -8.688114 15
31.041555 -36.101778 -8.890014 8
30.639215 -35.244978 -9.027514 9
30.212125 -34.707678 -8.321114 2
29.590745 -34.160478 -8.786714 14
30.114765 -33.341378 -9.053714 1
30.908965 -32.820078 -9.324014 2
30.677845 -32.958178 -10.237414 14
30.470505 -32.047378 -10.301814 6
29.678555 -32.539778 -10.034814 14
28.748475 -32.342378 -10.217914 2
29.297955 -31.812378 -10.800514 6
29.342925 -32.334978 -11.574514 14
30.139855 -32.661078 -11.906914 8
30.602775 -31.774278 -11.841414 6
30.873955 -32.154678 -12.703214 14
30.754165 -32.239578 -13.666814 2
31.074015 -31.438878 -13.937414 12
31.714195 -30.867578 -13.442714 3
31.895005 -30.048978 -12.832614 5
32.042395 -29.140978 -12.756414 5
32.229945 -28.805278 -11.892914 2
33.169045 -28.840178 -11.739314 1
32.560735 -28.674378 -10.932914 2
31.905895 -28.464478 -10.312614 2
31.288695 -29.119778 -9.967014 2
30.600895 -29.347178 -9.292014 11
30.910215 -28.555678 -8.882014 2
30.029785 -28.707678 -8.465014 7
29.344505 -28.332478 -9.047114 5
29.724795 -27.918578 -9.788414 2
29.710745 -27.004578 -9.904614 1
30.332065 -26.205878 -10.162414 2
30.842445 -25.427278 -10.474314 15
31.445285 -25.601578 -9.714014 2
31.702305 -26.018078 -8.818014 9
32.436115 -26.028078 -8.286014 14
32.266845 -25.067878 -8.592514 8
31.567025 -24.648278 -8.120614 1
31.285565 -25.304078 -7.552514 14
30.337885 -25.376278 -7.471214 1
30.336615 -26.251678 -7.184814 14
30.345345 -26.480878 -8.077514 1
29.482605 -26.906978 -8.248214 8
29.414715 -26.223578 -8.927414 1
30.296065 -26.467678 -9.115014 9
31.075675 -26.902378 -9.561014 2
31.539275 -27.233578 -8.741614 14
31.976665 -27.737278 -9.474914 2
31.691445 -27.449378 -10.299714 2
32.324785 -26.999778 -10.812614 2
33.133015 -26.695978 -10.386514 2
33.993745 -26.492878 -10.711314 12
34.085855 -26.878078 -11.621614 10
33.586445 -26.226778 -12.139214 11
34.055105 -25.389978 -11.803414 6
33.938325 -24.836478 -12.612914 1
33.273145 -24.513378 -12.033714 8
32.328755 -24.393978 -12.152114 8
31.491725 -23.883378 -12.221814 14
30.543505 -24.202378 -12.406514 15
30.824025 -24.179278 -13.302014 14
30.027865 -24.094678 -13.783414 1
29.065985 -23.881878 -13.948514 1
28.692675 -24.611578 -14.514414 3
28.295075 -24.497978 -13.704514 1
28.414275 -23.691578 -13.120914 1
28.014675 -22.751278 -13.249714 1
28.591675 -22.473878 -12.546614 14
27.772475 -21.938278 -12.232214 2
27.557075 -21.520278 -13.077614 1
27.358075 -20.564678 -13.011714 1
28.045375 -20.278578 -12.369914 1
27.638175 -20.836378 -11.641414 1
26.741075 -21.201178 -11.535314 2
26.901575 -21.626778 -10.680114 2
27.791675 -22.105678 -10.499914 1
28.478075 -21.331078 -10.241514 7
28.800775 -21.483978 -11.209714 14
29.501005 -21.852378 -10.649114 14
30.321015 -21.793578 -10.138014 11
31.157875 -21.403578 -10.006814 2
31.049715 -21.789878 -10.868114 2
30.407375 -21.877378 -11.535914 14
29.847455 -21.576278 -12.258414 14
30.192665 -20.759578 -12.590014 5
31.062845 -21.087878 -12.790214 14
31.408705 -21.508778 -11.979314 14
32.295015 -21.723278 -11.511114 2
32.099335 -22.115478 -12.412714 5
32.114005 -23.073078 -12.135514 5
31.288145 -22.838778 -11.884614 14
31.844695 -22.905078 -11.110714 2
32.251265 -23.181178 -10.345214 2
32.653395 -23.946678 -9.984514 8
31.975945 -24.332278 -9.450114 8
31.335595 -23.742178 -9.828614 2
30.530765 -24.267978 -10.202514 6
29.556035 -24.416278 -10.083814 9
29.748935 -25.085478 -10.697214 15
29.725395 -25.771078 -11.364614 15
29.263965 -26.593478 -11.149314 1
30.194405 -26.867378 -11.201014 8
30.897925 -27.396278 -11.017414 2
31.470295 -26.906578 -11.648314 2
30.784495 -26.670878 -12.305814 1
30.514365 -25.702278 -12.326614 15
31.062815 -25.960878 -11.616214 2
31.500095 -25.738878 -12.437814 14
32.441565 -25.726278 -12.118114 6
32.279135 -25.192078 -11.322214 8
32.215775 -25.868678 -10.607314 2
33.110545 -25.620778 -10.960514 3
32.989845 -24.894178 -10.231114 8
32.866455 -25.643178 -9.654614 2
33.788185 -25.345378 -9.702914 8
33.714755 -25.960778 -9.030114 1
33.195285 -26.659378 -8.551614 14
33.247965 -27.019678 -9.408914 2
34.020505 -27.564778 -9.188814 12
34.603545 -27.652478 -9.957614 12
34.614295 -28.235578 -10.820414 9
33.684685 -28.332678 -10.866714 2
33.020235 -27.834878 -11.260514 2
32.556935 -27.468578 -12.046714 2
31.770285 -27.774278 -12.653914 5
31.185805 -27.183778 -13.138914 1
31.847045 -27.247978 -13.906714 6
31.968425 -26.925878 -14.835614 5
32.461765 -26.847678 -15.656614 2
33.231405 -26.419778 -15.287314 2
33.694475 -26.018478 -14.512114 1
33.323895 -25.400778 -15.177014 11
32.739955 -24.635578 -15.389314 1
32.395925 -24.736378 -14.450714 1
31.940275 -23.828278 -14.286214 2
31.027325 -23.424078 -14.325214 5
31.351915 -22.539078 -14.300814 1
31.478625 -22.376778 -13.379914 14
30.546675 -22.382478 -13.701514 14
29.682415 -22.160078 -13.298514 2
29.839825 -22.783078 -12.628514 14
30.260155 -22.996578 -11.885114 14
30.451555 -22.860678 -10.935914 2
29.565395 -23.235778 -10.869114 14
29.772135 -24.100378 -11.391814 15
29.203785 -23.457378 -11.905914 14
28.725975 -24.221778 -12.245814 15
27.902275 -24.573778 -11.808914 6
27.705675 -25.268578 -12.527414 3
28.038475 -26.018778 -12.011114 2
28.686475 -25.451278 -12.341614 15
29.413815 -26.016078 -12.764614 2
28.728675 -26.606078 -12.438214 8
27.892375 -27.032278 -12.606814 14
27.711175 -27.470578 -11.728914 9
28.519875 -27.897178 -11.304614 8
29.346365 -27.947378 -10.839914 8
28.793975 -27.580778 -10.185914 5
28.718675 -28.586178 -10.263614 2
28.456475 -29.188778 -10.992314 8
27.843375 -29.824478 -11.302014 9
27.068575 -29.427578 -10.832014 2
26.992375 -30.488178 -10.969614 14
26.768075 -31.176278 -10.201814 2
27.407575 -30.611278 -9.752814 1
27.900675 -31.523078 -9.602214 2
27.996875 -31.775978 -8.646914 1
27.722875 -32.688878 -8.315314 2
28.560475 -32.678178 -7.785814 3
29.398875 -32.718578 -7.262614 2
29.888185 -33.044778 -6.536614 1
29.828875 -33.287178 -5.601214 4
30.626645 -32.631578 -5.515814 1
31.136585 -31.890478 -5.212714 2
30.602185 -31.638178 -4.490114 14
30.629215 -30.711878 -4.968014 3
30.541305 -29.937978 -4.437814 1
31.251905 -30.075678 -3.743014 2
31.645775 -29.169478 -3.801114 2
32.172405 -29.701078 -3.147514 1
31.856005 -30.098478 -2.309614 2
32.611745 -30.594078 -1.993414 7
32.848685 -31.543378 -1.809514 1
33.448045 -32.289478 -1.759014 2
33.575175 -31.834078 -2.694414 1
33.254385 -32.399478 -3.413114 8
34.085925 -32.716878 -3.042314 2
33.717405 -33.228978 -2.231814 2
34.263985 -32.974178 -1.438614 3
35.033825 -33.284078 -1.954614 6
35.964835 -33.472278 -1.884314 10
36.501355 -32.921878 -1.284614 2
36.342085 -33.777278 -0.622914 6
37.221285 -34.096878 -0.464214 14
37.605605 -33.295478 -0.046314 12
38.470946 -32.851978 0.019786 8
38.009356 -32.180478 0.442286 14
37.294025 -32.332278 1.029786 2
36.564745 -31.672178 1.091486 7
36.102405 -30.843378 0.901286 9
35.382675 -31.355778 1.326886 1
34.778945 -31.724378 0.682386 3
35.270165 -31.328478 -0.084614 2
34.685695 -30.520978 0.126186 8
34.565605 -30.491778 -0.879014 3
34.698995 -31.238178 -1.508114 14
33.973215 -30.870678 -2.090114 1
34.205895 -29.967378 -2.244114 1
34.626085 -29.227678 -2.764414 2
34.367475 -28.642878 -3.498714 1
34.559865 -27.684878 -3.618514 14
35.437625 -27.836078 -3.986414 8
35.374805 -27.191078 -4.750214 1
35.418235 -26.275578 -4.989714 2
35.723145 -26.086978 -4.116414 3
36.155025 -26.896678 -3.747614 2
36.751685 -26.282278 -4.131614 5
36.554305 -25.340578 -3.889314 3
36.591855 -25.048678 -4.763714 5
36.696615 -25.675478 -5.492314 8
36.287205 -26.017678 -6.400314 14
35.820225 -26.863978 -6.526614 2
35.828195 -27.727478 -5.974114 12
34.959865 -27.248778 -5.966514 2
34.046305 -27.163378 -6.177414 2
33.178255 -27.427078 -5.757814 11
32.654035 -26.600378 -5.781114 15
32.320345 -26.089178 -6.562114 14
31.911275 -26.297078 -7.376114 14
31.380735 -27.001778 -6.939614 2
31.471135 -27.587178 -6.189514 1
31.077185 -28.103878 -5.471514 1
30.322795 -27.979878 -6.022914 1
30.555115 -27.012978 -5.888114 3
30.112335 -27.078878 -6.684114 1
30.737545 -27.693978 -7.164914 1
31.461025 -27.770678 -7.787514 14
31.763035 -28.438478 -7.186814 1
31.898995 -29.353278 -7.606214 4
32.542465 -29.114178 -8.235214 2
32.178885 -28.272678 -8.346414 14
32.801885 -28.060478 -9.059414 2
33.016245 -28.741178 -9.700114 2
33.910445 -29.085878 -9.627914 9
34.937585 -29.157578 -9.670714 9
35.452925 -29.192078 -10.514514 9
35.539275 -30.066078 -10.908814 2
34.897395 -29.545478 -11.487814 9
34.505955 -30.431978 -11.369814 6
33.856455 -30.442378 -10.654414 9
33.202525 -30.223678 -9.978314 2
33.252925 -29.454978 -10.556314 9
32.497095 -30.011978 -11.056114 2
31.715405 -30.369978 -10.593314 2
31.354745 -30.981578 -11.252214 6
31.107435 -30.113978 -11.582114 2
30.306885 -30.608278 -11.939214 6
29.667735 -30.566578 -12.690314 3
29.460935 -29.674978 -12.250914 8
28.967275 -29.334478 -13.053114 14
28.417675 -28.625978 -13.213514 2
28.667175 -28.203578 -12.373514 8
29.596085 -28.234978 -12.721014 8
30.618595 -28.211878 -12.697214 14
31.106775 -28.570378 -11.891514 2
30.292125 -28.102178 -11.595514 8
30.766985 -28.629778 -10.978614 2
30.075935 -29.327378 -10.920514 8
29.374035 -29.730178 -10.390714 3
30.070885 -30.394478 -10.155914 6
29.790565 -31.292778 -9.968914 6
29.707275 -30.776178 -9.150414 8
29.516555 -30.673878 -8.233414 3
30.444015 -30.624678 -8.046314 1
31.191875 -30.441078 -8.688114 3
31.877995 -29.923478 -9.164114 2
32.801115 -29.743978 -9.036814 2
33.819555 -29.810878 -8.776814 3
34.707225 -30.089978 -9.066114 3
35.219295 -29.909678 -8.156914 2
35.588615 -29.111578 -8.617414 12
35.665765 -28.386778 -7.984414 2
36.060755 -27.712778 -7.531214 10
35.476625 -27.084978 -7.924514 2
34.696465 -27.544478 -8.103914 12
34.119605 -27.350678 -7.335814 2
33.265455 -27.677078 -7.627614 14
32.841495 -28.412278 -7.184114 1
32.586085 -27.514478 -6.875514 14
32.577655 -28.197078 -6.191414 1
33.170905 -28.942178 -6.075914 3
32.482135 -28.874178 -5.460514 2
33.017525 -29.306878 -4.731714 8
33.069015 -29.704478 -3.879014 1
32.658015 -30.486978 -4.279114 8
33.239115 -30.913478 -4.882714 9
34.119935 -31.341978 -4.974214 2
34.537685 -30.571678 -5.492014 2
35.160545 -30.183478 -6.150914 1
35.682175 -29.623278 -5.414814 9
36.515625 -29.296178 -5.670814 8
36.834465 -30.169178 -5.522414 1
37.497385 -29.554078 -5.637814 8
37.340025 -29.185178 -4.744714 14
36.957245 -28.381278 -4.357014 2
37.873115 -28.076278 -3.985314 6
37.796825 -27.892278 -3.009514 1
37.837385 -26.913678 -2.500814 2
37.096865 -26.352878 -2.714814 3
36.239815 -26.516878 -2.299914 2
35.357865 -26.668278 -2.575414 6
34.503555 -26.259578 -2.687814 1
33.729565 -26.415378 -3.317614 1
34.168715 -25.884178 -4.057214 7
34.481965 -26.588878 -4.633214 2
33.627255 -27.120778 -4.419014 3
32.980075 -26.511878 -4.811314 6
33.612715 -26.111378 -5.406514 2
33.665955 -26.233278 -6.319814 2
33.305575 -25.444878 -6.767214 14
33.947555 -25.935978 -7.357614 2
33.238465 -25.570078 -7.976514 14
33.795315 -25.048178 -8.515714 8
34.087835 -24.265978 -8.995014 8
34.883535 -24.396878 -8.456814 9
34.636525 -24.966578 -7.727114 9
35.156555 -25.357678 -8.464914 2
35.684335 -26.095178 -8.820714 12
36.315835 -26.115378 -8.058014 3
36.790795 -26.229278 -8.902614 8
36.776235 -26.806478 -9.710414 14
37.006795 -27.124378 -10.582314 3
37.967269 -27.215078 -10.309814 2
37.542585 -28.000378 -9.840814 1
38.116678 -28.815178 -9.712214 3
37.855565 -29.127278 -10.601514 1
38.041542 -29.806878 -11.290914 1
37.551235 -29.201278 -11.890814 2
36.576835 -29.082078 -12.054514 9
36.740825 -28.265678 -11.544214 3
36.448915 -27.380278 -11.996314 1
36.105835 -26.691378 -12.650214 2
36.970955 -26.491578 -13.127914 2
37.812245 -26.556478 -13.401414 1
38.160185 -25.640678 -13.492214 10
38.764173 -24.952978 -13.276014 9
38.135389 -24.746578 -12.626214 2
37.457225 -23.973978 -12.575214 14
36.618995 -23.603378 -12.343314 12
35.865805 -23.280478 -11.821714 8
35.129395 -22.702378 -11.493114 2
35.064175 -21.901078 -10.979714 3
34.577805 -22.205778 -10.184214 6
34.184125 -23.021978 -10.296114 8
34.048485 -22.766178 -9.374914 6
33.446705 -23.485978 -9.087814 8
33.053765 -22.742078 -9.529814 6
32.074905 -22.751678 -9.495614 2
31.873975 -21.872278 -9.278114 2
32.175635 -21.127978 -9.757014 2
32.843425 -21.484878 -9.087814 6
32.985765 -20.610678 -8.641114 3
32.421335 -20.394378 -7.868914 3
31.778995 -21.026978 -7.854314 3
31.621005 -21.841378 -7.337014 2
31.647855 -22.455678 -8.129314 1
31.172145 -22.682378 -8.953314 2
30.787525 -23.515878 -8.658914 4
30.932575 -23.507478 -7.653714 8
30.305345 -24.250278 -7.428714 1
30.706895 -24.776178 -6.699414 2
31.676535 -24.822778 -6.590814 14
31.469715 -25.027078 -5.731914 14
31.909665 -25.730978 -5.265114 1
32.473075 -25.351278 -4.649314 12
33.399495 -24.993078 -4.921614 1
34.174755 -25.196978 -5.413114 2
35.091515 -25.210278 -5.173614 2
34.929815 -24.420578 -5.724014 9
34.812505 -24.534278 -6.647314 9
34.469155 -25.373578 -6.415614 2
35.366145 -25.713378 -6.335514 2
35.495475 -25.900378 -7.248614 2
36.016085 -25.090378 -7.230414 9
36.712805 -24.783078 -6.526914 2
37.488455 -24.357678 -6.937814 6
36.970785 -23.502278 -6.884114 14
36.108005 -23.328678 -7.272614 9
36.576825 -24.050578 -7.699814 3
36.385535 -23.445978 -8.421014 14
35.991735 -22.658878 -8.683214 1
35.534105 -22.016878 -8.118214 6
36.252485 -21.696478 -8.705814 8
36.944025 -22.315478 -8.914014 3
37.754425 -22.466578 -9.421414 2
37.709875 -22.602278 -10.389914 2
37.882965 -23.445378 -10.011614 3
37.456575 -24.316978 -10.032714 1
38.162577 -24.756578 -10.527614 2
37.444105 -24.445978 -11.034114 8
36.929555 -25.218978 -10.721514 2
36.398985 -25.102078 -9.955914 3
35.437565 -24.946678 -10.008914 10
34.823365 -24.178778 -10.187214 8
34.853295 -24.438978 -11.106414 2
33.936595 -24.164678 -11.179014 8
34.017675 -23.715078 -12.075314 1
33.774065 -23.501078 -12.957814 4
33.329195 -22.667478 -12.555914 14
33.501345 -22.928778 -11.646514 7
33.374455 -23.280078 -10.804814 8
33.215415 -22.358278 -10.793314 2
32.906285 -21.412578 -10.788714 2
33.806675 -21.099778 -10.663114 6
33.329485 -20.727578 -11.461314 3
32.969175 -19.927278 -11.047314 14
32.743575 -20.486778 -10.312014 2
33.516855 -20.633078 -9.768514 6
33.073285 -19.875378 -9.284514 3
32.595895 -19.398578 -10.001514 14
32.686225 -18.902878 -9.138514 3
31.902915 -19.330278 -8.715014 3
31.392365 -19.571878 -9.476914 1
31.325565 -18.600178 -9.243514 3
30.785265 -17.892478 -8.930114 2
30.317745 -17.842878 -9.794414 7
30.058215 -16.937578 -9.838314 10
29.834785 -17.068978 -10.782914 2
29.200275 -17.638778 -10.478714 13
29.124165 -18.451878 -9.952314 2
28.383975 -19.008378 -9.930814 5
28.219575 -18.135878 -9.548814 6
28.809175 -18.745478 -9.051914 5
29.222975 -18.737578 -8.202114 3
29.870355 -19.525878 -8.319514 1
30.449515 -20.129378 -7.936914 3
30.549545 -19.419578 -7.269014 3
31.030315 -19.747978 -6.544614 3
30.272895 -19.665978 -5.811514 9
29.723795 -20.010278 -6.431014 1
28.988675 -20.314578 -6.936314 10
28.619075 -20.698078 -7.748114 1
29.509265 -20.841078 -8.167414 1
29.961505 -21.194578 -7.352414 1
30.875455 -20.866378 -7.221514 3
30.988365 -20.819878 -6.247414 14
31.650385 -20.372978 -5.759914 3
32.192595 -19.736178 -5.254014 9
33.080025 -20.293678 -5.180714 3
32.440665 -20.601378 -4.553114 8
31.677965 -19.941678 -4.288814 9
31.802635 -20.616378 -3.567314 8
31.379655 -21.365978 -3.143614 3
31.617405 -21.949378 -2.452614 5
30.637305 -21.952878 -2.680414 9
30.346355 -21.352378 -1.940814 2
29.958385 -21.799078 -1.190814 12
29.354335 -21.702278 -1.958914 3
28.543075 -21.956478 -1.504414 3
28.283275 -21.029378 -1.666514 1
28.281775 -20.544478 -0.859614 10
29.183335 -20.935578 -0.997214 9
28.803475 -21.650278 -0.440314 3
29.291515 -21.776578 0.363486 2
30.238315 -21.536578 0.107286 14
30.639115 -22.226878 -0.472314 13
30.593925 -23.097978 -0.854814 4
31.087635 -23.200578 0.036486 3
30.273495 -22.991278 0.492286 2
30.270535 -23.994778 0.736886 10
29.444445 -23.576878 1.030786 3
29.355365 -24.207178 0.356586 2
29.396875 -24.803178 -0.366214 3
29.980375 -24.287978 -1.041614 3
30.146575 -24.669378 -1.894014 1
30.069935 -23.847478 -2.334414 1
29.379095 -24.012878 -3.108214 10
29.050895 -23.530878 -3.913214 7
28.812275 -23.645178 -4.890514 1
29.441315 -23.806278 -5.554414 1
30.299305 -24.164578 -5.928214 6
30.685035 -23.316178 -5.499614 8
31.203815 -22.862478 -6.177614 9
32.152525 -22.649678 -5.912814 12
32.265455 -21.793278 -5.452814 6
32.239075 -21.413878 -6.291214 3
32.654345 -21.187378 -7.111814 3
33.319345 -21.553778 -7.704314 6
33.011945 -22.127578 -6.962114 3
33.099825 -22.821278 -6.258614 4
33.684595 -23.130678 -7.008514 9
34.034235 -22.494878 -7.659914 6
33.539305 -23.320378 -7.976514 9
32.845355 -22.609578 -7.938614 6
32.358845 -23.231578 -8.520314 3
32.853545 -24.092378 -8.240914 8
32.300455 -23.825378 -7.453414 13
32.655385 -24.378678 -6.746714 14
33.616175 -24.371978 -6.875214 9
33.461065 -24.322378 -5.920314 14
33.327635 -23.788478 -5.101514 3
33.318345 -22.920178 -4.663914 5
32.528295 -22.816078 -4.020514 3
32.143335 -21.945178 -4.038014 8
31.208855 -21.639778 -4.230314 5
30.427425 -21.532078 -4.728214 10
31.106845 -21.771778 -5.382714 10
30.327195 -21.941878 -5.970814 5
29.461055 -21.931078 -5.523714 3
28.787375 -21.957378 -4.832214 9
28.086075 -21.688778 -4.178614 3
28.099375 -21.479678 -3.237814 5
28.355975 -20.572278 -3.435314 1
28.152075 -19.667978 -3.697914 4
27.345375 -19.202878 -3.891614 1
27.771575 -18.667678 -4.544914 3
28.568075 -18.728678 -5.197814 9
28.067075 -19.132178 -5.909414 1
27.763975 -19.078578 -6.841714 1
27.837275 -18.231178 -7.329314 1
28.180775 -17.328578 -7.502814 4
29.029195 -17.007578 -7.171214 1
29.950165 -16.734978 -7.173414 3
30.719225 -17.032678 -7.679814 1
31.223945 -17.878778 -7.777514 3
31.769675 -17.189978 -8.082314 9
32.518115 -17.214678 -8.709614 3
33.098975 -17.555278 -7.990314 6
33.149225 -18.487078 -7.852814 3
33.745865 -19.178878 -7.584314 3
34.621715 -19.434478 -7.897714 15
34.656125 -19.092878 -7.035714 10
34.044605 -18.359578 -6.972014 3
34.249785 -17.587578 -7.575714 6
35.098815 -17.487178 -7.157814 13
34.567025 -16.781978 -6.882414 6
34.282975 -16.658778 -5.950614 3
33.582335 -17.264778 -6.196914 6
33.559605 -18.160678 -5.916014 3
34.283495 -17.681478 -5.453214 11
34.698855 -18.438578 -5.944914 13
34.057375 -19.177078 -6.080314 3
33.190805 -19.431878 -5.817014 3
32.748625 -18.746078 -5.268514 9
33.148365 -19.265978 -4.545314 8
33.645455 -19.243478 -3.719114 12
33.221655 -18.505778 -3.245514 4
32.961335 -18.144478 -4.053814 3
31.990395 -17.833478 -4.260514 9
31.914085 -16.880578 -4.247814 3
31.308575 -16.463578 -4.931814 9
32.152705 -16.012678 -5.352214 4
31.362435 -15.984478 -6.003914 1
32.084635 -15.220278 -6.066314 5
31.376145 -15.271078 -6.746014 3
30.510645 -14.862778 -6.537414 5
30.231865 -14.927478 -7.454814 8
31.010665 -14.347378 -7.510414 5
30.535125 -13.495378 -7.790814 1
30.851855 -13.057178 -8.525214 1
31.721965 -12.695278 -8.174814 1
31.987195 -13.704378 -8.185014 2
32.017895 -13.834178 -7.285014 5
32.427595 -14.652178 -7.158114 5
32.452025 -15.592078 -7.204114 1
32.518045 -16.487978 -7.526914 6
32.561035 -17.277378 -6.931214 6
32.285155 -18.144578 -7.263514 3
32.175915 -19.033878 -7.647514 3
31.238325 -18.850278 -8.017814 3
30.416125 -18.652978 -8.378114 10
30.306825 -18.353878 -7.459614 3
29.903785 -17.844878 -6.731014 10
29.533685 -18.484778 -6.044014 9
29.387615 -17.547978 -5.794114 13
29.954935 -17.955478 -5.069314 9
30.457185 -17.458778 -5.728414 9
30.907555 -17.739578 -6.545914 3
31.830295 -17.397478 -6.267814 14
31.621895 -17.928478 -5.508614 9
32.195005 -18.389678 -6.157814 3
31.623535 -19.013378 -5.753914 9
32.130145 -19.408278 -6.501014 3
32.721525 -19.784678 -7.126614 3
33.586625 -19.814378 -6.700314 3
34.454085 -20.161778 -7.008014 3
35.343975 -19.847278 -7.185114 13
36.227675 -20.153778 -7.296814 1
36.475595 -19.204278 -7.311214 1
36.844675 -18.451678 -7.794514 6
36.695435 -17.704278 -8.307214 3
37.399325 -17.046078 -8.031314 1
36.819705 -16.665178 -7.311714 3
37.442705 -16.046878 -7.020614 1
37.853325 -15.535778 -6.318214 3
38.173502 -15.288678 -7.179414 9
38.330157 -14.495678 -7.696914 4
38.982414 -13.734478 -7.535414 9
38.633534 -13.828478 -8.481414 1
38.085893 -13.415278 -9.139114 4
37.637165 -14.194878 -8.769814 6
37.747795 -13.704878 -7.936414 8
37.552715 -12.886178 -7.421314 3
36.632545 -12.667278 -7.709914 5
36.177975 -12.993578 -6.950514 3
35.230705 -12.986878 -7.299014 9
34.819035 -13.662478 -6.740914 3
34.400205 -13.677578 -5.877114 1
33.423105 -13.370978 -6.091614 5
32.806265 -12.949378 -5.417814 8
32.615205 -13.795178 -5.087414 5
33.540435 -14.004678 -5.113214 3
33.014525 -14.673078 -5.583014 5
33.853245 -15.040578 -5.832014 10
33.571145 -15.674378 -6.418514 3
34.142035 -15.768078 -7.199914 6
33.980275 -15.163578 -7.893214 11
34.960695 -15.078778 -7.983014 14
34.550085 -14.524078 -8.656414 9
35.264535 -14.712478 -9.318414 3
36.000225 -14.657878 -9.952814 10
36.682735 -14.155578 -9.547214 12
36.811075 -15.060178 -9.404514 3
36.157605 -15.762378 -9.331614 15
35.768625 -15.551078 -10.218014 1
35.405805 -16.357078 -10.595914 3
34.523935 -16.895478 -10.629614 3
34.051995 -17.694778 -11.059314 8
34.216805 -18.459778 -10.579314 4
33.907165 -18.441178 -9.667314 3
34.026395 -18.678878 -8.666614 1
33.902375 -19.672778 -8.698914 3
34.406975 -19.572978 -9.532914 5
35.217525 -20.153078 -9.378114 13
34.970175 -20.958078 -8.862214 6
34.376225 -20.426078 -8.337614 3
33.988085 -21.154578 -8.954514 6
34.555785 -21.873778 -9.060914 6
34.641415 -22.591478 -8.456014 6
35.155395 -23.178878 -7.869314 9
35.077955 -23.272378 -6.909314 9
34.405585 -22.536978 -6.625514 9
34.086295 -21.659078 -6.910514 6
33.627035 -20.884878 -6.711514 3
33.322895 -21.204078 -5.801814 3
34.083415 -21.255878 -5.257914 3
34.035635 -21.711978 -4.377714 4
34.373025 -21.804478 -3.521614 1
34.795145 -22.683478 -3.200314 1
35.255815 -22.350378 -3.955614 3
35.781225 -22.123178 -4.786814 13
35.551155 -22.457678 -5.589514 3
35.196705 -23.360978 -5.659514 9
36.178715 -23.410478 -5.483514 5
36.554615 -22.541778 -5.787214 1
36.262605 -21.704978 -5.962814 3
37.232595 -21.522078 -5.617714 10
37.603305 -20.723378 -5.962114 1
37.326205 -21.031178 -6.854714 9
36.695945 -21.062278 -7.555814 5
37.050565 -21.903378 -7.387014 1
36.172385 -22.039578 -7.080914 3
35.470015 -21.517278 -6.713614 15
34.744555 -21.119778 -6.236914 3
35.525885 -20.576978 -5.995914 4
35.873475 -20.560878 -5.107414 6
34.903695 -20.425178 -5.107514 3
34.732095 -19.486478 -5.325714 3
34.220865 -19.274978 -4.531714 4
34.015315 -20.191178 -4.636814 3
33.758385 -20.532178 -3.740214 8
33.348625 -20.501778 -2.867114 8
32.363615 -20.539078 -2.739714 8
31.454555 -20.286978 -2.494814 5
30.507875 -20.330478 -2.644614 3
30.580605 -20.529078 -3.635414 9
29.661475 -20.383078 -3.616314 6
29.365615 -20.766278 -4.411614 13
29.177255 -20.089278 -5.043614 14
30.042775 -19.957278 -4.562014 9
30.785125 -20.422078 -5.023414 13
30.842475 -19.467378 -5.019914 9
30.611745 -18.625378 -4.638614 9
31.164225 -18.315778 -3.837614 9
31.770685 -17.865878 -3.244214 3
31.762955 -17.862478 -2.240014 4
31.354745 -16.943878 -2.161314 3
30.582305 -17.415678 -2.725014 5
30.762265 -16.530678 -3.037214 3
30.579175 -16.843978 -3.938214 9
29.666565 -16.992178 -3.556414 1
29.785025 -16.357378 -2.859514 3
29.558455 -15.777678 -2.202414 3
29.543165 -15.307678 -1.362714 1
28.887775 -14.843178 -1.904014 3
28.583375 -13.981978 -2.157914 6
29.284365 -13.917678 -1.479314 6
28.604775 -14.059878 -0.897114 6
28.237475 -14.994378 -0.802714 10
28.699375 -15.807678 -0.916214 1
29.442955 -16.295978 -1.342214 3
29.518285 -16.998378 -2.019014 3
30.019195 -17.334178 -1.274914 15
30.774175 -16.846178 -0.919014 3
30.493385 -17.685178 -0.480614 10
29.494375 -17.794278 -0.260814 6
29.278495 -17.764178 0.618586 1
29.003615 -16.942578 0.233786 3
29.434645 -16.164578 0.537286 5
30.197145 -16.436178 -0.028214 3
30.650105 -16.733478 0.758286 10
31.240815 -15.970978 0.974086 3
30.929345 -15.181678 1.556886 5
30.450445 -15.977378 1.813186 5
30.118275 -16.589178 2.510386 13
30.615235 -16.669778 3.316086 9
31.284965 -16.767178 4.018186 3
31.413655 -17.774378 4.221386 6
31.666185 -18.022578 3.258386 11
31.550925 -17.828578 2.301786 8
32.382435 -18.141178 1.860786 6
31.915695 -17.784978 1.139486 9
31.759555 -16.947978 0.696386 3
32.211775 -16.685078 1.504386 1
32.863635 -15.972078 1.641286 1
33.347175 -15.820378 0.835486 3
33.726215 -16.644678 1.253686 1
33.094155 -16.840778 0.544386 3
32.787385 -17.401678 -0.139314 9
32.270865 -16.637278 -0.489914 3
31.637965 -17.284678 -0.661314 3
31.726785 -18.289078 -0.955914 1
32.562155 -18.109178 -1.348114 4
32.179855 -18.704978 -1.993014 4
32.363195 -19.228278 -2.814314 8
31.867275 -19.129378 -3.589414 9
31.303965 -19.012578 -2.768114 1
30.464775 -18.634278 -3.111214 9
29.504635 -18.810978 -3.048614 5
29.744535 -19.008678 -3.994614 9
29.137765 -18.356778 -4.346814 9
28.549675 -17.826678 -3.854214 3
28.876775 -16.982378 -4.408814 6
29.740205 -17.077178 -4.667614 9
29.747935 -16.144678 -5.029614 10
30.590845 -15.732178 -4.681314 15
31.393295 -15.499078 -4.224414 5
31.487425 -15.605378 -3.237214 3
31.327425 -15.950278 -2.373414 3
30.916075 -15.294978 -1.813414 3
30.442915 -14.657578 -1.272214 6
31.313455 -14.316878 -1.593514 3
31.166685 -13.466178 -1.881414 13
30.222435 -13.628378 -2.027514 6
30.495375 -14.254878 -2.680214 3
30.291165 -13.438778 -3.155714 1
29.487205 -13.828978 -3.377614 6
29.582825 -14.604078 -2.806314 3
29.162845 -14.842178 -3.654714 1
30.057665 -14.826778 -3.932814 10
30.958485 -14.769078 -3.546114 3
31.773905 -14.362978 -3.860414 5
32.464045 -14.185578 -3.103314 3
33.014105 -14.628078 -3.884714 13
32.496735 -15.351878 -4.295014 5
32.774155 -15.920778 -3.520714 6
32.341235 -15.699878 -2.686714 3
32.308315 -16.475078 -2.127814 3
32.179615 -17.179378 -1.497014 14
33.614595 -17.904378 -1.481314 4
34.305095 -17.613378 -0.912014 13
33.588295 -16.955878 -0.613414 3
34.503915 -16.834978 -0.249214 12
34.131515 -16.234878 0.378986 3
34.881435 -15.777578 -0.171114 11
34.600825 -16.066278 -1.055114 4
34.017915 -15.410778 -0.734014 3
33.578125 -14.873178 -0.048114 3
34.264315 -14.078278 0.060286 8
33.785135 -13.466878 0.715186 6
34.178465 -14.146778 1.291786 9
34.875055 -13.859478 1.861286 6
34.702315 -14.367878 2.631286 1
35.006205 -15.243278 2.361786 1
34.105585 -15.487578 1.787486 1
34.182395 -16.350378 2.198186 3
34.288555 -17.278378 2.323186 3
34.579945 -17.393878 1.409086 9
35.464185 -17.459078 1.798486 6
35.981745 -18.200878 2.088186 9
36.083375 -18.170478 3.051686 6
35.432155 -17.637378 3.601386 4
36.159005 -17.707778 4.339386 3
35.679125 -17.109078 4.998726 1
35.083055 -16.705378 5.664646 9
34.420415 -16.770178 5.031196 10
33.624055 -16.649278 4.473786 1
34.311975 -16.901478 3.838286 3
34.119085 -15.981178 3.948986 8
33.347015 -15.653878 3.473486 15
32.456045 -15.441978 3.075386 9
31.902815 -14.723478 3.016486 3
31.151735 -15.113678 2.625086 5
30.696055 -14.881178 3.482086 10
30.255775 -14.679878 4.387686 13
29.536665 -15.303578 4.219486 3
29.603985 -15.360578 3.225586 5
29.750195 -14.385178 3.284186 8
29.697685 -14.015278 2.384286 5
29.288055 -13.188078 2.233386 3
29.222455 -12.221678 2.264986 1
28.326575 -12.094178 1.994186 13
28.877275 -11.481478 1.483886 13
29.753445 -11.118878 1.564486 10
30.402075 -11.779978 1.749786 9
31.224165 -11.344678 1.743786 3
31.487485 -12.298778 1.851786 9
32.517845 -12.335178 2.133886 13
32.637565 -11.598378 1.431086 3
32.127865 -12.283078 0.824286 9
32.448215 -11.991278 -0.030614 3
31.459835 -12.289578 -0.069914 11
31.036815 -12.802178 -0.835614 6
31.816595 -13.420078 -0.922714 3
31.446395 -13.524978 -0.057014 9
31.768875 -14.287278 0.369086 3
31.596225 -15.200278 0.341886 3
30.683195 -14.918978 0.569186 5
30.791695 -14.606878 -0.335614 6
31.298985 -15.304478 -0.724814 3
30.544455 -15.847878 -0.874414 3
30.026815 -15.397278 -0.203614 8
29.653105 -14.551778 -0.557314 6
29.745215 -14.554078 0.370786 5
30.243245 -13.693578 0.270186 6
30.197085 -12.799978 0.576686 15
29.929085 -11.996278 0.165186 4
30.053605 -12.587078 -0.588214 6
29.727535 -12.873378 -1.432614 6
30.354805 -12.164178 -1.569014 3
30.950175 -11.798678 -2.292114 5
31.958405 -11.698378 -2.169214 1
32.025145 -12.221578 -2.948914 1
32.665075 -12.936278 -2.590714 10
33.052805 -13.726778 -2.216314 1
32.319365 -14.208778 -1.804814 3
32.866105 -14.852478 -2.253114 3
33.662515 -14.721978 -2.852014 1
33.742895 -15.617978 -3.283914 10
33.774505 -16.469478 -3.728614 1
32.970055 -16.958478 -3.569314 3
33.405035 -16.914178 -2.699714 4
34.181535 -16.647578 -2.216514 1
33.534145 -16.027678 -1.855514 1
32.734835 -16.023878 -1.296014 3
32.193365 -15.618978 -0.560114 3
32.663275 -15.063478 0.073686 3
32.393115 -14.938878 0.992886 12
31.755205 -14.265778 1.408686 9
30.979015 -14.319278 2.092386 5
31.681215 -13.734278 2.294686 10
32.436255 -13.536478 1.767386 9
32.627015 -13.160578 0.804786 9
32.755855 -13.894678 0.173486 5
32.998705 -13.866978 -0.749914 3
33.865865 -14.245078 -0.840514 3
34.132905 -13.159978 -0.945714 6
33.617565 -12.400778 -1.209014 4
32.945465 -12.003878 -1.842014 14
33.781715 -11.481678 -1.795814 4
34.293905 -11.980478 -2.380314 11
34.830215 -11.212378 -2.625214 3
35.273595 -10.611078 -3.201014 13
35.679715 -10.786078 -4.061314 10
36.594405 -10.346178 -3.871414 9
37.203655 -10.963178 -3.579214 13
37.554385 -11.837478 -3.329914 1
37.201985 -11.678278 -2.423014 10
37.813835 -10.980178 -2.708314 13
37.451125 -10.069878 -2.721314 8
37.992751 -9.381978 -2.897914 6
37.916805 -9.335978 -1.961814 4
36.980945 -9.293278 -1.962214 10
36.516265 -8.479478 -1.848014 6
36.278835 -7.634478 -1.439114 10
36.625505 -7.527878 -0.481514 4
36.271275 -7.954978 0.321286 1
35.547005 -7.809578 -0.310214 6
35.537975 -7.054578 0.467486 5
34.778285 -7.050778 1.062486 3
34.786025 -8.016378 1.259986 13
34.565235 -8.998378 1.477386 5
34.799155 -9.064578 2.374286 4
33.935125 -8.822078 2.733386 10
33.084365 -8.548278 2.377686 4
33.136625 -8.483378 1.429786 4
33.419815 -9.089778 0.776786 13
34.210125 -9.203878 0.307186 3
34.077865 -8.261578 0.403186 4
33.546065 -7.490178 0.680686 1
33.128875 -7.508578 -0.254014 13
32.556605 -8.120278 0.231786 8
31.761795 -8.142978 0.818986 4
31.248615 -8.433478 -0.028514 4
30.471375 -8.685078 -0.650714 4
30.732955 -8.023978 -1.275214 10
29.824625 -7.983078 -1.191814 9
28.925675 -8.225078 -1.419114 11
28.606975 -7.465378 -1.910114 6
27.873675 -7.080278 -1.471114 4
27.272675 -7.641678 -1.028014 11
26.486075 -8.201978 -1.119214 10
26.455075 -9.158378 -1.415614 3
26.627575 -10.069478 -1.323614 10
27.399575 -9.638178 -1.702814 11
27.590475 -10.565078 -1.674314 10
27.725075 -11.555078 -1.377114 10
28.669175 -11.389378 -1.357814 1
29.499645 -11.695478 -1.060014 4
28.910075 -12.382378 -0.657214 6
28.165575 -12.253578 -0.170614 13
27.305575 -12.533078 -0.564314 10
27.779175 -13.269778 -0.054714 3
27.494975 -13.033878 0.867186 13
28.459075 -13.081078 0.970786 13
29.014715 -13.782278 0.526386 6
28.708775 -14.243078 1.303686 1
29.250555 -14.857778 1.803486 5
29.301835 -15.741878 2.015586 5
28.424875 -15.724578 2.482786 10
28.548075 -16.584778 2.164586 1
28.684575 -17.458178 1.809586 10
27.822875 -17.418778 2.356686 9
27.272975 -17.463878 1.638686 4
27.013475 -17.632978 0.736586 13
27.378375 -17.770578 -0.161014 15
26.733775 -17.250578 -0.655614 6
25.830075 -17.512878 -0.906314 1
25.844975 -16.813678 -0.339914 8
25.252775 -16.179978 0.144486 1
25.756175 -15.669178 -0.501214 9
25.397775 -15.098478 -1.268414 3
24.758675 -14.542078 -0.762114 4
24.088575 -13.979778 -1.075014 4
24.143675 -13.477378 -1.857314 4
24.015075 -14.216078 -2.544114 12
23.387875 -13.354678 -2.458714 4
22.704675 -13.148878 -3.159614 3
22.967075 -12.545578 -3.817614 1
23.371775 -12.371778 -2.949714 4
24.054675 -11.720578 -2.816514 4
23.893175 -11.407378 -3.710714 13
23.141075 -11.175578 -4.290014 10
23.675675 -10.336878 -4.560414 13
22.936675 -9.899378 -4.086814 13
22.968275 -9.337878 -4.914714 15
22.301975 -9.045578 -5.529714 5
21.770575 -8.400178 -5.155314 11
21.719675 -7.651678 -4.571114 3
21.998275 -6.684178 -4.277714 2
22.461975 -6.207878 -4.974914 10
22.785375 -5.916778 -5.910614 1
22.435575 -5.152278 -6.443614 10
21.565575 -5.648678 -6.357414 6
21.165375 -5.940478 -5.512714 9
20.950575 -4.971078 -5.672414 1
20.148175 -5.455278 -5.513214 6
19.319775 -4.924878 -5.561214 3
19.924075 -4.179578 -5.409214 4
19.394475 -4.036878 -6.169014 10
19.659775 -3.219878 -5.819914 4
18.869675 -3.346978 -5.301614 1
18.964575 -3.791678 -4.390614 1
19.090875 -3.572478 -3.477914 1
19.575875 -4.111278 -2.767314 1
20.190575 -3.468778 -2.459114 10
20.500875 -4.299978 -1.979114 5
21.125775 -4.412978 -2.706914 11
21.692475 -4.435878 -1.921614 4
21.530175 -5.291478 -2.358914 8
21.562675 -5.990578 -1.662014 4
20.568275 -5.812678 -1.586114 10
20.156575 -5.793578 -0.761914 3
20.426675 -6.679278 -0.962214 13
19.677375 -7.206578 -0.654014 8
18.931775 -7.860478 -0.328914 10
18.421075 -7.429578 -0.993514 1
18.412675 -8.233078 -1.470014 10
18.089275 -9.084078 -1.595814 13
17.800875 -8.639478 -2.374514 5
17.212675 -9.411678 -2.369914 13
17.795275 -9.452878 -3.177714 9
17.571875 -9.492978 -4.239514 6
18.247075 -8.764878 -4.302314 6
18.980275 -8.405978 -3.802314 15
19.836275 -8.789078 -3.516114 4
19.971175 -7.879378 -3.169514 11
20.600175 -8.145078 -2.472214 10
20.751975 -8.642978 -1.720014 4
21.446975 -9.356978 -1.684914 1
21.608675 -9.882178 -0.885914 5
22.309075 -10.206878 -1.444814 11
23.130275 -10.480178 -1.776714 4
23.678875 -10.727378 -2.521014 13
24.008475 -11.322478 -1.839614 4
24.954875 -11.497178 -2.059114 3
25.701975 -11.688678 -1.347614 10
25.103175 -10.969178 -1.070914 4
25.729675 -10.531378 -1.641514 10
25.287875 -9.920378 -2.213214 13
25.602975 -10.716778 -2.651014 10
24.903175 -10.364178 -3.146914 13
24.693275 -9.575178 -3.725614 13
25.340175 -9.798278 -4.415214 12
25.255375 -9.805678 -5.377714 5
25.039275 -10.652078 -5.704114 9
24.707275 -11.488578 -5.410114 8
24.109375 -12.168478 -5.563114 4
24.915075 -12.709378 -5.626614 3
24.652775 -13.415578 -6.107314 1
24.342375 -13.840778 -6.896714 6
24.066175 -14.760078 -6.997114 1
24.761375 -15.401978 -6.821314 10
24.358175 -16.250178 -6.869214 10
23.771775 -17.043678 -6.846814 3
23.453875 -16.392978 -6.190414 4
24.271375 -15.926078 -5.844514 1
24.043275 -16.130078 -4.973514 1
24.009475 -16.227278 -3.926614 3
23.501575 -15.481078 -3.698514 1
23.543075 -14.585978 -4.044714 1
24.478875 -14.563178 -3.849914 15
24.713075 -13.762078 -3.318014 4
24.449175 -12.977078 -3.874514 4
25.391375 -12.899378 -3.733214 1
25.009075 -12.082478 -3.255414 4
25.943475 -12.194378 -2.996114 1
26.068675 -11.531578 -2.246314 10
27.019475 -11.578178 -2.380414 10
27.700275 -12.264978 -2.332214 5
28.122775 -13.082978 -2.508514 6
27.352975 -13.686278 -2.540214 11
26.749775 -12.984478 -2.254214 10
27.425675 -13.094178 -1.577314 6
26.893975 -13.444678 -0.839214 13
25.890075 -13.243078 -0.498514 4
25.748975 -14.170678 -0.628714 4
26.599375 -14.193078 -0.175114 11
26.993175 -14.441078 0.722686 9
26.692675 -13.999278 1.632786 3
26.581875 -13.307378 2.219986 13
26.679375 -13.305378 3.137386 4
26.867675 -12.993778 4.085586 3
27.261975 -12.184678 4.514986 8
28.029575 -12.805978 4.682486 10
28.559375 -12.591178 5.489416 8
28.839375 -12.070678 4.717486 4
28.987465 -11.214678 4.232786 12
28.784675 -10.832278 3.354986 6
28.308475 -10.113678 2.980486 13
28.432975 -9.441978 3.789186 10
28.894775 -8.631278 3.906786 4
29.303945 -7.824078 3.548886 13
29.794265 -8.073178 2.771286 4
29.026095 -8.652578 2.706086 6
28.031275 -8.783578 2.661086 10
27.620375 -8.999178 1.835586 1
27.559875 -9.961478 1.698286 13
28.024075 -9.774678 0.877586 10
27.685475 -8.847078 0.760186 1
26.792075 -8.865678 0.437686 3
26.796875 -8.594778 1.339286 1
26.147675 -9.243378 1.688486 5
26.501975 -10.136378 1.788986 13
25.822475 -10.464978 1.183686 13
24.865075 -9.973578 1.045386 4
24.340175 -10.279278 0.356186 1
24.634275 -11.135478 -0.058514 4
25.365175 -10.507478 0.190286 10
24.891775 -10.026578 -0.603614 4
24.925075 -9.045278 -0.838514 9
24.069975 -9.420578 -0.619814 4
24.364175 -9.755878 -1.471414 13
24.925475 -9.018878 -1.870914 6
25.744175 -8.975078 -2.301714 4
26.132375 -8.116178 -2.491514 3
26.916675 -8.586578 -2.360914 15
26.691175 -9.338078 -2.919114 9
26.209975 -10.079978 -3.344014 10
27.035275 -10.005378 -3.780014 9
27.484075 -10.670178 -3.134514 10
27.585675 -11.536278 -3.418314 10
27.395675 -12.378978 -3.849314 11
26.880375 -11.754178 -4.486714 4
26.211075 -11.081178 -4.377114 10
26.538075 -10.862778 -5.275614 6
27.348275 -10.634478 -4.681314 13
27.471075 -11.387278 -5.270714 3
28.000975 -10.631078 -5.647314 10
28.346475 -11.082078 -6.442914 1
28.881875 -10.359978 -6.835814 4
29.814875 -10.413778 -6.692714 8
30.772855 -10.752978 -6.562914 4
30.789385 -11.616278 -7.116214 10
31.803935 -11.335278 -7.186614 4
31.962915 -12.223678 -6.774614 13
32.596575 -12.991178 -6.764114 5
31.706465 -13.167478 -6.505014 5
30.903605 -12.839678 -7.014914 9
30.548575 -13.670878 -6.653514 5
29.991995 -12.912078 -6.888714 7
29.681015 -12.138978 -7.315014 4
29.320045 -11.470378 -6.622114 4
30.022385 -12.013678 -6.247114 1
29.597735 -12.479578 -5.529314 10
29.781995 -12.718078 -4.684314 1
29.993295 -12.393078 -3.785414 1
29.142915 -12.627378 -3.360314 6
28.408775 -12.092878 -3.060714 10
28.898975 -12.121578 -2.185614 6
29.182935 -11.383278 -2.791614 10
29.555765 -11.037778 -1.943914 3
29.537835 -10.132978 -1.679614 1
29.046235 -10.506078 -0.956014 12
29.346645 -10.108378 -0.050914 1
28.760975 -10.588478 0.553386 4
27.999875 -10.787178 1.106486 13
27.400675 -11.390478 1.602186 13
26.880075 -11.839378 0.931086 13
26.040375 -11.596978 0.594086 3
25.542075 -11.788278 -0.260814 10
25.168075 -12.543078 -0.659414 4
25.426175 -12.708278 0.225786 4
26.399375 -12.574678 0.003086 8
26.704075 -11.760378 -0.424714 10
27.378275 -11.362078 0.142886 13
27.196475 -10.644078 -0.520314 10
28.038175 -10.176878 -0.784814 4
28.531875 -9.418178 -1.279714 11
29.083895 -9.346678 -2.082114 14
28.403775 -8.718178 -2.492014 11
28.311675 -9.387178 -3.168914 4
28.520575 -10.226878 -2.777614 10
29.442945 -10.053178 -2.845514 9
29.362455 -10.282578 -3.860814 10
29.629585 -11.216878 -4.109214 10
30.572595 -11.272178 -4.103314 15
31.085595 -11.654978 -4.875114 4
30.857645 -12.476678 -4.479414 13
31.136555 -13.354378 -4.726114 6
31.619405 -13.726878 -5.460514 5
31.023065 -14.484978 -5.428814 5
30.148035 -15.015178 -5.428514 4
29.486075 -14.628978 -6.013814 6
29.182775 -14.319378 -6.809314 9
28.756675 -14.267778 -7.728114 4
28.028075 -13.770478 -8.137114 1
28.472475 -13.306178 -8.819914 4
28.017875 -12.443378 -8.702314 13
27.483975 -11.833178 -9.318214 10
28.133975 -11.327378 -9.778614 1
28.900475 -11.552578 -9.236114 5
28.811775 -12.315478 -9.866514 1
28.766175 -13.308978 -9.884414 1
29.415795 -13.874878 -10.148114 7
29.805415 -14.325878 -10.938814 4
29.931165 -13.465778 -11.206514 10
29.486725 -12.594378 -11.382514 8
28.651475 -12.614778 -10.978514 10
28.015575 -11.915578 -11.104314 13
27.298775 -12.552178 -11.037514 3
27.264575 -13.196778 -10.204714 4
26.881075 -12.812878 -9.416014 12
27.125175 -13.364178 -8.629414 6
26.604175 -12.809678 -8.021114 4
27.021675 -13.578978 -7.622314 14
27.653375 -13.818078 -6.953714 13
27.368075 -14.392378 -6.215514 13
27.186075 -13.735678 -5.508414 10
27.574775 -13.627078 -4.597014 3
26.682875 -13.910978 -4.407214 11
26.457675 -14.358078 -3.536314 11
25.990775 -13.964778 -2.832314 6
25.338075 -13.369378 -2.461414 4
25.713675 -12.649478 -1.945214 10
24.765175 -12.599478 -1.710614 4
24.217175 -12.873478 -0.991714 4
23.692275 -13.208078 -0.278014 4
23.116775 -13.378978 0.540986 10
24.111475 -13.215978 0.573186 4
23.866375 -13.200178 1.505086 3
23.127675 -12.932078 1.962686 10
22.979175 -12.660978 2.814286 5
23.324075 -12.970778 3.666586 5
22.954275 -13.899278 3.969486 1
23.074475 -14.653478 4.613386 10
23.739875 -15.215478 4.134186 1
24.665475 -14.933378 4.053186 9
25.392075 -14.427578 3.725486 15
24.612275 -14.187978 3.193186 10
23.862775 -13.700678 2.687686 5
23.001375 -13.899778 2.219186 10
23.379775 -14.655278 1.847086 9
23.929975 -14.931678 1.030686 15
24.742375 -14.854178 0.536886 4
24.908675 -13.883178 0.764486 4
25.197975 -14.142878 1.702586 1
25.481875 -13.254578 1.484986 9
25.033875 -12.460678 1.750186 10
26.013975 -12.385978 1.650386 13
26.332175 -12.148678 2.506486 13
26.552375 -11.645378 3.234886 4
27.184675 -11.547978 2.497886 13
27.655875 -12.272778 3.081586 1
28.242875 -11.900078 3.755786 6
27.810375 -11.204478 3.279686 13
27.208675 -11.289678 4.038886 8
27.851975 -11.329278 4.825886 8
28.087375 -10.484278 5.269726 6
28.320075 -9.691178 4.855586 10
27.963375 -8.780878 4.783086 11
27.809675 -7.897578 5.130926 4
28.748375 -7.805178 5.022016 5
29.385205 -7.136578 4.689686 4
29.278805 -6.240778 4.375786 7
29.075885 -6.685078 3.523886 10
28.512675 -5.954678 3.277686 3
28.891775 -5.115278 3.592986 4
28.777675 -4.231078 3.255586 13
28.150775 -4.052478 2.535986 4
27.451575 -3.506878 2.038286 10
26.492275 -3.217478 1.823086 1
26.305175 -3.613678 2.667086 10
26.226075 -4.625278 2.588886 6
26.157475 -5.146978 3.429186 10
26.593675 -4.730178 4.125486 1
25.748875 -4.621178 4.549886 4
26.099175 -4.874478 5.389776 13
26.394675 -5.738478 4.951186 10
26.104575 -6.240778 5.751446 4
26.109775 -6.823078 5.010796 1
26.236075 -7.787978 4.778786 1
25.815275 -8.078478 3.944686 12
25.985875 -8.932878 3.542486 6
25.112775 -9.025178 3.902886 10
25.044175 -10.003378 3.985286 1
25.451475 -10.577978 3.375486 3
26.131975 -10.813578 2.752186 13
25.377975 -11.197378 2.346386 13
24.477975 -11.548778 2.715086 5
23.699675 -11.774578 2.202086 5
24.002275 -11.233378 1.463786 15
23.389075 -11.347978 0.740186 10
23.569675 -11.345178 -0.228914 4
22.713175 -11.784278 -0.164514 14
23.374675 -12.319078 -0.660214 4
23.291475 -11.524678 -1.172714 4
22.720475 -10.871378 -0.677414 15
21.768675 -10.881478 -0.269514 13
21.426575 -11.667478 0.161086 10
20.517775 -11.453378 0.176586 10
20.471975 -10.495378 0.202086 9
19.817475 -10.333678 -0.550614 3
19.788075 -10.273078 -1.519614 1
20.372875 -10.603978 -2.299414 4
19.481975 -11.027878 -2.352314 11
20.225275 -11.614378 -1.870814 13
20.615975 -12.111978 -1.179214 10
20.767775 -12.806678 -1.869014 6
21.115775 -13.305878 -1.028114 10
22.094675 -13.324978 -1.200214 4
21.929875 -13.024678 -0.296114 10
21.803075 -12.303378 -0.870214 1
22.629375 -12.203878 -1.386414 4
22.668475 -12.735578 -2.107314 4
21.822375 -12.373578 -2.458814 7
21.210475 -11.642778 -2.400514 10
21.967075 -10.977178 -2.379514 4
21.946975 -10.027078 -2.651714 9
22.819375 -10.448378 -2.946614 11
23.131875 -9.587478 -2.952014 13
23.062975 -9.365078 -2.023714 9
23.754775 -8.762278 -2.080414 13
23.652575 -8.056178 -1.458914 4
23.855275 -7.606978 -0.653314 6
24.825375 -7.877078 -0.717714 8
25.540875 -7.244678 -0.717914 8
24.737775 -6.811478 -1.164914 10
25.145875 -6.216678 -0.501714 5
24.861475 -6.024778 0.394286 7
24.084775 -6.590378 0.371186 10
24.556375 -7.249978 0.813786 1
23.751375 -7.609878 0.397686 1
23.121975 -7.305578 1.090886 3
22.746075 -7.528978 1.921886 4
22.735975 -8.486778 2.067986 1
23.452975 -8.472578 2.663486 1
23.001675 -9.197978 3.027486 10
23.313775 -10.053878 3.514786 13
23.196075 -10.971778 3.798786 5
22.131975 -11.005578 3.671586 5
21.464775 -10.331278 3.628786 10
20.652075 -10.590678 3.160186 4
19.993575 -10.938478 2.479886 4
20.175175 -11.139378 1.543486 10
20.554275 -10.254878 1.447186 1
19.771375 -10.075378 1.948486 7
19.048275 -10.757178 2.035586 4
18.199775 -10.648878 1.614586 13
18.787875 -9.968478 1.159986 6
18.083275 -9.365878 1.391586 13
17.837875 -8.630278 1.960486 10
17.032475 -9.099678 1.696886 13
16.050075 -8.876978 1.679986 10
16.360375 -9.264878 0.856886 13
15.679975 -9.902478 0.920386 6
16.239975 -10.472178 1.473086 13
16.410575 -11.041078 2.190986 6
17.038175 -10.275078 2.138986 13
17.695275 -10.173178 2.854986 4
16.769975 -10.143878 3.147386 10
17.147475 -11.038478 3.086686 4
17.562175 -11.750978 3.613586 4
16.775875 -11.838278 4.216686 6
17.469175 -12.221778 4.825786 10
17.970275 -11.526678 4.574486 4
18.777375 -11.780878 5.082406 4
19.419275 -11.977778 4.446286 4
19.362975 -12.323878 3.488586 4
19.272675 -13.281978 3.730586 15
19.758875 -13.420078 2.912786 9
20.428275 -12.880378 2.554386 10
20.227175 -12.010678 2.874986 4
20.918675 -11.901578 2.161286 10
21.729875 -11.371478 2.478786 5
21.489475 -11.308078 1.509586 9
21.915475 -12.151478 1.477486 10
22.500575 -12.547978 0.724786 11
21.547175 -12.904178 0.699786 10
22.167675 -13.661978 0.425486 10
22.484275 -14.565178 0.437486 7
22.493975 -14.448478 1.360886 10
22.023975 -15.304978 1.426486 3
21.252575 -14.825278 1.104986 1
21.238275 -13.810578 1.072386 10
20.619175 -13.199578 0.817886 10
20.094575 -13.271778 -0.000714 10
19.299675 -13.514478 -0.492414 1
19.565975 -13.322278 -1.377914 1
19.956975 -13.639978 -2.161014 11
20.424375 -14.317678 -1.597814 12
20.928775 -15.150478 -1.312814 7
21.319175 -14.710578 -0.568914 10
22.144875 -14.419478 -1.122114 8
23.039975 -14.251178 -0.676714 4
23.267975 -15.080678 -0.408814 4
22.866775 -15.953078 -0.483714 10
22.980075 -16.833478 -0.937114 13
22.670275 -16.594578 -1.817714 3
22.352075 -16.008478 -2.565514 5
22.133375 -15.148878 -2.901014 1
21.348775 -14.944578 -2.454214 7
21.484675 -15.749878 -1.946614 4
21.642975 -16.390278 -1.225914 7
20.685775 -16.464578 -1.068414 4
21.033075 -16.049178 -0.207914 13
21.042375 -16.791778 0.387586 12
21.148875 -17.108578 1.313086 1
21.147475 -16.178278 1.708086 6
20.175875 -16.439978 1.592786 13
20.163075 -17.361878 1.852486 1
19.364375 -17.404078 1.265186 9
18.732075 -16.640178 1.001886 7
18.893275 -15.994978 1.641186 1
18.979175 -15.060478 1.990486 4
19.122875 -14.341178 2.725186 5
20.008175 -14.580478 2.340586 10
19.600575 -14.356478 1.431286 10
20.301375 -14.156978 0.711586 10
20.371975 -14.860678 0.015886 4
19.789575 -14.643378 -0.756714 9
19.055275 -15.218478 -0.664114 11
18.408075 -14.630478 -0.194214 15
18.719475 -13.941778 0.435086 10
18.056775 -13.779978 1.076686 11
18.524775 -12.909578 1.161686 10
18.120075 -12.104878 0.916686 3
18.560075 -11.724178 1.690086 4
17.569075 -11.585678 1.732786 4
17.447075 -11.217978 0.812686 13
16.992275 -11.021378 -0.000114 15
17.026275 -10.030278 -0.218214 13
17.720475 -10.548278 -0.552314 5
18.600075 -10.175978 -0.690614 10
18.238675 -10.029378 0.251786 13
18.327375 -10.990478 0.158786 4
18.963375 -11.468178 -0.436414 7
19.212275 -11.777278 0.515486 8
19.953675 -12.417478 0.590786 10
20.082175 -12.641278 1.588286 10
19.209075 -12.580178 2.007986 4
19.275075 -13.577778 2.081686 10
18.463075 -13.336278 2.494886 1
18.008275 -13.917378 3.171686 1
17.608775 -14.540878 3.763586 1
16.851875 -15.089178 3.589086 4
16.398375 -14.283578 3.346886 10
17.030675 -13.674878 2.986686 1
17.459275 -12.778578 2.917686 3
18.284975 -12.307778 3.054386 4
18.634775 -11.595878 3.605786 4
18.879075 -10.712978 3.298686 4
18.743075 -9.962478 3.927386 4
18.976075 -8.993678 3.690686 10
19.342475 -8.119078 3.736186 10
19.885175 -8.603578 4.397086 7
20.203475 -9.342078 4.860486 6
20.593175 -10.132578 4.539986 6
20.839075 -10.947578 4.189986 4
21.193275 -11.870178 4.059786 10
21.848775 -12.563478 4.271786 5
21.308675 -12.878678 3.527886 7
21.893275 -12.299978 3.113986 5
21.890875 -13.093678 2.606186 10
21.449075 -13.896178 2.162086 10
21.088775 -14.194878 3.008586 9
21.953575 -14.003078 3.375986 1
21.383875 -14.104178 4.150186 1
20.943475 -14.948278 4.358086 13
21.130775 -14.530178 5.214516 9
21.241775 -15.219078 5.936126 10
21.978975 -15.185178 5.262176 4
22.577575 -15.954678 5.118576 4
22.533975 -16.872978 5.425656 10
22.665375 -16.927678 6.412736 3
22.879675 -17.244578 7.303376 13
23.658175 -17.669278 7.537416 1
23.852075 -17.138178 8.274226 1
24.448275 -16.379878 8.410716 13
23.778375 -15.738878 8.083016 7
24.018975 -14.782678 8.251006 1
24.823475 -15.041678 8.706356 10
25.099775 -15.252078 7.784606 11
25.802975 -14.756678 7.315476 4
25.359275 -13.833378 7.256176 10
26.008775 -13.184978 7.527426 4
26.617975 -13.385678 8.211356 7
27.264875 -13.776778 7.633826 11
28.026475 -13.415978 7.909556 13
27.450575 -12.723478 7.526276 3
27.032575 -12.393678 6.714966 4
26.535875 -11.683678 6.151496 8
25.823575 -11.694078 5.544866 4
26.434975 -12.491278 5.338526 8
25.731075 -13.028878 5.655206 10
25.687275 -13.846378 5.162416 11
25.910575 -13.361578 4.265986 1
25.063675 -13.077078 3.807186 6
24.723775 -12.094878 3.699786 5
25.225875 -11.866378 4.480086 10
24.410275 -11.574678 4.950356 7
23.696875 -12.049078 4.414086 5
23.218475 -12.778778 4.924436 4
22.452775 -12.789078 5.477856 10
22.540375 -11.966078 4.893176 5
21.973575 -11.861178 5.659216 4
21.127675 -11.621578 5.436626 13
20.912475 -10.803178 5.837946 6
19.960675 -11.047178 5.646236 1
19.976175 -10.919378 4.666786 4
19.768775 -10.296578 3.907286 4
20.053075 -9.725478 3.105486 9
20.586575 -9.196078 2.552086 13
19.991975 -8.524178 2.832086 10
20.382275 -8.374978 1.940486 15
19.465975 -7.948978 1.889786 10
18.867475 -8.628278 1.649486 10
19.081475 -8.937078 0.793786 9
18.313575 -8.564478 0.317686 13
17.981475 -8.152878 1.085386 10
18.131075 -7.212678 0.942886 10
18.074575 -6.527478 1.609786 10
18.538375 -6.016878 2.322886 15
19.319775 -5.993878 1.664286 15
19.340075 -6.974178 1.549986 10
19.251475 -6.688778 0.650086 10
19.170475 -5.753178 0.381086 1
18.756975 -4.876778 0.703386 12
18.109375 -4.526278 0.117686 1
17.329275 -4.974478 -0.343714 10
16.464475 -4.382878 -0.259414 1
15.885575 -3.647478 -0.059314 7
15.097675 -4.188278 -0.212114 4
14.766475 -5.063578 -0.367214 7
14.273175 -5.640178 -0.950814 4
13.923275 -4.978078 -1.485514 10
14.893075 -4.835378 -1.409414 7
15.678375 -5.393978 -1.246714 4
15.735175 -5.768278 -0.361914 7
16.572475 -5.941078 0.043586 12
16.969375 -6.819378 0.312486 3
17.149275 -7.640878 0.632886 10
17.280175 -8.191978 -0.292514 13
16.648475 -9.025678 -0.246614 13
15.883775 -9.391378 -0.642114 11
15.189275 -9.864878 -0.155514 4
14.762475 -9.297178 -0.798214 6
15.159375 -8.363578 -0.567814 7
14.863075 -7.496678 -0.291314 9
15.266375 -7.355178 0.596186 7
15.659875 -7.041178 1.427786 4
16.342175 -7.591778 1.818286 10
15.675375 -7.338178 2.412686 7
14.886475 -7.191778 2.846586 11
15.453975 -7.860378 3.322586 14
15.592475 -8.802878 3.564886 1
16.501775 -8.995178 3.393486 10
16.488675 -8.400978 4.110586 7
17.222475 -8.276078 3.503386 10
17.817075 -8.938178 3.033686 10
17.544775 -9.610678 3.682586 4
17.445275 -9.446978 4.578686 7
17.013875 -10.338078 4.412086 4
17.164875 -10.670778 5.256336 12
18.071975 -10.523178 4.986566 4
17.769375 -9.958378 5.703076 7
16.976075 -9.898778 6.291636 12
16.565775 -10.722878 6.706176 14
16.071675 -11.681078 6.672936 12
15.315775 -11.393778 7.347136 13
14.640575 -11.171978 6.676006 12
15.258175 -10.676678 6.028886 1
15.059675 -10.353078 5.103326 10
14.238475 -10.275278 4.615786 7
13.734475 -9.761378 3.945886 7
13.387475 -8.947978 3.623386 1
12.941775 -8.267878 3.114486 7
13.145275 -7.293278 2.813886 3
12.577775 -6.595278 3.062286 1
13.090575 -6.848078 3.826286 7
12.612775 -7.475778 4.488986 1
12.264675 -8.347578 4.102886 10
12.576075 -9.255378 4.254586 10
11.984675 -9.964878 4.060786 1
12.480475 -10.588078 3.481986 4
13.003675 -11.342078 3.381886 10
12.993575 -12.176578 2.988986 9
13.391175 -12.874878 2.452386 11
13.231975 -12.314578 1.627486 10
13.631275 -13.150978 1.390786 11
14.012275 -14.001678 1.371286 14
13.863175 -14.946178 1.426386 1
13.105775 -14.535778 0.936086 4
12.352075 -14.079178 0.530486 7
11.430475 -14.408578 0.417086 5
11.977175 -15.237078 0.455586 1
12.405775 -16.052978 0.558686 10
12.448375 -17.024178 0.960686 4
12.559575 -17.320978 1.933986 15
13.137575 -17.466178 2.674186 12
13.777375 -17.199578 3.362986 7
13.801675 -17.185678 4.393986 13
12.996175 -17.635078 4.290686 7
12.304675 -18.248378 3.847586 10
11.534575 -18.807478 4.270686 7
10.996575 -18.272778 4.832286 15
10.319075 -18.913978 4.775486 10
9.799075 -18.868778 3.971686 12
10.511675 -18.316278 3.580986 10
10.651375 -18.706278 2.608086 14
10.719875 -18.175078 1.732886 7
11.192075 -18.655578 1.105886 10
10.344675 -19.020578 1.301586 9
10.969175 -19.665578 1.621486 10
11.005775 -20.473978 1.070186 14
10.812075 -20.997878 0.349486 7
9.903275 -21.030978 0.844386 1
9.068075 -20.990378 0.431986 1
8.669175 -21.876578 0.357286 1
7.782175 -21.696478 -0.113914 1
7.220175 -21.551278 -0.846714 4
6.735075 -20.833278 -0.560714 10
6.160075 -20.010378 -0.394914 7
6.813675 -19.646678 -1.030314 10
6.380275 -19.872678 -1.991814 1
5.561975 -20.378378 -2.126314 7
5.402375 -19.415878 -2.167014 1
5.925075 -19.035178 -1.508114 4
6.387175 -18.187178 -1.547414 13
6.917275 -18.359878 -2.312014 12
7.732175 -18.882478 -2.167314 7
8.242275 -17.984578 -2.383814 12
8.235575 -17.752278 -1.472014 7
7.944775 -16.875778 -1.163014 4
8.533175 -17.279378 -0.473114 10
9.352875 -16.666978 -0.377914 11
10.139075 -16.273778 0.041186 4
9.866375 -15.380678 0.094286 8
9.269475 -14.892878 -0.989114 6
8.839375 -14.840278 -1.842114 10
9.802475 -14.719278 -1.873514 7
10.518175 -15.373378 -1.994314 7
11.073975 -14.603078 -2.029814 10
11.559375 -13.958778 -1.523714 1
11.017175 -13.380578 -0.911614 12
10.426875 -12.819278 -1.482714 13
11.077675 -12.321778 -1.105014 10
11.513175 -11.540278 -0.748714 1
10.570075 -11.428078 -0.797714 10
9.816575 -10.828678 -0.841514 15
8.849775 -10.728678 -0.998314 11
8.243475 -10.352078 -0.390814 7
8.486675 -9.446378 -0.310914 7
8.205975 -9.379978 -1.257514 13
8.882375 -8.882978 -1.759714 10
9.351975 -9.748178 -1.694014 9
10.303375 -9.860078 -1.526514 1
10.408175 -9.049778 -1.002114 5
10.581475 -8.239478 -0.523514 14
10.913375 -7.781378 -1.334514 7
11.216675 -8.609578 -1.618014 10
11.974675 -8.217178 -1.439414 7
12.546475 -7.484878 -1.266414 10
12.723675 -6.552978 -0.954014 6
11.889875 -5.992878 -1.056814 4
12.286275 -5.998278 -0.175714 7
12.698275 -6.617278 0.476686 1
12.361575 -6.429778 1.341186 1
12.799475 -5.586378 1.630686 1
13.387475 -4.832178 1.407386 10
13.157075 -4.376178 2.220186 1
13.364275 -4.558378 3.144386 7
14.304875 -4.670978 2.928486 1
15.091775 -4.766378 3.513286 16
15.231175 -5.294378 2.649986 4
15.992475 -4.719978 2.773686 10
15.892275 -3.931778 3.291086 11
15.428775 -3.282678 2.802186 7
16.170375 -2.669778 2.513886 1
16.721575 -3.496778 2.399086 14
17.100575 -4.359678 2.123586 11
16.655775 -4.709778 1.342686 7
17.213975 -5.342678 1.711586 4
17.387075 -5.997478 2.345586 14
17.839675 -6.835878 2.598286 10
17.022075 -7.331378 2.710586 10
17.803875 -7.856078 2.761286 10
18.585175 -7.410878 3.072986 10
19.287275 -6.854578 2.728986 11
19.723875 -6.173778 3.300286 7
20.601675 -6.686078 3.048686 1
21.106975 -5.905578 3.333386 7
20.514075 -5.931078 4.007486 4
21.169975 -5.169178 4.086186 10
21.890375 -4.752378 4.587886 9
21.986275 -5.139378 5.472986 12
22.655175 -5.882478 5.445576 12
22.668275 -6.505478 6.203846 7
22.125175 -6.580078 6.967436 12
22.200575 -7.439878 6.644226 1
21.294675 -7.758878 6.976536 12
21.747475 -8.119678 7.743256 13
21.140775 -7.468178 8.128076 12
21.202275 -7.607678 9.059616 10
20.741575 -7.304278 9.862176 7
19.851275 -7.212578 9.603776 1
19.430875 -6.378678 9.456116 15
19.117075 -5.847478 10.186686 15
19.982475 -6.367178 10.369746 7
20.022275 -7.207578 10.804186 7
19.065875 -7.003378 10.576606 1
18.445375 -6.523178 9.991876 15
17.872775 -7.005278 9.398206 4
17.679975 -6.088778 9.343436 15
17.158275 -5.822478 8.552336 7
17.084575 -6.213078 7.672876 1
16.565675 -5.863278 6.994666 10
16.984075 -5.080878 6.588586 7
16.978975 -4.191278 7.027336 7
16.236975 -4.783578 7.243896 7
15.795975 -5.248878 7.946706 10
15.868175 -6.198878 7.781526 1
15.662275 -7.077778 7.642636 7
15.226375 -7.901578 7.596986 1
15.300275 -8.569678 8.216656 10
14.464675 -8.848478 8.612226 7
13.871975 -8.968178 7.801256 3
13.314975 -8.126178 7.732476 12
13.865575 -7.874578 8.441106 16
13.343775 -8.347278 9.161976 1
12.966675 -7.800978 9.831856 1
12.737575 -7.043578 9.324456 11
12.554675 -6.595778 8.453156 12
12.215975 -5.739378 8.780616 7
12.258375 -4.805178 8.590226 12
11.842275 -4.463078 7.857296 7
12.334275 -4.710778 7.066426 1
12.544075 -5.413378 6.436296 15
12.938275 -5.818378 7.257866 12
13.258475 -5.136878 7.858256 1
14.085275 -4.778078 7.391736 4
13.799575 -4.919178 6.529586 16
13.684975 -5.001278 5.618906 9
12.820275 -4.793178 5.190186 15
13.443775 -5.026078 4.526486 7
13.843975 -5.838878 4.703086 12
14.742475 -5.666378 4.942426 5
15.012675 -4.746778 5.173396 10
15.424275 -3.997278 5.535886 7
15.485975 -3.475978 6.375276 7
14.670975 -3.410078 5.852096 1
14.614575 -3.431478 4.891086 1
15.292275 -2.656178 4.707986 1
16.187375 -2.933378 4.800986 1
16.500175 -3.637178 5.326486 7
16.124175 -4.195478 4.610986 1
16.582375 -4.768378 5.197446 7
16.429675 -5.759378 5.295706 4
16.788775 -5.430278 4.498686 1
16.919375 -6.336378 4.201386 1
17.861475 -6.158678 4.231486 10
18.311875 -5.374678 4.591186 15
17.844575 -5.096378 5.492016 7
18.636575 -5.568378 5.633556 1
18.159975 -5.399578 6.441526 1
17.885575 -4.575778 6.815866 7
18.368375 -4.901278 7.615466 7
19.260275 -5.117878 7.379116 12
19.382975 -5.497878 8.306496 15
19.202075 -6.482578 8.132236 11
19.993675 -6.540278 7.570726 12
20.132575 -6.582278 6.644636 12
20.502875 -6.418078 5.636666 10
19.848275 -6.718978 5.033676 11
18.891975 -6.611378 5.199136 15
17.873675 -6.597478 5.227506 12
18.177375 -7.259778 4.596486 10
17.422975 -7.941578 4.612786 10
17.291175 -7.853078 5.618036 15
16.665175 -7.070978 5.903086 7
15.897075 -6.848378 5.360946 13
15.688075 -6.127178 5.914516 16
15.470475 -5.188978 6.209656 7
15.311175 -4.530078 6.909606 7
14.991175 -4.200278 7.756266 9
14.885075 -3.253578 7.412066 7
14.680775 -2.677078 6.660176 16
15.287575 -2.068778 7.223736 16
16.075375 -2.558278 7.310586 7
16.215675 -1.566878 7.247536 13
16.790375 -1.560378 7.981036 9
16.536975 -2.423878 8.235666 7
15.890275 -2.599078 8.888316 13
16.136175 -3.440678 8.452176 7
16.648375 -4.177578 8.049376 7
16.604775 -4.047378 9.089626 16
15.882675 -3.637278 9.610516 14
15.015475 -3.132878 9.745426 1
15.609675 -3.017778 10.493606 6
14.904975 -2.792378 11.094726 15
14.200675 -3.333078 11.448536 7
13.613875 -3.340978 10.693806 1
12.935075 -3.163478 11.308726 10
12.567575 -2.626078 12.063856 12
11.658375 -2.433778 11.867476 11
10.694875 -2.208778 11.808666 7
10.338975 -2.287278 12.788016 7
9.478775 -1.923878 12.840656 16
8.639175 -1.393578 12.452876 4
7.900175 -1.970578 12.664206 12
7.431575 -1.500778 13.392146 12
7.475275 -0.569578 13.119386 1
8.127175 0.212022 13.024436 7
8.785175 -0.267178 13.578856 11
9.202475 0.644722 13.661286 12
8.821575 1.412722 13.259336 1
9.680375 1.883922 13.021556 4
9.997575 2.455422 13.683846 7
10.773075 2.648322 14.128985 15
11.552475 2.900222 14.621883 7
12.104975 2.770422 15.4902 11
12.202275 3.699622 15.815942 4
12.955775 3.337022 16.178416 11
12.669775 3.803122 16.939936 7
13.303275 4.144622 17.585716 5
13.510375 4.524922 16.669436 10
14.081375 4.806222 15.906166 1
13.096275 5.267222 15.655062 10
12.358375 5.463922 15.069098 1
12.437275 5.781822 14.113335 10
13.298075 6.038252 14.457692 15
13.814975 5.318322 14.758049 16
14.403675 5.238822 14.059203 7
13.807975 4.637922 13.491396 14
14.438875 4.969822 12.739866 7
14.973775 4.262422 12.403376 16
15.582375 4.866122 12.061356 15
15.478575 5.686322 11.624516 9
15.394875 5.726902 10.703096 7
14.951375 4.902522 11.009706 16
14.316175 4.111122 11.033746 1
13.379375 3.821322 11.057986 7
13.041375 4.649022 10.600216 13
13.580075 4.270522 9.817946 1
13.901775 3.589022 9.156576 7
13.334775 2.883722 9.532066 7
14.085675 2.437522 9.911036 16
14.763475 2.327122 10.655056 12
14.451175 1.585322 11.378406 12
13.828175 0.876222 11.370086 7
13.874275 0.134522 11.952186 12
13.635175 -0.737378 11.473366 1
13.665775 -0.326578 10.566476 10
13.824975 -0.487378 9.592726 1
13.786575 -1.368678 9.830466 13
14.516775 -1.583678 10.515106 4
15.342175 -1.849278 10.013586 7
16.062075 -1.375578 9.581636 15
16.252975 -2.280178 9.906546 16
16.683675 -3.075578 9.534656 7
17.447475 -2.565578 9.717836 9
17.771375 -3.503978 9.578876 7
18.686875 -3.872678 9.837946 11
18.845975 -4.824278 10.020846 15
17.970175 -4.750378 9.423406 15
17.437075 -4.406878 8.679216 7
17.693175 -4.058678 7.815146 7
18.322975 -3.942278 8.546406 6
19.046775 -4.601978 8.836666 15
19.397275 -4.284778 7.965326 7
20.315375 -4.243478 8.194496 16
20.855675 -4.856878 7.753306 12
21.401475 -4.262878 8.167316 12
21.543775 -3.464378 8.687396 11
21.440975 -2.581378 8.527926 11
20.646175 -2.655278 8.038656 10
19.795275 -2.217378 7.878476 16
19.185775 -3.037478 7.777976 7
18.691975 -2.837178 8.567406 9
18.072675 -3.067678 7.868476 7
17.589775 -2.364778 8.153106 7
17.530375 -1.845778 9.037856 1
18.219975 -1.278978 8.836306 13
18.342075 -0.450678 9.317576 11
19.011375 0.141022 8.867946 1
19.312775 1.056922 8.669196 12
18.629475 1.503922 8.221406 4
19.210175 1.954622 7.637136 16
18.601275 2.239822 6.966436 1
17.856275 1.497822 6.814446 5
17.454775 1.661222 7.652636 16
17.710675 0.833222 8.136066 14
16.983175 0.218422 7.794216 16
17.511075 -0.495578 8.345556 16
17.661475 -1.175478 7.697276 10
17.652075 -1.533478 6.803856 12
17.311475 -2.411778 6.980526 7
16.653975 -2.486278 6.231596 10
16.745875 -3.406378 6.532296 7
17.330975 -3.140678 5.780716 7
17.667275 -2.373978 5.293476 15
18.092775 -2.058078 4.479486 1
17.844575 -1.660778 3.583186 1
18.490975 -1.364278 2.949786 7
19.305275 -1.766678 3.250586 16
19.161775 -1.965378 4.105186 7
19.849275 -1.443678 4.450186 15
20.845375 -1.713278 4.478186 10
21.734975 -1.918278 4.246386 1
21.537875 -2.824778 3.930686 7
20.974475 -3.552478 3.859186 1
20.739075 -2.881178 4.653586 1
19.756675 -2.746678 4.747086 1
19.205875 -2.979978 4.035186 1
18.550575 -3.760778 4.144886 12
19.221875 -4.274778 4.615186 16
18.875175 -3.582878 5.201056 8
18.428075 -3.865878 6.111286 7
18.753675 -2.946978 6.491096 7
19.485575 -3.332078 5.997176 5
19.418575 -4.189478 6.430906 7
20.194175 -4.522978 6.907326 12
20.120575 -5.191278 6.125286 12
20.797275 -4.721578 5.577436 13
20.738575 -3.869678 6.041876 12
20.764575 -3.029478 5.634136 7
20.259275 -2.244078 5.933506 15
20.325275 -2.091278 6.906676 15
21.134975 -2.104278 7.424436 13
21.939175 -1.658978 7.905466 13
22.585175 -2.150278 8.399626 11
22.416575 -2.880278 9.038926 11
22.468775 -2.689878 9.986436 11
21.757575 -2.191878 10.406156 7
20.989775 -1.905778 9.884626 11
20.498175 -2.740778 10.164196 9
19.739675 -2.886778 10.724756 7
19.369375 -2.538178 11.498186 1
20.107275 -2.225578 12.096876 1
20.962575 -2.202978 12.412116 12
21.053575 -3.120178 12.323056 7
20.859575 -3.839078 12.857916 16
20.800675 -4.678678 13.412616 1
19.842175 -4.903678 13.593526 12
19.619875 -4.314678 12.840606 7
19.439075 -3.475278 13.258016 15
19.357075 -3.731878 14.188534 14
18.722175 -4.364078 13.781686 7
18.684375 -5.178778 14.377015 10
19.172275 -6.008678 14.697884 16
19.077775 -5.664678 15.62243 7
18.348375 -5.144878 15.921456 16
17.556875 -5.196878 15.421134 7
16.903675 -5.946678 15.612819 4
17.380075 -6.093178 14.779629 7
17.977975 -6.807578 14.327075 5
18.522575 -6.852078 13.503986 16
17.571575 -6.821878 13.225056 7
17.775675 -6.872878 12.328826 16
16.928875 -6.640178 11.867216 9
17.099075 -5.682578 11.772336 11
17.818275 -6.127178 11.210086 15
17.886875 -5.162278 11.272006 1
18.872675 -5.268778 11.116026 15
18.958575 -5.922178 11.819506 1
19.774675 -5.504478 11.501726 15
20.666275 -5.883478 11.524326 7
20.845075 -6.820178 11.811676 7
20.555875 -7.591778 12.356756 1
19.700775 -7.421278 12.692546 12
19.915175 -7.746978 13.553466 7
20.015275 -8.622378 13.957481 1
20.667175 -9.151878 13.639336 12
20.584875 -9.828778 14.379649 10
21.116975 -9.281878 14.993854 7
21.737875 -9.160878 14.22455 11
22.472775 -9.652178 14.717919 12
23.270575 -9.627278 15.205245 1
24.152375 -9.679078 14.932356 6
23.903175 -9.458878 14.017181 13
24.212275 -9.218378 13.072746 12
23.577575 -8.714278 12.481346 13
23.583175 -8.286878 13.326036 7
22.833575 -8.945678 13.410036 16
22.306375 -8.540678 12.716056 12
22.773475 -7.694078 12.637596 16
22.820375 -7.247678 11.867986 16
22.776775 -6.288578 11.488436 7
22.112375 -6.235778 10.779856 7
21.436175 -5.603478 10.779806 7
20.931175 -4.745978 10.628946 15
21.093775 -3.861478 10.237106 11
21.059375 -3.986778 9.336486 11
20.212775 -4.268678 9.770696 15
19.940575 -3.987078 10.646606 12
19.726175 -4.516178 11.499416 15
20.645875 -4.632478 11.835226 4
21.617475 -4.824178 11.766966 7
22.056575 -4.373378 12.611576 8
22.803875 -4.703678 12.172916 7
22.678375 -5.639778 12.305216 7
22.010075 -5.425078 13.011596 15
21.943775 -6.144978 13.668656 11
22.751475 -6.567778 13.856256 16
22.390175 -6.829278 12.993766 9
21.916475 -7.185478 12.275906 16
21.889775 -7.044378 11.329706 7
21.179075 -7.682778 11.031426 7
21.634375 -8.408078 11.510056 1
22.336975 -8.096778 10.787586 7
21.963275 -8.368478 10.042766 7
21.828575 -9.279578 9.710676 1
22.602675 -9.386578 10.133666 1
23.035175 -9.234778 11.047186 1
23.109375 -9.890878 11.784086 1
23.924175 -9.389278 11.593876 1
24.202275 -8.608978 11.014806 11
23.591375 -7.993978 10.528486 7
23.812675 -8.606578 9.829006 1
23.433875 -7.986578 9.224426 1
22.766675 -7.497578 9.729886 7
22.623975 -6.532878 9.722486 7
22.097775 -6.011878 9.093136 12
21.531175 -6.201078 9.847896 7
21.137975 -6.194278 8.932516 12
20.750475 -5.930078 8.108546 12
20.618975 -5.194478 8.704496 15
20.814775 -5.147378 9.587866 15
21.621075 -4.692078 9.719256 11
22.163475 -4.411478 10.509446 7
21.816075 -3.717378 10.954886 5
22.239875 -2.906478 11.368246 14
23.046275 -2.812578 11.872576 16
23.377675 -2.146078 12.542146 16
22.713475 -1.622878 12.151556 16
22.664175 -0.762278 11.798046 1
22.315075 -1.295578 11.071576 1
22.599275 -1.622178 10.216766 11
21.831275 -1.086278 10.180876 7
22.313075 -0.497478 9.511016 1
22.094675 -0.723678 8.642366 12
22.882275 -1.142078 8.981846 11
22.900675 -1.114878 8.034746 16
22.674375 -1.301078 7.111796 15
22.066875 -2.011278 6.784066 12
21.803075 -2.551478 6.027086 13
21.492675 -3.186878 6.651676 7
21.761275 -3.717578 5.859686 1
22.192975 -4.451178 6.342716 12
23.042975 -4.359278 5.778956 16
23.309775 -5.211178 6.259236 8
23.307075 -5.968778 6.861666 15
22.534775 -5.726778 7.532666 12
22.795075 -5.793778 8.438536 12
23.513875 -6.442278 8.845956 5
23.412475 -5.783378 9.449356 7
24.349375 -5.384578 9.400656 1
24.417675 -5.855778 8.484056 13
24.529375 -6.299778 9.398786 7
25.518675 -6.468478 9.389556 8
25.178275 -5.854478 10.045036 7
26.020675 -5.564678 9.882526 12
26.516975 -4.689178 9.643396 16
27.146375 -4.379478 9.018246 9
26.591275 -3.640678 8.972436 7
25.706975 -3.569378 8.629386 1
24.893475 -3.781578 7.821556 7
24.271575 -3.155778 8.101836 15
23.459975 -2.920778 8.461386 11
23.470775 -3.860378 8.248376 15
22.711375 -3.983078 8.823676 11
22.503675 -4.944878 8.971796 7
22.948475 -4.431978 9.722056 11
23.235275 -5.021778 10.457066 7
23.157275 -5.976978 10.628066 7
23.857775 -6.512678 11.008656 7
24.759675 -6.772578 10.936536 1
24.591175 -6.977678 11.891816 15
24.505975 -6.583978 12.739296 11
23.747375 -6.248578 12.308926 7
24.266475 -5.427378 12.405536 1
24.575075 -4.802678 11.688056 16
24.703875 -5.639378 11.288316 7
25.625175 -5.823078 11.312496 14
25.698975 -4.984478 11.796806 1
25.762975 -4.005678 11.842686 16
25.880775 -3.565978 12.629866 1
25.220675 -3.038778 12.179656 16
25.046075 -2.443378 12.881566 16
25.082175 -2.866078 13.779846 10
26.041375 -2.646978 13.692176 1
26.183175 -2.444778 14.643556 16
25.636675 -2.167078 15.433755 1
26.519275 -1.751778 15.383746 12
26.475875 -0.840378 15.567535 1
26.692775 -0.565278 16.520316 15
26.219675 0.046522 16.081226 12
25.861575 0.790422 15.693387 1
25.304775 0.586922 14.975849 1
25.571475 1.466922 14.694331 1
25.341975 1.961122 13.933992 1
24.474075 1.626422 14.296754 12
23.667575 1.495322 13.705916 15
24.281575 2.243822 13.414806 5
25.019775 2.780022 13.067916 16
25.319575 1.989622 12.694006 12
25.399375 1.046922 12.642426 15
24.800975 0.273622 12.611296 16
24.551775 0.268022 13.490076 15
24.435175 -0.639378 13.224276 16
25.370275 -0.441578 13.106946 8
25.238375 -1.459778 12.965566 16
25.858275 -1.058378 12.363736 16
26.775675 -1.258778 12.218036 11
27.330875 -2.031878 12.414036 8
27.196075 -2.232878 11.467676 13
26.435575 -2.781378 11.601086 7
25.540675 -2.913578 11.232456 16
24.618075 -2.621778 11.387906 16
23.800575 -3.058678 11.184716 16
23.492675 -2.703178 10.358496 11
24.264475 -2.176878 10.567056 16
23.834575 -1.325278 10.404336 16
24.015975 -1.320078 9.429886 11
24.881975 -1.245878 9.972126 16
25.360075 -1.031278 9.122176 1
25.662775 -1.759578 8.502366 1
24.818475 -2.029978 8.305826 16
24.239175 -1.823878 7.503336 11
24.736475 -2.072678 6.673576 1
24.837375 -2.566078 5.834126 1
25.637975 -2.094078 5.938606 1
25.493775 -2.047878 4.961956 1
25.175475 -1.282978 5.335936 11
25.617475 -0.381378 5.170116 1
26.079075 0.355022 5.473576 1
26.622975 0.852022 4.682586 16
27.652075 1.016922 4.800586 7
27.707375 1.120822 5.782946 16
26.924375 1.578222 5.524176 11
26.851175 1.677322 6.485836 1
27.041475 0.730422 6.700356 16
26.240575 0.224922 6.944146 16
26.325775 0.348122 7.937316 5
25.796175 -0.393178 8.302136 12
25.406675 0.025122 9.127136 5
24.728775 0.035722 9.777656 16
24.046775 0.510322 9.219276 15
24.337875 1.059822 9.931576 12
24.594375 0.752622 10.858306 16
24.775175 1.256022 11.667836 15
24.257575 1.956822 11.234136 7
23.327475 2.111622 11.366956 11
22.616375 1.883022 11.996956 16
22.379275 0.962522 12.344686 12
23.189975 1.183222 12.813136 15
23.438275 0.996422 11.883096 1
23.733375 0.313022 12.503446 15
24.370175 0.152722 11.752016 16
25.274375 0.051822 11.710676 16
26.266975 0.056522 11.717436 1
27.139875 -0.370978 11.510526 13
27.434575 -0.967078 10.876726 1
26.721875 -0.831078 10.198676 15
25.717275 -0.919478 10.417966 16
25.538075 -1.084078 11.379146 16
26.310475 -1.699578 11.241736 16
26.519575 -2.011578 10.334036 1
26.627175 -2.734078 9.744006 7
25.672375 -2.726278 9.927416 16
24.898875 -2.268778 9.719006 16
24.161975 -2.573378 9.147206 11
24.652775 -3.422078 9.352926 16
24.044575 -4.052278 8.997116 11
23.574675 -4.868378 8.887276 1
23.520775 -4.882478 7.961966 1
22.518675 -4.527478 7.976926 11
21.928175 -4.919978 7.322056 12
21.416075 -5.677478 7.318836 12
21.174375 -6.002978 6.451576 12
21.629075 -6.752278 5.974636 11
21.555275 -7.361378 5.264946 16
21.916775 -8.215478 5.368696 16
22.542875 -7.510478 5.134746 16
23.208175 -8.019678 5.550766 11
23.792575 -8.704078 4.990026 5
23.671075 -9.675078 5.040236 8
24.127675 -10.550178 5.000736 12
24.833975 -10.430778 5.583276 1
25.475075 -10.587278 6.208526 16
26.397275 -10.613778 5.877246 8
27.307275 -11.061178 6.015856 8
27.317175 -10.759078 6.925166 1
28.114275 -10.371578 7.191776 7
28.002475 -9.672978 7.863566 1
28.730275 -9.428978 7.191496 15
29.679565 -9.444178 6.859826 16
30.064795 -8.800678 6.220326 5
30.202505 -7.874978 6.184806 15
30.330215 -7.148378 5.620466 15
29.470265 -6.695578 5.672746 16
29.493175 -6.597478 6.671126 1
29.920295 -6.637278 7.521896 1
30.021405 -6.462478 8.468136 1
29.718705 -6.421578 9.384066 13
29.849295 -7.019878 10.081606 7
30.520945 -7.138778 10.810836 16
30.334105 -6.795978 11.674056 1
29.414795 -6.993078 11.926946 1
28.560775 -6.602478 12.287386 12
28.337575 -5.664378 12.235206 1
27.746375 -5.014278 11.862106 16
27.216375 -4.780578 11.116406 14
26.913775 -4.484178 12.068476 9
27.265375 -3.677578 11.642066 12
28.090075 -4.088678 11.142926 5
27.558375 -3.431078 10.618626 1
26.613275 -3.597078 10.402966 8
25.647475 -3.816478 10.577016 16
24.825575 -4.215678 10.397006 16
24.103075 -4.701878 10.838216 7
23.837575 -3.832278 10.580316 16
22.894375 -3.626378 10.434526 11
23.081575 -4.303378 11.166206 7
23.769075 -3.991778 11.721266 16
24.490775 -3.969378 12.421256 16
23.749275 -3.672578 13.001186 16
23.992975 -2.860578 13.343626 16
23.964375 -3.203878 14.214303 5
23.839175 -2.365778 14.658645 15
22.916675 -2.412478 14.400483 1
23.162775 -1.708578 13.844056 16
23.418275 -1.129178 14.528028 12
23.774775 -0.188278 14.607477 15
22.938875 0.243822 14.579714 15
22.232675 -0.345678 14.825114 16
22.023575 -1.276578 14.780628 11
21.719275 -2.196078 14.660621 1
21.471275 -2.003578 13.777306 1
21.487875 -1.135278 13.684216 1
21.657275 -0.330178 13.140996 12
22.639675 -0.227078 13.230946 15
23.400975 -0.736478 13.204866 11
23.807775 -1.204878 12.458246 16
24.443975 -1.921078 12.218406 16
24.604375 -1.465378 11.362086 16
23.872375 -0.837678 11.466146 16
23.342875 -0.083678 11.062776 5
22.849075 0.498122 10.551976 12
22.125575 1.043822 10.733526 1
22.189075 1.940222 10.484906 1
21.657775 2.012222 11.225496 1
21.604275 2.439122 12.063186 1
21.506375 3.329222 11.755656 16
21.097675 4.039622 12.275926 7
20.272375 4.022022 11.728996 16
19.576775 4.336622 12.357686 1
20.091075 5.227722 12.340596 7
20.250075 6.197912 12.342426 11
19.808675 5.955802 13.118246 16
