-19.713749 -22.522916 7.589042 2
-18.738249 -22.682416 7.356542 1
-19.179649 -22.754316 6.548942 2
-19.775749 -23.197916 5.816242 14
-19.406249 -24.075216 5.760742 1
-19.194949 -24.817626 5.239242 1
-18.330749 -25.255546 5.152442 12
-17.409849 -25.474436 5.322542 1
-16.939949 -25.324286 6.189642 3
-16.382649 -25.825086 5.556342 4
-15.935449 -25.018786 5.332342 1
-15.071149 -25.504396 5.406642 1
-14.353049 -25.025286 5.755442 1
-14.880549 -25.442766 6.466842 16
-15.735649 -25.652386 6.816042 1
-16.052549 -24.770576 6.602642 8
-16.611649 -24.037016 6.205742 9
-16.867149 -23.099716 6.176042 15
-16.655149 -22.201416 6.361742 11
-16.722849 -21.928916 7.214842 9
-17.433749 -21.234016 6.765242 1
-17.800349 -21.921716 6.126042 8
-18.085849 -21.561216 5.308742 2
-18.242049 -20.599216 5.046342 1
-18.624449 -19.881416 5.601242 15
-18.095849 -19.247416 6.103242 14
-17.270949 -19.138016 6.570642 2
-17.108649 -19.935216 6.085342 5
-16.581249 -19.924616 5.310942 13
-15.905449 -20.641016 5.059942 2
-15.589549 -20.214216 4.224442 2
-15.012449 -21.054916 4.326742 1
-14.118749 -21.394016 4.197742 14
-13.808649 -20.495416 4.008442 8
-13.318049 -19.772416 4.333142 2
-12.760749 -19.276216 3.598442 6
-12.210749 -19.158116 2.825842 14
-11.766449 -20.025016 3.008842 6
-12.410449 -20.077416 2.307642 14
-12.229549 -20.146816 1.322342 14
-11.269049 -20.249116 1.275542 14
-11.372949 -21.235916 1.142442 2
-10.458349 -21.092016 1.429442 12
-10.443849 -22.001216 1.578142 6
-10.432349 -22.507116 0.702142 2
-10.627149 -22.629816 -0.303358 2
-10.022749 -23.057316 -0.957958 2
-10.093549 -23.861616 -1.520958 7
-9.247549 -23.739216 -1.034858 5
-8.933049 -22.915816 -0.640158 2
-8.875749 -21.991016 -0.923658 5
-9.669649 -22.242716 -0.494758 2
-10.341949 -21.537916 -0.181358 2
-9.442549 -21.566616 0.354242 11
-9.120849 -22.393016 0.578542 2
-9.622749 -22.800816 1.346742 5
-8.873149 -22.538916 1.875342 2
-8.121349 -22.992116 1.431642 3
-8.257049 -23.552816 2.222242 1
-8.241749 -23.902116 3.158242 1
-7.457049 -24.274526 3.599042 1
-6.972649 -24.909616 2.954842 1
-6.280849 -24.451696 2.562642 8
-5.670349 -24.535986 3.326642 14
-5.899149 -25.432476 3.655842 2
-6.077949 -26.074766 4.358642 9
-6.094449 -27.018386 4.401042 14
-5.782249 -26.846606 5.284342 1
-5.121349 -26.072016 5.528642 9
-4.599749 -25.764126 6.336642 1
-4.713249 -24.920486 6.793542 2
-5.049549 -25.408526 7.560042 14
-5.721449 -25.135026 8.210142 15
-5.777449 -26.125736 8.385542 14
-5.960449 -26.921526 7.731242 8
-5.878049 -27.304946 6.819642 15
-5.910449 -28.074886 6.100242 2
-5.919649 -28.018396 5.137642 12
-6.386849 -28.286126 4.372242 14
-6.791849 -27.862376 3.569842 8
-7.733049 -27.824986 3.222542 11
-8.595749 -27.968696 3.622542 2
-8.394549 -28.900846 3.428242 2
-8.977949 -28.910376 4.231942 2
-9.397349 -28.385836 4.901942 6
-8.649649 -27.996166 5.515942 1
-8.227649 -27.114456 5.636842 1
-9.106849 -27.025286 5.138642 8
-9.572049 -26.331346 5.671842 10
-10.381749 -25.767146 5.443142 14
-9.996649 -26.129956 4.642742 1
-10.965949 -25.984226 4.702642 1
-11.926649 -26.080986 4.833142 1
-12.612449 -25.517846 4.426342 7
-12.473549 -25.212766 5.339742 3
-11.983149 -24.509356 5.009742 1
-12.870649 -24.219996 5.041942 14
-13.309849 -23.653816 4.339842 2
-13.184649 -22.919516 4.997442 1
-12.521549 -22.322016 4.635442 2
-11.518549 -22.281616 4.544242 2
-11.252649 -21.369916 4.287842 1
-10.317849 -21.451116 4.675642 1
-10.209349 -20.492916 4.432642 1
-9.996949 -19.517516 4.422342 1
-9.651149 -19.611016 3.514142 11
-9.511949 -19.235816 2.627542 2
-10.048849 -18.551416 2.991442 5
-10.616449 -18.781616 2.226642 14
-10.822849 -18.765416 1.291742 14
-11.678049 -18.419016 1.541342 14
-11.821149 -19.198616 0.938142 14
-11.881249 -19.256716 -0.035858 14
-11.902449 -20.077916 0.285942 14
-11.447549 -20.354816 -0.540058 5
-11.294849 -21.279616 -0.726458 2
-12.145049 -21.235816 -0.219058 2
-12.326849 -20.558216 -0.922258 5
-12.983849 -20.345116 -0.181958 14
-13.205849 -21.165416 -0.693558 2
-13.219849 -22.147316 -0.607358 2
-13.967149 -22.659416 -1.107358 15
-13.517849 -23.325916 -0.506658 8
-12.949949 -22.886216 0.215842 15
-12.289749 -22.289116 -0.190458 2
-11.563449 -22.478116 -0.748758 2
-12.007149 -23.294116 -0.538258 2
-12.182949 -24.270406 -0.690658 8
-11.539049 -25.023686 -0.519758 9
-10.980249 -25.850346 -0.485958 1
-10.794649 -25.338946 0.305342 15
-10.494449 -24.678086 -0.288958 6
-9.651649 -24.322446 0.105042 2
-9.837749 -24.803956 0.940442 1
-10.229349 -24.122416 1.475442 8
-10.592149 -23.584216 0.740142 2
-10.776349 -23.635216 -0.217558 2
-11.575449 -24.082216 0.182242 6
-11.821349 -23.686916 1.063242 2
-12.636549 -24.215566 1.189642 14
-13.112649 -25.051186 1.124142 12
-13.604949 -24.727276 0.398542 8
-13.678449 -23.848316 0.805342 1
-14.234549 -23.833516 0.012142 8
-14.731249 -24.601816 0.374442 8
-15.666249 -24.982266 0.387742 14
-16.576049 -25.314676 0.830842 2
-16.673449 -24.782776 -0.021058 9
-16.573849 -24.175916 -0.789758 3
-17.324149 -23.959016 -0.252358 12
-16.574949 -23.377916 0.061042 2
-15.723149 -23.249516 -0.257558 1
-15.793249 -22.400116 0.194242 1
-15.385149 -22.500016 1.120042 5
-15.896149 -22.588516 2.055642 2
-15.054249 -22.164216 2.303542 11
-14.647149 -22.778416 2.910242 5
-14.305749 -21.994216 3.382742 2
-13.428249 -21.784616 2.986042 6
-13.380049 -22.656616 2.521942 1
-13.193349 -23.109316 3.381342 2
-12.405049 -23.497216 3.891342 1
-11.500149 -23.437116 3.609642 2
-10.751849 -22.725616 3.456342 1
-10.504449 -22.043816 2.844042 5
-11.024049 -21.311216 2.478342 14
-11.480549 -22.027516 2.146742 15
-11.296249 -22.356116 1.241542 2
-12.144949 -22.026916 0.925642 2
-12.973449 -21.637316 0.768242 15
-12.751249 -21.018516 1.499342 15
-13.602249 -20.505316 1.392242 6
-13.663949 -19.580016 1.252042 14
-13.387949 -18.651716 1.084342 14
-12.565049 -18.414116 0.783442 14
-12.766649 -17.775416 1.455842 3
-12.135949 -17.268816 0.906642 2
-11.173049 -17.350316 0.990642 14
-11.068949 -16.738516 0.224842 2
-11.783049 -17.351616 -0.172058 14
-11.727749 -17.790316 -1.038258 9
-12.233349 -17.339416 -1.782558 2
-12.682349 -17.771316 -2.508758 1
-13.360049 -17.663616 -3.098658 8
-13.895149 -17.508616 -2.282858 8
-13.624949 -18.373916 -1.883458 2
-13.629249 -18.704516 -0.897358 9
-13.566549 -19.243316 -0.152158 14
-14.377249 -18.975516 0.225742 8
-14.871749 -18.501616 -0.490658 2
-14.688349 -19.378816 -0.679758 1
-15.256049 -20.155716 -0.935958 14
-14.811249 -19.987216 -1.760258 8
-14.213649 -20.534216 -1.287758 5
-13.472649 -21.014516 -1.813958 2
-13.372449 -20.290716 -2.457158 2
-14.134149 -20.712116 -2.997558 7
-13.615849 -20.117216 -3.640558 1
-13.050749 -20.835716 -3.768358 2
-12.564049 -20.767116 -4.585158 2
-12.469249 -19.777516 -4.777958 1
-12.998949 -19.726416 -5.562358 3
-12.249749 -19.077916 -5.865258 4
-11.387349 -18.706816 -6.144458 1
-11.185549 -19.176116 -6.932058 2
-11.183849 -19.604216 -7.832758 2
-10.281649 -19.564616 -7.518558 1
-9.593949 -19.121316 -7.091658 3
-9.398649 -18.681416 -7.886358 14
-8.490049 -18.777016 -7.922658 2
-7.875849 -18.488716 -7.236258 2
-8.837549 -18.346716 -6.980758 6
-9.451049 -17.887516 -6.433458 3
-9.686849 -17.920316 -5.509258 8
-9.128249 -17.078616 -5.561258 1
-8.418549 -16.487316 -5.873058 12
-7.685949 -15.908116 -5.648358 14
-7.009649 -15.844516 -4.936158 2
-6.847349 -15.862516 -3.985058 8
-6.565049 -15.193616 -3.273658 2
-6.333649 -16.115516 -2.978758 10
-7.037449 -16.310116 -2.230658 6
-7.097849 -17.268016 -2.068558 1
-7.134249 -17.216716 -3.033158 2
-6.879449 -18.061716 -3.426158 14
-5.955249 -17.977716 -3.564258 7
-5.840949 -18.184516 -4.542758 14
-5.079049 -18.703216 -4.888458 9
-4.494549 -18.818516 -4.176558 3
-3.928249 -18.145916 -4.592558 8
-3.273549 -17.519616 -4.244958 1
-3.122049 -17.715516 -3.266458 3
-4.017249 -17.977916 -3.197858 1
-3.547649 -17.796416 -2.233058 2
-3.171549 -17.337716 -1.464558 8
-3.654349 -17.310016 -0.633858 2
-4.044749 -17.381916 0.254642 2
-4.571649 -16.979916 0.970542 1
-5.224249 -17.417716 0.486442 14
-5.523149 -17.036616 -0.354058 1
-5.126549 -17.761016 -0.799958 8
-5.991349 -17.467716 -1.166358 5
-6.844849 -17.207116 -0.782358 2
-7.740049 -16.865216 -0.641058 3
-7.563449 -16.128316 0.005142 3
-7.594649 -15.209016 0.279942 2
-7.715849 -14.240616 0.089742 2
-6.851849 -14.450616 0.343442 5
-6.319149 -15.137116 0.819742 15
-7.129349 -14.937416 1.409342 12
-6.502549 -15.538716 1.927242 14
-6.980549 -16.098316 2.490742 2
-7.969049 -16.126216 2.399742 11
-8.638949 -16.727316 1.991642 2
-9.453949 -16.190516 2.191142 1
-9.419449 -16.503516 1.292842 4
-9.422349 -17.434416 1.356142 2
-8.862749 -17.881516 0.677842 2
-9.680049 -17.860116 0.138542 1
-10.393949 -18.483016 0.322342 14
-10.935849 -18.834216 -0.420658 14
-11.044549 -19.061216 -1.334558 3
-10.429149 -19.629016 -1.845958 1
-10.157749 -19.647216 -0.913358 1
-9.881349 -19.303816 -0.049858 14
-9.000149 -20.451116 0.315542 1
-9.330549 -20.480616 -0.595158 1
-9.774049 -21.044316 -1.181358 2
-10.430449 -20.889716 -1.885558 1
-11.248749 -21.462816 -1.782258 2
-11.535449 -22.376016 -1.753958 2
-10.752049 -22.747716 -2.111658 2
-10.041149 -23.175716 -2.584858 9
-9.389949 -23.880216 -2.783458 9
-8.940849 -24.456296 -2.146858 6
-8.322249 -24.254376 -2.809758 2
-8.674849 -23.555216 -3.405158 9
-9.032349 -22.702016 -3.975558 9
-8.423149 -23.424816 -4.349358 2
-9.322449 -23.426616 -4.659858 9
-9.894549 -23.806516 -5.447958 6
-10.308849 -23.508716 -4.659358 9
-11.184649 -23.794216 -4.368158 6
-11.892549 -23.543116 -3.711458 2
-12.091549 -24.456576 -3.708658 6
-12.839149 -24.965546 -3.532458 8
-12.846449 -24.486666 -4.387258 6
-13.689949 -24.007016 -4.141658 3
-13.651749 -23.193216 -3.630958 2
-13.672649 -23.479116 -2.730158 8
-12.802649 -23.377416 -3.190758 2
-12.850949 -23.221816 -2.176158 2
-13.344849 -23.932216 -1.773258 8
-13.868649 -24.695406 -1.544358 8
-14.168049 -23.813916 -1.062158 8
-14.989349 -23.454416 -1.299758 3
-15.597549 -24.220916 -1.129558 14
-14.913449 -24.778566 -1.488458 8
-15.538849 -25.230746 -2.172658 14
-15.799449 -25.418956 -3.128258 3
-16.728049 -25.724196 -3.177158 3
-16.792349 -25.165556 -2.445258 3
-16.297049 -24.339596 -2.351858 1
-15.998249 -23.686916 -3.049658 3
-15.360949 -22.945216 -3.165858 12
-15.096949 -22.188316 -2.557158 12
-14.344949 -22.807116 -2.255958 2
-14.239249 -21.945716 -1.838558 10
-13.251649 -22.039916 -1.729258 2
-12.430149 -22.136216 -2.247258 2
-12.192849 -21.155916 -2.150758 2
-12.181449 -20.513116 -2.805258 14
-12.164349 -21.295416 -3.432458 2
-12.473949 -22.185816 -3.200158 2
-13.208149 -21.907916 -3.711858 2
-14.167949 -21.930916 -4.186558 1
-14.980549 -21.998416 -4.823858 3
-14.741749 -22.968916 -4.890958 14
-15.362049 -23.652916 -4.650958 9
-15.242849 -24.043016 -3.790958 1
-14.787849 -24.851476 -3.289358 1
-14.571449 -25.047936 -2.422758 8
-14.558749 -25.770996 -3.073658 2
-13.578049 -25.751276 -3.074558 8
-13.360949 -25.687546 -2.169258 8
-12.912249 -26.413666 -2.608758 9
-12.859749 -27.349746 -2.306258 2
-13.518949 -28.039946 -2.311458 1
-12.888249 -28.771426 -2.666558 1
-12.540249 -28.906526 -1.802658 1
-11.945149 -28.343846 -1.321358 14
-11.343449 -27.812436 -1.829758 2
-10.825249 -28.150856 -2.543958 1
-11.198649 -27.528736 -3.125158 7
-12.034649 -27.836476 -3.523658 2
-12.947849 -27.835016 -3.225458 1
-12.824149 -27.407346 -4.122258 3
-12.937949 -26.421816 -3.960858 6
-12.193549 -26.181366 -3.464558 8
-11.772649 -26.552296 -4.253558 6
-12.080149 -27.309726 -4.899858 6
-11.524249 -27.684206 -5.640358 3
-10.859849 -28.211166 -6.219058 2
-10.450249 -27.755286 -5.502658 2
-10.450249 -26.922586 -5.988458 8
-9.917649 -26.141426 -5.685758 14
-9.473649 -26.008466 -6.548158 3
-9.031249 -25.376876 -5.882658 12
-9.803049 -24.987586 -5.334458 14
-8.909449 -24.743866 -4.991858 14
-8.498149 -24.484646 -5.880558 2
-8.436949 -23.604316 -5.430358 3
-8.812549 -22.808416 -5.826958 8
-8.800049 -22.232716 -4.998058 9
-8.107549 -21.792816 -4.505358 2
-8.297149 -21.969316 -3.621258 9
-7.852549 -21.470016 -2.944358 8
-7.498049 -21.211516 -3.747458 2
-7.176349 -20.997816 -4.585458 2
-7.430649 -21.148616 -5.520558 1
-8.345549 -21.037716 -5.256458 2
-8.644849 -20.541416 -5.996458 1
-9.100849 -21.382616 -5.995358 3
-9.745449 -21.687916 -5.284958 9
-9.743449 -20.821216 -4.894958 2
-9.806249 -20.350916 -4.105658 3
-10.554649 -20.719616 -3.639858 2
-11.379849 -20.552416 -4.139658 1
-11.265749 -21.549016 -3.982858 2
-10.315949 -21.452216 -4.243258 9
-10.958249 -21.517416 -5.039558 10
-11.823249 -21.730416 -5.444358 2
-12.168349 -21.509116 -6.328458 1
-13.119849 -21.169416 -6.328558 1
-13.417249 -21.302416 -5.428958 8
-13.234549 -22.069016 -4.834758 2
-12.499749 -22.551016 -5.165858 2
-11.944149 -22.742516 -5.955158 8
-11.543249 -23.403316 -6.624958 3
-12.252749 -24.047616 -6.530858 6
-13.095549 -23.593116 -5.949458 8
-12.845749 -23.506416 -4.961558 2
-12.604249 -24.296826 -5.505958 6
-12.602049 -25.258556 -5.320758 6
-11.730849 -25.661366 -5.255758 6
-11.158349 -26.402406 -5.455958 3
-10.502149 -26.845896 -4.918358 12
-9.560849 -26.819076 -4.647258 14
-9.545249 -27.013916 -3.694058 2
-8.770849 -26.360086 -3.610258 1
-9.600449 -25.804916 -3.736058 14
-9.477249 -25.897726 -2.795058 4
-8.771949 -25.265436 -3.016058 2
-8.762749 -25.192106 -3.929358 14
-7.892749 -25.553636 -4.011258 1
-7.388049 -26.188006 -4.477158 2
-6.808549 -25.797626 -3.801858 3
-6.267349 -25.064096 -3.626958 8
-5.875949 -24.413816 -3.020758 1
-6.015549 -23.601116 -2.446658 3
-5.615049 -23.195716 -3.266458 2
-6.494349 -23.078416 -3.736158 2
-7.235049 -22.400116 -3.797258 12
-7.300049 -23.008916 -3.020458 1
-7.891749 -22.401016 -2.506258 3
-8.640449 -22.213116 -1.929858 9
-9.599749 -22.072916 -2.049758 2
-10.399549 -21.684516 -2.437758 2
-9.594049 -21.579516 -3.000458 9
-9.899149 -22.294816 -3.528958 9
-10.711149 -22.592616 -3.170358 2
-10.804049 -22.820916 -4.069058 9
-11.630749 -22.461716 -3.673458 2
-11.684549 -22.767516 -4.619958 2
-11.629749 -23.428716 -5.320258 1
-11.144149 -24.291166 -5.625358 6
-10.718349 -24.892176 -4.880258 14
-11.253149 -25.461716 -4.373258 6
-10.617249 -25.363496 -3.703058 14
-10.499149 -26.077376 -3.023358 2
-11.248149 -25.649876 -2.605158 8
-11.606949 -24.803806 -2.652358 1
-12.348349 -24.333726 -2.344758 8
-11.996449 -23.620616 -1.752058 2
-11.190649 -23.870416 -2.135158 2
-10.592249 -24.602296 -2.459958 3
-10.874049 -24.820076 -1.471658 10
-11.698149 -25.108226 -1.692958 8
-12.274949 -25.944586 -1.649458 8
-12.187849 -26.531126 -0.814358 3
-12.587249 -27.438316 -0.680958 2
-13.368949 -27.567746 -1.262258 2
-13.516849 -28.603856 -1.068158 1
-14.452549 -28.788856 -1.322958 3
-15.448449 -28.916476 -1.454758 6
-16.072449 -29.121076 -2.129658 3
-16.837549 -29.168776 -1.574558 14
-17.158449 -28.284146 -1.407858 7
-16.376449 -28.006386 -0.898758 2
-17.204749 -27.832066 -0.466158 14
-18.077849 -27.790676 -1.008258 3
-18.671849 -27.206626 -1.399858 4
-18.552449 -26.489406 -0.766558 2
-17.745849 -26.713926 -1.242858 14
-17.036249 -26.824656 -0.550958 6
-16.460849 -26.452536 -1.264258 3
-16.405549 -25.521166 -1.424958 3
-15.898649 -25.196566 -0.687758 2
-15.037649 -25.613516 -0.832258 8
-15.340749 -26.385496 -0.398058 3
-15.787449 -26.873486 0.320342 1
-15.676649 -27.829216 0.500742 2
-15.352449 -27.862286 1.394542 13
-15.480049 -28.744196 1.866642 2
-14.888249 -28.766166 2.616942 2
-14.613549 -27.926836 2.926442 10
-13.905549 -27.243386 2.919542 5
-13.412649 -26.755486 2.216442 5
-12.456249 -26.895406 1.975342 3
-11.750149 -27.547056 2.237742 1
-11.186949 -28.043236 1.637742 6
-11.168649 -27.876666 0.700542 3
-11.972249 -27.630386 0.254842 7
-11.959349 -26.730766 0.442442 3
-12.299449 -25.868166 0.148142 9
-12.662449 -25.254536 -0.408858 8
-13.421249 -25.524126 -0.863558 8
-14.073549 -26.244066 -0.761258 14
-14.716949 -26.892696 -1.112458 9
-14.860449 -26.535166 -2.003658 1
-15.444149 -26.897936 -2.686258 3
-14.848949 -27.756896 -2.832158 10
-15.142549 -27.641406 -1.904058 1
-15.904749 -27.762086 -2.468258 1
-16.525349 -27.211636 -2.058458 3
-16.795349 -26.795986 -2.879658 3
-17.672849 -26.497706 -3.042658 3
-18.685949 -26.545126 -3.155558 1
-19.594649 -26.123576 -3.179458 9
-19.988249 -25.584626 -2.453858 5
-20.727349 -24.989966 -2.606358 3
-21.352649 -24.500056 -3.225658 13
-21.103449 -24.955116 -4.109358 3
-22.147549 -24.898546 -4.056658 14
-22.203449 -25.716456 -3.510658 9
-22.568349 -26.478116 -3.890058 2
-22.801349 -27.390326 -4.140958 12
-22.253949 -27.181846 -4.912558 3
-22.049149 -28.146766 -5.274758 9
-21.229549 -28.419166 -5.814258 2
-20.663749 -27.940646 -5.224858 1
-20.176049 -28.703136 -5.095058 10
-19.932349 -28.912226 -4.125658 3
-18.967449 -29.083326 -4.352158 4
-18.322749 -28.352206 -4.180958 8
-18.397649 -27.436476 -4.386258 10
-17.933149 -26.616786 -4.703858 3
-17.042249 -26.746376 -5.119258 3
-17.022749 -27.732796 -4.955158 10
-16.440549 -27.304156 -4.337658 3
-15.459149 -27.172556 -4.376558 3
-15.325449 -28.055426 -4.505358 1
-14.611349 -27.546846 -3.979158 1
-14.140449 -27.199316 -4.766758 7
-13.753449 -28.121906 -4.917358 1
-13.452449 -28.110336 -5.835358 1
-13.092149 -27.359756 -5.326358 6
-12.603249 -27.502066 -6.201658 2
-11.975249 -26.805496 -6.310158 2
-12.344249 -25.997236 -6.050458 6
-13.135849 -26.506386 -6.201858 3
-13.414749 -25.799186 -5.629958 6
-13.437449 -25.704116 -4.709158 6
-14.374049 -25.874666 -4.616358 8
-15.197049 -25.454096 -4.859358 13
-15.629249 -24.837826 -4.251558 9
-16.388149 -25.450346 -4.076858 3
-16.305549 -26.202896 -4.691458 3
-15.944649 -26.918776 -5.257758 12
-15.386849 -26.235156 -5.706658 4
-15.579049 -25.400586 -6.076258 9
-16.293949 -25.819606 -6.509358 6
-16.460249 -25.555076 -5.612058 3
-16.494149 -24.790356 -6.111458 9
-16.709249 -24.619116 -7.045858 9
-16.280149 -25.154206 -7.731358 3
-16.822349 -25.915906 -8.119458 5
-16.133449 -26.620096 -8.114958 3
-16.483449 -27.376016 -7.701358 10
-16.711549 -27.371236 -8.687058 8
-16.450049 -26.556176 -9.149458 3
-15.514449 -26.355516 -9.356358 14
-14.870949 -26.132496 -8.697958 3
-14.401849 -26.628896 -9.484858 9
-13.462749 -26.569216 -9.420658 5
-13.194349 -26.500836 -8.528258 14
-12.676649 -25.932236 -9.029658 5
-12.336549 -27.074176 -8.397858 10
-13.159449 -27.516796 -8.541058 3
-13.957949 -27.888456 -8.069058 9
-13.642149 -28.376526 -7.371058 1
-13.978849 -28.776236 -6.546158 1
-14.867749 -29.025156 -6.947758 4
-15.563049 -28.356396 -7.011958 9
-16.072349 -29.129036 -7.544858 4
-16.445449 -30.000156 -7.659758 3
-17.135049 -30.579516 -7.851658 1
-17.480349 -29.963476 -7.207758 1
-18.044449 -30.212506 -6.432158 3
-18.712049 -30.845176 -6.393858 1
-19.270349 -30.521956 -5.691758 1
-18.874549 -30.953466 -4.868158 3
-18.512549 -30.791246 -3.943058 1
-17.769349 -31.356866 -3.718558 3
-17.563049 -30.403276 -3.829558 13
-17.291649 -29.527916 -3.410458 6
-17.377649 -28.460856 -3.245058 13
-18.017449 -27.961106 -2.741958 11
-17.888049 -27.137746 -2.247958 6
-18.273249 -26.207086 -2.060858 3
-17.769149 -25.442696 -1.679058 3
-18.412749 -25.205496 -1.005658 15
-18.502249 -24.247896 -1.331158 6
-18.450849 -24.731956 -2.185158 3
-18.925549 -25.388556 -2.706258 6
-18.591149 -24.722276 -3.294858 3
-18.372049 -23.884816 -2.855558 10
-17.684449 -24.317066 -3.286758 3
-17.266649 -23.790016 -4.003758 3
-17.257149 -22.928716 -4.395058 8
-16.462549 -22.497816 -4.771758 9
-16.507549 -22.002916 -5.507358 4
-16.467149 -22.647416 -6.301758 9
-15.554049 -22.345116 -6.031258 3
-14.668449 -22.582616 -6.392358 5
-13.757449 -22.701916 -6.850958 3
-14.006249 -21.926516 -7.514758 4
-13.176449 -21.614216 -7.959158 8
-12.149949 -21.358316 -8.003758 12
-12.236249 -22.219416 -8.435458 5
-12.846449 -22.884716 -8.803758 1
-12.206649 -23.193016 -9.456058 9
-11.569549 -23.911616 -9.189258 3
-11.544349 -24.568466 -8.499958 5
-11.170249 -23.815216 -8.098258 1
-10.251749 -24.050916 -7.878358 1
-10.531649 -24.865756 -8.403858 3
-10.950349 -25.713066 -8.420658 5
-11.700349 -25.998436 -7.766158 2
-12.118549 -25.579646 -6.972358 6
-12.579549 -24.898356 -7.412058 1
-13.217349 -25.251146 -8.036158 1
-14.002249 -25.626016 -8.488058 10
-14.801249 -25.105836 -8.255858 6
-15.271749 -24.659086 -8.925258 3
-14.551749 -25.058486 -9.428958 5
-15.356049 -25.425546 -9.726658 3
-16.241749 -25.303886 -9.711258 3
-16.934249 -25.573996 -9.168858 3
-17.860349 -25.443936 -8.723858 10
-18.201849 -24.801956 -8.199058 3
-17.908349 -23.877816 -8.069558 13
-17.302749 -23.762016 -7.354558 9
-17.680549 -22.783916 -7.524758 13
-17.476049 -23.092016 -6.655158 9
-17.264449 -23.196216 -5.750758 9
-17.578349 -23.797116 -5.101358 3
-16.782349 -24.106616 -5.409758 9
-16.429749 -23.821316 -4.556558 9
-17.004849 -24.652706 -4.521058 3
-17.325849 -25.278046 -3.839258 3
-18.158549 -25.742476 -4.027158 3
-19.020249 -26.175756 -4.069858 14
-19.122449 -26.048636 -5.057958 1
-18.390449 -25.436776 -5.058458 3
-18.299449 -24.659766 -5.758358 9
-18.352449 -24.556276 -6.705258 6
-17.554249 -25.091876 -6.724858 9
-17.643149 -25.761746 -6.042558 3
-18.497349 -26.223326 -6.027258 1
-18.631349 -26.318586 -6.949358 1
-19.476349 -26.886186 -6.705058 3
-20.035449 -27.590066 -7.124058 1
-19.705349 -26.876466 -7.701658 8
-19.937549 -27.036806 -8.649358 4
-19.573449 -27.816206 -8.964458 6
-18.703849 -28.090006 -9.223258 4
-18.825349 -27.146466 -9.187258 1
-18.795449 -27.003456 -10.152498 3
-19.324749 -26.180496 -9.930858 6
-18.734449 -25.418806 -9.606558 11
-17.758549 -25.658836 -9.932058 3
-17.953949 -26.574596 -9.672758 10
-17.218649 -27.269206 -9.994118 3
-16.567149 -27.954246 -10.311448 5
-15.657249 -28.154646 -10.338658 9
-15.643949 -27.733266 -11.196428 1
-14.711149 -27.467486 -11.265958 3
-13.968049 -27.467656 -10.658768 8
-13.170749 -26.957386 -10.872968 3
-12.989349 -26.043226 -10.671618 5
-12.443449 -25.621656 -10.037198 5
-11.917949 -24.858376 -10.297968 5
-11.948249 -23.928116 -10.450318 1
-11.195949 -23.233016 -10.473228 12
-10.137349 -23.419016 -10.548768 3
-9.546449 -24.121116 -10.169328 3
-8.552349 -23.845916 -10.334098 3
-7.757949 -23.572716 -9.899958 8
-7.201049 -23.053516 -10.475018 14
-6.682049 -23.710216 -10.872898 1
-7.270349 -23.579616 -11.704438 4
-8.053249 -23.810816 -11.263478 3
-8.487049 -22.958316 -11.599358 3
-8.139749 -22.067516 -11.709248 9
-7.955849 -22.158116 -12.655438 15
-8.359749 -22.847116 -13.042768 10
-8.959149 -23.482916 -13.506348 3
-9.587749 -24.150416 -13.819798 3
-10.366949 -24.086316 -14.506298 6
-10.158849 -24.985096 -14.276198 13
-11.034449 -24.904336 -14.022698 6
-10.732949 -24.373516 -13.218258 3
-11.591249 -24.037716 -13.355428 9
-12.126249 -24.691816 -13.915768 9
-11.715049 -25.069286 -14.715888 6
-11.411049 -24.640736 -15.501938 6
-11.187749 -23.851916 -15.994458 3
-11.660049 -23.202516 -15.480948 6
-12.384749 -23.229616 -14.907518 9
-13.166749 -22.747916 -15.323168 3
-14.070549 -22.876816 -15.157478 5
-14.723449 -22.738716 -15.835278 4
-15.518749 -22.341216 -15.274788 1
-15.066049 -22.726716 -14.502108 3
-15.547949 -23.286416 -13.989128 5
-16.118449 -22.503616 -13.885478 10
-16.969049 -22.847216 -14.260468 3
-17.802649 -22.987116 -14.688958 1
-18.396549 -23.775016 -14.913838 13
-17.939649 -24.556016 -14.462568 1
-17.074949 -24.460796 -13.868388 3
-16.767249 -25.384866 -13.655638 9
-17.574549 -25.902906 -13.739988 3
-17.700149 -26.622616 -12.994598 9
-18.134549 -27.331756 -13.316728 1
-19.098549 -27.353616 -13.545908 1
-20.080649 -27.434956 -13.239868 5
-20.296849 -26.521196 -13.464878 8
-20.602649 -26.725596 -14.378748 6
-19.794549 -26.195376 -14.582138 5
-19.148349 -26.280576 -13.842548 4
-19.025449 -25.406496 -14.156878 3
-18.556749 -24.944396 -13.495638 3
-17.897249 -25.082776 -12.811858 15
-18.002149 -24.919856 -11.879398 3
-19.002149 -25.255256 -12.060548 4
-19.927049 -25.000676 -11.862118 9
-19.715249 -24.098316 -12.088648 3
-18.903249 -23.517616 -12.041948 6
-17.959449 -23.687516 -11.730388 3
-17.859849 -22.847716 -11.324298 8
-17.352349 -22.214716 -11.794308 8
-17.159249 -21.854616 -12.687568 13
-17.894949 -22.377916 -12.974688 9
-17.474849 -23.290316 -12.822968 5
-17.405249 -24.150916 -12.404238 3
-16.565949 -23.983216 -12.805828 4
-16.110549 -24.098816 -11.977658 3
-15.120049 -24.208796 -11.935498 3
-14.510549 -24.427546 -12.625838 13
-13.718449 -23.959616 -12.815828 9
-13.554149 -23.729516 -13.699968 9
-13.156249 -24.396646 -14.227058 9
-12.469749 -24.513506 -14.947368 1
-13.266149 -24.306966 -15.520548 14
-14.135849 -24.579376 -15.304368 9
-15.054149 -24.248046 -15.117248 3
-15.468049 -25.132016 -15.114518 1
-15.903049 -25.544956 -15.841388 1
-15.462949 -26.229476 -16.376148 10
-14.930949 -26.550926 -15.717798 15
-15.675849 -26.704636 -15.145508 3
-14.765549 -27.179156 -14.835608 6
-15.216949 -28.061906 -15.051348 3
-15.654349 -28.134306 -14.249118 1
-16.041349 -29.033566 -14.292758 6
-15.336949 -29.079386 -15.053328 3
-15.278149 -29.040336 -15.966508 10
-14.623149 -29.158246 -16.623358 3
-13.904249 -29.090946 -15.967828 6
-13.575149 -29.319066 -16.831018 3
-13.829349 -30.191866 -16.680778 6
-13.085949 -30.481276 -16.021758 8
-12.229949 -30.739176 -15.654318 13
-12.098649 -29.771856 -15.653138 6
-12.291049 -29.221046 -14.919818 9
-12.012149 -28.554736 -14.341708 11
-11.265749 -28.149536 -13.805918 3
-11.543749 -27.273226 -13.451268 3
-11.853549 -27.468866 -12.550788 9
-12.345449 -27.225816 -11.713878 10
-12.070149 -26.723596 -10.978368 5
-11.282649 -27.029726 -10.584558 3
-11.519849 -26.241036 -10.110288 5
-10.593449 -26.091466 -10.067178 6
-11.105649 -25.389936 -10.455468 5
-11.183449 -24.978746 -11.298068 3
-10.366649 -25.492666 -11.565248 3
-9.427549 -25.543456 -11.558138 9
-9.173649 -24.834456 -11.006748 3
-8.281149 -25.067556 -11.217338 4
-7.378849 -24.711406 -11.445968 8
-7.725549 -25.113966 -12.303468 4
-8.524549 -24.755816 -12.718168 1
-8.771949 -24.011116 -12.133538 3
-9.597249 -24.452326 -11.859548 3
-9.714849 -24.988226 -12.644048 3
-9.708249 -25.681656 -13.390638 1
-9.705349 -26.632176 -13.321028 1
-8.939649 -27.162516 -13.068708 1
-8.912649 -27.249756 -12.015948 9
-9.403049 -27.826786 -11.396488 1
-9.758249 -26.889386 -11.419448 6
-10.206149 -26.525046 -12.247778 6
-11.002449 -26.559976 -12.703318 15
-11.403249 -26.113886 -11.922028 5
-11.330949 -25.285336 -12.440468 3
-11.899249 -24.548226 -12.318168 9
-12.223549 -24.625616 -11.414588 5
-12.013849 -23.673516 -11.428968 9
-11.055149 -23.788516 -11.364008 3
-10.192049 -23.622916 -11.744298 3
-10.824949 -23.487516 -12.392918 3
-11.509749 -22.809216 -12.014348 10
-11.319549 -22.674316 -12.916528 3
-12.172149 -23.139916 -12.809588 9
-13.118749 -23.098616 -13.061738 9
-13.753949 -23.035516 -12.330348 6
-14.704049 -23.091016 -12.514908 5
-15.434549 -23.063216 -11.904548 3
-15.741649 -22.743816 -11.032838 10
-15.350449 -22.080116 -10.397668 6
-15.472449 -21.902716 -9.444258 13
-14.854949 -22.591716 -9.681858 1
-15.487649 -23.220516 -10.007388 3
-16.015149 -22.832716 -9.312358 13
-16.552449 -22.823816 -10.089308 1
-16.639749 -23.805116 -10.440878 3
-16.590849 -23.354116 -11.308398 3
-16.431349 -22.662716 -11.882458 6
-15.766849 -22.345716 -12.663458 3
-15.182249 -21.794116 -13.192308 5
-14.763949 -21.129816 -12.558128 14
-13.802949 -21.176516 -12.170628 3
-13.324049 -20.578216 -11.577488 4
-12.982249 -19.736716 -11.997658 12
-12.564349 -20.451816 -12.445608 8
-11.691449 -20.362316 -12.800738 9
-11.980849 -20.645816 -13.641888 4
-11.658549 -21.256616 -14.287108 3
-11.141849 -21.416716 -13.496458 13
-10.490349 -21.510216 -12.814968 3
-10.618349 -21.277516 -11.843878 4
-10.514049 -22.129216 -11.233078 6
-9.580949 -22.590016 -11.292348 3
-9.345749 -23.051116 -12.084598 3
-9.133749 -22.144916 -12.251088 11
-9.456749 -22.672116 -13.002428 3
-10.327449 -22.824916 -13.301728 3
-10.018549 -23.068216 -14.149528 1
-10.784649 -23.098216 -14.734028 6
-11.286849 -23.091216 -13.895888 6
-12.068749 -22.448716 -13.701408 9
-12.965649 -22.448616 -13.844218 9
-13.445649 -21.712916 -14.311178 1
-13.673249 -20.774516 -14.284778 4
-13.758249 -19.939916 -13.818508 10
-14.010049 -19.232016 -13.149968 1
-14.676049 -19.973416 -13.263998 3
-15.579449 -20.025316 -13.019228 1
-15.919549 -20.841516 -12.788118 9
-16.895849 -20.863216 -13.081058 6
-17.110349 -21.331616 -13.846998 15
-17.846649 -20.699116 -13.695968 5
-18.069249 -21.109516 -12.832968 3
-18.729849 -20.519616 -12.382058 3
-18.596949 -20.723316 -11.438888 8
-19.483749 -20.674316 -10.948098 5
-18.985749 -21.446216 -10.788548 8
-19.430249 -21.940716 -11.442638 5
-19.035449 -22.719916 -11.046638 10
-19.422049 -23.065416 -10.147928 3
-18.903249 -22.806016 -9.338358 13
-19.568349 -22.952116 -8.665658 1
-20.350049 -23.498716 -8.567758 9
-20.274249 -24.015116 -9.419658 1
-19.590949 -24.733146 -9.590758 3
-18.795949 -24.304736 -9.944158 10
-18.066049 -24.528286 -10.602678 3
-17.650049 -23.734016 -10.270528 3
-17.628049 -23.446916 -9.404058 13
-16.683349 -23.812016 -9.402358 3
-16.428949 -24.661516 -9.011658 3
-16.381749 -23.910816 -8.406858 13
-16.184449 -23.667916 -7.453358 9
-15.529149 -23.234616 -8.117858 6
-16.265649 -22.499416 -7.907658 13
-15.529549 -22.610516 -7.318058 3
-15.592949 -23.187116 -6.551458 9
-14.754449 -23.657816 -6.830758 11
-15.174149 -23.781016 -5.906058 9
-14.844049 -24.701046 -5.820358 9
-14.043849 -25.169406 -6.137758 6
-13.764149 -24.264106 -6.270158 6
-13.564749 -24.579136 -7.152558 6
-13.087449 -23.700216 -7.083858 15
-12.580149 -23.983716 -7.866858 8
-13.051349 -24.344746 -8.657958 4
-12.722249 -24.719146 -9.451158 5
-13.638949 -24.396036 -9.599758 5
-14.431449 -23.851616 -9.324058 6
-14.733049 -24.044916 -10.211608 3
-15.208349 -24.811136 -10.712138 3
-14.233749 -25.009896 -10.724058 5
-14.774049 -25.764726 -11.067088 3
-15.183949 -26.644996 -10.804848 6
-16.078949 -26.853556 -10.581038 3
-16.716649 -26.325186 -11.176418 3
-17.085349 -27.288096 -11.134348 1
-17.186849 -27.155536 -12.056368 1
-18.189649 -26.999236 -12.036518 10
-18.434449 -26.328576 -11.465368 1
-17.659949 -25.860036 -11.346068 1
-16.936949 -25.379776 -10.900788 3
-16.252349 -24.728486 -10.787448 3
-15.897949 -25.106256 -11.583018 1
-16.894549 -25.143986 -11.956948 3
-16.420449 -25.732196 -12.574278 10
-15.578749 -26.158526 -12.655548 1
-15.069249 -26.714846 -12.070068 4
-14.463149 -26.812416 -12.816568 3
-13.822749 -27.324846 -12.333858 1
-12.998849 -27.757986 -12.407878 14
-12.888149 -26.839336 -12.664818 3
-13.481949 -26.253666 -13.178238 12
-13.730849 -25.362656 -12.803108 4
-12.905949 -25.023156 -12.412778 9
-12.916249 -25.365806 -11.528298 5
-13.898149 -25.484946 -11.668188 3
-13.818949 -24.538736 -11.737768 11
-13.779749 -24.058316 -10.875048 5
-13.162149 -23.360616 -11.235088 9
-13.507449 -22.536216 -11.333138 4
-14.167049 -22.186316 -10.637528 10
-13.618249 -21.668416 -10.017538 6
-13.737549 -21.382516 -9.147558 9
-14.628949 -21.645316 -8.816758 3
-14.894649 -20.774416 -8.557558 10
-15.704049 -21.212616 -8.221658 13
-15.778749 -20.455416 -7.661158 10
-14.969849 -19.870716 -7.645558 3
-14.577249 -20.611316 -7.270958 6
-13.808949 -19.953116 -6.996558 10
-13.398549 -19.698516 -7.816258 13
-12.825149 -18.912516 -7.973658 8
-13.386649 -18.595316 -7.297358 4
-14.084149 -18.364916 -7.928658 10
-13.337649 -17.876816 -8.381558 13
-13.800949 -18.336816 -9.154158 1
-14.190049 -17.414416 -9.237558 9
-13.855749 -16.612116 -8.792958 6
-14.637449 -16.664216 -8.113558 4
-15.567749 -16.312016 -8.587258 5
-14.927749 -16.219416 -9.276758 4
-14.999149 -16.230716 -10.309998 3
-15.234249 -16.894516 -11.061308 13
-16.090549 -16.773516 -10.678778 4
-16.621449 -16.137116 -10.213128 4
-16.509249 -16.140916 -9.263758 5
-15.743649 -15.755516 -9.615658 13
-15.242149 -15.083116 -10.210768 10
-15.606949 -14.230416 -10.220758 6
-16.389349 -14.053916 -9.674058 1
-17.100149 -14.744616 -9.603858 3
-17.391449 -14.339316 -10.369548 4
-17.282849 -15.158016 -10.802108 1
-17.280449 -15.148416 -11.751178 13
-17.688749 -15.649016 -12.504908 4
-18.319049 -15.633416 -13.302328 6
-18.534049 -14.835716 -12.858168 11
-19.349149 -15.364716 -12.984008 10
-19.232949 -15.173516 -12.057658 4
-20.089949 -15.499916 -12.244128 3
-20.023349 -15.904016 -11.398658 9
-19.684849 -15.814616 -10.490698 11
-19.736249 -15.089916 -9.821758 10
-19.054049 -15.595416 -9.221058 8
-19.701549 -15.164116 -8.648758 10
-18.999149 -15.595016 -8.111058 4
-19.933049 -15.849816 -7.944158 10
-19.719149 -16.667116 -8.406158 4
-20.619949 -16.847216 -8.712558 11
-20.747449 -16.319016 -9.525158 6
-20.785249 -15.510616 -8.925458 10
-20.561949 -14.574816 -9.027058 10
-21.315649 -14.832516 -9.494058 13
-21.801249 -14.253716 -10.152328 1
-21.975649 -13.887416 -11.039398 13
-21.741849 -14.286416 -11.812198 3
-21.400749 -15.083116 -11.471048 5
-22.126049 -15.733416 -11.572778 1
-23.039649 -15.344416 -11.601808 13
-23.189849 -14.376716 -11.447338 4
-22.758949 -13.532916 -11.806838 5
-23.222149 -13.289416 -12.674978 1
-23.697149 -13.699716 -13.404478 6
-24.569449 -14.141316 -13.713348 10
-24.882649 -13.543616 -13.045258 8
-25.542849 -13.622716 -12.377948 4
-25.643949 -12.735816 -12.293938 1
-26.074949 -12.711416 -13.163658 1
-27.003349 -12.463916 -12.965478 4
-26.870549 -11.501816 -13.007338 9
-26.497949 -11.238616 -13.851708 12
-25.676349 -11.453416 -14.300988 4
-24.668749 -11.463416 -14.037788 6
-24.698049 -12.321316 -14.479798 3
-24.188849 -12.948416 -15.021078 15
-23.744649 -12.210416 -15.539498 9
-23.189349 -11.396916 -15.458848 13
-22.310049 -11.400616 -15.030868 4
-21.359449 -11.744716 -14.942088 10
-20.842649 -11.805416 -14.080628 13
-20.019449 -11.231416 -14.266718 2
-19.989649 -10.211016 -14.331538 13
-20.698449 -9.961716 -13.654498 4
-20.472249 -9.709016 -12.788868 3
-19.732349 -10.177316 -12.311288 11
-19.399249 -10.642116 -11.498368 4
-20.345849 -10.880616 -11.357318 13
-20.662249 -11.677316 -11.821998 1
-21.491149 -12.043416 -12.194458 15
-22.075849 -12.290616 -12.981538 10
-22.940249 -11.879616 -12.648838 5
-22.497349 -11.778916 -11.770528 4
-22.060549 -11.923716 -10.949388 3
-22.745649 -12.599116 -10.715898 10
-21.835549 -12.900916 -10.550448 1
-20.813449 -12.611716 -10.682998 4
-19.825649 -12.777416 -10.457778 1
-20.378249 -12.684416 -9.671658 3
-19.936849 -13.141616 -8.892758 10
-18.999849 -13.162116 -8.933058 10
-18.070349 -13.098616 -9.226358 6
-18.680249 -12.863916 -9.889458 1
-17.790949 -12.868916 -10.194868 9
-18.059749 -13.107516 -11.123718 1
-18.951749 -13.571116 -11.150138 1
-19.283349 -13.987716 -10.341708 10
-18.612949 -14.625916 -10.636818 6
-18.229749 -15.438916 -10.130948 4
-17.552249 -15.943316 -9.590758 1
-17.451949 -16.056116 -8.594358 5
-18.071549 -16.614016 -9.035158 4
-17.223649 -17.010116 -9.070258 5
-16.981349 -17.529816 -9.840958 13
-16.007949 -17.649316 -9.952558 1
-16.088949 -18.299216 -9.145458 4
-16.446349 -18.950616 -8.627358 10
-16.533849 -19.897816 -8.748758 10
-16.456749 -20.658616 -9.371658 13
-16.422949 -21.372516 -9.931758 13
-17.043249 -21.058216 -10.576118 8
-17.485949 -20.474816 -11.200588 8
-17.593949 -19.853316 -11.854538 11
-17.896949 -18.948516 -12.100988 3
-18.656549 -18.556916 -12.544378 10
-18.236249 -17.803716 -12.975448 6
-18.905349 -17.160816 -12.691018 11
-18.773849 -17.227416 -11.666278 1
-19.658349 -17.692716 -11.602378 9
-20.584649 -17.777216 -11.315468 11
-20.354549 -18.500116 -10.706998 4
-19.700749 -19.169816 -10.525018 5
-19.974149 -19.313616 -9.624958 13
-19.779649 -18.524616 -9.141758 6
-20.126249 -18.257216 -8.259858 15
-19.956049 -18.313316 -7.298358 4
-19.118749 -18.704816 -7.211858 4
-18.203349 -18.842816 -7.592358 10
-18.930649 -19.102316 -8.278958 3
-18.313349 -18.787816 -9.083158 4
-17.550049 -19.299316 -9.431458 10
-17.752449 -20.198316 -9.201458 13
-17.895249 -20.695016 -8.379758 13
-17.221249 -20.288516 -7.907658 10
-16.780149 -21.066816 -8.162258 13
-16.474949 -21.388216 -7.269858 4
-16.920449 -21.162116 -6.453758 10
-17.763649 -21.520916 -6.204258 6
-18.102649 -22.391416 -5.921058 1
-18.285349 -23.293416 -6.094158 9
-18.932449 -23.687616 -6.742458 5
-19.587249 -23.468416 -6.068958 4
-19.619949 -22.898016 -6.893058 8
-19.472649 -22.151416 -6.345658 3
-20.434949 -22.214816 -6.495858 12
-20.638049 -21.286916 -6.644558 1
-19.979849 -21.230116 -5.931358 1
-20.287249 -20.328616 -6.189458 4
-20.772149 -19.834316 -5.540858 3
-21.746649 -19.740116 -5.543158 15
-21.395449 -18.873716 -5.380558 10
-21.194949 -17.925616 -5.716758 4
-21.618449 -18.284416 -6.506858 1
-20.799849 -18.836516 -6.389158 4
-20.724649 -19.080916 -7.332458 1
-21.123049 -19.201316 -8.281358 3
-21.486049 -18.215016 -8.432358 10
-21.594449 -17.437416 -9.079558 4
-22.323949 -16.790616 -9.499758 1
-23.173149 -16.898416 -9.014258 1
-23.301849 -15.985016 -8.585458 13
-22.927449 -15.278316 -7.991758 3
-22.596649 -14.453216 -8.346358 6
-21.653049 -14.654716 -8.141358 10
-21.332649 -13.880116 -7.611258 4
-20.596049 -14.230516 -7.185458 10
-20.243449 -13.295616 -7.330158 10
-20.828449 -12.757516 -7.794358 11
-20.886049 -12.364516 -8.717858 4
-21.075449 -11.467916 -9.085558 1
-20.101149 -11.566716 -8.982358 5
-20.175149 -11.235816 -8.067258 13
-20.692449 -11.836916 -7.487058 11
-19.927649 -11.926016 -6.929558 6
-19.831749 -12.444916 -6.132958 9
-19.324849 -12.991216 -6.721858 10
-19.070449 -13.749916 -6.115158 10
-18.446849 -13.074516 -6.259358 4
-18.772949 -12.623016 -5.547458 8
-19.606549 -13.031416 -5.370258 10
-20.318849 -12.729116 -4.771958 13
-20.681949 -12.956716 -3.878058 3
-21.644549 -13.093316 -3.833058 13
-21.597649 -13.643816 -2.984758 4
-21.362749 -14.522116 -2.673858 4
-20.713349 -15.248616 -2.844458 6
-20.324049 -14.644616 -2.204158 4
-19.874749 -15.557616 -2.064558 8
-19.319349 -16.250416 -2.282158 12
-19.108249 -16.443416 -3.221958 6
-18.982549 -17.323716 -2.897658 4
-18.655649 -17.431216 -2.026658 1
-17.854849 -17.823916 -1.570558 13
-17.232849 -17.087016 -1.553058 5
-17.084849 -17.385916 -2.456058 10
-16.261649 -16.919016 -2.322858 13
-16.441749 -16.499516 -1.427858 1
-17.066349 -16.252716 -0.621558 4
-16.264749 -16.601616 -0.273058 1
-15.648449 -15.852716 -0.097158 10
-15.091549 -15.498916 -0.767458 4
-14.409149 -15.189816 -1.353558 1
-14.401949 -14.201516 -1.441158 3
-13.994749 -13.947016 -0.553558 9
-14.432749 -13.111916 -0.760158 13
-15.296549 -13.193816 -0.334058 6
-16.185249 -13.261416 -0.721758 10
-16.953149 -12.979616 -1.151058 10
-17.825949 -12.652216 -0.898158 3
-18.773449 -12.971216 -0.827358 13
-19.351349 -13.366316 -1.429258 4
-19.322849 -12.652716 -2.179358 4
-18.632149 -12.377616 -2.784858 11
-17.906749 -12.605316 -2.088958 9
-17.811949 -13.260116 -2.904958 15
-18.615949 -13.732616 -2.650758 4
-17.904849 -14.359216 -2.271058 10
-17.881549 -14.556516 -3.172058 9
-17.469649 -15.476516 -3.214358 6
-16.968049 -15.027416 -2.581958 10
-16.361649 -14.660416 -3.274158 4
-16.247749 -14.813916 -4.224858 5
-15.948249 -15.347116 -4.951658 13
-15.101449 -15.115916 -4.649058 4
-14.680949 -14.768116 -5.466458 10
-15.325449 -15.505016 -5.839958 13
-15.202749 -15.507116 -6.784758 8
-15.231449 -16.447616 -7.160958 3
-16.090949 -16.166516 -7.307658 5
-16.223949 -15.203416 -7.053758 9
-16.999049 -15.502816 -6.614858 1
-17.103449 -15.973816 -7.445658 5
-17.704649 -15.126016 -7.394958 7
-18.623449 -14.753616 -7.543158 10
-18.651649 -15.564416 -6.996358 4
-18.958449 -14.809816 -6.555658 10
-18.571649 -14.746316 -5.651358 1
-18.972149 -15.011616 -4.853358 6
-19.748749 -14.969216 -5.477858 3
-19.935949 -14.678716 -6.415158 10
-20.487149 -15.273416 -6.851258 10
-19.709549 -15.875616 -6.748958 1
-19.810349 -16.774716 -6.402658 4
-20.377649 -16.178916 -5.887858 12
-20.163649 -16.709316 -5.088358 1
-20.064149 -16.554716 -4.156958 6
-19.821649 -17.529416 -3.907758 1
-19.851549 -18.381116 -4.406158 4
-19.707749 -18.942116 -3.632358 1
-18.824349 -18.805616 -4.158958 4
-18.941349 -19.735916 -4.013958 13
-18.476149 -20.440316 -3.637558 3
-18.655749 -21.411316 -3.560658 11
-19.044749 -21.029616 -4.341758 13
-19.665849 -20.453516 -4.736458 10
-19.671249 -19.564416 -4.871758 4
-19.429149 -19.465116 -5.765358 4
-19.191149 -20.199616 -6.339358 4
-19.627249 -20.776116 -6.984358 11
-18.705649 -21.166916 -7.150558 10
-18.626149 -22.066316 -7.609758 14
-17.705949 -21.639316 -7.485358 10
-17.362249 -22.023916 -8.341058 13
-17.348249 -22.360016 -9.280358 13
-17.821649 -21.818316 -9.984558 8
-18.247049 -21.864816 -9.064358 13
-18.975249 -21.281616 -9.139358 6
-19.554749 -21.229716 -8.303158 4
-19.200349 -20.392716 -8.156358 9
-19.081649 -19.732416 -7.428958 4
-18.208949 -19.839416 -7.677158 10
-17.403849 -19.455716 -7.252358 10
-17.166049 -18.619716 -7.526258 10
-17.667749 -17.850416 -7.188858 5
-18.312749 -17.142116 -7.275058 4
-17.721949 -16.668716 -6.724158 5
-18.494749 -16.923716 -6.218158 4
-18.297849 -16.142016 -5.638258 15
-18.075949 -16.057316 -4.713658 6
-17.126349 -15.644216 -4.709058 9
-16.715349 -16.478916 -4.603958 10
-15.895149 -16.827816 -4.879058 13
-15.071149 -17.257416 -5.153858 1
-14.654349 -16.404116 -5.404058 8
-14.089949 -17.073816 -5.113358 5
-13.798049 -17.995016 -5.140158 3
-14.026749 -18.878416 -5.329158 4
-14.414949 -19.532516 -4.762858 1
-15.245049 -19.333716 -5.223858 1
-16.128849 -19.004816 -5.076558 1
-16.447549 -19.848416 -5.532758 7
-17.191249 -20.224116 -5.996758 10
-18.111949 -20.296216 -5.792058 10
-18.298849 -19.488716 -5.329458 4
-17.646049 -19.634716 -4.596858 13
-17.720149 -19.137516 -3.793158 11
-17.001249 -18.703516 -4.317758 11
-17.604249 -18.126116 -4.839858 10
-18.090249 -17.756316 -4.088658 4
-18.647249 -16.974216 -4.163358 6
-18.764949 -17.303716 -5.100258 12
-19.470849 -17.697316 -5.731058 4
-19.390549 -18.578116 -6.230458 4
-18.492249 -18.117616 -6.065858 4
-17.640749 -18.578916 -5.842558 13
-16.646749 -18.430816 -5.923158 6
-16.356849 -19.063016 -6.645558 10
-15.554449 -19.517516 -6.326458 13
-15.339849 -18.598816 -6.301758 14
-14.888549 -18.580016 -7.119558 3
-15.778149 -18.585916 -7.576658 10
-15.363349 -18.171516 -8.295558 1
-15.886449 -17.429216 -7.847858 5
-16.738149 -17.771216 -8.130458 5
-17.579649 -18.141416 -8.417958 10
-18.567649 -17.881916 -8.446958 3
-19.225849 -17.497616 -7.860258 4
-20.081349 -17.253216 -7.406958 4
-20.722349 -16.560016 -7.587158 9
-21.345849 -15.725116 -7.513758 10
-21.973349 -16.207016 -6.952258 1
-21.643249 -15.615816 -6.357158 10
-21.635549 -16.443716 -5.769258 5
-21.155049 -17.121016 -6.261758 4
-21.931649 -17.205116 -6.809458 15
-22.716249 -17.321516 -6.225358 4
-22.833249 -17.267016 -5.184558 1
-23.332449 -16.408816 -5.294058 10
-23.957549 -16.856116 -4.689458 13
-24.191149 -16.990916 -3.803558 1
-24.900649 -16.349716 -3.944458 15
-24.730949 -15.432116 -3.880058 13
-24.480549 -14.960316 -2.970358 10
-23.694549 -14.416616 -2.715558 4
-23.349749 -13.671516 -3.292158 4
-23.944849 -13.526816 -4.014058 9
-23.471649 -13.681316 -4.806458 13
-24.039049 -14.156216 -5.315658 6
-24.047949 -13.277016 -5.654258 13
-24.005749 -13.103316 -6.654158 9
-23.703149 -12.677216 -7.434958 3
-23.517849 -12.860116 -8.369258 8
-22.842949 -12.155016 -8.122358 4
-22.235149 -12.924516 -8.031958 11
-21.758149 -13.501216 -8.706858 10
-20.820149 -13.475816 -8.595758 4
-19.974049 -13.972016 -8.164058 10
-19.046949 -14.218016 -8.275958 10
-18.536549 -14.455916 -9.101058 4
-18.019849 -15.240216 -9.024858 6
-17.308449 -14.921116 -8.465258 5
-17.634749 -14.042516 -8.136258 7
-17.154349 -13.482916 -8.747958 4
-16.550649 -13.409216 -7.997058 8
-16.689349 -13.822316 -7.152058 13
-17.554649 -13.325916 -7.081158 1
-18.435449 -13.608616 -7.205758 10
-18.218249 -12.644516 -7.283858 1
-18.841349 -12.059516 -7.752458 10
-18.028149 -12.107316 -8.221858 1
-17.640149 -11.248616 -8.447658 12
-17.565049 -10.293816 -8.433458 1
-17.089249 -9.532216 -8.754258 13
-17.374849 -8.636016 -8.795358 10
-17.618449 -8.705616 -9.702858 4
-18.540649 -8.480716 -9.535458 6
-19.267049 -7.850116 -9.552458 1
-19.395449 -6.872116 -9.504258 4
-19.615949 -6.379316 -8.677758 10
-20.264849 -7.124816 -8.740558 6
-20.514949 -8.157316 -8.691358 4
-20.668049 -8.995316 -9.178658 5
-20.045749 -8.974116 -8.444358 13
-19.562849 -9.675516 -8.940858 10
-20.435049 -9.924316 -8.508158 15
-21.306249 -9.965616 -8.038158 15
-20.918449 -10.044516 -7.201158 4
-20.584049 -9.476516 -6.532858 10
-19.712449 -9.920616 -6.184858 3
-20.009249 -9.984216 -5.252158 14
-20.288249 -10.788016 -4.828458 10
-20.204149 -11.619916 -4.315758 4
-21.162949 -11.794416 -4.299058 13
-21.785649 -11.648616 -5.121258 13
-21.190649 -12.081616 -5.720258 5
-20.824849 -12.949216 -5.740458 11
-20.908349 -13.881316 -5.371558 10
-20.827249 -14.066116 -4.412358 4
-20.772649 -14.901116 -3.953258 4
-20.095849 -15.191916 -4.596758 6
-20.907049 -15.522316 -5.105858 10
-21.451649 -15.617516 -4.334558 7
-21.935949 -16.455816 -3.892858 13
-22.694149 -16.798616 -4.199658 9
-22.876749 -17.551916 -3.620658 4
-23.535749 -18.014216 -4.138158 1
-23.103549 -18.880216 -3.966158 10
-22.952449 -19.700516 -4.551858 4
-23.865449 -19.819116 -4.747958 1
-23.679449 -20.153816 -3.858958 3
-24.303449 -19.828416 -3.113458 10
-24.806149 -19.317516 -3.837258 7
-24.715449 -18.549516 -3.280158 9
-25.761349 -18.638716 -3.417358 13
-26.615349 -19.111316 -3.540958 6
-26.971649 -19.532116 -2.722158 4
-26.114349 -19.133916 -2.399958 10
-25.777849 -19.180016 -1.487458 8
-26.079749 -19.915716 -0.956558 5
-26.944549 -19.957416 -0.504358 8
-26.781449 -20.904216 -0.656258 4
-26.668949 -20.765816 0.283242 10
-25.658749 -20.706916 0.154342 13
-26.009949 -19.990416 0.731842 9
-25.993749 -19.312416 0.010042 11
-25.999249 -18.601316 0.687842 13
-25.826149 -17.696716 0.403942 1
-25.313649 -17.077316 -0.062058 3
-25.751849 -16.364116 -0.539558 1
-26.160049 -16.393216 -1.446858 10
-25.398449 -16.351916 -2.040558 10
-24.454849 -16.247616 -1.811358 1
-24.340749 -15.283616 -1.661358 5
-23.745349 -14.562516 -1.465158 5
-22.868749 -14.516516 -1.856858 4
-22.103949 -14.951016 -2.141958 4
-21.950249 -15.756216 -1.639758 1
-22.490449 -16.430816 -2.069358 10
-21.812949 -16.236416 -2.748458 1
-22.024149 -15.321516 -3.073558 4
-23.038249 -15.385516 -3.138658 10
-22.876449 -14.800416 -3.908058 4
-23.156049 -15.587316 -4.317358 7
-22.701649 -15.290316 -5.171058 6
-22.695949 -14.341616 -5.267858 13
-22.035049 -14.508916 -5.987958 10
-22.236049 -13.761816 -6.598258 13
-21.276249 -13.814716 -6.411958 10
-21.825049 -13.469216 -5.720158 13
-21.797849 -13.887816 -4.833458 6
-22.519149 -13.291516 -4.748358 13
-22.618449 -13.745516 -3.945758 4
-23.139449 -12.897516 -3.999558 13
-23.833349 -12.400616 -3.491158 6
-23.430149 -11.886016 -4.151358 13
-22.766549 -11.785416 -3.506858 5
-22.237849 -12.198816 -2.813658 10
-22.585149 -13.163516 -2.646258 4
-22.477849 -12.825416 -1.801858 4
-22.384249 -12.137816 -1.143258 10
-21.821049 -12.888416 -0.907158 15
-21.184349 -13.448316 -1.339258 4
-20.852049 -13.667216 -2.186958 4
-20.505049 -12.954216 -2.750358 4
-20.141649 -12.161316 -3.116458 9
-21.002749 -11.743916 -3.174558 6
-20.823649 -11.823016 -2.246758 4
-21.004349 -10.858416 -2.281058 10
-20.644049 -10.926016 -1.367558 9
-20.115649 -10.168316 -1.530958 4
-20.748349 -9.853116 -2.174858 10
-20.654749 -8.964516 -1.819958 11
-21.184049 -9.420516 -1.065658 10
-21.965949 -9.237816 -1.622458 10
-21.709549 -9.177516 -2.559158 1
-21.485549 -8.485616 -3.142958 1
-21.838449 -7.648116 -2.805758 1
-21.960149 -7.946416 -1.843458 10
-22.382849 -8.211916 -1.058158 12
-22.990749 -8.957716 -0.974258 10
-23.287249 -9.284316 -1.777258 7
-22.697549 -9.990516 -1.538958 10
-22.884149 -9.893016 -2.449958 11
-23.688649 -10.280416 -2.870458 3
-23.774249 -10.578316 -1.918758 10
-24.650249 -10.258516 -1.554458 10
-24.887349 -9.763516 -2.410358 7
-24.537849 -8.915716 -2.687658 4
-24.762949 -8.053516 -2.421558 13
-24.525449 -7.841416 -3.297758 4
-24.624349 -6.910216 -3.317958 10
-24.007749 -6.536916 -3.968858 1
-23.264049 -5.932016 -4.044358 4
-22.897849 -5.598116 -4.878358 3
-22.541449 -5.695216 -5.726558 7
-23.083949 -6.041316 -6.421858 7
-24.069349 -6.170016 -6.339958 4
-24.725849 -5.757816 -5.811358 13
-24.822349 -6.626716 -5.345458 8
-25.012449 -7.410716 -5.945958 5
-25.943249 -7.293916 -5.886258 4
-26.302749 -6.584416 -5.327058 10
-25.653749 -6.429116 -4.635358 10
-25.379049 -5.501516 -4.355158 1
-26.419149 -5.677616 -4.335158 9
-27.000849 -5.606616 -3.519458 1
-26.509449 -6.291616 -2.998658 6
-25.970549 -5.986716 -2.289358 1
-26.828749 -6.108316 -1.704258 13
-27.338649 -6.551816 -2.319558 10
-26.843449 -7.253916 -2.831758 7
-26.208549 -8.028816 -2.960858 4
-25.965149 -8.103916 -3.875158 5
-25.600249 -8.945816 -3.540758 9
-25.029549 -9.057716 -4.261258 12
-24.748649 -9.938716 -4.523058 15
-24.564049 -10.890516 -4.753758 4
-23.970049 -11.606316 -4.989058 13
-24.298149 -12.179716 -5.627158 13
-25.239249 -12.095016 -5.301658 15
-25.146849 -12.250816 -4.250058 3
-24.757049 -12.960316 -3.738658 13
-24.967749 -12.810116 -2.799058 11
-25.444749 -12.984816 -1.936458 4
-24.837249 -12.384316 -1.535958 10
-25.451749 -11.671316 -1.070558 10
-25.883149 -10.910916 -0.855558 11
-25.746549 -11.315716 0.036942 10
-25.633149 -12.252616 -0.064058 5
-24.805549 -12.254416 0.491242 4
-24.657049 -11.290616 0.577742 10
-23.817849 -11.744416 0.364842 10
-23.714449 -12.390816 1.133142 4
-22.912749 -12.108816 0.749742 10
-22.172449 -12.570616 1.222142 3
-21.693149 -13.316716 1.507442 4
-20.831949 -13.048316 1.964242 1
-20.687749 -13.996616 2.048142 10
-20.725149 -14.473916 1.172942 1
-21.205549 -14.099916 0.371542 1
-20.975049 -14.348316 -0.513958 4
-20.541749 -15.086416 -0.896458 4
-20.702149 -16.043316 -0.938758 8
-20.583049 -16.849316 -0.376958 7
-21.308149 -16.463216 0.084042 1
-21.012449 -15.536016 0.135542 5
-21.921449 -15.555416 0.001342 7
-22.536349 -15.093816 0.643942 6
-22.283649 -14.455616 0.003242 10
-22.019449 -14.178016 -0.917358 4
-22.894949 -13.773016 -1.133258 4
-23.039549 -13.270416 -0.284558 5
-23.700549 -12.485216 -0.356258 10
-23.924849 -12.897716 -1.137958 9
-23.544849 -11.947516 -1.244758 10
-23.431249 -12.463316 -2.061858 4
-23.511449 -11.532316 -2.312558 10
-24.215949 -11.280616 -2.787058 6
-25.135249 -11.470416 -2.481758 10
-25.534049 -10.582016 -2.559458 7
-25.942849 -10.009516 -3.215058 13
-26.121549 -10.342716 -4.101658 4
-26.656849 -9.532616 -4.122658 1
-26.009549 -9.250516 -4.730558 9
-25.410649 -9.716816 -5.213658 3
-24.647449 -9.638216 -5.848058 1
-25.154749 -9.818016 -6.614958 1
-24.569149 -9.837816 -7.361458 10
-24.393849 -8.930516 -7.247458 7
-23.792749 -9.183316 -7.972958 10
-23.669049 -10.124416 -8.077258 1
-23.397249 -10.757316 -7.393858 1
-23.220649 -11.435116 -6.682558 4
-23.133549 -12.157016 -6.079658 13
-22.302049 -12.398916 -5.644958 13
-22.231649 -11.994916 -6.517458 11
-21.470449 -11.369516 -6.712058 11
-21.554549 -10.399116 -6.328558 4
-21.210249 -10.181916 -5.459058 10
-21.995749 -9.762816 -5.236958 7
-21.916549 -10.675216 -4.992058 11
-22.256149 -11.170016 -4.214258 13
-22.139249 -10.836116 -3.278858 8
-22.042249 -10.992616 -2.315758 10
-21.773449 -11.420916 -1.512758 10
-21.189649 -12.140916 -1.369958 4
-20.974049 -12.428616 -0.490858 3
-20.354949 -12.656816 0.174742 8
-20.356949 -13.203316 -0.639358 4
-19.548149 -13.766416 -0.370658 4
-19.269849 -14.705416 -0.366658 10
-18.724549 -14.945616 -1.138858 1
-19.191249 -14.429416 -1.850058 4
-18.773249 -15.194316 -2.325458 1
-18.747249 -15.425416 -3.225158 6
-19.519449 -14.695616 -2.940858 4
-19.133749 -14.680916 -3.791258 6
-19.432849 -13.833716 -3.537158 4
-19.122649 -13.652816 -4.403658 5
-18.444149 -13.213916 -3.835958 13
-18.304049 -12.232616 -3.799358 5
-17.968749 -11.328016 -3.581458 10
-18.540249 -11.111516 -2.647758 7
-19.011549 -11.220816 -1.857558 5
-19.768749 -11.804016 -1.537758 4
-19.462649 -11.983816 -0.612058 10
-19.990749 -11.290816 -0.308658 9
-20.659849 -11.464516 0.382042 9
-21.295049 -12.101416 0.561242 13
-21.835949 -11.432816 0.047442 10
-22.008649 -10.800116 -0.638458 10
-21.243749 -10.290716 -0.428458 10
-21.327049 -9.520916 0.179042 10
-21.173949 -9.516116 1.132542 15
-21.159149 -9.934016 1.958142 15
-21.789749 -10.526016 2.359742 13
-21.996449 -10.568816 1.455542 10
-22.433149 -9.731316 1.400942 15
-23.163049 -10.034616 0.870342 10
-23.059449 -11.001216 0.596442 10
-23.390949 -10.736716 1.500242 3
-23.155549 -10.989516 2.439042 10
-23.399049 -10.366616 3.116942 4
-23.537949 -9.434016 3.397942 7
-22.814449 -8.868216 3.058642 7
-23.002749 -9.617316 2.478342 4
-23.757949 -9.020716 2.405842 7
-23.771649 -9.836516 1.726242 12
-24.519149 -10.136716 1.153142 10
-24.798049 -9.227516 1.389842 12
-24.774349 -9.690116 2.280942 1
-24.657149 -9.162416 3.041642 7
-25.324449 -8.813616 2.453942 1
-25.892749 -8.223716 1.885842 1
-25.860349 -8.050516 2.919142 4
-25.301349 -7.289616 3.175042 7
-26.182949 -6.848416 3.501242 14
-26.658549 -7.124416 4.324042 7
-26.545349 -7.947816 3.980442 4
-26.243649 -8.822616 4.140342 13
-27.018949 -9.281416 3.725742 11
-27.906149 -8.913916 3.785842 10
-27.809449 -8.019216 4.219042 4
-28.181849 -7.442916 3.592142 1
-28.901649 -7.954516 3.267642 6
-28.508349 -8.149816 2.342842 7
-29.063949 -7.994616 1.555142 9
-28.970249 -7.071316 1.959442 10
-29.867549 -6.834816 1.902942 13
-30.515449 -6.338316 1.416542 11
-30.874249 -6.989016 2.116542 12
-31.580149 -7.567616 2.347942 7
-31.668549 -7.190816 1.472442 4
-31.710449 -7.195016 0.594442 7
-32.209249 -6.610916 0.048042 12
-32.880849 -7.117516 0.617242 7
-33.666649 -6.641316 0.918442 10
-34.020249 -7.098116 1.703042 4
-33.728649 -6.412416 2.250742 14
-33.961649 -5.657716 2.827042 12
-34.564849 -5.266816 2.149142 12
-35.001749 -5.038416 1.322942 13
-35.517249 -4.241416 1.207442 10
-35.028749 -3.527916 1.577942 4
-35.787349 -3.396416 2.084642 10
-35.974549 -2.464616 1.919242 4
-35.819449 -2.900816 1.066642 10
-35.255049 -2.417916 0.528542 1
-34.659549 -2.963216 0.038742 7
-33.911049 -3.481816 0.340442 10
-34.461249 -4.180416 0.594542 1
-34.967649 -4.619216 -0.078358 3
-34.255149 -4.958716 -0.787858 7
-34.290849 -5.783616 -1.332058 7
-34.514549 -6.221816 -2.153358 1
-34.390549 -7.034916 -2.639358 10
-33.757549 -6.739316 -3.335058 1
-33.602449 -7.078216 -4.239458 1
-34.431949 -7.594916 -3.922658 7
-35.284749 -7.755116 -3.535258 10
-34.987749 -8.722516 -3.478258 14
-35.444049 -8.449316 -2.670758 4
-35.405949 -9.114716 -1.988858 10
-34.868649 -9.864016 -1.575658 12
-34.025749 -10.103216 -1.953758 11
-34.538349 -10.301916 -2.736758 7
-33.790449 -9.860016 -3.006058 1
-32.972049 -9.838016 -2.496458 5
-32.339149 -9.067416 -2.365558 9
-32.600849 -8.086116 -2.272358 15
-32.465749 -7.630516 -1.270658 4
-32.024249 -6.852416 -1.650658 7
-31.411149 -7.580216 -1.355758 1
-31.252149 -8.505516 -1.366758 10
-31.385749 -9.436916 -1.803358 11
-30.755149 -9.448516 -1.024358 14
-30.248249 -8.703316 -1.176958 14
-29.451949 -9.047816 -0.766158 7
-29.395549 -9.818916 -1.366558 7
-28.829749 -10.521116 -0.936358 10
-27.923149 -10.332216 -0.678558 13
-27.949449 -9.346316 -0.611158 15
-27.044749 -8.872516 -0.400458 7
-26.390049 -9.528916 -0.565458 12
-25.500749 -10.006616 -0.503158 9
-24.633949 -10.635016 -0.612258 10
-23.717849 -10.957116 -0.780658 10
-22.938349 -10.552516 -0.396058 10
-23.101449 -9.633416 -0.056758 10
-23.760049 -8.977116 0.150942 7
-23.720449 -8.212916 -0.456958 12
-23.970449 -8.508116 -1.313758 1
-24.625149 -9.213116 -1.271158 10
-24.626549 -9.475916 -0.338158 10
-24.898449 -8.734516 0.199642 4
-24.779449 -7.768316 0.045842 1
-25.136749 -6.988616 0.540142 13
-25.489249 -6.639816 1.400142 1
-25.631549 -6.554616 2.356942 1
-24.681849 -6.758116 2.170542 7
-24.207849 -5.864316 2.448242 7
-23.985049 -4.936316 2.223542 1
-24.617949 -4.812916 2.932542 4
-24.659949 -4.719216 3.893842 1
-24.673649 -4.986316 4.903242 7
-25.281949 -4.236416 4.866742 7
-25.775849 -3.904016 4.067242 4
-26.589349 -3.436216 3.745442 6
-26.822349 -3.467916 2.824942 7
-27.575049 -3.182916 2.216342 11
-27.807849 -2.233116 1.956742 10
-28.657749 -1.878816 2.205042 11
-27.898349 -1.234216 2.550842 10
-27.028349 -1.232816 2.076742 7
-26.599349 -1.123916 2.948442 8
-25.853249 -0.493316 2.822142 1
-25.005449 -0.916116 2.571742 12
-24.560849 -1.851216 2.803242 4
-23.999549 -1.071116 3.023942 12
-23.885949 -0.827216 2.101242 10
-23.091649 -0.888616 1.576942 7
-22.172849 -0.659716 1.291542 7
-21.610649 -0.423016 0.467242 11
-21.004549 -0.661016 1.149342 9
-20.789649 -1.512816 1.650542 10
-20.367749 -1.399816 2.487642 15
-19.491149 -1.880016 2.248242 5
-19.668149 -1.779216 1.267542 7
-19.284749 -2.019516 0.378342 14
-19.250549 -2.617116 -0.338158 10
-19.134149 -1.900616 -0.970258 1
-19.380949 -2.300316 -1.797358 10
-18.812549 -2.182016 -2.553558 13
-18.271449 -1.861116 -3.247858 1
-19.250849 -2.085816 -3.515858 13
-19.649949 -2.501016 -4.282958 10
-19.131249 -1.789816 -4.711158 1
-20.131649 -1.654916 -4.753058 7
-20.904349 -1.179516 -5.054358 16
-21.257749 -0.761616 -5.835458 1
-20.607549 -0.061116 -5.989958 6
-20.981249 0.455184 -6.739958 1
-20.560049 0.474384 -7.626658 7
-21.458349 0.857084 -7.738958 4
-21.125049 0.367584 -8.550758 7
-22.050449 0.463584 -8.707158 10
-22.949949 0.857084 -8.910058 1
-23.855949 0.685584 -8.670158 1
-23.664649 0.138984 -9.453958 10
-23.435049 -0.721316 -9.258258 4
-24.032349 -1.320116 -8.751458 7
-24.042249 -0.428516 -8.307558 14
-23.664549 -0.943116 -7.564158 10
-23.960249 -0.863316 -6.685258 10
-23.517349 -1.498516 -6.068458 7
-23.309749 -2.425216 -5.750858 11
-22.623949 -2.332416 -5.073158 4
-22.680149 -3.317016 -5.128658 10
-21.929349 -3.181216 -4.528658 10
-21.165549 -2.823116 -4.146358 11
-20.928749 -3.709016 -4.393658 14
-20.957749 -3.957116 -3.445658 11
-21.006449 -4.832716 -3.701458 7
-20.735049 -5.319016 -2.843858 1
-21.511049 -5.759816 -3.296458 10
-21.215849 -6.177116 -2.467558 13
-21.923849 -6.283216 -1.829058 1
-22.139349 -7.089416 -1.399558 1
-22.268249 -7.006816 -0.474158 12
-22.527749 -6.237816 -0.080758 12
-22.459649 -5.314816 0.033742 10
-22.162149 -5.799416 0.790542 12
-22.313949 -5.360916 1.586242 4
-23.014749 -6.030516 1.524642 7
-23.736249 -5.511516 1.290042 10
-23.825049 -6.495016 1.036742 9
-23.024749 -6.976416 0.647142 12
-22.807149 -7.279616 1.517642 7
-23.639949 -7.705516 1.535142 7
-23.705649 -7.751816 0.530742 12
-24.484549 -7.976516 1.055242 4
-24.582749 -8.091416 2.000742 15
-24.157149 -7.572316 2.681142 7
-23.519049 -7.339016 3.363842 7
-23.389349 -7.752716 4.177542 7
-22.749749 -7.982616 3.509442 7
-22.036249 -7.889416 2.895042 7
-21.172849 -8.459016 2.771342 15
-20.503449 -7.826816 2.538742 10
-19.746349 -8.474716 2.430042 15
-19.153649 -7.906816 1.944742 1
-18.316849 -8.000216 2.498742 7
-18.078949 -7.816416 3.484742 1
-19.019449 -8.079816 3.283442 15
-19.159849 -7.168316 3.078242 1
-18.981049 -6.648916 3.869542 12
-18.097349 -6.365716 4.183242 7
-18.017349 -5.745016 3.486242 1
-18.226249 -4.984216 4.077642 1
-17.836249 -5.099016 4.958542 7
-18.447749 -5.406016 5.655942 12
-19.059949 -4.745416 5.335042 7
-19.682949 -5.461916 5.464442 12
-20.083949 -4.856916 4.922342 3
-19.487749 -4.340816 4.386842 16
-18.670049 -3.849816 4.550742 10
-17.782749 -4.024716 4.170142 10
-17.390949 -4.236016 3.321942 1
-18.307649 -4.311116 3.214642 11
-18.620549 -4.380516 2.290142 1
-19.314249 -3.726416 2.432742 1
-18.555349 -3.283316 1.929042 4
-18.242949 -3.927816 1.327742 12
-17.366149 -3.473716 1.291742 15
-16.518049 -3.416416 1.752442 10
-16.423549 -3.406716 0.719142 7
-16.044349 -3.240816 -0.144258 15
-15.540849 -3.326916 -0.998658 7
-16.375449 -2.932316 -1.275658 7
-17.131649 -2.299616 -0.881758 12
-17.289649 -1.865016 -1.731858 1
-17.245449 -0.977816 -2.182258 7
-16.688349 -1.475016 -2.765358 16
-16.962249 -0.943816 -3.528958 9
-16.824749 -1.874816 -3.848058 5
-16.316849 -2.672216 -4.009458 7
-15.462049 -3.251616 -4.255958 10
-15.243949 -4.068216 -3.527858 1
-15.475349 -4.997416 -3.667458 1
-15.987949 -5.099416 -2.910758 15
-16.786649 -5.104416 -2.355358 1
-17.703849 -4.840116 -2.373458 1
-18.657449 -4.642816 -2.486758 1
-18.747649 -5.085916 -1.613558 1
-18.507249 -5.751816 -2.230258 7
-19.460849 -5.644616 -2.288458 4
-19.764149 -6.555416 -1.892558 1
-20.672449 -6.706016 -1.537558 1
-20.491849 -7.638316 -1.196758 7
-20.604249 -8.311316 -0.520958 1
-19.921349 -8.904016 -0.146858 11
-20.249649 -8.721516 0.771142 7
-21.184749 -8.536516 0.883842 15
-21.965849 -7.980316 0.842442 12
-22.239649 -8.077316 1.764942 7
-22.946849 -8.833016 1.853542 7
-22.844749 -8.539216 0.920642 12
-22.366849 -9.220816 0.415642 10
-21.763249 -8.656316 -0.153158 10
-21.466449 -7.752516 0.008742 12
-20.952049 -7.531616 0.802942 11
-20.341449 -7.845016 1.503042 15
-21.215649 -7.919816 1.806842 15
-21.665349 -7.079616 1.609142 12
-21.984849 -6.542516 2.347242 10
-22.629049 -6.992416 2.874242 7
-23.360849 -6.295516 3.203642 7
-23.684149 -5.330616 3.186142 9
-24.301049 -5.691616 3.864342 7
-25.169449 -6.005216 3.896942 16
-24.931149 -6.896316 4.192242 7
-24.366149 -7.584916 3.811342 7
-25.008049 -8.413016 3.769642 13
-24.217749 -8.462816 4.304742 7
-24.549849 -9.384616 4.082342 13
-25.396249 -9.891416 4.319142 13
-25.442249 -10.351016 3.480842 7
-25.017449 -11.230916 3.718842 9
-25.671349 -11.837116 4.064242 16
-26.534849 -12.014116 4.541542 16
-27.098149 -11.228516 4.590142 11
-27.617749 -11.951616 4.295142 10
-27.229049 -12.730116 4.721942 16
-26.814849 -12.545216 5.663142 12
-27.135349 -12.229616 6.508642 7
-26.817449 -12.474616 7.373742 1
-27.100249 -11.926916 8.088742 14
-27.135849 -11.299816 8.818642 6
-26.898749 -11.868416 9.560042 12
-26.964049 -12.776816 9.792742 7
-26.926149 -13.490016 9.111842 1
-26.703049 -14.283216 8.572842 15
-26.188949 -13.933916 7.818642 16
-25.399249 -14.520716 7.672242 4
-25.767349 -15.399016 7.873042 7
-25.090349 -15.436716 8.527942 5
-24.945949 -14.714216 9.094642 11
-24.554349 -13.762016 9.155842 7
-24.187749 -12.910216 9.199742 1
-23.857649 -12.123516 8.633542 7
-23.974749 -11.234516 8.356742 15
-23.033549 -11.180816 8.164942 1
-22.371049 -10.645116 8.670542 12
-21.754249 -10.019316 8.361442 4
-21.750849 -9.480616 7.557942 11
-22.456049 -9.646516 6.905042 7
-22.971749 -9.058416 6.286142 4
-22.349249 -8.433716 6.638142 11
-22.480149 -7.416316 6.552142 7
-23.240749 -7.058516 7.062642 12
-23.619149 -6.452216 6.415642 7
-24.474849 -6.616116 6.882442 16
-24.461049 -6.779616 5.917742 1
-23.658249 -6.578716 5.392542 7
-24.503649 -6.395316 4.973242 7
-25.266549 -5.937516 5.372042 10
-25.957049 -6.292616 5.930842 10
-26.086549 -7.146616 6.386442 15
-26.921249 -6.792416 6.759642 16
-26.885849 -6.961316 5.772942 15
-27.404149 -6.715116 5.054142 9
-28.188349 -6.974516 5.407542 14
-27.753049 -7.783916 5.722642 10
-27.883449 -7.592516 6.654742 1
-28.066849 -7.874316 7.620242 16
-27.211449 -8.466816 7.657742 12
-26.335949 -8.715516 7.399842 1
-25.444449 -8.433716 7.650542 12
-24.936649 -9.128816 7.195342 1
-24.946649 -8.596716 6.437542 1
-24.591649 -7.838816 5.881842 7
-24.314149 -8.603016 5.361242 13
-23.344749 -8.329316 5.075142 7
-22.613949 -8.925916 5.250442 7
-23.520349 -9.375016 5.437042 10
-23.989849 -10.144716 5.833442 16
-23.346349 -10.867416 5.652542 1
-22.963949 -10.254516 4.991242 13
-22.845549 -9.878616 4.141642 7
-22.393449 -9.761816 3.293942 12
-21.636549 -9.323016 3.018142 15
-21.888849 -8.993716 3.870642 7
-20.918949 -9.325516 3.808642 15
-21.043149 -10.089316 4.344442 16
-21.605649 -9.731816 5.095942 6
-21.670649 -8.790416 5.025042 7
-20.867149 -8.721316 5.474742 15
-21.217449 -8.028216 6.113942 11
-21.398749 -7.832416 5.115742 7
-20.962049 -8.163116 4.312742 15
-21.654249 -7.562416 3.868642 7
-20.975949 -6.881716 3.557842 9
-21.255249 -6.710316 4.430142 4
-22.055949 -7.015516 4.907842 7
-23.079149 -7.228116 4.939542 7
-23.369649 -7.510416 5.826242 7
-23.343849 -8.132516 6.634442 13
-23.136849 -8.373516 7.514242 16
-22.868649 -8.494216 8.409342 9
-21.858549 -8.377216 8.188342 11
-21.527249 -8.677716 9.141742 7
-20.611049 -8.404116 9.110642 10
-19.830249 -8.645016 8.478842 11
-19.036249 -8.427616 8.964942 1
-18.749449 -7.858616 8.220442 11
-18.865849 -7.082916 7.619142 16
-18.848349 -6.621416 6.827342 12
-17.971049 -6.515016 7.215942 12
-17.186149 -6.792516 7.788442 1
-16.579149 -6.082116 7.369942 7
-16.614149 -6.896916 6.797642 10
-15.672449 -6.826116 6.594042 7
-15.519549 -7.518616 5.912042 1
-16.248549 -8.157116 5.829742 12
-16.181149 -8.984816 5.344842 7
-17.019149 -9.257716 5.756542 16
-16.374849 -9.563216 6.448042 16
-15.705449 -10.259416 6.644942 4
-14.989349 -10.813216 7.105742 12
-14.100149 -10.407116 7.019142 14
-13.769349 -9.530316 7.264542 16
-13.643849 -8.600316 7.021342 10
-12.823349 -8.928116 7.267942 5
-12.807749 -8.638916 8.173342 7
-13.501249 -7.963816 8.060042 16
-13.002449 -7.468816 7.386142 15
-12.355049 -6.819316 7.809942 7
-12.192349 -7.128916 8.702042 12
-12.946149 -6.600616 8.674542 1
-13.774449 -6.100516 8.701442 1
-13.140749 -5.746216 8.019542 10
-12.612949 -4.922516 8.048242 1
-12.735449 -4.233916 7.432942 1
-13.289149 -4.026316 6.651542 15
-13.773249 -4.727816 7.008642 7
-14.215949 -5.445416 6.539442 1
-14.947449 -4.798616 6.615642 7
-14.636449 -3.828716 6.401242 1
-15.104049 -3.963616 7.273042 1
-15.840149 -3.757016 6.631342 16
-16.322349 -4.337016 7.243442 5
-16.663949 -5.059616 7.777242 7
-17.521449 -5.246916 7.431842 12
-18.025849 -4.518716 7.027642 16
-18.890549 -4.535216 6.498242 12
-18.163949 -4.099616 6.071842 8
-18.457449 -3.210116 5.869642 13
-19.265849 -3.563316 5.479242 13
-20.090049 -2.986016 5.628942 7
-20.845249 -3.338716 6.083142 15
-20.912349 -4.287516 6.316742 13
-20.269949 -5.000216 6.305942 12
-21.113449 -5.392116 6.036942 15
-22.020949 -5.566316 5.694442 7
-23.045149 -5.586716 5.692042 7
-22.697349 -5.797016 6.598342 7
-22.053949 -6.483816 6.893442 1
-21.592849 -7.323916 6.955142 11
-21.481949 -7.024416 7.874642 9
-20.890349 -7.803216 8.012442 11
-21.451849 -7.521516 8.800742 7
-20.573649 -7.082716 8.749642 1
-20.394749 -6.765716 7.776542 11
-19.930449 -6.501116 6.904042 12
-20.324549 -6.017116 6.166842 12
-20.973549 -6.707716 6.432142 11
-21.694549 -7.073516 5.855042 7
-21.415649 -6.350816 5.324842 1
-20.867749 -5.662616 4.976442 16
-21.475649 -5.112716 4.520442 7
-22.025649 -5.843016 4.461142 16
-22.827449 -6.151016 4.819842 7
-23.011849 -5.742816 4.000142 7
-22.296449 -5.467316 3.426642 4
-21.896549 -4.584316 3.069842 9
-21.344249 -3.841816 2.870342 16
-21.313749 -3.406316 3.756042 7
-20.935549 -3.944516 4.518542 16
-21.861549 -3.996016 4.839242 14
-21.903649 -4.479016 5.637442 7
-22.714649 -3.973516 5.379842 7
-22.553849 -3.075416 5.098842 15
-22.681949 -2.752316 4.185042 16
-22.633749 -3.489916 3.565742 10
-23.336049 -3.582716 4.107042 5
-23.542349 -4.349116 4.658642 7
-23.462249 -4.719116 5.540542 7
-23.531849 -4.021216 6.234742 7
-22.864649 -3.415216 6.507442 15
-22.282349 -2.758416 6.147342 15
-22.031249 -1.955016 6.628542 15
-21.283649 -1.519216 7.191742 12
-21.368649 -0.894316 6.459342 1
-21.804649 -0.614916 7.350542 1
-22.483749 -1.071416 6.837942 12
-22.839949 -0.190816 6.774042 10
-23.098549 0.684084 6.305342 1
-23.981549 1.037184 6.197742 11
-24.728449 0.394084 6.310842 7
-25.532449 0.041584 6.144042 1
-25.835049 0.107784 7.002642 13
-26.034149 1.101584 6.990842 12
-26.020449 1.331084 7.927842 1
-26.861349 1.002384 8.293442 7
-27.377349 1.362984 9.045942 16
-27.401249 0.430384 9.189042 7
-27.565449 -0.377316 9.721242 16
-26.983849 -0.596416 8.996942 7
-26.369149 -1.253016 8.629142 6
-26.453949 -1.525516 7.691142 12
-26.184049 -1.797116 6.830742 12
-25.987949 -2.560816 7.458142 16
-25.399349 -1.824816 7.670242 13
-24.629949 -1.708716 8.236242 11
-23.838549 -1.188616 8.162342 7
-23.448349 -2.014516 7.675242 15
-24.184649 -2.447616 7.187342 8
-23.530549 -3.173816 7.301542 15
-24.044349 -3.751616 7.837842 9
-24.257649 -4.171516 6.993442 7
-23.256549 -4.212416 7.166642 7
-22.442749 -3.757216 7.518942 15
-22.831249 -3.989516 8.361742 11
-22.072349 -4.247316 8.936342 12
-21.734149 -3.615016 9.532342 11
-22.557949 -3.954316 9.939142 16
-22.387749 -3.255316 10.554942 4
-23.276449 -2.921316 10.428742 7
-24.102649 -3.052316 10.840242 11
-23.715449 -2.669516 11.643042 15
-24.512249 -3.244816 11.743442 1
-23.880049 -3.745316 12.381942 7
-23.333049 -4.352616 12.856942 11
-22.438949 -4.407216 12.571042 16
-21.987049 -3.725416 12.007542 7
-21.254249 -4.380316 12.093542 1
-21.189649 -5.331316 12.119042 7
-22.144449 -5.476216 12.268242 7
-22.753849 -5.794416 11.565542 1
-22.203649 -6.266816 10.845942 1
-21.278849 -6.647616 10.968642 1
-20.426649 -6.032816 10.898742 1
-20.183649 -6.886916 11.210742 7
-19.671949 -6.905016 10.421742 1
-18.682249 -6.880316 10.188942 1
-18.440149 -7.131216 9.299942 15
-19.315449 -7.455716 9.023542 11
-19.396349 -6.538216 9.080742 7
-19.778049 -6.121416 8.303742 12
-19.114749 -5.381816 8.386942 16
-19.046849 -5.983216 7.550942 12
-19.092549 -4.989816 7.458942 12
-18.845249 -4.258616 8.076842 7
-18.121449 -3.776316 8.373442 16
-17.717849 -3.719116 9.198442 5
-17.974249 -3.396416 10.024642 15
-18.292849 -4.307216 10.268642 16
-18.490149 -4.182916 11.255042 14
-17.869149 -3.574016 11.733142 7
-18.385549 -4.059316 12.308142 7
-18.011449 -4.633516 12.975342 15
-17.683549 -3.937816 13.713742 12
-18.214149 -3.248216 14.147942 16
-18.832249 -3.889516 13.675142 13
-19.213149 -3.029116 13.819242 16
-19.898649 -2.482416 13.335042 1
-20.555149 -2.344816 12.656542 11
-20.742949 -2.352816 11.739242 1
-20.370649 -2.997316 11.144742 7
-20.948549 -3.115016 10.458142 7
-21.565449 -2.695116 11.107842 11
-22.003149 -1.933516 11.498742 12
-22.801349 -1.954016 10.916442 1
-23.045649 -1.203116 10.247442 12
-22.875049 -0.565516 9.540242 1
-22.184749 -0.740716 8.780142 16
-22.672049 -1.210216 7.918242 12
-22.034049 -1.963216 7.997642 1
-21.700049 -2.738616 8.477742 7
-21.422649 -3.073116 7.573042 15
-21.256849 -3.840516 8.087042 5
-20.659049 -4.581116 8.106642 8
-20.700449 -5.518716 8.285042 12
-21.213049 -5.750916 7.421342 12
-21.943949 -5.181416 7.235042 7
-22.860549 -5.207216 7.420642 7
-22.706549 -5.858416 8.220542 8
-23.375749 -5.148216 8.469042 9
-24.271349 -5.097416 8.883142 13
-24.399049 -4.627316 9.678542 7
-25.188849 -4.658316 9.048042 11
-25.468649 -3.944016 8.460142 1
-25.942849 -3.956616 7.595042 11
-26.524549 -4.667916 7.669242 7
-25.766149 -5.254916 7.623942 15
-25.167949 -6.099016 7.496942 11
-24.630149 -5.615816 6.852642 7
-24.771949 -4.871216 6.216542 7
-25.532249 -4.235016 5.981142 1
-24.894149 -3.529616 6.211842 7
-24.638749 -3.002016 5.448442 7
-24.044949 -2.481716 5.944242 15
-23.612449 -3.270916 5.434642 7
-23.196649 -2.291916 5.172342 11
-22.716649 -1.639416 5.781142 15
-22.837049 -1.143816 4.970142 1
-22.105949 -0.568016 5.077542 1
-21.207949 -0.728916 5.069642 1
-20.684249 0.013284 4.693942 1
-20.114649 -0.677516 5.031342 16
-19.509949 -0.053116 5.558842 1
-18.907949 0.462184 5.052242 7
-17.964049 0.392584 4.831542 16
-17.076949 0.155784 4.470842 10
-16.665649 0.979284 4.761542 12
-15.825849 1.422584 4.941742 16
-15.001449 0.844184 5.123242 16
-15.079849 1.046584 6.060042 14
-15.812349 0.369084 6.101142 1
-15.333649 0.082584 6.869542 16
-15.351549 -0.740516 6.364342 1
-15.335749 -1.223316 5.491742 15
-14.895349 -2.061316 5.416742 16
-15.748149 -2.605416 5.269942 15
-15.687249 -3.519416 4.955142 1
-15.852249 -4.417616 4.608842 1
-15.425649 -5.087816 5.017342 16
-15.915949 -5.364116 5.894742 12
-15.971849 -6.274116 5.753842 15
-16.331349 -5.913116 4.947742 5
-16.880849 -5.748316 5.711042 16
-17.468749 -6.515316 5.737942 15
-18.409649 -6.308416 5.879842 12
-18.448849 -7.064616 5.291542 12
-17.631049 -7.561916 5.118742 1
-17.964849 -8.227316 5.688042 16
-17.457549 -8.641116 5.002842 8
-18.093349 -9.323716 4.681642 16
-17.584349 -9.224716 3.850142 8
-16.674749 -9.119816 4.108142 7
-16.806449 -10.045116 4.543342 13
-17.488549 -10.018216 5.217442 16
-18.202749 -10.427116 5.650042 16
-18.611949 -10.140216 6.418842 16
-18.769449 -9.807516 7.309542 11
-19.624849 -10.302916 7.269442 11
-19.273549 -11.207116 7.121742 16
-18.450349 -11.629916 6.961642 11
-18.033949 -10.983216 6.398542 16
-17.085449 -11.142216 6.411842 16
-16.107449 -11.187516 6.329542 1
-16.617549 -10.513716 5.769442 16
-15.967849 -10.855616 5.156142 11
-15.631349 -10.211316 4.514842 1
-14.773249 -10.646616 4.654242 1
-14.586849 -11.137216 3.896742 7
-14.509549 -10.666916 3.057842 11
-13.790249 -11.339716 3.165742 1
-14.447949 -12.026216 3.455242 16
-14.134949 -12.531816 2.722342 1
-15.103449 -12.509416 2.555342 1
-15.159949 -13.345616 2.950342 16
-14.824049 -13.943716 3.705342 1
-14.861449 -14.409916 4.593642 11
-15.154149 -13.875416 5.331942 1
-15.448549 -13.066716 4.913842 16
-15.325349 -12.567716 5.812042 15
-16.229549 -12.197416 5.997842 12
-16.774549 -12.135016 5.175942 16
-17.729249 -12.380816 4.996642 12
-18.666049 -12.176616 4.613542 16
-18.695749 -12.971916 3.996842 5
-18.681249 -13.565616 3.292742 12
-19.395849 -13.062616 2.879142 5
-19.108849 -12.174016 3.255542 16
-18.843749 -12.096716 2.343142 7
-18.538149 -11.334116 2.853042 16
-18.975949 -10.649916 2.320142 1
-18.865049 -9.721216 2.094842 11
-19.787149 -9.645616 2.080542 15
-19.620249 -10.154716 2.924842 15
-18.792749 -10.232016 3.438642 16
-17.962949 -10.597916 3.426042 16
-17.363749 -11.240216 3.061342 1
-16.931649 -10.970416 3.899042 15
-17.762949 -10.987716 4.431342 16
-18.496749 -11.310416 5.096442 16
-18.323449 -11.876416 5.800642 16
-17.631949 -12.169416 6.427342 15
-17.013449 -12.791716 6.765242 1
-16.705349 -12.058016 7.274642 13
-16.665749 -11.358516 8.020842 7
-16.638249 -10.445916 7.967842 1
-17.656149 -10.452916 7.831342 1
-17.370449 -9.573216 7.546842 16
-18.042349 -8.885116 7.805342 11
-17.174449 -8.570216 7.755442 16
-17.450149 -8.006016 7.002442 12
-17.514549 -8.835116 6.599942 16
-18.511749 -8.775516 6.669642 11
-19.117049 -8.645416 5.980542 16
-19.032649 -7.672516 6.059542 12
-19.559049 -8.088216 6.834042 11
-20.155149 -8.544816 7.495242 11
-19.914649 -9.419116 7.896842 11
-19.707849 -10.154616 8.534742 12
-19.555049 -11.081916 8.512242 16
-19.670449 -11.026116 9.432742 1
-18.982949 -10.845316 10.159942 1
-19.666049 -11.369616 10.626142 16
-20.180849 -10.530016 10.382442 1
-19.895449 -10.467816 11.287642 16
-20.159549 -9.685316 11.829742 15
-21.019249 -10.107216 11.975242 5
-21.529449 -9.268516 11.770642 1
-21.334949 -9.390616 12.724642 12
-21.448949 -9.287616 13.711342 15
-21.174549 -10.219216 13.713942 8
-21.410749 -10.848916 12.876842 16
-22.052649 -11.592516 12.665242 8
-22.645349 -11.862716 13.323942 8
-23.505049 -12.237016 13.075042 7
-24.218149 -12.212216 13.898842 1
-24.652449 -13.067516 13.824942 5
-24.481549 -13.863116 13.344542 15
-23.793649 -13.283016 12.979242 1
-23.206049 -13.303116 12.215342 16
-22.244449 -13.047516 12.348742 1
-22.254549 -12.900516 13.303442 14
-21.764549 -12.929816 14.240942 16
-21.936549 -13.822216 13.880142 13
-21.880649 -14.207616 12.929142 16
-21.022549 -14.485316 12.672242 1
-21.392849 -15.014916 11.943342 9
-20.782549 -14.434816 11.603842 7
-20.354549 -14.984716 10.882742 1
-20.007249 -15.134316 10.011142 12
-19.661149 -15.490116 9.239442 1
-19.152549 -15.715616 8.402142 12
-19.083649 -14.698916 8.417142 1
-18.555349 -14.826616 7.637742 7
-18.215849 -14.345416 6.935642 7
-18.779249 -13.587116 6.590942 5
-19.167849 -12.998116 5.910042 16
-19.430449 -13.003516 4.940942 16
-19.841349 -12.759016 4.160642 8
-19.608549 -11.782216 4.447442 16
-19.411949 -10.935016 4.874342 16
-19.607949 -10.478716 4.090942 16
-20.011349 -9.662916 3.761542 15
-20.595949 -10.292916 3.291642 1
-20.511149 -11.160916 2.932642 5
-19.883249 -11.516816 3.569842 16
-20.339049 -12.338116 3.325942 11
-20.917149 -11.907516 3.913542 16
-21.378949 -12.292616 4.678842 1
-21.764449 -11.495916 4.805342 15
-21.178849 -10.854016 5.275542 16
-21.295849 -10.194116 5.947142 1
-20.563449 -9.586016 6.092242 11
-19.933749 -10.268816 6.110142 16
-19.106549 -10.057216 5.495342 16
-19.303349 -9.388616 4.816942 16
-19.157549 -8.722716 4.178442 15
-19.785249 -7.928516 4.382542 15
-19.357649 -7.176216 4.848342 12
-20.027949 -6.563716 4.867042 12
-20.406749 -7.161216 5.457542 1
-20.078649 -7.965816 5.952142 1
-20.517449 -8.617816 6.470242 11
-20.632249 -9.370016 7.119142 11
-21.023649 -10.235016 6.981942 1
-20.658749 -11.133316 6.980342 1
-20.089449 -11.624916 6.305142 16
-20.180649 -11.096016 5.518742 16
-20.405349 -11.950316 5.095842 16
-21.017549 -12.019516 5.812942 7
-20.494249 -12.821216 5.873642 5
-20.643449 -12.919516 6.803942 7
-20.592049 -12.268516 7.583342 16
-21.187849 -12.785916 8.083642 1
-20.596749 -13.441816 7.674242 16
-20.267449 -14.178516 7.138442 1
-20.594949 -14.914516 6.555542 12
-20.227949 -14.831616 5.666942 1
