-25.065823 -28.962793 -27.465917 1
-25.975123 -29.103463 -27.565117 1
-25.573123 -29.959393 -27.692517 12
-25.437323 -30.365973 -28.604217 4
-24.606623 -29.926753 -28.549617 1
-24.489723 -30.005413 -27.540417 2
-23.896323 -29.849953 -26.733217 1
-23.971823 -29.839783 -25.737917 14
-24.884423 -30.252653 -25.558817 1
-25.696223 -29.919653 -25.363017 1
-25.781523 -30.034553 -26.311617 2
-25.176223 -29.371373 -26.298717 1
-25.248223 -28.378423 -26.165617 3
-25.540523 -27.468923 -26.110217 16
-25.700123 -26.900223 -25.403617 1
-24.860323 -26.358923 -25.642317 8
-23.798923 -26.752723 -25.934917 9
-23.475923 -27.205923 -25.032117 15
-23.656023 -27.745423 -24.250417 13
-23.252323 -27.245123 -23.531937 8
-22.483223 -26.757423 -23.161767 14
-21.859123 -26.822123 -22.382207 2
-21.469823 -26.371123 -23.117177 9
-21.281523 -25.904123 -23.948687 11
-21.372923 -26.442023 -24.772117 15
-20.701723 -27.025323 -24.393317 2
-20.342123 -27.454423 -25.242217 2
-20.245423 -26.526323 -25.530917 1
-20.749623 -26.239923 -26.371217 1
-21.010423 -25.566123 -26.983917 5
-21.659123 -25.652223 -27.772117 6
-21.573523 -26.418823 -28.354417 14
-21.048523 -26.926223 -27.720117 8
-21.308923 -27.415323 -28.488417 6
-20.741123 -27.941423 -29.108517 2
-20.050523 -28.415223 -29.585217 14
-19.570323 -27.670723 -29.425017 2
-19.030623 -28.371223 -29.769317 14
-19.357723 -27.833723 -30.483717 14
-19.906023 -27.127623 -30.935217 6
-18.936223 -26.860623 -30.885117 14
-18.161923 -26.407723 -30.585317 12
-17.351723 -26.832723 -30.891517 2
-16.770623 -27.349223 -30.362117 1
-15.968723 -27.059523 -29.870617 2
-16.136023 -27.144923 -28.872217 2
-16.347723 -26.311023 -28.426917 5
-15.666323 -25.864123 -27.798617 1
-14.995223 -26.525023 -27.998417 1
-15.385123 -27.377923 -28.322717 2
-14.956123 -28.252523 -28.214117 2
-15.412523 -27.863623 -27.488217 2
-15.509023 -27.061623 -27.078917 5
-16.479323 -26.818823 -27.179217 7
-16.407223 -27.646623 -26.598717 11
-16.510923 -28.195423 -27.354117 2
-16.713223 -27.438923 -27.950217 3
-17.251323 -28.072723 -28.440617 2
-17.925223 -27.511223 -27.906517 5
-17.634023 -26.616223 -27.847217 2
-18.426823 -26.623123 -28.381417 14
-18.859523 -25.973023 -28.939917 1
-18.092923 -25.421623 -29.393917 1
-18.422723 -24.662423 -29.903417 9
-18.914923 -24.661123 -30.783217 1
-18.716423 -25.356723 -31.453217 9
-19.499923 -25.576423 -32.044217 1
-19.658323 -26.462123 -31.773117 8
-19.463523 -27.402023 -32.006017 2
-19.205623 -28.239723 -31.477517 14
-18.618523 -28.515123 -30.759417 14
-18.926123 -29.328173 -31.237317 14
-19.676823 -29.695543 -31.802617 2
-19.970523 -29.445953 -32.697417 8
-20.459923 -29.976483 -33.360317 15
-20.836723 -30.750843 -32.911317 1
-21.692123 -30.376683 -33.008417 10
-22.246423 -30.577993 -33.765417 2
-21.844723 -29.997703 -34.454617 2
-22.649123 -30.377293 -34.843217 1
-23.371423 -30.730873 -35.378217 14
-23.880723 -30.701573 -36.214417 2
-24.374723 -31.521663 -36.114717 12
-23.763823 -31.912493 -35.516817 8
-23.926023 -31.478413 -34.683617 2
-24.782923 -31.903233 -34.395617 14
-24.209023 -32.517273 -33.867917 6
-23.525923 -32.754723 -33.243317 15
-23.033123 -32.733703 -32.365517 11
-22.384823 -33.155563 -31.871817 8
-21.971823 -33.134373 -32.800917 1
-22.335223 -32.248123 -33.066617 2
-21.419023 -32.258863 -33.300617 2
-21.329223 -32.085253 -32.344317 1
-21.737223 -32.005403 -31.428317 1
-21.215423 -31.289993 -31.646117 7
-21.575623 -30.344053 -31.553417 1
-21.270123 -29.519303 -31.148717 1
-21.190623 -28.809223 -30.525717 2
-20.532723 -29.369493 -30.037117 14
-20.989523 -29.685753 -29.307517 1
-21.818423 -30.260093 -29.408617 3
-21.761623 -30.777523 -28.563617 1
-21.027723 -30.966363 -28.039117 1
-20.198223 -30.539103 -27.764417 1
-20.107023 -29.966913 -28.655417 14
-20.253823 -29.002253 -28.566717 5
-19.587223 -28.705323 -27.919817 11
-19.298523 -28.546223 -28.800817 14
-19.009723 -27.706223 -28.395617 2
-18.251123 -27.719623 -29.060217 14
-17.390523 -27.424223 -29.324417 14
-16.595623 -27.923523 -29.438317 2
-17.127223 -28.726123 -29.227717 14
-16.219523 -28.774323 -29.513017 2
-16.094223 -29.093683 -30.385017 2
-16.961223 -28.783523 -30.568417 5
-17.592823 -28.195723 -30.992117 14
-18.283223 -27.677323 -31.383417 14
-17.853123 -27.531223 -32.239517 5
-18.437723 -27.253023 -33.002517 8
-17.705923 -27.547623 -33.645317 1
-17.071023 -26.780723 -33.315117 2
-17.176023 -26.693223 -32.366717 6
-16.305623 -26.535323 -32.757617 15
-15.561023 -27.025523 -32.378017 2
-14.975123 -26.476023 -31.911417 9
-14.050723 -26.283323 -31.578517 8
-14.169123 -25.365323 -31.760417 1
-13.961023 -25.197423 -30.851117 2
-13.796423 -26.096723 -30.504217 8
-14.249923 -26.301423 -29.632517 2
-15.001523 -25.655523 -29.527317 2
-15.146423 -24.712723 -29.638817 15
-15.469623 -24.656623 -30.611317 15
-15.318723 -25.576623 -30.931017 14
-15.170123 -26.399223 -30.470317 9
-14.892723 -27.260323 -30.079617 2
-14.046623 -27.477123 -29.791617 8
-14.365123 -27.603223 -28.867517 2
-14.066523 -26.720723 -28.768317 2
-13.191923 -26.573923 -29.313517 3
-12.991123 -26.932923 -30.188617 8
-12.792923 -26.004323 -30.085617 8
-12.906723 -25.104823 -29.796717 1
-13.317023 -24.326023 -29.403317 12
-12.797123 -24.766023 -28.842617 2
-13.171823 -25.634323 -28.483517 6
-13.850123 -25.214123 -27.906817 14
-13.867423 -26.045823 -27.503817 12
-13.963423 -26.799323 -26.930917 2
-13.912023 -26.649123 -25.960117 11
-14.445423 -27.494623 -25.908117 6
-14.644123 -27.671923 -26.794417 2
-15.324823 -28.062323 -26.175717 1
-15.596523 -28.972323 -26.531717 2
-15.874723 -29.665693 -25.958917 1
-16.604723 -29.722883 -26.571617 5
-16.289723 -29.834933 -27.442617 2
-16.812023 -30.590563 -27.098517 2
-17.299323 -31.316693 -26.675617 1
-17.678423 -31.679173 -27.489917 5
-18.618323 -31.640783 -27.301817 5
-19.364523 -31.090733 -27.742117 1
-18.799423 -30.446583 -28.225917 1
-18.876423 -29.565373 -28.545917 14
-17.920623 -29.585773 -28.360117 2
-17.084323 -29.163183 -27.948317 15
-16.336023 -29.401403 -28.544117 2
-16.978323 -29.678513 -29.235217 2
-17.563923 -29.448123 -29.979217 14
-16.768723 -29.985203 -30.188017 2
-16.552823 -30.609623 -30.860417 3
-17.401823 -30.226253 -31.356217 14
-17.459123 -30.908283 -32.123517 6
-18.324623 -30.966473 -31.636517 15
-18.273723 -30.005393 -31.851717 14
-17.877123 -29.459253 -32.593617 14
-16.901223 -29.763573 -32.573317 15
-17.135823 -29.098053 -31.929517 14
-16.487123 -28.377923 -31.954617 5
-16.069023 -27.625823 -31.613417 8
-15.214823 -27.436723 -31.140617 2
-14.791723 -28.033323 -31.830717 14
-14.211923 -28.259723 -31.048017 8
-14.522423 -28.232823 -30.141117 2
-13.815723 -28.805923 -29.891317 8
-13.583923 -29.509673 -29.199617 2
-13.310723 -29.877083 -28.349417 9
-13.221623 -30.803473 -28.573417 9
-13.116923 -31.503763 -29.395917 1
-13.650023 -31.503013 -30.217317 14
-14.136423 -32.257533 -29.645317 2
-14.266823 -31.816743 -28.817617 1
-14.306223 -31.116123 -29.437217 8
-15.250923 -30.709443 -29.250017 2
-15.786823 -30.816693 -30.033017 2
-15.846823 -31.770163 -30.393417 1
-16.256623 -32.708033 -30.495617 2
-16.712423 -33.176193 -31.258117 7
-15.900123 -33.462173 -31.043717 2
-15.305423 -33.873503 -31.745917 3
-14.867623 -33.836803 -32.588517 1
-15.585823 -34.352413 -32.945917 1
-16.464423 -34.101853 -33.306617 4
-17.271923 -33.967763 -33.831117 2
-17.566323 -33.532153 -32.996817 14
-17.960523 -33.630693 -32.109517 1
-18.139023 -33.808603 -31.168017 3
-17.236223 -34.109453 -30.911117 2
-17.841823 -33.878423 -30.157717 3
-18.669523 -33.463233 -29.902317 1
-18.749623 -34.386593 -30.299517 14
-18.224823 -35.176813 -30.246517 2
-17.747123 -34.948933 -29.444317 12
-17.785623 -35.868243 -29.632417 2
-18.154523 -36.377763 -28.919217 14
-18.959123 -35.882823 -28.712817 6
-19.519023 -35.978393 -27.943617 8
-20.177123 -36.303583 -28.606017 2
-20.981823 -36.153213 -27.899617 8
-21.517423 -35.574123 -28.386417 2
-22.176323 -35.941283 -29.007917 1
-22.836423 -36.563163 -29.420017 10
-22.946423 -35.695223 -29.832617 6
-23.436523 -35.547933 -29.053617 3
-23.151323 -36.198503 -28.387817 1
-22.922223 -37.057223 -28.176417 9
-22.187423 -37.569313 -28.653917 3
-22.181223 -38.428044 -28.262017 14
-22.628323 -39.188347 -28.704817 2
-22.869323 -38.289722 -29.090817 7
-23.063423 -37.860533 -29.973417 1
-22.225223 -38.297869 -30.034717 1
-22.643523 -38.171638 -30.896017 1
-23.095523 -37.452933 -31.387117 8
-23.285323 -37.237483 -32.321817 2
-23.331523 -37.816243 -33.070017 8
-22.645623 -38.355226 -33.521117 2
-21.879123 -37.759423 -33.633317 14
-21.505523 -37.874143 -34.556217 2
-21.341823 -37.040703 -35.007817 14
-20.754823 -36.442743 -34.544017 12
-20.576323 -36.885733 -33.657617 5
-20.082723 -36.982333 -32.823217 5
-19.821123 -36.054673 -32.738717 2
-19.790623 -35.342403 -33.353917 2
-19.637723 -34.436793 -32.972217 8
-19.793423 -34.162373 -32.070217 3
-19.084423 -33.684543 -31.678517 2
-19.150923 -33.277313 -32.535517 3
-19.153923 -32.428263 -32.135117 15
-19.737123 -32.149983 -31.388517 2
-19.677823 -31.508013 -30.666917 1
-19.191223 -30.694663 -30.908217 11
-19.356523 -29.941033 -30.370117 14
-18.642823 -29.231813 -30.127917 14
-18.330023 -29.891763 -29.559717 14
-17.620223 -30.440053 -29.213717 2
-18.150723 -31.300803 -29.214217 1
-18.432723 -31.081313 -30.082817 14
-17.520623 -31.501323 -29.978317 1
-16.861023 -31.321883 -29.278017 1
-16.195423 -30.726553 -28.862517 2
-16.183623 -31.563843 -28.397817 1
-16.076923 -30.827113 -27.719217 2
-16.479923 -31.577063 -27.309817 4
-16.234323 -31.447283 -26.416317 1
-15.363223 -31.325613 -26.782717 1
-14.549423 -31.904273 -26.916017 3
-14.199523 -31.357843 -27.621317 9
-14.521123 -30.597533 -27.096817 9
-14.953923 -29.790843 -27.450417 2
-14.687623 -29.315443 -28.176917 2
-13.918923 -29.525423 -27.528817 9
-13.361123 -29.252263 -26.749617 6
-12.753423 -29.647793 -27.328517 9
-12.467823 -28.676523 -27.405217 2
-11.820023 -29.451753 -27.938417 9
-11.142623 -29.037463 -28.513217 2
-10.719223 -29.489483 -29.261417 6
-9.901723 -29.403183 -29.702317 6
-9.195123 -28.811123 -30.141417 2
-9.896423 -28.159923 -30.137317 2
-10.337123 -27.849223 -30.929617 9
-10.531423 -28.795423 -30.649117 2
-11.412523 -28.442523 -30.559617 8
-11.531023 -28.073423 -29.687917 14
-12.251123 -27.631323 -30.288317 8
-12.659123 -27.368123 -31.065417 8
-13.233223 -27.073823 -31.783617 6
-13.327823 -27.986123 -31.529917 8
-13.742123 -28.432323 -32.306017 3
-12.923923 -28.933243 -32.038717 8
-12.713123 -29.463403 -32.810417 2
-11.898323 -29.920223 -32.445717 3
-11.880623 -30.347373 -33.285717 14
-10.997823 -30.359733 -33.790517 8
-10.033823 -30.023733 -33.815317 6
-9.313723 -29.960333 -33.226317 2
-8.436023 -29.605173 -33.092517 12
-8.482723 -29.146143 -33.900017 3
-8.440023 -28.222523 -33.699317 2
-8.773123 -27.602623 -32.984117 3
-9.259523 -27.949423 -32.252017 3
-8.599723 -28.001523 -31.550817 2
-8.455623 -28.689423 -30.895817 2
-7.652923 -29.119713 -31.102617 12
-7.238323 -28.206423 -30.936817 14
-7.839923 -27.481123 -31.026017 3
-7.877123 -27.071423 -30.098317 2
-8.070223 -26.971523 -29.109017 1
-8.861523 -27.439623 -29.235217 2
-8.331223 -28.223923 -29.435217 2
-8.342723 -29.117703 -29.144417 10
-7.474323 -29.127713 -28.756217 8
-7.371123 -29.478613 -27.877017 1
-6.370623 -29.465613 -27.951317 14
-5.700023 -30.126203 -28.132417 3
-6.018123 -29.929293 -28.989017 2
-5.743423 -29.185533 -29.511917 1
-5.974523 -29.898713 -30.100917 9
-5.757523 -29.411683 -30.899517 2
-5.582123 -28.444323 -31.097817 1
-4.829223 -28.001623 -30.603317 8
-4.743723 -27.512823 -31.442217 1
-3.825023 -27.535823 -31.097517 2
-3.228123 -28.181123 -30.736517 8
-2.849623 -28.619523 -29.941517 9
-2.431923 -27.737423 -29.950517 1
-1.961823 -28.367123 -30.580817 2
-1.103623 -27.879523 -30.591917 1
-0.450223 -28.299523 -31.122217 3
-0.163323 -29.113283 -30.804517 14
0.450577 -28.709723 -31.472817 2
1.341177 -28.602623 -31.906117 7
1.135577 -28.662523 -32.908217 6
0.288477 -28.307623 -33.118517 1
-0.609123 -28.594823 -33.040817 2
-1.435523 -28.947203 -32.817717 8
-2.290823 -28.546123 -32.844817 6
-2.686823 -29.346613 -33.154217 3
-3.593823 -29.241953 -32.973117 6
-3.624423 -29.684393 -32.102717 1
-2.865923 -30.320833 -32.252017 2
-3.740123 -30.498763 -32.606017 9
-3.835023 -31.005543 -31.799317 2
-2.942523 -31.408303 -31.914117 3
-2.434523 -31.264763 -32.731017 9
-2.757723 -32.156723 -32.895117 2
-3.158023 -32.610493 -32.160617 8
-3.683623 -32.636883 -31.400017 12
-3.933423 -33.148403 -30.613817 14
-4.624523 -32.511883 -30.466517 8
-5.493223 -31.987803 -30.273217 3
-6.394223 -32.296213 -30.632117 14
-5.851423 -33.037993 -30.310217 8
-6.264423 -33.301073 -29.500117 2
-6.724423 -32.475353 -29.379817 14
-7.316923 -32.229243 -30.127617 2
-7.679423 -31.780883 -29.328417 1
-8.639823 -31.868563 -29.493817 9
-9.155123 -32.693423 -29.602417 2
-9.557123 -33.304243 -30.142017 2
-10.130923 -33.952173 -29.830217 1
-9.907623 -34.885193 -29.760617 2
-10.824423 -34.833163 -29.372517 3
-10.660723 -34.126513 -28.725417 1
-10.024423 -33.360133 -28.431017 3
-10.644223 -32.997593 -29.200717 2
-11.453723 -32.470483 -29.327517 10
-11.334323 -32.323883 -30.290517 9
-12.079323 -31.731983 -30.351317 2
-12.778823 -31.183453 -30.744017 1
-12.154723 -30.590553 -31.142917 1
-12.381823 -29.608963 -31.123817 8
-13.170723 -29.934603 -31.525917 12
-14.127323 -30.095163 -31.526517 6
-14.467823 -29.261233 -31.531317 8
-15.057823 -28.926373 -30.815417 3
-15.223023 -29.028383 -29.790317 2
-15.391323 -29.011423 -28.829017 2
-14.832323 -29.747033 -29.116117 2
-14.485323 -29.897593 -29.976117 6
-13.685523 -30.328493 -29.781517 3
-12.875623 -29.888233 -29.836717 6
-12.681723 -28.916713 -30.120417 8
-12.384523 -28.698023 -29.214317 2
-12.121123 -28.324823 -28.379217 14
-12.144923 -27.404023 -28.614417 6
-12.739123 -27.693823 -29.373717 8
-13.276923 -27.730523 -28.525617 12
-13.970023 -28.368423 -28.046117 2
-13.664623 -27.982723 -27.250217 2
-12.935023 -28.141723 -26.613017 4
-12.415923 -27.899423 -25.842217 2
-12.942523 -27.094923 -25.574117 1
-12.078423 -26.808423 -25.709117 1
-12.526623 -26.516923 -26.504017 3
-11.623323 -26.523723 -26.801817 1
-10.829823 -26.960023 -26.505117 14
-10.546923 -27.876523 -26.341417 14
-10.285723 -28.798123 -26.448917 1
-10.232523 -29.601063 -26.903217 3
-10.732723 -29.917643 -26.037117 2
-11.656723 -29.371443 -25.856017 14
-12.294423 -30.034563 -26.173817 2
-12.401023 -30.646053 -26.816517 9
-13.158723 -31.247663 -26.759117 2
-12.744723 -31.431883 -27.684917 9
-11.837123 -31.437653 -27.319117 6
-11.312723 -31.939673 -27.983217 2
-11.611223 -31.142473 -28.399917 9
-10.888923 -31.603083 -28.923517 3
-9.876023 -31.708773 -29.104917 14
-10.305923 -31.609473 -29.891717 2
-9.305823 -31.481253 -30.264017 9
-9.598023 -31.251293 -31.142517 6
-9.568823 -30.340053 -30.894217 1
-8.967023 -29.551773 -31.045717 2
-9.528923 -29.431383 -31.863117 8
-10.366523 -28.989753 -31.687017 2
-11.062123 -29.533983 -31.321817 10
-11.537323 -28.721523 -31.648117 8
-11.110323 -27.909823 -32.041717 1
-10.147123 -27.827023 -31.887517 2
-10.090423 -26.816023 -31.729117 3
-9.473823 -27.321923 -31.144017 2
-8.722323 -26.913923 -31.531617 3
-8.699323 -26.303923 -30.854217 3
-8.783823 -26.744923 -29.998917 2
-9.624123 -27.181623 -29.815217 2
-10.119323 -26.709423 -30.519217 1
-10.932123 -26.507223 -31.046917 8
-11.115323 -27.015823 -30.213517 8
-11.102223 -26.986823 -29.272017 3
-11.371223 -26.158023 -28.933517 14
-10.826823 -25.391823 -29.418917 4
-11.406323 -25.899923 -29.950017 8
-10.793523 -25.469023 -30.575917 2
-10.083923 -25.094923 -31.112917 3
-9.313123 -25.330923 -30.648217 3
-9.149723 -24.607623 -29.974417 2
-8.430723 -24.180123 -29.498017 14
-8.869823 -23.319123 -29.709217 7
-8.439523 -22.972923 -28.898617 2
-8.470723 -22.390523 -29.675417 14
-8.090423 -21.833723 -30.358717 6
-7.717123 -21.020723 -30.729517 6
-7.789923 -20.537623 -29.902817 3
-7.731123 -20.414823 -28.950417 3
-8.232423 -19.579423 -28.867917 5
-8.651023 -18.863023 -28.455817 2
-8.789223 -18.028123 -28.934717 7
-9.035423 -17.054223 -29.204917 1
-8.722323 -16.187023 -29.430117 1
-7.857323 -16.141723 -29.128917 13
-7.568023 -16.557323 -28.292217 2
-7.126623 -17.430123 -28.445217 5
-6.471323 -16.743423 -28.769917 10
-5.981723 -16.025023 -28.218717 3
-6.315723 -15.159823 -28.560917 6
-6.984023 -14.499123 -28.420517 3
-6.488023 -13.688723 -28.313217 2
-6.503123 -12.943723 -28.910717 3
-7.261823 -13.083223 -29.567517 1
-6.962123 -13.299923 -30.474717 9
-6.272723 -13.215223 -31.126617 1
-5.283323 -13.401623 -31.024917 3
-4.464123 -13.834923 -31.475217 1
-3.869423 -14.282623 -32.181817 8
-3.853223 -14.961223 -31.464517 3
-3.277823 -15.731823 -31.822117 14
-3.370723 -16.650523 -31.113517 3
-3.981523 -17.406323 -31.141617 10
-4.416223 -17.601123 -31.975617 8
-4.514223 -18.005123 -32.848617 9
-5.323523 -18.390023 -32.636217 1
-6.116223 -18.787523 -32.254917 9
-6.623023 -18.863623 -33.021317 3
-6.848723 -17.939623 -33.043317 3
-6.016923 -17.541623 -32.586717 14
-6.498823 -16.977023 -32.010117 2
-6.973623 -16.721423 -32.838717 5
-7.307823 -16.652323 -33.755817 3
-8.228923 -16.423423 -33.879017 9
-8.492723 -17.260923 -34.235017 3
-8.223323 -17.678123 -33.339517 3
-8.378023 -17.118423 -32.582217 13
-8.329723 -16.210323 -32.363917 9
-9.086123 -15.617423 -31.937417 4
-9.898723 -15.364023 -32.557317 2
-10.772223 -15.485823 -32.125117 1
-11.463423 -16.263723 -32.285617 10
-11.298923 -17.087223 -32.761517 12
-12.203823 -17.265423 -32.874217 3
-12.591623 -16.411123 -32.790117 8
-12.921823 -15.520223 -33.172517 3
-13.622623 -15.009123 -32.803117 1
-14.398223 -15.354523 -33.331617 1
-13.806923 -16.084323 -33.435617 1
-13.912323 -16.669823 -34.196317 2
-13.745723 -17.366023 -33.594717 1
-13.533623 -18.332523 -33.773617 3
-12.666723 -18.049923 -33.402417 6
-12.120223 -18.696323 -32.976317 7
-11.247323 -19.034723 -33.204617 10
-10.605023 -19.358923 -33.853817 2
-11.239423 -18.854223 -34.409617 3
-10.364523 -18.631223 -34.658417 10
-10.253923 -19.560323 -35.102717 6
-9.859923 -20.283323 -34.637717 9
-9.365723 -20.100323 -33.897417 3
-9.361523 -19.091323 -33.778517 3
-9.483523 -18.300223 -33.304717 9
-8.662423 -18.775523 -32.924417 3
-9.117423 -18.414423 -32.061917 4
-8.813423 -19.301023 -31.646717 3
-8.974523 -20.034823 -31.023617 13
-8.397723 -20.566823 -31.497917 6
-9.248923 -21.003323 -31.573717 6
-9.103423 -20.578123 -32.524717 12
-8.315523 -21.241223 -32.498017 6
-7.839423 -21.940823 -32.893817 8
-8.429223 -21.840623 -33.648817 9
-8.362423 -22.586323 -34.277117 9
-7.574223 -22.734023 -33.755017 14
-6.963923 -23.251623 -34.378017 5
-6.815623 -23.067523 -35.284417 5
-7.702723 -23.360323 -35.194917 9
-7.439823 -24.200823 -35.525617 5
-6.882123 -24.237523 -36.255917 3
-6.892323 -25.236723 -36.384117 14
-6.322423 -25.081823 -35.565317 5
-5.459723 -25.241523 -35.198017 3
-5.011923 -25.426623 -35.991117 8
-4.310923 -25.769123 -36.595217 3
-3.450023 -26.025823 -36.115017 10
-2.725423 -25.790623 -36.691117 3
-2.784023 -25.174123 -35.986017 10
-2.881623 -24.776323 -35.165817 1
-2.537523 -24.033123 -34.745617 1
-2.644823 -23.056123 -34.706317 1
-2.970023 -23.126323 -35.592517 3
-2.889123 -22.257923 -35.972817 1
-3.058523 -21.736723 -35.151417 3
-2.788023 -21.201923 -34.373217 9
-3.763423 -21.221523 -34.061817 3
-3.341623 -20.335323 -34.010717 1
-3.133623 -19.665823 -33.319217 4
-4.111223 -19.801223 -33.408417 1
-4.615523 -19.100823 -33.011017 4
-4.775223 -19.697523 -32.211817 3
-5.255423 -20.311723 -32.790517 9
-5.463423 -20.725623 -31.960217 1
-6.414223 -20.752523 -31.928017 6
-6.894323 -20.160723 -32.514517 13
-7.450223 -19.561823 -32.995217 3
-7.671623 -18.710423 -33.480317 3
-7.685823 -18.948023 -34.384417 3
-7.945223 -18.290823 -35.040517 3
-7.738023 -17.935023 -35.960317 13
-7.290023 -17.481223 -35.344917 3
-7.330923 -16.511623 -35.397117 6
-6.875123 -15.838723 -35.951617 15
-7.341523 -15.227923 -35.306717 6
-6.586523 -15.706623 -34.925417 10
-5.666023 -16.038323 -34.829017 11
-5.746023 -16.967423 -34.970717 6
-6.437923 -17.573123 -34.656917 3
-6.567123 -18.449923 -34.108817 3
-5.597023 -18.828623 -33.948817 5
-5.352923 -19.654423 -34.362617 8
-6.156923 -19.388523 -34.836717 3
-7.088523 -19.620723 -35.018017 3
-6.481423 -20.294323 -35.453617 4
-6.534823 -20.432523 -34.505717 3
-6.056623 -21.132023 -34.894117 1
-6.305523 -22.053523 -34.965117 5
-7.249923 -22.019423 -34.740617 9
-7.441023 -21.368523 -35.410617 9
-6.861023 -21.161223 -36.152817 12
-5.964423 -20.729923 -36.282417 4
-5.650123 -20.361823 -37.126117 9
-5.023423 -20.338523 -36.341617 8
-4.526423 -21.180123 -36.376717 1
-4.209223 -21.193423 -35.445717 6
-4.141623 -22.051923 -35.036917 10
-5.008123 -22.427423 -34.850317 5
-4.575823 -23.167823 -34.357217 3
-3.668123 -23.515423 -34.298617 1
-3.407423 -23.823523 -33.434917 1
-4.136823 -24.330423 -33.050217 3
-4.914423 -23.826523 -32.977917 3
-5.562223 -23.457823 -33.589317 5
-6.341823 -23.027423 -33.344017 5
-5.564523 -22.498123 -33.322617 1
-5.582923 -21.747323 -32.715717 2
-6.590123 -21.856623 -32.547117 3
-7.038223 -21.125723 -32.934917 6
-7.489123 -21.350323 -33.796917 9
-7.478723 -20.408923 -33.594317 3
-8.362223 -20.715923 -33.851817 9
-7.839923 -20.206523 -34.599117 3
-8.677023 -20.475323 -35.011917 9
-8.133723 -20.392323 -35.811017 3
-8.509323 -21.270923 -35.774417 9
-8.648623 -20.867723 -36.716117 13
-7.255223 -19.758523 -36.532817 13
-7.221123 -18.980623 -36.008017 3
-7.778123 -18.674923 -36.772517 9
-8.555623 -18.994323 -36.299817 3
-9.293923 -18.413823 -36.192217 14
-9.024223 -18.532823 -35.232517 3
-8.966223 -19.308723 -34.667717 3
-9.128123 -19.647623 -35.585917 3
-9.643623 -19.927323 -36.347817 6
-10.510123 -20.069423 -36.772517 1
-11.341423 -19.812323 -37.149517 8
-11.086823 -20.484423 -37.863317 1
-10.294923 -20.919123 -37.561017 4
-10.395623 -21.243323 -36.669817 6
-9.713323 -21.998923 -36.476417 1
-9.158423 -22.413523 -35.762317 9
-8.595523 -23.105323 -35.975217 9
-8.312923 -23.713523 -36.734417 4
-7.450323 -23.216423 -36.753817 1
-6.875023 -22.473023 -36.393117 1
-5.971123 -22.866823 -36.208017 3
-5.702623 -23.469923 -35.525417 5
-4.955523 -23.966123 -35.283117 6
-5.448923 -23.992423 -34.461317 5
-5.411523 -24.535923 -33.720917 10
-5.936323 -24.921123 -34.435017 5
-6.136823 -25.835423 -34.555017 3
-6.369823 -26.734523 -34.121417 9
-7.269123 -26.491023 -33.716417 3
-7.695123 -25.682023 -33.472917 3
-6.915323 -25.106823 -33.776917 5
-6.333123 -25.740223 -33.231617 11
-6.992723 -25.215223 -32.752517 3
-7.287523 -25.543223 -31.863617 3
-6.609723 -25.539223 -31.160817 8
-6.159923 -25.913923 -30.399817 1
-5.771223 -26.150223 -31.342517 1
-6.580623 -26.478323 -31.660517 3
-6.321823 -27.376723 -31.486017 10
-7.116423 -27.244223 -31.937017 3
-6.821823 -28.192923 -32.056317 15
-6.074623 -28.824423 -32.355617 8
-6.304923 -28.522623 -33.257617 4
-6.685823 -27.632823 -32.976417 9
-7.651323 -27.315623 -33.114017 3
-8.098023 -27.055523 -32.318217 3
-8.345223 -26.152023 -32.219217 3
-8.312423 -25.493223 -31.543017 3
-8.264723 -24.550123 -31.152117 14
-7.974323 -24.111923 -30.367717 12
-7.412423 -23.539523 -29.863617 1
-7.272423 -23.145923 -30.733817 4
-7.733923 -23.607923 -31.442117 6
-7.844723 -24.020923 -32.400417 3
-6.918823 -23.786223 -32.124017 6
-6.271123 -24.161323 -32.750217 5
-5.567623 -23.634123 -32.305617 9
-5.820223 -22.979623 -31.657517 13
-6.526223 -22.346123 -31.450917 3
-7.395223 -22.137423 -31.072617 6
-7.701423 -22.450023 -31.946117 6
-8.558023 -22.481923 -32.334617 6
-8.984623 -23.064323 -32.975017 9
-8.827623 -23.527523 -33.831917 9
-8.779623 -24.188923 -33.142917 3
-7.951123 -24.520323 -33.536717 3
-7.473223 -24.162523 -34.266817 5
-8.363723 -24.405523 -34.682717 9
-8.686123 -24.714323 -35.453217 1
-9.213623 -23.933323 -35.744217 9
-9.862323 -23.590023 -36.393617 1
-10.671023 -23.153223 -36.290517 10
-11.537423 -23.056523 -35.763117 3
-11.555323 -23.581323 -34.994417 1
-11.049323 -24.050623 -35.691317 1
-10.997423 -24.974123 -35.775017 3
-10.149123 -25.250123 -36.253817 1
-9.884823 -26.044523 -35.738917 3
-9.118923 -25.964023 -35.139317 13
-8.479223 -26.396623 -34.539417 3
-8.130723 -25.562023 -34.391017 5
-8.680823 -25.416023 -33.603717 3
-9.416023 -26.053523 -33.616917 3
-9.433623 -27.035023 -33.596217 3
-10.191123 -27.209923 -34.227717 4
-10.778423 -27.993823 -34.337617 9
-11.743423 -27.875223 -34.065717 4
-11.986023 -28.098323 -33.094317 8
-11.772623 -27.147323 -32.776717 6
-12.137723 -26.841323 -31.847017 8
-12.744423 -26.038623 -32.193417 15
-11.973323 -25.787923 -31.641917 8
-11.123323 -25.408123 -32.067217 5
-10.765523 -24.989023 -32.873117 3
-10.845223 -25.369323 -33.794817 6
-10.300423 -24.506823 -33.965917 3
-9.998423 -24.281723 -34.917317 1
-9.958623 -23.463323 -34.460217 9
-10.003823 -22.744623 -35.113417 3
-9.192423 -22.285923 -34.850717 9
-9.620323 -21.539523 -35.245617 9
-10.644123 -21.509523 -35.409317 5
-10.846823 -21.558723 -34.428117 13
-10.176923 -21.614423 -33.717417 9
-9.403723 -21.575423 -33.103317 9
-10.043823 -21.779423 -32.434417 3
-10.363223 -22.598823 -32.640017 4
-10.806823 -23.500323 -32.475317 14
-10.122123 -24.153523 -32.427317 13
-10.060023 -25.144123 -32.171017 3
-9.971423 -25.967723 -32.621517 3
-9.020123 -25.652823 -32.692917 3
-9.063623 -24.862523 -32.183817 3
-9.082023 -23.950223 -31.818717 1
-9.459423 -23.068823 -32.028517 10
-9.198923 -22.267423 -31.598317 6
-9.129423 -22.052423 -30.702817 6
-9.894023 -22.409023 -30.280217 3
-10.050423 -22.107023 -29.377317 15
-9.251623 -22.187123 -28.864317 3
-9.106423 -21.497923 -29.547417 6
-9.659423 -20.742323 -29.449017 10
-9.814123 -20.085223 -28.793617 1
-10.726523 -19.925523 -28.438217 1
-11.508723 -20.383723 -28.007917 3
-11.766823 -20.192723 -28.968917 6
-12.475623 -19.524323 -29.282917 3
-12.805823 -20.282323 -28.854517 5
-12.826823 -21.221323 -29.135917 6
-13.004123 -22.145323 -28.820817 9
-13.083123 -22.568523 -27.961917 10
-12.472223 -23.343423 -27.623217 5
-12.300823 -24.247923 -27.412717 13
-11.784923 -24.681623 -28.178417 6
-10.837523 -24.723923 -28.490817 3
-10.004023 -24.940323 -28.104217 8
-9.007423 -24.896323 -28.311817 11
-9.126623 -24.106523 -27.773817 3
-9.954923 -23.776523 -27.400017 3
-10.159323 -22.939023 -27.094217 9
-9.306723 -22.250523 -27.001617 5
-9.732323 -22.034623 -27.825817 3
-9.027523 -21.425523 -27.556217 8
-8.209923 -21.883023 -27.786317 1
-7.697923 -21.581923 -27.047217 3
-7.027823 -22.145823 -27.404617 9
-6.330123 -21.577223 -27.057017 1
-6.882923 -21.007523 -26.619917 1
-6.473723 -20.417423 -25.914917 3
-6.008423 -20.196023 -25.072117 4
-6.098223 -19.288623 -25.228517 4
-6.329323 -19.425023 -24.310417 3
-7.001823 -18.940623 -24.709117 1
-6.444323 -18.126823 -24.646017 9
-6.084923 -17.709423 -25.424617 3
-5.625623 -17.319923 -24.662417 1
-5.158623 -17.612623 -23.922567 5
-5.709423 -17.553923 -23.148477 6
-4.799123 -17.625423 -22.915797 9
-4.230623 -17.252023 -22.273197 3
-3.932923 -16.841623 -23.056377 10
-3.131523 -16.756923 -22.550007 3
-2.951723 -16.976023 -23.475737 9
-2.367623 -17.659423 -23.042027 6
-2.225523 -17.455723 -22.122897 3
-1.412323 -17.204023 -22.644317 15
-1.297323 -17.280423 -23.624517 5
-1.921823 -16.640923 -23.558917 3
-2.348323 -15.834223 -23.878857 9
-2.866823 -15.758823 -24.650617 9
-2.659723 -15.542723 -25.542517 3
-1.809923 -15.836423 -25.058817 5
-0.974923 -15.349923 -25.204117 13
-0.906423 -15.641423 -24.238517 6
-0.658623 -16.025923 -23.442767 10
-1.174423 -15.821823 -22.642267 3
-0.402623 -15.388623 -22.234797 1
-1.100823 -14.896423 -21.862077 3
-0.718723 -15.082223 -21.009007 6
-1.226923 -15.895723 -20.846347 3
-1.226623 -15.897623 -19.875087 3
-1.393223 -15.766223 -18.899187 1
-0.652423 -15.080823 -18.865677 5
-0.086723 -15.895623 -18.983567 13
0.438677 -15.996823 -19.787137 6
0.450177 -16.869323 -20.025947 3
0.629177 -17.737923 -19.937787 12
0.193577 -17.790323 -20.818577 4
-0.213223 -17.274823 -21.462107 4
-0.727323 -16.466923 -21.553077 14
-1.644323 -16.774723 -21.515467 3
-2.620723 -16.502923 -21.422107 3
-3.181223 -16.849323 -20.796577 3
-3.769323 -17.270523 -20.139217 4
-4.463123 -16.635323 -20.084147 9
-4.377523 -15.981423 -20.793977 3
-5.001523 -16.552423 -21.153377 6
-4.296723 -17.221323 -21.276317 3
-5.169623 -17.547823 -21.449397 11
-4.610323 -18.157323 -21.926767 13
-5.482123 -18.300823 -22.347457 8
-4.814423 -18.768923 -22.831057 6
-4.237523 -19.360923 -22.293017 1
-4.650123 -19.758823 -21.507077 9
-4.573423 -20.253923 -20.640667 6
-4.421423 -19.380723 -20.121427 1
-4.048723 -18.900723 -20.836417 1
-3.092723 -19.240623 -20.899757 4
-3.123923 -18.202323 -20.868207 3
-3.022523 -18.394123 -19.940287 10
-2.574923 -17.510223 -19.939587 3
-2.047023 -18.011723 -19.160437 9
-2.245923 -17.933723 -18.173967 1
-2.839223 -17.270223 -17.831507 6
-2.478323 -16.558823 -18.435757 9
-2.216923 -16.512323 -19.350947 3
-1.484723 -17.145123 -19.539177 15
-1.375123 -17.434923 -20.457937 3
-1.592623 -18.304623 -20.205947 5
-1.851423 -18.589523 -21.178057 3
-1.943423 -19.515523 -21.212067 9
-2.425523 -19.260623 -21.907697 10
-2.661223 -18.323423 -21.875497 3
-3.292723 -18.205123 -22.540427 3
-3.375023 -18.913823 -23.114077 13
-3.779523 -19.186023 -23.975127 8
-3.424323 -18.875223 -24.866917 5
-3.114523 -17.988323 -25.076117 1
-4.007823 -17.703823 -25.419617 8
-3.799823 -16.796323 -25.022717 1
-3.783323 -15.896423 -25.311817 5
-3.997623 -15.411323 -24.541417 9
-4.923523 -15.169223 -24.547817 3
-5.104323 -14.864323 -23.650747 10
-4.220723 -15.080123 -23.407577 9
-4.457523 -15.099023 -22.494837 13
-4.139423 -15.353723 -21.635817 3
-3.385523 -14.891523 -22.000767 13
-2.950423 -15.724023 -22.064377 3
-2.946923 -15.246123 -22.909017 9
-2.034323 -15.230423 -22.628947 3
-2.142323 -14.337023 -22.429367 11
-2.003023 -14.193523 -21.478047 6
-2.629523 -14.924523 -21.272867 3
-3.426523 -14.355523 -21.165657 13
-3.328023 -14.578423 -20.238167 9
-3.652623 -15.430423 -20.024417 3
-2.906123 -16.051423 -20.023017 3
-2.241423 -15.529423 -20.587017 3
-1.864923 -14.620223 -20.436227 6
-0.998423 -14.754623 -20.084817 4
-1.305623 -13.870923 -19.741937 6
-0.402623 -13.654423 -19.912147 5
-0.912223 -12.994523 -20.324367 6
-0.450923 -12.600823 -21.057427 3
-1.169123 -13.151123 -21.405107 6
-0.763723 -13.422923 -22.266577 15
-0.203923 -13.930923 -21.610147 6
0.008077 -14.269123 -20.751937 8
0.197477 -14.554023 -19.878047 5
1.086677 -14.730323 -19.810417 5
1.778877 -14.596623 -20.436177 3
2.539477 -14.684323 -19.932397 3
2.330877 -15.546323 -20.392717 4
3.256977 -15.717723 -20.527437 1
2.682677 -16.396623 -20.982997 1
3.041277 -17.302523 -21.209217 1
3.750577 -17.689623 -21.713467 1
3.786277 -18.651223 -21.440137 10
4.260377 -18.185723 -20.623237 1
4.439577 -18.471923 -19.766377 3
3.617377 -17.969723 -19.365957 3
3.550577 -17.237123 -18.777867 1
3.218077 -17.420323 -17.878287 1
3.791877 -17.824023 -17.218117 3
4.456077 -18.086623 -16.623237 10
4.082177 -17.317323 -16.306297 12
3.275277 -17.460223 -15.819227 10
2.441077 -17.708623 -16.251657 3
2.475277 -16.785123 -16.531157 14
2.010877 -16.134423 -17.122477 11
1.242777 -16.121823 -17.692377 9
1.020577 -15.199623 -17.976977 5
1.442377 -14.611323 -18.607467 3
0.812777 -13.799223 -18.599287 5
1.045477 -12.986623 -18.065427 6
0.511977 -12.224523 -18.116857 9
-0.155223 -11.559623 -18.254567 4
-0.531323 -10.631023 -18.426877 4
-0.687223 -9.771323 -17.892417 9
-0.279223 -9.020823 -18.315607 3
-0.698023 -9.364923 -19.054127 6
-1.102123 -8.951223 -19.908027 13
-1.532523 -8.262923 -19.458487 1
-2.151123 -9.002223 -19.524337 13
-2.318923 -9.271623 -18.567167 9
-3.078523 -9.691023 -18.159007 8
-3.206523 -9.904123 -19.083847 4
-4.126023 -9.576623 -19.254837 10
-4.906223 -9.540423 -18.673997 10
-4.222023 -10.141223 -18.356657 13
-3.629523 -10.623023 -17.723377 10
-2.896423 -11.015023 -18.132977 3
-2.409523 -11.856323 -18.306947 10
-1.826723 -11.874723 -19.065297 4
-1.887523 -12.604723 -19.760067 6
-1.155723 -12.853423 -19.263547 1
-0.611223 -12.339323 -18.645887 4
-0.047323 -12.888923 -19.149207 5
0.160177 -11.960423 -19.302647 4
0.947877 -12.378723 -19.654507 5
1.099477 -12.085323 -20.572407 3
1.519777 -11.646523 -21.286227 1
0.800977 -11.086423 -20.839117 10
0.340277 -10.260923 -20.531567 3
-0.626823 -9.965723 -20.399907 13
-0.349223 -10.702823 -19.902157 4
-0.921723 -11.373923 -20.299577 6
-1.570123 -10.679323 -20.486767 13
-1.256423 -10.252623 -19.653177 13
-1.661623 -10.771823 -19.000487 4
-1.838523 -10.599023 -18.090707 3
-1.546323 -10.168023 -17.312867 10
-1.512223 -11.126423 -17.155427 4
-1.745223 -11.043723 -16.238137 10
-2.541523 -11.527423 -16.125667 4
-3.171423 -11.906323 -16.722287 10
-3.253123 -11.919723 -17.665937 6
-4.220123 -11.946523 -17.329737 9
-4.686923 -11.321123 -17.928107 4
-4.940023 -11.087223 -17.015117 8
-5.870523 -11.222223 -16.860177 11
-6.732823 -10.979423 -16.598227 10
-6.849523 -10.026623 -16.648057 11
-6.119423 -9.394823 -16.796477 11
-5.350623 -9.593723 -16.311627 4
-5.845023 -9.744823 -15.475617 1
-4.968223 -10.124123 -15.214517 6
-4.666123 -10.879223 -14.652987 13
-4.590323 -11.499023 -13.886698 1
-5.140723 -11.965423 -14.52341 10
-6.120123 -12.026123 -14.322583 10
-6.619423 -11.585523 -13.685645 13
-6.258523 -11.041423 -12.916237 1
-5.628423 -11.048623 -13.794337 10
-5.124623 -10.382523 -13.417029 5
-4.609923 -10.350923 -12.643257 3
-4.600223 -11.217123 -12.234247 4
-4.047623 -11.940723 -11.873997 5
-3.245823 -11.963623 -12.361577 13
-3.611423 -12.865423 -12.349557 6
-3.528823 -13.006223 -13.359865 4
-4.062523 -12.847123 -14.10632 10
-3.570323 -11.929723 -14.177119 6
-3.769923 -11.993123 -15.156247 12
-3.533423 -12.899823 -15.503837 1
-2.719623 -13.198223 -15.04713 3
-2.157723 -12.571323 -14.458156 4
-2.159123 -13.235523 -13.703738 8
-2.356723 -14.070523 -14.360911 9
-3.240823 -14.639823 -14.509259 4
-3.271223 -15.241023 -15.320667 1
-2.670623 -15.889923 -15.537187 13
-2.249623 -15.000023 -15.596557 9
-1.553923 -14.943623 -16.309767 15
-1.631123 -14.419823 -17.156597 4
-0.958423 -14.814123 -17.798537 10
-0.066223 -14.361723 -17.850607 5
0.058677 -13.705323 -17.146457 13
-0.887823 -13.417223 -17.418577 10
-0.966423 -12.436523 -17.584567 4
-0.573123 -11.628923 -17.266407 4
-0.483423 -10.750023 -16.949317 13
0.276777 -10.121023 -16.747427 1
0.944777 -10.692923 -16.414227 3
1.523977 -10.755123 -17.147157 13
2.283277 -11.354223 -17.208247 15
1.643477 -11.738223 -17.757827 2
1.655177 -11.561323 -18.722657 4
1.895777 -12.552323 -18.796317 11
2.870577 -12.634923 -19.044537 3
3.404577 -12.112023 -19.581927 10
3.771177 -11.680723 -18.744807 10
3.905777 -10.864323 -19.119237 1
3.880977 -10.006723 -18.782467 6
3.006077 -9.648923 -18.764817 1
2.651377 -10.460523 -18.241257 1
1.891677 -9.864223 -17.994837 6
2.508977 -9.134723 -17.859577 4
3.401377 -9.418123 -17.771187 1
3.998677 -8.619123 -17.708057 9
3.963277 -8.437123 -16.803867 10
4.698577 -8.680423 -16.174687 3
4.504877 -7.767523 -15.808807 1
5.048277 -6.988723 -15.731997 4
4.282377 -6.383323 -15.793257 1
4.795477 -5.844623 -16.319367 13
5.374977 -6.116623 -17.054227 4
5.712877 -5.779323 -18.000607 5
5.849077 -5.123723 -17.365817 8
5.131077 -4.880623 -18.008207 1
4.949077 -5.309923 -18.822777 10
4.318777 -5.085223 -19.512727 11
5.176677 -5.114723 -19.986467 13
6.128277 -4.886523 -20.269647 5
6.334777 -5.408423 -21.045597 4
6.165277 -4.582723 -21.519247 13
6.247577 -3.740823 -21.112127 10
6.335877 -2.919023 -21.653617 8
5.858677 -2.025123 -21.874807 3
5.903677 -2.126323 -20.979167 10
6.331677 -2.549323 -20.143687 10
6.356677 -1.753123 -19.640267 6
6.536077 -2.091923 -18.814527 4
7.401677 -2.046523 -19.082117 3
7.557277 -1.174123 -18.544797 13
7.874977 -0.941623 -19.469637 4
8.500677 -1.481623 -18.967047 11
8.999277 -0.726823 -18.682877 9
9.750277 -0.948423 -19.316727 15
9.455777 -1.709323 -18.713707 11
9.308477 -2.057523 -19.570807 4
8.912877 -2.952323 -19.472107 1
8.746477 -3.012223 -20.421377 5
9.120477 -3.692023 -20.945747 4
9.340777 -3.322423 -21.835497 6
10.152877 -3.486223 -22.328887 10
10.693677 -2.725623 -22.444387 8
11.465477 -3.146623 -22.882107 13
11.841177 -3.684123 -23.607327 9
11.997177 -3.949223 -24.503017 10
11.089477 -4.136323 -24.890017 12
10.273377 -4.612123 -25.049717 4
10.412577 -4.437623 -25.972517 4
10.028077 -5.161423 -26.496917 1
9.476377 -5.034323 -27.310717 13
8.684677 -5.546923 -27.628117 3
9.295677 -6.281623 -27.764617 6
9.862177 -6.640523 -27.032817 10
9.543977 -6.362223 -26.157717 5
8.662477 -6.507423 -26.432917 13
9.063477 -7.236223 -25.886917 3
9.348377 -7.942123 -25.296717 4
9.734377 -8.790723 -25.062217 15
10.703377 -9.027023 -25.101317 1
10.913677 -8.719523 -24.210517 4
10.680277 -9.279523 -23.425107 10
10.100577 -9.768923 -24.005267 1
9.187577 -9.736423 -23.767627 3
9.218877 -10.670623 -23.722717 1
8.271577 -10.725423 -23.654387 1
7.953977 -10.035623 -24.222217 1
7.234877 -10.652423 -23.899517 4
6.586277 -10.007323 -23.575687 1
6.644377 -9.306023 -24.303117 10
6.008877 -9.623223 -24.996317 4
5.204877 -9.140723 -25.199817 4
4.391277 -9.765423 -25.372917 11
3.898077 -9.460323 -24.592717 10
3.745377 -8.576323 -24.274417 10
2.869677 -8.655423 -24.527717 13
3.335777 -8.149223 -25.216817 13
2.376377 -7.760223 -24.935817 9
1.741777 -8.398323 -24.684417 3
1.361677 -8.361223 -25.529117 6
1.714477 -8.077023 -26.407617 5
1.274377 -8.428823 -27.222217 10
1.022377 -9.172023 -27.726117 1
0.553277 -9.626823 -28.463817 11
0.269677 -10.510523 -28.583017 4
0.204377 -10.675923 -27.640217 6
0.969777 -11.059823 -27.155617 10
1.171977 -11.415423 -26.277317 3
0.633677 -12.234623 -26.571417 12
-0.041423 -11.611023 -26.251717 13
0.327477 -11.392223 -25.374917 8
-0.351023 -12.135523 -25.122117 10
-0.282523 -11.390723 -24.516017 6
-0.968523 -11.937923 -24.172017 4
-1.812023 -11.744123 -24.654517 8
-2.744123 -11.622023 -24.266117 10
-2.448223 -11.370423 -23.371167 4
-2.635123 -11.888723 -22.567447 4
-2.177723 -11.908523 -21.671657 6
-1.363123 -11.370923 -21.865907 13
-2.302723 -10.879123 -21.987077 4
-2.292223 -10.445023 -21.142627 13
-2.823023 -10.374123 -20.317057 1
-3.588823 -10.954023 -20.504487 9
-4.079723 -10.208923 -20.184027 1
-3.898023 -9.248423 -20.120347 10
-2.988723 -9.307323 -20.516887 13
-3.629723 -9.669023 -21.138387 10
-3.251123 -10.380823 -21.621457 4
-2.922223 -9.752623 -22.190637 5
-2.435123 -10.047123 -22.949277 4
-1.652223 -10.171523 -22.403547 13
-1.395223 -10.322123 -23.324887 1
-1.321023 -10.575723 -24.294717 3
-2.229223 -10.091123 -24.064057 4
-2.346923 -10.754523 -24.772017 1
-2.403423 -11.160323 -25.630917 10
-3.227123 -10.507123 -25.650917 13
-3.250223 -10.076223 -24.748817 4
-3.175523 -9.346923 -25.476117 15
-3.414223 -8.405223 -25.785417 10
-3.932723 -7.760223 -26.341917 4
-3.889323 -6.814323 -26.209817 9
-4.614723 -6.577423 -25.540217 6
-4.844923 -6.861323 -24.429917 11
-4.111723 -6.305423 -24.197717 6
-4.425323 -5.676823 -23.568837 4
-5.006823 -6.377423 -23.554417 10
-5.752723 -5.859823 -23.929517 9
-6.499723 -5.234423 -24.016657 3
-6.809723 -6.004323 -23.564587 3
-6.420623 -6.907923 -23.392827 4
-6.506823 -7.340023 -24.312217 5
-7.151623 -7.931723 -24.721017 5
-7.025123 -7.768623 -25.698317 10
-7.519523 -7.323123 -26.406517 8
-8.182023 -6.764323 -25.964617 13
-8.442423 -6.300223 -26.753717 4
-8.292623 -5.329723 -26.407717 7
-8.718223 -5.337423 -27.321117 10
-8.001523 -4.823323 -27.767517 1
-7.122623 -5.319123 -27.566617 4
-6.298823 -5.790823 -27.890717 9
-5.812223 -4.987523 -27.967917 13
-4.942823 -5.404723 -27.738817 5
-4.473423 -6.178723 -27.380217 4
-4.271523 -6.264723 -28.329117 10
-3.617523 -5.667923 -27.856317 4
-2.943823 -4.972623 -27.674517 10
-2.774023 -4.407723 -26.860517 4
-2.792823 -5.325823 -26.526217 1
-2.748223 -5.299523 -25.476817 1
-3.075523 -5.848723 -24.771317 6
-2.129623 -6.124923 -24.681117 1
-2.492123 -6.999123 -24.900517 6
-2.337123 -7.500423 -25.732917 12
-1.803523 -8.216123 -26.114917 3
-0.961623 -8.657823 -25.594417 10
-0.138123 -9.142323 -25.694817 1
0.586177 -9.496123 -25.088217 1
0.979177 -10.131823 -24.484617 11
0.960977 -10.329023 -23.548007 4
0.691077 -10.771323 -22.709567 10
-0.049123 -11.311923 -22.591837 14
-0.527523 -10.428023 -22.370107 13
0.032277 -9.980923 -23.084427 10
0.014377 -9.058923 -22.716597 8
0.614577 -9.674523 -22.136687 4
-0.128223 -9.611423 -21.487757 13
-0.253623 -8.632323 -21.628687 13
0.751777 -8.571023 -21.582177 4
1.148477 -7.783923 -21.176017 11
0.510377 -7.924723 -20.396807 13
0.563577 -6.920923 -20.499287 10
0.268077 -6.002823 -20.575317 3
-0.611923 -6.075423 -20.085367 4
-1.402023 -5.797823 -20.607047 10
-2.063323 -6.169323 -21.198567 15
-2.566923 -6.194323 -22.060857 4
-2.707423 -6.570323 -22.947527 6
-3.124823 -5.795523 -23.279597 6
-2.842923 -4.890523 -23.494527 9
-3.120223 -3.970523 -23.714287 4
-2.830423 -3.210823 -23.237737 10
-2.545023 -3.651923 -22.441797 5
-2.835823 -4.050723 -21.597357 10
-2.088123 -4.263523 -21.036587 13
-1.722323 -4.097523 -20.120337 5
-1.906323 -3.387623 -19.514817 9
-1.225023 -2.691423 -19.689387 4
-0.822623 -3.369723 -19.054867 10
-0.007223 -3.859623 -19.190317 7
0.785377 -3.879423 -19.663997 4
1.117277 -3.013623 -19.977517 10
1.695177 -3.387923 -19.289047 3
2.224177 -3.646523 -20.025327 13
2.799477 -2.894023 -20.493867 10
3.401977 -3.807523 -20.396527 1
3.126477 -4.746723 -20.538747 13
2.931877 -5.273123 -21.257317 1
2.469777 -5.092823 -22.106867 8
1.968377 -4.409423 -22.598487 5
1.297877 -3.877023 -22.115467 1
1.201377 -4.840523 -21.944827 4
0.682577 -5.660123 -21.955307 1
-0.287023 -5.639823 -22.054847 12
-1.010523 -5.093923 -22.357207 6
-1.135223 -5.228423 -23.282307 11
-0.319023 -5.717923 -23.277177 4
-0.620623 -6.693723 -23.481267 3
-0.484223 -7.605123 -23.184407 11
-1.053123 -8.405223 -22.880387 13
-1.791023 -8.949723 -22.998827 13
-2.055523 -9.043423 -23.934887 4
-1.613523 -8.166623 -23.869977 14
-2.192223 -8.226823 -24.700317 10
-3.023723 -7.745123 -24.520017 6
-3.397223 -8.395923 -24.022327 4
-4.016223 -9.056123 -24.423217 4
-4.575823 -8.952523 -25.274317 10
-5.375423 -8.550123 -25.595017 5
-5.997123 -8.719523 -26.389117 9
-6.770923 -8.820523 -25.765917 5
-7.625023 -8.815923 -26.154917 1
-8.397323 -9.173323 -25.721017 3
-8.533323 -9.880723 -25.025617 10
-7.772623 -10.139223 -24.568917 1
-7.575223 -10.012623 -23.652687 15
-6.767623 -10.113023 -23.017217 10
-6.076123 -10.480923 -22.533867 10
-5.120823 -10.710423 -22.665437 4
-4.192823 -10.784323 -23.041887 4
-3.681323 -11.567323 -23.248917 4
-3.016523 -12.385923 -23.552977 10
-3.062923 -12.663623 -24.457917 5
-2.575823 -13.486923 -24.418217 10
-2.194323 -14.171823 -23.891577 9
-2.055223 -13.458723 -23.183977 4
-2.780623 -12.999823 -22.689037 6
-3.060123 -13.673223 -23.290157 13
-3.814823 -13.775323 -23.847037 9
-3.918123 -14.177823 -22.939137 13
-4.206023 -13.353023 -22.606317 13
-4.229823 -12.540823 -23.198857 4
-5.175923 -12.452723 -23.187507 4
-5.229223 -13.384423 -23.527797 13
-5.427823 -13.413023 -24.511117 1
-5.695423 -14.085723 -25.201017 10
-4.840623 -14.137323 -25.646217 15
-4.203823 -13.461323 -25.768417 1
-4.606723 -12.662423 -25.387117 10
-4.258623 -12.363323 -24.530717 4
-3.760823 -11.613623 -24.830617 10
-4.037323 -10.902423 -24.254717 4
-4.876323 -11.074023 -24.778117 4
-4.553023 -10.758123 -25.663317 4
-5.009523 -11.636823 -25.938317 5
-5.751123 -11.941823 -25.458817 8
-6.683423 -12.008223 -25.321417 7
-7.334723 -12.772323 -25.399717 10
-8.243123 -12.370323 -25.488217 11
-8.962623 -11.795523 -25.707817 3
-9.302723 -10.904523 -25.608017 13
-10.027223 -10.703523 -25.024017 8
-10.082823 -10.062423 -24.247317 6
-9.348223 -9.997823 -23.647947 1
-8.520323 -10.193623 -23.217317 12
-7.980623 -10.329723 -22.370787 10
-7.609123 -10.782823 -21.689067 10
-6.663423 -11.032023 -21.676147 10
-5.752123 -10.787623 -21.392907 1
-4.840223 -11.109223 -21.660537 4
-3.895823 -11.290123 -21.816557 4
-4.055723 -11.913823 -21.002647 1
-3.190623 -11.883323 -21.217947 1
-2.561123 -12.532323 -20.790087 6
-3.030823 -12.031323 -20.069037 10
-3.274623 -12.970923 -20.125057 1
-3.030223 -13.476623 -20.974057 6
-3.858123 -13.217723 -21.485467 13
-4.127723 -12.450923 -22.049457 4
-4.993623 -12.557623 -21.814167 3
-5.104523 -13.511323 -21.644357 13
-5.406923 -14.495323 -21.790467 13
-6.253823 -14.873423 -21.910647 15
-6.180223 -14.106623 -22.517507 13
-6.540023 -13.534823 -21.846377 4
-6.835923 -12.713623 -22.314617 5
-7.085123 -11.940623 -21.817537 10
-6.621923 -12.599423 -21.235367 15
-7.037923 -13.386823 -20.811477 5
-7.162123 -12.524223 -20.285547 4
-7.049223 -11.689223 -19.770627 10
-7.901823 -11.254323 -20.001177 14
-7.994323 -10.522323 -20.598487 10
-8.574123 -9.661923 -20.436097 10
-9.299923 -9.113823 -20.346207 4
-9.062023 -9.180023 -21.309697 10
-9.932123 -8.614423 -21.303487 4
-9.675723 -8.212023 -22.132497 11
-10.409823 -8.170723 -22.733437 13
-10.539523 -7.415623 -23.313737 1
-11.080423 -7.466123 -24.096417 6
-11.772823 -8.035723 -24.500117 3
-11.884623 -7.765923 -23.542977 1
-11.786223 -8.591923 -22.851307 10
-11.280623 -9.077123 -22.189107 9
-10.992123 -8.861423 -21.311827 4
-11.814123 -8.267423 -21.546157 4
-12.810623 -8.247523 -21.719717 7
-12.488923 -7.683023 -22.463067 11
-12.905123 -6.966223 -21.957107 7
-12.045123 -7.009323 -21.502677 10
-11.163123 -7.015523 -21.916327 4
-10.981323 -6.074923 -21.972477 13
-10.182623 -5.754423 -22.414887 13
-9.438423 -5.902923 -22.983467 6
-8.450523 -6.038823 -22.676717 4
-7.801323 -6.690123 -23.030657 8
-8.486523 -7.108123 -22.449337 8
-7.730323 -7.252723 -21.907517 10
-6.903123 -6.697323 -22.380237 9
-6.839523 -7.635723 -22.613177 5
-6.438323 -7.707323 -21.760267 10
-5.931023 -7.056123 -22.203997 9
-5.344223 -7.507023 -22.796637 3
-5.754223 -7.920123 -23.693997 5
-5.237323 -8.678423 -23.235057 4
-4.720923 -8.609523 -22.437357 4
-5.092823 -8.338523 -21.610267 10
-5.517323 -7.608923 -21.139507 10
-6.062423 -6.827123 -21.173757 5
-6.234423 -6.306223 -20.309597 1
-5.513823 -6.019823 -19.709367 13
-5.529023 -5.327623 -20.350597 1
-4.686023 -5.407323 -20.919247 1
-3.772323 -5.615523 -20.932787 1
-3.698923 -6.328223 -20.327287 1
-3.392523 -7.126323 -20.743207 10
-3.763923 -7.260023 -19.901507 4
-4.099223 -8.167223 -20.114557 10
-3.298823 -8.234223 -19.445267 6
-2.782423 -7.992023 -20.243437 13
-3.450523 -8.262623 -20.927847 10
-2.702423 -7.766223 -21.350107 7
-1.809223 -7.629723 -21.107027 13
-1.017423 -8.125623 -20.847297 13
-1.126623 -9.127823 -21.111227 13
-1.923023 -9.425023 -21.495297 13
-2.499423 -8.725223 -21.680347 13
-2.402723 -8.190223 -22.477087 10
-3.144223 -8.584523 -23.004847 4
-3.067323 -7.657523 -23.286367 6
-4.023923 -7.888723 -23.185147 4
-3.885523 -7.449123 -24.108017 6
-4.609823 -8.101823 -24.041267 4
-5.241723 -8.689523 -24.429617 5
-4.934323 -9.498623 -23.979247 4
-4.108323 -10.001423 -23.732717 4
-3.652023 -9.897823 -22.916947 4
-3.875823 -9.231123 -22.272407 4
-3.905823 -8.339523 -21.832467 10
-3.603723 -7.442023 -21.905447 15
-4.499023 -7.326323 -22.176067 10
-3.986023 -6.515823 -22.231327 6
-4.870623 -6.205423 -22.453607 9
-5.223423 -5.313223 -22.401977 9
-4.953523 -4.393023 -22.417057 4
-5.771923 -4.457923 -21.925037 4
-6.725323 -4.544823 -21.608127 10
-7.139923 -5.244823 -22.110907 3
-7.103623 -6.090423 -21.554647 1
-7.223223 -6.883823 -21.063787 11
-6.721823 -7.642923 -20.728187 10
-6.954123 -8.457123 -20.312667 10
-7.801023 -7.869723 -20.347597 1
-8.678023 -8.238723 -20.298847 7
-7.992923 -8.818723 -20.778767 10
-7.090323 -9.197023 -21.045877 10
-7.050023 -10.221223 -20.937167 10
-6.375323 -10.869623 -20.507547 1
-7.052123 -10.602123 -19.918717 10
-7.212523 -10.097523 -19.063027 10
-7.161623 -10.476623 -18.145187 11
-8.019523 -10.269523 -18.424837 12
-8.480523 -11.142023 -18.288627 8
-8.596423 -10.382323 -17.576967 7
-9.370623 -10.957923 -17.405267 13
-9.715923 -10.408823 -16.762447 4
-9.565723 -9.850323 -17.552327 13
-9.517923 -9.547523 -18.502397 7
-10.353923 -9.764823 -19.061437 5
-10.056823 -9.002823 -19.748037 4
-10.591223 -8.611123 -20.432447 4
-10.847923 -7.711323 -20.133537 4
-10.958623 -6.933423 -19.508907 10
-10.498623 -6.108023 -19.322657 10
-9.526823 -5.756723 -19.535987 3
-8.616923 -5.712323 -19.402077 1
-7.797023 -5.961323 -18.952077 7
-6.946623 -5.885823 -18.408307 1
-6.088723 -5.902023 -18.815867 1
-6.422023 -6.691523 -19.272677 5
-5.482123 -7.000523 -18.976267 1
-5.055923 -6.499023 -18.272607 7
-4.615423 -7.226823 -17.905117 12
-4.864423 -8.131723 -18.141707 9
-4.162423 -8.207823 -18.835087 10
-4.390923 -7.260423 -19.031467 4
-4.998623 -7.518423 -19.790747 13
-5.189023 -8.283223 -20.423517 10
-5.922223 -8.681823 -19.921827 10
-5.724423 -7.999923 -19.208897 9
-6.273423 -7.891723 -18.369227 4
-6.848523 -8.037623 -17.565977 6
-6.788523 -8.932023 -17.988877 15
-6.057623 -9.517523 -18.322837 11
-5.862323 -9.578123 -19.236127 10
-6.779423 -9.067023 -19.280137 10
-7.779423 -8.964623 -19.241867 11
-8.455423 -9.363323 -18.572487 13
-8.537923 -8.385223 -18.597077 5
-8.983023 -7.499323 -18.742387 15
-9.428223 -7.269623 -19.548647 4
-10.114923 -7.880823 -19.318677 4
-10.911823 -7.572823 -18.782177 10
-10.458023 -8.298623 -18.301117 4
-10.533123 -9.294023 -17.949777 3
-10.667023 -10.253423 -18.202537 13
-11.584523 -10.356523 -18.504077 13
-11.741423 -9.489023 -18.227567 10
-12.066123 -8.759223 -18.772327 1
-11.770523 -9.384023 -19.503487 4
-10.974323 -9.487323 -20.012577 4
-10.724823 -10.358823 -19.754387 7
-10.132023 -11.085523 -19.350447 1
-9.246123 -10.906123 -19.547907 1
-9.525023 -10.255823 -20.199787 4
-8.981523 -11.017523 -20.515307 10
-8.315823 -11.446323 -21.069327 10
-8.947823 -12.128923 -20.692107 4
-8.407523 -12.835723 -21.090007 1
-8.839823 -12.418723 -21.834637 10
-8.542823 -13.116123 -22.413287 3
-7.645023 -13.326823 -22.688097 8
-7.975123 -12.744723 -23.406907 6
-7.331723 -12.065723 -23.056337 10
-6.445923 -11.917323 -23.143197 10
-5.620123 -11.442823 -23.261507 4
-5.634623 -11.507923 -24.234017 4
-6.280823 -11.038323 -24.895317 7
-6.199823 -10.299423 -25.479517 5
-5.586023 -10.221523 -24.793517 4
-6.419923 -10.136023 -24.374717 5
-6.611123 -10.887223 -23.772157 10
-7.280323 -11.529023 -23.903667 6
-7.960023 -11.169323 -23.383057 10
-8.867123 -11.308123 -23.729867 9
-8.815823 -11.988723 -23.062177 10
-9.442623 -12.346823 -23.631707 7
-9.972623 -12.987723 -24.208917 1
-9.330923 -13.549023 -24.717917 10
-8.552523 -14.141023 -25.086217 13
-9.229723 -14.765023 -25.325817 4
-9.504423 -15.634823 -25.227517 13
-10.118923 -15.921823 -24.491117 4
-9.385323 -15.687523 -23.974177 9
-9.755923 -15.986323 -23.137507 1
-9.248923 -15.680923 -22.392637 7
-9.920523 -15.802723 -21.792487 10
-9.961923 -15.408123 -20.936127 1
-10.206323 -14.511023 -20.591837 13
-10.282623 -13.805923 -19.951147 3
-9.901323 -13.404223 -19.202877 1
-9.146323 -13.984123 -18.949837 1
-8.574123 -13.181223 -19.050547 8
-7.945223 -12.844323 -18.314327 4
-7.510723 -13.625123 -18.631137 8
-6.744923 -13.096023 -18.401367 11
-6.295923 -12.642023 -19.027307 4
-5.859323 -12.222523 -18.248557 13
-6.064723 -11.320023 -17.974697 11
-5.473723 -10.703323 -18.253107 11
-4.998523 -10.475323 -19.125357 4
-5.213623 -10.053823 -19.954227 7
-5.457123 -9.365323 -20.579477 10
-6.083423 -9.599723 -21.251957 10
-5.325223 -9.759423 -21.831737 4
-5.774323 -8.915223 -22.267847 3
-6.617423 -8.855923 -21.947327 10
-6.477423 -9.057423 -22.910607 6
-5.791123 -9.648023 -23.287777 4
-6.088223 -9.022623 -23.984087 5
-6.960823 -8.946823 -24.329217 5
-7.856623 -9.034523 -24.511517 10
-8.779923 -8.701623 -24.570617 1
-8.303023 -8.264623 -23.871457 4
-7.822223 -8.435723 -23.060407 5
-7.579423 -8.975723 -22.253777 10
-8.326023 -8.563923 -21.851247 7
-8.605723 -7.784223 -21.300677 6
-9.571823 -7.602123 -21.229787 4
-10.104423 -7.019923 -20.643997 4
-10.507523 -6.227023 -20.963387 13
-11.161223 -5.959023 -20.291967 1
-11.695623 -5.994823 -19.498157 10
-12.211523 -5.910723 -18.735737 10
-12.031023 -5.140323 -18.225417 10
-11.484823 -4.343623 -18.015877 15
-10.589723 -4.734623 -18.057517 10
-10.494123 -4.017123 -18.687227 15
-10.242823 -4.759023 -19.285437 10
-10.269223 -4.996523 -20.317277 13
-11.092823 -4.848423 -19.855047 10
-11.034023 -4.544223 -20.763837 9
-11.497423 -5.327723 -21.059607 13
-12.256123 -4.816423 -20.630007 9
-12.772223 -5.582923 -20.253727 10
-12.609123 -6.469823 -20.612417 15
-11.873123 -6.822823 -20.099577 10
-11.113923 -6.963823 -20.691677 4
-11.731623 -7.721423 -20.707277 4
-12.599823 -7.658423 -20.281887 7
-12.108723 -8.154623 -19.601617 4
-12.806523 -7.537923 -19.344837 10
-13.563823 -7.472723 -19.887887 7
-13.782223 -7.062723 -19.067207 10
-14.015223 -7.648323 -18.256157 1
-14.405323 -8.420123 -18.684897 12
-14.452623 -8.700723 -19.636167 1
-14.506923 -8.797023 -20.566027 7
-15.000423 -8.361123 -21.306067 7
-15.756823 -8.998923 -21.276657 3
-16.537723 -9.239623 -21.870067 12
-16.107723 -10.061023 -22.072767 1
-15.870623 -10.001923 -22.941787 13
-15.631823 -10.948123 -22.758777 9
-14.829523 -10.365223 -22.770297 11
-14.158123 -10.367523 -22.028587 11
-14.778123 -9.973223 -21.432227 6
-14.618223 -9.297923 -22.143467 7
-13.974623 -8.741323 -22.642127 7
-13.149423 -9.179923 -23.039497 10
-12.800323 -9.367923 -22.170557 13
-12.012223 -9.807323 -22.408507 1
-11.394023 -10.274823 -23.033017 4
-10.690423 -9.588923 -23.412107 7
-10.026223 -9.782223 -22.740047 14
-9.799823 -9.873523 -21.814417 4
-8.925323 -9.637523 -22.209327 10
-9.264323 -10.596723 -22.484947 12
-9.061223 -11.401523 -21.949487 10
-9.885823 -11.693123 -21.477147 13
-9.798823 -10.781723 -21.191667 10
-10.645523 -10.480223 -20.832057 12
-11.307923 -9.742423 -20.963767 4
-12.238423 -9.708623 -21.154417 4
-13.039323 -9.158223 -21.148477 7
-13.538723 -8.454323 -20.514697 7
-12.898223 -8.947123 -20.057747 4
-12.978923 -9.370523 -19.124537 12
-13.506923 -10.193823 -18.807637 7
-13.636423 -10.560523 -17.949847 14
-13.357723 -10.460023 -17.040267 10
-14.176423 -11.037223 -16.887637 12
-13.929623 -11.113723 -15.896597 1
-13.242323 -11.155623 -15.253757 7
-13.490023 -10.878123 -14.328348 7
-13.767623 -10.272523 -15.024592 1
-12.947123 -9.991123 -14.69837 1
-12.304723 -9.474623 -15.144797 4
-12.201823 -8.945823 -15.962657 10
-12.886723 -8.889623 -16.730577 1
-13.518523 -8.136023 -16.618917 3
-13.239423 -7.316823 -16.922377 7
-13.235223 -6.567723 -17.522887 10
-12.855723 -6.583023 -18.359877 10
-12.691223 -7.572723 -18.173887 1
-11.918223 -7.090023 -17.894667 10
-11.691923 -7.963723 -17.739287 7
-11.251423 -7.576823 -16.920447 9
-10.472923 -7.617923 -17.452997 4
-10.361023 -6.685423 -17.480647 7
-10.159723 -5.813323 -17.241627 4
-10.309423 -5.785823 -18.182827 10
-11.123623 -5.645323 -17.714547 10
-11.529723 -4.939623 -17.183567 11
-11.290223 -4.071223 -16.869447 15
-10.889323 -4.538223 -16.056407 7
-10.798323 -5.293223 -15.495007 12
-10.670023 -5.612423 -14.570626 5
-10.001723 -5.625523 -13.820146 14
-10.185923 -6.457923 -14.339413 1
-10.053023 -6.492523 -15.333817 11
-10.977823 -6.376723 -15.360117 1
-11.291123 -6.468823 -16.330217 7
-12.113423 -6.708723 -16.703377 10
-12.253123 -5.754523 -16.608427 14
-13.068123 -5.523223 -16.986587 10
-12.723423 -4.704823 -17.201087 13
-13.427223 -4.222323 -16.801507 14
-14.300523 -3.692023 -17.156747 12
-13.735923 -3.492723 -18.029517 7
-12.878123 -3.813523 -18.026777 15
-12.899323 -4.585023 -18.630947 10
-13.271723 -5.345023 -19.242467 10
-13.866423 -5.141123 -19.968187 7
-13.615323 -4.278723 -20.386147 9
-14.368323 -4.545423 -20.936917 10
-15.212823 -4.998823 -20.904017 7
-16.134123 -5.096923 -21.053547 7
-17.088523 -5.023623 -21.246517 1
-16.800923 -4.924123 -22.169897 1
-16.691923 -4.004123 -22.299097 1
-17.559523 -4.236123 -21.952647 4
-18.339023 -4.364623 -21.485107 10
-18.921023 -4.912023 -20.896147 1
-18.403223 -5.728023 -21.099007 1
-18.802223 -6.563923 -20.964147 1
-19.657423 -6.258623 -20.604847 4
-20.437823 -5.997423 -20.047217 7
-21.034423 -5.539323 -19.465047 10
-21.440223 -6.242523 -18.958077 12
-21.673623 -6.414123 -19.849167 7
-22.381323 -6.022823 -19.325777 13
-22.138923 -5.117323 -19.052137 10
-23.006323 -5.185023 -18.632297 1
-23.918223 -4.860223 -18.766037 7
-24.333723 -5.471623 -18.124497 10
-25.099523 -5.521423 -18.768097 7
-25.206323 -4.972823 -17.966927 12
-25.987723 -5.609823 -17.993017 11
-26.001323 -6.552123 -17.559917 6
-26.300523 -7.464623 -17.434597 4
-25.886023 -8.065023 -18.060797 4
-26.794123 -7.770623 -18.619477 10
-26.053723 -8.055623 -19.148597 7
-25.787623 -8.979623 -19.146597 12
-26.695423 -8.818623 -19.163337 11
-27.261823 -9.132723 -18.468147 8
-26.671623 -9.831323 -18.705197 1
-26.148323 -10.694823 -18.781187 13
-25.284323 -11.001123 -18.534597 10
-24.533123 -10.499223 -18.774667 1
-23.663923 -10.327723 -18.432457 10
-23.269223 -10.683623 -17.470567 7
-23.622223 -9.799523 -17.301517 5
-23.811923 -9.582823 -16.348637 13
-24.257523 -9.844123 -15.489677 7
-24.475423 -8.957423 -15.287177 11
-24.521723 -8.508723 -14.458597 7
-24.375323 -7.756723 -14.994126 10
-23.554623 -7.761223 -15.573897 9
-23.583423 -6.801223 -15.759817 14
-24.108223 -6.049023 -15.975987 15
-23.876523 -5.862523 -16.842207 7
-23.719023 -6.815423 -17.311587 1
-24.095223 -7.705023 -17.631577 16
-23.080723 -7.818723 -17.349917 1
-22.736423 -6.991523 -16.897807 1
-21.954723 -6.465023 -16.837837 7
-22.267423 -6.428623 -17.881747 6
-21.998723 -7.418123 -18.045587 10
-21.080023 -7.566123 -18.431067 10
-20.899923 -7.004923 -17.610957 1
-20.048623 -6.568123 -17.563227 7
-19.587123 -6.614323 -18.374307 1
-19.805223 -5.681923 -18.318427 4
-20.033123 -4.990923 -19.011887 10
-19.090023 -4.759623 -18.789217 4
-18.383523 -4.754823 -18.167907 10
-17.849623 -5.543723 -18.447047 11
-16.890223 -5.728323 -18.417797 14
-16.266123 -6.247323 -18.934467 11
-15.494823 -6.680023 -19.355097 4
-14.926523 -6.689923 -20.165237 7
-13.954623 -6.729223 -20.374957 7
-13.906223 -6.133023 -19.656927 10
-14.729223 -5.855823 -19.231357 10
-15.204223 -5.603423 -20.039617 7
-15.615323 -4.920723 -19.604747 14
-15.360023 -4.199223 -18.950397 11
-14.807623 -4.361023 -18.231097 1
-14.146123 -5.019923 -18.489007 10
-14.150523 -5.420523 -17.582937 10
-14.608523 -6.235323 -17.269777 12
-15.335223 -6.066623 -17.977337 4
-14.844523 -6.719423 -18.462357 10
-14.714823 -7.506123 -18.981187 12
-15.208323 -7.601723 -19.807767 7
-15.438923 -8.279623 -20.417547 7
-15.569823 -9.184723 -20.262897 12
-15.606623 -9.988723 -19.790767 9
-16.479923 -10.397223 -19.614137 7
-17.117623 -10.846623 -20.183467 10
-17.040423 -10.752223 -21.116227 13
-17.478623 -9.989423 -21.701187 12
-17.445323 -9.861923 -22.624317 1
-17.493223 -8.890123 -22.588997 12
-16.959523 -8.335723 -23.096507 1
-16.526223 -9.274323 -23.097627 15
-15.935823 -8.626223 -23.394127 1
-15.192523 -9.142923 -23.103937 7
-15.324223 -9.650123 -23.864637 4
-15.915923 -9.193923 -24.448117 1
-15.081323 -8.664423 -24.305617 15
-14.460623 -8.429323 -23.546187 7
-14.981523 -7.637223 -23.711437 10
-14.680723 -7.104623 -23.008187 7
-14.761123 -6.136723 -22.857087 7
-15.351123 -6.156023 -23.586427 15
-16.225323 -6.294123 -23.223507 15
-16.305623 -7.253523 -23.471497 1
-15.702823 -7.520123 -22.802307 7
-15.884823 -7.662223 -21.906187 7
-16.555723 -8.323323 -21.559957 12
-17.232123 -8.088823 -20.828717 12
-16.468223 -7.681623 -20.495137 10
-16.112323 -6.848423 -20.470227 7
-16.823823 -6.158323 -20.515597 7
-17.378923 -6.730723 -19.948457 1
-17.964623 -6.595123 -19.173847 12
-17.866823 -7.584123 -19.132197 1
-18.745323 -7.926723 -19.333037 11
-19.343923 -8.528223 -19.764307 1
-19.493823 -9.447923 -20.085597 3
-19.791623 -10.273523 -20.412637 10
-20.707123 -10.287223 -19.932337 7
-21.426323 -10.475823 -20.510237 16
-21.946223 -11.293223 -20.401167 1
-21.785723 -11.674423 -21.267407 12
-20.808823 -11.668923 -21.665477 1
-20.369123 -12.346023 -20.994307 4
-19.520923 -11.994923 -21.204667 9
-19.016823 -12.773823 -21.507167 5
-18.544223 -13.675523 -21.525317 7
-18.541023 -14.078623 -20.690357 12
-19.244123 -13.449023 -20.620967 16
-19.189423 -12.998023 -19.779227 15
-19.603023 -12.683023 -18.984147 7
-19.982023 -13.301623 -18.340887 15
-20.768023 -13.094323 -17.693677 7
-21.639923 -12.643823 -17.959537 10
-21.466223 -11.783523 -17.591777 7
-20.665123 -11.286023 -17.288067 1
-21.197223 -10.735423 -16.663457 1
-21.293223 -9.871223 -16.158437 4
-20.838223 -9.984223 -15.312327 1
-20.070623 -9.423923 -15.023025 7
-19.536123 -8.730223 -14.543879 1
-20.346123 -8.283323 -14.252997 1
-20.105823 -8.158023 -15.167117 1
-20.310623 -8.778323 -15.823727 7
-19.492223 -8.828523 -16.392107 1
-19.184423 -9.634823 -16.747387 15
-19.299323 -8.971523 -17.433207 1
-18.600623 -9.552623 -17.773197 1
-17.966123 -9.214123 -17.100647 10
-17.165923 -9.314823 -17.659857 7
-17.483223 -10.197423 -17.490997 1
-17.772823 -10.988323 -17.876187 15
-17.932023 -10.557923 -18.769097 7
-18.839223 -10.261723 -18.836977 7
-18.458523 -9.446823 -19.256807 11
-17.590623 -9.069323 -19.364527 10
-17.544223 -8.892823 -20.334447 12
-17.515123 -9.792623 -20.671337 12
-18.376323 -9.457223 -20.944137 15
-18.637523 -8.913723 -21.670827 12
-19.343923 -8.399723 -21.366037 10
-18.887123 -7.960323 -22.196457 15
-17.958923 -7.932023 -21.866017 12
-17.752823 -6.996823 -21.912087 10
-17.056023 -6.936823 -21.188217 11
-16.185023 -6.664223 -21.515247 7
-16.737023 -6.126323 -22.108377 16
-15.845923 -5.861923 -22.125167 7
-15.130023 -5.117523 -22.093317 13
-14.574123 -5.903323 -21.849457 7
-13.822823 -5.312823 -22.138527 9
-13.570223 -5.642923 -23.005057 16
-13.216423 -6.483323 -23.177387 7
-13.330823 -7.544623 -23.186197 16
-13.639923 -7.745623 -22.235607 7
-14.416923 -7.586123 -21.719767 7
-14.355423 -6.749023 -21.278547 7
-13.487523 -6.358223 -21.251047 7
-12.713623 -5.948623 -21.637527 9
-12.199623 -5.449023 -22.244237 13
-11.758123 -5.215023 -23.038507 13
-11.830223 -4.824823 -23.959507 12
-11.969623 -3.890723 -24.231617 7
-11.907023 -3.293423 -23.318607 1
-11.817623 -2.798023 -24.186617 15
-12.304323 -2.234423 -23.556137 1
-13.071523 -1.598323 -23.398957 6
-13.246323 -0.700523 -23.098037 4
-13.635023 0.228877 -23.025237 14
-13.690623 0.867777 -22.298707 11
-14.448523 0.833377 -21.696547 12
-14.532723 1.794677 -21.698517 16
-14.020723 2.051777 -20.940677 7
-13.716423 2.904177 -20.742567 10
-13.769123 3.817277 -20.544797 16
-14.585823 3.584577 -21.030637 7
-13.875823 3.501177 -21.680257 4
-13.619623 3.429377 -22.672557 12
-13.060023 4.092877 -23.035737 7
-12.542723 3.299877 -23.233007 5
-12.539223 2.266777 -23.258367 15
-12.405823 1.356577 -23.509847 1
-12.344623 1.363677 -22.507037 11
-11.837823 0.555577 -22.438837 11
-11.167723 -0.205923 -22.398527 7
-11.989323 -0.799523 -22.519647 12
-12.508323 -1.018123 -21.744367 1
-12.600823 -0.296623 -21.065827 4
-11.722023 0.134477 -21.354077 11
-10.857123 -0.134423 -21.251497 7
-10.729523 -0.941023 -21.822737 7
-10.587723 -1.800323 -21.389617 7
-10.681723 -2.017423 -20.509397 7
-11.400423 -2.721523 -20.169677 15
-11.944723 -1.973523 -20.070117 1
-12.846023 -1.708723 -20.325627 16
-13.196323 -2.242423 -19.671317 16
-13.015923 -2.727523 -18.877147 1
-12.068923 -2.529923 -19.040017 16
-11.440323 -3.273123 -18.652827 15
-11.489223 -4.195523 -19.048047 10
-12.245423 -3.927123 -19.491657 10
-12.722023 -3.914623 -20.307797 14
-12.624923 -4.053223 -21.321607 9
-11.952823 -3.369223 -21.247937 10
-11.047523 -3.080223 -21.279507 7
-10.373823 -3.714423 -21.269377 7
-10.344623 -4.275023 -22.032727 13
-9.875223 -4.732023 -22.876407 1
-9.842623 -5.220223 -23.707067 12
-10.065823 -4.461823 -24.252117 1
-9.542823 -3.957723 -23.541437 12
-9.535823 -3.450223 -24.432617 1
-10.306623 -3.159723 -23.882747 10
-10.223023 -2.823423 -23.013097 1
-9.948223 -2.757223 -22.151527 7
-9.186923 -2.325023 -21.687857 7
-8.950323 -2.032123 -22.604027 7
-9.192423 -1.411623 -23.307987 16
-8.746723 -0.750323 -23.812667 13
-8.319723 -0.553623 -22.904527 12
-9.117123 -0.706623 -22.362257 7
-9.362623 -0.784623 -21.417737 7
-9.433423 -1.607923 -21.030587 7
-9.781623 -1.782723 -20.173847 7
-10.283623 -2.185423 -19.424347 15
-11.137523 -2.215323 -18.981297 15
-11.791823 -1.484323 -19.019617 4
-12.399723 -1.085423 -18.387977 9
-11.696223 -1.661723 -17.934367 7
-11.165323 -2.466323 -17.954557 15
-11.253523 -2.739423 -17.036667 15
-12.017523 -3.032323 -16.538327 6
-12.884423 -2.695423 -16.111637 11
-13.640223 -3.127723 -15.831197 7
-13.831923 -2.464723 -16.570137 16
-14.005323 -1.712823 -17.219917 7
-14.271823 -0.932123 -16.762317 1
-13.692223 -1.187023 -16.045367 12
-14.306223 -0.565723 -15.739677 13
-15.112023 -0.325923 -16.189967 16
-16.038523 -0.371623 -16.335287 7
-16.403823 -1.204623 -16.569847 16
-16.627823 -1.890123 -15.933237 7
-15.780923 -2.187923 -15.636887 12
-15.652423 -1.233823 -15.640377 11
-15.701723 -0.732323 -14.87697 10
-15.008523 -1.134423 -14.345639 1
-14.597023 -0.581023 -13.643635 11
-13.722323 -0.271523 -13.9856 9
-13.237823 0.149877 -13.298095 11
-13.013223 0.206077 -12.356677 10
-12.067523 0.331677 -12.477237 12
-11.197823 -0.089423 -12.160127 16
-10.837223 -0.221423 -13.042497 7
-10.936623 -1.179323 -13.286366 7
-10.117423 -1.128423 -12.843317 5
-10.079523 -1.601123 -11.982167 1
-9.681423 -2.467123 -12.233637 16
-8.997023 -2.587023 -12.865467 12
-8.337823 -3.353823 -13.121115 4
-8.106623 -3.532023 -12.236877 10
-8.707823 -4.065023 -11.731257 7
-8.897623 -4.854723 -11.212437 16
-9.443623 -4.970223 -11.939007 14
-8.601323 -5.587523 -12.148727 16
-8.086323 -5.318023 -12.837197 1
-7.240023 -5.740823 -12.545177 7
-7.387123 -5.943723 -13.482303 7
-8.233923 -5.988323 -13.949075 10
-8.918723 -5.864423 -14.671379 7
-8.886523 -6.874723 -14.887951 1
-8.575623 -7.363123 -15.653977 1
-8.011523 -6.858023 -16.208257 16
-8.625623 -6.129623 -16.224717 1
-8.170523 -5.618023 -16.865777 1
-8.250223 -4.675323 -16.644217 1
-9.010823 -4.102723 -16.749227 1
-9.848923 -3.804223 -17.023657 15
-9.649523 -3.764223 -18.015377 15
-8.707523 -3.579423 -17.833297 12
-7.967823 -3.995823 -18.251377 13
-8.004023 -3.363423 -18.999527 5
-8.180423 -2.783623 -19.765677 7
-9.110523 -2.958123 -19.678837 7
-9.379623 -2.390423 -18.898767 15
-9.208523 -2.474123 -17.964997 12
-10.024523 -2.611223 -17.465397 15
-9.421323 -2.193623 -16.922627 12
-8.846623 -1.462923 -16.625537 13
-9.755523 -1.226123 -16.317567 16
-10.533923 -1.075523 -16.874737 7
-11.092423 -0.344823 -16.862037 12
-10.634723 0.579377 -16.660247 8
-11.204323 1.153477 -17.136177 7
-11.279823 1.813277 -17.804097 13
-10.481323 1.869477 -17.153177 1
-9.715323 2.409777 -17.418037 11
-9.638123 1.966177 -18.222167 7
-10.510023 2.031877 -18.687757 16
-11.109623 1.814377 -19.431637 7
-11.535023 2.446977 -20.107227 12
-11.948123 3.293377 -19.920347 11
-12.391823 3.800677 -20.610027 1
-12.726823 3.545277 -21.490927 9
-12.672923 2.651177 -21.115157 7
-12.767923 1.672577 -21.190927 11
-12.189823 1.763877 -20.381837 12
-12.433223 0.888777 -20.607867 11
-11.726923 0.486777 -20.012077 1
-11.000023 -0.135423 -20.180637 7
-11.021423 -1.059823 -19.778447 10
-10.449123 -1.111923 -18.966527 15
-10.167123 -0.531523 -19.674357 7
-9.388723 -0.790023 -19.257717 7
-8.675423 -1.155723 -18.829387 5
-8.757323 -1.629623 -19.745807 7
-8.403623 -1.516323 -20.624967 7
-7.878823 -2.185023 -21.040467 7
-7.451723 -1.836423 -20.244907 4
-7.302823 -1.925923 -19.306607 16
-6.696223 -2.723823 -19.404897 9
-7.208123 -3.226423 -20.104887 16
-7.084323 -4.178623 -20.019277 14
-7.487223 -4.943623 -19.636117 16
-7.962423 -4.619323 -20.442497 16
-8.612223 -4.599723 -19.733777 11
-8.949623 -4.002323 -19.067067 1
-9.745823 -3.858223 -19.593127 15
-9.513523 -3.608423 -20.506147 7
-9.187923 -3.375223 -21.391067 7
-8.243723 -3.651923 -21.269697 15
-8.598723 -4.471723 -21.631177 1
-8.839623 -3.916323 -22.485577 1
-8.165523 -3.280123 -22.346787 7
-7.247123 -3.062023 -22.679537 15
-7.442923 -2.640123 -23.493347 7
-6.890023 -2.358623 -24.279217 10
-6.942723 -1.440023 -24.637817 1
-6.865223 -0.668123 -24.071117 12
-7.204223 -0.002323 -24.696717 12
-7.788523 0.623177 -25.156317 11
-8.386723 0.297077 -24.446817 6
-8.685123 0.263477 -23.574627 12
-9.190423 0.282677 -22.775077 7
-9.452423 1.038177 -22.312997 7
-8.963723 1.886677 -22.152957 1
-8.320923 1.561677 -22.821837 12
-8.193323 2.499577 -22.570087 13
-7.293523 2.400377 -22.296337 7
-6.917423 3.162677 -21.928227 16
-5.969023 3.583077 -22.027257 12
-6.576823 4.088977 -21.591327 16
-5.989523 4.513377 -22.285357 7
-6.236923 4.944877 -23.109557 13
-6.415123 3.984777 -23.388217 16
-6.078423 3.117977 -23.319537 7
-6.409923 2.158477 -23.243677 12
-6.230223 2.151677 -24.170517 7
-6.885223 2.410777 -24.797017 11
-6.542023 3.340077 -24.864617 4
-7.117823 3.681577 -25.535417 11
-8.068723 3.955277 -25.277417 15
-8.004223 3.021277 -25.002017 11
-7.654723 3.201677 -24.094417 15
-7.912623 3.868677 -23.469707 9
-8.464323 4.395777 -22.925577 16
-7.708623 4.996977 -23.241877 7
-7.746223 5.576077 -24.041417 8
-8.014823 4.714577 -24.628417 15
-8.754423 4.859377 -24.053457 15
-9.383623 5.129977 -23.364937 1
-9.163923 6.016877 -23.172477 1
-9.718823 6.175677 -22.393037 1
-9.543523 5.984277 -21.496767 7
-9.171723 5.356577 -22.117307 1
-8.368923 5.159077 -21.621097 7
-8.246023 4.181177 -21.743407 1
-8.379623 3.407877 -21.144967 1
-8.373623 2.455977 -20.714607 1
-9.123323 1.865577 -20.874977 16
-10.164423 1.701477 -20.682107 1
-10.753523 1.055377 -21.027897 11
-9.813223 0.853677 -21.299907 7
-9.774623 0.041277 -20.881477 7
-8.974123 0.322577 -20.455407 7
-8.734623 1.263377 -20.214937 15
-8.459923 1.002577 -21.078357 7
-7.876123 1.275577 -21.899447 12
-7.082723 0.715577 -22.008457 12
-6.831823 0.607377 -21.062737 15
-7.362923 1.180277 -20.523897 16
-7.747223 1.037177 -19.680657 14
-8.152123 1.935377 -19.653297 16
-8.767923 1.444277 -19.111427 5
-8.711123 0.519877 -19.491597 11
-8.269823 -0.387223 -19.679367 7
-7.590123 -0.432423 -20.465387 16
-8.327123 -0.523923 -21.098057 7
-7.976423 -0.434223 -21.985737 7
-7.225023 -0.288623 -22.538507 12
-6.771023 0.464577 -22.993277 12
-6.148423 1.048577 -22.601937 16
-5.322023 1.068677 -23.182017 11
-5.556223 0.122677 -23.038677 12
-4.527123 0.123077 -23.296187 7
-4.798423 -0.517923 -23.930257 1
-5.719923 -0.670523 -24.125617 12
-5.096123 -1.006723 -24.797917 1
-4.769723 -1.844323 -24.977217 1
-4.701923 -2.699023 -25.434417 7
-4.410223 -3.282923 -24.732117 15
-4.876923 -4.035823 -25.138417 16
-5.700823 -4.166423 -24.577517 13
-5.240023 -3.491523 -24.095617 11
-5.287423 -2.700923 -23.615407 1
-5.880123 -2.168123 -23.095197 5
-5.540123 -1.768623 -22.353497 8
-5.477523 -0.794323 -22.409837 12
-4.706523 -0.868923 -22.891517 7
-4.062723 -0.386323 -22.309857 9
-4.016223 -0.488023 -21.361427 15
-4.985423 -0.465923 -21.338047 7
-5.903123 -0.700523 -21.232007 1
-6.495223 -1.018623 -21.940177 12
-7.341923 -1.203423 -21.502877 7
-7.588123 -1.442723 -22.405557 7
-7.397123 -1.022423 -23.225667 12
-7.793523 -1.056023 -24.076917 13
-8.227823 -1.173823 -24.908817 8
-8.909123 -1.372023 -25.531217 16
-9.053023 -1.687223 -24.706817 7
-9.893223 -1.620123 -24.261017 11
-10.495223 -1.370323 -23.577117 15
-10.235723 -0.681823 -22.833727 7
-9.838023 -0.158923 -23.580607 1
-10.386923 0.422577 -23.025237 7
-10.428823 0.817277 -23.900067 15
-10.099023 1.787877 -23.727847 7
-10.151723 1.839677 -24.674417 1
-9.430423 1.827277 -25.305017 7
-8.704523 1.202477 -25.531217 11
-9.212323 0.750777 -26.269617 11
-10.113423 0.945677 -26.599717 15
-10.523623 1.764777 -27.069517 7
-9.676023 2.108377 -26.730517 11
-10.449223 2.689277 -26.565417 16
-9.781523 3.247777 -26.092717 1
-10.503523 3.824177 -26.542717 16
-11.313023 4.267477 -26.326517 16
-12.013723 4.346577 -25.640217 1
-12.208823 3.697677 -26.228817 16
-12.910823 4.406677 -26.240417 1
-12.997123 5.219177 -25.711317 1
-12.353323 5.997177 -25.733617 7
-12.243723 6.082077 -24.762817 16
-12.811723 6.716177 -24.274117 14
-12.141123 7.439677 -24.292217 1
-12.156223 7.295377 -23.418447 12
-11.429623 7.603677 -22.765667 10
-10.970323 7.055377 -23.545877 1
-10.009823 7.107277 -23.712187 16
-10.541323 7.354277 -24.472917 12
-9.827723 7.090477 -25.052117 5
-9.404523 7.994577 -25.120117 15
-8.963923 7.484877 -25.786517 12
-8.075623 7.208177 -25.689817 1
-8.260423 6.213077 -25.560917 15
-7.387723 6.221077 -25.029217 12
-6.967523 7.153677 -25.115217 16
-7.255723 7.498277 -24.211117 16
-8.042023 8.006177 -23.956927 1
-8.274723 7.217977 -24.489817 1
-8.822123 6.458877 -24.224517 1
-8.592623 5.635077 -24.727617 15
-9.124823 5.530577 -25.539117 15
-9.764223 5.985077 -26.189617 8
-9.587923 5.295877 -26.912817 16
-9.833523 5.161577 -27.806517 16
-9.862023 4.231577 -27.871017 16
-9.086223 3.697577 -28.051917 16
-8.289123 4.160477 -28.402617 16
-7.827923 4.305777 -27.555917 16
-7.598423 3.935177 -26.692417 8
-7.114323 3.051877 -26.951617 11
-6.350323 2.752477 -26.443517 11
-5.777023 3.405277 -25.978917 16
-5.188623 2.639977 -25.672817 7
-5.654623 1.842077 -26.136517 13
-5.821023 1.560477 -27.044617 11
-5.941223 0.959477 -27.764217 16
-6.604623 1.514977 -28.006817 11
-6.982923 0.896677 -28.694317 1
-7.070823 0.317977 -29.392717 16
-7.440523 -0.548323 -28.958017 1
-7.128923 -0.786123 -28.089117 16
-7.244223 -0.040323 -27.285117 1
-8.060323 0.121777 -27.769017 16
-8.687523 0.702377 -27.183117 11
-9.352423 0.743377 -27.871717 1
-9.980623 0.116177 -27.788717 1
-10.855323 0.301977 -27.396117 1
-10.428723 1.063877 -27.922617 1
-10.808323 0.807377 -28.749917 11
-11.762623 0.699677 -28.605817 1
-12.197923 -0.127423 -28.204617 7
-13.060623 0.281377 -28.303517 16
-13.064623 1.039677 -28.882017 15
-13.165423 1.881377 -28.399717 11
-12.302123 2.236377 -28.240717 12
-11.377423 2.071377 -27.986717 15
-10.729023 2.806677 -27.674917 16
-10.798123 3.773377 -27.625617 16
-11.583323 4.349177 -27.509317 16
-12.279623 3.675877 -27.370317 5
-12.943223 3.061077 -27.334217 7
-12.631323 2.689877 -26.469017 16
-13.406423 2.134077 -26.428417 12
-13.667123 1.990377 -25.541317 1
-14.173423 1.671377 -24.793817 5
-13.626123 0.885377 -24.963417 12
-12.637323 1.083677 -25.102217 16
-12.691923 0.185077 -25.380517 15
-12.194123 0.079977 -26.234817 7
-12.519323 0.673877 -26.916617 13
-12.017723 1.348377 -27.378817 1
-11.452723 2.023077 -26.884017 16
-11.386123 2.464077 -26.021317 16
-12.068723 2.499277 -25.323817 1
-11.411123 2.974177 -24.937317 1
-10.524923 3.434077 -24.846417 16
-9.531423 3.536477 -25.121717 15
-9.726423 4.199277 -24.346517 15
-9.784123 3.369977 -23.903337 16
-9.165223 3.146577 -23.257957 16
-8.991323 2.251377 -23.602827 1
-8.424823 1.773977 -24.289017 1
-7.958823 1.075377 -23.891057 12
-7.073323 0.982077 -23.869357 12
-6.885723 1.147377 -24.862217 16
-6.833123 1.661277 -25.694617 11
-6.978723 0.877777 -26.217817 16
-7.709723 1.489577 -26.140817 11
-7.678723 1.188677 -27.000817 11
-8.009723 1.365577 -27.869017 1
-8.307923 2.239477 -28.142817 16
-7.341123 2.199777 -27.915017 11
-7.311323 2.177277 -28.874917 12
-7.428123 3.148077 -28.665617 16
-6.985323 3.418277 -27.880817 16
-6.297123 3.094577 -28.410217 11
-6.570523 3.928877 -28.825017 8
-5.733323 4.379577 -28.492117 15
-5.797023 4.110477 -29.395317 1
-5.046223 4.583577 -29.773417 8
-4.929823 5.176977 -29.044517 5
-4.421923 5.976977 -29.148917 16
-4.457823 6.157077 -28.187317 16
-4.302423 5.580777 -27.360417 12
-4.641123 5.486177 -26.408017 15
-5.291023 5.910377 -25.824417 5
-5.848823 6.326977 -26.486517 8
-6.714623 5.928377 -26.394117 7
-7.047723 5.022777 -26.325117 15
-7.253323 5.358077 -27.232417 1
-7.859823 5.614977 -27.859817 1
-8.360523 5.153077 -28.575317 16
-9.066423 5.704777 -28.222317 16
-9.225723 6.661577 -28.503917 1
-9.393123 7.164277 -29.299417 1
-9.061423 6.213877 -29.364017 7
-9.932323 6.020877 -29.747817 12
-10.734523 6.412477 -29.387317 1
-10.314823 6.067077 -28.596317 1
-10.114723 5.272577 -29.086917 16
-10.434023 5.031277 -29.988217 12
-9.743323 5.223677 -30.627817 13
-9.958323 4.694977 -31.379517 14
-9.151323 4.685277 -31.864417 9
-8.768523 4.249777 -31.112517 1
-8.565023 4.595477 -30.215117 1
-8.480123 4.027877 -29.390917 16
-7.503423 4.325277 -29.385017 15
-6.800223 3.814777 -29.861217 11
-7.429023 3.017977 -29.778717 1
-8.304323 2.561277 -29.714117 16
-9.161323 2.468877 -30.263217 7
-9.293523 3.440977 -30.190217 5
-9.486323 3.604277 -29.279617 16
-10.265523 4.108577 -29.131217 16
-11.087823 3.770077 -28.777217 16
-11.748823 4.562077 -28.776917 16
-12.249323 5.317577 -28.490317 8
-11.979923 6.218077 -28.244217 5
-11.710523 6.128077 -27.324217 7
-10.899023 5.686977 -27.681717 16
-10.840723 5.781077 -26.722517 16
-10.758423 6.596777 -26.229517 1
-11.351923 6.774877 -25.357717 12
-11.237823 6.178977 -24.604717 1
-10.388223 6.097177 -24.157117 12
-10.718123 5.222777 -24.189217 15
-10.943523 4.384577 -24.545017 1
-10.191123 4.602877 -25.135317 15
-9.951123 4.795477 -26.059317 16
-9.660223 4.239877 -26.784017 16
-8.899923 4.567577 -26.294217 15
-8.821823 3.797677 -26.944617 16
-8.775423 3.454277 -26.043917 1
-8.367823 2.541777 -25.960517 11
-7.930923 2.453377 -26.839517 11
-8.836423 2.594377 -27.174417 16
-9.215323 1.828977 -27.518417 1
-9.236723 2.664777 -28.066717 16
-9.453423 2.614677 -29.061317 16
-9.840223 1.863577 -29.488017 5
-10.186423 0.978277 -29.568017 1
-10.649923 0.262077 -29.969517 1
-10.607223 0.057977 -30.878817 1
-9.876023 -0.562523 -30.680417 7
-9.342323 -0.052123 -31.276417 1
-8.709623 0.675877 -31.459217 16
-8.307123 1.475377 -31.963117 11
-7.625823 1.144477 -31.320517 7
-6.764023 0.806077 -31.088217 16
-6.175423 0.118477 -31.148417 12
