-13.641806 12.409097 -33.417505 1
-13.141206 13.003617 -32.815805 2
-12.618206 13.860817 -33.057305 1
-11.802406 14.184757 -33.536205 1
-11.499606 15.037497 -33.154405 16
-10.800906 14.545057 -32.690705 1
-10.693106 13.935357 -33.528105 1
-10.018106 13.371647 -33.918505 1
-9.671006 12.722647 -33.360505 2
-8.797206 13.128117 -33.377305 3
-8.743006 14.076177 -33.427905 12
-8.620106 14.795697 -34.095505 14
-7.930706 14.327337 -34.609405 4
-8.186306 14.277437 -35.548205 1
-8.856506 14.949247 -35.316605 1
-9.339306 15.759047 -35.293705 2
-8.892106 16.565877 -35.105105 2
-9.643806 16.246837 -34.511905 15
-9.599206 16.860437 -33.757505 14
-10.162706 17.611987 -33.361905 2
-10.940406 18.012517 -32.844905 11
-10.669806 17.754107 -32.011605 8
-9.826606 17.650167 -31.489105 1
-9.764606 16.766837 -31.259495 13
-10.376706 17.174367 -30.687215 8
-10.026606 16.738117 -29.908295 1
-9.045906 16.454877 -29.922225 15
-8.352606 15.792427 -29.678065 5
-8.857006 14.908217 -29.551335 9
-8.417506 15.117887 -28.753345 9
-7.862906 15.734547 -28.316145 12
-7.595906 16.432187 -27.714915 14
-7.130006 16.609497 -28.528455 6
-7.130606 17.516307 -28.242585 1
-7.281206 18.354047 -27.784805 8
-7.458206 17.669067 -27.085555 14
-7.979206 18.266587 -26.443145 14
-8.747706 17.749307 -26.709465 2
-8.395206 17.523827 -25.845755 14
-7.726706 16.896177 -25.296615 6
-6.980606 16.256587 -25.123885 2
-6.723706 16.365847 -26.047805 2
-7.629906 16.685777 -26.490115 14
-7.772106 15.826437 -26.043805 2
-8.163306 15.030007 -26.391505 6
-7.929006 14.123247 -26.551885 5
-7.053706 14.499877 -26.380695 2
-6.568606 15.150117 -26.848805 2
-5.971906 15.514477 -26.204335 2
-5.571606 15.534037 -27.039605 7
-5.865406 14.693887 -27.481005 2
-5.878506 13.837727 -27.860245 5
-6.412106 13.719127 -27.025885 2
-5.476406 13.484137 -26.786785 2
-4.956806 14.287187 -26.917635 2
-4.470006 14.702347 -27.679455 1
-4.283106 15.504427 -28.299815 5
-3.726606 16.209207 -27.857295 1
-3.014306 16.389647 -27.222725 11
-3.866806 16.803357 -26.895615 3
-3.792406 17.739727 -26.821975 8
-3.810206 18.549287 -27.302105 15
-3.734006 19.466377 -27.008355 1
-4.253106 20.208477 -27.394795 9
-5.036706 20.807637 -27.034715 2
-5.841806 20.446947 -26.659695 1
-6.816006 20.677617 -26.591895 2
-6.898406 19.739437 -26.404425 14
-6.459306 19.252417 -25.681595 14
-6.459006 18.281227 -25.634605 14
-5.478006 18.158127 -25.560045 9
-5.258206 18.732147 -26.314955 8
-5.944906 18.822597 -27.099435 14
-6.070706 18.181247 -27.839675 1
-5.993906 17.347037 -27.354915 1
-6.212506 17.682697 -26.475665 14
-5.609706 17.148327 -25.990275 2
-4.671006 17.265147 -26.171325 8
-4.934906 16.336077 -26.012075 2
-4.160206 16.506137 -25.506025 8
-4.032306 15.681517 -25.021075 10
-4.941506 15.738397 -24.682575 2
-4.679606 15.609977 -23.787025 2
-3.904606 15.105767 -24.039905 1
-3.093406 15.532477 -23.747975 1
-3.420806 15.335587 -22.864195 15
-3.576606 14.492067 -23.171865 12
-4.400506 14.548317 -22.610815 11
-3.747006 13.896627 -22.38325 6
-4.234506 13.691797 -21.56698 14
-5.196106 13.633897 -21.517408 1
-4.940006 12.684497 -21.61285 7
-5.666406 12.249687 -22.020927 1
-5.883106 11.717788 -22.786055 1
-6.580606 12.310477 -23.108855 1
-6.403406 13.262667 -23.608465 1
-6.977406 14.065287 -23.557315 2
-7.283906 14.970027 -23.766055 2
-8.095206 15.401407 -23.488515 3
-8.446706 15.188657 -22.493812 1
-7.939606 14.502497 -22.029247 1
-7.123006 15.039767 -22.030002 14
-6.329006 14.853697 -21.486713 1
-6.125106 14.695937 -22.467513 1
-6.002506 14.439477 -23.349415 2
-6.352406 15.367727 -23.589645 2
-6.951406 15.856687 -22.907365 2
-7.162106 16.655707 -22.419884 11
-7.676806 16.721327 -23.227155 2
-7.796906 17.710327 -23.312045 14
-8.022406 18.563597 -23.133155 14
-8.771506 18.671227 -23.817005 5
-9.218806 18.607577 -24.725375 14
-9.399006 19.556467 -24.981735 2
-8.442106 19.712667 -25.212105 14
-7.971206 19.085867 -24.747125 14
-7.407306 19.676287 -24.301525 14
-7.416606 19.737517 -23.346795 5
-6.532306 19.856937 -22.967225 5
-6.533806 19.081647 -23.655955 14
-5.672506 19.322977 -23.289825 2
-4.914606 19.697817 -23.626505 2
-4.277506 20.356787 -23.163235 1
-3.572406 19.860757 -23.566385 2
-3.119506 19.107397 -23.863755 9
-3.631306 18.468897 -23.338795 15
-3.357806 17.678517 -23.809885 8
-2.858606 18.174637 -24.474915 2
-3.690606 18.204557 -24.998915 8
-3.125606 18.580127 -25.711055 8
-2.550706 18.948227 -25.078515 6
-1.733506 19.324517 -25.548985 2
-1.037106 18.717837 -25.248285 15
-1.082006 18.087787 -25.908915 15
-0.607406 17.300577 -25.556415 1
-0.056206 16.878017 -26.228165 8
-0.062106 15.993997 -25.863985 12
-1.062506 16.013807 -25.920875 12
-1.710306 16.038837 -25.248475 6
-1.986206 16.897697 -25.619435 14
-2.784306 17.039207 -25.055265 8
-2.969406 16.108287 -25.216625 1
-2.721606 15.277557 -24.792755 3
-2.918206 14.341637 -24.548425 2
-3.801706 14.273757 -24.774385 9
-4.749406 14.386677 -24.882545 2
-5.700506 14.110537 -25.041075 2
-5.586406 13.808857 -24.120185 2
-4.725306 13.334527 -24.252115 8
-5.009806 12.741897 -24.956885 14
-5.155806 12.016267 -24.211565 5
-5.513106 11.290676 -24.744495 6
-5.314606 10.967703 -25.676925 1
-6.277306 10.89731 -25.640315 2
-6.982806 11.43622 -25.951145 5
-6.975706 11.320822 -25.006395 11
-7.148406 11.462756 -23.981725 1
-7.714006 12.000157 -24.524055 5
-7.173006 12.712777 -24.917025 1
-6.520906 13.448057 -24.774605 2
-6.666606 14.094047 -25.514365 2
-7.467406 14.372097 -25.015725 2
-7.418806 15.237017 -24.657065 2
-8.019906 16.005217 -24.670575 1
-8.549206 16.820087 -24.501315 1
-8.306106 17.717437 -24.342805 2
-7.804106 18.167697 -24.995045 14
-7.460606 18.697617 -25.636045 14
-7.856806 19.266817 -26.375055 14
-8.156706 19.462537 -27.292435 15
-8.786206 18.961897 -26.836135 2
-9.630006 18.508667 -26.639425 2
-9.518606 19.166397 -25.898745 14
-9.229406 20.072217 -26.142195 6
-8.696306 20.856197 -25.996355 15
-7.738306 20.816477 -25.980245 14
-7.091306 21.162327 -25.327905 3
-6.307106 20.578687 -25.438605 15
-6.514806 19.872187 -24.837625 14
-5.660206 20.259837 -24.700615 2
-5.066306 19.462297 -24.646585 2
-4.744406 18.653817 -24.950505 8
-4.669106 17.735517 -25.061555 8
-5.354506 17.128857 -24.713255 2
-6.317406 16.870837 -24.578855 2
-6.911106 17.622797 -24.800735 14
-6.878006 17.415307 -23.836165 2
-6.240406 18.129677 -23.994595 14
-5.779606 17.851057 -23.219925 9
-5.014206 18.363727 -22.919905 8
-4.225106 17.924957 -22.601445 9
-3.633906 17.815637 -21.871106 1
-3.329906 17.241467 -22.594615 1
-4.146206 16.850297 -22.666675 5
-4.306606 17.075087 -23.627275 8
-5.132606 17.076477 -23.185715 1
-5.914906 16.515597 -23.217125 14
-5.790306 16.098517 -24.111165 2
-6.376506 15.573977 -24.627555 2
-5.851106 15.074637 -25.202475 2
-5.073306 15.258697 -25.702875 2
-4.421006 15.442377 -26.321195 3
-3.619706 15.507457 -26.842915 3
-2.728906 15.161447 -26.566865 2
-2.879606 14.293457 -26.948175 7
-2.115906 13.733347 -27.005165 1
-2.412106 13.716727 -27.916025 4
-2.161606 14.134027 -28.747275 1
-2.805306 14.573287 -29.326375 2
-2.200706 15.359477 -29.248245 1
-1.664206 15.356347 -30.019355 14
-2.179406 16.077527 -30.431035 2
-2.343906 16.580077 -31.186425 3
-3.240706 16.147777 -31.045545 1
-3.546206 15.685437 -31.918005 14
-3.154206 16.416177 -32.389805 8
-2.323006 16.678687 -32.772905 6
-2.046806 17.509107 -32.261505 12
-1.210306 17.366537 -32.700205 10
-0.807006 17.524317 -33.601405 2
-0.181906 16.845247 -34.020605 1
0.552394 17.222767 -33.632105 8
0.795094 17.762297 -32.850105 2
1.660994 17.641917 -33.210205 2
2.078394 17.419917 -32.381605 6
1.597394 17.915037 -31.746805 2
0.658494 17.940617 -31.778905 9
0.962094 18.829847 -31.714805 2
1.481994 18.993087 -30.965605 1
1.923794 18.467947 -30.356065 8
1.775494 17.483017 -30.258965 7
1.141394 16.876087 -29.875215 1
0.622294 15.943097 -29.820595 3
0.296994 16.749547 -29.342345 1
-0.228506 17.203257 -28.648565 2
-0.736306 17.977467 -28.287815 14
-1.687706 17.757227 -28.463805 8
-1.911106 18.149177 -29.384955 1
-1.294106 18.791277 -29.817075 14
-1.578906 19.362977 -30.499335 3
-2.135906 19.381677 -31.256785 12
-2.181906 20.346937 -31.326405 2
-2.940106 21.000227 -31.445435 5
-3.321606 20.948227 -32.327205 3
-2.908106 21.692727 -32.754405 15
-2.310206 22.057827 -32.006105 14
-1.414906 22.210627 -32.363905 8
-1.944706 21.825627 -33.056605 3
-1.337006 21.833827 -33.866305 1
-0.727306 22.412327 -33.444305 11
0.011394 21.900127 -33.849105 2
0.070494 21.006427 -33.605005 5
0.772094 20.410777 -33.502305 2
1.051294 19.662677 -33.940505 2
1.748994 20.235287 -34.186805 2
1.838994 20.011517 -35.130005 1
2.624694 19.830187 -35.726205 14
2.206594 18.989797 -35.576105 2
1.557594 18.590657 -36.245305 1
2.313494 18.952287 -36.694805 14
1.809594 18.940917 -37.697305 1
1.314994 18.184237 -37.309205 1
1.049994 17.533117 -38.025505 2
1.179894 18.009957 -38.857305 3
2.128894 18.075327 -38.724405 14
2.770694 18.094347 -39.393705 4
3.331494 17.276567 -39.186105 1
3.420994 17.965457 -38.491005 2
4.144694 18.194887 -37.888405 14
4.272894 17.426597 -38.465405 1
5.119794 17.192067 -38.158205 2
5.045694 16.629937 -37.402305 2
4.478694 16.441067 -36.610705 6
5.007694 16.026677 -35.879905 9
5.457394 15.272687 -36.260505 9
5.138394 15.364017 -37.148705 2
5.130794 14.398787 -37.426005 9
6.065094 14.590377 -37.642105 9
6.274594 15.482647 -37.957205 6
7.036194 16.001887 -37.696305 2
7.336894 16.094607 -36.744705 2
7.434294 15.232157 -37.243505 6
6.953294 14.513097 -36.842805 9
6.498894 15.279347 -36.427405 9
6.159094 16.043367 -36.882105 2
5.807094 16.870597 -36.642105 2
5.941294 17.547707 -35.957105 3
6.263394 18.327967 -35.510805 8
5.510594 18.698067 -35.145105 8
5.653394 19.454237 -34.565005 8
5.275494 20.374917 -34.444505 6
5.262194 20.070877 -35.337105 8
5.104594 19.268717 -35.865305 8
4.481694 19.764807 -36.296205 14
5.152794 20.457847 -36.314605 2
5.945494 19.894287 -36.528305 8
5.361494 19.809987 -37.293105 14
5.711194 20.123327 -38.157305 2
5.928694 19.254667 -38.518205 3
5.822094 18.610307 -37.737505 6
5.120894 18.343197 -37.138005 14
5.829294 17.698107 -37.289105 2
6.588994 17.805117 -37.875105 2
6.633394 18.178777 -36.958905 3
7.473194 17.933677 -37.279605 2
7.986994 17.430887 -38.090105 3
7.167594 16.924927 -38.177205 2
7.153694 16.710147 -39.119205 3
6.345894 16.689447 -39.604505 12
5.895194 16.996637 -38.879305 2
5.638094 16.097307 -38.672605 2
5.251394 15.650477 -39.407605 12
4.525994 16.350857 -39.320205 1
4.247794 15.607137 -38.745105 3
3.531894 15.978527 -39.245605 10
3.209294 15.842487 -38.345005 1
3.402794 15.374297 -37.524305 2
3.956694 14.948317 -36.925905 1
4.147494 14.805457 -35.973405 9
3.188794 15.059777 -35.902205 1
3.230294 15.874257 -35.451405 8
3.825594 16.660127 -35.172705 14
4.614394 16.934977 -35.649405 1
5.406594 16.798637 -35.174805 9
5.618994 17.699947 -34.708605 8
6.477794 17.274007 -34.538305 3
7.194994 17.894707 -34.291105 8
7.786794 17.780477 -33.543005 2
7.487594 18.382957 -32.810605 1
8.341994 18.872997 -32.514505 2
9.279794 18.865687 -32.839505 6
9.636794 18.955757 -31.957705 2
10.228994 19.426017 -31.372195 8
9.973294 20.060347 -32.047105 14
9.532994 20.219037 -32.949505 2
10.128294 20.953227 -33.043505 1
9.968794 21.828227 -32.630905 3
9.389194 21.610727 -31.902205 7
9.372794 22.595227 -31.732005 6
9.256694 22.722627 -32.691605 2
9.633894 22.660127 -33.560205 2
8.919894 21.996527 -33.485205 6
8.064594 22.385527 -33.669305 1
7.305594 22.848527 -33.277505 3
7.507094 21.992427 -32.913405 1
6.683494 21.527127 -32.788505 2
6.701394 20.593197 -32.795605 14
6.671694 19.639947 -32.904205 14
6.235194 18.978027 -33.438105 8
5.593894 19.669087 -33.204605 3
4.824994 19.492087 -33.771605 8
4.016894 19.644127 -33.261505 2
3.497294 20.366867 -33.505305 9
2.585394 20.086397 -33.683005 2
3.275294 19.612507 -34.166705 2
3.810294 20.200047 -34.763005 8
4.063794 21.109027 -34.395905 9
4.476094 21.248827 -35.281505 14
3.662894 21.175527 -35.881505 12
3.094194 21.170927 -35.119005 3
2.467894 21.564827 -34.349605 1
1.695094 21.277827 -33.824805 2
0.895194 21.444327 -33.200205 9
1.007794 20.987627 -32.396305 2
1.366194 21.270827 -31.529705 1
2.034194 20.688817 -32.026005 3
2.778594 20.216057 -32.505505 2
1.985594 19.601707 -32.330805 2
2.482094 18.789247 -32.019805 2
2.606594 19.437907 -31.309975 10
3.277694 19.674857 -30.686945 9
4.118994 19.231537 -30.330555 1
4.422294 19.677147 -31.112655 1
5.163294 19.321747 -31.695605 3
4.438794 19.353447 -32.290705 1
3.645294 18.961487 -31.968105 2
3.324994 18.051207 -31.889205 6
2.706694 18.122197 -32.756305 2
3.596194 17.935307 -32.885605 6
3.596394 17.570467 -33.847705 12
4.577394 17.498557 -34.006605 8
4.913794 17.335917 -33.088505 6
5.803694 17.031817 -33.425005 2
6.097594 17.952477 -33.462405 8
5.998194 17.922917 -32.527405 14
5.338294 17.391197 -32.064705 6
5.071994 18.336237 -32.148405 3
4.594694 18.509997 -33.023505 3
4.195394 18.644267 -33.893405 8
3.230294 18.614327 -34.002805 2
3.473194 17.968397 -34.748305 4
3.705294 18.735517 -35.390305 8
3.973294 18.544897 -36.311805 14
3.335294 18.569347 -37.106405 14
2.611494 18.233527 -37.712205 1
2.762894 17.567477 -37.026705 2
2.825594 17.383287 -36.065205 1
2.161294 17.850607 -35.600505 1
1.891894 18.109097 -34.638505 2
0.907694 18.080677 -34.702905 12
1.192894 18.999207 -34.678505 2
0.385994 19.428307 -35.026705 3
-0.112806 19.633447 -34.253905 3
0.047394 19.298827 -33.286005 1
0.994994 19.511947 -32.987305 2
1.896494 19.408347 -33.414905 2
2.227094 18.509667 -33.561205 2
2.627994 17.752797 -33.966505 3
2.337794 16.875127 -33.517405 1
2.791894 16.258957 -32.981005 6
3.799494 16.426647 -32.882305 6
3.554094 15.916897 -33.721005 14
4.441294 16.150737 -34.098705 2
5.109194 15.656477 -34.448405 9
5.947994 15.135607 -34.565705 9
6.834794 15.385957 -34.767205 9
7.118194 15.945257 -35.486605 9
6.761794 16.698537 -36.022105 2
7.265694 17.489327 -36.169905 2
7.604194 18.325117 -35.779605 14
7.135994 18.978857 -35.162505 8
6.820994 19.529937 -34.501105 8
6.983394 20.501547 -34.742805 3
6.803794 20.334177 -35.704305 2
7.194894 19.798557 -36.455705 3
8.061094 19.966687 -36.885605 1
8.586394 20.203277 -37.692005 2
7.585294 20.212157 -37.971705 2
6.765394 20.789247 -38.353805 8
7.502394 21.443827 -38.481505 2
7.336394 22.305227 -38.898705 3
6.332494 22.069227 -38.824805 8
5.584194 22.659527 -38.623005 10
5.545094 23.185427 -39.446805 2
4.606294 23.042427 -39.841105 1
4.476294 22.137427 -39.575705 2
3.872094 21.633827 -40.030405 7
3.487394 20.642477 -40.183505 3
2.929094 20.016307 -39.534805 3
2.499794 20.510327 -38.878005 8
2.755094 20.389677 -37.889505 6
3.331494 19.640667 -37.621305 14
3.803594 20.318587 -37.290605 14
4.336194 20.030067 -38.066705 2
4.822194 19.280827 -38.253605 14
5.145094 19.629997 -39.035305 3
5.537494 19.077937 -39.701605 6
6.491094 19.186177 -39.454505 4
6.610894 19.831637 -40.184405 3
6.875394 19.995767 -41.058205 2
7.539894 19.299697 -41.267505 5
7.381194 19.227807 -42.243405 3
8.032794 19.864077 -41.937905 2
8.359594 20.239397 -41.115605 6
8.796394 19.583917 -40.542005 2
9.210594 18.834287 -40.052205 3
8.598994 18.076567 -40.025105 10
9.429194 17.762117 -39.733305 7
10.000394 17.049327 -39.458705 3
9.240594 16.525557 -39.559605 1
9.894094 15.863217 -39.228105 3
10.629594 15.678697 -38.547805 5
10.608794 16.062687 -37.618305 13
11.380594 15.760977 -37.142905 2
10.807894 16.094657 -36.427405 1
10.102694 16.422417 -35.821205 14
10.008494 15.527187 -35.476705 1
9.244094 15.292257 -34.896505 10
8.599294 14.598757 -35.039805 1
7.653994 14.712927 -34.677005 9
7.528394 13.946747 -35.203105 9
6.915894 13.274487 -34.939605 3
6.610294 12.431687 -34.608605 3
7.596594 12.545957 -34.407805 3
8.524694 12.948507 -34.222605 8
8.821794 13.416777 -34.990705 9
8.404394 12.712317 -35.524005 3
9.099094 12.548257 -36.148005 1
8.977494 11.626532 -36.247505 8
8.424194 10.879939 -36.495605 1
7.536794 11.164266 -36.625605 2
6.976794 11.198178 -35.743605 3
6.259794 11.731485 -35.290905 3
5.702094 11.116751 -35.862605 13
4.761694 11.124202 -35.721105 3
4.945094 10.410716 -36.347405 1
4.194994 9.948568 -36.736005 3
4.300994 9.181097 -37.375805 4
5.145194 9.071917 -37.737805 12
5.794294 9.293627 -37.063805 2
6.164394 8.376747 -37.024805 5
5.703994 7.685627 -35.380105 10
6.055694 7.065247 -36.005105 9
6.874794 7.245467 -35.405605 9
7.673094 6.754667 -35.434505 2
8.484494 6.277167 -35.033105 3
8.520094 6.176867 -34.072205 10
9.358794 6.442027 -34.522105 3
10.079694 7.121397 -34.593305 3
10.206394 7.985857 -34.090105 1
10.952794 8.501147 -33.700305 10
10.519594 9.409367 -33.469205 1
9.628194 9.433107 -33.834905 1
8.892794 9.447967 -33.253705 6
8.382894 9.611867 -34.082805 8
8.628194 8.858217 -34.595205 1
8.934594 9.550287 -35.193405 2
8.306194 10.252632 -35.393205 7
7.962094 11.183609 -35.503005 3
8.276194 11.88565 -34.949005 3
8.392894 11.323127 -34.155605 8
9.184494 11.342416 -33.592105 9
9.150894 10.726816 -32.873005 6
8.759094 10.75173 -31.985605 6
8.638794 11.471907 -31.247155 13
9.307394 11.125386 -30.536205 9
9.037094 10.547411 -29.746475 12
9.305594 9.659337 -30.097095 9
8.454994 9.360417 -30.458535 6
7.687594 9.545327 -29.921585 3
7.512294 9.728327 -30.872445 6
6.569994 9.967791 -30.709235 3
5.811894 10.218138 -30.174575 4
5.732894 10.885652 -30.869255 3
5.331894 11.760786 -31.140005 5
5.640094 11.335362 -32.075605 3
4.998094 10.841047 -31.549805 3
4.245194 11.407701 -30.962965 5
3.865994 11.008212 -30.222045 9
4.743294 10.835574 -29.884825 10
4.268994 10.81825 -29.023105 8
3.691394 11.612158 -29.286555 14
3.047994 10.999164 -29.013355 3
2.705294 11.916875 -29.041115 9
2.321594 12.635117 -29.581355 14
2.277494 11.878193 -30.171025 3
2.862594 12.685657 -30.465395 10
3.734594 12.287367 -30.503185 5
4.177494 13.060417 -30.223355 5
3.883794 13.364717 -29.308475 1
3.820394 13.094797 -28.388355 1
3.563294 13.615667 -27.557295 1
4.511294 13.696997 -27.543115 4
4.591894 13.540037 -26.557205 3
5.280294 14.191107 -26.504375 1
5.894794 14.858647 -26.648675 1
6.730494 14.508337 -26.196185 1
6.756294 13.767967 -25.571645 9
6.466194 13.025027 -26.062235 3
6.820794 12.087367 -26.192525 1
7.013794 12.386967 -27.071305 9
6.689494 13.004097 -27.827705 3
6.583794 12.133947 -28.205925 4
6.219494 11.610481 -28.906475 3
5.719494 10.857838 -29.269595 6
5.900894 11.495965 -30.022445 10
6.628394 11.739554 -30.647925 15
7.002994 10.964232 -31.033075 13
7.523394 10.449204 -31.700905 6
6.724994 10.845219 -32.154805 3
6.719794 11.783718 -31.931205 13
6.721194 12.263567 -32.817505 3
6.988894 11.950107 -33.698605 3
7.802194 11.966267 -33.126805 11
7.698794 10.987065 -33.215405 6
6.928894 10.801612 -33.814805 3
7.273494 10.002548 -33.267405 6
6.346294 10.101736 -32.937105 3
5.428094 10.404784 -32.757005 3
4.503494 10.539375 -32.513905 9
3.854794 11.009311 -31.949205 5
3.072294 11.3039 -31.518995 3
3.713894 12.046807 -31.524405 5
2.774994 12.670187 -31.670305 1
1.803194 12.370507 -31.442225 3
0.871994 12.667567 -31.285525 9
0.960194 11.754659 -30.943005 3
0.568194 11.412789 -30.131525 4
1.124394 10.766451 -29.684965 8
1.975194 10.826169 -30.181175 3
1.916794 9.868467 -30.079235 12
1.705294 8.926007 -30.268455 4
0.679894 9.217547 -30.291705 8
0.067894 8.501797 -30.100485 9
-0.321406 7.907687 -30.817615 1
-1.166306 8.409417 -31.109615 6
-1.930306 8.975767 -31.015595 1
-1.244406 9.547477 -30.627185 3
-0.496106 10.095969 -31.029055 5
0.183594 10.703263 -31.010975 1
1.088794 10.61514 -30.911825 3
0.890494 10.586755 -31.855705 2
1.181094 11.499475 -31.948605 3
2.086494 11.257971 -32.259405 3
2.608594 11.994167 -32.648905 5
2.120494 12.848907 -32.695705 6
3.046694 13.088777 -32.673405 10
3.449594 12.649437 -33.449005 5
3.088594 12.520867 -34.354005 1
4.003894 12.624467 -34.415105 13
4.460494 11.891502 -34.893605 3
5.195994 12.004027 -35.653405 3
4.985694 12.467507 -36.487905 10
5.321794 13.355977 -36.760305 9
4.803894 14.143767 -36.379105 9
4.533494 13.349957 -35.862305 13
5.053994 13.334677 -35.035005 3
5.707594 13.870927 -35.551805 9
6.239694 14.728987 -35.577205 9
6.749494 13.939687 -35.875305 9
6.853294 13.017207 -36.132105 3
6.418294 12.155217 -36.322105 3
5.929594 11.498858 -36.870305 14
6.014894 11.710043 -37.830605 3
5.180594 12.039447 -38.224405 9
4.271394 12.248867 -38.457505 8
3.699494 12.899057 -38.930805 6
4.005994 13.297077 -39.808805 1
3.295094 12.821907 -40.303005 3
3.892194 12.194257 -40.753405 1
4.755594 11.842341 -40.630605 3
4.822294 11.199787 -39.910605 9
5.329694 10.893107 -39.132105 1
4.915194 10.474222 -38.336205 1
4.309794 9.695857 -38.287505 3
4.217994 9.036937 -39.028605 6
3.870094 8.102217 -38.844205 4
3.368194 7.787207 -38.078905 4
2.596094 7.394407 -37.657205 1
2.057094 7.958257 -36.950005 3
1.901994 8.642277 -36.161105 5
1.127994 8.967897 -35.746105 9
1.400794 8.291347 -35.141805 8
1.933194 9.048697 -35.042605 1
2.596394 9.635517 -34.741005 5
1.828394 10.145842 -35.078105 3
2.472694 10.684987 -34.639205 10
2.914294 10.793493 -33.743505 5
3.439894 11.588663 -33.457705 6
4.451394 11.481905 -33.328705 5
5.318694 11.633922 -33.674005 3
6.235794 11.508189 -34.194705 3
6.428194 10.69608 -34.733805 3
6.443594 9.667757 -34.891005 11
5.598594 10.100862 -34.827705 3
4.697594 9.913197 -35.227805 15
4.074494 9.967555 -34.527805 10
4.701794 10.58107 -34.074105 3
4.990094 9.827407 -33.557505 3
4.949694 9.061477 -34.157505 12
5.872394 9.023077 -34.479105 9
6.246394 8.840667 -33.612805 3
6.220294 7.996677 -33.166905 4
5.855494 8.235037 -32.307005 3
5.947294 7.281777 -32.168005 14
5.241894 6.920737 -32.818305 1
4.594794 7.271617 -33.458605 3
4.112094 8.029917 -33.239805 8
3.579094 8.672857 -32.773105 1
4.323694 9.190927 -32.951005 3
4.104794 9.527977 -32.058805 5
4.917894 9.892667 -31.894705 3
5.554294 9.164167 -31.603905 3
6.075094 8.365257 -31.230775 13
6.911194 8.836887 -31.327025 6
6.517994 9.313557 -32.098505 3
7.497494 9.379967 -32.058805 6
8.392794 9.112737 -32.358405 6
9.092294 8.822507 -31.637705 6
9.673994 9.427017 -31.100045 9
9.313794 10.310277 -31.210325 6
10.041694 10.867063 -31.386055 9
10.694894 10.139707 -31.510425 4
11.159294 10.719668 -30.816935 9
11.729594 10.508464 -31.560005 3
12.026394 9.658797 -31.364765 3
11.253094 9.686897 -30.651085 9
11.171494 8.924867 -30.051355 1
11.050594 8.109747 -30.568355 1
10.692494 7.254527 -30.350795 1
9.843894 7.420897 -30.010575 9
9.249694 6.916457 -29.467635 10
10.066494 6.650627 -29.044555 1
9.537594 5.843207 -28.887105 5
8.601194 6.209617 -29.063465 3
8.322194 6.125497 -30.014045 13
7.913894 5.954637 -30.850935 3
7.704294 6.864197 -30.896155 1
7.157794 7.417827 -30.358425 5
7.775194 8.123917 -30.506085 6
8.450294 7.964367 -29.825385 8
8.844894 8.648567 -29.192185 3
9.214394 7.864507 -28.729675 4
9.445894 7.064897 -28.245095 3
9.409294 7.424907 -27.320475 9
10.318694 7.487507 -27.220045 5
10.446894 8.361357 -26.802155 3
10.322394 8.369337 -27.781845 6
10.282594 9.305097 -28.145675 4
11.109894 9.268917 -27.695905 8
11.920794 9.777827 -27.738485 15
12.705394 9.734257 -28.204285 8
13.079394 10.61253 -28.185115 3
12.294994 10.954682 -28.782825 3
11.405694 11.206999 -28.587835 9
11.063494 11.993647 -28.243605 9
10.256694 12.525187 -28.431515 3
9.795494 13.335887 -28.775175 3
8.874594 13.478767 -28.906725 5
9.138394 12.704417 -29.344355 4
9.728794 12.068757 -29.825765 9
9.371294 11.657723 -29.048365 9
8.629494 11.894082 -29.590875 3
8.042994 12.312187 -30.327885 13
7.621194 13.031657 -30.909135 13
7.197194 13.728727 -30.341995 3
6.950994 14.275587 -31.075255 1
7.726794 14.793767 -31.234335 9
8.112694 15.524557 -30.736395 14
7.541494 16.241217 -30.965205 1
7.087194 15.509717 -31.256045 10
6.111394 15.403247 -31.302795 3
5.849594 16.226977 -30.854865 1
5.123894 15.542057 -30.913425 15
4.731194 15.879057 -31.674605 3
3.852894 16.215727 -31.771305 6
3.901494 15.470597 -31.199565 1
3.727394 16.253787 -30.655955 3
4.454894 16.754867 -31.008945 10
3.544694 17.160337 -31.190735 6
2.633394 17.028617 -31.373325 3
2.533094 16.137717 -31.815805 6
2.644994 15.331717 -31.210185 3
2.370094 14.817477 -31.926605 6
2.372094 13.870647 -31.940305 10
3.420694 13.803837 -32.082105 5
3.763794 14.454377 -32.743105 6
4.331894 13.645877 -32.612905 13
4.167694 12.843987 -32.151505 5
4.628894 12.569297 -32.917505 5
4.874894 12.755197 -33.815605 3
4.777794 13.715507 -33.915205 6
5.404194 14.095337 -34.530505 9
6.006794 13.382677 -34.464205 3
5.812294 13.629107 -33.559605 3
6.611294 14.188187 -33.585705 9
7.540794 13.868457 -33.634905 3
8.413594 13.820557 -33.283905 11
9.415094 13.769597 -33.347805 8
9.894194 13.302937 -32.584205 1
10.105794 12.555077 -31.946205 9
10.592994 11.731794 -31.993005 9
10.823294 11.164412 -32.754405 4
11.205794 11.719485 -33.492905 1
11.128694 10.769373 -33.709305 4
11.859994 10.918506 -33.078805 3
12.705394 10.510924 -32.941005 3
13.428194 10.838594 -33.511305 1
12.967194 11.608157 -33.082105 3
12.158194 12.147597 -32.731505 3
11.903994 12.566317 -33.566505 1
12.810694 12.929307 -33.463605 1
13.563394 13.342657 -33.072305 8
13.477794 13.732607 -32.201605 3
14.205794 14.247027 -31.933005 9
14.747594 14.776297 -31.326375 3
14.447794 15.523617 -30.816645 10
13.594694 15.253647 -30.432605 6
13.854794 14.308367 -30.504115 6
14.327494 13.645457 -31.048575 9
14.504994 12.699937 -31.226895 3
14.569794 12.657787 -30.331765 3
14.937194 12.158397 -29.486165 5
14.868294 11.593575 -30.252995 3
15.153194 11.754633 -31.140815 3
15.513194 12.506827 -31.610405 9
15.683294 13.283337 -31.006245 9
15.704494 12.977307 -30.062355 15
15.977394 13.170357 -29.138625 5
16.036294 14.138817 -29.149545 1
15.231594 14.639097 -29.201545 13
14.867894 13.923727 -29.798375 5
14.252294 14.233537 -29.156485 1
13.780094 15.093427 -29.172555 13
13.187994 14.761687 -28.495505 3
12.692794 14.324687 -29.142315 6
13.237494 13.716827 -29.581735 6
13.992794 13.140227 -29.613205 5
13.514194 12.617177 -30.228235 3
13.687894 11.696045 -29.856685 3
13.402294 10.982048 -30.394595 3
13.378094 10.043516 -30.132005 3
13.073394 9.283337 -29.583625 10
12.389594 8.858897 -30.112275 6
12.948494 9.279547 -30.787675 3
12.988294 8.375257 -31.083955 4
12.094594 8.541617 -31.499845 6
11.445994 7.709697 -31.664005 3
11.849294 6.920387 -31.132315 12
12.781594 6.804547 -31.089165 11
13.712394 6.703857 -31.252535 14
13.189594 6.583727 -32.098505 3
12.557594 6.381147 -32.820205 4
12.753794 7.369427 -32.841705 4
12.695494 7.822267 -31.953005 13
13.124594 8.614707 -32.361805 8
12.808294 9.477287 -32.235905 9
12.942994 10.361718 -31.773505 3
13.198594 11.161922 -31.334315 3
13.283994 11.989987 -31.739405 3
13.214594 12.808057 -31.215715 4
12.539694 13.322927 -30.694725 6
12.072094 12.542927 -30.180035 10
11.666294 12.511387 -29.294315 6
11.423694 11.684465 -29.850655 9
12.276094 11.15903 -29.902635 3
12.269194 10.247809 -29.594105 3
11.420794 9.879587 -29.286485 1
11.072094 10.694413 -29.615055 9
10.121994 10.556397 -29.408975 9
9.826694 10.19162 -28.587755 6
9.109094 10.567768 -27.993645 1
8.651494 10.829426 -28.762095 1
7.778794 11.364751 -28.745745 1
8.150394 12.180617 -28.435295 13
7.929994 13.132987 -28.488945 8
6.992494 12.927907 -28.826955 9
6.584594 13.769537 -28.962295 1
6.151894 13.527537 -29.836815 1
5.898994 12.603747 -29.837405 10
5.578494 12.871417 -30.713185 5
5.025494 13.645057 -30.570575 3
4.603394 13.742967 -31.428355 5
5.550994 13.610117 -31.577405 8
5.463494 12.666147 -31.858605 5
5.656494 12.158417 -32.670605 3
6.128894 13.036287 -32.752605 3
6.346194 13.950797 -32.570005 15
7.173194 13.435257 -32.676905 3
7.458194 12.751557 -32.022105 13
8.342894 12.750477 -31.833805 13
8.735194 13.416767 -31.247515 10
9.124994 12.591367 -30.895285 9
9.633994 13.046817 -30.316475 6
9.665594 13.856447 -29.837965 3
10.308894 14.167127 -29.158095 11
10.567094 13.223867 -29.504585 3
10.649694 12.365997 -30.013875 9
11.131394 11.913593 -30.783795 9
11.931194 11.371149 -30.976055 3
12.060194 12.122207 -31.495425 3
11.472294 12.797827 -31.828105 13
11.954594 13.627987 -31.824905 3
12.138694 14.489817 -31.245365 9
11.700494 14.135357 -30.445375 6
11.826494 14.693827 -29.681905 6
11.619194 14.647707 -28.689125 4
11.245794 13.870517 -28.248315 3
11.820394 13.228627 -28.605355 6
12.791394 13.151417 -28.284335 5
12.904594 12.768017 -29.171815 6
12.805294 11.859613 -29.471865 3
12.793094 11.914478 -28.480895 8
13.730494 11.573048 -28.440985 3
14.273694 12.325547 -28.722755 5
14.708894 11.422478 -28.825315 3
14.613994 11.746194 -27.840485 5
15.033694 11.152008 -27.168415 15
14.437094 10.807239 -27.817715 6
14.187794 10.529024 -28.699275 3
13.948794 9.823827 -29.267535 3
14.650894 9.220197 -28.925645 1
15.064194 9.852327 -29.489035 10
14.498594 9.767727 -30.312175 3
14.882294 8.919827 -30.644735 10
14.521394 9.425487 -31.432115 3
15.043494 10.014157 -31.959805 1
14.159094 10.14588 -32.278805 3
13.562294 9.772537 -33.041305 1
14.051794 8.912297 -32.802505 1
14.146294 7.920787 -32.627805 1
14.203494 7.957777 -33.576405 1
14.758594 7.410847 -34.276105 1
14.339194 8.034047 -34.792305 4
14.066194 8.868727 -34.504705 5
14.187694 9.776357 -34.580005 12
13.852394 10.157644 -35.416805 9
14.674394 10.419165 -35.881405 4
14.485994 11.062586 -35.192805 14
15.207394 11.689328 -34.946805 5
16.104394 11.44832 -34.515305 6
15.993994 12.411117 -34.311105 11
15.327894 13.120417 -34.246405 9
15.044094 12.970247 -33.332405 10
14.560994 12.744087 -32.493905 9
15.243894 12.084367 -32.543805 4
14.422094 11.839631 -31.995905 3
14.385594 10.969016 -31.657305 3
14.743794 10.701151 -30.840965 3
15.636794 10.821113 -31.054405 4
15.745794 10.179192 -30.369215 10
16.631994 10.094713 -30.002395 10
16.391994 10.653223 -29.252415 3
16.410494 11.379081 -29.870945 6
16.520794 12.270957 -29.281435 8
16.803194 12.456107 -30.200235 6
17.221794 13.373087 -30.265255 13
16.716194 14.179287 -30.022795 1
17.606894 14.707787 -29.999075 13
18.209594 14.428337 -29.296485 10
17.988694 13.513537 -29.225775 13
17.428594 12.945667 -28.638875 4
17.650894 12.337237 -27.902305 9
18.432394 12.518487 -27.391445 10
18.571294 11.675667 -27.033675 4
17.611394 11.668883 -26.774265 4
17.550994 12.497557 -26.427275 1
16.764694 12.596457 -27.018695 13
16.365294 13.500937 -26.952485 6
16.946994 13.311947 -27.695575 1
16.306494 12.538417 -27.883475 5
15.854994 11.588707 -28.003825 5
16.553794 11.197672 -27.447405 13
17.159094 10.772771 -26.813795 4
16.436494 10.421055 -26.291385 3
15.733794 10.235289 -27.045165 10
14.966194 9.758557 -27.147165 4
15.200794 9.244127 -27.977645 13
15.647394 8.567127 -28.478705 3
16.359894 9.107957 -28.929005 10
16.469694 9.516307 -28.024405 8
17.024094 10.203698 -27.685745 4
17.189694 10.653833 -28.495115 6
17.836694 10.003751 -28.179945 4
17.358794 9.524827 -28.926705 10
18.048394 9.093457 -29.389565 10
18.917994 8.702877 -29.405335 9
19.198194 9.065707 -28.606195 11
19.676894 8.827497 -27.823935 4
20.624494 8.424987 -27.652795 11
20.499294 7.888537 -28.554545 10
20.966494 7.907017 -29.393215 11
21.062494 8.916827 -29.135065 4
20.721194 9.755567 -29.416765 3
21.406094 9.998899 -30.035435 1
20.632994 10.630395 -30.113005 5
21.570494 10.934383 -30.295225 13
21.748594 11.490498 -29.396095 5
22.592994 11.255151 -28.930095 3
23.068094 10.474055 -28.912725 6
23.775194 9.820417 -28.609505 1
23.557994 10.419937 -27.975515 13
22.948194 10.739026 -27.325675 10
22.541694 9.881757 -27.423635 1
21.831994 9.351137 -27.048075 4
22.578194 9.009617 -26.498745 10
22.513394 9.521007 -25.648515 6
21.682094 9.939202 -26.063375 13
21.453894 9.771647 -25.171785 10
21.374794 10.080487 -24.227025 4
20.531994 9.801547 -23.765225 9
20.437494 10.443638 -24.522685 8
19.807694 10.152553 -25.221705 1
18.965094 10.293211 -25.604915 4
18.060394 10.27212 -25.257755 4
18.290594 9.793957 -24.424195 12
17.359894 9.401257 -24.417335 3
17.861994 8.823107 -24.966055 4
17.779794 7.836347 -24.653785 13
17.200994 7.068567 -24.450515 10
16.290094 7.166047 -24.808415 15
16.090094 7.977447 -25.238865 6
17.000994 8.448947 -25.367805 9
17.080294 9.384287 -25.504355 1
17.504194 10.050129 -26.036515 4
17.315894 9.234347 -26.466535 4
16.841194 8.469407 -26.934495 3
16.232494 8.000717 -27.520915 11
17.022394 7.858317 -28.065425 10
16.671694 6.998047 -27.700135 13
16.566894 6.100987 -27.745635 3
16.197294 5.509847 -28.380315 13
15.909594 4.892287 -29.115995 15
15.230694 5.500387 -29.638585 1
15.161194 6.464787 -29.974985 4
15.098294 7.084637 -29.198025 5
15.839294 7.639647 -29.044235 2
16.361694 8.155987 -29.669925 10
15.726994 7.865497 -30.305935 13
16.362094 8.479167 -30.688255 10
16.628294 9.394767 -30.797025 10
16.800294 10.054009 -31.581805 4
16.648794 9.583657 -32.433005 1
17.393594 9.613817 -33.084605 1
18.279894 9.462987 -32.919605 1
18.164294 8.800487 -33.697805 3
18.910394 8.555867 -34.216905 4
18.911094 9.514247 -34.522905 1
17.903594 9.581717 -34.481705 1
17.472694 10.460021 -34.377305 6
18.184694 11.107042 -33.977305 6
18.567594 11.91453 -33.563505 10
17.945394 11.998417 -32.829305 1
17.913494 12.507317 -32.038805 9
17.478194 12.462897 -31.059485 8
18.281594 13.007767 -31.118375 13
18.702194 12.728527 -30.283095 13
18.884594 11.891981 -29.997375 5
19.238494 11.32267 -30.692895 8
18.854594 10.529777 -30.189405 5
18.568494 10.161716 -31.038385 4
18.487794 9.150977 -31.102485 3
17.776694 9.453717 -30.570205 10
17.423594 8.618397 -30.927165 10
17.426094 7.622937 -30.891725 13
17.576494 8.017317 -30.004575 10
18.019494 7.077247 -30.172065 11
18.272594 6.168127 -29.991425 1
18.642694 6.231197 -29.085625 4
18.525494 6.832517 -28.311535 15
18.763194 7.575487 -27.894835 6
18.161994 8.131807 -28.340165 10
17.870994 8.862897 -27.744135 4
18.421494 8.801827 -26.914215 4
18.777594 8.166847 -26.256435 5
19.095494 8.607117 -25.462385 4
20.138594 8.676327 -25.429105 9
20.960894 8.309527 -25.115815 3
20.684494 7.514617 -25.561115 11
20.303394 7.981967 -26.296925 11
19.952794 7.107037 -26.486315 13
19.290694 6.404727 -26.472615 4
19.813994 5.772827 -27.015725 1
20.614694 6.309267 -26.920755 6
21.195094 6.234017 -27.731205 12
21.994294 6.384077 -28.390345 4
22.214194 7.143647 -28.927715 13
23.163894 7.002157 -28.674325 1
23.200994 6.091547 -29.058695 10
23.367694 5.793437 -28.063155 5
24.234094 6.102987 -27.924395 6
24.136394 5.184167 -27.637845 13
24.042094 5.240377 -26.694455 8
23.370894 4.906417 -26.032655 10
24.278194 4.616337 -25.869505 4
25.247434 4.584097 -26.107855 10
25.267924 4.990297 -25.266965 9
25.022574 5.990247 -25.230065 13
25.898644 6.514017 -25.055205 3
26.384024 5.662867 -25.114165 4
26.990644 6.239487 -24.640185 4
26.936014 6.483557 -25.587085 1
26.678574 7.240037 -25.102715 3
26.236444 7.939997 -24.577285 4
27.083314 8.277187 -24.110555 1
27.979644 8.053497 -23.833665 15
27.844124 8.822637 -24.417075 3
28.742304 9.316397 -24.417835 10
29.350284 9.535237 -23.738455 4
30.052024 9.967318 -23.054365 10
29.927224 9.251237 -22.394701 1
29.314314 8.486787 -22.189217 1
29.352304 8.049477 -21.328855 1
29.485074 8.579647 -20.559086 1
29.305854 9.517367 -20.464015 11
28.675464 10.216119 -20.214585 13
27.890614 9.963424 -20.726917 6
27.073934 9.828307 -20.269305 1
26.291994 9.983244 -19.671875 11
25.611434 10.265524 -19.062595 4
26.082324 11.084827 -19.294755 3
25.203854 11.505983 -19.171435 6
24.856544 12.245197 -19.765415 4
24.830994 13.234137 -20.111865 10
25.452604 13.991477 -20.053645 10
25.920464 14.859237 -20.133785 9
25.125124 15.074717 -19.596575 13
24.561794 15.371597 -20.282805 5
23.864394 14.798427 -20.401015 10
23.255594 13.991077 -20.382975 6
22.490294 13.467547 -19.976015 12
22.445294 12.736217 -19.354245 4
22.963994 12.420567 -18.583805 13
23.424494 13.118847 -18.161905 10
23.442394 14.063597 -18.113205 4
23.153594 14.344037 -18.959535 10
22.304394 14.677327 -18.480645 13
22.793694 14.956697 -17.699895 3
21.925394 14.979127 -17.272175 6
21.046694 15.080787 -16.899225 8
20.296794 15.542287 -16.504865 8
19.490294 15.300797 -17.029385 4
19.945894 14.558067 -16.603885 10
20.409994 14.168057 -17.290355 4
20.264294 13.892057 -18.273875 1
20.011294 13.532737 -19.143275 10
20.947194 13.487357 -19.043565 1
21.637494 14.006107 -19.491045 4
21.085894 14.770777 -19.612325 3
20.730394 14.386637 -20.401915 10
19.736894 14.442347 -20.242985 4
19.182194 14.504867 -21.108422 5
19.162594 15.328467 -21.57772 9
19.108294 15.508007 -22.486345 13
19.262794 15.674427 -23.455965 13
19.475194 14.803947 -23.021205 13
19.496194 14.176877 -23.753745 4
18.662194 13.878377 -24.145525 1
19.007894 13.441577 -24.970525 1
18.338694 14.121457 -25.200355 10
17.669894 13.656657 -25.727485 11
17.993894 13.975467 -26.529675 9
18.832794 13.571507 -26.499835 10
18.608894 12.661807 -26.373245 13
18.421194 11.860813 -25.957455 4
18.645894 11.192531 -25.397345 4
18.320694 11.856019 -24.736395 10
17.916294 12.134737 -23.932355 3
17.461194 12.543197 -23.144115 9
16.678494 12.999047 -23.002615 15
16.494594 13.888897 -23.161945 6
15.803094 13.266177 -23.618865 10
15.404494 13.866267 -24.275445 6
14.626294 13.506657 -23.883735 4
14.584694 13.102657 -24.769825 13
14.065694 12.448037 -24.183235 4
14.291494 11.740213 -23.571815 13
15.294494 11.866173 -23.616335 1
16.113094 11.472618 -23.847885 10
16.165294 11.724425 -24.815035 4
16.069694 11.914264 -25.768895 8
15.335494 11.328445 -25.733235 3
14.929294 11.934857 -26.410315 5
14.568294 12.744767 -26.763825 4
14.620494 12.826607 -27.734275 5
15.393194 13.366337 -27.845385 5
14.587094 13.849097 -27.758035 9
14.016094 14.240277 -27.099845 10
14.358194 15.086557 -26.965365 7
14.612794 15.313807 -26.100145 10
14.035594 14.646377 -25.596775 3
14.219294 15.062457 -24.747145 1
15.011994 15.198997 -24.192305 6
15.085494 15.234697 -25.229325 1
15.485194 14.424117 -25.655235 1
16.027694 14.655347 -24.919335 6
16.934094 14.886197 -24.977125 12
16.916994 15.403627 -25.813635 1
17.720794 15.195397 -26.278855 10
17.896994 16.100737 -26.600845 4
18.668694 15.616357 -26.861085 10
19.538194 16.070527 -27.150585 4
19.369094 17.039317 -27.144115 4
19.309694 17.128227 -26.232535 1
19.124894 17.834237 -25.600025 10
19.323894 17.100327 -24.995065 11
18.705194 17.456517 -24.400215 14
19.152094 16.764137 -23.927165 13
19.944594 16.478507 -23.471685 13
20.733394 16.645707 -22.960565 3
21.431294 15.992507 -23.350005 4
20.736094 15.750487 -23.978435 13
21.207494 16.044837 -24.738405 10
21.260194 16.354257 -25.667855 11
21.234494 17.314307 -25.924265 4
21.329294 17.862837 -25.187235 13
22.167394 18.155137 -25.688795 8
21.430994 18.574187 -26.168085 4
20.494394 18.845047 -26.129665 10
20.151094 19.736177 -25.990505 10
19.439794 19.946557 -25.356145 10
18.618694 19.588227 -25.041665 15
19.402194 19.088077 -24.716025 10
19.270294 18.302567 -24.188625 4
20.103094 18.489587 -23.780465 5
19.881794 18.376277 -22.826475 6
19.613394 17.497427 -22.528805 13
20.178394 17.512797 -21.692826 4
20.365494 18.417787 -21.420284 5
19.450094 18.814427 -21.233921 4
18.489794 18.780887 -21.409511 9
18.414294 19.147887 -20.482265 6
17.917994 19.731917 -21.124944 9
18.636194 20.350127 -20.988547 4
19.387794 21.009227 -20.96049 3
20.112694 20.506747 -21.28618 10
20.798594 19.943507 -20.919601 8
21.517194 19.811447 -21.559238 4
22.269394 20.257637 -21.105244 7
22.213994 19.658137 -20.358935 1
22.858194 19.062227 -20.718876 1
23.468494 18.701367 -21.402658 4
22.730494 19.116197 -21.901769 13
22.185094 18.394797 -22.278645 1
22.048494 18.822987 -23.172975 13
21.913494 18.078907 -23.816955 1
21.157394 18.499417 -24.384685 10
20.465894 17.838627 -24.515425 5
20.284794 18.228507 -25.378855 10
20.461194 17.832207 -26.331925 4
19.621194 18.086737 -26.677395 10
20.207094 17.601727 -27.346725 4
20.915994 16.958117 -27.479405 4
21.585894 16.688757 -26.797445 4
22.526494 16.453097 -27.096585 6
23.098194 16.405697 -26.319805 12
23.633994 15.678397 -25.989395 13
24.520794 15.951667 -26.218975 11
24.858874 15.016047 -26.177255 14
25.125724 14.960277 -25.272625 11
25.283534 15.497197 -24.473575 10
26.077994 15.175117 -24.950725 6
27.031494 15.094997 -24.715255 3
27.173774 14.377837 -24.077205 13
27.095374 13.724287 -24.885605 10
26.560974 13.009647 -24.461905 5
26.034494 12.436747 -23.788815 15
25.400324 12.046327 -24.420945 1
24.525794 11.895712 -24.138875 4
24.831694 12.207377 -23.248935 5
24.299394 11.730469 -22.659575 10
24.204694 10.830902 -23.034575 10
23.376394 10.407819 -22.750855 9
22.503494 10.856186 -22.793815 1
22.398994 11.37285 -21.957214 4
21.482394 11.595772 -22.113493 10
20.557594 11.830643 -22.085264 5
20.008494 12.292707 -22.720345 4
20.983394 12.460807 -22.859845 3
20.348394 13.164787 -23.194065 1
21.108794 13.756987 -23.360755 15
20.799994 14.656277 -23.339665 13
21.420894 14.654707 -22.580385 10
20.592594 14.878417 -22.1447 13
21.174094 15.395717 -21.630458 1
20.835694 16.265767 -21.840605 6
19.877794 16.274547 -22.062073 13
19.268994 16.674947 -21.517299 4
18.416694 16.930507 -21.784925 13
18.566394 17.705777 -22.349221 4
17.664294 17.881847 -21.928516 10
17.143094 18.674137 -21.733839 9
16.209394 19.073927 -21.812925 9
15.750594 18.179557 -21.704991 4
16.452294 18.382007 -20.950488 6
15.861094 17.754887 -20.455495 13
15.001294 18.229257 -20.554988 8
14.962694 18.805487 -21.293486 4
14.588394 19.522957 -21.780618 4
14.011494 20.251567 -22.124147 3
14.046694 21.171927 -21.938729 11
14.963294 21.363027 -21.947642 10
15.580494 21.540327 -22.681365 10
15.861194 21.017627 -23.439815 5
15.604994 20.435057 -24.146515 8
16.276694 19.682627 -24.208635 4
15.502794 19.362757 -24.712395 4
15.689894 20.090147 -25.256945 7
15.067294 20.763597 -25.284465 10
15.686794 21.435127 -24.855375 6
15.212294 22.190027 -24.427525 1
16.020794 22.689227 -24.144275 10
16.884894 22.989027 -24.526855 4
17.771094 23.357727 -24.430805 1
17.812094 23.174127 -25.395205 6
17.819894 22.314227 -25.877765 1
18.608594 21.824727 -25.659785 1
18.020394 21.198127 -25.320635 4
18.642594 20.569067 -25.790545 10
19.167594 19.962957 -26.400255 10
18.281794 20.084387 -26.776305 13
17.353794 19.950637 -26.834985 1
17.833494 19.152527 -26.681175 12
18.711094 18.782587 -26.737965 10
18.638994 17.888517 -26.560725 13
17.734994 17.929997 -26.348245 5
18.214894 18.697007 -25.771095 10
17.231894 18.648497 -25.689105 14
16.538294 19.093027 -25.072715 15
15.967094 18.393467 -25.069125 4
16.782794 17.990487 -24.638115 4
17.639794 18.318687 -24.409045 15
17.242594 18.952037 -23.767145 4
17.664494 18.369407 -23.070565 5
17.187294 17.505017 -22.995775 10
18.073294 17.081337 -23.126285 13
17.373194 16.527127 -22.764445 10
18.120094 16.025767 -22.622185 13
17.548094 15.739897 -21.906912 3
16.760294 15.126717 -21.888706 6
16.441494 16.079477 -21.934242 10
15.712394 16.735257 -21.873955 10
15.081994 17.519807 -22.138477 4
14.483394 17.755277 -21.423293 11
14.037294 18.038107 -22.289849 4
13.831094 19.013657 -22.256557 4
12.903594 18.999207 -21.909068 7
12.611494 19.876397 -21.633373 9
11.755094 20.280437 -21.446157 10
11.494994 19.818287 -20.570526 1
11.544794 20.759247 -20.055785 1
12.479294 20.548617 -20.347865 13
12.909494 20.690727 -21.201406 4
12.439094 21.245827 -21.78385 3
12.165994 21.969727 -21.166432 8
12.873294 21.910827 -20.536483 6
13.816594 22.109627 -20.628275 5
14.474494 21.399227 -20.532127 11
15.034394 20.604077 -20.715897 13
15.775994 20.230217 -20.331275 10
16.368494 19.740107 -20.985164 9
16.046994 20.528937 -21.498749 8
16.096094 20.102187 -22.338668 9
15.244294 19.749797 -22.605115 4
14.463494 19.452657 -23.078635 4
13.584694 19.719727 -23.262215 13
13.213794 20.553927 -23.590185 10
14.111294 20.579557 -23.150095 10
14.471694 20.229857 -24.022295 7
14.459594 19.295687 -24.256755 4
14.076894 18.922837 -25.046095 5
14.027194 18.894697 -26.077055 10
13.374194 18.246057 -26.294425 1
14.351994 17.872937 -26.286045 1
14.842194 17.997417 -25.396915 4
15.347194 17.960327 -26.225175 1
15.861994 17.178387 -25.881105 10
15.501694 16.881157 -24.953745 5
15.914794 17.510517 -24.357925 4
16.607694 17.000957 -24.764595 3
16.559194 16.875937 -23.849105 10
17.534694 17.091427 -24.092375 13
17.792994 17.460377 -24.941045 1
18.384894 16.854397 -25.474615 1
18.582694 16.109967 -24.816275 13
17.874594 15.809307 -25.414375 4
18.450494 15.114147 -25.171775 10
18.865994 15.035017 -24.242655 13
17.884094 14.980117 -24.359765 13
17.080494 14.655777 -23.826525 6
17.354994 15.487917 -23.317285 13
16.604194 15.556697 -23.929215 6
15.906394 16.054757 -23.600235 10
15.360594 16.082407 -22.830955 10
15.406694 15.078057 -22.893615 6
14.718894 15.216387 -22.12922 13
13.946794 14.655157 -22.494993 7
13.735094 15.625317 -22.797185 13
13.976294 16.384997 -23.345345 4
14.557494 16.364657 -24.062725 10
14.876194 17.281317 -24.231135 4
14.075394 17.882317 -24.197365 4
13.540194 18.046627 -23.421885 6
14.451794 18.487407 -23.388075 4
15.304594 18.080647 -23.281845 4
16.060794 17.791077 -22.653245 10
15.981794 18.707077 -22.846605 4
16.368494 19.538797 -23.186435 4
17.241894 19.797017 -22.991925 9
17.473494 20.186587 -23.827025 5
17.596394 20.979027 -23.309055 15
17.799494 21.245827 -22.39365 10
17.987594 20.441467 -21.939102 9
18.211594 20.113077 -22.855405 4
18.960594 20.417407 -23.457395 7
19.481294 20.312607 -24.287035 1
20.327694 19.972247 -24.039895 10
20.257394 20.677947 -23.392395 11
20.871794 21.399727 -23.390615 3
21.507794 20.652677 -23.498435 1
21.304594 20.806477 -24.466455 10
21.396594 19.818487 -24.651935 10
22.010794 19.424237 -25.325085 1
21.150294 19.766297 -25.745285 10
20.765494 20.615987 -26.196595 10
20.750894 20.883207 -27.132895 11
19.951694 20.320937 -26.992535 10
20.254094 19.854307 -27.824205 10
19.547594 19.409617 -28.365115 12
20.196094 18.667987 -28.080275 4
20.776994 18.648347 -27.290235 10
21.657494 18.678807 -27.724465 4
22.322294 19.436767 -27.686825 5
21.995694 19.276167 -26.756245 10
22.911594 19.347187 -26.451295 13
23.608594 18.741747 -26.563345 7
23.533694 18.316587 -25.721285 3
24.067294 19.029637 -25.362415 1
24.396694 19.940757 -25.337975 4
25.206764 20.115217 -24.857135 7
25.574734 19.675897 -24.145965 13
26.325604 20.324297 -24.185085 8
26.714204 20.624387 -23.374905 4
27.630664 20.607317 -23.609645 7
27.340224 19.676347 -23.711765 1
26.611334 19.127397 -23.369225 9
26.779874 18.155747 -23.472405 10
25.970534 17.642457 -23.524275 12
25.055794 17.348467 -23.667785 6
25.060494 17.990197 -22.959915 9
24.348594 18.618587 -22.644865 4
23.798994 17.807967 -22.807145 5
24.220294 16.919147 -22.713535 10
24.385994 16.452717 -21.835149 1
24.871954 15.954077 -22.476154 1
24.470794 15.076807 -22.809135 4
24.422694 14.268167 -23.269755 13
23.994994 13.645487 -22.620015 7
23.414694 13.901507 -23.388695 10
22.624194 14.149237 -23.853385 11
21.712194 14.187117 -24.080115 15
21.545294 13.493647 -24.688765 3
20.632094 13.541177 -24.381765 15
19.904194 14.018107 -24.630585 13
20.340694 13.662717 -25.405775 11
19.554694 14.202437 -25.604255 10
19.441694 15.044007 -25.256085 13
20.281494 15.598757 -25.294775 13
20.125294 15.570657 -26.228645 4
19.582794 14.939317 -26.742255 10
20.301094 15.036097 -27.415235 10
20.587294 15.994427 -27.425525 4
21.030294 15.796977 -26.621715 4
21.086194 14.916197 -26.152165 5
21.301794 13.978817 -26.145085 7
20.984194 13.996207 -27.079545 10
20.484394 13.404687 -27.651135 10
21.071294 12.920907 -27.062755 8
20.327294 12.768727 -26.577945 10
19.563394 13.041817 -26.041055 10
19.366094 12.166267 -25.711605 4
20.122594 11.590725 -25.827655 1
20.953094 11.442701 -26.401075 1
20.201194 10.983202 -26.920525 4
19.947594 10.224717 -26.380155 1
19.622394 9.254607 -26.451645 1
18.983694 9.94611 -26.603225 4
18.856094 10.648432 -27.192695 4
19.421394 11.176002 -27.677415 3
19.916594 11.997007 -27.392635 10
19.939494 12.524627 -28.189165 10
19.986194 11.751521 -28.885665 5
20.564894 11.794791 -29.682165 5
20.729694 12.503277 -29.050795 10
21.074294 12.708437 -29.879855 4
21.016594 12.492977 -30.778385 9
21.642494 12.171157 -31.473745 10
22.089294 11.61854 -32.161305 4
21.106494 11.66012 -32.247005 7
20.799094 10.765575 -32.017605 10
20.211694 9.986412 -31.988205 6
19.351094 9.670777 -32.240105 4
18.559794 10.2768 -32.091505 7
18.623594 11.200323 -31.710105 6
18.885994 12.165187 -31.829305 1
19.809294 12.519597 -32.054805 13
19.533594 13.229937 -32.645205 3
18.789294 13.392717 -32.030805 13
19.666594 13.847937 -31.868305 13
20.577594 13.445257 -31.893305 4
21.521694 13.460957 -31.714305 1
22.266494 13.951757 -31.960305 4
22.931494 13.813677 -32.779805 9
23.526094 14.251937 -33.442205 10
23.419994 15.145167 -33.718605 1
24.095094 15.105437 -33.028305 7
23.689094 14.567787 -32.296105 1
23.238294 14.988707 -31.480995 10
22.928394 15.891317 -31.664305 1
23.881094 15.937407 -31.453225 10
24.149894 15.475967 -30.645245 4
23.219394 15.873197 -30.532715 13
22.482994 15.484647 -29.944675 8
22.813794 15.003907 -29.121645 8
22.386094 15.577997 -28.423315 4
22.528894 16.490447 -28.195725 7
22.610394 16.722987 -29.114455 11
22.690394 17.624347 -29.377165 10
22.618594 17.628167 -28.335475 3
21.936494 17.260947 -27.762305 4
21.676594 17.299857 -28.680575 11
20.910294 16.728757 -28.462215 4
20.137694 15.398277 -28.336335 10
21.108494 15.396237 -28.402445 4
21.703694 14.621017 -28.474335 10
21.882994 13.889837 -27.958915 1
21.234394 13.498827 -28.542415 10
21.821494 12.666867 -28.562935 6
21.576594 12.033087 -27.844595 1
21.370094 11.102699 -28.005625 5
20.531594 10.665981 -27.877965 6
19.760394 10.066579 -27.951795 4
19.890494 10.574221 -28.742445 5
19.122394 10.131013 -29.015485 13
18.706394 10.503999 -28.308835 4
18.842894 11.319489 -28.948585 5
18.563894 11.771409 -28.171655 4
18.673294 12.561037 -28.797175 7
19.076794 13.356237 -28.344095 10
19.073094 13.849437 -29.188465 10
19.267594 13.624727 -30.076515 13
19.415794 12.908837 -29.455715 9
20.219494 13.266227 -29.861655 10
20.167494 13.783927 -30.692285 13
21.047094 14.100267 -30.447855 9
21.277694 14.846757 -29.916265 15
20.993594 14.267257 -29.277785 10
20.080394 14.483707 -29.520245 15
19.601194 14.568407 -28.650375 10
19.696694 14.042317 -27.816415 10
18.952294 14.311067 -27.219905 10
18.131794 14.819237 -27.220015 10
17.613394 14.367337 -27.838045 15
16.782494 14.216057 -28.232185 7
16.068794 14.870277 -28.033085 1
15.678994 15.706737 -27.949905 4
16.064894 15.492307 -27.033745 10
16.487694 16.279887 -26.776555 1
15.503494 16.523467 -26.922425 12
15.266194 17.398407 -27.392285 4
15.901894 18.082557 -27.316365 7
16.764094 18.243597 -27.569715 3
17.504894 17.745377 -27.785365 7
18.365994 18.108797 -27.601625 1
19.098794 18.681737 -27.731315 10
18.602094 18.669807 -28.539855 12
18.929994 17.708727 -28.808375 7
18.908994 16.864947 -28.411035 4
18.396694 16.345987 -27.849875 1
18.141294 15.407007 -28.061085 10
18.776394 15.361367 -28.810505 10
19.419494 16.104397 -28.792805 4
19.186694 16.347017 -29.677255 7
18.596294 15.546207 -29.889985 14
18.920594 14.714467 -30.305295 13
18.914994 15.433377 -30.911355 7
19.639294 14.813207 -31.291825 13
20.402494 15.252997 -30.820585 4
20.533794 16.134747 -30.563015 7
21.335694 15.753717 -30.264255 11
21.948794 16.438827 -30.510365 9
22.026294 17.178327 -29.944765 11
21.251194 17.651457 -30.090265 6
20.701694 17.792317 -30.944735 10
19.760694 17.470987 -30.829685 7
20.021394 18.041237 -30.000525 12
20.057694 17.101127 -29.614675 7
20.013694 17.653657 -28.767485 4
20.706594 18.242977 -29.183445 12
21.638594 18.422227 -29.081005 4
21.369394 19.201597 -29.632205 14
20.904794 19.586707 -30.382275 10
20.166994 18.931457 -30.379635 12
19.744094 19.048657 -31.266855 7
20.353394 19.122727 -32.013705 10
20.811494 19.940017 -31.576705 13
20.071794 20.574837 -31.770805 12
20.922494 20.981527 -31.920605 4
21.313694 21.201327 -32.838305 10
21.106394 21.838627 -33.554705 1
21.569494 21.888527 -34.456805 7
22.490194 22.184827 -34.747805 7
23.083494 21.810927 -35.477505 3
23.550794 20.980827 -35.489605 10
24.328394 20.713237 -35.002805 7
24.419194 21.635227 -35.103405 4
25.331974 21.783327 -34.953305 1
25.204404 22.395527 -35.691505 1
25.479084 22.156527 -36.599205 10
24.783294 21.849227 -37.132705 1
24.323194 22.739527 -37.242205 7
23.512594 22.566027 -37.791605 10
22.935494 21.969327 -38.293105 1
22.462694 22.556427 -38.934805 4
21.853894 23.260627 -39.173905 11
20.879394 23.074527 -39.290805 4
21.096594 22.823327 -40.163405 10
21.115994 23.767727 -40.348105 15
20.983894 24.453627 -41.082705 11
21.515594 25.207527 -41.278505 14
21.960894 25.477027 -40.548905 1
20.984594 25.359627 -40.177505 7
20.419994 24.881427 -39.534805 9
20.081494 25.215827 -38.681205 12
20.500494 25.939927 -38.316305 7
20.188094 26.158327 -37.425205 1
20.650994 25.437327 -36.977605 5
20.650594 25.329727 -36.033905 10
20.128794 24.723927 -35.457905 10
19.242294 24.297927 -35.108105 7
18.214794 24.389427 -35.112005 10
17.828194 25.322427 -34.919805 15
16.962394 25.702427 -34.967005 10
17.040194 25.684527 -34.020805 7
16.290194 25.211327 -33.525505 9
16.222694 26.074627 -33.114105 14
15.912694 25.412227 -32.517705 10
15.681994 24.650927 -31.892105 7
15.877794 24.236827 -31.034375 12
16.640894 24.369727 -31.628405 7
16.682494 24.173027 -32.516505 13
17.143894 23.665627 -33.207805 14
17.426994 23.002927 -32.571605 10
17.794094 22.812727 -31.684905 1
17.414094 21.957027 -31.500345 13
17.023094 22.037927 -30.558845 1
17.395394 22.851127 -30.147055 1
18.243594 22.435427 -30.356905 4
17.694894 21.865027 -29.792955 10
18.635894 21.552627 -29.613585 12
18.678694 21.912127 -28.779675 7
18.973694 22.803027 -29.134615 1
19.013794 23.682327 -29.556405 1
19.413894 24.460327 -29.167885 7
20.316694 24.773627 -29.365275 10
21.153194 24.509127 -28.984745 1
20.604994 24.956127 -28.159695 4
20.809394 24.676727 -27.282395 7
20.198894 24.087227 -27.781605 8
20.811794 23.411727 -27.412135 7
21.216394 22.597627 -27.749935 11
20.448894 22.131527 -27.480875 11
19.990594 21.553627 -26.859055 10
19.519294 22.022727 -26.165395 10
19.113094 22.893527 -26.192215 4
19.963494 23.118427 -26.648385 1
20.334394 23.947627 -26.396515 7
20.829394 24.650727 -25.950525 7
21.660694 25.129427 -25.911075 10
20.936294 25.734927 -25.817685 12
21.672894 25.862127 -25.248355 4
21.505894 25.176827 -24.586785 6
22.567994 25.090527 -24.443405 12
22.681694 24.599927 -25.203005 10
22.183194 24.117227 -25.864845 7
22.787394 24.158227 -26.666995 13
23.474794 23.962227 -27.397435 15
23.227794 23.017127 -27.536555 1
22.466694 23.152827 -26.932015 13
21.874194 23.084527 -26.066625 7
20.998894 22.885627 -26.449435 7
20.964494 21.949727 -26.153415 11
20.637494 21.393527 -25.455665 10
19.862494 21.202827 -24.889455 10
19.736794 22.152127 -25.066495 9
18.979194 22.324727 -24.446975 14
18.609194 22.826827 -23.678295 1
17.746794 23.096127 -23.266965 5
16.981794 23.163827 -22.691765 7
16.996994 23.835527 -21.979551 6
16.353694 23.165927 -21.579123 1
16.257694 22.496327 -20.892352 16
16.831994 23.193927 -20.503065 1
17.821194 23.396527 -20.545593 1
18.119794 23.277327 -19.653415 4
18.848794 23.613427 -19.156545 7
19.243394 23.640527 -20.081745 7
19.461594 24.547827 -20.455315 10
18.885994 25.047127 -21.09837 1
19.228294 25.448427 -21.855057 1
18.417294 25.322027 -22.34316 10
18.981394 24.599827 -22.430082 4
18.361794 23.757627 -22.420764 10
19.185894 23.625327 -23.046595 14
19.147694 23.901227 -23.980985 4
20.185594 23.750227 -24.119485 10
21.004094 23.457227 -24.472855 7
21.858994 23.347827 -24.978565 7
22.383194 22.526127 -24.995915 14
22.093894 21.650327 -25.134005 10
22.191094 21.748227 -26.087555 11
22.581794 20.864037 -26.094665 10
21.877794 20.256137 -26.398725 10
21.799194 20.678327 -27.256145 11
22.781794 20.685097 -27.276045 7
22.983794 21.485227 -27.770975 1
22.198994 22.050827 -28.037835 11
22.339094 21.405827 -28.688645 10
22.852294 21.311527 -29.498825 7
23.592794 21.849927 -29.626715 13
23.354394 22.435427 -28.933245 12
22.583294 23.062527 -29.138455 7
21.652494 22.971527 -28.904135 9
21.173294 22.791827 -29.679575 10
21.848794 22.120627 -30.075835 7
21.293494 21.375827 -30.027825 10
20.452994 21.659627 -29.596735 1
19.988194 20.907207 -29.939575 12
19.476494 21.083227 -30.688685 12
18.795394 20.461957 -30.868745 12
18.695794 21.161327 -31.526405 4
18.868994 20.415087 -32.138605 12
18.552094 19.761957 -32.810505 1
19.493994 19.395767 -32.870605 1
18.845694 19.020057 -32.127505 7
18.130394 18.453637 -31.875105 7
17.605494 17.689767 -31.576405 15
18.418494 17.340307 -32.053605 7
17.889594 16.552007 -32.375305 7
17.494194 16.616967 -31.468195 7
16.626294 16.976857 -31.724405 10
16.316894 17.407517 -30.893555 15
15.372894 17.517927 -30.730815 1
15.698394 17.960417 -29.987935 4
16.679594 17.678557 -29.958915 15
17.058694 17.103947 -29.359145 1
17.978694 17.513967 -29.350185 7
17.485794 18.215727 -29.777985 15
17.733194 19.024057 -29.300975 12
16.817294 19.238797 -29.142625 10
16.145094 19.916657 -29.008245 1
15.716494 19.025397 -28.987915 16
14.782794 19.121377 -28.564785 12
15.340194 19.314427 -27.855395 1
15.881494 20.148597 -27.963985 7
15.018594 20.600107 -28.165725 1
14.372094 20.876247 -27.469745 3
13.889194 20.949627 -28.377295 11
12.889294 21.238127 -28.406745 10
12.647894 20.413067 -28.822045 7
13.090194 19.529307 -28.698025 12
13.066994 19.801137 -29.627845 1
13.604894 19.329487 -30.255075 7
13.356894 20.127607 -30.807695 1
13.888894 19.535717 -31.305075 16
14.818394 19.426117 -31.629505 7
15.778094 19.246567 -31.743105 4
16.682194 19.399547 -31.391825 15
16.620494 19.783487 -30.480725 5
17.476694 19.430437 -30.664215 15
18.084794 19.835887 -30.052075 12
17.920194 20.577737 -29.474125 12
17.677894 21.336927 -28.886435 7
17.239494 21.321027 -28.016215 1
16.380994 21.167627 -28.400955 7
16.210094 20.975427 -29.290155 9
16.422394 21.870427 -29.382955 7
15.854894 22.494527 -28.975865 10
15.225694 23.109027 -29.564515 1
14.769294 23.659327 -28.947325 1
14.362394 22.849027 -28.565215 10
14.911794 22.845527 -27.767655 15
14.890894 23.359727 -26.935485 7
14.043394 23.683227 -26.631375 4
14.472094 24.590727 -26.346595 7
15.233394 25.171727 -26.267405 1
15.727694 25.349627 -27.136855 7
16.071194 24.665627 -26.529555 1
16.152294 23.722427 -26.795235 1
16.865594 22.988627 -26.906815 1
16.858994 22.803027 -27.786415 1
17.744894 22.657427 -27.999525 1
17.962594 22.231727 -27.194625 1
18.556194 21.637427 -27.726105 10
18.357894 20.621627 -27.779585 10
18.831194 20.756697 -28.718965 12
19.430694 20.754797 -27.919675 10
20.320694 20.784817 -28.364095 11
20.494094 19.967767 -28.809205 15
19.858394 19.860707 -29.571985 12
19.180694 19.423207 -30.149475 12
18.634594 18.701797 -29.699055 12
19.057494 18.423127 -30.492185 7
18.156194 18.109687 -30.762665 15
18.754794 17.395377 -30.861445 7
18.446494 16.534747 -30.483735 7
17.690094 16.369587 -29.996625 15
17.719994 15.604767 -30.571785 11
18.187794 14.725317 -30.920765 13
17.857294 13.971147 -31.396765 13
16.922994 13.901847 -31.626805 7
16.097694 13.575137 -32.044805 9
15.672194 14.427707 -32.188305 9
16.132994 14.745977 -31.403185 16
16.829094 15.150977 -31.967205 16
17.693694 15.617147 -31.888605 7
18.372894 15.626897 -32.600705 7
19.335194 15.324937 -32.466605 13
19.614094 16.126077 -32.050905 7
19.461594 17.050517 -31.845205 7
19.340894 17.656137 -32.597705 7
19.517794 18.121497 -33.448305 16
18.952994 17.386487 -33.598405 7
18.023894 17.397327 -33.184305 6
17.774394 16.512147 -33.586505 14
18.623094 16.056137 -33.724305 7
19.494994 16.389587 -33.698305 7
20.156094 16.506157 -34.374505 16
20.296794 16.554197 -35.312205 16
21.039194 15.932567 -35.431905 4
21.349494 15.699277 -36.336405 12
21.966894 14.898697 -36.372905 11
22.776394 15.083937 -35.820205 1
23.164594 15.241617 -36.669205 1
23.825394 15.088787 -36.017505 15
24.357694 15.859227 -36.319105 12
24.608894 15.256097 -37.029105 10
24.898114 15.422197 -37.895205 7
25.319394 15.809857 -38.649805 1
25.404714 16.766377 -38.665805 7
25.288714 17.627377 -38.224105 5
24.555894 18.123007 -38.683705 12
23.871794 18.581427 -38.273005 11
23.280294 19.002267 -37.595005 7
23.717394 18.853987 -36.794605 7
23.942094 19.207897 -35.929705 11
24.826594 18.814897 -35.918905 4
25.807954 18.626267 -35.901805 11
25.580144 17.751187 -35.606605 1
26.309504 17.642087 -36.314605 4
27.270134 18.118987 -36.326605 15
26.821224 17.900057 -35.508505 12
27.687674 17.565447 -35.163705 7
27.177714 16.991257 -35.794605 1
28.013574 17.242487 -36.127105 10
27.992374 16.270617 -36.297105 7
27.406124 15.560927 -36.542105 10
27.999804 14.878147 -36.937005 14
28.352214 15.676367 -37.424805 15
28.965114 15.401847 -36.616705 9
29.470424 14.772387 -36.088605 16
29.843674 13.925807 -36.469505 1
30.681924 14.318447 -36.401205 10
31.147774 13.425017 -36.249505 7
30.966634 12.740567 -36.968905 15
31.086014 11.876449 -37.321605 16
30.493884 11.123597 -37.454705 7
29.575314 11.2676 -37.252605 16
29.577224 11.746278 -38.147705 12
28.945684 11.496747 -38.864305 13
29.206634 12.368387 -39.043105 7
29.124244 11.830217 -39.791505 1
29.791914 11.04974 -39.552005 7
29.762914 10.787204 -40.525305 1
30.550024 10.390744 -40.123305 16
30.640234 9.492537 -40.561705 13
29.694684 9.364657 -40.763905 7
29.850624 9.406787 -41.689205 10
29.306774 8.932257 -42.286205 1
29.769534 8.524827 -43.073605 1
29.811244 7.521847 -42.966905 12
29.388364 6.647257 -42.685805 12
29.568414 6.357717 -43.629105 7
30.604814 6.646767 -43.309805 9
31.201334 5.881977 -43.508905 7
31.922964 6.082327 -44.108605 15
32.174054 5.215487 -44.387705 6
31.660534 4.946227 -43.577305 11
32.572594 5.178137 -43.292605 15
33.298904 4.567267 -43.189605 7
33.922583 4.698487 -43.943105 4
34.756346 4.991977 -43.508205 7
34.181397 5.685247 -43.761705 16
33.590974 5.661387 -43.014805 15
34.256527 5.253027 -42.441305 7
34.659202 4.614757 -41.837605 7
33.95615 5.227397 -41.460405 7
33.499524 6.018487 -41.727505 15
34.154296 6.740427 -41.582305 16
34.561917 7.212197 -42.290105 11
34.883717 8.090367 -42.147005 13
35.864424 8.115967 -42.261705 12
36.477984 7.786127 -42.965905 11
36.683904 6.964957 -43.373905 12
36.714074 7.720697 -44.003105 7
35.945734 7.518467 -44.549205 11
36.261884 6.646757 -44.318805 9
37.170904 6.495447 -44.141305 16
37.504384 5.888557 -43.530205 7
37.553144 6.121707 -42.627705 1
36.572404 5.999737 -42.796905 1
36.005554 5.820067 -41.915205 7
35.919224 6.500307 -41.205805 10
35.691547 5.682277 -40.820505 7
36.178004 6.288237 -40.159805 12
36.649534 7.100577 -39.920705 12
35.819797 7.410957 -40.463605 10
35.301467 8.189267 -40.574205 7
34.419165 8.598817 -40.642605 10
33.610464 8.195137 -40.820705 16
32.799674 7.970767 -41.176105 16
32.640704 7.759727 -42.099105 14
33.575264 7.788537 -41.862505 16
33.553864 8.709647 -42.104205 4
33.733784 9.311127 -42.904205 7
32.949804 8.878237 -43.143005 1
32.901134 9.163917 -44.046505 16
33.768004 8.932017 -44.274105 5
34.073762 8.136177 -43.837705 1
33.157354 7.916847 -43.874305 1
33.684874 7.424947 -43.162005 16
32.737684 7.231647 -43.084005 7
33.238344 6.555377 -42.612505 15
34.17033 6.626467 -42.993305 1
34.832494 6.066897 -42.691605 7
35.575032 5.909827 -43.312905 7
35.739467 5.658007 -44.283105 1
35.869874 6.053937 -45.172705 10
36.215494 5.921317 -46.046905 15
36.235934 6.828997 -45.857105 1
37.091454 6.405907 -45.948705 1
37.312504 5.739647 -45.253805 12
37.063564 5.299487 -44.430505 1
37.563974 4.536257 -44.194005 7
37.332534 3.983357 -43.415805 13
37.275554 4.790147 -42.683605 5
36.360764 4.610887 -42.363605 7
36.558054 3.770277 -42.725305 12
36.289174 4.191277 -43.582705 15
35.366054 4.116427 -43.162005 7
34.877681 3.292367 -42.860405 7
34.156942 3.213817 -43.579805 13
34.481997 3.150537 -44.487505 15
34.266217 2.170107 -44.418205 13
34.721138 1.599777 -43.763005 12
34.445476 0.788127 -43.246105 16
35.22972 0.917027 -42.670405 8
35.242241 0.812027 -41.695005 12
34.41904 1.094827 -41.239905 7
35.100765 1.279007 -40.603505 11
35.225998 1.229047 -39.714805 11
35.728958 0.489327 -40.154905 11
36.208254 0.779027 -40.932905 12
36.451844 1.116317 -41.816905 1
36.397564 1.934927 -42.353305 12
35.993844 2.681967 -41.893905 1
35.19272 3.052187 -41.435905 7
35.534898 2.120747 -41.103905 11
34.671092 2.089657 -41.460805 16
34.310694 2.743207 -42.052005 9
34.193093 3.658157 -41.815605 7
33.513694 3.367867 -42.472305 7
32.648974 2.993867 -42.428105 1
32.614374 3.866077 -42.105905 7
31.770834 3.476307 -42.444505 9
31.414694 2.608497 -42.686505 5
30.914484 3.000617 -41.969205 16
31.504074 3.409747 -41.317605 10
32.305114 3.787067 -41.060205 7
33.005754 4.510397 -41.155205 7
32.785544 5.428237 -41.183305 15
32.810654 6.148227 -40.507305 16
33.608544 6.248927 -40.031405 16
34.265952 6.031607 -40.699005 7
34.388722 6.940247 -40.417105 16
34.969213 6.271677 -39.952005 4
34.42556 5.570877 -39.765305 7
35.272004 5.117397 -39.622505 14
36.153784 5.476637 -39.437305 12
36.009154 4.687767 -38.898805 15
35.433321 4.015807 -39.302305 15
35.41129 3.490407 -40.092605 7
36.043714 2.790177 -40.137805 11
36.639804 2.661497 -40.900605 1
37.196824 3.439537 -40.936305 1
36.838824 3.512127 -41.809805 1
36.078514 3.631677 -41.161805 7
36.534474 4.476247 -41.242805 1
35.684576 4.803217 -41.502705 7
35.815451 4.732497 -40.537205 7
36.422074 4.328097 -39.924205 15
36.957324 5.091367 -40.125805 12
37.811654 5.008667 -40.583005 10
38.125814 5.655717 -39.945805 12
37.432024 5.951007 -40.527105 1
37.980054 6.250317 -41.330105 13
38.724284 6.705347 -41.729205 7
38.641764 7.585987 -41.273105 7
38.537514 6.875687 -40.535205 13
37.927734 6.755137 -39.728705 12
38.566074 7.610927 -39.661405 7
39.518864 7.401857 -39.946005 16
40.189994 8.002287 -40.247005 16
41.000884 7.401457 -40.118405 12
41.549954 6.845577 -39.455105 16
40.909454 6.101487 -39.398105 11
40.305974 5.401487 -39.541205 7
40.467574 5.125317 -38.534805 6
39.642054 4.686317 -38.834905 4
38.764994 4.449047 -38.791205 8
37.962634 4.153327 -38.323805 7
37.437364 3.356197 -38.666605 15
37.354534 2.739327 -39.379405 11
38.103544 2.077637 -39.460205 12
37.682894 1.571807 -38.730105 7
38.039094 0.841427 -39.182005 16
37.254914 1.023847 -39.638605 9
36.261114 0.995787 -39.328605 11
36.536664 1.783917 -38.804605 7
35.79579 2.207757 -39.267305 11
35.849944 2.766667 -38.459105 15
36.560254 3.262837 -38.015605 15
36.710054 4.212397 -38.196005 15
37.089614 4.867357 -37.532505 7
37.020424 5.602377 -36.937705 7
37.936594 5.562607 -36.939305 1
38.510354 4.876157 -36.573705 1
38.781374 5.189967 -35.724305 1
39.575934 5.250667 -36.257405 1
40.165154 6.023677 -36.687105 1
40.838424 6.480697 -37.181105 1
40.295934 6.268987 -37.988205 7
40.159484 7.084317 -38.424505 7
40.190354 7.448807 -37.551905 11
40.145644 7.087767 -36.637905 7
39.455124 7.152407 -36.015405 16
39.090874 6.360207 -36.385305 1
38.282324 6.600277 -36.800305 1
37.803674 6.520857 -37.597905 7
37.938424 5.762667 -38.155805 5
37.289804 6.415917 -38.579705 12
36.768554 5.612797 -38.590705 12
36.176894 5.870247 -37.877505 15
35.244576 5.783627 -37.841305 15
34.348741 5.415557 -37.748105 14
33.781634 5.680177 -38.516105 12
33.003184 5.612817 -39.019805 16
33.025184 4.760357 -39.499005 7
32.411664 4.759037 -40.248305 7
32.129064 5.574477 -39.787905 16
31.599534 6.224307 -39.268105 16
31.296204 5.453467 -38.778105 11
31.138574 5.060587 -37.862105 7
31.700824 4.913507 -37.034105 13
31.785454 4.054697 -37.411105 11
31.545484 3.662757 -36.580005 12
30.680384 4.062007 -36.373605 7
30.377504 4.252767 -37.252705 1
30.182214 3.359667 -37.061005 16
29.851664 3.497717 -36.133005 1
30.057874 2.801427 -35.489305 11
30.851214 2.736297 -36.073105 7
31.459814 2.064827 -36.516205 12
30.651454 1.486417 -36.306705 16
30.575904 0.588327 -36.776605 1
30.554634 1.336677 -37.387805 12
29.729634 1.729157 -37.128505 15
29.390324 0.994257 -36.629405 1
29.363084 0.090427 -36.997105 7
29.985864 -0.533873 -37.403105 16
30.707024 -0.450873 -37.977305 7
31.201004 0.283227 -37.649305 12
31.748124 0.682927 -38.351805 12
31.003544 1.298097 -38.438105 13
30.473254 1.237307 -39.284005 8
30.003514 1.181997 -40.098105 1
30.682544 0.614027 -40.596305 5
30.783344 -0.063873 -41.323805 7
31.368344 0.254227 -41.977805 9
31.359544 1.126197 -41.575705 8
31.963114 1.899077 -41.709005 12
32.877924 2.288267 -41.491705 7
33.411434 1.783877 -40.914405 15
34.057155 2.403757 -40.631405 11
34.135234 3.405697 -40.651505 7
33.920503 4.291007 -41.068205 7
34.201158 4.271527 -40.116905 7
34.409054 4.613837 -39.229105 1
35.054555 4.918217 -38.499805 15
34.425831 4.404427 -37.942305 1
34.529931 3.617167 -38.512205 15
34.482984 2.667417 -38.313705 7
34.723475 1.987147 -39.010105 11
34.129564 2.591207 -39.335105 11
33.520064 3.384257 -39.369005 7
32.595834 3.235507 -39.411805 15
32.762624 2.881877 -40.350805 7
33.344124 2.316147 -39.861905 11
32.685324 1.810547 -39.413305 12
32.233434 1.074667 -39.894105 1
32.893684 0.922527 -40.510705 10
33.074204 0.987967 -41.471205 1
32.435194 0.860827 -42.119505 1
32.763654 -0.037573 -41.631105 16
33.633544 -0.286973 -42.082805 1
34.518951 -0.480473 -42.194805 1
35.291607 -1.036873 -42.138905 1
34.739711 -1.898373 -41.874305 16
34.646643 -2.429673 -41.079105 14
34.534259 -3.095073 -40.357805 16
34.684664 -3.324573 -39.460705 16
34.965141 -3.685973 -38.541605 7
34.340467 -2.890173 -38.508805 16
33.408734 -2.620973 -38.465605 16
33.115254 -2.091173 -37.824205 16
32.322094 -2.528873 -37.381205 1
32.484894 -1.645073 -37.068305 16
32.298044 -1.538773 -36.131205 15
31.838124 -1.674673 -35.289805 12
32.261364 -2.284773 -34.639105 1
32.886074 -1.598073 -34.944605 15
32.943044 -0.782473 -34.301605 1
33.351174 -0.110573 -34.802905 15
32.895294 0.416227 -35.545205 15
32.502584 0.129927 -36.335205 12
31.634414 0.589127 -36.553105 12
31.554364 -0.103273 -35.909505 1
31.301704 -0.694473 -36.651505 5
31.488514 -1.367373 -37.372305 16
31.744984 -1.337173 -38.446005 11
32.503684 -1.911573 -38.685305 8
33.311584 -1.884673 -39.238705 16
34.352317 -1.882973 -39.300905 16
34.946813 -1.194773 -39.614805 7
35.2735 -0.472373 -40.090405 11
36.216234 -0.550273 -39.618105 8
35.771556 -0.797073 -38.783505 11
35.933654 -1.774173 -38.916105 13
35.180064 -1.879973 -38.433105 16
34.849152 -2.349173 -37.705605 16
35.824036 -2.145673 -37.444205 16
36.169554 -1.272573 -37.376905 16
35.904354 -0.374573 -37.526005 16
35.922604 0.421627 -38.120405 11
36.653054 0.208727 -38.811005 1
37.135114 -0.581373 -39.045805 1
38.106034 -0.407273 -39.105105 1
38.550934 -0.819573 -38.391205 1
38.580364 -1.420473 -39.091005 1
38.627684 -2.278073 -38.780905 11
38.360504 -2.337973 -37.849405 7
37.985574 -2.141873 -37.029205 16
37.397804 -1.879973 -36.222005 1
37.253794 -2.629673 -35.672905 11
36.510594 -2.140973 -35.424905 1
35.748156 -1.644473 -35.860305 1
35.024537 -1.595673 -36.536505 16
34.146953 -1.769773 -37.096305 16
33.583334 -1.028273 -36.623505 15
32.815794 -0.586973 -37.000405 12
33.109294 -0.291073 -37.879705 12
33.964432 -0.827873 -37.731905 16
34.484788 -0.810473 -38.563505 16
34.416213 -0.216273 -39.266105 11
33.398834 -0.415273 -39.432005 15
33.465644 -1.112673 -40.108205 7
32.883374 -1.819573 -40.359305 1
33.628804 -2.436573 -40.560805 16
33.486064 -3.357273 -40.505705 16
32.787664 -3.155273 -41.164505 5
32.335984 -3.471173 -40.339105 5
32.761334 -3.248273 -39.457905 16
33.098494 -3.749173 -38.736305 12
32.862094 -3.264873 -37.889605 16
33.143304 -3.592173 -36.990705 16
33.304834 -4.480373 -37.549405 1
34.058408 -3.946473 -37.466305 16
34.59294 -3.471773 -36.775205 16
33.864145 -3.574973 -36.109105 13
33.498854 -2.765273 -36.481205 16
33.343584 -2.294173 -35.725605 1
33.831244 -1.497273 -35.642605 15
33.902584 -0.924573 -34.896005 15
34.497403 -1.193173 -34.104705 1
35.468371 -0.977273 -34.255105 1
35.843522 -0.611973 -35.067605 7
34.901881 -0.310873 -35.199705 15
35.22425 0.490927 -34.805205 16
34.561651 1.214347 -34.734905 12
34.204847 2.006307 -35.259805 11
33.353444 1.560787 -35.236805 16
33.177714 1.785997 -36.217305 11
32.534904 1.172137 -36.605005 12
32.716154 1.393197 -37.515205 12
33.117004 1.618727 -38.445805 16
32.808054 0.787427 -38.947405 1
33.602174 0.702327 -39.577905 11
34.428971 0.861227 -39.084605 11
33.744544 0.647727 -38.398705 16
34.305721 1.309327 -38.003205 1
34.753295 0.499127 -38.129505 11
34.733373 -0.049673 -37.323405 16
35.241192 -0.542773 -36.618805 16
34.826274 0.184327 -36.131605 15
33.962384 0.729627 -36.213305 12
34.173014 1.608027 -36.600105 1
33.996031 2.671387 -36.673905 16
34.392938 3.482317 -36.959505 8
35.108694 4.025787 -37.277905 15
36.004094 3.764037 -37.152505 15
36.098294 4.604987 -36.702205 1
36.243344 4.095857 -35.902605 8
35.522339 4.704677 -35.651605 16
34.610415 4.842107 -35.349705 5
33.881098 4.918877 -35.928705 8
33.360264 5.713407 -35.679305 5
32.755114 6.487877 -35.527705 7
32.072184 6.937687 -35.928405 1
31.697274 7.000307 -36.784305 1
30.837304 7.310337 -36.617305 9
30.764094 8.193167 -37.084305 13
31.001224 7.609677 -37.828205 1
31.381964 6.872807 -38.337105 12
32.283554 6.967247 -38.357305 16
32.653964 7.583517 -39.040705 16
33.354914 8.005027 -38.358605 1
33.649764 8.215527 -39.244305 7
33.405354 7.382017 -39.727005 16
33.947264 7.183107 -38.892905 1
34.879682 6.942997 -39.010505 1
35.583126 7.015617 -38.385405 12
35.786374 7.168357 -37.412205 1
35.712006 7.944987 -36.825805 14
35.732927 7.993447 -35.897005 11
35.495419 7.394717 -35.243405 16
34.697062 7.634157 -35.726005 5
34.851969 8.602097 -35.705205 7
34.693023 9.338017 -36.262005 16
34.561187 9.125867 -37.168505 15
33.94161 9.153777 -37.912705 8
33.180364 9.602757 -37.489505 16
33.073344 9.476567 -38.413705 7
32.454654 8.871267 -38.959905 16
31.792304 9.350387 -39.455805 5
31.598474 8.433147 -39.609905 16
30.897944 7.782487 -39.638605 1
31.789044 7.377057 -39.695805 16
32.501524 7.249187 -40.270005 16
32.305574 6.933407 -41.247005 16
32.043724 6.444167 -42.025205 15
31.468454 5.733337 -42.441705 15
31.006294 4.932827 -42.221805 12
31.068144 4.482027 -41.422705 1
30.376814 4.537967 -40.704805 1
29.811634 5.043217 -40.119805 11
29.484214 6.042627 -40.247705 15
30.394664 6.272277 -39.791005 1
30.785764 7.027967 -40.431505 16
31.150704 7.056707 -41.303905 16
30.307144 7.589817 -41.194705 11
30.319644 8.517727 -41.413805 12
31.189664 8.230017 -41.770605 16
31.394484 9.086507 -41.316705 1
32.008034 8.884537 -40.548605 16
32.945714 9.121697 -40.568605 16
33.091654 9.940763 -40.978405 7
34.025476 10.107468 -41.047805 5
34.982352 10.085582 -41.319505 16
35.855304 10.484535 -41.426305 1
36.557394 10.438405 -40.690305 1
36.302544 10.545385 -39.725405 12
36.710904 11.365993 -40.127405 11
36.396094 12.131247 -40.518705 16
35.882934 12.572937 -41.262005 1
36.703994 12.811587 -41.810505 7
37.189964 12.358447 -42.575505 1
37.662234 11.787058 -41.986205 16
38.602164 12.090247 -41.755105 1
