-22.654937 10.306059 26.330979 14
-22.524737 9.387659 26.214679 1
-22.300737 8.579959 25.696479 4
-22.717437 8.696359 24.851779 1
-23.409937 8.096559 24.482079 1
-23.413837 7.462359 23.755479 16
-22.819637 7.124459 23.066579 2
-22.341637 6.674359 22.448779 12
-22.469137 5.904959 21.865779 1
-22.433037 6.133159 20.958679 3
-22.220037 6.160759 20.056279 1
-21.429637 5.850259 19.536779 1
-20.975537 5.896959 18.668879 2
-20.490837 6.616659 19.056679 1
-19.665237 6.238359 19.500079 1
-20.230937 5.478659 19.417679 1
-19.352137 5.338459 19.062279 5
-18.807337 4.635159 18.651579 15
-19.023437 4.904259 17.687079 2
-19.255437 5.763459 17.283679 14
-19.045737 6.338259 16.487579 8
-19.563237 6.625459 15.619379 2
-19.266337 5.883459 15.008879 15
-18.837337 5.591459 14.235879 9
-19.665237 5.564459 13.671679 9
-20.068237 4.656159 13.747079 1
-19.982737 3.763859 14.128279 8
-19.123237 3.358159 14.174579 11
-19.036437 3.388759 15.125179 2
-18.442437 3.921059 15.757479 13
-18.046137 3.628159 16.547679 14
-18.500737 2.815859 16.867079 12
-18.566637 2.729759 15.931979 1
-17.846137 2.587759 15.248779 6
-17.090637 2.752859 15.812779 8
-16.254937 3.229259 15.398579 2
-16.191137 4.050059 15.907879 2
-15.814137 4.633159 15.219779 14
-15.059537 5.233459 15.406279 2
-15.459637 6.152759 15.357979 6
-16.177537 5.723459 14.861379 14
-16.781937 6.071059 14.191779 6
-16.459337 5.843959 13.381679 2
-15.737937 5.199059 13.363779 14
-15.772337 4.397459 13.881279 14
-16.583637 4.320659 13.369279 11
-17.247437 4.955559 13.606879 3
-16.936137 5.353159 12.641479 2
-16.473337 5.268559 11.847579 2
-16.198237 4.428859 11.556079 5
-16.007137 3.653959 10.804179 5
-15.362137 3.831559 10.154579 7
-15.424937 4.547859 9.564079 1
-15.347937 5.391359 9.122279 2
-15.867637 5.618459 9.889179 5
-15.982037 6.354859 10.575379 2
-16.529037 6.174659 11.332979 2
-16.666937 6.927259 11.954479 2
-16.763437 7.839059 12.322879 1
-16.101337 7.836959 11.606879 2
-15.839337 8.727859 11.747979 8
-15.922237 9.236559 10.910279 1
-16.643237 9.939159 10.957679 9
-17.553237 9.865559 10.593179 15
-17.482737 10.487359 11.399579 14
-16.960337 11.188959 11.083679 14
-17.418737 11.621259 10.325579 2
-17.451137 12.204759 11.124279 14
-16.615237 12.604659 10.801879 1
-16.421037 12.195559 9.971979 8
-16.109737 12.615159 9.111179 2
-15.139937 12.589659 9.161479 1
-14.831837 13.508859 9.136279 9
-15.546037 13.981159 9.642779 14
-15.260737 14.289359 10.568279 1
-14.338437 14.482459 10.392879 1
-14.740837 14.780859 9.553879 11
-13.999737 15.342959 9.894979 14
-13.348537 14.759959 10.333279 6
-12.531937 14.246559 10.387879 2
-11.844537 13.512259 10.348579 8
-12.141637 12.670359 9.859479 2
-11.653637 12.532159 9.033079 15
-10.889737 12.083759 8.571279 14
-10.965637 11.072259 8.194979 10
-9.965037 10.996359 8.150679 2
-9.397537 10.313859 8.500579 1
-9.655037 9.616059 9.064379 2
-10.453937 10.015259 8.678979 12
-10.759337 9.299059 7.990279 8
-11.139637 8.685459 8.597079 2
-11.225737 7.764159 8.720679 2
-10.380837 7.319259 8.305079 1
-9.762537 7.793459 8.848379 3
-9.094337 8.539659 8.871179 14
-8.907937 7.769459 9.380679 1
-8.890637 6.988359 9.855679 2
-9.267137 7.514459 10.515779 1
-8.835137 6.834059 11.195079 1
-9.767437 6.903059 11.494779 1
-10.512437 7.056359 12.075579 1
-10.526637 6.134859 12.203579 1
-11.270837 6.502159 12.673079 1
-11.092237 6.033059 13.547679 1
-11.775237 5.337059 13.419079 7
-12.367737 5.209059 14.214379 2
-13.109637 5.509259 13.493379 14
-13.571337 6.138059 12.925979 14
-12.803037 6.357759 12.414979 2
-13.555937 5.768259 12.031579 14
-13.573837 5.254459 11.171079 5
-13.496137 4.613459 11.912479 14
-13.207537 4.000159 12.596279 2
-13.901437 3.935459 13.229979 14
-14.749437 3.257459 13.026079 11
-14.615037 3.327959 12.105479 5
-14.371237 4.188359 12.309279 14
-15.018537 4.913159 12.230579 14
-15.312437 5.673659 11.604379 2
-15.241437 5.114059 10.873579 5
-15.026837 6.039859 10.711079 2
-14.360437 5.362759 10.462979 15
-13.858337 6.190859 10.553279 8
-13.764337 6.915859 9.895479 1
-13.982337 7.447259 10.618579 15
-14.887337 7.008259 10.673279 2
-15.564037 7.686459 10.708279 2
-14.880137 8.333059 10.529979 6
-14.117637 8.889459 10.741079 9
-14.212637 9.082859 11.677679 1
-14.171037 8.807059 12.662879 8
-15.039437 8.562259 12.462779 8
-15.164137 7.789559 11.882979 2
-14.387137 7.446559 12.462679 15
-14.773037 6.611059 12.302279 2
-15.476537 7.163559 12.531379 2
-14.977737 7.688259 13.308579 8
-14.274337 7.280959 13.876079 14
-14.382137 7.520859 14.825879 12
-15.069337 8.113759 14.450879 8
-15.902037 7.563559 14.379179 6
-16.005237 8.395459 14.860779 8
-16.183737 8.570359 15.792879 9
-15.386137 8.333859 16.380679 3
-15.436537 9.035659 17.010679 1
-15.673437 9.913959 16.855779 12
-16.065337 10.696159 16.392679 2
-16.314237 11.391159 16.947079 2
-16.683637 11.153659 17.774579 2
-16.149537 10.398459 18.171179 14
-15.483837 11.043759 18.280779 2
-15.516137 10.934359 17.362279 2
-14.772937 10.345959 17.701379 1
-14.369637 10.777859 16.834079 2
-13.427937 10.720159 17.240079 1
-13.437237 9.788959 17.381079 1
-13.973337 9.908959 18.241279 5
-13.528637 9.330559 18.940879 1
-13.381037 8.735059 18.183579 6
-13.219737 7.844759 17.885779 5
-13.444537 7.688259 18.800579 2
-13.842737 7.059859 18.170179 1
-14.530137 7.273559 17.498579 2
-14.237937 6.769259 16.771079 11
-13.240637 6.691759 16.968979 5
-13.236737 5.827759 16.484279 15
-13.851737 5.353759 15.810279 3
-13.998237 4.357059 15.768679 15
-13.751237 4.530459 14.849879 2
-14.514737 4.351659 14.344079 14
-14.167037 5.183359 14.023579 14
-14.665137 5.657659 13.440079 14
-15.376637 6.248259 13.262379 2
-15.888637 6.586059 14.056279 6
-14.973937 6.306159 14.237279 14
-14.402637 5.805959 14.859579 14
-13.952437 6.668759 15.168679 2
-13.114837 6.237159 15.026679 14
-12.896037 7.132759 14.677579 2
-12.266637 7.450659 15.382779 15
-12.775437 8.260759 15.083979 5
-13.522037 8.832859 15.054879 2
-14.144037 9.239259 14.453279 8
-14.659237 9.870959 14.015679 8
-13.777237 10.201259 13.853779 9
-13.785137 11.043359 13.255679 1
-14.438537 11.333059 13.909079 8
-13.653037 11.848159 14.191179 9
-14.461337 12.156559 14.600779 2
-14.734737 12.817959 13.924279 2
-14.495537 13.605359 13.328979 1
-15.039837 13.118059 12.652379 8
-15.718137 12.687859 12.166979 2
-16.216837 11.835459 12.071179 14
-17.131437 12.224259 12.115579 14
-17.299537 13.199959 12.251579 2
-17.039537 13.616059 13.099979 1
-16.738237 14.438459 12.686179 1
-17.399837 15.114559 12.850579 14
-17.455637 16.085659 12.917779 2
-16.502237 15.966659 12.782279 1
-15.640937 15.878859 13.256279 4
-15.339537 16.009059 14.135679 2
-16.172537 15.754359 14.611879 1
-16.759237 15.997559 15.259579 7
-17.514437 15.833959 15.698179 3
-16.812137 15.142759 15.984279 3
-16.028837 14.554359 16.341979 2
-15.463137 13.965059 16.873579 2
-14.644437 13.808559 17.512879 2
-14.476037 14.008959 18.437279 10
-13.576837 14.480459 18.193879 12
-12.890837 15.201259 18.053479 1
-12.302637 14.655959 17.554579 1
-12.727137 13.987159 18.113879 3
-13.038037 13.851159 17.237079 8
-13.291137 13.834659 16.324279 6
-14.208337 13.556759 16.325579 2
-14.820837 14.296459 16.108579 14
-15.191537 13.475859 15.901079 2
-15.892337 13.675459 15.272679 2
-15.548037 14.287359 14.646079 6
-15.660037 13.549059 14.109979 2
-15.905937 12.639259 13.716779 14
-15.546237 11.808159 13.564279 8
-14.992837 11.948359 12.634079 1
-15.133637 11.013159 12.422479 3
-16.023837 11.112359 12.754879 14
-16.152537 10.215459 12.981779 8
-15.856037 10.009559 12.098479 1
-16.839537 9.986459 12.008779 14
-17.047437 9.158359 12.479879 8
-16.946437 8.979859 11.512779 1
-17.131537 8.245359 10.864479 2
-16.383837 8.190159 10.243479 2
-16.574837 8.436759 9.318379 1
-15.633237 8.603059 9.150879 9
-14.877737 9.237559 9.249779 2
-15.414037 9.695859 8.677079 3
-14.848637 9.163559 8.057979 7
-13.985837 9.230459 7.494979 3
-14.642437 9.826059 7.160579 15
-15.486037 9.761459 6.582879 1
-16.023737 8.981959 6.306979 5
-16.724437 9.264559 6.936179 2
-16.934537 8.768259 7.763279 12
-17.022137 7.754059 7.904379 14
-17.773237 7.545259 8.575279 8
-17.725937 6.995059 9.421479 2
-16.877137 7.239259 9.718679 2
-16.436437 6.659759 9.033079 11
-16.861437 5.977459 9.555379 3
-16.883837 5.656559 10.459379 5
-17.404137 6.416859 10.818279 2
-17.504337 7.110959 11.456179 2
-18.452137 6.970859 11.445879 14
-18.388537 6.061259 11.383379 2
-18.810437 5.374159 10.698179 4
-19.767437 5.333559 10.861079 14
-20.651737 5.057559 11.059879 3
-21.321437 4.445159 11.409379 1
-21.087737 3.928659 10.672879 1
-20.503537 4.167459 9.848279 2
-21.254237 4.748259 9.688679 14
-21.725237 5.604859 9.864979 1
-21.245837 6.114559 10.566879 1
-20.488937 6.253659 11.133379 1
-20.722737 7.054059 10.605579 2
-21.166437 7.750259 11.116479 1
-20.247937 7.773159 11.208879 14
-19.777737 7.414659 11.938479 2
-19.740237 6.832959 12.698079 9
-19.808937 5.823659 12.740079 2
-18.932337 5.622759 12.450079 9
-18.064637 5.239359 12.215779 2
-18.063337 5.835459 12.983079 9
-17.660137 6.363359 13.692779 6
-16.989937 6.640759 12.956179 2
-17.879437 7.026359 12.605779 2
-18.273037 7.263859 13.483379 9
-18.986937 7.162859 14.174479 9
-18.336737 6.527559 14.506579 9
-17.446537 6.598259 14.828879 6
-17.198737 7.553259 14.847079 6
-17.439437 8.411559 15.165279 2
-17.134637 8.629759 14.252679 8
-17.560637 8.042859 13.596779 6
-16.810937 8.418559 13.215079 8
-16.020837 7.806659 13.360379 6
-15.988737 8.674659 13.774679 8
-15.637537 9.616759 13.700279 8
-14.959637 9.745959 13.034779 8
-14.360737 10.202759 12.490179 3
-13.444237 9.945359 12.471979 3
-12.912937 9.162959 12.693879 14
-12.458137 9.044159 13.567879 2
-11.502937 8.959359 13.851879 2
-11.518437 8.918559 12.879879 8
-10.692437 9.528959 12.762579 14
-9.980637 10.192759 12.504079 2
-10.773937 10.731959 12.624079 10
-10.447037 11.551959 12.967379 3
-10.192537 11.120059 13.785379 12
-9.833137 10.711559 14.565079 2
-10.785237 10.416659 14.756279 14
-10.952337 10.995459 15.487279 1
-11.006037 11.888659 15.745379 3
-11.657037 11.533959 15.087579 12
-12.443037 11.166359 15.632579 2
-13.258337 11.328259 15.117179 3
-13.694337 11.776859 15.870579 2
-14.313237 12.044359 16.535779 2
-14.062437 12.407159 17.456279 3
-14.838037 11.884159 17.368279 2
-14.999737 12.554359 18.056079 2
-14.264337 12.720859 18.655079 1
-13.338337 12.835259 19.079579 8
-12.797637 12.327059 18.480379 1
-12.668837 12.516359 17.542879 8
-12.055337 12.427059 16.782179 14
-12.891137 12.586059 16.269279 1
-13.319737 12.950459 15.500479 2
-13.150737 13.494859 14.712679 9
-14.046837 13.093159 14.665079 2
-14.566337 13.699459 15.156779 2
-14.086037 14.397659 14.787079 1
-13.951337 14.785359 15.671979 8
-14.238437 15.679859 16.240579 9
-15.226437 15.663759 16.198079 3
-15.564037 16.573559 16.403879 1
-16.326937 16.001759 16.248479 8
-16.509537 16.429659 17.070879 1
-16.886937 15.568759 17.043879 3
-17.538537 15.807359 17.679379 3
-16.939337 15.176959 18.088779 6
-16.018937 14.827759 18.061179 14
-16.371637 14.216759 18.786979 6
-16.072737 13.895659 17.968479 6
-15.997737 13.013159 17.418679 2
-15.878637 12.349259 16.749979 2
-15.447737 12.505459 15.965279 2
-16.307237 12.757059 15.404079 2
-16.690537 13.102459 14.476079 7
-17.611537 13.004859 14.331079 1
-17.796337 12.140459 13.885679 1
-17.723937 11.782859 12.949479 14
-17.274437 11.144959 13.446279 14
-16.610737 10.544659 13.885879 8
-16.394537 11.251859 14.511979 9
-15.933937 12.065059 14.783979 2
-15.172337 11.871859 15.325979 2
-15.450037 10.974359 15.419979 2
-15.472337 10.261059 14.753579 8
-14.538037 10.614359 14.976179 9
-14.971737 9.957159 15.616379 3
-15.806737 9.501959 15.576079 8
-16.570937 9.818159 16.174179 2
-17.071537 9.139559 16.587379 14
-17.532837 8.344359 17.019279 12
-17.049337 8.608059 17.804979 3
-17.868337 9.000259 18.098179 2
-18.613837 9.534659 17.733379 9
-18.113737 10.222859 17.318679 2
-18.007137 10.651759 16.409879 3
-18.557237 11.246559 16.963979 10
-18.508837 11.076259 17.931279 1
-17.687237 11.349159 17.435679 2
-17.500437 10.625759 18.000179 2
-18.057737 10.250659 18.693679 1
-18.390837 10.688059 19.440579 1
-18.414737 9.736259 19.541679 2
-17.724137 9.780859 20.219079 9
-17.889037 10.769859 20.317379 1
-17.072637 10.613359 20.796779 1
-16.755237 11.030759 20.036479 3
-17.154537 11.253359 19.200079 12
-17.151237 11.789159 18.403979 2
-16.613137 12.701759 18.393779 2
-17.120237 13.272359 18.939479 6
-17.753037 12.617359 19.255579 8
-18.505437 12.189559 19.562779 8
-18.833737 12.795959 18.841079 6
-19.716137 12.390759 18.895079 14
-20.297637 12.262959 18.148379 2
-20.230237 13.177959 18.058379 8
-20.408937 13.680459 17.219279 2
-19.816737 13.867959 16.471279 3
-19.064537 13.693859 17.216779 3
-18.252937 13.939759 17.736479 6
-17.781737 13.117159 17.934079 6
-18.290337 12.429759 17.394479 1
-19.077137 12.576459 16.968879 12
-18.893237 12.095459 16.064279 1
-19.350037 11.259359 15.847279 3
-20.035737 11.550659 16.388079 3
-20.741737 11.561859 15.686279 1
-21.695137 11.581359 15.405879 14
-21.893837 10.574559 15.208179 2
-22.827337 10.163259 15.054479 1
-22.632137 9.231859 14.891879 4
-22.673737 8.688159 14.092479 2
-22.202537 8.244859 13.414879 2
-22.802037 8.957459 13.084379 8
-23.420137 9.167659 12.302279 14
-23.800737 9.987859 12.689979 2
-22.729437 10.009059 12.685879 9
-22.942437 10.209059 11.699279 6
-22.055637 10.453759 11.704979 2
-21.347037 11.072159 11.296379 2
-21.346437 11.952259 10.799179 9
-20.370937 11.737559 11.057679 9
-19.760337 11.280259 10.464179 2
-19.287737 12.108759 10.558379 3
-18.506737 12.065959 11.074779 14
-18.782137 12.958659 11.282379 14
-18.802637 13.939459 11.592979 1
-19.679437 14.269559 11.746379 2
-19.276337 13.997559 12.564179 9
-19.450437 14.056459 13.541279 2
-19.044337 13.140659 13.884979 6
-18.605437 13.502159 14.681479 8
-18.737137 13.547559 15.643179 8
-17.977837 13.992059 15.245579 1
-18.457837 14.742159 15.698179 3
-18.715137 14.482659 16.658079 3
-17.817737 14.220159 16.741979 3
-18.212237 13.336859 16.615779 10
-17.259937 13.166159 16.833479 2
-16.941737 12.523259 16.195779 2
-17.546237 11.921359 15.800879 1
-17.200837 11.508459 16.554179 2
-16.946037 10.906959 15.848079 2
-17.050437 10.222759 15.168879 8
-17.452837 9.719159 14.430379 8
-18.170937 10.207059 14.037079 2
-17.639037 10.034159 13.225079 3
-18.041637 10.781359 12.723879 14
-18.988437 10.608659 12.686079 6
-19.740937 11.090759 12.262079 3
-18.906237 11.618759 12.344379 14
-19.623037 12.144459 12.036479 3
-19.148737 13.033259 12.271479 14
-20.105037 12.930859 12.508779 2
-20.902937 12.364559 12.694279 4
-21.607037 12.321059 13.381079 8
-22.041537 12.447359 12.572279 3
-22.052637 13.402659 12.636879 6
-22.899837 13.608259 13.013579 2
-23.716137 14.084959 12.708679 2
-23.479537 14.879959 12.123479 7
-22.853637 15.471859 12.743679 2
-23.359137 15.410159 13.579379 5
-23.584037 16.317359 13.606479 7
-23.650837 17.135359 14.135879 2
-24.498837 17.015859 13.774779 3
-25.509137 17.075759 13.582579 5
-25.397537 17.542159 14.429579 1
-25.156937 18.032859 15.259079 3
-25.519637 18.479459 16.014179 3
-26.375137 18.429759 15.564079 2
-26.603037 18.050159 16.461079 1
-27.467937 17.551059 16.293779 3
-26.703937 17.175159 15.898679 6
-27.050237 16.294859 16.004679 13
-27.114137 16.386759 16.992579 10
-26.692237 15.616959 17.482379 3
-27.251537 14.821959 17.740879 1
-27.367737 15.402959 18.461679 9
-27.513437 15.394059 19.415679 1
-27.646537 15.081759 20.325979 1
-26.756837 15.301059 20.692079 9
-26.574237 16.017359 20.138579 14
-25.896437 16.488159 20.545479 1
-25.182137 16.253259 21.120979 3
-24.334337 16.717059 21.130379 8
-23.527637 16.272759 21.007179 8
-23.866137 16.284459 20.074779 3
-23.774937 16.198259 19.099779 3
-24.116237 16.326359 18.225679 9
-25.053137 16.654259 18.511379 10
-25.289537 16.627259 19.451379 13
-25.245137 15.644959 19.330279 3
-24.441337 15.172859 18.874979 5
-23.884137 15.204659 18.036879 9
-23.856037 14.542859 17.429979 10
-23.720737 15.028459 16.602279 12
-23.834337 15.940459 16.963679 9
-24.665637 15.691459 16.582679 14
-25.287737 15.528959 15.805879 2
-24.621237 15.274259 15.113379 3
-24.326837 15.452959 14.137979 2
-25.089537 16.102559 14.125379 3
-25.108837 15.964159 13.224779 1
-24.695037 15.555659 12.398579 4
-24.095837 16.302059 12.683579 3
-23.470737 16.855859 12.225179 10
-22.786737 16.216059 11.985479 1
-23.205937 15.590559 11.386779 1
-23.145337 15.663459 10.425679 6
-22.355737 15.619159 9.824379 3
-22.177037 15.627059 8.902979 7
-22.960237 16.093059 8.548879 3
-23.241137 15.386659 7.955179 2
-22.642337 15.839559 7.367879 3
-21.886137 15.831259 6.725079 1
-22.444337 15.022559 6.706679 10
-22.989337 14.237159 6.799579 1
-23.923137 14.312259 7.091679 3
-24.883237 14.531759 6.839279 8
-24.278437 15.328659 6.969779 2
-24.205837 16.223359 7.218979 6
-24.807837 16.939459 7.682279 3
-24.655137 17.505059 8.503579 9
-25.000137 16.918659 9.269479 4
-24.437337 16.869759 10.126079 9
-25.210537 16.994859 10.785479 3
-24.829037 17.060159 11.701579 12
-24.166937 17.715159 11.860379 6
-23.432537 18.314759 12.084379 3
-24.151237 19.020059 11.873379 3
-24.609837 19.099859 11.081479 9
-24.323437 19.933359 11.412579 6
-25.047937 20.538159 11.580679 13
-24.275137 21.021059 11.323579 6
-23.950337 21.620959 12.073379 8
-23.307937 21.196359 12.645579 10
-23.151437 20.744559 13.439679 5
-22.809337 20.773459 14.429879 5
-23.284737 20.630159 15.342879 3
-22.758537 21.356259 15.326879 10
-22.506037 22.025159 14.697579 5
-22.389437 22.598559 13.945079 3
-21.423337 22.445159 14.012579 14
-21.188137 21.474159 14.082379 5
-20.385537 21.740459 14.578279 9
-19.492537 21.570559 15.062279 14
-19.028437 21.983659 15.905579 8
-19.243937 21.265259 16.428179 3
-18.588237 21.802559 16.932079 9
-18.865337 21.088559 17.435379 3
-18.533237 20.212159 17.574579 3
-18.379637 20.077459 18.523379 3
-17.718637 20.741459 17.955579 9
-16.969737 21.287759 17.915679 1
-16.877837 21.171459 16.899279 1
-16.422637 22.030259 16.848079 3
-15.722737 21.409359 16.701479 1
-14.752237 21.571259 16.954779 4
-15.094937 20.703659 17.079479 9
-15.322737 20.235859 16.256179 4
-15.842337 20.527959 15.526479 1
-16.648037 20.076159 15.813679 1
-17.455237 19.405959 15.811579 1
-18.262537 19.350559 16.333679 1
-18.984137 19.317059 17.060579 3
-19.388937 19.607559 17.826979 3
-20.221437 20.033459 17.916179 3
-20.843737 20.823059 18.285579 6
-20.172137 21.068559 17.574679 3
-19.613837 21.720159 18.104379 3
-20.436437 21.978259 18.457379 15
-21.168537 21.630859 19.050079 6
-21.600737 22.380959 19.508679 10
-22.427337 22.068659 19.059479 3
-22.735937 21.235159 18.745179 6
-22.344737 20.708859 18.062479 6
-22.382437 21.345959 17.344679 13
-21.698337 21.818659 16.889879 13
-20.913037 22.139559 16.362479 3
-21.129037 22.111459 15.376779 11
-21.180237 21.163059 15.668079 12
-20.842237 20.759259 16.446179 4
-20.435437 19.903259 16.307179 3
-19.612037 19.566859 16.139579 3
-19.763837 19.207959 15.200979 4
-19.959737 18.226359 15.255779 9
-20.384237 18.891959 15.960379 3
-20.610037 18.301959 16.606479 3
-21.330537 18.305359 15.925979 9
-21.337437 19.149459 15.468879 8
-20.874637 19.959559 15.293979 1
-20.955637 19.975359 14.280779 5
-20.028137 19.653959 14.247079 9
-20.452537 19.538559 13.311479 5
-20.623137 19.526459 12.366879 8
-21.419537 19.959859 12.362279 5
-21.465337 20.758759 11.901379 1
-20.633037 20.735059 12.285779 5
-20.248637 21.320259 12.884079 10
-20.105737 20.915259 13.742479 5
-19.158637 20.812959 13.936679 2
-18.222637 21.097259 13.757879 3
-18.277837 20.748559 14.610779 6
-18.721537 20.946859 15.402079 1
-18.709537 20.462159 16.245979 3
-17.765637 20.532759 16.363479 6
-17.572137 19.948759 17.088579 1
-17.698637 19.073359 17.316879 3
-17.067037 19.365959 18.039779 3
-16.376237 19.408659 17.292879 1
-16.468737 18.952559 16.446679 10
-17.117737 18.266759 16.626379 14
-18.045637 18.032059 16.802779 13
-18.801737 18.065259 17.358679 3
-19.504637 18.605359 17.714679 3
-20.400737 18.286959 17.733179 3
-21.275737 17.988459 17.825479 9
-20.592337 17.297059 17.846579 3
-21.461837 17.075459 17.490879 9
-22.284937 16.603959 17.682779 9
-22.408137 17.042959 16.820979 9
-22.984837 17.778759 16.720979 9
-23.891337 18.184059 16.940479 3
-24.785137 18.551159 17.139979 3
-25.616537 18.106459 17.268779 13
-26.070737 18.858859 17.749679 1
-26.116237 18.746059 18.698279 8
-27.025537 19.087359 18.593879 3
-26.618037 19.748759 19.222679 1
-26.427937 20.664859 19.441679 1
-26.530237 21.473159 18.976879 9
-26.725537 21.464759 17.979579 1
-27.078037 20.641359 17.621479 1
-26.298637 20.642259 17.122979 4
-25.927137 19.762159 17.093879 3
-25.120837 19.974959 17.696279 6
-24.564637 20.314459 16.936679 3
-24.283937 20.522259 17.835479 4
-23.405737 20.279159 18.052679 6
-23.764337 19.484159 17.603579 9
-24.027937 19.357959 16.552579 3
-23.364437 18.721259 16.112179 3
-22.419637 18.836059 16.247379 9
-22.450937 19.672559 15.719979 3
-21.917337 20.092559 14.994979 8
-21.921837 20.361159 14.097479 5
-22.139637 20.462959 13.208579 5
-22.278337 21.065859 12.494179 3
-21.472137 21.557059 12.977779 5
-22.280237 22.155259 12.851879 5
-23.106537 22.124959 13.342179 6
-23.673937 22.805859 13.317779 3
-24.325137 22.820859 14.038179 1
-24.658937 21.952459 14.273179 11
-24.368737 21.086859 14.117979 10
-24.998537 20.451259 14.310379 3
-24.242837 20.062259 14.669779 3
-23.993437 19.590159 13.838579 8
-24.179137 18.934959 14.482379 1
-24.598137 19.319559 15.309579 3
-25.368537 19.194259 14.706279 10
-25.948037 19.360259 15.430279 15
-25.277037 20.093059 15.308579 3
-25.517237 20.500759 16.120279 3
-25.372837 21.483859 16.418079 1
-24.423237 21.355259 16.281879 3
-23.941037 22.145859 16.418979 9
-23.559337 22.473559 17.282979 14
-23.651737 21.473559 17.174079 4
-23.258337 20.986759 16.474979 12
-23.236137 20.031559 16.343479 3
-22.706337 19.648959 17.100279 4
-22.715337 18.706559 17.214279 9
-21.865037 18.795259 17.611579 9
-21.286437 19.058859 16.848779 3
-21.103637 19.384759 17.760479 3
-21.594937 20.109359 18.190779 6
-21.765437 19.580359 19.026979 6
-21.018037 18.947959 19.427479 3
-21.485637 18.723459 18.561679 13
-22.328237 18.310259 18.716879 9
-22.764937 19.022959 19.196979 6
-22.711237 19.454559 20.114479 5
-22.102537 20.190959 19.955579 6
-22.552537 21.043659 19.805279 6
-22.235837 21.146859 20.652879 1
-23.134137 21.701459 20.725079 1
-23.200137 22.637959 20.824579 9
-22.737437 22.690759 21.629179 10
-22.078637 22.124859 22.095179 9
-21.278837 22.325259 21.460979 5
-20.706837 21.531759 21.214579 13
-20.235437 20.799259 20.738279 1
-19.597637 20.098259 20.366579 3
-18.784237 19.624359 20.460979 3
-17.831837 19.895459 20.879179 5
-17.905937 20.613159 20.173579 3
-18.705237 21.195659 20.308679 3
-18.932537 21.674859 21.149879 1
-18.924637 22.520259 21.660879 1
-19.829037 22.226359 21.757079 8
-19.776737 21.356759 22.207479 5
-19.801537 20.311459 22.039379 6
-19.080437 19.781259 21.867879 3
-19.775637 19.069359 21.655779 15
-19.978737 19.197359 20.772279 3
-20.962937 19.240459 21.010279 3
-21.612337 19.587059 21.781079 4
-21.813637 18.996659 22.537079 9
-22.482137 18.913659 21.853979 3
-23.134037 18.149059 21.767479 8
-22.372437 18.178959 21.140679 6
-23.134337 17.698959 20.697779 8
-23.655637 17.670659 19.970179 3
-24.053037 18.115859 19.174479 4
-23.511337 17.347559 18.870279 4
-22.911337 16.974959 18.288279 9
-22.405137 16.180859 18.611479 9
-22.424437 16.870359 19.295579 13
-22.000137 17.232959 20.040379 3
-21.402437 18.027459 20.259579 14
-21.242037 17.879859 19.327879 9
-20.443937 17.427059 19.579679 5
-20.200537 18.228359 19.243179 3
-19.678237 18.055459 19.981079 3
-19.274237 17.733359 20.761179 9
-18.737637 17.326059 20.149179 3
-18.229637 17.129259 21.019879 1
-17.499337 17.674659 20.810779 9
-18.184337 18.268459 20.387779 13
-18.777637 18.293259 19.621779 3
-19.304637 18.548659 18.813079 3
-18.603437 18.011959 18.536479 3
-18.522237 17.068459 18.390179 3
-17.788237 16.673059 18.812179 6
-17.062437 17.269659 18.810179 15
-16.774237 16.287359 18.704779 6
-15.974137 16.366659 19.351479 6
-15.451837 15.701959 19.717479 1
-16.253037 15.527059 20.198979 6
-15.945537 16.133359 20.862479 3
-15.643937 16.511359 21.646979 10
-16.031937 17.358359 21.876579 1
-15.744137 16.809259 22.659079 1
-15.363037 15.929659 22.523179 10
-15.497837 15.427559 23.357379 9
-15.707837 15.013459 22.559479 3
-16.062737 14.335859 21.963179 5
-16.921037 14.556859 22.420979 3
-16.483637 13.860459 22.858079 8
-16.194137 13.129859 22.438779 11
-15.299537 13.240959 22.689479 5
-14.843837 12.362859 22.620179 6
-14.358537 13.196559 22.380379 10
-13.437137 13.226059 21.944079 3
-13.607937 14.065359 21.444179 9
-13.261937 13.511459 20.629579 3
-13.204137 12.603259 20.927579 5
-12.495537 12.876059 21.461979 6
-12.211137 13.777259 21.475179 13
-11.595337 14.349159 22.038779 9
-12.451637 14.715259 22.020379 3
-12.681337 15.468959 21.343879 3
-12.775137 15.940559 20.472979 1
-13.230737 16.757559 20.241879 1
-13.445037 17.683359 20.021979 4
-13.938737 18.368959 19.486279 3
-14.446737 18.488459 18.626979 1
-14.261237 17.807159 17.858479 8
-15.212037 17.945559 17.796579 1
-15.984837 17.865659 17.251279 1
-16.810837 17.416559 17.267379 9
-17.681937 16.893259 17.390979 4
-18.263637 16.477659 16.770179 3
-18.850237 17.045359 17.291979 3
-19.676637 16.591159 17.587379 3
-20.543337 16.374259 17.373979 9
-20.244937 15.946559 18.185679 9
-19.427037 15.399659 18.231479 3
-18.676037 15.724459 18.855879 6
-19.398737 16.418659 18.596279 3
-20.230037 16.885959 18.552579 3
-21.040037 16.534359 18.962879 9
-21.218637 16.296059 19.877979 10
-21.188437 16.667959 20.811079 15
-20.264737 16.603159 20.529679 9
-20.097337 15.762859 20.981579 5
-20.515537 15.425559 20.157479 3
-19.939937 14.662559 20.026879 5
-19.346337 15.358759 19.641579 6
-19.170537 16.323759 19.725879 3
-18.855837 16.163059 20.609879 5
-18.243537 15.987459 19.852279 6
-17.235537 16.120859 19.904079 6
-17.050737 17.123859 19.939979 3
-16.418837 17.912359 19.880679 1
-16.534537 18.691659 20.430979 13
-17.207737 19.084559 19.873179 1
-17.588337 18.938059 19.001579 10
-18.533937 19.272359 19.382679 3
-19.193937 19.622959 18.806579 3
-19.963337 20.072359 19.099579 3
-20.655237 20.107659 19.722379 13
-21.228137 21.001159 19.917679 6
-20.301537 21.132559 19.595079 5
-19.327337 21.279859 19.257879 3
-18.468437 21.163159 18.847379 3
-17.854637 21.964659 18.762179 9
-17.898737 22.605059 18.044979 6
-18.532137 23.270559 17.574979 14
-18.731637 24.021659 18.196579 4
-19.091137 23.767759 19.076779 3
-19.648337 24.368259 19.491079 8
-20.346737 24.387159 20.200879 3
-21.208337 23.962059 19.869479 13
-21.938437 24.598459 19.917879 4
-22.772737 24.045659 19.640579 3
-23.450037 24.630259 19.371079 11
-24.170037 24.066959 19.457579 12
-23.954637 23.204159 19.157879 4
-24.746037 22.834559 19.521579 1
-25.357837 22.250159 20.009479 1
-25.077137 21.382559 19.546879 6
-24.385637 20.783159 19.781379 1
-24.085137 20.131559 19.177179 1
-23.665837 19.357259 18.719079 6
-23.203337 18.616459 18.327579 6
-23.465337 17.826959 17.867679 9
-24.353237 17.527659 17.691579 4
-24.300437 17.095759 16.685579 9
-24.628237 17.338759 15.805579 3
-24.111037 16.931559 15.077679 10
-23.262237 17.502859 15.286679 9
-23.533737 18.456459 15.148379 3
-23.042237 18.974559 14.570179 3
-22.278537 18.738759 13.991479 5
-22.594837 18.961159 13.085979 5
-22.157837 18.139059 12.822779 15
-21.602837 17.428459 13.252379 13
-20.625637 17.591859 13.003679 1
-20.523937 18.323159 13.627179 10
-21.120837 18.594559 12.974379 5
-21.040237 18.213459 12.108179 1
-21.474037 18.532759 11.352379 3
-21.526437 17.566459 11.138279 8
-21.092737 17.183659 10.349479 3
-20.303437 17.222359 10.842079 9
-20.495737 16.839559 11.761379 3
-20.682937 16.022959 11.319679 8
-20.670137 15.248459 11.897579 3
-20.646037 15.220859 12.848279 6
-21.348137 15.782159 13.076179 13
-21.807937 16.239359 13.792779 11
-22.417637 16.064459 14.585679 3
-22.903737 16.501459 15.300079 13
-22.134637 16.513559 15.911879 9
-21.458537 17.180759 16.220479 9
-20.549737 17.149759 16.582479 3
-20.653937 16.251759 16.435179 13
-20.057537 15.561459 16.729179 3
-20.882337 15.352759 17.188279 9
-20.468037 14.955059 17.961779 3
-21.229837 15.001159 18.508379 9
-20.769337 14.082659 18.576079 10
-19.779437 14.082359 18.273079 3
-19.243537 14.315959 19.037479 6
-19.006837 14.157059 20.011079 5
-18.084037 13.850059 19.955679 6
-17.595437 13.868759 20.801879 3
-18.422237 14.265359 20.901479 5
-18.142937 15.160059 21.286779 5
-17.383937 14.913759 20.872679 15
-17.314437 15.089159 19.955579 6
-16.998137 14.163559 19.809979 4
-17.360537 14.564259 18.963379 6
-18.014637 14.744759 18.321779 6
-18.508837 15.028659 17.519279 3
-19.000037 15.565759 16.878079 3
-18.779837 15.757759 15.951479 3
-18.908837 16.400359 15.254379 8
-18.434737 16.590259 14.406379 1
-18.616337 17.334559 14.988279 10
-18.622537 18.087059 15.554979 1
-18.977337 17.526559 16.295779 3
-19.823637 17.500259 15.972679 3
-19.848637 16.837959 15.260279 1
-19.757437 15.911059 15.556879 3
-19.602437 15.685859 14.670179 10
-19.986537 14.845559 15.068279 3
-20.412537 14.462059 15.788979 1
-20.983337 13.631259 15.730779 4
-21.502237 14.469059 16.138979 1
-21.680737 15.062559 15.298179 1
-22.514337 14.875259 15.724679 3
-23.041537 15.536259 16.068579 1
-22.780437 16.030959 16.805279 9
-22.284637 15.458159 17.432679 9
-22.654337 14.654159 16.955379 5
-22.702837 14.678959 17.880979 3
-23.323537 14.494559 18.603779 6
-22.596837 15.083759 18.816079 5
-22.342037 14.391659 19.507579 11
-22.030037 13.519059 19.616179 12
-21.740937 12.583159 19.525879 3
-20.864137 12.653259 19.993979 14
-19.963337 12.749359 20.087079 10
-20.130637 12.323359 20.946079 3
-19.337537 11.981359 21.377279 4
-19.759537 11.570259 22.155979 9
-20.048137 12.078459 22.882779 4
-20.326137 11.918359 23.756879 4
-20.089237 12.689159 24.238579 4
-20.678137 13.105559 24.948579 13
-20.927037 13.650959 25.715179 10
-21.743137 13.181259 25.857579 3
-22.015637 14.143359 25.567779 13
-22.708337 14.252659 26.246779 8
-23.650337 13.970459 26.384579 9
-24.358337 14.302759 25.779779 10
-24.639637 14.130259 26.667079 6
-25.524537 14.309259 26.371679 10
-25.409837 13.687459 25.636579 10
-24.604437 13.188959 25.775079 13
-24.035937 12.431459 25.558779 6
-23.419337 13.144859 25.380679 1
-22.750637 13.143959 24.764579 1
-23.046737 13.997059 24.333179 13
-23.613837 14.309259 25.091779 3
-23.298637 14.972359 24.513179 13
-22.499537 14.966859 25.065179 5
-22.268937 14.637759 24.219679 13
-21.356037 14.635259 24.000979 3
-20.961737 13.738259 24.070779 4
-21.648437 13.286359 23.473779 10
-21.579837 12.817959 24.369979 1
-21.525937 12.215459 23.579079 6
-21.133137 12.211459 22.666679 4
-20.507637 12.793959 22.198079 4
-19.854237 13.398459 21.899479 5
-19.721137 13.530059 22.820679 4
-19.506937 12.796559 23.387279 4
-18.597437 12.442859 23.274479 4
-19.035637 11.656359 22.978279 4
-18.356237 11.557459 23.623079 11
-18.685537 10.744359 23.421179 10
-19.603937 10.773659 23.766779 9
-19.427637 10.991459 24.706579 4
-18.471437 10.993559 24.660979 11
-17.640737 11.306259 25.161379 3
-16.879637 11.464459 25.706579 11
-17.100837 12.285659 26.192579 8
-16.971937 12.690859 27.092179 10
-17.508437 12.182159 27.749279 6
-17.137037 12.968559 28.108079 10
-17.154637 13.881259 28.168479 10
-17.346337 14.829159 28.210579 5
-17.870137 14.859759 29.008579 13
-18.354037 13.999859 28.992679 6
-18.848637 13.724559 28.249279 5
-18.679237 12.929659 27.662079 10
-18.780737 12.261759 28.315479 1
-17.990137 12.595459 28.777879 13
-17.948637 12.768459 29.688179 3
-17.053637 12.384259 29.938479 6
-16.739737 12.927259 29.149879 13
-16.071237 12.727859 28.483379 10
-15.532337 13.457959 28.287279 10
-15.307237 13.393559 29.223779 1
-14.679037 13.392959 29.923979 4
-13.702837 13.102559 29.774679 1
-13.247237 12.462059 30.254579 10
-13.514537 11.561459 30.453279 12
-13.217637 10.775059 30.013779 6
-12.438837 10.127159 29.822879 1
-12.456037 9.979659 30.838179 8
-12.405737 10.643959 31.504079 4
-13.209337 10.199559 32.036179 3
-13.090537 9.996659 33.020079 1
-13.261737 9.977059 34.010779 4
-12.722137 9.827559 34.880879 13
-11.851337 9.813659 35.270379 15
-10.968837 9.384859 35.521279 9
-10.999537 8.903259 34.674279 4
-10.684637 9.678859 34.072279 9
-10.721037 10.530559 34.557879 4
-11.112737 11.135859 33.923279 11
-11.684537 10.729559 33.217679 10
-12.214937 10.519059 34.088879 4
-12.683837 11.353759 33.890379 3
-12.014737 11.717659 34.444979 15
-12.382237 12.452359 33.908379 1
-12.755437 12.863359 33.078379 4
-13.118237 13.293259 32.321679 13
-13.605037 13.152659 31.522979 5
-12.955537 13.779959 31.160779 10
-13.721837 14.278359 30.860279 3
-13.303137 14.529559 30.076379 4
-13.458137 14.911559 29.109479 2
-13.398937 15.298159 28.236479 13
-12.869437 14.497259 28.390579 13
-13.533437 14.114959 27.814879 1
-14.157437 13.341259 27.665279 1
-14.794037 13.451559 26.894479 1
-15.478537 14.185159 27.203479 10
-15.099337 15.055959 26.916179 1
-14.984537 15.641659 27.718979 4
-15.612737 16.357859 27.847679 1
-16.628437 16.367559 27.309779 1
-17.099937 15.477659 27.280579 3
-16.232237 15.001059 27.317779 9
-16.891737 14.304759 27.228079 10
-16.787537 13.570859 26.527479 10
-16.119037 13.900959 25.894479 4
-16.764537 13.404759 25.401779 6
-16.534737 13.164159 24.498479 6
-17.313837 12.572359 24.166479 1
-17.247837 11.963459 23.392579 13
-17.538737 12.547759 22.672179 10
-18.161537 13.236459 22.381879 4
-18.942337 13.725659 22.251679 4
-19.139237 14.546459 21.758279 5
-20.024337 14.852559 21.663579 5
-20.945837 14.703659 21.994179 10
-21.276537 15.250259 22.664479 11
-22.167437 15.103559 22.945379 13
-22.992637 15.581559 22.802579 13
-23.029037 16.555259 22.712779 8
-23.782637 17.178959 22.808179 3
-24.461937 17.027359 22.069079 8
-24.666737 17.981259 22.248079 10
-24.789337 19.006759 22.306779 4
-25.278237 18.486959 21.589379 3
-25.593437 17.606259 21.837079 9
-25.874537 18.130659 22.544179 5
-26.154537 17.495859 23.196279 11
-25.958237 17.118559 24.099879 4
-25.030537 17.365559 24.315279 10
-25.077637 18.079959 24.966479 11
-24.886337 18.102759 25.887979 4
-24.096437 18.128159 25.238379 4
-24.204137 18.002659 24.272079 1
-23.270537 17.953059 24.500679 13
-22.302437 18.069259 24.290879 6
-21.696137 18.723159 24.486179 15
-21.102337 19.475159 24.534679 6
-20.144537 19.341959 24.639179 9
-20.246937 18.698259 25.354279 10
-19.281137 18.391959 25.389279 13
-19.740137 18.285359 26.234479 8
-20.417037 17.567359 26.294579 6
-21.336837 17.376859 26.630379 13
-21.246337 16.408859 26.476379 5
-22.032637 16.517759 25.952279 10
-22.671537 17.152959 25.658679 12
-22.925337 18.173159 25.724079 4
-22.851437 17.986259 26.674479 4
-22.256537 18.773659 26.744379 13
-21.368437 19.033859 26.539179 10
-21.647337 19.526059 25.710479 1
-21.933637 20.420759 25.773979 3
-22.295337 20.518959 26.602279 3
-22.415737 20.247859 27.477779 1
-23.215037 19.728659 27.350079 10
-24.054137 19.361859 27.054579 4
-24.731537 19.362459 26.346379 4
-25.156837 20.170759 26.058479 1
-25.338037 20.268859 26.979379 1
-26.073237 19.740859 26.718479 4
-26.612937 19.747859 25.890179 3
-26.566537 18.767159 25.883479 4
-26.165837 18.891359 24.959679 1
-26.453137 18.757559 24.033579 15
-26.758837 18.551959 23.182379 1
-27.671137 18.637559 23.568779 1
-28.213037 17.914959 23.905679 10
-28.643237 17.051459 24.073379 9
-28.723837 16.510659 23.273279 1
-27.984937 16.323959 22.728379 13
-28.102437 15.719159 22.003679 10
-28.932837 15.426759 22.456979 6
-29.172637 14.510859 22.286179 5
-28.497837 14.063259 21.788879 11
-27.635637 13.760959 22.052879 4
-28.352437 13.486559 22.706279 10
-28.155137 12.702059 23.231679 13
-28.113137 12.921259 24.153179 6
-28.776537 13.725659 24.065479 4
-28.928937 14.693459 24.043979 10
-28.014837 14.503959 24.480179 11
-27.912037 15.504159 24.425979 3
-27.046937 15.400059 24.822879 4
-26.453437 15.037759 25.550679 10
-26.183637 14.310159 24.977679 10
-26.969637 14.193359 24.467379 6
-26.980437 13.789159 23.636079 4
-26.822037 14.619159 23.169879 10
-26.129037 14.417659 22.552879 6
-25.279937 14.137759 22.237579 4
-24.634537 14.522159 21.615979 3
-23.847037 15.024459 21.819179 8
-24.056437 14.944759 22.813579 13
-24.940237 15.254059 22.491179 12
-24.439137 15.898659 23.017279 8
-23.779437 15.549959 23.639679 13
-24.212437 15.951859 24.436479 4
-24.756137 15.155859 24.513679 13
-24.829537 14.218259 24.694279 10
-25.099937 13.584659 24.064379 1
-24.849537 12.884959 24.697279 1
-23.996837 13.037759 24.141079 4
-24.602237 12.976959 23.402779 3
-24.040737 13.028359 22.626479 1
-23.523737 13.779259 23.131479 13
-23.076137 12.927359 23.024879 9
-22.489937 13.768759 23.033079 13
-21.949937 13.691459 22.181979 10
-21.125437 13.850459 22.548779 4
-20.503637 14.200259 23.134379 4
-20.303737 15.253959 23.365479 5
-21.023337 15.639759 23.793779 1
-21.721837 16.285159 23.902379 13
-20.932537 16.607559 24.296479 10
-20.014037 16.195959 24.243679 15
-19.221937 16.128559 24.704979 10
-18.462237 15.841559 25.303479 9
-18.742237 15.353559 26.131479 4
-18.880637 15.078059 27.007879 9
-18.326737 14.362659 26.879179 10
-18.490037 13.796859 26.099479 6
-18.214937 12.880059 26.237579 10
-18.993737 12.360959 25.949479 3
-18.839837 12.281959 24.945679 6
-19.041637 12.965159 24.260979 4
-18.717537 13.880559 24.458279 4
-19.062937 14.809259 24.513079 11
-19.132137 14.508959 23.628979 4
-18.637237 15.213059 23.267579 10
-18.360937 15.559059 22.379479 5
-18.391437 16.217559 23.063779 9
-19.315937 16.396459 23.279479 13
-19.702837 16.390159 22.324579 5
-20.647537 16.694859 22.589679 3
-21.565737 16.323159 22.515279 1
-22.126937 16.150659 21.804079 7
-22.457137 15.319959 21.526379 13
-21.663137 15.505559 20.941279 4
-21.902237 14.550959 20.885979 5
-22.179837 13.632959 20.701279 10
-23.147737 13.902959 20.821379 8
-23.161937 12.975459 21.088179 4
-23.779437 12.403459 20.668579 12
-24.502337 12.311759 21.353579 1
-24.452637 11.860759 22.204279 1
-23.982537 11.104659 22.620079 10
-23.930737 10.070959 22.697979 3
-24.421737 9.393059 23.284879 10
-25.093637 9.399259 22.610679 4
-24.985637 10.277159 22.987279 6
-25.516037 10.796059 22.373879 1
-26.436937 10.560259 22.245579 1
-26.660837 10.705159 21.368379 4
-27.331137 11.362759 21.182979 6
-27.817537 11.098659 21.976679 4
-28.460237 10.822559 21.323179 1
-28.886037 10.006259 20.968879 10
-29.853637 9.759359 20.631079 13
-29.593637 9.216159 19.820079 11
-29.041237 8.806159 20.468679 10
-28.887337 7.850959 20.228179 14
-28.011537 8.209459 20.018979 13
-27.616037 7.893759 20.841879 3
-27.201637 6.998759 20.865179 4
-28.003137 7.105359 21.294279 10
-27.745037 6.472959 21.941679 11
-27.854737 5.635859 21.522079 13
-28.700237 6.008359 21.779179 4
-28.800537 5.061659 22.085379 8
-28.243137 4.722759 22.811679 4
-29.010737 4.689959 23.373079 13
-29.748237 5.237459 23.575379 10
-29.212037 5.796459 22.962879 9
-28.412737 5.757459 23.508779 4
-28.958037 5.955259 24.321179 13
-29.493837 6.610359 24.927879 10
-29.997137 6.814459 24.140879 5
-30.207637 6.641059 23.269679 4
-30.937037 7.012659 22.723079 15
-31.508937 7.263459 23.468479 6
-31.167837 7.240159 24.404879 4
-30.448437 7.442959 24.989279 5
-30.334337 6.953359 25.872179 10
-29.464737 7.104059 26.406879 6
-29.753837 7.813459 27.045079 9
-29.442337 8.734959 27.350179 10
-28.570637 9.053159 27.853679 4
-28.680337 8.288059 28.473879 10
-29.627237 8.450459 28.411779 7
-29.628537 9.258459 28.938479 13
-29.512637 9.969959 28.239379 4
-29.528837 10.872959 28.236379 4
-29.443637 11.784459 28.620779 8
-28.574037 11.508359 28.443879 1
-28.400337 12.193859 27.778479 5
-27.671637 12.287459 27.144579 10
-27.210337 12.544759 28.001479 1
-27.458437 13.438059 27.626779 10
-28.163337 13.823559 28.161979 1
-27.966037 14.136559 29.046079 1
-27.424437 13.799659 29.781879 3
-27.306437 14.726259 30.244979 13
-26.454337 14.666059 30.697879 13
-26.339637 13.963159 30.023979 4
-26.561837 13.400559 29.285679 11
-25.614537 13.680159 29.233479 4
-25.234337 13.456059 28.384479 6
-24.503437 13.552459 28.963179 6
-24.938837 12.899759 29.567079 4
-24.943037 12.140459 28.807279 14
-25.105437 12.562259 28.007379 11
-25.279637 12.795559 27.011579 4
-26.071737 12.980259 26.494279 10
-25.685337 12.022459 26.362579 12
-26.156537 11.299359 26.875479 13
-25.247337 10.917459 26.698779 3
-25.824337 10.791659 25.852079 10
-25.888837 10.460859 24.877079 1
-26.113437 11.370359 24.482379 1
-26.021537 12.255359 25.036479 4
-26.218637 13.146959 24.743479 5
-26.819137 13.042559 25.490079 10
-27.426837 13.848459 25.661779 4
-27.452937 14.392159 26.440479 10
-28.142137 13.957259 26.926579 10
-29.143837 13.866659 26.962079 5
-28.818637 14.409059 26.226479 9
-28.239737 15.146159 26.313379 3
-28.245437 16.105959 26.485679 15
-28.200737 15.696259 27.459579 10
-28.278237 16.287859 28.224879 4
-27.758637 16.142759 29.069279 5
-27.141537 16.226859 29.803479 13
-26.845137 16.954359 30.421879 13
-27.489937 17.674459 30.637179 15
-27.461537 18.262059 29.863179 10
-26.682837 18.174659 29.241479 9
-25.774637 17.807959 29.292579 13
-25.148437 18.198559 28.661779 4
-24.574237 18.745059 28.093479 4
-23.613737 18.732959 28.159779 6
-23.804837 18.817359 29.126179 4
-23.675037 19.798059 29.175179 13
-23.334837 20.217359 29.961479 10
-22.479837 20.111259 29.503579 1
-22.628937 21.041559 29.652079 9
-23.522737 21.068559 29.367179 1
-24.128737 21.651659 28.938579 11
-24.446637 21.515959 28.017679 10
-24.710537 20.815859 28.655779 8
-24.854037 19.939459 28.235779 4
-25.740437 20.165159 27.825879 4
-26.436837 20.329559 28.550179 13
-25.610137 20.006959 29.039879 4
-26.489537 19.988859 29.470379 6
-27.311937 19.630859 29.015579 7
-27.683437 20.520459 28.819679 10
-27.937037 20.198059 29.719679 5
-28.891437 20.304959 29.810879 10
-29.201937 20.093559 28.903479 8
-29.954737 19.592659 28.590079 3
-30.385437 19.608059 29.532979 4
-31.277337 19.795759 29.973579 6
-32.038237 19.844759 29.402079 10
-32.473837 19.649959 28.576079 4
-32.173237 19.487359 27.639979 1
-31.221337 19.477059 27.408079 1
-30.658237 20.187259 27.193279 1
-30.506237 21.129159 27.513379 6
-29.668037 21.659859 27.509879 10
-29.552137 21.007059 26.779479 4
-28.852037 21.298159 26.189479 1
-29.539437 21.946959 26.478479 13
-30.439137 21.917559 25.940879 1
-30.169137 21.451859 25.199179 10
-30.599037 22.062559 24.532679 10
-31.429937 21.849359 24.020979 12
-32.065937 21.475159 24.693179 13
-31.616937 20.583559 24.446279 10
-31.693637 20.259459 25.417679 15
-32.470537 19.940859 25.877679 10
-33.020637 19.201059 26.046979 15
-33.870437 18.922959 26.384179 4
-34.516737 19.567759 26.724979 14
-33.879537 19.259059 27.379679 5
-34.184637 18.365159 27.665779 4
-33.622337 17.555259 27.503079 10
-33.249337 17.819559 28.396879 13
-33.368337 17.617659 29.345679 3
-34.243437 17.414459 29.099179 5
-34.465437 16.774859 29.783479 4
-34.079137 16.710059 30.703379 13
-33.374737 16.988159 31.386979 10
-33.861337 16.931659 32.246079 4
-33.612137 16.011559 32.373679 1
-33.801337 15.055759 32.625879 11
-33.106337 14.290759 32.928779 4
-32.435637 14.937159 32.658979 10
-31.980237 15.145759 31.829579 9
-32.544437 14.380759 31.677179 10
-33.239737 14.139359 31.024979 13
-32.411137 13.625159 30.909379 6
-31.465937 13.236359 30.629779 4
-31.406237 13.432159 29.696179 7
-31.805937 13.649159 28.848379 1
-31.714037 14.412459 28.305079 3
-30.787937 14.499559 28.015379 4
-30.382937 13.776659 28.471879 9
-29.753537 14.455459 28.192179 8
-28.818937 14.638559 28.201779 8
-27.950237 14.964359 28.442979 10
-27.119137 15.283959 28.862279 13
-27.082937 15.609459 27.968579 10
-27.176237 15.664859 27.068079 10
-26.910037 16.594459 27.398079 6
-27.039637 16.766459 28.454079 13
-27.561337 17.534859 28.108879 7
-27.612937 18.490559 28.158479 11
-27.169737 18.666859 27.266979 9
-26.307537 19.000359 27.435179 4
-25.706137 18.291159 27.603879 4
-26.455437 17.883159 28.099779 5
-26.057837 17.089659 28.388379 13
-25.753737 16.906259 27.472279 10
-25.434037 17.572259 26.824579 4
-26.372437 17.661059 26.710379 1
-26.197237 17.665959 25.795579 1
-25.513837 17.012159 25.494179 1
-25.951837 16.060559 25.388079 5
-25.779337 15.658059 26.258879 10
-25.839437 16.612859 26.399779 1
-25.130937 16.187159 26.808179 10
-24.442537 16.621259 27.357779 4
-23.935737 16.848959 28.095479 4
-23.610937 16.319659 28.868779 3
-23.776937 15.362759 29.079779 1
-24.654437 15.075859 29.401779 5
-25.434937 15.637759 29.421879 13
-25.524637 14.737459 29.780579 4
-25.298237 14.566559 28.877179 6
-26.095437 15.048359 28.590979 13
-26.340437 14.815959 27.724479 10
-26.529637 13.950859 28.141779 7
-26.494637 13.952359 27.164979 10
-25.649237 13.994359 27.533179 6
-25.448237 14.936259 27.280279 10
-25.032137 15.433259 27.992779 6
-25.325837 16.243859 28.447479 13
-24.891937 17.094559 28.706779 4
-25.517037 16.710559 29.380279 13
-26.133537 16.253859 30.044679 13
-25.838937 15.486259 30.567679 13
-25.372237 14.711759 30.997579 4
-25.480437 13.841659 31.389079 4
-26.310437 13.326359 31.129279 9
-25.299237 12.872759 30.927879 4
-25.019337 11.941159 30.991479 10
-24.368337 11.873859 30.292879 9
-23.663637 12.547259 30.285379 10
-24.269337 13.213359 30.588279 4
-24.039137 14.015659 30.148779 5
-24.542637 14.179659 30.972079 4
-23.861437 14.162959 31.689079 4
-23.511337 14.829959 32.360679 6
-24.019537 15.548359 32.862179 10
-24.723837 14.884759 33.077979 4
-25.283337 15.631559 33.370479 10
-25.804337 14.798159 33.398979 11
-25.283737 14.336059 34.024579 3
-25.351537 15.147059 34.458779 10
-24.807537 14.576659 35.038179 1
-24.014637 15.176059 34.981379 10
-23.893337 14.661559 35.792079 1
-23.826537 15.108159 36.662479 7
-24.728437 15.491459 36.554979 1
-24.321037 15.804859 35.740679 11
-24.751537 15.961759 34.857079 10
-24.465337 16.591359 34.225479 10
-23.668137 16.280859 33.735279 10
-22.807837 16.120859 34.102579 12
-23.283737 15.340359 34.358979 10
-22.776937 14.582359 34.904179 4
-21.867637 14.256959 34.694979 10
-21.364637 13.426159 34.842279 8
-21.209437 12.546259 35.266079 4
-21.835837 12.568759 36.058079 13
-22.058037 12.797059 36.958379 10
-22.393337 12.421359 37.741379 4
-23.071837 12.395159 37.088379 4
-23.833037 11.895559 37.359979 7
-24.517437 12.500859 37.589379 13
-24.977937 13.317659 37.553579 7
-25.286137 14.243359 37.424879 5
-25.895937 14.864959 37.136479 1
-26.104937 15.813559 36.975079 7
-25.960937 16.760959 36.906579 3
-25.893637 16.889259 35.871379 10
-26.829837 16.801959 35.996479 1
-27.762437 17.010859 36.286279 1
-28.273437 16.621959 35.546279 9
-28.294837 17.105059 34.639879 9
-29.242237 17.047659 34.995879 7
-29.548137 16.664959 35.821979 10
-28.980437 16.001159 35.389279 1
-29.587137 15.566659 35.955179 4
-30.121837 14.770659 36.030679 5
-29.787437 13.947059 35.608879 13
-29.830037 14.227659 34.638279 10
-28.874037 14.065859 34.455479 4
-28.895737 14.677859 35.249179 6
-28.353337 15.084759 34.575079 12
-28.113437 15.889159 34.202179 3
-27.756137 15.903559 33.313079 11
-27.197237 15.888959 32.540779 11
-26.448637 16.416859 32.293879 10
-27.121337 16.489459 31.533679 13
-26.901437 17.423259 31.797779 4
-26.926437 18.402459 31.865279 5
-26.298337 18.531359 31.018279 15
-26.520437 17.900359 30.336179 13
-26.620737 18.891959 30.026079 10
-25.931137 18.990859 29.373379 4
-25.595937 18.511359 30.096279 10
-24.698037 18.532159 30.376979 15
-24.656437 18.052559 29.522879 4
-24.547637 17.093859 29.822479 13
-23.703737 17.287259 29.496779 4
-23.789037 18.040059 30.164779 8
-22.873237 17.780459 29.819979 10
-22.109337 17.507159 29.256779 1
-21.240137 17.369259 29.026579 10
-20.701237 17.183859 28.181779 3
-21.540037 17.561859 27.904979 1
-21.637537 16.608159 27.715579 10
-22.452237 16.330559 27.230379 4
-22.827537 16.755259 28.077279 7
-23.198637 17.620259 28.070179 1
-23.777037 18.003259 27.373479 4
-24.221537 17.483159 26.709879 4
-24.480837 16.707359 26.022179 1
-24.928437 15.994159 25.578979 10
-24.148137 15.346759 25.467479 10
-23.173037 15.655659 25.514079 5
-23.397137 14.992159 26.196379 4
-23.871837 15.786259 26.454979 10
-23.455837 16.049359 27.421679 4
-23.658637 15.117259 27.231679 10
-23.469237 14.388159 27.791979 6
-23.747237 13.464159 28.069979 6
-23.498837 12.868559 27.382079 5
-23.612437 12.035459 26.902879 10
-24.290537 11.329559 27.133279 9
-24.044137 11.409659 28.035379 7
-23.312237 11.419259 28.613779 10
-22.363837 11.612659 28.317579 4
-22.545237 12.414359 27.803579 7
-22.081737 13.233359 28.010679 1
-21.456337 13.999959 28.074279 4
-21.002637 14.029459 27.181079 1
-20.114437 14.412859 27.087679 3
-19.974637 14.537459 28.049779 13
-20.529437 14.760859 28.871279 9
-20.638337 15.598059 29.392079 10
-21.052337 15.619959 28.503079 7
-21.658137 15.837259 29.178579 1
-22.220137 16.512159 29.635879 1
-23.118937 16.263059 30.167079 1
-23.908837 15.935759 30.656879 13
-24.304037 15.333059 31.312779 4
-25.147537 15.749459 31.413979 13
-25.270837 15.854159 32.418479 10
-26.071237 15.518259 32.751679 11
-25.932237 14.725059 32.261879 4
-26.399137 15.398059 31.660779 13
-27.289337 15.035559 31.517879 7
-28.240737 14.930659 31.517479 8
-29.095637 14.785859 31.780679 10
-28.500937 14.184859 32.469279 8
-27.750337 14.754759 32.636079 11
-26.940337 14.268259 32.477079 11
-26.149737 13.742559 32.479979 10
-25.209137 13.639659 32.592979 4
-25.074237 12.713159 32.455779 4
-24.364437 12.320559 32.971079 10
-24.423837 13.172859 33.455779 3
-24.283337 13.906359 32.820179 4
-23.415537 13.490159 32.756979 6
-23.054637 13.596359 31.892779 5
-23.691437 12.782159 31.599879 4
-23.708837 11.900859 31.855579 13
-23.394737 11.257259 32.496879 10
-22.557137 11.971859 32.252479 6
-22.149937 12.915759 32.073679 1
-21.850137 12.858959 31.165379 4
-20.842337 12.625359 31.217979 7
-20.651137 13.205659 31.996279 4
-20.685937 14.175959 32.054379 5
-20.875837 14.789859 31.350279 5
-21.326537 14.991759 32.114279 4
-22.251637 15.383259 32.323279 10
-22.931937 15.740759 32.949679 1
-23.551137 16.516359 32.698879 10
-24.056537 17.237759 32.363679 10
-24.152337 18.164059 32.548579 15
-25.025937 18.197959 32.192379 15
-25.007037 17.506359 32.879279 10
-24.938637 16.867459 32.122479 10
-24.933237 16.862459 31.115179 13
-25.098737 17.818159 31.133179 15
-25.910237 17.430759 31.440579 13
-25.838137 17.636159 32.384179 10
-26.558037 17.519559 32.988079 10
-27.110837 17.573259 33.718679 9
-27.231237 17.294659 34.630579 9
-26.472937 16.710059 34.829279 10
-25.809737 16.119459 35.288279 10
-25.877537 15.563159 36.008579 7
-25.486637 14.672159 36.054979 12
-25.517137 13.711059 36.101079 3
-25.929937 13.077959 36.765879 7
-26.816737 12.714859 36.611679 4
-27.732037 12.383459 36.747479 10
-28.175437 12.455359 35.849379 1
-28.015237 11.669659 35.361779 1
-28.095137 11.340659 36.212379 7
-27.200137 11.038559 35.957579 7
-26.241237 11.410459 35.670979 4
-25.948637 11.629159 34.814979 4
-25.127237 11.315159 35.221779 12
-24.660737 11.915959 34.640479 1
-25.119737 12.776859 34.718079 10
-25.777037 13.092459 34.069579 1
-26.639737 13.278159 34.439579 14
-26.813737 14.175459 34.025679 11
-26.798837 15.044459 34.450679 13
-27.016537 15.882259 34.122079 11
-26.656437 16.598959 33.660679 10
-26.143937 17.364459 34.093879 10
-26.270137 17.842159 34.899779 4
-27.118037 18.219159 35.065679 9
-26.631937 18.868259 35.434579 7
-26.737837 18.839859 36.424979 6
-26.629537 19.754759 36.024279 7
-26.006037 19.551959 36.721779 7
-25.282037 19.096959 37.151679 4
-26.119137 18.777859 37.527979 13
-25.845237 19.318059 38.308179 12
-25.622237 18.460159 38.725579 7
-25.794437 17.785659 39.377879 14
-25.373237 16.982859 39.233079 10
-25.017137 16.145259 39.291179 4
-24.142337 16.090859 39.568079 12
-23.237637 16.195259 39.247679 12
-23.006237 16.997359 38.804579 7
-23.511437 16.813159 38.009579 12
-23.803037 16.654459 37.116179 13
-24.543037 16.613559 36.465679 4
-24.453137 16.899259 35.496179 10
-24.986237 17.721259 35.565079 10
-25.693337 18.233059 36.037279 7
-24.853437 18.630859 36.062479 4
-24.765537 19.579059 36.199779 7
-23.970837 19.016059 36.235379 1
-23.803537 18.059459 36.114879 7
-23.647737 18.357359 35.221079 10
-22.768537 18.416459 35.683079 1
-22.309837 17.623059 35.715079 1
-22.771737 16.798059 35.664479 7
-23.527837 17.306259 35.264479 10
-23.300637 17.042959 34.330179 10
-22.659637 17.747459 34.385979 7
-23.529937 18.169859 34.108379 10
-22.815837 18.191559 33.410679 3
-21.892437 18.480059 33.359379 1
-22.266137 18.538859 32.491079 4
-22.873937 19.263459 32.650479 1
-22.908137 19.867859 31.783579 10
-23.760437 20.187259 31.551579 11
-24.451637 19.626559 31.145879 15
-23.618537 19.322759 30.657379 1
-24.337337 19.580559 30.111079 4
-25.264237 20.082159 30.060479 14
-25.933637 20.765159 30.093779 11
-26.536537 21.431159 29.713079 1
-27.518637 21.449259 29.912779 10
-28.084537 22.139659 29.537279 12
-28.489137 21.623659 30.219079 7
-29.108337 21.948459 30.767279 4
-29.525437 21.586859 31.557579 5
-29.357637 20.654059 31.809379 9
-29.368537 20.336159 32.722379 7
-28.752537 19.659159 32.435879 13
-27.910637 19.499559 32.924879 14
-27.372537 18.828359 33.520679 9
-27.287137 19.303459 34.390379 7
-26.534637 18.687159 34.121779 10
-25.731037 18.835859 34.657479 7
-25.353937 18.033259 34.486179 10
-25.090637 17.329259 33.799879 10
-24.583737 18.154359 33.689479 10
-24.272537 19.104059 33.528979 14
-24.551837 19.176859 34.402079 12
-25.238437 19.793259 34.746079 7
-25.682937 19.854059 33.920079 7
-25.547337 19.228259 33.290279 10
-25.682337 19.008859 32.329579 15
-26.340537 19.763259 32.521179 1
-27.105237 20.208559 32.039279 4
-26.972537 20.541859 32.901579 1
-26.471537 20.451759 33.658579 7
-26.115537 21.298359 33.286079 4
-26.936037 21.534359 33.745379 10
-27.781337 21.644659 34.275879 7
-28.074437 22.593659 34.111879 12
-28.691237 22.810759 33.454179 7
-27.869237 22.652059 32.926679 1
-28.439037 23.314859 32.529579 10
-28.578437 23.020759 31.524279 1
-28.698437 23.946059 31.442579 1
-28.395237 23.996659 30.526079 13
-27.627937 24.457859 30.320979 1
-27.274737 24.394159 29.402479 12
-26.312337 24.173559 29.329779 11
-25.428737 24.094459 29.781779 4
-25.526737 23.237659 29.406179 7
-24.887637 23.119259 28.655479 10
-24.345237 23.399259 27.909379 4
-24.092637 22.495159 27.561579 7
-23.181137 22.292859 27.926579 6
-22.585037 21.512159 28.050679 10
-21.693037 21.877459 27.989979 12
-20.756337 21.873459 28.104979 10
-20.800637 22.389059 27.230979 1
-20.558637 23.079759 26.649179 8
-20.382937 23.670659 27.385979 7
-20.511937 24.119659 28.320479 11
-20.485037 25.068859 28.370879 13
-21.279237 24.749859 28.822379 7
-20.960137 23.927259 29.434479 15
-21.826737 23.857359 29.041979 11
-22.164037 23.043559 28.552779 10
-21.894137 23.624659 27.838479 9
-22.711337 24.052059 27.605579 7
-23.624237 24.312359 28.095179 10
-23.202537 24.257859 29.031679 14
-22.983237 25.098059 29.505979 1
-22.289537 25.442659 30.128279 13
-22.123337 26.072659 30.834279 10
-22.879237 26.054059 31.489879 1
-23.262337 25.217359 31.841979 7
-23.975137 25.890759 31.751079 5
-24.322337 25.012959 31.492679 4
-24.647737 24.117059 31.244579 6
-24.168037 23.687759 31.938579 16
-24.961037 23.416459 32.405379 1
-24.213937 23.604359 32.976879 1
-23.617837 24.385759 32.630479 7
-22.944837 23.962259 33.232979 1
-22.563837 24.404359 34.006979 1
-22.824937 24.339759 34.887479 10
-22.119337 23.668959 34.612879 7
-22.191637 23.314759 35.606379 1
-22.773937 22.601959 35.150979 7
-23.641137 22.269559 35.215279 10
-23.733037 22.983459 35.840179 10
-24.596837 22.814059 36.261479 4
-24.815937 22.075659 35.687179 10
-25.223637 21.430159 35.088279 7
-25.941937 21.892959 34.709879 7
-25.044037 22.113259 34.354279 10
-25.166937 21.325359 33.812579 7
-24.953837 22.116759 33.251779 14
-24.445237 21.518459 32.703479 14
-23.649537 21.832259 32.299879 11
-22.872037 21.544759 31.944179 10
-22.462137 21.300459 32.837679 11
-22.966737 20.883659 33.540779 11
-23.820337 21.277859 33.765379 4
-23.843537 22.120059 33.377679 1
-23.824037 22.580559 34.211979 10
-24.224837 23.489759 33.969779 10
-24.067237 24.418959 33.648679 12
-23.789837 24.641159 34.568179 7
-24.060037 24.687059 35.457279 4
-24.322237 23.793059 35.679379 10
-24.741337 24.016059 34.857279 10
-25.620637 24.477259 35.003379 1
-25.463137 25.281659 35.453379 12
-24.916437 26.099459 35.694979 13
-24.072037 25.716259 35.438279 9
-23.929737 25.452859 36.351979 1
-24.719637 25.176059 36.822579 12
-24.698137 26.197859 36.905279 7
-25.455437 25.712259 37.284179 12
-26.024937 25.088059 37.697379 12
-25.594537 24.222559 37.585879 7
-24.693737 24.135959 37.396379 4
-24.993237 23.209959 37.686179 1
-25.076937 23.190759 38.603379 15
-25.871437 22.831559 38.120479 15
-26.440837 22.701859 37.345379 1
-26.468737 21.849659 36.832579 7
-27.135137 21.539459 36.241979 7
-27.302137 20.990159 37.107979 7
-27.115537 20.649859 37.968379 1
-26.311937 20.994859 37.582279 7
-25.819337 21.704259 37.890579 15
-25.469337 22.363559 37.265879 15
-25.800137 22.547459 36.359479 7
-26.184037 22.760659 35.497879 7
-25.443637 23.398259 35.347179 10
-25.808037 23.799959 36.244379 12
-26.691437 23.703759 36.659979 7
-26.791637 24.635659 37.023479 12
-27.580237 25.134559 36.843579 12
-28.035037 25.056759 36.004979 1
-28.471637 24.927259 35.127379 10
-29.187437 25.530259 35.341079 7
-29.558737 26.287559 34.889779 16
-30.074337 27.045759 34.559879 7
-30.692737 27.210659 35.250179 10
-31.429837 26.983059 35.703079 3
-30.997537 27.467359 36.423579 1
-30.739137 27.763959 37.299379 1
-29.965137 27.221359 37.177579 1
-29.437537 27.593659 36.492579 11
-28.915037 26.723559 36.491379 1
-28.070437 26.450659 36.935579 9
-27.438837 26.154659 37.599879 12
-28.139337 25.637659 37.969279 12
-28.747437 26.370359 37.977479 1
-29.135837 26.024159 38.793279 7
-29.573437 25.470459 38.122979 5
-29.567537 24.773359 37.501479 15
-29.246637 23.899659 37.135579 4
-29.149137 22.927659 36.970479 16
-28.563937 22.280559 36.584979 7
-27.929937 22.124559 35.912079 7
-27.110337 22.129359 35.395079 7
-26.824837 22.883759 34.786079 15
-26.398837 23.299859 34.018579 10
-26.668937 23.829559 33.208479 7
-27.197937 23.902659 32.414079 1
-26.998437 24.862259 32.189279 4
-26.094637 25.135459 32.041379 1
-26.517937 25.714359 32.780479 1
-26.951237 26.552359 32.682079 1
-27.512637 27.216259 32.181479 7
-27.465137 28.121859 32.561879 10
-26.743437 28.073459 33.223179 15
-26.235537 27.403359 33.785679 1
-25.694637 26.582159 33.607679 1
-24.916637 26.728659 33.108079 7
-24.703937 27.654259 32.774779 1
-24.408937 28.181859 33.486379 1
-25.336737 27.900059 33.552579 1
-25.874337 28.768359 33.340579 11
-26.197537 29.633759 33.584179 10
-26.030437 29.923659 34.445279 12
-25.799037 29.853959 35.378679 15
-25.109637 29.535859 35.973079 7
-24.729337 28.727859 36.425779 7
-24.946437 27.826059 36.102979 15
-25.333037 27.397959 36.925979 11
-26.034137 26.773459 37.049779 12
-26.287837 26.424959 36.145479 10
-27.176437 26.194559 36.018279 12
-26.614637 25.450459 35.758879 12
-26.980437 24.589359 35.785279 10
-27.057637 23.618459 35.560779 7
-27.727037 23.520659 34.919279 15
-28.573037 23.125259 34.863479 16
-28.876637 22.398259 35.359079 13
-28.755837 21.414659 35.537079 7
-29.654237 21.485859 35.951179 16
-29.373037 21.480259 36.874779 7
-29.231437 20.592059 36.461679 7
-29.242937 20.441459 35.457779 13
-28.366537 20.398559 35.838779 7
-27.482837 20.489659 36.214979 7
-27.085637 19.903859 36.835579 13
-27.759737 19.488459 36.374779 7
-28.728737 19.435359 36.173479 16
-28.620537 19.539059 35.133879 7
-27.954737 18.851259 35.144779 9
-28.807037 18.365759 34.960079 9
-28.970337 17.822759 35.752179 7
-29.847137 17.932259 35.262879 10
-29.887737 18.747659 35.881579 12
-30.268037 19.632659 35.498879 4
-30.730637 20.253659 36.135279 1
-31.335137 20.948259 36.471179 14
-32.039637 21.569159 36.894479 12
-33.005437 21.521859 36.924279 11
-32.627437 21.756159 36.083279 6
-31.760537 22.198859 36.198679 16
-31.059137 22.751759 35.836479 15
-30.766837 22.813459 34.903479 7
-30.444337 23.720859 34.847979 1
-29.731237 23.481659 35.526979 7
-28.841837 23.312559 35.981779 16
-27.982337 23.182459 36.384379 7
-27.392737 23.134059 37.236979 7
-27.515737 24.123459 37.346779 12
-27.763537 24.112859 38.239579 12
-28.425837 23.459459 38.622679 11
-29.252937 22.928259 38.625679 11
-29.981837 23.273559 38.084279 15
-30.814437 23.745659 37.968879 7
-31.405037 23.233559 38.593979 5
-31.777237 24.146359 38.469279 4
-31.680137 24.924959 39.021079 1
-32.216437 25.495659 38.505979 7
-32.791937 24.621359 38.280779 11
-32.954837 24.695259 37.391979 4
-32.524637 25.192559 36.687379 1
-32.910237 24.310259 36.464379 7
-33.368437 24.499659 35.571779 14
-34.442937 24.578759 35.692579 16
-34.606537 24.449259 34.732379 16
-34.482537 23.776259 34.085579 1
-35.112437 23.182459 33.480679 15
-35.098837 22.331559 32.939279 10
-35.771237 22.327559 32.267479 9
-36.043737 21.874159 31.498679 16
-35.453637 22.214859 30.800979 7
-34.968537 21.457659 31.145379 7
-34.199437 21.281259 31.729479 10
-33.589937 20.525059 31.939079 1
-33.471437 20.542159 32.914479 15
-32.599237 20.597659 33.350779 10
-32.407637 19.570659 33.240079 10
-31.474737 19.529859 33.587979 13
-30.801437 18.986059 33.125579 12
-30.511537 19.877659 33.050279 1
-31.104437 19.990159 32.270679 16
-30.651837 20.818259 32.015179 7
-30.220037 20.900559 32.883879 13
-30.101837 21.686359 33.512679 1
-29.655137 21.158759 34.225079 7
-29.995537 20.235159 34.428979 12
-29.038337 20.286659 34.299879 1
-28.300237 20.438459 34.807179 7
-27.840737 20.228159 33.978079 12
-27.116837 20.545659 34.550279 7
-26.739437 21.357459 34.769579 1
-26.688337 20.635359 35.459379 7
-25.783837 20.422359 35.603479 7
-24.929137 20.676359 35.961279 6
-25.348737 21.347259 36.544279 7
-24.843437 21.417159 37.383879 15
-24.235037 20.680759 37.542279 16
-24.506937 19.809659 37.633579 7
-23.993937 20.152059 38.325579 11
-24.661237 20.866759 38.597879 7
-25.600537 21.194659 38.706979 15
-24.813237 21.514359 39.356979 15
-25.670837 21.457959 39.859679 15
-26.497037 21.143959 40.154979 4
-26.861637 20.509959 40.764079 9
-27.370337 19.706559 40.936879 7
-27.086137 19.029359 41.546679 9
-26.161837 19.177159 41.828979 1
-25.659437 18.972459 40.998379 7
-24.863437 18.700959 40.425879 11
-25.001837 17.794559 40.009579 1
-25.242837 17.332259 40.865279 12
-25.858537 17.585959 41.615979 10
-25.479437 18.253359 42.172979 11
-24.850337 18.644859 42.727879 7
-25.355037 19.109259 43.309779 13
-24.789337 19.894259 43.152579 16
-23.879137 19.652859 43.306979 12
-23.478537 20.431359 42.881779 11
-23.146737 21.259359 43.122879 7
-22.788037 22.101159 42.717579 16
-22.600137 22.037359 41.758679 16
-21.879737 21.650759 42.197679 16
-21.765537 21.077559 42.994579 10
-21.275937 20.320159 43.213579 4
-21.368137 20.194359 44.146079 7
-21.856637 21.093459 44.475879 16
-22.690437 21.177559 44.888379 10
-23.519137 20.903059 44.425279 12
-23.716137 21.623959 45.041379 1
-24.477037 21.334459 45.582679 7
-25.330037 21.604959 45.168879 16
-26.000337 21.950059 45.775379 7
-26.710237 21.336159 45.914279 5
-27.379137 20.661559 45.753379 14
-27.887137 21.358559 46.048479 12
-27.838037 22.052059 46.636979 1
-28.068437 22.338759 45.765979 7
-27.840137 23.290759 46.123479 16
-28.452637 23.967359 45.883179 15
-29.307537 24.159259 45.437779 12
-30.176137 23.908459 45.429279 1
-30.421137 24.540759 44.780279 15
-31.127637 24.852859 44.195179 10
-31.137537 24.876859 43.210179 1
-30.833337 24.201959 42.639879 7
-29.838037 24.408259 42.314979 1
-30.055037 25.190859 42.770279 1
-29.217237 25.661559 42.416679 1
-28.449137 25.446259 41.916779 7
-28.084437 24.777259 42.543579 1
-27.476437 24.966959 41.775079 7
-26.943537 24.947059 42.571479 7
-26.176937 24.366159 42.480179 5
-26.441937 24.313959 41.605179 7
-27.121137 23.697859 42.121779 16
-26.805437 22.922459 41.666279 15
-26.357137 23.309259 40.916479 13
-27.196637 23.838059 40.872679 13
-26.762337 24.650459 40.583579 8
-26.228637 25.484359 40.534279 7
-26.497037 26.003559 39.723679 13
-26.252037 26.401959 38.832479 12
-26.383137 25.982659 38.009079 12
-26.317537 25.278059 38.647779 12
-26.393037 24.515459 39.274679 15
-27.296237 24.816059 38.978379 12
-28.209937 24.814459 39.185579 7
-29.158737 24.753759 39.072379 16
-28.951337 25.230159 39.864479 12
-29.262437 24.943559 40.748579 7
-29.153437 24.037459 40.367979 11
-28.468937 24.021659 41.033379 7
-28.707737 23.133859 40.733479 9
-28.310237 22.415159 40.157379 11
-29.198037 22.194359 39.902679 11
-29.958437 22.231059 39.276579 1
-30.249937 22.412259 38.389479 1
-29.740337 21.629259 38.096479 7
-29.251837 21.440759 38.964879 11
-29.998237 20.892959 39.067279 1
-30.194237 20.430259 38.211679 7
-31.079137 20.133459 38.504979 16
-30.505337 19.336359 38.469579 9
-29.844037 18.888559 38.958779 16
-29.112337 19.310459 39.370179 14
-28.906437 20.181059 38.800679 7
-28.435237 19.796559 37.944379 7
-29.155537 19.615759 37.339979 7
-30.115037 19.591759 37.495179 16
-30.623437 18.854159 37.451679 16
-29.995237 18.320759 37.837679 10
-30.307437 17.806859 38.627879 15
-30.434037 17.796159 39.598279 5
-30.309137 16.906159 39.743279 7
-30.832537 17.045059 40.602279 4
-30.176837 16.356959 40.651579 10
-29.810337 16.994159 41.389579 12
-29.047237 16.612459 41.788279 15
-29.076537 15.678259 41.838979 7
-29.128537 15.349459 42.685179 1
-29.514237 15.940659 43.324579 1
-29.804337 16.759059 43.748579 7
-30.127337 16.814959 44.637179 15
-30.319137 16.697359 45.568479 7
-30.668537 17.417359 46.129679 15
-31.460937 16.918959 46.350079 11
-31.109137 16.972559 47.351779 12
-30.778737 17.422959 48.157379 1
-29.996537 17.962559 48.031279 7
-29.658537 17.971659 47.086479 1
-29.837437 18.562959 46.404279 7
-29.796037 18.478259 45.430579 1
-29.812737 19.447559 45.643279 7
-29.362737 19.478259 44.828979 12
-29.369037 19.750859 43.893979 7
-29.809037 19.462259 43.125779 6
-29.228737 20.124959 42.775879 13
-29.647237 19.697959 41.952879 16
-29.389137 20.366259 41.286879 16
-28.628637 20.329759 40.450179 12
-29.290637 20.936459 40.088679 13
-29.022137 21.639259 40.700479 11
-28.206337 21.996959 41.123379 12
-27.424337 21.482259 41.273479 16
-27.047937 22.258259 40.836379 7
-26.100037 22.189659 40.947479 8
-26.022737 22.682459 40.017379 15
-26.682237 22.358159 39.336779 15
-27.428237 21.811059 39.117179 11
-28.088037 21.444459 38.470079 11
-28.292037 21.237159 37.590579 7
-28.867737 22.018759 37.746879 16
-28.142837 22.649859 38.048579 9
-27.301737 22.286759 38.169579 7
-27.101237 23.074459 38.663879 15
-27.686837 23.092959 39.455579 11
-27.074337 23.852259 39.695579 15
-27.762637 24.493259 40.032979 7
-27.622537 25.435059 39.818079 4
-28.230637 26.132859 39.342179 12
-28.318537 26.824059 40.071479 1
-27.597337 26.276259 40.487879 7
-27.270437 25.886759 41.283479 7
-28.097437 26.254959 41.379079 7
-28.766837 26.860359 41.694479 1
-28.254137 27.725159 41.595679 7
-29.147137 27.783159 41.449079 1
-29.749837 28.055759 40.690979 1
-30.661437 28.353959 40.834679 11
-31.345037 28.924559 41.152479 16
-30.476437 29.296559 41.095079 1
-30.796937 29.732759 40.246479 1
-30.504537 30.583659 40.288979 7
-29.627437 30.360359 39.856979 1
-29.433237 30.557759 38.891179 1
-29.357537 30.301559 37.935779 7
-28.926637 29.426659 37.907079 15
-29.102737 28.593859 37.446979 11
-28.341837 28.106659 37.791879 16
-27.725937 27.416359 37.795379 12
-28.195937 27.213659 38.579079 5
-27.334637 27.023959 38.862679 12
-27.608237 27.908659 39.540479 14
-27.204837 27.328859 40.217079 7
-26.783137 28.210359 40.292779 12
-26.515137 27.703659 41.005679 7
-26.178937 28.540259 41.458379 16
-26.773737 29.179259 41.065579 15
-25.842137 29.379859 40.770079 16
-24.946737 29.020359 40.972379 7
-24.759837 29.647959 40.277779 1
-23.838637 29.678459 40.417779 1
-23.987237 29.577359 39.428279 15
-23.613537 28.666059 39.292279 7
-24.568337 28.571759 39.015679 1
-25.555937 28.403359 38.573779 13
-25.833937 27.829659 37.806579 12
-26.533537 27.937259 38.552779 1
-25.911237 27.330959 38.904179 12
-25.429537 27.567159 39.734579 16
-25.639237 26.662559 40.027779 7
-25.232437 26.559159 39.167179 12
-24.413037 26.794359 39.898079 11
-23.886637 27.117459 40.653479 11
-23.407537 27.103859 41.445379 16
-23.289237 28.059559 41.475279 7
-24.250937 28.122859 41.428579 8
-24.430837 28.899759 42.017779 16
-25.096237 28.975759 42.752179 12
-24.654237 29.778859 43.162679 12
-24.009037 29.116159 43.470579 5
-24.425837 29.054759 44.361079 8
-25.106937 28.515059 44.752879 7
-25.291137 27.634759 45.071579 12
-25.245037 27.740059 44.070479 9
-24.388937 27.688359 43.548179 7
-23.478237 27.573759 43.461979 1
-23.707537 26.604759 43.554879 13
-24.374137 26.663959 42.821179 7
-23.922737 26.363559 42.021879 15
-24.687037 25.940759 41.689279 11
-25.363937 25.420059 42.126479 7
-24.920237 24.673959 41.653379 11
-25.315337 24.149959 40.973479 15
-25.359437 24.782159 40.169579 15
-24.473137 24.902359 40.384079 11
-25.021637 25.484759 40.932079 11
-25.663837 26.157859 41.266379 7
-25.598237 27.089759 41.125279 7
-25.964037 27.419559 41.982279 1
-26.544637 26.602859 41.941779 7
-27.359137 27.014359 42.428279 7
-27.114337 27.616259 43.091879 1
-26.661437 26.787659 43.264979 15
-26.489437 25.911759 42.841779 7
-27.159537 25.656459 43.538979 1
-27.075637 26.199359 44.337579 1
-27.437837 25.454759 44.849979 1
-27.060637 24.703959 45.358879 16
-26.596737 23.900559 45.078679 12
-26.342337 23.165359 44.515379 14
-26.703837 22.324759 44.496679 7
-26.721237 21.755959 43.678679 16
-26.517637 22.016059 42.688379 1
-25.615437 21.634859 42.808479 1
-25.945537 21.829459 41.901079 16
-25.349937 22.591059 42.298679 1
-23.779337 22.301259 42.668179 16
-23.864737 22.947459 41.903579 16
-24.504337 23.048859 41.122779 1
-25.301337 23.152359 40.605879 15
-25.146437 23.185759 39.628579 15
-25.158037 24.063259 39.296779 15
-25.541137 24.643759 38.547979 12
-24.738537 24.971059 38.977379 12
-24.190937 24.385759 38.509379 1
-23.780537 24.614959 37.707279 12
-23.653237 23.677259 37.785879 1
-23.225537 23.661359 38.667779 15
-22.538837 23.085259 39.066279 5
-21.792937 23.534659 39.353679 1
-21.079237 23.551759 39.959879 16
-21.024837 24.099259 40.702979 16
-21.351337 23.232659 40.971079 16
-20.688637 22.715859 41.465279 16
-20.911337 21.990359 42.013179 16
-21.154337 22.315559 42.887879 16
-21.095937 23.259459 42.789279 16
-21.130137 23.423559 43.709479 7
-21.784337 23.455559 44.395679 11
-22.175537 22.707059 43.936079 8
-22.193737 22.956159 43.004379 16
-22.728237 23.755359 42.936479 16
-23.548637 23.886259 42.340979 16
-23.846637 24.808759 42.398279 11
-23.067537 25.118659 42.878579 16
-23.202537 24.982859 43.827979 11
-22.830537 25.801759 44.234079 13
-22.993137 26.066959 45.121279 8
-22.003537 25.712559 45.039379 1
-21.215437 25.178759 44.884379 16
-20.598737 25.729359 44.394579 1
-19.968937 26.396759 44.807779 11
-19.335637 27.092159 44.856779 1
-18.518037 26.529859 44.822979 16
-17.802437 26.159359 45.251379 7
-17.240037 26.718359 44.700679 16
-17.580737 26.305859 43.880079 1
-16.687937 25.861759 43.945179 11
-17.311037 25.157259 43.878079 1
-16.730837 24.352659 43.567679 11
-16.751737 23.819759 42.774679 1
-16.689637 24.377059 41.933879 1
-16.865637 24.346659 41.027879 1
-17.689137 24.722259 40.654779 12
-17.333637 23.962159 40.078779 12
-18.123037 23.732259 40.439679 5
-19.078737 23.381459 40.532179 16
-19.646437 23.095359 39.714279 16
-19.788037 22.305959 40.288579 16
-19.163237 21.716859 39.879879 15
-19.169937 21.529559 40.834279 11
-19.838137 20.831159 40.702179 16
-20.168037 20.410459 39.901579 7
-21.115337 20.553259 39.975579 15
-21.781337 19.930359 40.246479 16
-21.179437 19.299759 40.576779 5
-21.119537 18.572159 41.191679 12
-20.144537 18.837959 41.019979 1
-20.332737 19.465459 41.663779 1
-20.677037 20.271859 41.332879 7
-21.208537 21.068959 41.395179 16
-21.961937 21.165059 40.798479 13
-21.299437 21.641859 40.195879 16
-20.915537 22.432659 40.405179 16
-21.858637 22.763259 40.241879 16
-22.374737 22.930159 41.099579 16
-22.685037 22.149559 40.630979 1
-23.647737 22.039559 40.663479 1
-23.993437 22.758359 40.110779 15
-24.356637 22.368359 39.244179 15
-24.068237 22.816759 38.450879 15
-23.598637 22.059959 38.065979 1
-22.749437 22.416859 38.187879 16
-22.487337 23.000059 37.495879 12
-22.197337 23.892259 37.684479 16
-22.253637 24.199159 38.597279 1
-22.993637 24.849259 38.650879 12
-22.749737 25.482459 39.427479 11
-22.493837 26.343459 39.142579 11
-21.612237 25.990159 38.852679 1
-21.652437 25.602359 39.716879 11
-21.550337 24.836159 40.267679 16
-20.939437 25.270459 40.870879 12
-21.606437 24.774359 41.404679 16
-22.458637 24.883159 40.887979 16
-23.220937 25.313459 40.541079 11
-23.172337 25.923759 41.232479 11
-22.466837 25.590559 41.755379 16
-21.710637 26.254759 41.794179 7
-21.911837 27.107859 42.165279 8
-21.352837 27.814359 41.795879 12
-20.568237 27.777159 42.409079 5
-21.035237 28.628759 42.523879 8
-20.452937 29.379159 42.709279 16
-20.114137 30.144159 42.017779 8
-20.691237 30.465059 42.714579 15
-20.231737 30.511359 43.634279 1
-20.153737 29.770459 44.200679 15
-19.904537 28.982059 43.738879 16
-20.102437 28.736259 44.646379 1
-21.081837 28.766859 44.881179 1
-21.997037 28.324359 44.972679 15
-22.899137 28.577459 45.237579 5
-22.600137 28.868759 46.094579 13
-22.956237 27.930859 46.181779 1
-23.499637 27.152559 45.908679 9
-23.664637 26.265859 46.251879 1
-23.020437 26.270259 47.033479 14
-23.184437 25.288859 46.949079 12
-22.334637 24.895059 46.831879 7
-22.050537 24.798059 47.753379 16
-21.090537 24.837559 47.464879 1
-20.546837 24.256459 46.969279 12
-20.249337 23.327359 46.830079 1
-19.520737 22.848859 47.275579 16
-19.591037 21.842659 47.192379 1
-19.487237 21.100959 46.576279 16
-19.649137 21.937259 46.076279 1
-20.203837 22.206259 45.300779 7
-20.395637 23.019359 44.810979 16
-20.050637 23.849959 45.139379 5
-20.666537 23.965959 44.463279 7
-20.215837 23.807159 43.630479 5
-19.721137 24.531859 43.193479 1
-20.156737 23.938559 42.570079 16
-20.658837 24.839659 42.802079 8
-21.539737 24.729059 42.391079 16
-21.857337 23.813059 42.491879 16
-22.034737 23.689559 41.580579 16
-22.883537 23.792459 41.216179 16
-23.811337 24.160559 40.963179 11
-23.433037 23.780159 40.121679 15
-22.881937 24.570859 40.001579 16
-23.776437 24.565059 39.516779 15
-23.907637 25.517859 39.691279 11
-24.305237 25.901959 38.892779 12
-24.506537 26.339859 38.065079 12
-23.701537 26.798859 38.034679 1
-23.672237 27.398659 38.750679 1
-23.314737 27.439659 39.684979 16
-22.465337 27.128159 40.057979 11
-21.687937 27.595759 40.351579 1
-21.583737 28.191359 39.582979 1
-21.511137 28.696159 38.732179 16
-21.258637 27.810059 38.392979 15
-20.485237 28.196459 37.993279 16
-19.702137 27.693759 37.720779 15
-19.474137 27.827059 38.620079 16
-20.107337 28.398659 38.988679 1
-19.816237 28.603059 39.931979 7
-19.472737 28.107759 40.655579 12
-19.637837 27.122359 40.434779 5
-19.134737 26.945459 41.242979 1
-19.533537 26.266159 41.801679 7
-19.051937 25.447759 41.921679 11
-19.440337 24.650759 41.618879 1
-20.156837 24.286859 41.135079 16
-19.797437 23.568659 41.691179 16
-19.008437 23.652759 42.335479 1
-19.046837 22.643559 42.541479 16
-18.794937 22.876659 41.639579 1
-19.686237 22.534559 41.427079 16
-19.873537 21.794959 41.995279 16
