-6.445377 43.117851 -0.316803 1
-6.373077 44.008051 -0.041003 2
-5.475677 44.188751 -0.396603 12
-4.762677 44.847551 -0.671803 1
-5.176177 45.703651 -0.958503 1
-5.697477 46.187351 -1.622303 1
-5.974277 45.208251 -1.769403 1
-6.759377 45.719551 -1.673703 2
-7.172977 45.927551 -2.585903 4
-8.031377 45.558851 -2.464003 16
-8.200377 44.603451 -2.845503 1
-7.643277 44.071651 -2.306303 14
-8.297277 43.791751 -1.629003 3
-8.780377 43.705551 -0.812003 1
-8.318677 42.991051 -0.413903 1
-7.719377 43.248751 0.422197 2
-6.843577 43.331451 0.751297 1
-7.301977 44.189551 0.598697 8
-7.548577 44.553751 -0.279703 14
-8.336177 45.117651 -0.492303 2
-9.333977 44.903951 -0.484603 15
-10.195777 45.070751 -0.083903 1
-10.820477 45.594051 -0.611603 9
-11.314977 46.381651 -0.610303 8
-10.819377 46.422451 -1.402803 9
-10.629377 47.378251 -1.755703 5
-10.407377 47.312451 -2.717603 15
-10.554077 48.122051 -3.170403 13
-11.119277 47.953351 -3.984003 11
-11.028377 47.388851 -4.802403 2
-11.362777 46.462051 -4.608103 6
-10.515177 46.392951 -5.070503 1
-11.040077 45.577651 -5.263403 2
-11.901077 45.412451 -4.956303 6
-12.843477 45.499851 -5.130903 14
-12.743677 45.086651 -4.230903 14
-12.280477 45.770251 -3.670703 6
-13.175177 45.798751 -3.296303 14
-13.147077 44.856651 -3.008503 2
-13.955377 44.847651 -3.589403 14
-14.356277 44.206451 -3.031803 2
-15.003277 44.971451 -3.017103 14
-15.686077 44.387551 -2.842103 8
-16.248977 44.879351 -2.236903 12
-15.679777 44.282051 -1.749703 2
-15.161277 44.001951 -1.018903 2
-16.018477 44.360851 -0.823703 2
-16.517677 45.159651 -0.637803 11
-15.875377 45.642051 -1.179603 1
-15.181077 44.987851 -1.098303 2
-14.979977 45.476051 -1.884103 2
-15.825677 45.742751 -2.338903 5
-16.761677 46.072451 -2.550403 5
-16.242777 46.160651 -3.349603 5
-16.852577 45.358351 -3.417103 2
-17.051177 44.501551 -3.000803 3
-16.978977 43.508051 -2.900203 7
-16.912977 43.491051 -1.949403 2
-16.038077 43.349451 -2.323803 1
-15.177277 43.365351 -1.796503 2
-15.541377 42.417451 -1.796603 2
-15.654277 41.532151 -2.127403 14
-15.147577 40.843451 -2.499003 14
-15.362277 41.575751 -3.154703 15
-15.432577 41.780851 -4.114503 8
-16.083077 42.405451 -4.050703 1
-16.338477 42.535851 -3.092403 9
-15.496477 42.901951 -2.992603 2
-15.399977 43.569451 -3.658503 14
-14.994377 43.032051 -4.344003 8
-15.734677 43.223651 -4.909203 1
-15.222577 42.541451 -5.348003 1
-16.055277 42.118951 -5.414203 1
-15.940577 41.143951 -5.329903 9
-16.055377 40.978951 -6.310503 14
-17.026277 41.000851 -6.043903 11
-17.539877 40.221651 -5.753503 2
-17.885377 39.655851 -6.384203 14
-17.193177 39.813951 -7.005003 8
-17.873077 40.426251 -7.355103 6
-18.588477 40.914151 -6.845903 2
-19.553677 41.015151 -6.861303 1
-19.657177 41.656851 -6.056603 14
-20.210077 42.425251 -5.934003 1
-19.375977 42.938151 -5.862503 8
-18.929777 43.523051 -6.478103 15
-18.374777 44.379151 -6.366103 2
-18.813077 44.747051 -7.145603 10
-19.331777 45.566351 -7.208003 12
-20.083277 44.919751 -7.297603 2
-19.676177 44.254551 -7.863203 1
-20.425477 43.526651 -8.156603 1
-21.357577 43.395251 -8.026603 2
-21.391977 43.218651 -8.943603 2
-21.140477 42.645551 -9.768603 7
-21.831777 41.992351 -9.392003 1
-21.002977 41.928451 -9.000403 1
-20.182077 41.917551 -9.414503 2
-19.901277 42.722751 -8.871303 3
-19.769077 42.365651 -7.977803 14
-18.888177 42.344151 -7.725503 1
-18.154677 42.713851 -7.130803 1
-17.562977 42.313151 -6.539803 1
-16.970077 43.003651 -6.719403 1
-16.172677 43.475151 -6.397403 1
-16.149277 44.469451 -6.471803 2
-15.386677 44.450851 -5.807403 2
-14.646077 44.166751 -5.122303 14
-14.896577 45.051751 -5.124403 14
-14.445777 45.481651 -4.334303 14
-15.249377 45.596551 -3.883503 14
-15.289377 46.481951 -3.716503 14
-15.763077 47.220451 -3.427303 5
-16.197877 47.915751 -2.950303 5
-15.492577 48.498651 -2.634103 11
-15.092577 47.579051 -2.589603 5
-14.885377 46.646551 -2.511603 14
-14.210977 46.102351 -2.176003 14
-13.705277 45.200951 -2.114203 2
-13.660477 44.629751 -1.340003 2
-14.368977 44.579851 -0.730603 2
-14.155877 44.644051 0.214397 2
-14.054677 45.310251 0.944297 8
-13.725277 46.252651 1.208397 15
-12.901277 46.671751 1.580297 15
-13.547377 47.292251 1.299197 9
-13.906777 47.596651 2.196497 2
-14.613577 46.979051 1.958897 8
-14.351777 46.718251 2.891097 6
-13.467177 46.452551 2.842797 2
-14.129077 45.656951 2.845597 8
-13.753977 45.671251 3.701997 2
-13.345477 46.111751 4.501597 15
-13.001277 45.549451 5.171497 1
-12.656877 45.024351 4.385297 1
-12.528677 44.112851 4.613697 14
-13.340177 44.237651 4.101797 2
-14.028177 44.087051 3.468297 8
-14.818777 44.122151 4.120997 12
-15.606177 43.524051 4.045797 9
-15.646077 44.343351 3.524197 8
-16.384277 44.839751 3.997497 2
-15.599677 45.304951 4.426697 2
-15.660377 45.559351 3.439697 8
-16.417677 46.150051 3.309397 6
-16.750677 46.619851 2.537397 3
-17.399477 46.732451 1.883397 14
-18.226677 46.384851 1.911797 2
-19.205777 46.636051 2.006397 12
-19.112577 46.790051 1.068097 1
-19.472377 45.895051 0.946597 1
-18.819977 46.003551 0.255597 2
-18.605977 46.804751 -0.162303 2
-17.656477 46.863851 -0.104303 6
-16.964077 47.049951 -0.781503 5
-16.313677 47.775351 -1.155403 1
-16.785977 48.187351 -2.001303 2
-17.545877 47.774051 -2.353203 11
-17.071977 46.974451 -2.043103 5
-18.073977 46.751751 -2.184303 2
-17.993077 47.105351 -3.102803 5
-18.288177 47.058551 -4.066803 1
-18.444077 46.140451 -4.445703 1
-17.605677 46.099051 -3.923403 1
-16.811777 46.594151 -4.276203 2
-16.330877 46.095251 -4.953803 14
-15.862977 46.497351 -5.733103 14
-16.513877 45.892951 -5.996603 2
-15.589777 45.566951 -6.041903 14
-14.727377 45.573351 -6.290503 2
-13.942477 45.147351 -6.632403 3
-13.518577 45.767051 -6.022403 15
-14.120277 45.741751 -5.270903 14
-13.812977 46.692351 -5.126103 2
-14.382477 46.619951 -4.332903 14
-13.703677 46.737051 -3.525903 14
-13.001477 46.819651 -2.881303 15
-12.955077 47.741951 -3.273803 15
-13.581477 47.633751 -2.583603 6
-13.072977 48.142851 -1.957403 2
-13.571977 48.479751 -1.212803 9
-13.352977 49.363551 -1.610603 14
-14.360077 49.122451 -1.677503 2
-15.204477 48.717751 -1.509103 1
-15.313277 47.981651 -0.896503 8
-15.475277 47.161251 -1.399803 5
-14.708977 46.540351 -1.471303 2
-14.249577 47.188551 -0.979103 9
-13.804377 47.296451 -0.069903 1
-14.020277 46.351651 -0.240203 2
-14.549577 45.492851 -0.125803 2
-14.953477 45.799551 0.792897 8
-14.977477 46.767051 0.686197 14
-15.433377 46.552351 1.520697 8
-15.707777 45.597951 1.551597 8
-15.811177 45.177051 0.712897 2
-16.728677 45.138051 0.464297 1
-17.514977 44.565651 0.197097 1
-18.335677 44.460551 -0.348603 7
-18.167977 43.481351 -0.452703 3
-17.215177 43.294551 -0.467403 4
-17.024577 42.571051 -1.046603 2
-17.433777 41.875651 -0.465203 2
-16.691477 41.497051 -0.947103 1
-15.683477 41.504351 -0.872103 14
-15.948777 42.394451 -0.573903 2
-16.593677 42.268851 0.180797 3
-16.202477 43.136651 0.375297 1
-15.593177 43.555451 -0.246603 2
-14.589977 43.699151 -0.186103 2
-14.894677 43.840751 0.706197 1
-14.987877 43.675951 1.641397 8
-15.078677 42.690351 1.707997 6
-16.045577 42.482751 1.881497 10
-16.015377 41.709151 1.252997 2
-15.819077 41.431851 2.084497 8
-15.126877 40.782551 1.855497 6
-14.549277 41.091751 1.124597 1
-13.733877 41.480051 0.787597 2
-13.701077 40.966951 -0.062603 2
-13.914377 40.508851 -0.979203 14
-13.830177 39.908451 -0.225603 2
-13.490377 39.308251 0.494197 3
-13.402577 39.043151 1.439797 14
-14.195477 38.597251 1.241997 12
-13.779177 37.796751 1.075797 1
-13.559277 36.850851 0.814097 8
-14.197577 36.121051 0.731297 2
-14.582077 36.284951 1.609097 3
-14.531877 35.201651 1.411997 14
-14.423177 35.222951 0.430997 8
-13.455877 34.955251 0.539397 1
-13.038677 35.821751 0.239097 1
-13.177077 35.373851 -0.574703 14
-12.569377 34.684951 -0.956803 2
-11.826777 35.067351 -0.463903 2
-11.826077 35.396751 -1.373703 1
-10.850777 35.043651 -1.598003 9
-11.233577 34.935951 -2.448003 3
-10.957477 34.449951 -3.339803 7
-10.611077 33.955151 -4.150703 5
-11.129277 33.181951 -4.392403 2
-10.588577 33.377151 -5.156503 2
-11.130777 33.745551 -5.803303 1
-11.989677 34.121251 -5.960403 8
-12.670877 34.724551 -5.496203 2
-12.891877 35.667651 -5.338303 12
-13.240877 35.044551 -4.620103 2
-13.956277 35.499051 -5.041903 3
-13.891277 35.856051 -4.124003 5
-13.638277 36.799251 -4.134203 14
-12.891977 36.859651 -4.742903 15
-12.464577 36.637751 -5.580003 2
-12.717477 36.542251 -6.465003 3
-13.252077 37.321551 -6.715103 11
-14.067577 37.382851 -6.226003 2
-13.644477 36.801551 -5.644703 3
-14.366877 37.281051 -5.185803 14
-13.949477 37.957351 -4.603003 1
-14.907777 38.112051 -4.392403 1
-14.747077 37.822151 -3.441603 14
-15.412777 38.427451 -2.951103 1
-15.103677 39.054551 -2.311403 1
-14.848177 39.987951 -2.013703 14
-14.895077 40.067251 -1.096703 14
-15.261577 40.240751 -0.275303 1
-15.034177 41.186551 -0.064603 4
-14.450577 42.050551 -0.047403 2
-14.053677 42.958651 -0.108303 2
-13.835977 43.217051 0.793797 1
-13.093977 43.812151 0.825297 6
-13.035277 44.636251 0.375197 2
-12.247477 45.159651 0.622397 9
-12.382377 45.546551 -0.184803 2
-12.445477 46.442451 -0.554603 9
-13.341077 46.421651 -0.906703 2
-12.970677 45.650151 -1.367303 2
-12.549277 46.425051 -1.863803 9
-11.684077 46.457251 -2.218503 9
-11.400177 45.944251 -3.000803 6
-12.212177 45.490051 -2.663203 2
-11.873077 44.878951 -3.301403 6
-11.805477 44.187951 -2.631803 2
-11.440677 44.806851 -2.002003 9
-10.665177 45.300451 -1.652903 9
-10.506877 45.849051 -2.399703 3
-10.403777 45.052051 -2.817203 3
-10.777477 44.548651 -3.535003 6
-11.283677 44.340451 -4.326103 6
-12.159377 43.774851 -4.420403 8
-12.791277 43.933351 -5.192003 2
-13.238877 43.594251 -4.351303 8
-14.187677 43.775451 -4.350503 14
-14.354877 43.051551 -5.065603 8
-13.528977 42.579451 -4.880403 8
-13.681077 42.746451 -3.918703 8
-13.817777 42.501751 -3.001303 2
-13.009677 42.059051 -3.231303 8
-13.167677 41.815051 -2.367603 2
-12.901577 41.028651 -1.918203 14
-12.160477 41.591451 -2.173303 3
-11.905077 42.452851 -1.918503 2
-11.234177 42.505751 -1.206903 2
-10.473677 42.853851 -1.693903 2
-9.762777 43.401551 -1.357203 1
-10.188677 44.146651 -1.872703 14
-10.698377 44.065751 -2.634103 2
-9.876977 43.812951 -3.044603 3
-9.140677 43.541051 -3.635603 12
-9.042677 43.896751 -4.568503 3
-10.033677 43.798251 -4.647803 2
-10.485877 43.983651 -5.452403 3
-10.672977 43.111651 -5.192103 10
-11.409077 42.739651 -5.650703 12
-12.192677 42.133551 -5.657903 2
-12.666777 41.804651 -4.932203 8
-12.369677 41.555551 -4.096303 8
-11.501877 41.156751 -4.149003 1
-10.842977 40.883551 -3.435503 2
-10.402677 40.152551 -3.892103 2
-10.585977 39.403251 -4.491303 3
-10.868377 38.625251 -3.785603 1
-10.140877 38.382451 -3.269803 1
-10.125477 38.696851 -2.372403 9
-9.436577 38.074051 -2.479003 1
-9.164477 38.169951 -1.545203 8
-9.228477 38.529851 -0.594903 14
-8.465877 38.782851 -0.046503 2
-8.040877 39.683751 -0.167203 9
-7.218377 40.068651 0.016797 1
-6.335777 40.197351 -0.340803 3
-6.120077 40.081951 -1.275803 6
-6.244677 40.113151 -2.257803 3
-6.766077 40.531551 -2.969703 2
-6.605977 41.539551 -2.780503 1
-7.491077 41.679451 -2.384503 6
-8.005177 41.067051 -2.927303 2
-8.263777 41.225051 -3.829303 7
-9.103677 41.212151 -3.404903 6
-9.999777 41.524751 -3.382303 14
-10.778977 42.131151 -3.055503 1
-11.578877 42.437551 -3.531003 8
-11.271777 43.249051 -2.993303 2
-12.179177 42.985151 -2.774303 1
-12.467277 43.564851 -2.089103 2
-13.014477 43.798051 -1.376103 2
-13.601677 44.005551 -2.079703 2
-13.490377 43.524351 -2.855403 9
-14.348977 43.371051 -2.407303 2
-14.386677 42.584151 -1.898603 2
-14.401777 41.675251 -2.393503 14
-14.227877 41.703651 -3.400903 8
-14.318177 40.785851 -3.264903 14
-14.240277 40.948351 -4.248903 8
-14.977877 40.397251 -4.542203 3
-15.536577 40.014751 -3.880103 8
-16.236477 39.914951 -3.266703 12
-16.300377 39.871551 -2.272103 9
-16.819877 40.407551 -1.702903 14
-17.582977 40.431451 -2.354403 3
-17.863577 40.529351 -1.405803 1
-18.371577 40.344451 -0.586503 1
-19.282977 40.616951 -0.233603 1
-19.907377 40.958451 0.431697 2
-20.783377 41.291251 0.150797 2
-20.716477 41.812851 0.953697 9
-19.928177 42.017851 1.446497 1
-19.895377 42.638951 2.192997 2
-18.904477 42.651951 2.322497 3
-18.589077 42.586451 1.415997 2
-18.120277 42.028451 2.078497 1
-17.587277 42.788751 2.338597 3
-16.853777 43.393751 2.589697 2
-16.917777 44.334651 2.370097 10
-16.272777 45.024951 2.211097 9
-15.287977 45.057651 2.371897 8
-14.322677 44.791951 2.315597 8
-13.411677 44.801451 2.736297 2
-12.673377 44.720151 2.127897 6
-13.274877 44.733251 1.390097 2
-13.334777 43.855051 1.784997 6
-13.015877 43.469251 2.638797 8
-12.281977 44.029051 2.917097 3
-11.630677 44.670651 2.524697 14
-10.796177 44.274851 2.187197 12
-11.193177 43.831851 1.385197 6
-10.915277 44.310051 0.593297 3
-11.950977 44.169951 0.657997 6
-12.318777 43.966751 -0.238303 2
-12.688777 44.623251 -0.857003 2
-11.982877 44.212951 -1.304803 2
-11.137177 44.495751 -1.039603 14
-11.366677 43.709651 -0.673903 2
-10.767077 43.066351 -0.236903 3
-11.650777 42.865151 0.039397 2
-11.553677 42.024451 0.526497 8
-10.453477 42.084751 0.536897 4
-10.380077 41.332651 1.136197 1
-10.261277 40.841451 2.005797 3
-10.664277 39.942151 2.128397 12
-11.550077 39.463251 2.334097 1
-11.403077 38.980951 3.183697 14
-12.182277 38.483151 3.585897 2
-11.666077 37.775351 3.156197 1
-11.358177 38.044651 2.301097 1
-10.460177 38.397451 2.079297 1
-10.948477 39.037151 1.430597 9
-10.752277 39.558051 0.602797 6
-10.373477 39.962051 -0.181803 3
-11.153077 40.149451 -0.656803 9
-11.486977 41.041451 -0.753903 14
-12.121777 41.752951 -0.798803 9
-12.930877 42.100851 -1.214403 2
-13.775677 41.703651 -1.535903 14
-13.952977 42.420751 -1.002403 2
-13.246077 42.966951 -0.779903 2
-12.843277 43.107551 0.076597 2
-12.374477 42.880551 0.918797 6
-13.113277 42.282251 1.073597 2
-13.252277 41.971351 2.028997 9
-13.928277 42.534151 2.430797 8
-13.659177 42.505751 3.330097 10
-14.564577 42.970151 3.116697 8
-14.868177 42.224551 3.628297 3
-15.666077 42.253751 4.189097 2
-15.018877 42.357851 4.915097 2
-14.221477 42.432151 5.416097 1
-13.638177 42.959051 6.114097 8
-13.011177 43.124251 6.834097 2
-12.361277 42.564251 7.362897 1
-12.970877 42.822451 8.070997 3
-13.457577 43.570851 8.545197 2
-12.745877 43.856251 9.071797 3
-13.042577 44.664651 9.489397 8
-13.280777 45.533851 9.209397 2
-12.908777 46.303551 8.677897 3
-12.517877 45.936051 7.921197 2
-12.533177 46.896851 7.657197 8
-13.129077 47.697751 7.675297 14
-12.736577 48.570151 7.623097 2
-13.276877 49.168651 8.166497 3
-13.253277 49.111851 9.160897 7
-12.619777 48.508151 9.536197 14
-11.662677 48.589951 9.312497 3
-10.862377 49.015251 9.003897 2
-10.508377 48.157251 9.202897 4
-9.963777 47.871651 8.451197 6
-9.898277 46.914251 8.108697 3
-9.082077 46.836651 7.622397 6
-8.197777 46.913251 8.074697 14
-7.594977 46.162651 8.375597 6
-7.820977 46.779651 9.104597 3
-7.242177 47.434451 9.496797 5
-6.315177 47.381651 9.776397 2
-5.905077 46.924451 9.001797 2
-4.969777 47.106451 8.901197 5
-4.201677 46.731351 8.418797 10
-5.049277 46.637051 7.910597 1
-4.946577 45.678251 7.844997 3
-4.220577 45.088351 7.583297 2
-3.880777 44.478951 8.256197 3
-4.576377 44.035751 7.579397 1
-5.310777 43.560151 8.083797 7
-5.636377 44.094451 7.304097 13
-5.174977 43.582251 6.554197 3
-4.171377 43.711451 6.461997 8
-3.868377 43.019351 7.045197 3
-3.182977 42.350651 6.967197 1
-3.564277 42.343351 7.810997 3
-3.280677 41.993651 8.644497 1
-2.644677 42.627551 9.102197 3
-1.705477 42.605951 8.999197 8
-1.216477 42.573551 9.817497 3
-1.326077 42.786751 10.754597 1
-0.817277 42.528151 11.504797 9
-1.003377 42.357451 12.402797 14
-0.652977 41.583351 11.925597 9
-1.443477 40.980151 11.551897 1
-0.814677 40.537351 10.958697 10
-0.101577 40.773851 11.611797 9
0.213423 40.267551 12.365397 9
0.561423 39.495951 11.973597 3
1.005023 39.396451 11.033497 4
1.030423 40.463451 10.946897 9
0.202223 40.580651 10.356397 1
0.188323 39.651651 9.947097 12
0.787323 38.947351 9.568497 2
1.400723 39.749451 9.424497 3
1.816523 39.505751 10.287197 2
2.791923 39.672951 10.167297 13
2.363323 40.512351 9.909897 14
2.011623 41.416551 9.765197 10
2.431723 41.642451 10.618797 5
2.559723 42.098451 11.480097 3
1.596523 41.966951 11.593097 3
1.800623 42.422851 10.739497 2
2.340923 43.104551 10.234497 1
2.840123 43.666551 10.824197 10
2.857423 43.122451 11.705497 3
3.235623 42.546351 12.357197 3
4.122623 42.868451 12.240697 10
4.775323 43.029551 11.587197 8
4.852423 42.517251 10.719197 1
4.087423 43.081951 10.658997 1
3.964823 43.966851 10.914297 2
4.358023 44.209851 11.857997 7
3.540723 44.198151 12.315797 3
4.200423 44.320251 13.069097 1
3.394423 43.895751 13.471697 3
3.089523 44.141251 14.362497 6
3.521823 43.908451 15.124297 6
3.110323 43.139551 15.570997 6
3.551023 42.329351 15.249197 12
2.822023 41.627451 15.293597 8
2.597023 41.140651 14.506297 9
2.659823 40.778251 13.647497 9
2.926623 41.593251 13.380497 4
2.755723 42.560051 13.373997 3
1.937123 43.087251 13.449897 3
2.012423 43.471751 14.391397 6
2.693423 42.764251 14.367197 13
1.879723 42.270151 14.104497 9
1.293723 42.804551 14.612697 3
1.956023 43.011951 15.310797 6
1.673223 42.055851 15.247397 3
1.485423 41.816551 16.178197 10
1.078823 40.995451 16.407197 5
0.631623 41.091551 15.529697 3
0.082123 40.336151 15.361597 5
0.405323 39.895751 14.534097 14
1.221223 40.159951 14.044997 9
0.680823 40.865951 14.410197 9
1.233723 40.287951 15.081397 10
0.822623 39.618851 15.679997 5
1.639623 39.894351 16.047897 3
1.317123 40.080551 16.936297 5
1.692223 39.376651 17.495797 3
2.407323 39.759551 17.931897 14
2.648923 38.824051 17.819297 8
2.437523 38.622151 16.822597 3
2.351823 37.803951 16.212897 1
2.427823 38.089251 15.329097 9
3.201623 38.584151 15.152897 3
3.709523 39.388551 15.349997 1
3.920023 39.443851 16.235197 1
4.827023 39.402751 16.696097 1
5.020523 40.058351 16.016697 1
5.614823 40.659151 16.580797 3
6.090923 41.394351 16.862497 3
6.239923 40.962351 17.719397 4
5.615723 41.480851 18.324297 1
4.661623 41.192051 18.295497 1
4.122423 41.351451 17.521897 9
3.371623 41.576451 16.985897 4
2.872923 42.366951 16.698597 3
3.338723 43.241851 16.652697 6
3.231623 44.033151 16.070697 6
3.333423 44.894351 16.416097 6
4.092623 45.418751 16.709197 3
3.467323 46.057151 16.970997 6
3.973123 46.219151 17.733497 3
3.237423 46.089851 18.403497 3
3.120623 45.568051 19.248297 13
3.457423 46.400251 19.394097 3
3.117523 47.272251 19.377897 3
2.447523 47.755051 19.828797 11
1.477723 47.843551 19.749297 3
1.680423 48.811951 20.043497 10
0.999023 48.774151 19.441997 13
0.797923 47.980251 18.903897 15
0.751223 48.682851 18.194597 9
0.736123 47.987251 17.526897 9
1.224123 47.369151 18.155497 4
1.936223 47.209751 18.757297 8
2.789223 47.498151 18.459797 3
2.534323 48.221251 17.833497 9
3.455423 47.913551 17.709497 3
4.369523 47.787351 17.897997 3
4.771623 48.408251 18.537297 3
5.632523 48.415351 18.971297 5
5.437823 49.382251 19.162997 12
6.100323 50.059551 19.112597 1
6.718823 49.907051 18.400197 4
6.967623 50.606251 17.791997 8
7.574223 49.828851 17.902897 5
7.689823 50.378251 18.735997 1
7.272223 49.751751 19.423097 1
7.127523 48.798251 19.346697 5
6.702023 48.778151 18.435097 2
6.081423 48.484451 17.788197 3
5.080323 48.488351 17.546197 3
5.271123 49.410151 17.215597 6
4.543423 49.245851 16.571297 3
4.280223 50.118751 16.296397 10
3.911323 50.955051 15.977497 6
4.819523 50.857351 15.668897 1
4.947023 50.395151 14.766397 5
4.345723 49.738551 15.163097 1
3.893123 49.050251 14.602097 5
3.186423 49.282051 13.938397 3
2.746123 48.435251 14.011997 14
2.477923 47.968451 14.840197 9
2.883223 48.145851 15.704297 13
3.610923 48.759751 16.055997 3
3.376023 49.073051 16.899797 3
2.628023 49.290151 16.298297 9
1.738023 49.214351 16.598497 9
1.635923 49.848851 17.315997 9
2.204323 50.665551 17.210097 3
2.957523 50.128051 16.909197 9
3.487823 50.626851 17.521697 10
4.150123 50.001651 17.464497 13
3.476823 49.753051 18.135597 3
3.962223 49.219751 18.793197 3
3.182323 48.847551 18.319797 3
2.260123 49.193651 18.474297 9
2.737923 48.804851 19.240497 4
3.450423 48.507851 19.785797 3
3.377323 47.955451 20.610497 1
3.053523 48.881251 20.697097 1
3.610923 48.841451 21.491497 1
3.418523 49.714151 21.320397 3
3.710223 50.358551 21.973997 9
4.431823 49.824651 22.432897 1
5.122923 49.324351 22.876397 6
5.560623 48.496251 22.557197 1
5.043623 47.657451 22.622497 3
4.198723 47.514751 22.285797 8
4.044523 46.615251 21.934297 6
3.692823 45.905751 21.362997 4
3.912723 46.237651 20.517797 5
4.588423 46.318051 19.826697 3
4.115423 47.143651 19.564597 3
4.818523 47.715651 19.921397 5
4.830923 47.369351 18.919597 3
5.787623 47.116651 18.953897 6
6.401123 46.992551 18.269097 3
7.262723 47.050051 18.830397 10
6.941023 47.600051 19.607697 5
7.700023 47.504751 20.268697 3
8.656923 47.521351 20.588297 9
9.222023 46.736151 20.417397 5
9.877823 46.327351 19.886897 11
9.544023 45.658651 19.216997 8
10.000023 46.372551 18.629497 1
9.773323 45.925851 17.854897 3
9.682223 46.798551 17.470697 9
9.028623 47.576051 17.521097 1
9.410423 48.390751 17.864997 3
8.508323 48.546751 17.608797 12
7.709923 47.963651 17.372997 8
6.981123 48.177451 16.810597 4
6.494423 47.573151 17.374297 3
6.546723 46.955851 16.601097 15
6.941123 46.460351 17.355497 10
6.867023 45.579251 16.983997 1
6.137823 45.532051 17.686497 3
5.740523 45.609151 16.823797 3
5.725023 44.667651 16.613097 14
4.914823 44.627951 17.230597 3
4.934123 44.008251 16.504797 6
4.030123 44.060651 16.853197 6
3.902823 43.818551 17.716797 9
3.409323 44.572351 18.112897 6
4.215323 45.176951 18.437697 3
5.095723 45.492651 18.845697 3
5.266723 44.691251 18.329297 4
5.148023 44.520451 19.265197 6
4.806823 44.894751 20.087797 9
5.360023 45.026051 20.891397 3
5.376123 44.054451 20.882197 5
6.121123 43.567651 21.216497 9
6.264023 43.700351 20.253397 3
6.763323 44.394251 19.788797 13
7.042023 45.247851 20.163797 6
6.365023 45.849851 19.775997 9
6.171523 46.028851 18.849797 1
5.360423 46.344951 18.412197 3
4.772323 46.798751 17.813397 3
5.042423 47.449351 17.058597 3
5.755223 47.857251 16.541197 1
5.538423 48.612151 16.026297 13
5.552923 49.074151 15.170397 9
5.780923 49.840051 15.755797 10
6.585023 50.399851 15.762897 5
7.281023 50.899051 15.309897 3
7.201923 51.825751 15.075297 5
7.546323 52.716251 15.302297 1
7.408823 53.052251 14.379697 1
6.557123 52.783251 14.093497 1
6.185523 52.589051 13.196897 4
5.748123 51.767551 12.933597 8
4.831323 51.775351 13.204097 5
4.243123 52.254451 13.797697 3
4.188623 53.093051 14.398597 3
4.138923 54.022951 14.159697 6
3.722323 54.635151 14.753697 9
3.018223 55.316951 14.662697 8
2.008623 55.407651 14.668597 3
1.730523 54.801251 13.987097 15
2.359423 54.165351 14.413497 3
1.695023 53.504251 13.994697 6
1.521023 52.532451 13.796397 8
2.180923 51.848951 13.968297 3
2.664723 51.418351 13.198697 4
2.536623 50.525251 13.396397 3
3.224223 50.667151 14.087797 13
3.352323 50.894251 15.067697 14
2.597123 50.436751 14.755597 4
2.549723 49.735451 15.415097 9
1.561323 49.841451 15.391097 9
1.046323 50.447751 14.854897 5
1.601923 50.864151 15.546497 9
2.161223 51.485251 16.052597 3
1.539623 51.123251 16.706097 9
0.730523 51.036851 16.175997 3
-0.103577 50.782051 16.712697 1
-0.002677 49.878651 16.993397 9
-0.734577 50.005751 16.397297 13
-1.332577 49.584051 15.657097 3
-1.126377 48.683551 15.589497 3
-0.465477 48.053551 15.783797 3
-0.403077 47.272051 15.107297 3
-0.447977 46.282651 15.000597 10
0.410023 46.300251 15.344897 1
0.567423 45.455651 15.645697 6
-0.034977 45.324151 14.930597 10
0.188923 44.410151 15.272897 1
0.558323 44.367551 14.342197 3
1.280623 44.423851 14.903397 15
1.918723 44.976551 15.434597 6
2.372623 44.645751 16.179097 6
2.510723 45.149251 16.947297 6
1.848223 45.190651 17.738297 1
1.636223 45.893851 18.322897 3
1.013723 46.185051 17.669597 11
0.215623 45.666051 17.611897 3
0.332923 45.334751 16.781997 6
-0.500377 44.954951 17.054397 13
-1.483877 45.096551 17.095697 3
-1.715077 44.461951 16.384297 5
-1.176777 45.217551 16.145797 8
-1.726377 45.943151 15.803197 10
-1.010577 46.578751 15.980497 9
-1.517477 46.322751 16.814097 5
-1.330777 47.289951 16.684497 3
-1.025377 48.156551 16.976997 6
-1.748877 48.202551 16.400797 3
-2.503677 47.782451 16.904497 5
-3.395677 48.069151 17.164597 9
-3.068777 48.600251 16.416697 3
-3.660477 49.396351 16.369997 8
-3.171577 49.591151 15.628197 3
-3.422077 49.503551 14.704997 1
-3.205777 48.966051 13.936197 4
-2.405777 49.103751 14.459397 3
-2.217377 49.872551 14.962897 3
-2.103577 50.695551 15.414097 9
-1.929477 50.717351 16.392597 3
-1.474377 51.413051 15.977897 1
-1.444777 52.123151 15.322797 1
-1.278977 52.411751 14.414797 4
-1.528377 51.986451 13.649097 1
-1.000877 51.349151 14.105697 9
-0.605977 51.048751 15.030097 1
-0.721377 50.113551 14.836797 6
-0.305577 49.295651 15.190297 3
0.113423 49.344351 16.080297 9
0.974623 49.013951 15.888997 9
0.516123 48.498051 15.160697 3
0.622923 48.605551 14.198097 15
0.499323 49.479651 13.570497 5
-0.201277 49.218651 14.115897 3
-0.671977 49.408051 13.293097 9
-0.989077 48.567751 13.687397 3
-1.942577 48.254051 13.479297 5
-1.395677 47.562351 13.243397 6
-1.675577 46.738851 13.530197 9
-1.751677 46.193051 14.332997 10
-1.959577 46.694351 15.182797 3
-2.899977 47.017751 15.238297 1
-2.506077 47.777751 15.728297 3
-2.679577 47.995051 14.818097 5
-1.735577 48.160151 14.770197 3
-1.241077 47.394751 14.451597 3
-0.558077 46.815551 13.998397 10
-0.096977 47.710751 13.856797 3
0.487923 46.951951 13.708297 5
0.937623 46.873551 12.872997 13
1.647023 46.292551 13.351797 1
2.216223 46.162051 14.130097 3
2.752823 45.916251 14.943797 6
3.312523 45.430251 14.351697 13
4.008123 44.797251 14.714197 6
4.545123 43.900251 14.888897 6
5.072923 44.143551 14.150697 3
5.907823 43.900051 14.706497 12
6.369323 44.639451 15.125897 4
6.035023 45.506651 15.466397 14
5.755123 46.368351 15.144797 13
5.322623 46.708451 15.905197 9
4.848323 46.328251 16.641497 3
4.037623 46.289451 16.160297 4
3.761323 45.627051 15.521497 6
3.987523 46.247751 14.789297 3
4.680223 46.897851 14.789297 4
4.341523 47.658351 15.131097 8
4.499723 47.522951 16.077697 3
3.576223 47.348951 16.063197 3
3.388223 47.290351 15.133497 11
2.621823 46.902951 15.530097 4
2.461723 47.310751 16.447897 1
3.112423 47.867951 16.822897 3
2.293723 48.331451 16.669097 9
1.297023 48.173651 16.615997 9
1.244423 47.203651 16.663197 1
1.513023 46.261551 16.496497 6
1.551523 45.922951 15.549197 6
1.408823 46.634951 14.856397 9
1.248323 45.740151 14.472297 10
1.182723 45.119951 13.820697 1
1.709723 44.357451 13.748597 3
2.293723 44.714851 14.435397 6
2.589323 44.908351 13.474397 1
2.126223 44.498751 12.762697 3
2.573523 44.545951 11.949897 1
1.970623 43.734551 11.922697 3
1.400323 44.179451 11.294797 15
0.893923 44.447151 10.495197 13
0.399523 45.288651 10.253497 3
-0.202977 44.528951 10.363197 8
-0.046177 44.214851 11.297397 8
0.657223 44.337151 12.055997 3
0.155423 45.054351 12.501497 5
-0.218977 45.757051 13.050597 10
-0.468277 46.281351 12.224797 1
-1.242977 46.260151 11.696697 3
-1.349877 45.309051 11.628597 9
-2.339177 45.264151 11.502397 5
-2.149077 45.063851 12.426197 5
-2.091777 46.028051 12.314697 13
-2.776877 46.126651 12.949297 9
-2.905077 45.317051 13.418597 6
-2.496677 44.760051 14.092497 3
-1.554777 44.855251 13.967197 10
-1.607977 43.969651 13.718897 11
-1.245477 43.117051 13.872197 3
-0.551977 42.646151 13.380097 3
-0.816077 41.741951 13.340797 9
-1.363177 42.028951 14.119697 3
-1.709277 41.156451 14.383597 13
-0.906877 40.727751 14.520097 13
-0.328677 40.980451 13.784597 9
-0.151077 41.545951 14.516297 3
0.473223 41.681851 13.801497 9
0.301023 42.635851 14.029097 3
0.314823 43.277451 14.712697 3
0.900023 43.454051 15.438997 5
1.434423 44.127351 15.904097 6
0.880723 44.098051 16.687397 4
1.797623 44.213151 16.913497 6
2.161623 43.438651 17.436997 6
1.610123 42.679251 17.682997 15
1.386023 42.888851 16.766597 6
0.612423 42.824551 16.188997 8
-0.063277 43.051651 15.588197 3
-0.304277 42.067351 15.725797 3
-0.405577 41.175851 16.119097 5
0.103623 41.362751 16.884797 5
-0.495477 42.142851 16.831897 6
-1.318077 42.527251 17.330097 1
-0.477177 42.806851 17.780797 4
-0.267277 43.616351 17.239897 1
-1.172477 43.615751 16.979197 1
-1.330177 43.342751 16.043597 1
-1.378877 42.482351 15.783997 1
-1.632677 42.621151 14.902097 3
-2.415677 43.238051 15.142697 1
-1.642777 43.772651 14.901497 1
-0.683577 43.827351 14.908397 3
-0.680477 44.602751 14.314297 10
-0.655077 44.546251 13.368897 3
0.068523 44.973351 13.697097 10
0.400423 44.235151 13.191697 3
0.325323 43.217851 12.901797 3
0.105823 43.193151 11.871397 4
0.326023 42.296051 12.132297 9
0.792223 42.518151 11.328397 6
1.110223 42.929051 12.118797 3
1.135223 42.643651 12.997297 3
1.129423 41.751151 12.774997 9
2.026723 41.563651 12.397797 3
1.687023 40.769751 12.757397 9
2.213023 40.135251 12.067097 14
1.892923 39.198551 12.463897 5
1.352223 38.519551 12.947297 4
1.290923 38.226151 12.022297 11
1.283623 37.307351 12.206797 12
0.929723 36.960651 12.990197 10
0.798623 35.992251 12.788297 5
0.912123 35.228651 12.272497 10
1.562023 34.423351 12.198097 13
2.055923 34.577751 13.039597 4
2.430523 35.406451 13.265897 10
3.070423 34.689151 13.375897 1
2.396023 34.659551 14.149297 10
2.293723 35.419351 14.752297 4
2.616223 35.697451 15.666597 13
1.672523 35.676951 16.081597 6
0.755723 35.948651 16.440697 3
0.643323 35.192351 15.818197 10
0.718723 34.897351 14.906897 13
-0.136977 35.256751 14.782297 6
-0.670177 35.403351 15.672097 9
-1.524277 35.594351 15.312197 8
-1.615977 35.913751 14.422097 3
-1.283377 35.289151 13.761597 4
-1.746877 35.867351 13.098097 13
-2.044877 36.786551 12.944797 1
-2.004377 37.711151 13.257197 10
-1.483577 37.272351 13.928097 13
-1.943877 37.525651 14.752097 6
-2.290277 37.951351 15.513897 4
-1.999777 38.861951 15.515697 4
-1.858577 39.693551 16.010797 13
-1.030777 39.103151 16.186797 4
-0.057277 39.246351 16.298797 5
0.632523 38.648551 16.481697 3
0.970523 38.352051 17.365497 5
0.260723 37.811051 17.009097 1
-0.634477 37.750951 16.432597 4
-0.541977 37.158151 15.691997 3
-1.447977 37.236251 16.010297 4
-0.958977 36.536351 16.461297 9
-1.770477 36.442251 16.999397 4
-2.382877 36.145551 16.246497 6
-3.279477 35.599251 16.353797 11
-3.379377 35.149351 15.528697 10
-4.189277 35.507251 15.739497 11
-4.358277 34.695051 16.268697 10
-4.037677 33.926351 16.735897 10
-4.421877 33.455951 17.586997 8
-4.262077 32.579151 17.450997 4
-5.131277 32.227551 17.490497 11
-5.555777 32.957251 16.986397 10
-6.243177 33.165651 17.658897 1
-5.880277 33.941451 17.107297 10
-5.894477 34.598851 17.736197 13
-6.777477 34.507651 18.106797 4
-6.122377 34.672651 18.839697 13
-6.438177 33.791851 19.106697 5
-6.053177 34.102851 19.921097 13
-6.783477 34.517151 20.432497 10
-7.591777 33.958851 20.526397 1
-8.520977 33.727851 20.334997 5
-8.111477 32.942651 20.765997 1
-7.563777 32.553551 19.995497 10
-7.099477 31.938351 19.528397 6
-7.443177 31.032351 19.587097 6
-6.517177 30.922951 19.989897 3
-7.238177 30.642551 20.608697 13
-7.894477 30.103351 20.158197 4
-8.554577 29.848651 20.786897 1
-8.801377 30.619651 21.265597 9
-9.695677 30.287151 21.297997 4
-9.701177 30.606951 22.197597 9
-9.968077 29.779151 22.638797 1
-10.819277 30.211051 22.939397 8
-11.446177 29.437851 23.129497 10
-12.093777 30.182651 23.459697 6
-11.706077 31.035151 23.344997 4
-11.837077 31.587851 24.136497 4
-11.604677 32.403251 23.793397 15
-10.918477 32.749051 23.240697 3
-10.655877 33.384051 22.557297 12
-10.320077 34.280451 22.437297 4
-9.374377 34.529251 22.527597 2
-8.617477 34.405551 23.039097 15
-8.613377 33.954251 22.211897 11
-8.357177 34.657351 21.554297 10
-7.854677 35.447251 21.380497 3
-7.858777 35.499951 20.411697 5
-7.051977 35.998551 20.104697 13
-6.798577 35.537251 20.864797 3
-6.229277 35.838451 21.506297 4
-5.741377 35.723451 20.726297 13
-5.303277 34.938151 20.505197 13
-5.443477 34.136451 20.993897 10
-5.094077 33.240651 20.951197 1
-4.304377 32.908251 21.338097 4
-4.020777 32.646251 22.248197 1
-4.448677 32.304651 23.005997 1
-5.141277 32.041451 23.562397 6
-4.842077 31.690251 24.381197 1
-4.083477 31.522551 25.116297 3
-3.608377 31.301951 25.931597 10
-3.846677 32.146151 26.397997 10
-4.311877 31.396751 26.829297 4
-4.511077 30.462951 26.854497 1
-5.141977 29.865951 27.297297 9
-5.854877 30.463951 26.888797 6
-6.451977 30.320451 26.229097 4
-6.869577 30.405251 25.348197 1
-7.841077 30.031351 25.548797 10
-8.487977 29.783251 26.235897 1
-8.344477 30.752851 26.142497 13
-8.325577 30.867551 27.122097 10
-8.597677 31.520351 27.774997 13
-8.663777 32.168151 27.041397 4
-7.973077 31.913251 26.363697 1
-7.799677 32.849851 26.241697 13
-7.667977 33.765651 26.503297 4
-6.878577 34.161551 26.907297 5
-6.708077 34.943351 26.397397 8
-5.867777 35.371251 26.743797 8
-5.188977 36.007951 26.922197 10
-4.465677 36.278751 26.318397 11
-3.663977 36.607951 25.858597 3
-2.738377 36.763951 26.216197 10
-2.254777 36.377351 25.512897 5
-2.042777 36.714651 24.683397 11
-1.295577 37.168251 24.206997 3
-0.398177 37.336851 23.862897 11
-0.766577 37.584551 22.969697 1
-0.670877 38.436751 22.449997 13
-1.239077 38.700651 21.671897 10
-0.930877 38.930451 20.771997 4
-0.944177 39.500751 20.066797 4
-1.444077 40.058151 20.694797 6
-1.571377 39.946651 21.653097 15
-1.965577 39.289251 21.175297 4
-2.850477 38.689151 21.238197 9
-2.963777 38.683651 20.278697 4
-3.755077 38.002551 20.187197 6
-3.108277 37.580551 20.831597 5
-3.852077 37.475851 21.440697 8
-4.279877 37.083051 20.704097 13
-5.117477 36.649651 20.341897 13
-5.380077 37.026851 21.183997 6
-5.034177 37.162351 22.107297 5
-5.518277 37.856951 22.574097 10
-6.268577 37.925451 22.026497 4
-5.979477 38.825051 22.155097 9
-5.451377 38.482651 21.405097 3
-5.179477 38.309651 20.512897 13
-4.721377 39.161451 20.281497 4
-5.259877 39.952051 19.946097 10
-4.402277 40.278551 20.244797 10
-4.564377 40.627951 21.129697 12
-4.215177 41.419951 20.653797 1
-4.155277 41.272051 19.729797 10
-5.001777 41.406051 19.307597 10
-5.494677 41.855951 20.007597 3
-5.672277 42.631251 20.589697 4
-5.791177 42.928951 21.507897 1
-5.744777 42.092851 21.997597 1
-5.234477 41.700051 22.672897 1
-5.262677 40.925051 23.330697 1
-5.265877 40.011851 23.569497 3
-6.206177 40.113751 23.539297 4
-6.353277 40.436951 24.456497 1
-5.669677 40.837151 25.056197 4
-4.868877 40.953951 25.502397 1
-4.231277 41.507451 25.001297 15
-3.846677 40.693851 25.429197 4
-3.428977 40.117551 26.099997 13
-2.563577 39.937051 26.513697 1
-1.811277 40.077151 25.890797 4
-1.584977 39.890051 24.930997 5
-1.916277 40.018151 23.989497 13
-1.047477 39.727551 23.643397 6
-0.179377 39.468351 24.002197 10
0.716123 39.380951 23.772497 11
0.597923 39.098051 22.755297 9
0.443723 38.149151 22.612597 10
1.338023 37.759751 22.497197 4
2.227023 37.523651 22.349397 6
3.006623 37.739351 21.807097 10
2.704023 38.377351 21.158797 3
2.037423 39.091651 20.989797 11
1.551623 38.519351 20.382197 3
0.640823 38.147751 20.380197 10
0.119723 37.682651 19.701897 4
-0.552777 37.556151 20.309297 4
-0.226377 37.576751 21.218497 10
-0.372977 36.828951 21.772397 8
-0.729377 36.480751 20.927997 13
-1.582677 36.399251 21.297297 10
-1.876777 37.000851 21.993597 6
-2.411577 37.739051 21.653797 13
-2.266277 37.954451 20.735297 4
-1.347377 37.606051 20.922797 8
-1.526677 37.726251 19.986197 4
-1.682577 36.796251 20.252697 6
-2.289177 36.309451 19.702997 12
-1.420577 36.361051 19.246097 5
-1.861277 37.129051 18.910197 4
-2.764477 36.842851 18.859697 4
-3.337277 36.135251 19.035697 13
-2.416577 35.949951 18.647397 3
-2.198477 35.645851 17.770097 1
-2.951577 36.245051 17.735297 4
-3.873077 36.298451 18.106697 13
-4.114977 35.480951 17.883697 13
-3.483777 34.710651 17.580097 1
-3.054877 34.345251 16.797397 10
-2.667077 33.973851 16.053197 10
-1.909177 33.529851 16.476697 1
-1.030177 32.926351 16.550897 9
-0.755077 32.297351 17.258597 1
-0.234377 32.133951 18.020597 3
0.454623 31.584351 18.482397 9
-0.240677 31.121651 18.968697 15
-0.981577 31.609651 19.234697 6
-0.623777 32.567151 19.348697 10
-0.973477 33.407951 19.652097 11
-1.250277 32.992251 20.447997 4
-0.549777 33.403651 20.995597 4
-0.431577 34.041151 20.251397 10
0.280223 34.656051 20.560497 6
0.708823 35.434651 20.812897 13
1.536323 35.894951 21.144397 10
1.473523 36.459651 20.369497 9
0.693723 36.353051 19.821697 10
-0.166177 36.642351 19.475197 4
-0.116677 36.448851 18.481697 10
0.518323 37.041351 17.989097 13
0.820223 37.737651 18.696797 1
0.010923 38.253351 18.820497 4
-0.836077 38.617751 18.620997 4
-0.150377 39.393751 18.357197 5
0.759723 39.751851 18.393297 9
1.385523 40.357851 18.952497 13
0.484023 40.649751 19.191297 8
0.868723 41.306151 18.716097 7
0.125523 41.165651 18.088997 10
0.130923 40.389051 17.572697 5
-0.484177 39.696251 17.260097 5
-0.255377 38.706451 17.134797 3
-1.187577 38.626351 17.336697 4
-0.637777 37.945051 17.810597 6
-1.492277 37.846551 18.252797 4
-1.146477 36.961351 18.143197 4
-1.095177 36.090251 17.681397 12
-0.570277 35.318451 17.628597 10
-0.994677 34.709951 18.348797 1
-0.450077 33.981651 17.860697 1
-0.550777 33.112151 18.292897 10
-1.540677 32.914851 18.666197 1
-1.838377 32.153251 19.297897 4
-2.229777 31.465851 19.799697 6
-2.657077 32.303051 20.105697 10
-3.630177 32.559351 20.025497 1
-3.945377 32.075451 19.230397 1
-3.515077 32.768651 18.839397 3
-3.592377 33.725351 18.419397 4
-3.833077 34.132751 19.298497 10
-4.243877 34.782351 18.683997 13
-5.080277 35.120251 18.298597 13
-4.635277 34.505951 17.685997 4
-5.085477 34.838551 16.877297 10
-5.395577 35.771551 17.218997 13
-5.783377 35.913251 16.364297 14
-5.016677 36.531251 16.364997 11
-4.669077 37.338051 15.857697 11
-3.772577 37.773151 15.632997 10
-3.244377 38.522851 15.319997 4
-3.210277 39.366751 14.854797 8
-2.874477 39.271551 13.967097 3
-2.109477 39.257651 14.524097 13
-1.199177 39.062451 14.772797 4
-0.551477 39.485351 15.341097 5
-0.145077 38.615751 15.547597 4
0.325823 37.941351 14.926597 10
-0.598777 38.070451 14.587697 4
-1.056777 38.416851 13.747397 6
-0.861877 39.331951 13.665797 15
-0.327277 40.087851 13.371597 9
-1.254277 40.307651 13.579597 9
-1.906877 40.649651 12.952097 6
-2.169777 41.576551 13.121697 10
-3.035777 41.958251 12.960597 4
-3.607277 41.226851 12.879997 13
-4.484977 41.000251 13.194597 5
-5.419577 40.930651 13.293597 10
-5.238877 40.735051 12.324397 8
-5.800377 40.292451 11.661097 10
-6.753877 40.519351 11.881697 1
-7.507777 40.078951 12.441997 5
-8.305077 40.517751 12.652497 1
-9.067277 39.925251 12.784297 7
-9.440277 39.129351 13.162797 13
-10.212777 39.072951 13.698697 10
-9.729477 39.716351 14.287697 1
-10.497677 40.123551 14.667997 1
-10.289477 41.003551 14.511697 4
-9.823977 41.557851 15.141097 4
-10.748277 41.781251 15.574097 3
-10.578877 42.250451 16.486997 13
-9.745777 41.971251 16.935097 10
-9.498677 41.055351 17.194597 13
-8.703877 41.527051 16.968397 3
-7.963077 41.762151 17.444697 4
-7.524677 42.612251 17.634197 6
-7.692477 42.715351 18.544397 6
-6.780877 42.972751 18.542797 4
-6.508877 43.740051 19.157597 10
-5.534277 43.794751 19.247897 13
-5.128477 43.960751 18.328197 12
-4.333177 44.208451 18.889497 4
-3.830177 44.399951 18.138397 14
-3.643777 43.528351 18.370097 11
-3.376477 43.165051 19.248797 11
-4.223877 42.754851 19.348897 10
-4.952177 42.545051 18.831297 4
-4.591677 42.962651 17.983897 5
-3.677777 42.906351 17.546197 3
-3.381577 42.568051 18.395397 10
-2.527077 42.989251 18.113897 4
-1.851877 42.473951 18.688497 1
-2.296277 41.662051 18.325097 10
-1.748777 40.967451 18.013597 5
-2.693777 40.802251 17.616997 10
-2.610177 39.977551 17.007797 1
-2.096077 39.137851 17.101797 4
-1.479077 39.853551 17.194997 5
-2.121877 39.938551 18.049597 15
-3.071677 39.842151 18.175197 10
-3.107977 38.900151 18.318497 4
-4.167677 38.790351 18.462297 9
-4.692477 39.276751 19.118697 10
-4.956977 38.288751 18.921297 13
-5.305977 38.858751 18.196297 1
-6.233377 38.667451 18.533097 4
-6.790477 38.092751 19.142997 9
-6.985077 37.319751 19.636797 9
-6.261877 37.153751 20.288597 15
-5.742277 37.413151 19.490097 13
-5.141177 36.600151 19.269897 13
-4.335577 36.886551 18.863597 13
-3.548677 37.460751 19.010097 4
-3.466077 38.323751 19.149897 4
-3.715577 39.127451 19.725097 1
-3.490177 39.906151 19.215697 10
-2.617777 39.653351 19.713197 6
-2.524177 38.784251 19.190297 4
-1.704977 38.223951 19.159497 4
-1.450177 39.134551 19.149697 4
-1.271277 40.120051 19.123697 5
-1.924777 40.552751 19.656797 10
-1.614777 41.382651 20.163997 6
-2.018877 42.281751 19.914497 8
-1.459477 42.968051 20.224797 10
-1.129877 43.417751 19.412097 3
-1.355477 44.315151 19.320697 13
-1.432277 44.125251 20.333397 7
-0.632577 44.439851 20.684297 4
-0.740677 43.562951 21.049697 10
-0.557677 43.371051 22.004097 8
-0.971377 43.014951 22.834697 11
-1.683177 42.848451 22.294297 1
-2.629777 42.963851 22.396797 1
-3.202277 42.602751 21.635197 13
-3.544677 41.863751 22.203097 4
-2.647977 41.649051 21.726497 1
-2.943577 41.602351 20.806097 6
-3.087277 41.990951 19.956597 1
-3.093177 41.668451 19.078697 10
-3.094277 40.835451 19.591297 6
-3.644677 40.849751 18.760897 10
-4.357477 40.918451 18.088597 10
-4.950777 41.685351 17.820697 1
-5.597177 41.083751 17.458997 12
-5.062677 40.888251 16.602897 4
-4.340577 41.269751 17.096597 10
-4.405377 41.825651 16.388997 4
-3.827177 41.947051 15.586797 5
-3.806577 41.052551 15.970297 14
-3.345077 41.234151 16.770197 10
-3.181777 42.205651 16.583397 3
-2.580277 41.943051 17.327197 10
-1.800977 41.530451 16.948697 13
-1.871777 40.656751 16.470397 5
-2.344977 41.026551 15.698897 13
-2.792677 41.511751 14.952197 4
-3.700577 41.285051 14.688697 15
-3.224477 40.822351 13.956697 4
-2.867777 40.389151 14.698097 13
-3.543677 40.247151 15.347997 15
-3.481677 39.996651 16.370797 10
-3.778977 39.059851 16.480497 4
-4.334477 38.861551 17.205397 3
-3.609577 39.295051 17.521097 10
-3.323377 38.397951 17.307297 1
-2.368177 38.154451 17.409397 4
-2.406477 37.474851 16.779197 4
-3.326477 37.132651 16.931597 11
-3.433877 37.512651 17.821497 4
-4.389377 37.132151 17.837797 13
-5.137277 37.443451 17.384797 1
-5.844377 37.803351 16.761197 10
-5.607477 38.826751 16.632497 9
-4.943677 39.522051 16.510297 7
-4.682477 39.821851 17.357797 10
-5.555777 39.698751 17.595797 6
-5.224777 40.217451 18.293397 10
-6.021577 39.960751 18.746297 8
-6.236777 40.862051 18.971797 5
-6.422877 41.546951 19.629197 13
-7.236977 42.022351 19.794797 8
-7.433877 41.113951 19.830197 10
-7.587777 40.644251 20.673397 6
-8.430577 40.824851 20.247097 9
-9.294177 40.475351 20.617297 13
-9.964777 39.773751 20.268897 11
-9.455077 39.148051 20.785397 10
-9.936977 39.504751 21.568697 4
-9.576777 39.690251 22.484597 4
-9.467877 38.641551 22.313197 7
-9.955877 38.801051 23.048497 9
-9.445377 38.127951 23.499397 3
-8.696377 37.469551 23.539997 1
-7.891177 36.929651 23.464097 10
-7.712777 37.078451 24.379097 1
-7.276077 36.324851 24.821297 1
-7.051277 36.748251 25.613097 4
-6.312877 36.372551 25.128397 10
-5.492877 35.915351 25.227597 5
-5.654177 35.609951 24.297797 4
-5.551177 34.644851 24.044897 13
-4.641277 34.916751 24.211197 10
-3.775277 35.489451 24.269997 1
-2.769977 35.560351 24.045597 1
-2.604177 35.239751 23.150597 5
-2.701277 35.510751 22.171797 4
-2.778877 35.929951 21.285097 7
-3.519977 36.144151 20.683697 13
-3.509977 35.192851 20.845797 6
-3.300577 35.202451 19.929697 10
-4.290377 35.188051 19.942597 13
-5.132877 35.700851 19.857197 13
-5.570377 35.702351 19.006897 13
-5.989077 36.507751 18.687197 13
-6.656377 37.021051 18.261697 6
-5.880077 36.699951 17.679397 13
-6.664177 36.369951 17.160597 4
-6.569277 36.933351 16.344297 10
-7.436677 37.124851 16.708197 4
-8.094677 37.730451 17.231597 10
-7.568877 38.157051 17.876597 6
-7.669177 37.192051 18.083197 10
-8.505877 36.805251 18.080397 9
-8.343377 36.192351 17.393597 4
-8.700677 35.878351 16.539797 4
-8.268677 36.553851 15.969197 4
-7.385777 36.473351 15.533997 4
-6.636577 36.384051 14.764497 9
-6.885377 35.501051 14.571697 15
-6.541977 34.757751 14.996397 10
-5.812277 34.439351 15.548997 10
-6.147677 34.675251 16.465697 6
-6.804777 35.248051 16.884497 4
-7.233877 34.895851 16.129897 4
-6.854077 35.590051 15.676597 4
-5.935677 35.642151 15.350797 5
-5.068177 35.366451 15.062797 11
-4.740777 34.385851 15.307297 10
-4.047877 34.421051 14.619197 10
-3.420677 33.620851 14.600797 10
-2.948177 32.853451 14.907397 3
-2.225477 32.189251 14.803597 1
-1.373077 32.306951 15.272697 11
-1.451077 31.943951 16.134297 1
-2.198277 32.387851 16.477497 12
-3.151277 32.220351 16.093597 7
-3.558977 33.127251 16.162297 1
-4.417877 33.243251 15.622397 10
-5.285877 33.439251 15.247897 10
-5.255177 32.901851 15.998397 10
-6.031677 33.374551 15.958797 10
-6.854577 32.970151 15.866897 10
-7.175877 33.867251 16.116597 4
-7.667677 33.303051 16.740997 4
-7.892677 32.994751 17.636597 1
-8.875577 33.168551 17.515897 7
-8.515577 34.017551 17.140297 4
-8.328377 34.436351 17.988897 4
-8.971977 33.840751 18.379797 13
-9.028877 34.408851 19.288997 5
-9.989577 34.722851 19.422997 8
-9.665477 34.520951 20.401597 3
-10.318977 33.850051 20.331297 10
-11.300477 34.046351 20.352897 13
-11.302877 33.680151 19.470597 7
-11.306677 34.096551 18.579997 7
-11.214177 33.360551 17.921297 13
-11.363677 32.869551 18.732697 1
-10.983677 32.017251 18.759697 12
-10.726177 31.920451 17.813997 1
-11.286077 31.112451 18.088597 9
-11.309677 31.124151 17.062697 4
-12.126177 31.531451 17.097397 6
-12.857277 32.084551 17.445597 7
-13.720477 32.419151 17.165597 9
-14.090377 32.294451 18.068297 10
-14.966577 32.211751 18.473297 10
-15.499577 32.636551 17.769597 5
-16.328477 32.408751 17.194997 10
-17.068377 31.900651 17.016797 4
-17.168277 31.654651 16.029997 1
-17.998277 31.886951 16.559597 10
-18.696577 32.082451 17.223997 4
-19.286377 31.324451 17.354397 13
-19.233277 30.434551 17.662597 10
-18.987177 29.744851 17.043097 5
-18.452177 30.484251 16.770897 4
-17.689077 29.850151 16.816597 3
-17.401777 29.066351 17.418197 15
-16.997377 29.110151 16.501697 15
-16.887977 28.266151 16.053297 13
-16.833477 27.642551 16.808597 4
-16.355677 28.285051 17.441597 13
-15.469577 27.891651 17.697497 11
-14.524477 27.959551 17.498397 10
-14.626577 27.701251 16.567997 11
-14.238777 28.344351 15.925197 1
-14.295177 28.786851 15.039097 8
-14.001077 29.369951 14.315297 10
-14.009777 28.927751 13.421397 1
-14.948977 28.702951 13.386697 4
-15.579277 29.297751 13.813697 10
-16.050877 28.463751 13.662897 10
-16.327177 28.892351 12.840897 1
-16.418377 29.803651 12.543097 4
-16.224977 29.507451 11.648997 7
-16.579077 29.297151 10.731297 10
-17.041677 28.490451 10.576997 4
-17.105977 27.623651 10.207197 3
-16.729577 27.607251 11.141397 4
-17.466477 27.250851 11.752697 1
-17.270377 26.308351 11.952197 5
-16.331677 26.006751 11.926097 10
-16.102577 26.678051 12.559297 6
-15.391577 26.074051 12.544897 7
-15.339277 25.258451 13.140097 4
-15.939877 24.715151 13.582797 5
-15.868177 25.423451 14.236197 7
-16.162577 26.328451 14.153397 10
-16.015177 27.168851 13.706097 6
-16.043377 27.262751 14.718997 10
-17.016077 27.514651 14.877997 4
-17.220877 28.480051 14.891097 10
-16.829877 29.396351 15.074297 4
-17.551677 30.027051 14.769097 9
-16.895077 30.486451 14.179497 10
-16.475277 30.634951 13.316597 1
-17.107877 31.356751 13.455097 13
-17.108377 31.922751 12.605497 13
-16.588177 32.712851 12.871197 4
-15.929877 31.961651 12.832597 9
-15.384877 32.740351 12.529297 4
-15.241877 33.571851 13.020797 1
-14.594477 34.256651 13.233597 1
-14.787177 35.239151 13.246297 1
-15.213277 36.048851 13.117897 13
-15.059277 36.036351 12.103797 10
-14.345077 36.642651 11.881797 10
-13.824677 35.841851 12.103597 1
-13.005277 35.986651 12.596997 3
-12.111377 36.356251 12.306897 7
-11.444377 36.878051 12.872497 8
-10.611877 36.298651 13.104297 7
-10.947777 36.502251 12.083597 4
-11.042177 35.716151 11.470397 10
-11.179677 35.641151 12.440097 10
-10.933877 35.261951 13.288897 13
-10.541577 35.012751 14.147197 8
-10.642777 34.105351 14.409597 11
-10.683077 34.306351 15.360397 10
-10.169477 33.650151 15.766097 11
-9.545377 34.393051 15.618297 11
-8.941277 34.995551 16.087997 4
-8.131677 35.026751 16.626897 4
-7.794177 35.367051 17.413697 4
-7.178777 35.610651 18.265997 3
-6.684777 35.777151 19.019397 13
-7.572177 35.508651 19.260497 5
-8.261177 35.118351 18.718797 5
-9.042077 35.485751 18.381297 4
-10.005277 35.530251 18.532997 1
-10.019977 35.690151 17.552397 4
-10.117577 36.637351 17.767797 6
-9.359977 36.707451 17.165097 6
-9.698877 37.116851 16.395097 10
-10.090277 37.986951 16.085797 5
-9.067377 37.991651 16.090097 10
-9.286177 37.724451 15.165097 7
-8.961877 36.872451 14.955297 4
-8.139077 36.357551 14.746297 4
-7.307777 36.664051 14.113197 1
-7.029177 36.730351 13.130797 15
-6.312277 36.279051 12.489997 10
-5.999577 35.422051 12.027497 15
-5.425577 34.649151 12.226997 10
-4.756777 34.984951 12.834497 10
-3.812777 35.103051 12.627097 9
-3.564277 34.309651 13.188997 10
-2.612177 34.509551 13.352297 13
-2.211877 33.873651 12.742397 15
-2.325777 32.927451 13.056097 9
-2.861977 33.133451 13.825297 10
-3.156777 32.263251 14.067497 13
-4.018077 32.428551 14.340997 10
-4.836877 32.549651 13.824697 10
-4.763777 32.848951 12.877697 10
-4.501177 31.894151 13.003197 7
-3.777877 31.259951 12.767597 7
-3.072277 30.590351 12.875897 1
-2.908777 30.559351 13.819397 1
-2.676877 29.771451 14.384797 4
-3.082577 29.081251 14.937597 7
-2.972277 29.618951 15.637697 4
-1.993077 29.555451 15.643797 10
-1.804477 29.157951 14.781097 12
-1.641977 29.463451 13.897197 1
-1.071777 29.465351 13.061497 4
-0.395677 30.003151 13.448997 3
0.550323 30.152251 13.344797 7
0.622323 29.499051 14.032797 10
0.970223 28.818351 13.431697 12
0.347223 28.089451 13.225597 7
0.733523 27.502551 13.861697 10
1.187323 26.934051 13.224497 11
1.392523 27.595551 12.522297 4
2.114823 27.625851 11.908797 7
1.361523 27.699451 11.346997 13
0.960323 27.063151 10.695097 10
0.201723 26.787951 11.231297 4
-0.652977 26.980851 11.653097 6
-1.583177 26.571551 11.648897 13
-2.355377 26.622351 12.256997 14
-3.217177 27.172751 12.217897 1
-3.947377 26.752551 12.652197 11
-4.420177 27.183151 11.833997 7
-3.963877 27.935551 12.034297 9
-3.626477 28.668651 12.616797 10
-3.730677 29.020651 13.492497 13
-4.401377 29.249451 14.191197 12
-4.625677 29.777251 13.442497 7
-3.941777 30.497251 13.558897 7
-4.027077 30.194651 14.451297 12
-3.585477 30.930951 15.012897 4
-4.377577 30.633551 15.428497 12
-4.571377 31.181751 16.146197 4
-5.224177 31.679451 15.720097 10
-5.227677 31.114151 14.885997 12
-4.842777 31.430751 14.004697 7
-5.625677 32.008251 14.205697 10
-6.200877 31.525651 13.578697 4
-6.125777 31.224051 12.616497 14
-5.336077 31.435151 12.171197 7
-5.765477 32.225251 12.342997 10
-6.543177 32.748851 12.547897 10
-6.574177 32.015951 11.857997 1
-6.925777 31.778051 11.032397 1
-7.506177 31.322051 10.404397 10
-7.574377 30.470251 9.827997 7
-7.741077 29.501151 9.659897 4
-8.652377 29.504451 9.540297 1
-8.674277 29.549151 8.508497 3
-8.653277 30.382751 8.068097 10
-9.556777 30.743651 8.216697 1
-8.814777 31.221151 8.582297 7
-8.823477 32.057951 8.116597 7
-8.423077 32.895851 8.059797 1
-8.327477 33.445251 8.874797 1
-8.763277 34.111451 9.302297 7
-9.384377 33.657351 9.898297 14
-8.573477 33.790951 10.483097 12
-8.325077 33.052751 11.070097 9
-8.784077 33.437551 11.836197 7
-9.176577 33.672151 12.678297 15
-9.077977 33.553851 13.659197 11
-8.599577 34.175851 14.205197 11
-8.597877 34.750751 15.092397 4
-7.600877 34.556751 15.184497 4
-7.433177 34.609351 14.277597 5
-6.553877 34.437151 14.040797 10
-6.244477 33.607251 13.731197 10
-6.622677 33.875551 12.930597 1
-5.783577 33.585151 12.656297 10
-5.758077 33.146351 11.703697 12
-4.939277 32.683051 11.540797 7
-5.639877 32.206151 11.097997 13
-4.873077 31.765851 10.801397 7
-5.180977 31.079851 10.292097 14
-5.148077 30.680451 9.419897 10
-5.731677 30.713251 8.649797 10
-6.075277 30.979351 7.816797 7
-6.502877 31.565651 8.473897 15
-6.124677 32.424251 8.615097 14
-5.344877 31.843751 8.501297 7
-5.152277 32.738751 8.670597 10
-4.422977 33.336251 8.818997 9
-3.780377 33.090851 9.461297 10
-3.627177 32.802051 10.344597 4
-3.810477 33.158651 11.189597 1
-2.908277 33.392551 11.557997 1
-2.314177 33.825551 10.843797 1
-2.492177 34.772151 11.071997 7
-3.084277 34.609751 10.248197 12
-3.645377 35.350251 10.621697 1
-3.872577 34.524051 11.082297 4
-3.909077 33.989151 11.846197 10
-3.636477 33.325051 12.531097 10
-3.470877 32.513351 12.055897 7
-2.940377 31.784751 11.506097 1
-3.579977 31.134351 11.362897 1
-4.273577 30.689751 11.995397 7
-4.682077 29.816051 12.372297 13
-5.356077 30.414151 11.967697 7
-6.069877 30.193651 12.562097 1
-6.496177 29.279551 12.637697 10
-5.784877 29.293551 13.341697 6
-6.036877 29.760551 14.158297 12
-5.823577 30.724251 13.993897 7
-6.135977 30.575651 14.860397 12
-6.292477 31.429351 15.342297 10
-6.993077 32.031051 15.554997 10
-7.777177 32.468851 15.120997 11
-8.239677 33.312951 15.226597 4
-9.135677 33.488051 15.665797 4
-9.225077 32.762951 14.991097 11
-10.045777 32.636751 14.613597 8
-10.638277 32.702351 13.867297 7
-10.252377 32.234851 13.111397 9
-9.524077 31.747251 12.851697 15
-10.044277 31.005851 12.466097 1
-10.470277 31.070851 11.528197 7
-10.447277 31.690951 10.737397 13
-11.056277 32.377851 10.392697 10
-11.781877 31.726651 10.248097 10
-12.806377 31.802151 10.306097 7
-13.702077 31.929851 9.732197 1
-13.934877 32.848951 10.028197 7
-13.975377 33.675651 10.565397 14
-13.095877 34.001351 10.438597 10
-12.976677 34.022451 11.429897 13
-12.860477 33.815551 12.389697 5
-13.725777 33.906051 12.847997 11
-13.272277 34.717651 12.912497 16
-12.309277 34.874551 13.086397 1
-11.564377 34.485051 12.665397 7
-11.773077 33.508051 12.785197 10
-11.379077 33.551351 11.932597 1
-11.631677 33.821751 11.060397 1
-11.243677 34.644251 11.335497 1
-10.227177 34.839651 11.344597 7
-9.636077 35.572851 11.505897 10
-9.048277 35.754051 12.238097 1
-9.263977 36.340551 12.987297 10
-9.505877 36.268451 13.898497 6
-9.296377 35.500851 14.382597 4
-8.269477 35.475651 14.460797 4
-7.857777 35.779551 13.591497 7
-7.006577 35.494251 13.383297 14
-6.328577 36.046951 13.768897 7
-5.954777 35.279351 14.219897 10
-5.060977 35.204951 14.051997 10
-5.216477 36.219351 14.192997 4
-4.877277 37.083751 14.334097 11
-3.931077 36.828551 14.065297 7
-3.668677 36.547151 14.981197 11
-2.825877 36.190851 14.940797 7
-3.261677 35.504351 14.398897 14
-4.162977 35.709651 14.548297 11
-4.072577 35.158251 13.740497 1
-4.533077 34.362751 13.722597 10
-5.100077 33.531851 13.621897 10
-5.590077 33.114551 14.350697 10
-6.472277 32.771851 14.256997 10
-7.275477 32.795051 13.580297 12
-7.310277 31.808551 13.663897 7
-7.539177 30.902951 13.371097 9
-7.538377 30.643351 14.297597 12
-7.725677 30.493651 15.251497 7
-7.962877 29.576351 15.219497 12
-8.713077 29.560651 14.670897 7
-9.585277 29.312651 14.296997 10
-9.034677 28.530651 14.586597 1
-8.210277 28.728251 14.053297 13
-7.502277 28.442851 14.535497 1
-6.571477 28.775451 14.647697 12
-6.159077 28.401551 13.839597 4
-5.708377 27.949351 14.531797 12
-5.246777 27.225351 14.185097 7
-5.971177 26.479751 14.117397 1
-6.704977 26.944551 14.404197 1
-6.742177 27.242951 15.270197 7
-7.208877 26.938251 16.122897 15
-7.697877 27.787651 16.496597 1
-7.000477 27.953351 17.089297 7
-7.516677 27.314851 17.617597 15
-7.192877 26.552751 18.015997 7
-7.860877 25.815151 17.864597 15
-8.251777 26.643651 18.051297 15
-8.099877 26.922551 18.904097 10
-7.420077 26.663551 19.495097 7
-6.855277 27.151651 18.854597 7
-7.334477 27.849851 19.290297 4
-7.672177 28.676551 19.638597 7
-8.573577 28.322151 19.395097 16
-8.898377 28.334451 18.419397 3
-8.664277 29.077451 17.842597 7
-8.591177 30.026051 17.842397 1
-7.708677 30.532751 17.681897 1
-7.802677 31.301151 17.126497 1
-6.977677 31.571251 16.582797 10
-7.246677 30.712351 16.251197 1
-6.513477 30.279451 15.779997 12
-6.005677 29.613351 15.320597 12
-6.739177 29.260251 15.743697 12
-7.515277 29.640651 16.308197 11
-8.010777 28.824851 16.195497 10
-8.774177 28.284051 16.076097 7
-8.568077 27.344851 16.117697 16
-8.157577 26.569551 15.771197 15
-8.257077 26.538051 14.832497 1
-7.619977 25.795351 14.683597 7
-7.365277 25.041851 15.309597 15
-6.530477 24.852251 15.640997 5
-5.797377 24.469551 15.049697 7
-5.022277 24.304351 14.535097 4
-5.409277 23.647651 13.992997 12
-5.100277 24.134251 13.025997 12
-5.950777 24.205251 12.625797 1
-6.657577 24.578051 13.129897 9
-7.630777 24.535251 13.124697 7
-7.547377 24.880051 12.217597 10
-7.272677 25.420951 11.522597 7
-6.976977 26.327151 11.676197 10
-6.196477 26.513951 11.165697 1
-5.943177 26.076651 11.997697 1
-5.496177 26.646351 12.604397 1
-4.829977 25.984151 12.767797 1
-4.232177 26.206851 13.452097 7
-3.296277 25.851951 13.466497 1
-3.085377 26.783151 13.678397 4
-2.741277 26.276151 14.425297 1
-2.389277 26.853951 15.106097 1
-3.104777 27.062851 15.817097 1
-3.832977 26.509351 15.565597 15
-4.194377 26.919951 16.401897 7
-4.786077 26.341251 16.907097 7
-5.457977 25.680051 16.558397 1
-6.223677 25.923751 15.957697 15
-5.950377 26.862051 15.864997 10
-5.366077 27.531251 15.476697 15
-4.742077 28.135051 15.118697 12
-4.768177 28.033551 16.086297 7
-4.319377 28.887351 15.781897 10
-5.023877 29.477851 15.694297 12
-4.969477 28.935651 16.515997 12
-4.274077 28.438051 17.031797 7
-3.439277 28.778751 16.694497 15
-3.004777 28.014051 16.879997 11
-2.863577 27.082851 16.986997 7
-2.001877 27.112851 16.632797 10
-1.146277 26.557251 16.786697 12
-0.203477 26.102751 16.860197 11
-0.618277 25.233251 16.988397 16
-1.481777 25.406951 17.286497 13
-1.503577 26.263151 17.707197 7
-2.164377 26.782651 18.248097 7
-2.415677 26.818551 19.161297 13
-1.511577 26.553651 19.183697 16
-1.153277 26.941951 19.979497 7
-0.551677 27.349751 19.256497 9
-0.877177 27.708351 18.391897 13
-1.782277 28.081251 18.556497 9
-2.706677 28.294851 18.583597 16
-3.219677 27.889851 17.808197 7
-3.830277 27.354951 17.334697 7
-4.412877 26.877651 17.914097 7
-5.237977 27.226851 18.232197 7
-5.876777 26.704151 18.755497 7
-5.623577 25.813251 19.059997 7
-5.192077 26.006851 19.914397 7
-5.251277 25.517851 20.738997 15
-5.035477 24.657451 20.934797 16
-4.367877 24.560151 21.583597 6
-4.130777 25.375151 21.167097 10
-3.466177 24.948051 20.529297 12
-2.614777 24.640451 20.792397 14
-2.141777 25.318051 21.218597 11
-1.238577 25.388651 20.880197 1
-1.533077 24.692751 20.296797 4
-1.029877 23.991451 20.771497 12
-0.464777 24.683251 21.042997 16
0.368723 24.972151 21.309897 1
0.844223 24.680551 20.536297 7
0.307423 23.954651 20.318397 4
0.125223 23.234251 19.625297 1
-0.486177 22.739551 20.112497 12
-0.102777 22.207851 20.788597 11
0.817023 22.377651 20.467997 7
0.738423 21.688021 19.788397 5
0.775623 22.155391 18.974997 15
0.690023 21.436151 18.336597 1
0.185323 20.580851 18.363597 11
-0.228377 21.282061 18.737397 7
-0.801977 20.569811 19.028797 4
-1.433277 20.737461 19.738597 11
-2.068177 20.334311 19.039897 7
-2.475777 20.980301 19.620097 12
-2.603477 21.052601 18.566397 9
-1.962577 21.636521 19.061897 7
-1.733777 22.112671 18.288097 10
-1.081777 22.668451 17.689097 14
-0.820377 22.822851 18.651697 16
-0.803677 23.829851 18.462397 10
0.110923 24.197751 18.214097 15
0.649423 23.514351 17.780197 7
1.403123 24.097551 17.778097 1
1.882823 24.871351 18.172597 15
2.435023 24.339751 17.587897 7
3.279123 24.737251 17.359797 16
3.647223 25.623551 17.241697 1
3.577623 26.559851 17.109897 10
2.703723 26.358851 17.484097 16
2.334923 26.717551 16.592397 13
2.000123 25.773951 16.459397 16
1.374123 25.958051 15.705297 7
0.420823 25.633451 15.650697 1
0.217223 26.033051 14.775697 13
-0.569377 25.575051 15.229197 1
-1.472477 25.875951 15.058897 12
-1.245877 25.442051 15.973297 10
-2.174077 25.757551 16.220897 12
-3.038977 26.078251 16.299197 7
-3.096277 25.282851 16.826197 1
-2.672077 26.039751 17.350597 7
-3.157377 25.522951 17.995497 7
-2.210177 25.560351 18.242597 1
-2.877877 25.567951 18.903597 12
-3.574577 26.196451 18.997497 7
-4.082777 25.965751 18.224597 7
-4.623477 25.447551 18.734297 7
-4.372077 24.558751 19.067797 16
-4.438177 23.990651 18.333197 6
-3.906977 24.039751 17.582197 9
-4.442477 24.565051 16.810697 4
-4.731577 25.393351 17.251297 7
-5.607077 25.158351 17.528897 7
-6.427277 24.956851 16.964297 11
-7.282477 24.845551 16.573497 15
-8.007377 25.296751 16.975697 15
-8.501777 25.825651 16.346597 15
-9.191177 26.480951 16.595497 7
-8.790877 27.028051 17.246697 15
-9.396977 27.557151 16.715497 7
-10.010877 27.921551 17.363697 11
-10.071277 27.216051 17.995897 7
-10.097777 28.072651 18.440997 1
-10.495877 28.305751 19.353697 12
-11.101177 28.310451 20.051597 16
-11.557277 27.809151 20.809097 11
-11.859477 27.075851 20.291297 1
-11.210677 26.508951 20.676097 7
-10.588777 26.787351 21.369797 13
-10.764177 27.178651 22.193797 10
-10.642177 28.135251 22.340297 11
-10.096077 28.694951 23.057997 12
-9.360677 28.900551 23.752397 16
-8.985877 29.756351 23.917797 9
-8.337577 30.386151 24.235097 1
-7.876377 29.522251 24.187597 12
-8.215877 28.664851 24.634297 16
-7.224177 28.530551 24.809797 5
-6.510677 28.111251 25.293097 7
-5.792177 27.778851 24.654597 16
-6.398977 27.575851 23.955897 12
-6.303577 27.311951 23.046897 4
-5.396677 27.233751 23.421597 16
-4.731177 26.570451 23.229197 10
-4.552077 25.624951 23.356097 10
-5.186377 24.955351 23.162197 7
-5.392777 25.572151 23.878397 16
-5.855877 25.765051 24.712897 7
-6.771377 25.677051 24.391897 14
-7.547577 25.796551 25.083397 1
-8.182577 25.598351 24.346897 1
-8.357977 25.288951 23.427397 16
-9.001677 25.679651 22.880097 1
-8.222777 25.549951 22.367797 15
-8.487277 24.583951 22.549197 1
-7.504877 24.569951 22.317497 1
-7.395577 24.730851 21.382697 15
-6.547477 24.355951 21.183297 7
-6.375477 23.395851 20.934497 10
-6.479377 23.448951 19.890097 1
-6.040077 23.897751 19.209897 1
-5.873677 24.709451 18.734697 12
-6.569177 25.241351 18.168797 7
-6.333977 26.152151 17.729597 7
-7.064677 25.675051 17.244797 15
-6.774377 26.487451 16.893597 15
-5.796477 26.683951 17.097697 7
-5.988177 27.533651 16.647997 7
-6.406077 28.433951 16.482697 12
-5.909377 28.706351 17.312697 16
-5.586177 28.164951 17.976997 7
-6.529077 28.414551 18.333297 7
-6.731777 29.183351 18.918197 13
-6.951077 29.879851 18.255097 8
-6.717577 29.941751 17.255897 13
-5.874677 30.483451 16.927997 12
-4.974777 30.156951 16.946297 12
-4.460277 30.045651 17.765897 5
-3.943477 29.679651 18.501497 13
-4.538777 29.033651 18.036097 7
-5.477277 29.126051 18.253197 11
-5.103777 28.496651 18.836297 7
-5.732277 28.572851 19.697897 7
-5.457577 29.521151 19.602997 16
-5.074177 30.430651 19.770897 1
-4.257577 30.548251 20.341997 12
-3.506377 30.335851 20.954197 1
-4.212777 29.742051 21.332697 1
-3.925177 30.174851 22.197297 7
-4.032877 29.469251 22.872197 11
-3.085177 29.739951 22.590197 9
-2.666677 30.514851 22.122497 11
-1.752377 30.241151 22.086597 12
-1.775777 29.542751 21.421997 11
-1.233877 28.849851 20.969997 7
-1.946777 28.183151 21.029197 16
-2.021577 27.246051 21.335097 9
-2.959677 27.511651 21.081797 5
-2.796477 26.952251 20.274597 10
-3.469977 27.269751 19.636597 4
-3.939577 27.290651 18.818197 7
-4.027877 28.208851 19.057297 16
-4.842377 27.661751 19.137197 7
-5.332377 27.120451 19.798897 7
-4.466077 27.500051 20.172397 16
-4.407977 27.748451 21.167197 14
-4.453377 27.139051 21.952097 15
-5.156977 26.903651 21.326597 16
-5.327877 27.746451 21.709597 7
-5.973177 27.765051 20.903197 1
-6.471577 27.533551 20.077597 7
-7.039977 27.572551 20.862797 15
-6.522977 26.724551 20.771697 7
-6.023677 26.186651 21.347597 12
-6.934477 25.796751 21.474097 11
-6.386377 25.483451 20.635897 1
-6.204877 25.304051 19.718997 7
-7.106677 25.745151 19.921897 7
-7.735077 25.097751 20.281697 1
-8.396477 24.893251 19.518397 1
-8.305777 24.752951 18.590497 10
-8.635377 24.779451 17.655897 15
-8.915177 24.925851 16.814297 15
-9.308177 25.004751 15.947897 12
-9.344077 25.375351 15.116897 12
-9.145477 25.737651 14.161397 7
-9.912577 26.465751 14.426197 16
-10.261077 26.446651 13.524297 11
-10.441077 25.477951 13.509997 12
-11.116477 25.921251 12.998697 6
-11.857777 25.593251 13.499297 7
-11.297777 25.550051 14.327597 12
-11.085077 26.467351 14.299397 16
-11.242277 26.984751 15.159197 13
-10.629777 27.136051 15.878197 7
-11.110377 27.995351 15.847897 1
-10.428577 28.303451 16.395097 13
-10.922877 27.562751 16.754797 16
-11.096277 27.050351 17.592897 7
-11.007177 26.104551 17.438697 7
-10.972477 25.178251 17.592597 15
-10.976277 24.163051 17.832497 11
-11.414877 24.617851 18.595797 16
-10.945677 25.409751 18.780897 7
-10.288777 24.732051 18.479797 15
-10.181277 23.777351 18.694397 8
-10.051277 23.673451 17.767097 15
-10.651777 23.638951 17.011497 11
-9.919677 24.032851 16.590497 15
-10.546877 24.763051 16.500797 12
-11.222177 25.120151 15.968497 4
-11.837577 25.634851 16.592397 7
-12.440477 24.875051 16.677597 11
-12.716577 25.519751 16.122097 9
-12.576177 26.481751 16.411097 7
-12.985677 27.415651 16.312697 1
-12.164577 27.347451 16.765997 7
-12.073677 28.355651 16.717197 1
-12.707477 28.467951 17.481497 1
-12.022677 28.245451 18.122397 1
-12.456277 27.418251 17.803697 7
-13.109677 26.927351 17.263297 7
-13.064077 25.931751 17.338697 7
-13.793477 25.307151 17.074597 11
-13.746877 25.936451 16.354297 1
-14.059777 26.342851 15.493797 16
-13.142177 26.516351 15.049497 1
-12.942277 26.412251 14.080597 1
-12.117777 26.181251 14.576697 1
-11.672877 26.167651 15.430097 7
-10.799077 25.871451 15.124997 12
-10.556877 25.904951 16.142397 7
-9.899777 25.755951 16.816897 15
-9.872777 26.111251 17.718197 7
-9.276277 25.366451 18.219397 15
-9.874777 25.848451 18.774697 7
-10.300377 25.521151 19.634997 11
-10.768177 24.906151 20.242797 16
-11.110477 24.151351 19.707097 14
-10.922477 23.519251 20.428497 5
-11.555577 22.935251 20.800597 12
-11.687977 23.425651 21.659197 16
-12.580277 23.215751 22.051597 12
-11.922477 23.008851 22.699797 16
-12.177777 23.857751 23.136497 12
-12.125977 24.448151 23.910097 1
-11.612677 23.758151 24.376597 16
-11.057977 24.044751 23.610597 1
-11.215077 23.894851 22.642097 1
-11.446577 24.837951 22.827797 13
-11.135577 25.721051 23.083197 11
-11.698977 25.471851 23.853797 15
-12.079777 26.317551 24.186697 7
-12.674077 26.868651 24.845097 12
-12.851977 27.685051 24.294997 1
-13.355177 28.221951 24.905997 16
-14.229877 28.306151 25.165697 12
-14.221177 27.987451 24.235997 7
-13.957577 28.056251 23.286697 11
-13.259577 27.353451 23.364097 1
-13.447077 26.910051 22.455497 9
-13.041177 26.541251 21.686197 7
-13.179577 25.636351 21.479497 12
-13.174177 24.677151 21.145397 15
-13.636077 25.307251 20.622297 8
-12.923777 25.044151 20.050197 13
-12.571877 25.950451 20.015997 12
-13.144277 26.009151 19.274897 7
-13.457477 26.737351 19.811897 16
-14.100677 26.153151 19.386397 8
-13.763277 25.819151 18.463597 7
-13.494377 24.894651 18.517497 12
-14.314377 24.418251 18.208297 5
-14.260577 23.713551 18.881197 7
-13.312877 23.469651 18.509597 15
-12.798877 23.465251 17.666197 11
-12.504077 24.377751 17.568697 11
-12.233977 25.402451 17.621597 7
-11.797577 25.940351 18.387697 7
-11.731177 26.864351 18.423797 7
-10.884977 27.394251 18.818097 7
-10.991477 26.906951 19.591597 1
-10.102877 26.738951 19.311097 7
-9.271077 26.527751 19.777397 11
-8.481277 26.006751 19.589797 1
-7.834977 25.643451 18.984197 7
-7.255277 24.824351 18.826397 15
-7.366677 23.866751 18.543797 11
-7.268277 23.611351 17.658397 15
-6.641377 22.876851 17.712097 16
-7.224577 22.113691 17.862097 10
-7.925877 21.955771 17.238497 7
-8.791677 21.804181 16.802297 14
-9.500077 21.784531 16.083097 16
-9.757277 21.417961 15.224497 16
-9.413777 20.687041 15.770597 16
-8.778677 20.348491 15.127297 1
-9.256377 20.442771 14.312197 16
-8.621477 20.291861 13.621997 1
-7.890477 19.605351 13.659197 1
-7.123577 20.228011 13.867097 1
-7.585777 21.046941 13.939997 12
-7.247877 21.528511 13.250097 1
-7.503877 22.442851 13.542597 1
-7.580277 22.879051 14.441397 15
-8.359677 22.481351 15.032297 16
-8.767377 23.087751 14.424597 1
-9.709577 23.222051 14.388097 16
-9.933777 24.140951 14.040297 12
-9.482677 24.284851 14.905397 12
-9.430077 23.598251 15.587097 16
-8.721377 23.892251 16.085297 15
-7.752177 23.803651 15.941197 15
-7.274677 23.030551 15.649597 5
-6.620277 23.450851 15.041097 1
-6.427577 22.521051 15.416997 12
-6.830977 21.625411 15.656597 1
-7.054177 20.667551 15.722997 15
-7.467077 21.108851 14.992397 1
-8.381877 21.396151 14.865997 11
-9.121777 21.806641 14.454697 16
-9.596577 22.131231 13.653097 16
-10.541377 22.004141 13.426797 16
-10.750277 22.681051 12.878897 8
-11.015377 21.805111 12.398097 16
-11.792777 21.346911 12.757897 16
-12.275477 21.258461 11.942497 11
-12.671677 20.359441 11.783397 7
-11.661477 20.330761 11.734297 11
-11.090377 20.223551 12.498697 16
-11.471077 20.167551 13.367897 8
-11.066077 20.529341 14.187997 16
-10.259177 20.185431 13.802997 16
-9.831977 19.772591 13.015597 13
-10.073877 21.084861 12.395997 16
-10.528277 20.805061 11.568197 11
-9.601377 20.914311 11.312897 1
-9.612877 21.826861 11.006697 1
-10.447577 21.839431 11.419497 1
-10.700577 21.616811 10.512797 1
-10.212377 20.848281 10.229897 1
-11.110677 20.703351 10.487497 11
-11.029777 21.130371 9.604197 1
-11.583777 20.343151 9.490597 1
-12.373977 20.004771 10.018397 11
-12.993677 19.685241 10.742897 7
-13.485177 20.188731 10.139297 16
-13.422977 20.823501 9.346497 1
-13.412777 21.352051 10.121397 15
-13.435677 21.592661 11.085997 16
-12.461177 22.673251 11.499597 5
-12.030377 22.863751 12.460397 16
-12.276477 23.764551 12.489297 1
-11.712177 24.291751 13.010597 12
-11.387177 23.592651 13.530797 12
-11.008477 22.943851 14.090997 16
-12.021577 23.017251 14.279697 16
-11.692377 23.858551 14.452197 12
-12.694077 24.067351 14.372697 5
-13.689377 24.383251 14.245897 7
-14.132077 24.414251 13.354197 16
-14.742877 23.988251 12.784297 15
-15.555377 23.646651 13.122897 7
-16.291777 23.084551 12.800397 16
-16.126277 22.173751 13.094997 15
-15.929377 22.817451 13.822097 16
-15.969877 22.947651 14.856897 13
-16.818577 23.192051 15.291797 1
-16.958277 22.242351 15.078197 16
-17.672577 22.381151 15.713997 15
-18.357077 21.861381 15.638797 16
-18.298177 20.886111 15.438297 1
-17.437577 20.842251 15.056597 15
-16.868677 20.639921 15.788797 16
-16.676377 20.220661 16.616497 1
-16.084277 20.387281 17.445697 1
-15.314977 20.753871 17.915497 16
-15.679377 21.493221 18.445097 16
-14.855577 21.966811 18.640997 1
-14.257977 22.597251 18.162697 1
-14.026977 22.777551 17.189497 16
-13.302877 23.083051 16.601797 11
-12.449377 22.677751 16.706097 11
-11.720677 22.438351 16.147997 12
-11.471377 23.364351 16.291597 11
-11.619977 23.386951 15.335097 16
-11.809877 24.318651 15.723697 11
-11.313977 24.714051 14.948197 12
-10.657977 24.008151 14.870797 12
-10.461477 23.128851 15.157397 16
-10.503077 22.240251 15.660997 16
-10.305877 22.748251 16.513097 11
-9.440177 23.083551 16.651897 8
-8.498177 23.112151 16.758297 15
-8.060477 22.999951 17.604097 1
-8.296377 23.853051 18.077197 15
-8.941077 23.149651 18.049297 15
-9.270177 22.228851 17.944197 7
-9.819377 21.524991 17.476897 5
-9.911277 20.783901 16.990397 16
-9.093877 20.375591 16.819997 1
-8.150977 20.367161 16.969897 1
-7.783277 19.823921 17.643197 5
-7.494777 19.316051 18.475497 8
-8.001677 19.848491 19.151397 16
-8.692177 19.641381 19.776797 8
-9.294677 20.110921 19.226497 12
-9.628277 20.629041 19.961297 16
-10.371077 20.697271 19.315697 12
-11.193077 20.709491 18.823197 1
-11.989577 20.485051 19.358297 1
-12.056377 20.087361 20.209297 1
-11.887777 19.148011 20.554197 1
-12.545377 19.502971 21.166797 16
-12.825377 20.098821 21.920197 13
-12.279977 20.980721 21.995997 12
-13.249777 21.222191 21.635997 1
-13.430277 22.205451 21.461597 7
-13.916577 21.992261 20.694297 16
-13.082877 22.037401 20.173097 14
-12.399677 22.454951 19.638097 1
-12.054377 21.831291 18.918897 9
-11.659277 22.457651 18.277697 11
-11.442077 21.797311 17.646397 15
-11.222277 21.416351 16.772797 16
-12.031077 21.098491 16.375497 5
-11.412677 21.507051 15.643397 16
-10.815677 21.370141 14.988397 16
-11.102277 21.534201 14.140897 16
-11.833577 21.149191 13.712597 16
-12.393177 20.472511 14.104197 16
-13.361677 20.012131 14.299097 7
-14.062877 20.434851 13.806597 7
-14.754777 20.738131 14.401897 1
-15.404577 21.381091 14.808897 5
-15.481777 21.749581 15.672097 16
-16.199277 22.056911 16.187697 8
-16.919477 22.658651 16.607797 16
-16.766977 23.643751 16.565797 12
-16.421577 24.577651 16.794497 15
-15.544277 24.904151 16.368497 1
-15.158477 24.321451 15.690197 16
-14.837377 23.499851 16.085797 1
-15.164877 23.845551 17.007897 15
-14.652777 24.625451 16.974097 12
-14.202177 24.435451 16.095097 11
-13.572977 24.884351 15.486197 15
-12.913877 24.272751 15.811197 11
-13.323077 23.554851 15.305097 1
-12.815877 22.710551 15.255797 1
-12.309077 21.901491 15.293497 16
-12.278577 22.020731 14.363497 16
-13.069277 21.518801 14.515997 12
-12.919277 20.812091 15.142297 16
-13.126477 20.009491 15.653697 1
-13.223377 19.747261 16.554597 11
-12.809577 19.064121 17.156497 5
-12.120977 18.980781 17.899697 16
-12.561777 19.219211 18.644597 7
-12.155877 19.994641 18.205197 1
-11.385677 19.892761 17.567697 7
-11.115277 19.790851 16.603497 1
-10.415577 19.961031 16.038497 16
-11.165477 20.441521 15.597297 16
-11.034077 19.645431 15.152697 16
-10.522477 18.875601 14.840097 1
-10.170577 18.172261 14.298497 1
