50.678405 20.067977 10.054753 1
50.685705 20.611877 9.218753 16
49.752205 20.444777 9.042153 1
48.846705 20.214577 9.261353 3
48.523805 19.701077 10.012753 1
48.915805 18.833677 9.875153 2
48.784705 18.011577 9.352553 4
47.984005 17.655077 9.906753 1
48.046805 17.318677 8.955453 1
47.285805 17.730677 8.524953 1
46.604925 18.318777 8.147953 2
46.236915 19.038877 8.714653 1
46.261805 19.322477 9.584153 14
45.407895 19.171577 9.973253 12
45.215395 20.076577 10.280953 1
45.583125 20.124077 11.204453 14
45.611295 19.506577 11.993653 8
44.806385 18.925577 12.277953 1
44.120995 19.625477 12.249053 9
44.640455 20.389277 12.569453 2
44.804835 21.330977 12.494753 15
44.252645 21.544377 13.280553 2
44.654575 22.412977 13.215353 15
44.135935 22.693577 14.005553 2
43.932865 23.115477 13.181353 5
43.963355 23.300377 12.250853 8
44.655635 23.889277 12.420653 11
44.524705 23.975377 13.433053 9
45.184895 24.554277 13.865653 13
44.530485 24.193677 14.472153 1
44.703985 24.279977 15.385953 12
44.381115 23.436977 15.645453 6
44.436435 22.485477 15.857353 6
44.667825 22.708677 14.888353 2
45.510865 22.220877 14.986253 2
46.517245 22.250977 15.015953 14
47.320105 21.581677 14.901253 14
47.647605 21.370677 15.846153 2
48.552005 20.961977 15.663153 8
48.615405 21.974577 15.570353 1
48.355405 22.199677 14.708053 14
48.198205 23.118177 14.912253 14
49.086305 23.009077 15.218653 2
49.532605 23.460977 14.461653 6
48.597905 23.770277 14.198553 14
48.883805 24.743077 14.220353 1
48.310705 25.181777 13.564553 3
47.402205 25.214677 13.216853 2
47.774605 25.711877 12.560153 2
48.488805 25.367577 11.872953 2
49.327505 25.788077 12.079153 5
49.838405 25.213077 11.472453 2
49.576705 24.616477 12.123153 2
50.467905 24.323177 11.964253 11
51.047805 23.942777 12.592353 1
51.177705 22.991677 12.283253 2
51.098605 22.095377 11.976553 5
51.426105 22.060577 12.911553 7
50.471505 21.847977 12.883453 2
50.198705 20.984677 12.470453 5
49.545705 20.529977 12.963253 14
49.772105 20.949677 13.817253 1
49.430905 20.740877 14.699153 2
49.661705 19.860377 14.859753 8
48.686305 19.563777 14.894053 1
48.496205 20.454877 14.673253 1
48.055905 20.654077 13.832153 14
47.857705 19.761277 14.165553 1
47.021925 19.715777 14.577953 8
47.054795 19.760377 15.564153 14
47.020275 19.870077 16.465753 2
46.390765 19.145077 16.336153 15
45.565845 18.836677 16.776853 9
45.023485 19.693577 16.900553 9
45.795035 20.171677 17.177553 14
46.159085 20.315377 18.031453 15
45.412575 20.382477 18.639053 2
45.951285 20.046277 19.406953 10
45.627115 20.388877 20.253853 14
46.307345 20.107777 21.007853 6
46.298695 19.147577 21.040153 2
46.241425 19.046777 20.014653 8
47.069815 18.702377 19.681153 2
46.610995 17.967577 20.197053 11
46.910755 17.191777 19.612153 2
47.685205 17.726977 19.661553 8
48.497405 18.395977 19.633753 1
49.492305 18.413577 19.481453 12
49.325005 17.603377 18.958453 1
48.551205 17.079977 18.574953 14
48.720605 16.819877 17.617653 1
48.542805 16.369177 16.712553 1
48.483605 16.091177 15.731153 1
48.954205 15.646377 14.963853 2
48.657905 15.370777 14.146653 2
48.300505 16.250677 13.893853 1
48.011805 16.556677 13.012853 14
48.376705 15.814577 12.582953 3
49.243805 16.156677 12.661353 1
49.215505 16.808377 11.811753 2
48.864305 17.746077 12.217553 1
49.050905 18.670877 12.056453 1
49.271505 19.267077 12.788953 1
48.548405 19.216377 13.356153 1
48.591005 20.119777 13.143753 7
48.231105 20.531777 12.340353 14
48.167605 21.415277 11.989653 14
48.922705 21.959077 11.949653 5
48.338605 22.314077 12.592753 14
48.503305 23.278977 12.712753 14
48.514505 24.123477 12.138853 2
48.616105 23.383277 11.518253 2
49.325005 23.526677 10.863153 2
49.610105 22.941077 11.569353 5
49.794105 22.684877 12.507653 5
49.211805 22.259077 13.222353 14
49.029305 21.761477 14.039453 11
48.071705 21.785577 13.811853 14
47.498305 22.318677 13.296853 14
46.949725 23.001177 12.789453 2
46.390605 22.998177 11.989353 2
45.722425 22.398877 11.590853 15
46.059795 22.149677 10.753553 1
45.259165 22.672277 10.559353 8
45.275645 22.770877 9.623153 2
44.355115 22.850777 10.124453 8
44.094235 21.891977 9.970253 9
43.938545 22.131577 10.910653 8
44.362345 21.495977 11.422453 15
43.669295 21.908077 11.885053 15
43.117395 22.359677 12.555453 2
43.320325 21.445577 12.743353 2
42.694895 20.750277 12.532653 2
43.396345 20.564077 11.759253 1
42.821695 20.837577 11.013353 6
42.288195 20.539977 10.332253 14
41.667595 20.885677 9.684553 8
41.435825 21.818977 9.718853 3
42.285765 22.291077 9.747453 14
43.148585 21.811877 9.676853 8
42.565735 21.569677 8.928053 2
43.464075 21.536777 8.550753 12
44.197605 21.744977 7.849153 6
44.823815 22.517277 7.748053 1
45.556545 22.016677 8.104353 8
45.868785 22.864177 8.443653 9
46.818885 22.804777 8.514353 12
47.191395 22.350077 9.315853 2
47.783005 22.397077 10.132653 2
48.072905 22.565877 11.072553 2
48.527205 21.756377 10.969653 1
49.445105 21.585777 10.786553 5
48.968505 20.900677 10.250853 11
49.958905 20.880777 10.167653 2
50.422205 21.093277 11.017153 5
50.518705 22.089577 10.748353 5
50.087505 22.639277 10.102253 1
49.423905 23.336577 9.736753 2
48.740205 22.609377 9.576453 2
48.908005 22.251477 8.727153 1
48.271205 21.725777 8.232253 6
47.577005 22.136277 7.640153 1
47.525005 21.204177 7.588853 2
47.223645 20.536677 8.186453 1
47.133495 20.501977 9.162953 2
46.191745 20.190577 9.171953 14
45.652215 20.982277 9.535953 2
46.168865 20.912777 10.393353 3
46.622005 21.138277 11.156553 15
47.001525 21.290777 12.058053 14
47.121495 22.211477 12.101053 2
46.671095 21.788777 12.835253 14
46.115795 21.124877 12.350153 15
45.960265 21.154677 13.309953 14
45.630095 21.813277 13.944553 2
46.457405 22.305777 13.789353 14
46.327025 23.239477 14.252053 14
45.321105 23.335077 14.098053 6
45.694985 23.307577 13.219853 2
45.278085 23.144877 12.379253 15
45.265205 23.609177 11.550153 8
45.228005 24.521777 11.323353 8
45.716815 25.354277 11.346353 9
45.888615 25.666177 10.392453 1
46.192095 25.537077 9.495353 5
46.299755 24.850877 8.790653 14
47.236795 24.432577 8.500753 8
48.126505 24.123577 8.515753 9
48.602805 23.887877 9.302553 2
47.663805 24.040677 9.582253 2
46.893165 23.628377 9.159253 14
46.168795 23.636077 9.711353 8
46.514275 23.551877 10.604553 1
47.445405 23.488577 10.798453 2
47.973605 24.159377 11.177753 2
47.957705 25.152477 11.007353 2
48.639605 25.803977 10.501853 3
49.586105 25.900077 10.491653 1
50.233205 26.381877 9.948853 3
50.617805 25.540177 10.259553 14
50.734405 24.819977 10.875353 1
49.973805 24.321177 10.621353 2
49.127605 24.232377 10.161053 2
48.301905 24.572377 10.181753 2
47.756005 25.236477 9.856253 2
47.366605 25.307977 8.968953 1
46.968055 26.146877 8.682253 4
47.893305 26.626077 8.556553 7
48.461205 26.637877 9.385453 2
47.625205 26.855177 9.617153 1
47.345405 27.680477 10.143653 1
46.379905 27.691377 9.804453 1
45.439765 27.452177 9.943153 8
45.721585 26.949677 9.184953 3
44.812305 26.462577 9.161353 12
44.262955 26.610877 8.347453 2
43.411665 27.027477 8.092553 6
42.789015 26.303977 8.409053 14
42.461495 26.907277 9.052153 14
41.576935 26.914677 9.404153 2
40.731245 26.446277 9.443753 10
41.060635 26.515077 8.515953 6
40.950715 25.976477 7.678453 2
40.355935 25.286177 7.498653 2
41.150085 24.824177 7.347053 8
41.062515 24.632677 8.284453 3
42.026695 24.556477 8.428653 1
42.593915 23.897077 8.729353 1
43.406835 23.482777 8.940253 3
43.362375 24.363777 9.379953 7
44.012535 24.651977 9.994553 1
43.964255 23.766177 10.384853 8
43.303155 23.568277 10.994753 8
42.914155 23.273977 11.859653 2
42.054025 23.388077 12.295153 9
41.847265 24.313877 12.206153 2
41.270745 24.509577 12.969053 1
40.977245 24.181077 13.937753 14
41.663085 24.064577 14.631253 14
42.372115 24.739577 14.768353 2
43.028795 24.363877 14.106853 1
43.218105 24.901577 13.297053 2
43.057105 24.871877 12.280953 12
43.404205 25.700477 12.233953 2
44.191035 26.078477 12.623853 11
44.829095 25.983477 13.360753 5
44.327865 26.665977 13.840853 5
44.817625 27.480777 13.706353 3
44.988235 27.285877 12.761353 14
45.894195 27.077877 12.371553 15
46.331015 26.247577 12.779453 8
46.435255 25.399377 12.237953 3
46.844795 25.099477 11.359153 2
46.890645 24.083277 11.490953 2
46.836855 24.028177 12.418853 2
47.665505 24.000777 12.847453 2
47.406005 23.492477 13.600653 14
47.545505 24.332477 14.155153 1
46.631215 24.677077 14.309753 1
46.057095 24.621677 15.091653 14
46.531995 23.806777 15.414353 3
47.105245 23.051177 15.417053 14
47.611005 23.182477 16.224353 1
46.784625 23.105177 16.617653 2
46.189705 22.424277 16.184053 1
45.939735 22.540977 17.136953 2
45.990625 23.003877 17.936453 14
45.781045 22.044877 18.075453 4
45.447555 21.663877 18.966853 1
44.903655 22.354177 18.478253 1
44.650425 22.433177 17.557653 2
43.757105 22.692477 17.583553 6
43.202185 22.164677 17.043153 6
43.270005 21.215477 17.122653 9
42.563565 21.224377 17.874253 2
43.310065 21.574877 18.296753 6
44.131495 21.122777 18.182553 2
44.040645 20.216877 17.929353 9
44.106415 19.437377 17.296053 9
43.608695 19.540877 16.460253 9
43.684425 19.416477 15.503753 2
44.436535 19.785477 15.934853 9
45.051135 20.528477 16.041953 9
44.719365 20.698777 15.158153 2
45.414525 20.817277 14.435953 2
46.410665 20.653277 14.410353 14
46.198695 20.127477 13.650653 8
46.938995 20.503377 13.134253 14
46.925715 19.678077 12.631353 8
47.039265 18.734577 12.546953 8
46.338185 18.608477 11.862953 2
46.681905 17.710677 11.763853 3
46.875345 17.716477 12.737153 3
45.961785 17.907777 12.846953 6
46.403005 18.161777 13.585853 8
45.835245 18.915677 14.015653 8
45.058405 18.717477 13.346753 6
45.119035 19.680577 13.233753 8
44.276775 19.775977 13.668453 2
44.501405 20.681077 13.819953 2
43.673835 21.117077 14.052653 2
42.810105 21.094877 13.606653 2
41.898225 21.143277 13.780953 2
41.570515 20.823177 12.906753 2
40.612845 20.876377 12.587653 3
40.661945 21.596877 11.972153 3
41.639715 21.540277 12.039753 2
42.114815 21.740877 11.260653 10
41.537685 22.504477 10.963953 1
41.263035 23.138877 11.597553 12
40.532365 22.889877 12.232253 2
39.826635 22.665177 12.855653 3
39.866285 23.176077 13.651853 3
40.015885 23.923277 14.230053 14
40.029565 24.740977 13.686853 12
39.381155 24.225377 13.180653 8
39.567395 24.999977 12.661653 2
40.459625 24.978477 12.046753 9
41.361765 25.441677 12.163953 1
40.698425 25.941277 12.744753 8
40.735085 26.477177 13.532953 1
41.678855 26.157677 13.615453 2
41.414485 25.272177 13.857653 2
41.239895 25.394277 14.781053 14
42.121865 25.852677 14.570053 1
43.100935 25.646677 14.607653 8
43.986395 25.829577 14.987853 3
44.142305 26.736277 15.163853 1
45.044915 27.016177 15.463953 1
45.418575 26.311277 16.038953 9
45.254645 25.759677 16.903353 8
44.588485 25.318377 17.385353 7
44.146635 24.665477 16.671353 1
43.589915 24.065777 17.100753 6
42.857685 24.647577 17.465353 3
42.261415 24.048377 16.958853 3
42.775185 23.613877 16.309353 6
42.427415 23.885577 15.460953 14
43.125925 23.419177 14.877853 1
42.862865 22.517777 14.578653 2
43.672605 22.035577 14.725553 2
43.809245 21.150577 15.005553 2
43.612535 21.418277 15.902453 1
42.972575 22.010177 15.419953 2
42.651005 22.608577 16.186153 6
41.964035 22.042877 15.580553 14
41.954505 21.059877 15.624053 8
42.254765 20.843977 16.462953 3
43.144245 20.477277 16.225053 9
43.017915 20.338077 15.244153 2
42.955145 20.287077 14.287853 2
43.272005 19.535377 13.779553 2
43.746165 18.681177 13.814453 12
43.784745 18.919077 14.711753 2
44.739585 18.999277 14.442653 14
44.872185 18.864277 15.395653 9
45.356145 18.087777 15.220553 8
44.882915 17.351777 14.782853 3
44.304285 16.662377 14.429153 8
44.316065 16.759077 13.430553 14
44.266345 16.572577 12.458953 1
45.191315 16.798977 12.436953 2
45.983595 16.358377 12.139853 1
45.911815 15.566877 12.775453 9
44.914195 15.577577 12.740153 1
44.322425 14.793777 12.803453 10
43.766715 15.429977 13.278353 1
43.538565 15.562077 12.323653 2
43.827495 16.040877 11.494653 3
43.092275 16.652477 11.185853 1
43.790775 17.190577 11.510353 3
43.377575 17.963277 11.970353 2
43.432205 18.929277 11.964253 9
43.009615 19.716877 12.495253 2
42.116005 19.311977 12.645353 2
41.777335 18.514777 13.157553 6
42.175795 19.113377 13.797053 2
41.235145 18.790677 14.046553 6
40.800415 17.990477 14.444353 6
40.606055 18.286777 15.307553 8
40.467985 17.436377 15.718353 3
39.534855 17.337477 15.804753 12
39.368985 18.248977 15.403353 8
38.444265 18.519177 15.647653 6
38.543385 17.608477 15.908453 2
38.835895 17.234777 16.777953 14
38.692315 16.535577 17.469253 3
38.807895 16.517277 18.392253 2
39.601285 16.930477 18.033453 8
40.120955 16.168377 18.149153 2
40.434435 16.319577 19.103753 3
41.028495 15.547577 18.821453 12
41.278035 14.929977 18.170653 1
42.129295 14.534077 18.560753 2
41.895105 13.596877 18.278453 14
41.573775 14.020777 17.522253 2
40.747735 14.257577 17.076053 3
40.222615 15.159177 17.064253 1
40.815725 15.847877 16.699053 8
40.714375 15.188377 16.036753 14
40.270535 15.968977 15.638853 2
39.342675 16.163877 15.789853 4
39.550265 15.395677 15.288053 1
39.020425 14.609577 15.603253 1
39.936045 14.344477 15.754153 2
40.162795 14.228477 14.819353 9
41.204725 14.332577 14.873253 2
41.483835 15.206177 15.051953 2
41.171985 16.115977 14.778153 14
41.811825 16.627777 15.341153 1
41.654415 17.528277 14.958153 6
42.157205 18.355777 14.777953 2
42.992125 18.237177 15.259053 2
43.428345 18.420577 16.148053 9
43.764455 18.164777 16.981653 9
42.947715 17.759177 16.829053 3
42.387385 18.173677 17.577753 9
41.526795 17.784077 17.820553 14
41.712995 17.478577 18.712553 2
40.810205 17.280077 18.490553 6
40.703445 17.085377 17.481653 1
40.092435 17.867277 17.667153 1
40.281535 18.686077 17.196053 2
40.908955 18.711577 16.390753 8
41.843415 18.386177 16.297953 10
42.138765 19.128577 15.665353 2
41.806425 19.940477 15.330653 8
41.927515 20.234777 14.386553 2
41.088555 19.928177 14.524453 8
41.218055 20.004577 13.622953 2
40.253685 19.989077 13.730353 3
40.395835 20.669777 14.396953 8
39.949655 20.985077 13.584353 3
40.584135 21.649977 13.300453 3
41.202345 22.360477 13.065853 2
41.291695 23.278377 13.424653 7
41.946615 23.150477 14.103853 14
42.487115 22.852877 13.371553 2
42.166365 22.110977 13.993453 2
41.301645 22.436577 14.378453 14
40.579205 21.743077 14.364553 3
41.437275 21.393377 14.718453 2
40.979285 21.802677 15.364153 8
40.717655 22.682077 15.721953 14
41.350215 22.640977 16.406353 3
41.861535 22.243877 17.172253 6
41.111995 22.029777 17.700853 4
41.621155 22.463577 18.351953 3
42.173595 21.928777 18.863453 6
42.111335 22.796277 19.304953 3
43.021415 22.534377 19.254253 5
43.815685 23.058977 19.534053 7
44.342935 22.423077 20.015853 1
44.926485 23.167377 19.661053 6
44.344885 23.649577 20.283753 1
43.666195 24.342477 20.242353 3
42.928445 23.852677 19.759153 3
42.513275 24.102277 20.640553 3
42.411785 23.685077 21.561353 2
42.100685 22.801177 21.631553 3
41.818835 22.148977 21.006253 5
41.679185 21.358877 20.441853 13
42.403235 20.826977 20.152153 2
42.896465 19.922177 19.745053 2
43.310515 19.471277 20.517253 10
42.801455 20.134677 21.091753 3
43.324555 19.478877 21.654453 1
44.066055 19.953077 21.954253 3
44.388485 19.850477 21.029653 14
44.464205 19.643777 20.056053 3
43.688575 19.311877 19.605953 10
43.722545 18.862877 18.795953 1
43.392775 19.373377 18.062853 9
42.463485 19.438377 17.922053 9
41.909255 20.021377 17.474153 1
42.271975 19.845777 16.622253 9
41.362475 20.337077 16.456853 1
40.459705 20.008277 16.294753 8
39.950045 20.756877 16.515353 3
40.069835 21.434777 15.763753 8
39.724165 21.827877 14.924753 3
39.624215 22.732477 14.970053 2
39.799545 23.674377 15.250653 14
39.032595 24.057577 15.881553 5
38.157236 24.435177 15.510453 13
37.700596 25.305377 15.085553 9
37.004859 25.138077 14.363253 12
36.193865 25.351777 14.864253 3
36.345275 24.847577 15.731153 10
36.571157 25.406277 16.530553 3
36.540076 25.719877 17.439153 2
35.572435 25.685477 17.269953 4
34.991165 24.874677 17.053653 9
35.256135 24.469277 17.894153 1
34.961525 23.912777 18.690953 3
34.483205 23.195777 19.087053 2
34.148115 23.619177 19.897453 6
34.992785 24.067477 20.154653 10
35.972215 24.371777 20.074553 2
36.808748 24.586277 20.594353 1
37.611695 24.216177 20.136853 3
38.340515 24.369177 19.529753 1
37.633989 24.537077 18.902953 10
37.182657 24.717177 18.072553 7
37.879411 25.309477 18.130853 3
38.812425 25.125577 18.630453 8
39.566615 24.986977 19.199053 3
39.292365 24.957377 20.185853 1
40.267395 24.921277 20.052353 3
40.146395 25.840377 20.098853 1
40.733455 25.815777 19.323853 3
40.695285 26.800177 19.388753 6
41.538425 26.786877 18.909953 12
41.775365 26.134977 18.185753 3
41.289135 25.363277 18.309853 3
40.545755 25.839477 17.935553 6
40.463635 26.664977 17.512153 9
39.706855 27.113177 17.217053 8
38.981605 27.644677 17.536153 6
38.051769 27.932177 17.453053 9
37.991786 27.144377 16.916853 3
38.916055 27.433277 16.553753 13
38.921115 28.352677 16.164053 4
38.512555 27.726577 15.477753 9
39.247415 27.756377 14.836853 6
39.866815 27.367077 15.447053 5
40.123335 27.089077 16.279853 3
40.613075 26.237477 16.198553 10
40.716205 26.503377 15.280953 3
39.971935 26.101877 14.836153 9
40.024805 25.209377 15.300053 14
40.060655 24.682477 16.134853 5
40.836195 24.497577 16.571853 8
41.040485 23.776877 15.835153 14
40.824155 23.393077 16.744753 5
41.304605 23.817977 17.410053 3
40.851735 23.160477 18.004553 10
40.326955 23.895377 17.635653 5
40.708845 24.655277 17.891053 3
41.286265 25.116677 17.297053 9
42.133525 25.444677 17.330153 3
42.342785 26.353377 17.019253 1
43.173095 26.338277 16.597153 9
43.836545 26.470277 17.260853 4
43.748235 26.532077 18.216453 4
43.442895 26.623777 19.120453 9
42.643565 26.369977 18.659653 3
42.952445 25.762677 19.334353 3
42.510145 26.383377 19.900053 1
42.172265 25.702677 20.401353 3
41.429555 25.756177 21.069553 1
41.223575 26.365077 21.841453 1
40.388435 26.073877 22.124053 1
40.706835 25.119777 22.023753 1
41.577235 24.658777 21.823953 1
41.563005 24.727477 20.865753 10
41.565335 24.920277 19.896953 3
41.881185 24.682177 19.068253 3
41.470395 23.858177 18.695953 3
42.018645 23.415977 18.048553 6
43.041905 23.497677 18.206753 6
42.744585 24.202877 18.725153 3
43.359435 24.883277 18.937253 3
44.179305 24.667177 18.462953 11
45.064865 24.371777 18.314853 13
45.771985 24.857377 18.692853 3
45.528255 25.674177 19.171953 6
44.908295 26.388677 19.285553 13
44.434975 25.655477 18.986253 15
43.927035 25.527877 19.736253 6
43.300405 25.476077 20.468953 3
42.840935 25.462077 21.303553 4
43.300525 26.212377 21.757253 3
42.799135 25.637477 22.371053 1
42.980565 24.727977 22.268153 9
42.907835 23.871977 22.802153 3
42.932105 23.486177 23.667353 8
42.231225 23.668577 24.365653 9
42.692015 22.837477 24.552253 4
43.337645 22.231177 24.213853 3
42.853955 21.946177 23.520053 9
41.969335 21.642077 23.583053 8
41.009145 21.587177 23.559553 5
41.297315 22.497077 23.814453 5
40.423175 22.831277 24.068453 12
39.670385 22.685777 23.476953 2
40.298755 23.439277 23.067153 3
39.972065 23.999277 22.364853 1
40.365445 23.680177 21.497253 10
41.065415 23.007577 21.295953 6
41.062095 23.190777 20.405853 3
40.584775 23.839177 19.873753 3
39.768335 23.273677 19.689853 1
40.186345 23.625277 18.947153 3
39.227255 23.334977 18.747053 1
39.128575 23.334477 17.799753 5
38.728995 23.082877 17.003953 5
38.170851 23.293877 16.256253 1
37.749313 22.522677 15.684153 6
37.428365 22.512577 14.669453 5
38.079534 21.837677 14.732853 9
38.829715 21.436777 14.291753 3
38.955425 21.237677 13.353853 3
38.426415 20.538777 12.999053 3
37.873321 19.754077 12.761753 9
38.196048 19.738777 13.760653 3
38.600825 19.464077 14.567553 13
37.909576 19.025677 14.921253 13
36.984143 19.148377 14.766453 9
36.236975 19.064177 14.109553 3
35.993595 19.307177 13.204253 9
36.098425 20.222877 13.305153 14
36.925767 20.246377 12.744853 9
37.259191 21.095177 13.178253 3
36.819124 22.023177 13.109653 10
37.626994 21.853677 13.624053 3
37.684451 22.645077 13.107153 1
37.821475 23.617877 13.110353 4
38.001194 23.759777 12.190553 1
38.471075 22.892977 12.379353 1
38.943045 22.262777 12.924253 3
38.929725 22.075577 11.970453 3
39.681585 21.692277 11.506753 6
39.671155 21.953577 10.559053 9
38.867905 21.709577 10.014253 6
39.048415 20.857677 9.561253 8
39.828255 20.556177 9.100853 4
39.820245 19.827777 8.486453 1
40.551975 19.990377 7.913653 9
40.094885 20.565677 7.353853 1
40.217765 19.999177 6.511953 3
39.375435 19.839577 6.000053 8
38.752915 19.147977 6.376453 3
37.827672 18.799677 6.339853 5
37.772659 19.563977 7.010453 3
38.502755 20.209777 7.061753 1
38.495435 19.594077 7.790653 10
37.946858 20.223777 8.246453 6
37.475966 20.036077 9.053553 9
36.941074 19.339177 8.709453 5
37.605942 18.797877 8.226753 3
36.770441 18.360877 7.837053 5
37.320107 17.511277 7.761853 11
37.634857 17.561377 8.643253 3
36.885998 17.000177 9.033753 5
37.190237 16.127977 8.834553 3
37.708947 15.443477 9.257553 8
38.266384 14.826377 9.913453 3
38.445815 13.930177 9.708353 9
38.004341 13.338877 10.241353 1
37.880724 14.097477 10.811653 14
37.726304 15.113477 10.808253 3
38.626145 14.899277 10.968253 10
38.486635 15.832677 11.053653 12
37.66289 15.867977 11.640153 3
38.070208 15.065577 11.924853 3
38.704505 15.408277 12.509753 3
39.555295 15.069677 12.946953 15
39.841185 15.777677 12.259553 4
40.477015 16.264777 12.814753 1
41.051035 17.011677 13.127553 6
41.399515 16.733577 13.976253 3
40.512215 17.094477 13.928953 6
39.848765 16.675977 14.466453 4
39.425055 17.456177 14.249653 13
39.783885 17.675877 13.295853 6
38.905045 17.234277 13.349253 9
38.383325 16.614477 12.825753 3
38.25454 17.145977 12.052153 9
38.420975 18.064677 12.472053 9
39.315535 17.807777 12.220853 6
39.435745 18.651577 11.755353 5
39.393535 19.118277 12.601553 3
40.386385 18.915577 12.660253 6
40.330835 19.895177 12.393853 3
40.679885 20.234977 11.555853 1
39.840995 20.700777 11.943153 3
38.915365 20.941277 12.153753 3
38.362365 20.173277 11.802253 9
38.156483 20.954877 11.289353 1
37.900286 21.925977 11.581653 3
37.081391 21.348577 11.885953 1
36.457253 20.667177 11.911353 9
35.472615 20.669677 11.567053 10
34.605275 20.617677 12.023653 1
33.839875 21.125377 12.273553 1
34.084065 22.009377 12.468253 5
33.452185 22.641477 12.054653 3
33.894045 23.420077 11.740553 5
33.808995 23.563077 12.692253 13
34.181105 23.393477 13.538253 8
34.679385 24.161877 13.902953 6
35.343185 23.530677 13.547353 3
34.984165 22.715877 14.058353 4
35.212735 21.887577 14.485753 15
36.153315 21.803077 14.460553 4
36.938611 21.345777 14.181053 3
36.976511 20.379377 14.038153 9
37.50307 20.453477 14.853653 3
38.446715 20.612977 14.975553 3
39.013835 20.989977 15.786553 5
39.524995 20.803577 14.993353 3
40.028195 19.986977 15.119853 8
40.051255 19.084177 14.781153 8
40.039435 18.695277 13.889153 6
39.304445 19.278777 13.715453 3
38.715925 18.583577 13.474153 13
37.956277 18.702377 12.975253 9
37.137886 18.973677 12.577453 9
36.949515 18.721177 11.700653 9
36.366439 18.745577 10.852853 4
36.28172 18.593177 9.912653 5
35.592565 19.252877 10.129953 3
35.462215 19.838277 10.843153 1
35.943895 20.569177 10.395053 13
36.526281 20.019977 10.945053 9
37.054938 19.681977 10.214253 3
37.534499 20.467677 10.583653 3
37.863725 19.505677 10.960353 9
38.788215 19.687377 10.714153 14
39.671335 19.814777 11.018553 3
40.155445 19.281377 10.372353 1
40.377145 18.325877 10.183453 10
40.778385 18.860077 9.529453 1
40.093805 18.466077 8.929453 6
40.281575 17.534977 8.730653 3
40.972195 17.444877 8.062653 10
41.099185 18.272677 8.542353 1
41.858185 18.882977 8.886053 3
41.926095 18.398477 9.733253 6
42.399155 17.954877 10.437453 3
42.800375 18.591977 11.115953 15
41.833275 18.619477 11.362053 3
41.281695 18.459677 12.154053 6
41.597425 17.596277 12.659853 6
41.443605 16.892777 12.039053 3
40.646905 17.235677 11.457153 6
40.223735 16.381977 11.107953 5
39.627745 15.638777 10.906253 8
39.777495 15.771577 9.959053 9
40.059395 16.385777 9.167653 3
39.595835 17.167077 9.526153 11
38.982395 17.483277 10.211553 10
38.913665 17.919177 11.088353 3
38.029272 17.933477 11.460353 9
37.735751 18.151577 10.568953 3
37.181042 17.958077 9.889353 5
37.939781 17.405477 9.755353 6
38.069113 17.149877 10.640953 13
37.087811 17.144077 10.557753 5
37.369278 17.161577 11.502253 4
37.370707 16.783977 12.394553 9
36.687269 16.021777 12.343753 3
36.662968 15.324577 13.042553 3
36.477238 14.562077 13.612353 8
37.03344 14.056077 14.193353 3
36.419842 14.263977 14.885653 1
36.7737 14.140977 15.810353 1
37.338049 13.468977 15.241353 9
37.913459 14.107977 14.717053 1
38.240765 14.990577 14.468853 3
37.805231 14.807077 15.411853 1
37.110552 15.441877 14.985353 3
37.827036 15.967477 15.399053 4
37.440381 16.817377 15.597953 1
36.650912 17.383177 15.734253 10
36.342439 17.980877 14.991453 5
36.584502 17.742577 14.072653 3
36.916367 18.354477 13.344653 9
36.607668 17.550377 13.040153 9
36.120875 16.853677 12.577953 3
36.411644 17.452477 11.894253 9
35.546275 17.027777 11.488753 3
34.714175 16.747677 10.953153 6
35.010445 16.396877 10.066253 5
34.874185 15.392477 10.094353 6
35.396885 14.631277 10.395653 15
35.945175 14.853677 11.212853 3
36.633529 14.770377 10.502053 9
36.509995 15.694077 10.947053 3
36.275552 16.531077 10.547853 5
35.513095 15.926377 10.792453 3
34.906145 15.497277 11.356853 1
34.397335 16.197977 11.737153 6
34.855215 16.376477 12.567753 3
34.747705 17.211377 13.046753 6
34.377005 16.533077 13.670953 10
34.266565 15.590077 13.599353 1
35.124165 15.134577 13.667753 3
35.276075 15.905877 14.212153 5
35.738315 15.801777 14.970153 13
36.293425 15.560377 14.143553 3
36.162135 16.462877 13.970453 6
36.940637 16.145177 13.564453 3
37.060611 16.696577 14.336753 13
37.88578 17.083777 14.805253 4
38.207298 16.827477 13.897053 9
38.976455 16.196677 13.810953 4
38.043529 15.840177 13.795553 3
38.223796 14.985177 13.407053 3
38.366685 14.242477 12.697153 14
37.455508 14.599077 12.755053 3
36.967347 13.944077 12.197053 8
36.225055 13.541577 12.705953 13
35.747175 14.032977 12.061153 12
35.934475 14.929977 12.467553 3
35.042675 15.249077 12.598353 3
34.526055 14.688977 12.050053 4
33.597375 14.745577 11.716553 11
33.285965 15.666177 11.546853 6
33.086725 15.803277 12.505853 9
33.578825 16.624777 12.315853 6
33.544805 17.002277 13.180053 3
33.907375 17.852077 13.636353 1
33.872535 18.765977 13.535753 3
34.277435 18.519877 12.572853 1
35.069415 18.023177 12.457553 6
35.301365 18.952177 12.597053 9
35.485555 18.754277 11.663253 9
34.692985 19.192477 11.390853 3
34.204095 19.979777 11.033553 4
33.623605 20.604077 10.567753 10
33.936695 20.293477 9.745153 1
34.564585 20.317377 9.046953 1
34.916145 19.706577 8.442253 6
34.780935 19.117377 7.583653 3
34.874945 19.903177 7.033753 10
35.406555 19.158977 6.703553 8
35.904845 18.376377 6.666253 9
35.607525 18.261677 7.602453 5
34.692805 18.047477 7.375353 3
34.613075 17.084477 7.463253 3
35.321235 16.559977 6.814053 1
35.862025 16.761377 7.608353 5
36.443076 16.212077 7.023353 3
36.272535 15.267377 6.966453 13
35.731855 15.703677 7.711353 8
35.585165 14.816177 7.665553 5
34.686015 14.941677 8.138253 15
33.705595 14.973577 8.203853 1
33.914475 15.586177 7.550553 9
33.641065 16.498977 7.885053 3
32.839835 16.948377 7.648053 10
32.990815 17.787877 7.993253 3
33.210165 18.193177 8.860753 3
32.860655 18.692977 9.547253 13
32.403945 17.884277 9.803153 6
31.584285 17.871977 10.330353 9
30.891635 18.064177 10.994753 3
30.866205 18.510477 11.862053 9
30.987155 17.771477 12.497053 13
30.953195 16.781177 12.554653 11
30.374685 16.159877 12.250453 13
30.641825 16.833577 11.603553 9
31.455045 16.563077 11.147353 3
32.416655 16.666777 11.375053 6
32.396355 17.615677 11.366253 5
33.340245 17.621477 11.637353 6
34.056805 17.793877 10.951653 6
34.028005 18.079277 10.039253 8
34.212955 18.252577 9.096453 3
34.933875 18.153777 8.389553 3
35.652455 17.943177 9.063553 5
35.613365 17.020977 9.015753 5
34.707375 16.669777 8.869053 3
33.987935 16.119677 8.867653 4
33.573555 16.966277 9.187853 3
33.929705 16.762977 10.085353 6
33.144175 16.169277 10.213053 6
32.407005 15.921477 9.588753 15
31.567855 16.148977 9.069453 10
31.134505 16.831977 8.598053 1
30.461425 17.260477 8.176153 1
30.863075 17.748577 7.431753 10
31.699565 17.832977 6.944153 3
31.377525 17.607577 5.984453 1
32.190085 17.464177 5.525353 4
32.702205 16.985577 6.234053 1
33.568055 17.594577 6.311453 1
33.833675 17.645277 7.211053 3
33.886575 18.568677 6.892353 3
33.291535 19.192777 6.360753 1
33.158445 19.140277 7.363253 3
33.022365 19.220477 8.343053 3
32.398845 19.940877 8.055353 1
32.662205 20.831877 7.483553 14
31.813465 20.592577 6.926653 3
31.491175 20.878077 6.074153 12
30.916315 21.279477 5.422453 9
30.832315 21.759377 6.206553 9
29.946015 22.115677 6.486153 4
29.031635 22.229777 6.202953 10
28.653755 23.084377 5.936253 6
29.088275 23.926577 6.027053 3
28.867375 23.795377 5.114653 4
28.670175 24.305977 4.334753 5
28.060715 24.345277 5.275953 11
27.341825 24.692177 4.733653 5
27.273345 25.620377 4.734253 3
26.583805 25.026177 4.164853 9
26.738805 25.647577 3.409053 10
26.072005 26.437877 3.441353 4
26.046705 27.242777 3.934653 4
27.005905 27.456977 4.104153 1
26.859805 27.611877 5.064553 6
26.539705 28.104777 5.876053 10
26.729905 28.887577 6.271953 10
27.170505 29.463377 5.621353 13
28.086775 29.136577 5.716453 13
28.426505 28.265377 5.472953 6
28.162265 28.835677 4.756053 13
28.458335 29.252577 3.982053 10
27.861465 28.600977 3.650953 8
28.236595 28.425077 2.806553 9
28.781555 28.393277 2.049353 3
27.951685 28.041677 1.679053 5
27.455185 27.211577 1.517753 6
26.730205 27.303477 2.192453 4
26.282605 27.862777 1.554153 13
25.407505 27.464477 1.756753 4
25.059705 27.997177 1.081553 3
24.258805 28.432877 0.896753 10
23.634605 27.697777 0.674453 1
23.530805 27.686377 1.678153 4
22.559405 27.626277 1.454453 5
22.540405 26.641577 1.692053 1
22.758505 27.126677 2.490853 3
23.478805 26.549477 2.317853 13
24.123405 26.617077 3.085153 4
24.693905 25.894377 3.377653 13
24.628705 26.133977 4.276953 4
24.015105 26.838577 4.754753 11
24.112705 27.362077 3.941253 4
24.832805 27.542877 4.559753 4
24.799505 27.453277 5.509053 11
25.643405 27.692577 5.960653 10
24.836605 28.137477 6.439653 10
24.454105 27.298477 6.731153 11
25.399105 27.392077 7.002853 10
26.364105 27.273077 7.058553 10
26.138005 26.315677 7.258853 9
25.866605 25.353777 7.285253 6
25.542805 24.404277 7.382153 4
26.095605 23.739177 6.999253 8
26.494705 22.888477 6.724953 3
26.934405 22.261977 7.260753 1
26.089805 21.819677 7.298853 6
26.032405 22.234577 8.154053 10
25.687505 23.195677 8.232053 4
24.811805 23.120677 8.456153 3
23.876505 22.869177 8.514653 5
24.330405 22.359677 9.146853 1
25.018105 21.671377 9.075353 13
24.938105 21.490177 10.087153 10
24.464605 20.600677 10.141353 13
24.156705 20.860677 9.285153 1
23.302505 21.306277 9.555353 10
22.480805 20.833877 9.502953 5
22.450105 20.279077 8.668753 6
23.110405 19.695477 8.120253 13
22.724805 18.896577 7.793553 4
23.039705 19.097377 6.924553 9
22.256605 19.521177 6.555353 10
22.134105 19.702777 7.478853 12
22.121305 20.594177 7.157753 9
21.493405 21.174877 6.684853 1
22.319105 21.673477 6.993453 4
23.133505 22.155377 6.828753 8
22.955905 21.676977 6.053653 13
22.774705 22.319977 5.308053 4
22.714105 23.050977 4.702453 6
22.479705 23.938477 4.761153 15
22.759605 24.826177 5.095553 4
23.263805 25.638477 4.979453 3
22.739205 26.236377 4.455153 1
22.840105 26.928277 5.140853 11
23.095605 27.602177 4.466453 3
23.418105 28.237577 3.802053 4
22.641205 28.043477 3.342553 4
21.856705 28.482077 3.709153 5
21.061305 28.158277 3.055253 10
20.550105 28.564177 2.360253 10
20.519105 29.477177 2.520553 4
20.206005 30.326677 2.362853 3
19.759905 30.645777 3.179453 1
19.882505 31.459577 3.681053 13
20.257705 32.288877 3.325753 13
20.861405 32.705877 2.710053 2
21.455305 33.197377 3.416553 15
21.411205 33.805577 4.178253 13
21.782805 34.394977 3.479353 10
22.248205 34.890977 4.183153 9
22.700905 35.774977 4.207553 1
22.202205 36.500777 4.560453 1
21.972005 37.126847 3.779553 4
22.251305 37.571627 2.860353 1
22.699505 37.018547 2.232953 10
21.745605 36.728877 2.312853 1
21.018205 37.428477 2.257353 4
21.368605 37.940407 1.549953 1
21.394505 36.999867 1.189453 6
22.167505 36.375777 1.229053 3
22.931205 36.746277 0.716953 1
23.412505 36.349677 -0.056847 6
24.003805 36.665277 0.681753 10
24.930105 36.585377 0.812753 11
24.888705 37.043677 -0.033147 8
24.165905 36.859007 -0.626147 5
24.735705 36.347477 -1.243747 4
25.550205 36.187877 -1.669547 13
25.649705 35.910777 -2.547047 10
25.772405 36.459177 -3.324147 8
25.122605 36.059377 -3.916847 10
24.621805 35.575277 -4.539847 13
23.825405 35.080677 -4.257547 5
23.328705 34.259077 -4.361747 4
22.980305 34.394877 -5.252147 10
22.638505 34.174977 -6.144947 1
23.602505 34.257077 -5.995147 3
23.619505 33.293077 -6.091047 13
23.441505 32.848677 -6.880847 6
23.266305 32.650677 -7.792447 9
23.153205 32.927077 -8.700247 4
23.867205 32.630377 -9.275247 11
24.434505 32.079177 -9.756447 1
24.285105 31.335777 -9.168347 10
23.816905 31.368277 -8.313147 4
23.205505 31.039677 -8.997047 13
22.418405 30.565077 -9.252047 11
21.513805 30.654277 -9.089847 4
22.003305 31.062277 -8.362547 3
22.105705 30.503677 -7.521347 15
21.517905 31.295677 -7.399847 4
21.837205 31.685377 -6.532647 6
22.480105 30.924777 -6.483647 5
22.459405 31.199977 -5.561247 10
22.562305 30.423577 -5.091947 4
23.279705 30.051177 -5.526647 10
23.265005 29.194577 -5.179547 3
22.428105 28.893377 -4.735447 13
22.638005 29.260777 -3.838047 9
22.677505 28.561977 -3.073547 12
22.898805 27.640977 -3.089347 10
23.639805 27.175277 -2.625347 8
23.072805 26.883977 -1.900347 13
22.419605 26.496777 -1.387747 4
22.622905 25.622377 -1.823647 5
22.750405 25.367877 -0.883147 6
21.958405 25.037677 -0.414147 1
21.209905 25.212077 0.309453 13
22.067005 25.781977 0.350053 3
22.944405 26.157777 0.321353 1
23.634505 25.412477 0.511453 4
24.494805 25.728877 0.261653 1
24.933605 25.880177 1.114453 10
24.580005 26.704177 0.764653 1
24.331005 27.029877 1.627653 1
24.714705 27.149777 2.426153 4
25.274405 26.399477 2.560553 4
25.890805 25.647177 2.277153 1
25.186905 24.896177 2.302053 1
25.463205 25.333477 3.116053 15
25.584805 24.733777 3.849953 3
24.675805 24.656677 4.092853 4
24.563805 24.402877 4.973053 10
25.057505 23.648377 5.347053 6
25.303705 23.700777 6.263853 13
25.329905 24.672777 6.334553 4
24.912305 25.308977 5.752553 3
25.005405 25.891077 6.502353 11
25.106305 26.206977 7.420253 5
24.976805 26.960577 8.039953 10
24.825305 26.223777 8.676653 6
25.732205 25.935077 8.537553 4
26.363505 26.711577 8.255453 10
27.224105 27.129477 8.290153 9
27.375955 27.717877 7.529153 11
26.736205 28.463477 7.708253 10
27.432325 28.884777 7.164453 1
27.974495 29.634877 6.868953 13
28.785715 30.228577 6.812253 13
28.746765 31.169277 7.178753 3
28.351245 31.350877 6.298953 13
28.898975 32.120677 5.910253 4
29.778355 32.077877 5.596553 6
30.544755 32.669677 5.536253 8
31.342425 33.120177 5.375053 10
30.681445 33.858077 5.408053 4
31.342505 34.335077 4.821953 10
31.075545 35.186177 4.399953 4
30.385995 34.615577 3.975253 6
29.731205 34.572877 4.670653 12
29.485705 34.753277 3.760453 8
29.075205 33.898277 4.079953 10
28.120385 33.799677 3.711053 4
27.555795 33.374877 4.383353 10
28.287995 32.645477 4.523353 1
27.813095 31.752977 4.620253 3
27.589805 31.051277 5.205553 13
26.709205 31.526577 5.105953 13
26.847105 31.215677 4.206153 1
25.991305 30.835477 4.194253 5
25.367305 30.114677 3.859153 4
26.159205 29.629677 3.870853 1
26.923005 29.917677 4.402753 13
27.197705 29.424177 3.505753 1
27.242105 28.979677 2.664153 10
26.326505 28.859477 2.309653 9
25.484805 28.440677 2.691253 4
24.748405 27.935777 3.076253 4
25.497205 28.119977 3.660853 4
26.267805 28.365177 4.181953 9
25.968405 28.388377 5.096353 10
25.323505 28.797577 4.530653 4
24.680905 28.719777 5.215053 10
23.852905 28.334577 5.466653 10
22.936805 28.073877 5.689053 11
22.182005 28.445477 5.204853 10
21.419205 28.026077 4.832353 9
21.206805 28.974577 5.002553 6
21.623605 29.927577 4.784853 15
21.614105 29.746477 3.845053 6
20.830705 30.334877 3.683353 4
21.135905 31.053877 4.246053 3
20.714105 31.872877 4.413853 13
21.445505 32.426577 4.733353 13
22.264905 32.482977 5.276353 9
23.064505 31.951077 5.099953 1
23.541905 32.813977 5.121753 3
23.355905 32.983577 4.181953 4
23.904605 33.310277 3.480253 5
24.401205 32.944577 2.728853 8
25.385105 33.071177 2.772753 10
24.971205 32.288177 3.158153 5
25.080305 31.476177 2.656153 10
24.356205 31.466377 3.297653 5
23.716805 30.820877 2.939353 4
23.322505 31.490277 2.364453 7
23.118105 31.285477 1.481753 13
23.350305 30.382177 1.861853 4
24.185905 30.529077 1.427953 10
24.384305 30.937077 0.567553 6
24.552705 31.471577 -0.281847 3
24.163305 32.284577 0.048153 12
23.245005 32.069377 -0.261247 4
23.027205 33.022077 -0.283947 1
22.171005 33.014577 0.149153 1
22.251905 33.641677 0.804453 10
21.571805 34.259477 0.369553 1
21.026005 33.480277 0.222953 4
20.184305 33.637477 0.669753 10
19.339005 33.978177 1.017153 4
18.657905 34.090077 1.717653 1
18.247005 34.230077 2.571453 6
19.040905 34.540277 3.059753 1
20.006405 34.517177 3.452053 10
20.327205 33.658377 3.290653 11
19.667705 33.540177 4.110353 13
19.990205 33.353577 4.959353 13
20.865505 33.531477 5.181153 13
21.162505 33.121677 5.980853 13
21.847805 33.229677 6.605553 10
21.891105 32.883177 7.456253 8
22.105405 32.144477 7.979053 4
21.412305 31.624677 8.518153 4
21.089805 31.718077 7.535553 14
21.193705 30.933777 6.988553 11
21.937005 31.583077 6.854153 3
22.512605 31.303177 6.151753 4
23.006905 30.438377 6.316953 10
23.631405 31.136477 6.517653 10
23.392405 31.715677 7.214253 15
23.292305 31.911277 8.265853 4
24.167305 32.187477 7.869953 6
24.211605 32.578177 8.751853 5
23.421605 32.664377 9.440753 4
23.171105 33.577377 9.967353 10
22.929005 34.522377 9.771853 10
23.889005 34.314177 9.909653 5
24.619205 34.526877 10.497453 13
24.990505 33.620177 10.682953 9
24.835805 33.270777 11.640953 6
24.698105 32.307377 11.734653 9
23.976605 32.262677 11.088653 4
24.015905 31.307777 10.838753 4
24.866605 30.869477 10.657953 3
24.422405 31.449377 9.981953 4
25.310505 31.486877 9.590553 1
26.073305 31.929877 9.252453 10
25.464905 32.398077 8.678053 1
25.666305 33.287877 8.980153 1
25.791405 33.955177 9.711253 10
26.110405 34.917877 9.780253 1
26.144305 35.256177 8.854353 4
25.678605 34.475077 8.428653 13
24.750605 34.748477 8.324853 8
25.107505 34.895177 7.453953 10
24.577105 34.064477 7.400453 13
25.218005 34.056977 6.607953 5
24.884805 33.304877 6.155753 7
24.700805 32.367077 6.089353 11
25.057305 31.526077 5.849553 13
24.917305 31.060877 6.666453 6
24.533205 30.428577 7.217953 10
24.250405 30.083577 8.090653 10
23.845205 30.992977 8.101853 6
24.221905 31.481277 8.820753 3
23.312205 31.409177 9.201353 4
22.488605 31.235177 9.642553 4
21.645105 31.659477 9.464153 4
21.055205 31.924877 10.130053 12
20.564205 31.447277 10.745953 11
21.194505 31.344477 11.481853 4
20.240605 31.336277 11.656553 13
20.483905 30.927477 12.477353 14
20.884705 30.565777 13.281253 5
20.858305 31.346177 13.818553 1
21.659705 31.193777 13.337753 5
22.552305 31.308177 13.139653 10
22.115905 31.166477 12.199553 5
22.083205 30.655677 11.291553 4
21.231005 30.199877 10.929853 10
21.189305 30.512477 9.977853 4
20.245005 30.354177 9.993153 1
20.093405 29.564577 9.467653 15
20.660605 30.072877 8.829753 4
19.731705 30.404877 8.587653 3
20.127405 30.309477 7.742153 10
19.759105 29.575677 7.240953 9
19.655605 29.917077 6.353053 10
20.200505 30.065177 5.542153 1
20.150305 30.776177 4.802453 9
19.741005 31.579177 5.136053 13
19.284405 32.276577 5.551453 13
18.298605 32.358577 5.896053 10
18.526305 33.191877 5.445653 1
18.680805 32.682377 4.600153 13
18.814905 31.941577 3.968653 4
18.654205 30.974977 3.949653 10
17.647705 30.858477 3.876153 4
17.580205 30.091077 4.357353 13
18.413705 29.898077 4.769453 6
19.197605 29.340277 4.606053 15
19.678605 28.831277 5.282853 9
19.701105 28.211177 5.979353 4
19.293905 27.341977 5.716653 8
18.987105 26.923977 6.528853 5
19.487405 26.548277 7.234353 11
20.217405 27.010577 7.555253 8
20.343105 27.693077 8.229953 6
21.004005 28.383477 8.240153 13
20.922605 29.384277 8.162153 3
21.443605 29.770377 7.396853 7
21.887205 30.377177 7.925453 4
22.520405 29.636977 7.493453 10
22.852405 30.059277 8.281653 10
22.812905 30.383477 9.245653 4
23.179605 29.683277 9.763053 4
24.146005 29.835577 9.800753 4
24.016805 29.581177 8.888253 10
23.706105 28.677977 8.834353 10
23.041805 27.981577 8.944553 13
22.168605 27.703477 9.158853 6
21.928305 26.793277 8.669753 1
22.748305 26.722077 9.176153 1
23.636905 26.357377 9.224953 10
23.290805 26.572577 10.137453 1
22.880305 27.448477 10.118653 1
23.823705 27.448377 10.317253 12
23.904205 28.255777 9.912853 10
23.744605 28.371577 10.877053 6
23.004605 28.609977 11.451853 1
23.247005 29.306677 10.843953 10
23.150005 30.208277 11.055553 4
22.852005 31.136777 10.932553 4
23.260305 30.883177 11.783853 10
22.959605 30.087977 12.253353 5
23.763605 30.307277 12.640553 13
23.751505 30.704977 13.522253 3
22.932605 30.288777 13.509253 5
23.236705 29.609577 14.237053 4
23.627405 28.729977 14.570553 13
23.966805 28.959377 15.450653 10
23.962405 29.921177 15.664553 10
24.852305 29.748177 15.266753 4
24.760005 29.029277 14.648153 13
25.483605 28.581477 14.222453 15
26.111705 29.186977 14.588053 14
26.899805 28.751477 14.255453 15
27.809355 28.456777 14.463853 4
28.465055 29.095977 14.121053 6
28.160555 29.949577 14.655753 10
28.643865 30.102577 13.903253 4
29.389235 30.395977 13.203253 10
30.024395 30.202677 13.812953 4
29.907225 31.090077 14.156353 9
29.458835 31.500677 13.395953 11
28.806375 31.379177 12.750353 3
28.225735 32.067377 12.244053 4
28.198415 32.131977 11.284253 1
28.805145 31.993877 10.514053 4
29.449765 31.625577 9.928953 7
29.707815 30.703277 9.993553 1
30.535215 30.385777 9.664553 13
30.657215 30.596877 8.693053 10
30.499285 31.550677 8.882153 8
31.497905 31.545477 8.827053 4
31.362115 31.569677 7.865753 10
31.284045 31.698377 6.894153 9
32.085305 31.669677 6.237653 10
32.034965 32.164677 5.444453 4
31.194745 31.701977 5.325453 10
30.859685 31.176777 6.096653 7
31.160315 30.475077 5.479153 5
30.777805 30.010477 4.707953 9
29.876565 29.877277 5.124853 8
28.966445 29.878377 5.408553 13
29.063495 30.141477 4.509553 6
28.415045 30.777877 4.213553 13
28.170825 31.132277 3.312653 11
28.378985 30.636977 2.518153 13
28.528635 29.804477 2.032953 10
28.270995 29.774277 1.159153 3
27.415735 29.670277 0.759153 1
26.727105 29.005577 1.062553 10
25.837805 29.195177 1.331553 1
24.876705 29.175077 1.421053 4
24.820805 29.383977 2.381953 4
24.704805 30.174577 2.880553 4
25.658605 30.417377 2.681653 1
26.537305 30.737777 2.875453 1
26.125205 31.465177 3.311153 5
26.181705 32.240477 3.987853 10
25.440705 32.655477 4.392453 5
25.890505 32.314277 5.165353 1
26.385505 32.336277 5.985453 13
26.370705 32.045377 6.902453 13
26.279805 32.658477 7.672753 4
25.505805 32.125077 7.315853 6
26.033805 31.506777 7.826053 6
25.999705 30.529277 7.448753 10
26.682805 31.090677 7.065753 13
27.023005 30.537977 6.389953 13
26.940405 29.759077 6.960653 7
26.103605 29.398677 6.950153 10
26.001005 30.146277 6.315953 13
25.956805 29.677277 5.457053 6
25.027105 29.825477 5.776853 10
25.548305 30.584077 5.434053 13
24.873405 30.748577 4.802453 4
24.288605 31.437277 4.560353 5
23.392505 31.048077 4.508253 15
23.565305 30.364477 5.199353 9
24.124705 29.651677 5.220953 10
24.624705 29.535877 4.403853 4
23.887305 29.286877 3.768753 4
24.017005 28.659477 3.061053 4
23.495605 28.736577 2.239953 4
23.258205 29.116777 1.334353 10
22.847405 29.406577 2.125253 4
22.668205 30.062877 2.836053 4
23.087205 30.125877 3.696553 4
22.603705 30.001277 4.505953 6
22.398805 29.955277 5.516153 9
23.224005 29.524077 5.797853 10
23.388005 29.367277 6.776053 10
22.566805 29.107777 6.469653 12
22.477805 28.201477 6.743153 11
23.356605 27.927277 6.629053 11
23.914105 28.577677 7.105953 10
24.275505 29.512377 7.141353 10
25.171205 29.856277 6.776253 3
25.139905 28.942277 7.062953 10
25.673705 28.751977 7.807753 10
26.318805 29.365977 8.170653 1
25.961005 29.293677 9.035153 1
25.139405 29.678377 8.809653 10
25.072905 30.413777 9.362453 1
25.509705 30.638377 8.503853 10
26.362805 30.838077 9.010253 7
27.005205 30.263877 8.596953 4
27.250205 31.111377 8.175153 13
28.127095 30.854177 8.259053 7
28.051715 31.800277 8.004053 7
27.424395 31.797177 7.217353 13
27.707145 32.691277 7.482953 4
27.827135 33.458577 6.984153 10
27.815945 34.351977 6.751853 4
28.274285 34.733077 7.501053 10
27.553615 34.277277 8.001353 5
27.303095 34.372577 8.907653 7
26.923105 34.010077 9.754453 4
27.367875 33.235277 9.515153 1
26.903505 32.703677 10.219653 8
27.271205 31.855477 10.670053 3
26.506905 31.594077 11.210453 5
26.399205 31.247677 10.350153 4
26.132605 30.448777 9.847153 1
26.816105 29.714577 9.527253 12
26.920505 28.738277 9.593053 4
26.245805 28.301077 9.033153 9
25.340505 28.458477 8.647553 10
24.505805 28.022177 8.746253 10
25.121805 27.333077 8.947753 13
25.155405 27.596477 9.854353 7
25.386405 28.406877 10.246653 10
25.052005 28.266977 11.166853 6
25.146105 28.555577 12.081553 1
25.594205 29.093677 12.671053 9
25.622705 29.332677 13.592553 1
25.506705 30.193777 13.950153 4
25.469205 30.566177 14.836153 5
24.772205 31.264577 14.888653 11
25.127405 31.365677 15.804153 15
24.239205 31.857077 15.831453 13
23.469205 31.187577 15.994653 10
23.254005 32.038377 16.248653 3
23.068805 32.087477 17.178653 10
23.708605 32.735077 16.911653 4
22.884505 33.021977 16.593853 10
23.243105 33.865177 16.852253 13
22.657105 34.534877 16.466853 11
23.183105 34.183377 15.726653 15
22.601305 33.580777 15.212853 4
22.008805 33.854777 16.007453 13
21.332105 34.274777 15.337253 10
20.743405 35.010277 15.219053 3
20.968405 35.767077 14.629753 4
21.087905 35.256977 13.789653 1
21.439505 35.298477 12.901253 1
21.702205 34.386877 12.974353 8
22.590205 33.981077 12.955853 1
22.578305 34.193577 11.922453 10
22.170105 33.344577 12.082353 4
21.717305 33.359077 11.205453 10
21.660205 32.390677 10.902153 4
22.289405 32.357977 10.218653 4
22.834505 32.955277 10.775353 10
23.006705 32.261377 11.390353 1
23.181405 32.432877 12.328053 7
23.581805 33.318677 11.929953 6
23.446805 34.026177 11.336153 4
23.197905 34.766277 10.797253 10
22.706305 35.496577 10.784353 7
22.144905 34.889877 11.256853 10
21.424905 35.085477 10.614653 5
21.828105 34.594577 9.935153 10
21.276705 34.829277 9.157053 6
21.693005 34.148277 8.653553 7
22.615405 34.076677 8.236853 5
22.398305 33.250377 8.750053 4
22.271505 33.665577 9.651253 10
21.701605 32.881977 9.415753 4
20.935705 33.023077 9.941353 10
20.023005 33.018277 10.346153 9
19.216605 32.716677 9.849453 1
19.042005 33.027977 8.936853 10
18.174005 33.236377 9.311653 1
17.257605 33.187677 9.074253 10
17.132305 33.146677 10.023953 13
16.898605 32.213677 9.891953 4
17.472605 31.443077 9.856153 7
18.358205 31.214577 9.601753 13
18.423105 30.293377 9.955353 3
18.501505 29.517677 10.534153 1
17.588105 29.666777 10.802453 1
17.133805 29.258577 11.501453 1
17.419005 28.372477 11.717653 4
18.093705 27.958177 12.289953 13
18.666305 27.932877 11.354353 9
19.272705 27.932277 10.548853 4
19.890605 28.046177 9.782553 8
20.097005 27.053677 9.528053 3
20.548005 26.463977 8.824353 10
20.560305 25.588477 8.379353 4
21.435105 25.345777 8.044853 10
21.318905 26.030277 7.366053 8
21.594705 26.738477 6.691553 11
22.347905 26.107877 6.990653 13
21.688705 25.459477 6.653053 4
21.614805 25.370077 5.652853 10
22.504105 25.589677 5.894553 4
23.197905 26.264677 5.839053 11
23.524105 26.608077 6.715353 11
23.975205 26.586177 7.581853 7
23.505705 27.221577 8.109253 4
23.690605 28.144977 8.071453 10
22.895905 28.429977 7.672453 4
22.021105 28.679877 7.866553 1
22.702105 28.925777 8.564353 10
22.562405 28.842577 9.506153 5
21.868905 29.520677 9.513253 4
21.153405 29.277477 10.118453 6
21.987705 29.037277 10.439653 7
22.132205 29.651677 11.161453 4
22.012305 29.345777 12.120953 5
21.489705 28.553077 12.558453 6
20.637305 28.175477 12.921853 1
20.633705 29.134177 12.995853 13
21.480605 29.399677 13.382753 5
21.411605 28.373377 13.548953 9
21.947605 28.636677 14.408753 13
22.239505 28.749477 15.358053 15
22.481905 29.694677 15.312653 9
22.896605 30.199577 16.010253 10
22.742805 29.931277 16.905053 10
21.877205 30.260177 16.786453 13
22.203705 30.510177 17.661553 10
23.156405 30.385877 17.709653 10
23.680605 31.166077 17.425453 10
24.572905 31.696677 17.301753 15
24.792805 30.787977 17.104053 15
24.261105 30.173577 17.752453 10
23.592905 29.495177 17.510853 10
24.375105 29.410377 16.971253 10
25.244005 29.438777 16.463153 12
25.075705 28.782477 15.797853 4
24.326205 28.525377 16.370853 10
24.617105 27.613477 16.195853 7
25.488605 27.405777 15.877453 4
25.214805 26.615877 15.273153 7
25.106905 26.174377 14.418453 1
25.646305 25.303077 14.260753 1
26.492105 24.944977 14.466853 1
26.452605 24.014277 14.425153 3
25.933405 23.202677 14.116853 7
25.454905 23.803877 13.534053 10
24.610905 24.167077 13.216753 7
23.680105 24.346377 13.489353 4
23.076605 23.949577 14.111053 12
22.313105 23.407477 13.873653 13
21.982305 23.787777 14.665153 11
22.809705 23.459877 15.135253 10
22.994905 23.638777 16.031553 1
22.499705 24.475077 16.228353 7
23.134905 24.508377 15.577653 14
23.714605 25.233077 15.335353 11
24.444305 25.579377 15.939753 4
24.525205 25.881977 16.808153 13
24.906705 25.995677 17.738453 6
25.485105 26.371177 17.085153 9
26.068705 27.084077 16.814753 7
25.323105 27.681277 17.047553 4
24.947805 28.546777 17.245953 10
25.882505 28.455677 17.705653 7
25.681505 28.108577 18.627453 12
25.481305 29.032277 18.562353 10
26.331705 29.594177 18.605053 14
26.435405 28.736277 18.963553 7
26.192705 28.097677 19.684353 12
25.926505 27.396577 20.290653 12
25.218605 26.755377 20.502153 7
24.644605 27.520377 20.663553 12
23.696705 27.756077 20.526553 10
22.774805 27.625077 20.892053 4
22.655405 28.042677 19.972853 4
22.164805 28.816377 19.720953 7
22.651405 29.438377 19.119953 10
21.985005 29.796677 19.754353 4
22.395005 29.461777 20.577353 13
23.078505 30.196577 20.697153 1
23.989605 30.530177 20.640553 7
24.423705 30.855577 19.785853 7
23.739405 30.224877 19.564453 10
22.808505 30.522177 19.580953 1
22.662605 30.456977 18.641753 10
22.112805 31.154377 19.033053 1
23.046905 31.375477 19.110053 10
22.943905 32.115277 19.758253 7
22.524305 31.820377 20.569453 1
21.533205 31.763177 20.588853 10
21.094305 31.246177 19.871953 7
20.695405 30.931877 20.700853 4
20.836605 30.629977 21.554953 3
21.469705 30.068677 21.177053 1
21.149805 29.148977 20.983953 4
20.889005 28.163877 20.789753 1
20.244105 28.655877 21.239953 11
19.590505 28.501277 21.905353 15
19.712905 29.301377 22.510253 12
18.876305 29.674377 22.843653 7
18.647005 29.129877 23.632753 10
17.942405 29.348277 24.211453 14
17.492605 28.688277 23.708653 4
16.586005 28.454377 23.309353 10
15.974105 27.986477 22.710053 9
16.484905 27.669977 21.915353 7
16.873505 28.397977 21.462553 5
17.370305 28.134977 22.298253 1
17.829605 27.859377 21.491653 11
18.449005 27.043677 21.520353 7
17.989505 26.596177 20.766653 10
18.465605 26.404677 19.924653 13
18.659305 26.687677 19.044753 10
18.894405 27.414477 18.453853 12
19.622605 27.754977 17.882153 10
18.818505 28.204077 17.408953 10
17.884505 28.631777 17.424953 9
17.170105 29.164077 17.820953 7
16.463505 29.766277 17.519253 7
17.359205 30.043677 17.337353 7
16.869705 30.908277 17.343253 10
16.478705 31.050077 16.468553 15
16.328505 31.786077 16.963553 14
15.855405 32.610677 16.860153 14
15.248205 32.300077 17.584853 1
14.896005 31.672477 18.156953 1
13.997805 31.253677 18.211853 1
13.451305 31.834977 18.783253 12
13.251905 32.695777 19.095353 7
13.137505 33.562777 19.387853 1
12.609405 33.628377 20.151153 7
11.943905 34.363977 19.932553 7
11.859105 34.960277 19.152853 4
12.789905 35.011077 19.306953 10
13.402305 35.632477 18.843353 1
13.132305 36.335277 19.492953 4
13.820005 37.123767 19.403453 10
14.219405 37.968007 19.530753 1
14.898905 37.338317 19.164553 13
15.706705 36.780177 19.452853 10
16.511905 37.118107 19.860853 10
16.748505 36.187977 19.967553 11
17.757905 35.918977 19.786853 12
18.391505 36.523877 20.050153 8
18.844305 36.620677 20.861253 10
18.985705 36.498377 21.811953 7
18.787805 35.610977 21.540253 12
19.740505 35.622277 21.464253 4
19.584405 34.929677 22.218553 7
19.060105 34.127077 22.488453 1
18.682805 33.392977 22.018853 4
18.200005 32.945177 21.314053 7
18.491505 32.342377 20.585953 11
18.331605 31.435777 20.406553 6
19.187405 31.777777 19.982153 13
20.165905 31.999277 20.211753 10
19.961005 32.457577 21.015153 9
19.755505 33.388977 21.135853 1
19.945705 34.053777 21.757053 7
20.593705 34.482577 21.107153 13
21.531005 34.348077 21.134553 5
21.731905 34.403677 20.170353 7
21.018305 34.274177 19.655553 10
20.972005 35.190377 19.242453 10
20.031205 35.326377 19.097053 15
19.558705 35.985777 19.692353 7
19.406605 36.922377 20.052653 14
20.206605 37.410367 20.044953 11
20.903605 37.390387 20.808053 1
21.870105 37.443217 20.787153 7
22.147305 37.238187 19.914853 1
22.814905 36.940777 19.273053 4
23.311805 37.098397 18.443353 1
23.195005 36.523477 17.642253 10
23.944705 36.145477 18.120953 6
23.516305 35.437677 18.586453 1
23.275605 34.602277 17.984853 1
22.698205 34.100677 18.615053 1
22.822305 33.117177 18.715653 16
22.186805 32.428677 18.364053 10
21.934805 32.680677 17.332153 7
21.992605 31.727977 17.134053 10
21.108605 32.035677 17.066753 4
20.151005 31.889777 17.364253 7
20.143405 30.991177 17.792153 7
20.821905 30.919577 18.406153 11
20.925605 30.328877 19.166853 14
21.713705 29.796977 18.705853 10
20.829305 29.828477 18.318453 11
21.535205 29.812177 17.645853 10
21.908305 29.211777 17.038753 7
21.584105 28.393277 16.565953 1
21.578205 27.567277 16.105853 4
22.488405 27.823577 16.018953 7
23.164005 28.154277 16.565153 10
22.805705 28.677977 17.247053 10
22.392805 28.390377 18.050953 14
23.370405 28.697777 18.251153 10
23.363505 27.779677 18.288853 11
24.028705 27.947777 19.047353 1
24.516005 27.939977 18.203353 10
24.833505 27.215477 18.757553 12
24.829005 26.710077 19.566553 12
24.070605 26.488277 20.105753 13
24.126205 26.103277 20.962753 7
24.456205 26.629177 21.710953 7
24.348105 27.479577 22.097653 1
25.027205 28.044477 21.637853 12
25.155205 29.023577 21.551953 4
24.748205 29.688177 20.863753 7
24.181505 28.873677 21.023853 9
24.429105 28.599677 20.116753 12
24.345605 28.959577 19.214753 10
25.197305 28.989477 19.656953 12
25.101205 29.933077 19.726053 7
24.880305 29.984777 18.816453 10
25.395505 30.824377 18.615953 7
25.372105 31.460477 17.885553 15
25.218705 31.959377 18.719653 1
25.994705 32.472777 18.526353 15
26.138205 31.959777 19.391953 7
26.544205 31.150777 19.174753 7
26.768105 30.564177 18.424353 1
26.801105 31.498977 18.238653 7
26.405705 31.899277 17.533953 15
26.706605 31.440277 16.706253 15
27.111005 30.751677 17.132553 1
27.230205 29.827577 17.043053 7
28.133475 29.360477 17.025953 4
28.101735 28.793877 16.229853 10
27.569345 28.054277 16.630753 1
26.895305 28.435277 17.259153 3
26.800505 27.646677 17.856653 10
26.732105 27.714077 18.809553 12
27.341165 28.110377 19.436453 12
28.208965 28.529377 19.242153 7
28.958975 27.982177 18.950653 1
29.002325 27.133177 18.468253 7
29.623155 26.997377 19.180753 16
30.300265 26.601877 19.758653 7
31.074905 26.120577 19.377853 1
31.358985 27.058577 19.254653 12
31.152305 26.866877 18.325653 11
31.945915 27.160077 17.845053 1
32.876915 26.861077 17.618853 15
32.639585 25.933777 17.654353 10
33.401565 25.839677 18.248253 1
34.286965 25.652077 17.891953 16
34.756735 26.424777 17.524553 12
34.512575 27.188877 16.955553 7
33.593435 26.929077 16.723353 4
33.419925 27.769177 17.167753 1
32.672245 28.349577 17.279953 12
32.479675 28.408277 18.228653 7
33.406015 28.192077 18.451353 9
33.939165 28.124177 19.204753 7
34.107465 27.806777 20.108953 7
33.715455 27.518177 20.889853 5
33.548295 26.605577 21.207553 15
33.476575 26.575477 20.182853 1
33.072735 25.823977 20.519553 4
32.928075 25.016477 21.052153 7
33.435825 25.088977 21.911753 1
32.915175 24.414477 22.268353 1
33.563465 24.724177 22.891053 15
32.705065 24.940577 23.224153 7
32.755785 24.720577 24.200353 10
32.264075 24.967977 25.018453 1
31.737325 25.712577 25.340153 1
30.824125 25.457377 25.397453 1
30.745055 26.378877 25.619353 1
30.758445 26.372877 24.670253 1
29.821835 26.203977 24.833553 7
29.661685 25.797277 23.966553 1
29.224685 25.264277 23.250053 15
28.323765 25.708177 23.280853 15
27.914645 25.827277 22.447153 7
27.260505 26.519277 22.463953 7
26.616805 27.245577 22.365953 12
27.233305 27.620277 22.993753 11
27.102005 28.438977 22.402753 12
27.276885 28.889277 23.239653 7
26.845705 28.352977 23.894253 15
26.030405 28.870977 23.437953 10
25.830505 29.228177 22.607953 12
25.274405 29.687677 23.252553 10
24.888505 28.878877 23.491353 11
25.100305 27.977277 23.174753 12
24.477105 27.212677 23.117953 10
25.405205 26.842377 23.090053 16
25.301705 26.347577 22.313653 7
25.121305 25.690977 22.952553 7
24.897505 25.857877 23.932753 13
25.614405 25.212577 23.815753 16
25.941005 24.980677 22.977053 7
25.686605 25.383877 22.180553 7
26.223705 25.383577 21.371953 7
26.363905 24.847677 20.617653 13
26.010705 23.952977 20.877253 7
25.395205 23.223977 20.382353 9
24.683405 22.654777 20.161653 9
23.980505 22.370377 19.516153 16
24.410505 21.686577 19.002353 7
24.130205 20.831877 19.415753 13
23.436605 20.869077 20.041353 16
22.459605 21.062277 19.922053 12
21.507405 21.210777 19.802553 11
20.907005 21.799577 19.282753 1
20.719505 22.656577 19.638953 16
19.945605 22.123677 19.614853 7
19.277905 21.463077 19.810053 14
18.415705 21.772377 19.809353 10
18.809405 21.912577 20.754553 15
18.174705 22.242177 21.349753 12
17.882905 23.135177 21.366053 6
17.520405 23.113777 22.242353 4
17.968505 22.301177 22.372353 7
18.868605 22.439977 22.087353 7
19.726305 21.912777 22.188353 1
20.684905 22.064177 22.079853 1
21.384505 22.558977 21.515853 5
21.685605 22.814077 22.405653 7
21.374905 23.650577 22.030153 11
20.778205 24.372277 22.305253 15
21.558605 24.341877 22.863753 4
21.671005 25.391577 23.012653 7
22.414605 24.984477 23.459153 11
23.226105 25.177977 23.032853 12
24.190905 25.373477 23.017353 7
23.734905 26.202377 23.193353 4
22.954705 26.370477 22.688453 12
23.464805 25.658577 22.255553 7
22.756605 25.340577 21.717953 11
22.122405 24.860877 21.114453 1
22.766505 24.909377 20.367653 7
23.035505 25.828177 20.184953 10
22.427705 25.754177 19.369453 16
21.534305 25.375977 19.233153 16
20.629905 25.101577 19.258053 9
20.118105 24.311577 19.678653 15
19.517505 23.843877 19.011853 10
20.207605 23.185277 19.005753 7
21.135605 23.465677 18.725453 15
20.552305 23.156577 17.994853 14
21.307805 22.630877 17.641253 7
22.096205 23.104777 17.515553 1
21.857305 24.011777 17.789653 16
22.735005 24.024877 18.089653 10
23.182405 24.803977 18.474153 1
24.036005 24.470077 18.769153 10
24.667505 24.530377 18.085353 12
25.572605 24.313877 17.547753 7
26.432505 24.436777 17.158753 1
26.470905 23.435977 16.964653 12
27.297055 23.373677 16.428153 7
27.589535 24.305977 16.577853 16
27.967445 24.184977 17.466353 7
28.514595 23.981077 18.250753 1
29.241245 23.489977 18.632653 7
29.061275 24.314577 19.086353 1
28.132625 24.272577 19.316853 1
27.696375 23.592677 19.720253 12
27.089705 24.106577 20.190853 13
27.678315 24.698077 20.618653 13
27.079605 24.869677 21.376153 7
27.946905 25.155577 21.619153 7
28.783855 24.737377 21.461053 15
29.476675 25.263177 21.120253 9
29.491865 25.165277 22.110553 7
29.323985 24.229277 22.306153 15
28.694555 23.558477 22.098653 6
28.070715 23.844177 22.735153 15
27.346555 24.323677 22.193453 7
26.752005 23.739277 22.684853 7
27.016105 23.691477 23.685053 16
27.254405 24.650077 23.809753 4
27.430075 24.960177 22.952053 15
27.146005 25.808977 23.375053 7
27.481105 26.668577 23.767853 11
27.699185 27.001377 24.685853 11
27.652275 26.975077 25.652753 13
28.159075 27.027677 26.533753 1
28.245115 26.104777 26.423153 1
28.168425 25.966477 25.446653 16
28.598835 25.720177 24.667053 11
28.667315 24.727277 24.669553 7
29.076895 24.159377 25.422553 16
28.756865 23.492377 26.077453 12
28.856825 23.032477 25.171853 7
27.869885 23.154077 24.960853 12
27.440885 22.304177 24.838153 11
28.322275 21.836477 24.874853 9
27.919205 21.083777 25.194453 10
28.334885 20.257077 24.881953 7
27.965225 20.212777 24.041053 16
27.712685 19.739777 23.294453 16
27.392855 19.202677 22.531953 5
26.637505 19.438877 22.025453 16
26.701905 20.425477 22.161453 16
26.437305 21.352977 22.289853 12
26.608105 22.277077 22.144553 10
26.017005 23.030177 21.951053 10
25.282005 23.626477 22.116953 7
25.742905 23.942577 22.885953 7
25.441605 23.094077 23.225353 1
24.602505 23.429077 23.402853 14
24.302705 23.592677 24.265753 7
23.714505 23.717277 24.979053 12
24.253805 24.508677 24.786653 4
23.818205 25.232977 25.173553 7
22.859705 25.236377 25.159753 1
21.984105 24.771677 25.344953 12
21.272205 24.157977 25.040053 10
20.293505 24.027477 24.858253 1
20.496905 23.095777 24.493853 1
20.489505 22.372677 23.719353 7
21.269005 21.747377 23.752453 15
21.832005 22.468977 24.157553 16
22.088805 23.267277 24.657053 1
22.412205 23.964877 24.069953 1
23.029605 23.253077 23.815453 15
22.946405 23.677977 22.933553 1
22.898505 24.478577 22.291853 1
23.864705 24.677777 22.239853 7
24.314305 24.472477 21.440453 7
25.199705 24.732677 21.248253 7
24.512905 25.228377 20.822553 7
24.521905 25.187377 19.832353 15
25.354805 24.834677 20.084153 16
25.532205 25.795977 20.254453 7
26.245205 26.077777 19.779453 12
26.191505 25.369977 19.123053 13
26.112505 25.180177 18.073753 8
26.249205 26.120477 17.934953 15
26.552205 26.811377 18.475853 12
26.953605 25.944677 18.624753 5
27.747465 25.391977 18.790553 13
27.616335 26.116477 19.458153 12
28.121905 25.676977 20.068553 13
28.364005 26.008277 20.964253 7
28.181465 26.730977 21.606153 7
27.983745 27.515077 22.187253 12
28.228495 26.878377 22.983053 11
29.060155 27.329377 23.242853 11
29.231925 27.747277 24.136953 11
28.579115 27.660977 24.785653 11
28.845455 28.514077 25.221053 1
29.028275 28.135277 26.133953 1
28.782705 29.090277 26.459553 1
28.774705 30.027077 26.190653 9
28.861205 30.193377 25.265653 16
29.234005 29.688877 24.516453 7
29.301195 30.661177 24.422053 12
28.877935 31.108777 23.799653 7
28.714145 31.620277 22.986453 16
28.773605 30.774377 22.623953 4
27.895585 30.428777 22.277653 5
27.318025 31.258177 22.078753 7
27.598225 31.499577 21.177253 7
27.214105 30.746977 20.734853 7
28.269595 30.761177 20.843353 10
29.068995 30.565977 21.307453 16
29.549825 29.899077 20.807853 16
29.814085 29.866877 19.913453 15
29.212985 30.597077 19.584353 9
28.851595 31.323177 20.088753 16
27.937775 31.661077 20.137353 7
28.352205 32.396577 19.708353 14
27.482225 32.638677 20.022453 7
26.626805 32.777777 19.615553 7
26.052905 33.292177 18.996353 12
25.297505 33.153277 18.333753 15
24.899605 33.260277 19.203853 7
24.845305 34.149177 18.914253 1
24.848405 35.053877 18.430853 1
24.267205 34.741677 17.773353 1
25.118805 34.414777 17.435453 1
25.192805 33.496377 17.194853 15
24.540405 33.529777 17.886853 11
24.549205 32.574577 18.191753 15
23.732005 31.985277 18.508453 10
24.357305 31.762277 19.196353 12
24.944005 31.655577 20.088053 7
25.810305 31.660277 20.464253 7
26.211805 32.436077 20.794453 7
27.110505 32.447977 21.041453 7
27.701445 32.790677 21.804253 12
28.411605 33.416277 21.886353 16
28.913075 34.133677 22.213353 1
29.662285 34.686677 22.417053 16
29.920275 34.877877 21.403053 12
29.051045 34.728777 21.132953 7
28.403295 35.331277 21.381853 13
28.406635 36.100577 21.954253 11
29.117465 36.036477 22.600953 16
28.644445 35.228877 22.643853 12
28.264105 35.373177 23.537453 6
28.877555 35.731977 24.199253 13
28.425705 36.597577 24.323253 7
28.173535 37.232557 23.576153 4
27.645225 37.181407 22.708753 15
27.906255 38.127337 22.474653 12
27.307035 37.664957 21.765653 11
27.242205 36.722777 21.759053 11
26.469505 36.234077 22.174653 7
26.319605 37.223817 22.258653 15
26.189205 36.777077 21.326753 8
25.981305 35.932577 20.853353 11
25.709705 35.630077 19.969253 15
25.009305 35.777377 20.637753 16
24.542305 35.933677 19.786953 7
24.240305 35.101477 20.217053 9
24.760405 34.276577 20.178853 15
24.648105 33.403877 20.456253 7
23.851505 33.330777 19.802753 1
24.267105 32.538477 20.192553 7
23.971005 32.494477 21.099053 7
23.581105 32.749277 22.002753 1
23.696505 32.044477 22.639853 1
23.879305 31.626377 21.823553 1
24.497105 31.504377 21.114353 7
25.317405 31.389877 21.546553 7
25.485505 30.944577 22.424553 11
26.226905 31.436277 22.751253 1
25.531405 32.063877 22.788253 1
26.146205 32.762077 22.942053 16
26.951005 32.590077 23.521153 1
27.438035 32.330077 22.772053 1
26.687405 32.217277 22.198153 7
25.828705 32.245477 21.799753 7
25.363005 33.056777 21.884453 7
25.248705 34.033877 22.157853 16
25.519205 34.050977 23.064753 15
26.241905 34.612877 23.516753 12
27.134805 34.867677 23.437153 11
27.612085 34.313077 22.762353 16
26.894405 34.519577 22.195153 16
27.215205 34.023577 21.446753 7
27.850805 33.574377 20.942053 7
28.740355 33.198677 20.753153 12
29.275935 32.563777 21.216153 15
29.536315 31.670577 20.921253 12
30.113525 30.847477 20.688253 5
30.981385 30.549377 20.938653 14
31.626285 30.164577 21.503953 16
30.866905 30.453977 22.003853 11
29.949895 30.190577 22.197753 15
30.287885 29.301977 21.875353 1
29.270035 29.234277 21.991653 1
28.543855 28.745077 21.596553 11
27.879475 28.401377 20.931453 12
28.801705 28.192777 20.743753 1
29.274315 27.354277 20.636953 13
28.499675 26.905177 20.342353 16
27.658755 27.353977 20.535653 12
26.837505 26.926277 20.771453 12
26.255205 26.224577 20.927153 7
26.162605 26.437677 21.803753 7
25.466605 27.052677 21.619653 1
26.093105 27.734077 21.297853 12
26.365305 28.611577 21.410553 12
26.017905 29.522777 21.355853 13
25.921705 30.515077 21.406853 7
26.276205 30.812277 20.553653 7
25.892205 29.936477 20.354953 7
26.367905 29.094277 20.348353 12
27.355855 29.174477 20.342453 5
28.295015 29.222477 20.249953 9
27.989725 30.101677 19.838553 1
27.391325 30.868777 19.675753 7
27.934605 31.030377 18.843253 8
28.694485 30.576177 18.275353 16
28.688405 31.532477 18.111853 8
28.029695 32.230577 17.656453 15
27.385255 32.689077 18.265753 7
28.184985 32.620777 18.746153 7
28.362385 33.302477 19.416553 15
27.550445 33.652877 19.769953 7
28.060905 34.447677 19.997053 1
27.755395 35.295577 20.302753 11
27.104205 34.650577 20.598853 15
26.510905 35.080477 21.185953 11
26.114605 34.115577 21.160253 7
25.655105 33.346577 20.823453 7
25.732205 33.669277 19.900353 7
25.851505 34.566877 19.598453 1
26.757205 34.762977 19.445153 15
26.778905 35.535477 20.011553 11
26.637705 36.520477 20.111853 11
25.654205 36.759477 20.133153 1
25.561405 36.512377 19.224653 1
25.719205 36.746577 18.315353 1
26.068505 37.619377 18.601453 1
25.619905 38.203347 19.153753 16
24.899405 38.013457 18.513753 1
25.349405 37.550417 17.763353 10
25.796905 36.966337 17.131553 12
25.966005 36.541577 16.317453 7
26.883505 36.374777 16.056553 1
27.306175 35.543577 16.328553 16
28.099245 35.809177 16.721853 16
28.935795 35.490977 16.959253 16
29.226565 34.897077 16.286253 16
29.566945 34.042777 16.642053 14
28.949195 33.537677 17.276753 12
28.857425 34.489077 17.434853 16
27.984175 34.259577 17.600553 16
27.332575 33.504877 17.412153 15
26.705005 33.386877 16.654653 15
27.544285 33.810077 16.204253 16
27.055305 33.340577 15.536553 1
26.438005 32.643977 15.738953 12
26.067905 32.446377 16.607653 15
25.130205 32.358377 16.385553 15
25.435005 33.208777 16.097853 1
25.094405 33.098977 15.223653 12
25.807605 33.610377 14.784953 5
25.683505 34.231177 15.544953 1
26.007005 34.245777 16.447653 1
26.923305 34.623977 16.604553 16
27.337635 35.178077 17.316753 16
28.008385 36.476277 17.903953 16
27.342995 36.596477 18.626753 11
27.411825 35.605977 18.913653 11
27.533245 34.793677 18.496753 16
28.364425 34.834677 19.088353 7
28.673445 35.784877 18.853553 16
28.360975 36.735977 19.000553 11
28.876625 36.551177 18.231453 16
29.284865 35.835377 17.736853 16
29.322235 35.111977 18.301953 16
29.281275 34.240277 18.751653 8
29.827745 34.311377 19.558953 13
30.339125 33.545077 19.509753 1
31.118815 33.210177 19.955753 1
31.496185 32.937077 20.793253 1
31.942075 32.554077 19.932953 16
32.846455 32.201377 20.074653 11
33.651935 32.066977 20.589853 1
34.591745 31.854277 20.869953 16
35.161515 31.513077 21.616353 1
36.088565 31.782577 21.704753 1
36.533079 32.296877 21.020353 7
35.892095 32.822677 20.540853 1
35.601645 33.738477 20.771653 16
34.882845 33.531177 20.178253 11
34.473805 34.238077 19.647053 1
34.028445 34.459577 20.459253 11
33.603815 35.200677 20.037353 15
32.790835 35.683377 20.527053 15
31.812015 35.469077 20.469753 12
31.726315 35.987577 19.638553 12
31.875165 35.238077 19.026753 16
32.611035 35.893877 18.943653 5
31.898445 36.689577 18.786653 16
32.561805 37.005187 18.203753 11
32.819385 37.725167 18.806153 7
32.073075 38.002527 19.380153 1
31.434575 37.357127 19.723953 12
30.875275 37.578187 18.907453 5
30.591975 36.810577 18.389953 16
30.908035 36.690077 17.514553 16
30.287155 35.983277 17.698253 16
29.800315 36.014177 16.871753 16
29.764145 36.890447 16.517553 16
30.116595 37.724737 16.239453 7
29.295315 37.772397 15.782353 15
28.753965 37.022447 15.941353 16
28.141555 37.774247 16.008553 1
28.077085 38.689767 15.534253 16
27.520165 38.556767 16.257153 15
27.927915 39.511697 16.135653 1
28.206735 39.415797 17.116553 1
28.821195 38.660297 17.052153 15
29.137835 37.735577 16.940453 16
28.754585 37.478927 17.754253 16
28.171545 37.726757 18.500953 1
28.177455 38.126757 19.409153 13
27.738465 37.316837 19.572653 11
27.168405 37.734057 20.218753 1
27.564855 36.985477 20.588453 11
28.205695 36.251977 20.852053 11
29.123895 36.466577 21.099753 11
29.774155 35.953477 21.606253 12
30.011315 36.164577 20.691553 12
30.040325 37.065247 20.345053 1
29.445585 36.710677 19.633853 16
28.774005 36.052877 19.874453 11
29.695005 35.720177 19.810553 16
30.611775 35.386477 20.043553 12
30.598895 35.404277 19.141053 16
30.357325 35.044077 18.348053 16
31.022195 34.999277 17.572653 16
30.735905 33.970877 17.346453 8
30.893765 33.340677 18.007253 1
30.437465 32.514577 17.927353 1
30.470545 32.079677 17.026153 8
30.185395 32.242377 16.038453 15
29.307645 31.962977 16.038353 7
28.011675 32.334177 16.097353 15
28.241495 31.898677 15.296453 5
28.024065 32.819877 15.014253 12
28.011445 33.713677 15.336353 8
27.769115 34.655177 15.440453 16
28.624315 35.072477 15.499753 16
28.974675 34.315677 14.931953 1
29.506745 33.465577 15.137153 15
30.194705 33.688377 15.749853 12
30.996965 33.664677 16.320953 1
31.072405 34.368677 15.684353 1
30.496665 34.704977 16.446953 16
30.052405 35.488277 16.109153 16
29.747025 35.490577 15.212453 16
29.634065 36.465477 14.983453 1
30.552195 36.310977 14.891253 14
30.355455 37.038247 14.316853 9
31.106265 37.554527 14.579253 1
31.316875 38.381277 14.978953 1
30.700525 39.024287 14.718253 13
31.386855 39.742327 14.623753 12
31.090415 39.464427 13.787853 7
31.335775 38.503797 13.831453 1
31.982285 37.681477 13.924653 5
32.218275 37.442847 14.804453 7
32.110935 36.650177 14.279653 16
31.907055 36.377477 15.149653 1
31.523535 36.272077 16.058153 16
32.470645 36.205877 16.107953 8
32.051265 35.419577 16.351353 16
32.461635 35.588477 17.283353 15
31.786395 36.218577 17.360453 16
32.048065 37.029317 16.919853 7
31.446745 37.711857 17.353153 5
30.444345 37.701567 17.452253 16
29.938105 38.536347 17.437653 11
29.599475 38.031577 18.144453 16
29.721965 37.231397 18.736953 16
29.827625 37.698487 19.578753 1
29.148545 38.143447 20.164453 16
28.385765 38.016977 20.705653 11
27.825775 38.527847 21.373653 16
28.740125 38.280127 21.770853 15
29.145995 37.530017 21.142153 11
29.781325 37.954647 21.741953 15
30.578005 38.297887 21.368553 1
31.013085 37.516017 21.723453 1
30.638795 36.728577 21.375853 12
31.568665 36.510777 21.442353 12
31.991035 36.451977 22.292353 16
31.331425 35.795277 22.349753 1
31.795375 35.003477 22.330253 15
32.773815 35.155477 22.516253 16
32.821035 35.844177 21.837353 1
33.802855 35.922177 21.624053 1
34.529945 35.861177 21.018553 1
34.520385 36.814677 21.204753 16
34.908465 36.822617 20.363753 11
35.228435 37.095407 19.373653 16
35.401635 37.783887 18.629953 5
35.312315 38.781617 18.719253 16
35.640965 39.766107 18.642953 7
36.267655 39.885327 17.944453 7
35.752685 40.243047 17.226053 12
35.358775 41.170687 17.187153 1
35.891975 41.094317 16.407153 16
36.844728 40.905927 16.528053 16
37.863577 40.985647 16.749253 1
