-69.810955 -38.642247 -33.69655 16
-69.212255 -39.160247 -33.18525 1
-69.224055 -38.272647 -32.79365 2
-69.122055 -37.647747 -31.94195 12
-69.001155 -37.597947 -30.98375 1
-69.203255 -38.488147 -31.29895 1
-69.221455 -39.457547 -31.13665 4
-68.570055 -39.310647 -30.42135 14
-68.065855 -40.126647 -30.19125 1
-68.033355 -40.031047 -29.24075 1
-68.314655 -39.302647 -28.76235 1
-69.183955 -38.917047 -29.10665 1
-70.121555 -38.954647 -28.88075 3
-70.492655 -39.196447 -28.01595 1
-70.819355 -40.093047 -28.13995 2
-70.156055 -40.863147 -28.02085 8
-69.829255 -41.454447 -27.33655 15
-69.492355 -41.883947 -28.15855 5
-68.519455 -41.816247 -27.78655 8
-68.822455 -41.527747 -26.82805 11
-69.273255 -41.225747 -26.01825 1
-70.203555 -41.247847 -25.74415 2
-69.938355 -42.198947 -25.78445 15
-69.684655 -42.565847 -24.88195 9
-68.899455 -42.833747 -24.45445 2
-68.619655 -42.042347 -23.88175 14
-67.745955 -42.406647 -23.70455 1
-67.652755 -43.279147 -24.15125 2
-67.686855 -43.842647 -24.88815 13
-68.231455 -44.687747 -24.89435 9
-68.620355 -45.046947 -24.03295 14
-68.852255 -45.901347 -24.42785 14
-69.378255 -46.620747 -24.19525 14
-69.303255 -47.556547 -23.94335 14
-69.965255 -47.944047 -24.48975 12
-70.914455 -47.901647 -24.35195 6
-71.727755 -47.667847 -23.95395 6
-71.968655 -48.096647 -23.16215 2
-71.328055 -47.602447 -22.65555 1
-71.737655 -47.915547 -21.83415 6
-71.093155 -48.551347 -21.35325 2
-70.607655 -49.103747 -20.72235 2
-70.587355 -49.819847 -21.31145 14
-70.015955 -49.865547 -20.45815 2
-69.310855 -50.493347 -20.10465 8
-68.740255 -49.734947 -20.26985 7
-68.565755 -48.789147 -20.15315 2
-68.511355 -48.167447 -19.41915 5
-69.284955 -48.542547 -19.11465 2
-69.826055 -49.338047 -19.15915 2
-69.152555 -49.442347 -18.46675 1
-69.775055 -48.946947 -17.90125 2
-69.373455 -48.384647 -17.24315 1
-68.755355 -47.779447 -17.74535 2
-68.282255 -47.474747 -18.50785 3
-67.561955 -47.011947 -18.95135 2
-67.588055 -46.693947 -19.82585 5
-67.085355 -47.005047 -20.57185 2
-67.861655 -47.155547 -21.05245 5
-67.407155 -47.976647 -20.71475 11
-66.791455 -48.498747 -21.22895 1
-66.029055 -48.864847 -21.72065 9
-65.490855 -48.249947 -22.25365 8
-66.431755 -47.986947 -22.11835 1
-67.332555 -47.704547 -22.02545 1
-67.943655 -47.295847 -22.68315 14
-68.032455 -47.822447 -23.54315 14
-68.119955 -48.531147 -24.25745 2
-68.020555 -47.796147 -25.03315 9
-67.857155 -47.001147 -24.52035 14
-66.926255 -46.825347 -24.17195 1
-66.255255 -47.282547 -23.67515 2
-66.586555 -48.070447 -24.12165 14
-66.435755 -47.564347 -24.90005 8
-66.192155 -48.072847 -25.69625 15
-65.791655 -47.338847 -26.12985 12
-65.140855 -48.119147 -26.21125 11
-64.683155 -48.474247 -25.44045 2
-64.153555 -47.707447 -25.43705 2
-63.690455 -47.982147 -26.23385 8
-62.816255 -47.624547 -25.95525 15
-61.900855 -47.876047 -25.80525 2
-62.064555 -47.128547 -25.22405 14
-61.517455 -46.278147 -25.15165 10
-61.482355 -45.330847 -25.30975 6
-60.931655 -45.046747 -26.05445 14
-61.250855 -45.399947 -26.89485 8
-61.963555 -45.131147 -27.44935 2
-62.768955 -45.601347 -27.43005 1
-62.601055 -45.008347 -26.63385 1
-63.418755 -45.348247 -26.18805 1
-63.380055 -44.380247 -25.98745 2
-64.206855 -44.652647 -26.39505 7
-64.587055 -44.549447 -25.52945 2
-63.943255 -45.002647 -25.01095 3
-64.695055 -45.602047 -24.96885 1
-64.846955 -46.361147 -24.35845 1
-65.710855 -45.935247 -24.15485 1
-65.347255 -45.063847 -23.88145 2
-66.329055 -45.163147 -23.95085 1
-67.158955 -45.326247 -23.57455 1
-67.659255 -46.085747 -23.91085 14
-67.572555 -46.428947 -23.09165 1
-67.305955 -45.662547 -22.54535 1
-68.096255 -45.126647 -22.46745 1
-68.954655 -45.596147 -22.24335 14
-68.320155 -46.194547 -21.77825 5
-68.812655 -46.584547 -22.50355 14
-69.488555 -46.851147 -23.11005 14
-70.152655 -47.401347 -22.73535 14
-70.219155 -47.815947 -21.90065 2
-69.447155 -47.212947 -21.94425 14
-68.980755 -47.032147 -21.06935 5
-69.204155 -47.886247 -20.70885 2
-69.398555 -48.598047 -21.30445 2
-68.744255 -48.441347 -21.99495 14
-69.334055 -48.915647 -22.57495 11
-69.649355 -49.894547 -22.70045 5
-69.894655 -50.811547 -22.47305 2
-69.625355 -50.491047 -21.56675 14
-69.386055 -51.324147 -21.03305 8
-69.005855 -51.755247 -21.81055 1
-68.611055 -52.634347 -21.48675 2
-67.834355 -52.819647 -20.79465 15
-67.258355 -53.538147 -20.56145 2
-67.752655 -53.460847 -19.78855 15
-67.003355 -52.877147 -19.47395 9
-67.446355 -52.617147 -18.67445 2
-67.982555 -53.297947 -18.14905 1
-68.923555 -53.354447 -18.39735 15
-69.451555 -52.569847 -18.65495 2
-69.993655 -52.513347 -19.38455 6
-70.806955 -51.974147 -19.64715 8
-70.865155 -51.016447 -19.44575 8
-70.203555 -50.403847 -19.22155 2
-70.152755 -51.284747 -18.73805 8
-69.550355 -51.530847 -18.07915 14
-70.128755 -51.239347 -17.42335 3
-70.992955 -50.775647 -17.20815 6
-71.245455 -51.599847 -16.73285 14
-71.275455 -52.257147 -17.42925 12
-70.936455 -52.724547 -18.18225 2
-71.862755 -52.881847 -18.11895 1
-72.173555 -51.972647 -18.37075 8
-72.548955 -51.834747 -17.54495 9
-71.988555 -51.087947 -17.63315 2
-72.048255 -51.010047 -18.58145 8
-71.488055 -50.178647 -18.64515 12
-71.045855 -49.314847 -18.54445 2
-71.383655 -48.661247 -19.23375 2
-70.685655 -48.396747 -19.88505 2
-69.899955 -47.866047 -19.61975 2
-69.166755 -47.230147 -19.26255 5
-69.628055 -46.422347 -19.12375 1
-68.785955 -46.128647 -18.63145 11
-68.571955 -46.323947 -19.57495 5
-68.923055 -45.497547 -19.49965 1
-69.659755 -45.324847 -19.99405 1
-70.418355 -45.478047 -19.37845 1
-70.463355 -46.225547 -19.97665 2
-69.996255 -47.021147 -20.23065 2
-69.309955 -46.427347 -20.26215 5
-69.861555 -46.081347 -20.96115 1
-69.750655 -45.208347 -21.36055 2
-69.982655 -44.682547 -22.13955 6
-70.622155 -45.399047 -22.19555 14
-69.935655 -45.351647 -22.83445 14
-70.163255 -46.083547 -23.41045 14
-70.919655 -46.463147 -22.93625 14
-71.158855 -46.228447 -22.01715 15
-70.494755 -46.785747 -21.44105 14
-71.025255 -46.929247 -20.67495 2
-71.320755 -47.860947 -20.56765 2
-71.910155 -47.861247 -19.83655 2
-72.888255 -47.568047 -19.84145 15
-72.334655 -47.435147 -20.64375 15
-72.584855 -48.331647 -20.53645 2
-73.249255 -48.817047 -20.97145 6
-72.930455 -48.701447 -21.91355 14
-72.448455 -49.521747 -21.54985 3
-71.584255 -49.635347 -21.16225 2
-71.544955 -50.095047 -20.35305 2
-71.573655 -51.062247 -20.43485 8
-72.319855 -50.933547 -20.98095 14
-71.474655 -51.101147 -21.51085 2
-71.120055 -51.951847 -21.08345 8
-71.721355 -52.162247 -21.70485 1
-71.536155 -51.942047 -22.60995 5
-72.464455 -51.748847 -22.42715 2
-73.332455 -51.727547 -21.87845 1
-73.096955 -51.880647 -20.97335 14
-72.890655 -51.667247 -19.96185 8
-72.753555 -50.727047 -19.64745 8
-73.095055 -50.106047 -19.06445 9
-73.410155 -49.783747 -19.97955 9
-72.524555 -49.514947 -20.18705 2
-71.915555 -49.441147 -19.41895 2
-72.587555 -48.861847 -18.94025 1
-71.997155 -48.118647 -18.59245 7
-71.195455 -47.518147 -18.56375 2
-70.322855 -47.282647 -18.77165 2
-70.047255 -46.747747 -18.03235 3
-69.788855 -46.907447 -17.06835 4
-70.583655 -46.372647 -17.16115 1
-71.536455 -46.398147 -17.16195 2
-71.319955 -45.534647 -16.64275 1
-72.299955 -45.310347 -16.41895 3
-72.627355 -44.764347 -15.71925 14
-72.313255 -43.939747 -15.33405 1
-71.727855 -43.726747 -14.66255 2
-72.153955 -43.311447 -13.83255 1
-73.034855 -43.062147 -13.62745 2
-73.410255 -42.425547 -14.18605 8
-73.075055 -42.368747 -15.05515 6
-73.842855 -42.012847 -15.47725 6
-73.701055 -40.980247 -15.52735 14
-73.922355 -40.460747 -16.33125 2
-74.467955 -39.882947 -15.80515 3
-74.887455 -39.207947 -15.24535 12
-73.896955 -39.205847 -15.27835 8
-72.949855 -39.069147 -15.45115 2
-72.829955 -38.143847 -15.42885 10
-72.701655 -37.397847 -16.03255 1
-72.322555 -37.542447 -16.92955 14
-72.429155 -36.746547 -17.46325 2
-73.103355 -36.256647 -17.85115 3
-72.665355 -35.561147 -17.39165 9
-72.810955 -34.726747 -17.85675 3
-72.812355 -34.772747 -18.85905 1
-71.923455 -34.561647 -18.54475 1
-71.387355 -35.383147 -18.40855 8
-70.474855 -35.763847 -18.37675 2
-69.779855 -35.863447 -17.69035 8
-69.469255 -35.515947 -16.80845 14
-68.847555 -35.672847 -16.08795 1
-67.971155 -36.097247 -16.04875 7
-67.765255 -35.682247 -15.21975 2
-67.596655 -35.446747 -14.31325 14
-68.429055 -35.867147 -14.12885 1
-69.095355 -36.444447 -13.92855 2
-69.436655 -36.011247 -14.86565 8
-70.127855 -36.551647 -15.41815 2
-70.581655 -35.723047 -15.38025 1
-70.080555 -35.261647 -14.66965 11
-69.323055 -34.553147 -14.65865 5
-69.951255 -33.822047 -14.60505 14
-69.514455 -32.922247 -14.80595 12
-68.826255 -33.399047 -15.17315 3
-68.446455 -32.529547 -14.95295 15
-68.378855 -31.536047 -14.98445 3
-67.487355 -31.382347 -14.75545 2
-67.237355 -31.437547 -15.71565 2
-66.753355 -32.170047 -15.41405 2
-66.640355 -31.985947 -14.44865 2
-66.075055 -32.816447 -14.37165 5
-66.610255 -33.185947 -15.10885 4
-66.320255 -33.219247 -15.98175 1
-65.849355 -33.245347 -16.83755 14
-66.425655 -32.701947 -17.42545 3
-66.746055 -33.607647 -17.30795 1
-66.069155 -33.797847 -17.99295 2
-65.139155 -34.019947 -17.76675 14
-65.099955 -34.919047 -17.45575 1
-65.208255 -34.537247 -16.54055 14
-64.824155 -35.269147 -15.99395 2
-64.007855 -35.646047 -16.12885 2
-63.588555 -34.777847 -16.23105 1
-64.248055 -34.570247 -16.99715 14
-64.017355 -34.827547 -17.89455 1
-63.236655 -34.857047 -18.44195 1
-62.481055 -34.388047 -18.82755 9
-61.819155 -33.684347 -18.85615 2
-61.959155 -33.008147 -18.18695 2
-61.291555 -32.921747 -17.47545 6
-60.457955 -33.246847 -17.95885 2
-60.603555 -33.675847 -17.05415 6
-60.180655 -34.450247 -16.70145 2
-60.367555 -34.565647 -15.76895 9
-60.981855 -35.189447 -15.33685 2
-61.929055 -34.825947 -15.23195 9
-61.545155 -34.904947 -14.26675 9
-61.367755 -34.024347 -13.95655 9
-61.366455 -33.192947 -14.35565 9
-60.857155 -32.458947 -14.78785 2
-60.341955 -32.238947 -15.58855 6
-59.819555 -31.450547 -15.71335 2
-60.192255 -30.600547 -15.44465 14
-60.140155 -29.846447 -16.11285 8
-60.610355 -29.719847 -16.96735 2
-61.343755 -29.682147 -16.28045 3
-61.559555 -28.700347 -15.98125 6
-62.426055 -28.315547 -15.78005 8
-63.106355 -27.678047 -16.05355 8
-62.507455 -27.175247 -15.49985 6
-62.070355 -27.001847 -16.41665 14
-62.394755 -27.601147 -17.10685 8
-63.113355 -27.723747 -17.67495 2
-62.855355 -28.607947 -17.97405 8
-62.554255 -29.335147 -17.47935 3
-61.845055 -28.694647 -17.43205 8
-61.172555 -28.647447 -18.16135 2
-61.461055 -29.415947 -18.61615 12
-61.987855 -30.255347 -18.87745 3
-61.766655 -31.141347 -19.29055 2
-62.199555 -31.313947 -18.46205 3
-61.933855 -32.197747 -18.81515 2
-61.259855 -32.127147 -18.09365 2
-61.900255 -32.072647 -17.30305 12
-62.236355 -31.126647 -17.36195 3
-61.681055 -30.449747 -17.77405 3
-60.805255 -29.973447 -17.90125 1
-60.240055 -30.569347 -18.32955 14
-60.765355 -30.698147 -19.15395 2
-60.969855 -30.878047 -20.14225 10
-61.463455 -31.651847 -20.16825 2
-61.644755 -32.497047 -19.68685 2
-60.695955 -32.623947 -19.99575 2
-60.768455 -32.984047 -20.92005 1
-60.289155 -33.832347 -20.97225 9
-60.180355 -34.737847 -21.29525 8
-59.695055 -35.546747 -21.26815 1
-59.363455 -36.064947 -20.51865 1
-59.997355 -36.719947 -20.87925 1
-60.420155 -37.572547 -21.14755 8
-60.048955 -38.069347 -20.36645 1
-59.912455 -37.529647 -19.58375 2
-59.557655 -36.619247 -19.70125 3
-59.516755 -36.274147 -18.80175 8
-59.019055 -35.588947 -19.31465 9
-58.390355 -34.906847 -19.78905 14
-58.845855 -34.098947 -19.62985 7
-59.563955 -33.555747 -19.33435 1
-59.952455 -32.681247 -19.25735 2
-59.825755 -31.817047 -19.64085 2
-59.508355 -31.597147 -18.78995 8
-60.251255 -31.896647 -18.27845 2
-60.432055 -31.647447 -17.34245 6
-61.108955 -31.445447 -16.76285 6
-61.622755 -30.825147 -16.24095 3
-62.185355 -30.229247 -15.68465 3
-62.032955 -30.245647 -14.67795 14
-61.472055 -29.438947 -14.92575 6
-61.598355 -28.770347 -14.22095 1
-62.090955 -28.004347 -14.46035 2
-63.037255 -27.901147 -14.43295 1
-63.898455 -27.719547 -14.80975 14
-64.230855 -27.678847 -15.74135 8
-64.870255 -28.417947 -15.36045 2
-64.141055 -28.861647 -14.89645 8
-64.568255 -29.666247 -15.16145 2
-64.190555 -30.505947 -15.46485 3
-64.227755 -31.272547 -14.85135 2
-63.418355 -31.360747 -14.38625 3
-63.010055 -32.176147 -14.10535 12
-62.786255 -33.088647 -14.38735 9
-63.249355 -33.861047 -14.18455 8
-63.085055 -34.276447 -15.08805 9
-63.854155 -33.676547 -15.11905 2
-64.296555 -33.241747 -15.84365 14
-65.254855 -33.355947 -15.84045 14
-65.497955 -32.606447 -15.28275 9
-65.786755 -31.888947 -15.88085 2
-65.989955 -31.220447 -16.52015 1
-65.227355 -30.985047 -17.02015 3
-64.934055 -30.051647 -17.33875 3
-65.736955 -29.536147 -17.35115 10
-65.813055 -29.124447 -16.40325 2
-66.675155 -28.628347 -16.32925 9
-66.043455 -28.353547 -15.59855 2
-65.846055 -27.405447 -15.34445 1
-65.807755 -27.802747 -14.51605 1
-65.674755 -28.332847 -13.69155 1
-64.744255 -28.623747 -13.61445 1
-64.915555 -29.351547 -14.20705 2
-64.115755 -29.799147 -14.05535 2
-63.483455 -29.711047 -14.92575 3
-62.559455 -29.343647 -15.12655 14
-62.688855 -29.372047 -16.06045 8
-63.241355 -30.133447 -16.17295 3
-64.132655 -29.676247 -16.03995 8
-65.087155 -29.869847 -16.22365 6
-65.403155 -30.433447 -15.47275 2
-66.296655 -30.172847 -15.68805 2
-67.021755 -29.607047 -16.06905 6
-66.697655 -29.103047 -15.35985 2
-67.674555 -29.073747 -15.29335 6
-67.658755 -29.705147 -14.52865 12
-66.925555 -29.479047 -13.94755 6
-66.910255 -30.439447 -14.12255 8
-66.023155 -30.315047 -14.54035 2
-65.996255 -30.062347 -13.59865 1
-65.065155 -29.920547 -13.44505 2
-65.049855 -30.207047 -12.51875 1
-64.859255 -30.758147 -11.65835 14
-64.638855 -31.630547 -11.89085 12
-64.389955 -31.060247 -12.67015 4
-64.218355 -31.145047 -13.68335 2
-65.050555 -31.595647 -13.34165 1
-65.511455 -31.391347 -14.12755 2
-65.183055 -31.462847 -15.03315 2
-64.627755 -31.753947 -15.76665 14
-63.744655 -31.405947 -15.98815 3
-63.393355 -32.278147 -15.85835 8
-62.702955 -31.800747 -15.33745 3
-61.943055 -32.335847 -14.88675 1
-61.501355 -33.051947 -15.38465 9
-60.995655 -33.426447 -16.07755 6
-61.803355 -33.795047 -15.97235 9
-62.732255 -33.824347 -16.17985 2
-63.527455 -33.683647 -16.76955 14
-62.755655 -33.270447 -17.18025 1
-62.990755 -33.766147 -18.00665 14
-63.589855 -33.220647 -18.59415 2
-64.398355 -33.699847 -19.00155 6
-63.570655 -34.160147 -19.39195 9
-63.334055 -33.511947 -20.07635 2
-62.626455 -32.855047 -20.34005 2
-63.024155 -32.262147 -20.99305 9
-62.356555 -31.573847 -21.09015 3
-62.235655 -30.999247 -20.38465 2
-62.904555 -30.718047 -19.80855 2
-63.484855 -31.111747 -20.59955 1
-63.939355 -31.711347 -20.04405 8
-63.483355 -32.365347 -19.60515 2
-63.146555 -32.225847 -18.75695 2
-64.123455 -31.876047 -18.51625 1
-63.716555 -30.963547 -18.68175 3
-63.780755 -30.080547 -18.37595 3
-63.970955 -29.159947 -17.98895 8
-64.912655 -28.792547 -17.99645 10
-64.238655 -28.159247 -17.80675 2
-63.795955 -28.143347 -16.99465 8
-64.468755 -28.653747 -16.57635 2
-63.706255 -29.150047 -16.96315 8
-63.438255 -30.037047 -17.22715 3
-63.291355 -30.951447 -17.13435 3
-63.447055 -31.936347 -17.28555 2
-64.278855 -31.741747 -16.86385 3
-64.063455 -32.646947 -17.01295 14
-64.932155 -32.752847 -17.57185 14
-64.965355 -31.770647 -17.73335 3
-65.065955 -31.656847 -18.76675 8
-65.838355 -32.073047 -19.18125 6
-66.281555 -31.255647 -19.38975 2
-65.867055 -31.166047 -20.25135 14
-66.313555 -30.233447 -20.32365 3
-67.060655 -28.874347 -20.47935 2
-66.500455 -28.659647 -21.34415 4
-65.720355 -28.032347 -21.37485 6
-65.099955 -27.452747 -20.93235 5
-65.051555 -26.708747 -20.41505 3
-64.186655 -26.228547 -20.21665 5
-63.961555 -25.458647 -20.80995 3
-63.086555 -25.419047 -20.34575 2
-62.215555 -25.800547 -20.44625 3
-61.586355 -25.338847 -20.99465 1
-60.731055 -25.914147 -21.09045 2
-60.541255 -26.377947 -21.94875 10
-59.684555 -26.033547 -22.32915 13
-58.722055 -26.293847 -22.32825 7
-58.018555 -25.805547 -22.74825 1
-57.220255 -25.635747 -22.27455 2
-57.706055 -25.912747 -21.49025 3
-58.204755 -25.211547 -21.88805 6
-58.684055 -25.542047 -21.12055 3
-58.900155 -24.833047 -20.55875 9
-58.269955 -25.055447 -19.82015 8
-58.506155 -25.595047 -19.04825 14
-57.896655 -26.302947 -19.03955 1
-56.938055 -26.107247 -18.88765 1
-56.385655 -26.252647 -19.65435 9
-56.638855 -26.329547 -20.60135 9
-56.651855 -26.716347 -21.50545 10
-56.042355 -26.815747 -22.31985 1
-56.218755 -27.651447 -22.78955 3
-56.641155 -27.893547 -23.63255 3
-57.388255 -28.267947 -23.10395 1
-57.803255 -27.851247 -23.91495 3
-58.139155 -28.470847 -24.55755 8
-57.670955 -28.952247 -23.89445 1
-56.740155 -28.889947 -23.80905 3
-56.615255 -29.676747 -23.30015 3
-57.263755 -30.374047 -23.48795 9
-58.091355 -30.573047 -23.89805 4
-58.475955 -29.780547 -24.32975 12
-58.612155 -29.705347 -23.37245 3
-59.016155 -30.561147 -23.28035 10
-58.761455 -31.390747 -22.66975 9
-57.943655 -31.347747 -23.13915 2
-57.327455 -31.652447 -22.47415 13
-57.068855 -30.715047 -22.35555 14
-56.655555 -30.118947 -21.62085 3
-55.714855 -30.173547 -21.57905 2
-55.282655 -29.349047 -22.11515 5
-55.596955 -29.593547 -22.91665 3
-54.813955 -29.296247 -23.39125 3
-54.689355 -28.286047 -23.18525 3
-55.239355 -28.089347 -22.38155 3
-55.576155 -27.935347 -21.54095 1
-55.132255 -27.066647 -21.49565 1
-55.266655 -26.167947 -21.71035 10
-55.970755 -25.601147 -21.18685 6
-55.496855 -24.902347 -20.69075 10
-55.001155 -24.081747 -20.68975 1
-55.237855 -23.638447 -19.86635 8
-55.613855 -23.026147 -20.59965 2
-55.761755 -23.531847 -21.38635 2
-56.509255 -24.139947 -21.64365 7
-57.028555 -24.641147 -22.38165 1
-56.536555 -25.246147 -22.96795 6
-55.808055 -24.740847 -23.30345 13
-55.852955 -24.797547 -24.26865 9
-56.220155 -25.587847 -24.62705 6
-57.055755 -25.946647 -24.24235 8
-57.989155 -25.846847 -24.70775 6
-58.443355 -26.683347 -24.66725 4
-57.685155 -27.273847 -24.79795 3
-57.129355 -27.552747 -25.54875 3
-56.592755 -26.884047 -25.94615 6
-55.688855 -27.232347 -25.64815 3
-55.854955 -27.708647 -26.47355 3
-55.211955 -26.981347 -26.84435 9
-54.437055 -26.603647 -27.37405 9
-54.534955 -27.545347 -27.70405 12
-53.674255 -27.828447 -27.91355 14
-52.959855 -28.360347 -28.15795 3
-52.488155 -27.611347 -27.80035 5
-52.068155 -28.460247 -27.65715 5
-52.568855 -29.280947 -27.94625 3
-52.218755 -30.224747 -28.03345 10
-51.557455 -29.642547 -27.57845 10
-50.717755 -29.522047 -27.06615 9
-51.271455 -29.625347 -26.23255 5
-50.532855 -29.361347 -25.60615 8
-50.648255 -28.778547 -24.92555 3
-50.971255 -27.889047 -25.33695 14
-51.818655 -27.771447 -25.85105 5
-52.548255 -28.054147 -25.15585 9
-53.296355 -28.234447 -24.55835 3
-52.870655 -28.527447 -23.64125 3
-52.368855 -28.973047 -22.92405 1
-53.366155 -29.118247 -22.89195 3
-54.033355 -28.860647 -22.29265 4
-53.430655 -28.166547 -22.51725 1
-53.129355 -27.241947 -22.19835 1
-52.544255 -28.043847 -22.11075 4
-51.810755 -27.992747 -21.41215 1
-51.297655 -27.218047 -21.49655 1
-51.405955 -27.397747 -22.48285 1
-51.536255 -26.624647 -22.94385 3
-52.122355 -25.948947 -23.20885 3
-53.020555 -26.221647 -23.06645 1
-53.324755 -26.427047 -23.97245 9
-54.089155 -26.643647 -24.59735 9
-54.978955 -27.012747 -24.48405 3
-55.144055 -26.037947 -24.70125 13
-56.029155 -26.534347 -24.62385 6
-56.133855 -27.492347 -24.61635 3
-55.997555 -28.433047 -24.42955 3
-55.138255 -28.658347 -24.17945 3
-54.704455 -29.500847 -24.42545 3
-54.633155 -30.471847 -24.34925 6
-54.043655 -31.073547 -24.99255 11
-53.282755 -30.458647 -24.97385 13
-53.400455 -29.556447 -24.56035 3
-52.720955 -29.943547 -23.90705 15
-51.953855 -30.271047 -23.44885 6
-51.888355 -30.777647 -24.30725 10
-51.534655 -30.124547 -24.91555 6
-52.402255 -29.770047 -25.07255 12
-51.883355 -29.177647 -25.64085 5
-52.610355 -28.886147 -26.22295 3
-52.636255 -28.025547 -26.61435 5
-53.197955 -27.352847 -26.99785 9
-53.620055 -28.217347 -26.95735 9
-54.233855 -28.895347 -27.32685 4
-54.857255 -29.323747 -27.94065 8
-55.106455 -30.033347 -28.55525 3
-55.162355 -29.215747 -29.04375 1
-55.589855 -28.580247 -29.61365 8
-55.729055 -27.620247 -29.58285 4
-56.105955 -27.664647 -30.44625 3
-56.382755 -26.745647 -30.18715 3
-55.593855 -26.413047 -30.64615 9
-55.413355 -25.480047 -30.37515 10
-56.327755 -25.167047 -30.43655 1
-57.076255 -25.249247 -29.71965 1
-56.399255 -24.984347 -29.04235 3
-56.836655 -25.823147 -28.76385 1
-55.865855 -25.796447 -28.43915 2
-56.396255 -25.400147 -27.77655 3
-56.889855 -24.726347 -27.28525 6
-55.986355 -24.446647 -27.34225 5
-56.002055 -24.073047 -26.37225 6
-55.557455 -23.453547 -26.94675 5
-55.175755 -22.704347 -26.46695 3
-54.232455 -23.052347 -26.28025 1
-53.548055 -23.639747 -26.13985 5
-53.642755 -24.308447 -25.55875 3
-53.267855 -24.935947 -24.89825 9
-53.185955 -25.148247 -23.92185 13
-53.965155 -25.636347 -24.23355 9
-54.586955 -26.093947 -23.58935 14
-54.765855 -26.981147 -23.18555 3
-53.939055 -27.497947 -23.30575 13
-54.423755 -27.854847 -24.09635 3
-54.062355 -27.586047 -24.93075 9
-54.175855 -28.632047 -25.01675 3
-54.307155 -28.216047 -25.85835 9
-55.179155 -28.559947 -25.96525 3
-54.987655 -29.509747 -25.79075 10
-55.368055 -29.037947 -25.09255 3
-55.495455 -30.041747 -24.98455 3
-55.918455 -30.787947 -24.59675 9
-56.559355 -30.061247 -24.68435 6
-56.484955 -29.153947 -24.91465 3
-57.282955 -28.979947 -25.51825 3
-57.338855 -29.521147 -26.33845 4
-56.962755 -29.346447 -27.15085 1
-56.257655 -30.078647 -27.16525 9
-56.740055 -30.905847 -27.22195 1
-56.958955 -30.639547 -26.34135 1
-56.087355 -30.335047 -26.02905 6
-55.895955 -31.321747 -25.89205 9
-55.581355 -31.245247 -26.86675 4
-54.760255 -31.601847 -26.99425 8
-54.808455 -31.685847 -27.94955 1
-54.306455 -31.386947 -28.83815 1
-54.587255 -31.422547 -29.71825 3
-53.723755 -30.945147 -29.85275 3
-53.177355 -30.186747 -30.20615 10
-52.803555 -29.314647 -30.03585 9
-52.038255 -28.694547 -30.35535 6
-51.396055 -28.311247 -31.04235 8
-51.738355 -27.723747 -30.33125 3
-51.672055 -27.544447 -29.43645 1
-51.436655 -28.349447 -28.99855 5
-51.467855 -29.300647 -29.04575 3
-50.558255 -29.057347 -29.01215 3
-49.827955 -28.775547 -28.48855 3
-50.269555 -28.011347 -28.06455 5
-50.923355 -28.354447 -27.41565 5
-50.059455 -28.390147 -26.87995 11
-50.805455 -27.944347 -26.41665 5
-50.117355 -27.501447 -25.91955 10
-50.698855 -26.895247 -25.51425 3
-51.409455 -26.666847 -24.82745 3
-52.177555 -26.448747 -24.30985 9
-51.903455 -25.649147 -24.76035 3
-51.497655 -24.835647 -25.11235 3
-50.946955 -24.083847 -24.93885 1
-50.338655 -24.693647 -24.51985 1
-50.328355 -24.815947 -25.49705 3
-49.727755 -25.429847 -25.07835 12
-50.174455 -26.203247 -24.85775 3
-49.596655 -26.208047 -24.12915 15
-49.156855 -26.783047 -24.81185 8
-49.110255 -26.778047 -25.72555 4
-49.259955 -25.858047 -26.03315 14
-50.157655 -26.060347 -26.21605 3
-51.047555 -26.409547 -26.44015 3
-51.728855 -26.642847 -25.83515 3
-52.193355 -26.541847 -26.63815 5
-52.847555 -26.739647 -25.89145 9
-53.775955 -26.768247 -25.61925 9
-54.722055 -27.010947 -25.53605 3
-54.521955 -26.313847 -26.09505 9
-55.335855 -26.055247 -26.56485 6
-56.220155 -26.142047 -27.01565 4
-56.811655 -25.833547 -26.37665 6
-56.641555 -25.113847 -25.77515 6
-55.729555 -24.886947 -25.46085 6
-55.033355 -25.318347 -25.89615 6
-54.820855 -25.001347 -26.78875 13
-53.933555 -25.344047 -26.47595 9
-53.008255 -25.466047 -25.98455 9
-52.052755 -25.677647 -26.01125 3
-51.240455 -25.249547 -26.38215 3
-52.020155 -24.957947 -26.85715 1
-51.217755 -24.465947 -27.05455 3
-50.356455 -24.247947 -27.55285 1
-49.994655 -24.933647 -28.09235 1
-50.157555 -25.696847 -27.53725 10
-49.783055 -25.949647 -28.44515 3
-50.485155 -26.122447 -29.15395 13
-50.998055 -26.684647 -28.56055 1
-50.898855 -26.683247 -27.57075 5
-51.874855 -26.672047 -27.79225 5
-52.670355 -26.274847 -28.16815 1
-53.430655 -25.719447 -28.00655 3
-53.062355 -25.452347 -27.14995 9
-52.840655 -24.741047 -27.71195 5
-53.056955 -24.649947 -28.65555 4
-53.893955 -24.165047 -28.49615 3
-54.196555 -23.542747 -27.84325 8
-53.406655 -22.883647 -27.86715 6
-53.059155 -23.021147 -28.77195 3
-52.052955 -23.000947 -28.91115 15
-51.822455 -23.181247 -29.84595 8
-52.518455 -23.901547 -29.80095 3
-52.203455 -23.620547 -30.72005 3
-51.260355 -23.785647 -30.63595 4
-50.395855 -24.062047 -30.91255 8
-49.526255 -23.693147 -31.03365 6
-49.809355 -23.021147 -30.43775 3
-50.310955 -23.033947 -31.25405 9
-49.640955 -22.398747 -31.55955 1
-49.129155 -21.666247 -31.95745 3
-48.331255 -21.363647 -31.50015 3
-47.575755 -20.692947 -31.52565 14
-46.513555 -20.657747 -31.27245 13
-46.211955 -20.215947 -32.04075 13
-45.688855 -19.415747 -32.11925 5
-44.839355 -18.759947 -32.28315 3
-44.454755 -18.254547 -31.49885 9
-44.142055 -17.266847 -31.30635 9
-44.545955 -17.763047 -30.49945 9
-44.284555 -17.665747 -29.53885 4
-43.397155 -18.086147 -29.71465 9
-44.020055 -18.581847 -29.15495 3
-44.795855 -19.065747 -28.95475 10
-45.298055 -19.700647 -29.43855 1
-45.422755 -20.007947 -30.30855 1
-44.798255 -20.415747 -30.94035 3
-44.042755 -21.018747 -30.89675 6
-43.258955 -21.688847 -31.00455 6
-43.219855 -21.983547 -30.06105 1
-42.274555 -21.977747 -29.91255 6
-41.575455 -22.276447 -29.19005 3
-41.839255 -23.040747 -28.72525 15
-42.602655 -22.694647 -28.25725 3
-42.575155 -23.287247 -27.48875 10
-42.935555 -22.402247 -27.15895 3
-42.630255 -21.610147 -27.80265 6
-41.587755 -21.817847 -27.72485 9
-40.654055 -21.706147 -27.89415 8
-40.844955 -21.758447 -26.84955 3
-41.203655 -20.780147 -26.63975 3
-42.128755 -20.867447 -26.50605 6
-42.947355 -20.474447 -26.85595 9
-43.506955 -19.803047 -27.23705 11
-43.451155 -19.331747 -28.01055 3
-42.909155 -18.618047 -28.25485 5
-43.133155 -17.889647 -27.61895 10
-42.684255 -17.094247 -27.82875 6
-42.111855 -17.884947 -28.13645 5
-42.296355 -17.334747 -28.83525 3
-41.369055 -17.794047 -28.92215 5
-40.983055 -17.031247 -28.39905 13
-41.362955 -16.399847 -29.02995 1
-41.640355 -15.827147 -29.76085 4
-41.509855 -16.372347 -30.58985 3
-40.600255 -16.520147 -31.01575 3
-40.514955 -15.565647 -30.96215 8
-40.208355 -14.564047 -30.77395 4
-40.453355 -14.794847 -31.67485 1
-40.149055 -14.718347 -32.63025 1
-39.653955 -15.536847 -32.97015 1
-40.497555 -15.920447 -33.21655 3
-40.971555 -15.474247 -32.50235 3
-41.843355 -15.739547 -32.81995 3
-42.654055 -15.975947 -32.34115 9
-43.150655 -15.884047 -33.19495 1
-43.808555 -15.591047 -32.66595 9
-43.363255 -14.852247 -33.13485 6
-43.121955 -14.133447 -32.55765 6
-42.501055 -14.643347 -32.03675 15
-41.823855 -15.261247 -31.68675 3
-42.573055 -15.448647 -30.96185 10
-43.139655 -16.200847 -30.80355 9
-42.332755 -16.723647 -31.09855 3
-43.153255 -17.240647 -31.33775 9
-42.353555 -17.690147 -31.50705 3
-42.655955 -17.689447 -30.54015 9
-42.091455 -17.058647 -30.05315 3
-41.747255 -17.992747 -29.96305 5
-41.835355 -18.461947 -30.82785 3
-42.553755 -18.881147 -30.28635 5
-43.286955 -19.313347 -30.71395 9
-43.569855 -20.117847 -30.42515 6
-44.127855 -19.715847 -29.67785 13
-43.881055 -20.519847 -29.19375 3
-43.318455 -21.296547 -29.09115 6
-42.457655 -20.963747 -29.03665 6
-41.598255 -20.936847 -28.67965 10
-40.631455 -20.849247 -28.73025 5
-40.033755 -21.147547 -29.37385 3
-39.728455 -20.374247 -28.84775 1
-39.201555 -19.641747 -29.27265 3
-40.079355 -19.256347 -29.43695 5
-39.482255 -19.059647 -30.18975 3
-38.691655 -18.814347 -30.70275 1
-38.377155 -17.938247 -30.37685 13
-39.075555 -17.497347 -30.83725 3
-38.377655 -17.084147 -31.27475 6
-38.211055 -16.195347 -31.66165 4
-39.155955 -16.421047 -31.68775 3
-39.830355 -15.764247 -31.71095 8
-40.398955 -16.463147 -32.13765 3
-40.189255 -17.164447 -32.75655 3
-39.184655 -17.098247 -32.63105 13
-39.361355 -17.046047 -33.53055 14
-39.910355 -16.582747 -34.21925 3
-40.631155 -16.093547 -34.65925 4
-40.291555 -15.525647 -35.40815 9
-39.938155 -15.836747 -36.23655 12
-39.073855 -16.239447 -36.06095 3
-39.601355 -16.880947 -35.57125 11
-39.321755 -17.823747 -35.75845 4
-39.731155 -17.472347 -36.54265 1
-40.380655 -18.007047 -36.05845 6
-41.329355 -18.107947 -36.01355 9
-41.270455 -17.282047 -35.45975 6
-41.214055 -17.647847 -34.51955 1
-41.244555 -16.980047 -33.86075 3
-42.090955 -17.135647 -33.40085 3
-42.636155 -16.474847 -33.85575 6
-43.568855 -16.630247 -33.83265 1
-43.890455 -16.694447 -32.94785 9
-44.623355 -16.831947 -32.26425 9
-45.380455 -17.085747 -31.68925 10
-46.190055 -16.667247 -32.01465 3
-46.100655 -17.645247 -31.98715 4
-47.046055 -17.964247 -31.91235 1
-46.668455 -17.950647 -32.86335 5
-45.940955 -18.554947 -33.12365 3
-45.724155 -19.359547 -33.64515 1
-45.353855 -20.105747 -34.26735 5
-46.024755 -20.392547 -34.91225 8
-45.819855 -21.199047 -35.45345 13
-46.560655 -21.277247 -36.01715 3
-45.927655 -20.874147 -36.61285 1
-45.690955 -20.260947 -35.92675 5
-45.685255 -19.462247 -35.30835 3
-45.539155 -18.806647 -34.65165 3
-44.843955 -18.064347 -34.23755 15
-44.922655 -17.655847 -33.33315 10
-43.977255 -17.693747 -33.43135 9
-43.126155 -17.328147 -33.23095 8
-42.827555 -16.950447 -32.38345 9
-41.903855 -17.241047 -32.28635 3
-40.983655 -17.346247 -31.96495 3
-40.501055 -18.132247 -32.21735 3
-40.154755 -18.966547 -32.49445 13
-40.977455 -18.789447 -32.79495 3
-41.442255 -18.990947 -33.57445 10
-42.036955 -18.264647 -33.73925 9
-42.178955 -18.258247 -32.77565 3
-43.112255 -18.328747 -32.81945 9
-43.123055 -19.059647 -33.46055 13
-43.900155 -19.499247 -33.74505 11
-43.963855 -19.636347 -32.83595 13
-43.792155 -19.610047 -31.89225 6
-43.610855 -18.675447 -31.91395 9
-42.982555 -19.192347 -32.42865 8
-42.298555 -19.049747 -31.67905 3
-41.528455 -19.447247 -31.92925 3
-42.095255 -20.257147 -31.87095 6
-41.907155 -20.982447 -32.44365 4
-42.767955 -21.335447 -32.37005 6
-42.594655 -22.247847 -32.26605 5
-42.018355 -21.988847 -31.54185 3
-42.261855 -21.242847 -30.89405 6
-42.255155 -20.325847 -30.73965 6
-42.291955 -20.058547 -29.85045 6
-41.759955 -19.675847 -29.11915 5
-41.606555 -19.044647 -28.36045 5
-41.308055 -19.508847 -27.51235 3
-41.250555 -18.814247 -26.90245 15
-41.654055 -19.591547 -26.52775 10
-42.048155 -19.298547 -25.62695 3
-42.679255 -18.601947 -25.85135 10
-42.314055 -17.936147 -25.25865 3
-42.574555 -18.246247 -24.32685 1
-42.414055 -17.440947 -23.79405 3
-42.933755 -16.540847 -23.63585 1
-43.030055 -16.573647 -24.57735 1
-43.226455 -16.462547 -25.48585 1
-43.885355 -15.849647 -26.08145 3
-44.129155 -15.268647 -25.36615 4
-44.116355 -15.266747 -24.40165 1
-44.604455 -14.457247 -24.73605 3
-45.315155 -15.132447 -24.83525 1
-46.218755 -15.497947 -24.85315 1
-45.789355 -16.250547 -25.40145 9
-46.349455 -16.051147 -26.29065 4
-46.809355 -15.134147 -26.31215 3
-46.926855 -15.117947 -27.33315 5
-46.860955 -14.134147 -27.23685 9
-47.817455 -13.986747 -27.29995 5
-47.355855 -13.529247 -26.63485 3
-47.308855 -12.521147 -26.84025 14
-46.611655 -11.743947 -26.88755 4
-45.932455 -11.456747 -26.26645 6
-45.499355 -12.260347 -26.49645 9
-44.915355 -11.659547 -25.98995 3
-44.470855 -10.892647 -25.52715 10
-44.256055 -11.278547 -24.70885 11
-43.434455 -11.225947 -25.20575 12
-42.838555 -11.391747 -25.93435 13
-42.190855 -12.133847 -26.18265 10
-42.171855 -12.711147 -25.43285 8
-42.386255 -13.499647 -25.86015 1
-41.601255 -13.496547 -26.49275 10
-41.704555 -12.723247 -27.20935 10
-41.002955 -12.014447 -27.06685 10
-40.585055 -11.167847 -27.04045 13
-40.110355 -10.824647 -27.81985 6
-39.922755 -11.808247 -28.08695 9
-39.594155 -12.319247 -28.89225 6
-39.158255 -12.965947 -29.40085 4
-39.694955 -13.322147 -30.18505 4
-39.460455 -13.186047 -31.11305 3
-39.122755 -14.020947 -30.84595 13
-38.560655 -14.763847 -30.84825 1
-39.276855 -15.370947 -30.49005 1
-39.746255 -14.929947 -29.83675 4
-40.286555 -14.859047 -29.06245 4
-39.908055 -15.611647 -28.67585 13
-40.293255 -15.862747 -29.55495 4
-40.025655 -16.724347 -29.27115 13
-39.524455 -17.164847 -29.93405 10
-40.421355 -17.430747 -30.16405 3
-39.802155 -18.133947 -30.43075 4
-40.574055 -18.187347 -31.14495 3
-40.582755 -18.847347 -30.42815 5
-40.229355 -19.133647 -31.22965 6
-40.145855 -19.775247 -30.49725 13
-40.774755 -19.914947 -29.77695 5
-41.030555 -20.384947 -30.60705 6
-40.812355 -20.953947 -31.37665 9
-40.401455 -21.809447 -31.43785 11
-39.552055 -21.325147 -31.56385 10
-39.061755 -20.598047 -31.95025 8
-38.651255 -20.728747 -31.12125 4
-37.992055 -20.091147 -31.20895 10
-37.085855 -20.072147 -31.64135 3
-36.708255 -19.652847 -30.86955 4
-36.818655 -18.718047 -30.57165 10
-36.897955 -18.616647 -29.65995 11
-37.641055 -18.098447 -29.37895 10
-37.087455 -18.187347 -28.61175 11
-37.585255 -18.480847 -27.83285 4
-38.213055 -19.134047 -27.60435 4
-38.965955 -19.754247 -27.67575 6
-39.396255 -18.898647 -27.83705 10
-40.344255 -19.081247 -27.81425 5
-40.242855 -18.699247 -28.67955 5
-40.249455 -17.765047 -28.85965 3
-39.412655 -17.294647 -28.54715 6
-38.622055 -16.907847 -29.02645 1
-39.004055 -16.165647 -28.43435 13
-39.036055 -16.435847 -27.54975 13
-39.374155 -16.699147 -26.67885 1
-39.620255 -15.674547 -26.59145 4
-39.486055 -14.844547 -26.03495 1
-39.866755 -14.701147 -26.92775 13
-40.558755 -14.078547 -26.71715 10
-40.174555 -13.766647 -27.64315 10
-40.536655 -13.947047 -28.62765 4
-40.179555 -13.183747 -29.07955 4
-40.966155 -12.784347 -28.48965 15
-41.253055 -12.387547 -29.32805 6
-40.860755 -12.352247 -30.28875 3
-40.728955 -13.296547 -30.67745 4
-41.384455 -12.819647 -31.18495 1
-41.624655 -12.781947 -32.17385 9
-42.059655 -11.952747 -31.88995 13
-42.842155 -12.554347 -32.20005 12
-43.792955 -12.527547 -31.86435 4
-43.667855 -13.370047 -31.26105 1
-44.225155 -14.102147 -31.17225 8
-45.049455 -13.704647 -30.90535 9
-45.668055 -13.179447 -30.31355 10
-45.655555 -14.142147 -30.07895 1
-45.685155 -13.842847 -29.13715 2
-44.861955 -14.374647 -29.15155 5
-44.495155 -13.478147 -28.86185 10
-43.514655 -13.254447 -29.00565 3
-43.382755 -14.053747 -28.35945 4
-42.937955 -14.580347 -29.01515 15
-42.558455 -13.694747 -29.44405 11
-42.395555 -13.580047 -30.40505 13
-41.556955 -14.105647 -30.12215 4
-41.354055 -14.330247 -29.17635 4
-41.862555 -14.209847 -28.33125 10
-41.414155 -14.978047 -27.77335 3
-40.710655 -15.556547 -27.92445 13
-40.457655 -16.062747 -27.12595 13
-40.591955 -15.902947 -26.16345 6
-41.183855 -15.163447 -26.37075 1
-42.117055 -15.380747 -26.40375 1
-41.766255 -15.394247 -25.51745 1
-41.105655 -14.944147 -24.98375 1
-41.214155 -14.271747 -25.67735 4
-40.823455 -13.663447 -25.05115 9
-40.532855 -13.455547 -25.92835 10
-39.987555 -12.584847 -26.04965 10
-40.116355 -11.669747 -25.85675 1
-39.547355 -11.077747 -26.37505 1
-39.240355 -11.982847 -26.56355 3
-39.817055 -12.330947 -27.23975 10
-39.056655 -12.462347 -27.80595 4
-38.721255 -13.259847 -28.24415 6
-38.437355 -13.958947 -28.86625 4
-38.953755 -14.646247 -28.42295 4
-38.676755 -14.996947 -27.51655 13
-38.751555 -14.274547 -26.88655 10
-38.163855 -13.589347 -26.99595 8
-38.537655 -13.038447 -26.25275 10
-38.194755 -13.689147 -25.58435 1
-37.700055 -14.258147 -26.17125 8
-37.141355 -13.651747 -26.69135 5
-37.047455 -12.823847 -26.21825 3
-36.353255 -12.213747 -26.39575 10
-35.975255 -12.305147 -27.20635 13
-36.114555 -11.343647 -26.90185 11
-37.105955 -10.938247 -26.89665 13
-36.893555 -11.321947 -27.86615 5
-37.450355 -11.497147 -28.69055 4
-38.147055 -10.998147 -28.99975 6
-38.484255 -10.096547 -29.01145 1
-37.661255 -9.743247 -28.65485 5
-36.840955 -9.809747 -29.03495 3
-35.877455 -10.171647 -28.86295 10
-35.120555 -9.702447 -29.23165 4
-34.777055 -9.732847 -30.14065 13
-34.112155 -10.094447 -29.55855 6
-33.542155 -9.949247 -30.27355 4
-32.741955 -9.426347 -30.11675 11
-32.713055 -10.064847 -29.38835 15
-32.269855 -10.150147 -28.50935 11
-31.862855 -10.982447 -28.73695 9
-31.621455 -11.753447 -28.29595 4
-30.838755 -11.485947 -27.81375 13
-30.738655 -10.798447 -28.45915 6
-29.978455 -10.329647 -28.23295 5
-29.169255 -10.821747 -28.42395 13
-28.247355 -10.671247 -28.47735 4
-28.311355 -9.695147 -28.66685 8
-28.032955 -8.841647 -28.38585 10
-27.455255 -8.746147 -27.60555 10
-27.162755 -8.136047 -26.93035 1
-26.504355 -7.447847 -26.83235 13
-26.713355 -7.415147 -27.81405 9
-26.603955 -6.799147 -28.58455 10
-25.702655 -7.030547 -28.69765 12
-24.667755 -7.024147 -28.58615 4
-24.875555 -6.111547 -28.83285 3
-24.129955 -5.945447 -28.23765 10
-23.531855 -5.361947 -27.87775 1
-23.216455 -4.542047 -27.47645 1
-23.075855 -5.177947 -26.74265 1
-22.614555 -5.374447 -25.85485 3
-22.372855 -6.308947 -25.80575 4
-21.890855 -6.554647 -26.56785 4
-21.298755 -6.706247 -25.82135 15
-21.407255 -6.082747 -25.06965 1
-21.362855 -6.224147 -24.03355 4
-20.975555 -6.426447 -23.19655 4
-20.335455 -6.380047 -23.95325 3
-19.335455 -6.244847 -23.94525 1
-18.570055 -5.679147 -23.86465 10
-18.917155 -4.963047 -23.34005 1
-18.234955 -4.324247 -23.09825 6
-18.564355 -3.889347 -23.89095 10
-17.970955 -4.678847 -24.12065 13
-17.060055 -4.434647 -24.49255 6
-16.311955 -4.383647 -25.18475 4
-16.309155 -3.560447 -24.66365 9
-16.272355 -2.539247 -24.55165 10
-16.370455 -2.477947 -23.66545 3
-16.979355 -2.623247 -22.90035 11
-16.544655 -2.301447 -22.06325 11
-16.372255 -3.071847 -21.68375 4
-15.738455 -2.803547 -21.01685 13
-15.463555 -2.044547 -20.56305 5
-15.025455 -1.864347 -19.67695 10
-14.532695 -2.399447 -18.98705 1
-14.270945 -3.181547 -18.55465 4
-13.735605 -2.473347 -18.18745 10
-12.862075 -2.030147 -18.37905 6
-12.500875 -1.184047 -18.15285 10
-11.619475 -0.807047 -18.24025 12
-11.435835 -1.574947 -17.65045 3
-11.416975 -2.026647 -16.83385 8
-11.886485 -2.578047 -16.24065 13
-11.774845 -2.057847 -15.44265 4
-12.027935 -1.228047 -15.90765 13
-12.019705 -0.241047 -15.51455 10
-11.081545 -0.224247 -15.60865 6
-11.226235 0.368053 -14.83715 4
-10.364425 0.804153 -14.66085 4
-9.934655 1.645353 -14.72155 8
-9.000735 1.468253 -14.79705 10
-9.032975 2.449653 -14.68005 4
-8.545135 3.276453 -14.87335 3
-8.114105 3.198353 -14.04905 1
-8.911755 3.667353 -13.88335 5
-9.750965 3.744353 -13.35125 4
-9.492925 4.535753 -13.90735 9
-9.192955 4.147753 -14.78455 1
-8.335195 4.662353 -15.03705 13
-8.738595 4.738053 -15.90375 4
-8.604575 5.330753 -16.73315 13
-8.437395 6.304253 -16.69265 10
-9.067925 7.004353 -16.60495 1
-9.905855 7.388953 -16.94035 13
-10.594795 7.946753 -17.27275 1
-11.236465 7.609353 -16.63265 4
-10.944735 7.154753 -15.84265 4
-10.483995 6.325253 -15.81755 10
-9.599985 5.920553 -16.03705 9
-9.444265 6.666953 -15.35515 10
-9.075965 7.240853 -14.69755 15
-8.489335 7.416753 -15.42995 6
-7.765955 7.230553 -14.74045 3
-7.294835 6.320153 -14.58415 11
-7.874465 5.504153 -14.53995 6
-8.832535 5.638553 -14.33215 10
-8.494085 5.054953 -13.69285 4
-9.307465 5.418353 -13.35255 9
-10.273655 5.403653 -13.35485 10
-9.816065 5.844953 -12.54835 13
-8.979435 5.667353 -12.06015 10
-8.998265 6.478453 -12.66575 4
-8.755895 7.411753 -12.47505 13
-9.614575 7.766653 -12.35095 8
-9.990705 8.562953 -11.86675 9
-9.061685 8.823853 -11.76195 5
-9.191015 9.127053 -12.66705 4
-8.843285 10.002653 -13.15025 13
-8.923695 10.515153 -12.35165 5
-8.142985 10.888753 -12.75735 1
-8.374125 11.613553 -12.10965 3
-7.789535 12.357253 -12.26595 7
-6.902085 12.441253 -12.02545 10
-7.127255 12.363553 -11.02055 5
-6.568625 13.075953 -10.80985 4
-6.367025 13.443453 -11.67485 6
-5.449557 13.676453 -11.35085 1
-5.330503 13.049453 -12.15775 12
-4.402198 12.814753 -11.88275 10
-3.535955 12.998753 -12.36435 1
-2.908365 12.280153 -12.24195 4
-2.093155 12.212553 -12.76755 1
-1.215775 12.575153 -12.90825 3
-1.307865 13.578953 -13.15585 10
-1.577685 14.453053 -13.48895 10
-1.192735 15.036453 -14.08335 6
-0.315335 15.378053 -14.38295 4
-1.000395 15.637453 -15.09205 4
-1.780185 15.956953 -15.60355 1
-2.218665 15.418953 -16.27595 1
-1.578765 16.037453 -16.73245 11
-0.928775 16.825453 -16.89075 10
0.021685 17.158653 -16.74265 10
-0.270445 16.897953 -15.86655 4
0.077045 17.515153 -15.20295 4
-0.020275 17.987353 -16.05165 10
0.458605 18.652453 -15.54235 4
-0.176845 19.052253 -16.12765 14
-0.510945 19.922053 -16.21975 13
-0.204245 20.141353 -17.14925 13
-0.426795 20.615183 -17.93895 11
-1.140475 20.912983 -18.54775 3
-1.435495 20.839483 -17.55595 8
-1.248745 20.765953 -16.60305 13
-1.546655 20.065553 -16.00475 13
-1.341095 19.152553 -16.10435 5
-1.347225 18.287453 -16.49385 6
-1.274695 18.662253 -17.39315 13
-0.965145 17.661153 -17.48645 4
-0.021675 17.895653 -17.52205 10
0.645245 17.169153 -17.63125 10
0.267265 16.264753 -17.43995 10
0.110635 16.132553 -16.48215 4
-0.085085 15.308953 -17.01755 9
-0.433915 15.050253 -16.13545 4
-1.137435 14.467453 -16.40325 5
-2.004945 14.386753 -15.89465 4
-2.534925 13.621153 -15.97125 9
-2.951895 14.492353 -16.23295 6
-3.445445 15.347553 -16.11205 15
-3.328135 16.221253 -16.55625 4
-2.921895 16.970253 -16.92535 5
-2.431785 16.309053 -17.42905 10
-2.509085 15.391253 -17.28995 13
-1.840305 15.543753 -17.97075 1
-1.083395 16.051053 -17.64875 10
-0.354675 15.849053 -18.31865 10
0.035945 15.218853 -18.92035 13
0.148905 14.421053 -18.40175 8
-0.097525 13.461953 -18.28425 3
-0.968575 13.810353 -18.52505 1
-1.812275 13.515053 -18.91835 1
-1.629635 12.595153 -18.93695 4
-1.239675 12.946853 -18.12035 1
-0.956475 12.540353 -17.28475 7
-0.220145 13.000053 -16.90965 3
0.734645 13.278853 -16.90985 11
1.391645 13.640953 -17.48635 14
1.491585 14.604253 -17.36025 10
0.773995 14.697053 -16.58025 12
1.062875 15.544953 -16.08775 4
1.696825 15.641353 -15.26455 10
2.613565 15.423153 -15.55945 13
2.710705 15.690953 -14.66275 13
2.642325 16.500753 -14.03655 6
1.729835 16.521253 -13.97655 4
0.896585 16.462353 -13.44535 4
0.507565 17.016653 -12.73465 11
1.131695 17.627453 -12.30575 4
0.368525 17.977253 -11.88335 6
0.704405 17.972953 -10.97775 5
-0.121365 18.252353 -10.56035 4
-0.949175 18.612753 -10.89295 3
-1.005205 18.998053 -9.95905 10
-1.204455 18.114953 -9.83425 1
-2.127595 17.587553 -9.85595 5
-2.677445 16.939053 -9.36295 10
-3.524325 17.479053 -9.55655 5
-3.318125 17.495153 -10.54075 10
-2.906855 17.295353 -11.41475 15
-2.722905 16.353653 -11.67675 10
-2.156135 16.776053 -12.42095 4
-2.406315 17.233153 -13.28655 1
-2.910635 17.809253 -13.89455 9
-3.591965 18.383253 -14.21765 4
-3.281575 18.624053 -13.31425 9
-3.362755 19.464153 -12.83525 10
-2.635455 20.117853 -12.98095 9
-2.091855 19.859553 -13.67155 10
-1.987005 20.821393 -13.84485 4
-1.522765 20.593923 -14.63945 13
-1.162735 21.475933 -14.70105 13
-0.876605 22.481443 -14.57875 1
0.157055 22.607293 -14.51895 15
0.020295 21.720993 -14.34295 6
0.174205 21.280903 -15.29135 13
0.282385 20.313563 -15.39695 13
1.181025 20.218573 -15.07465 4
1.111335 19.536953 -15.78845 1
2.023515 19.118353 -15.73115 4
1.457535 18.346353 -15.95735 10
1.221355 17.971653 -15.02825 4
1.023335 17.369753 -15.80595 10
0.828635 16.606753 -15.22465 4
0.800535 16.115753 -14.44835 4
1.122095 15.174153 -14.36105 11
1.695525 14.750153 -13.66115 8
2.357985 14.210953 -14.11155 10
2.771615 14.484353 -13.26715 13
2.969785 15.424753 -13.55365 5
3.799905 15.901953 -13.38395 6
4.421735 15.175353 -13.37595 7
5.434145 15.002553 -13.37195 3
5.395045 14.926653 -12.46555 4
5.474645 15.290053 -11.57895 8
4.885625 15.938553 -12.00635 6
3.933435 15.577353 -11.85305 10
3.797245 15.719653 -10.93305 1
2.925015 15.607753 -10.47485 12
2.329185 15.497353 -11.19495 10
2.791095 16.103153 -11.74205 13
3.071025 15.820953 -12.69865 6
2.122275 15.500053 -12.90435 1
1.681085 14.737353 -12.66005 1
1.119315 15.581653 -12.81635 1
0.192445 15.845353 -13.06465 10
0.006855 16.630653 -13.69115 4
-0.314035 17.416053 -14.13945 4
-1.235555 17.213853 -14.57505 1
-1.198985 17.979353 -15.20035 10
-0.836225 18.849153 -15.21665 14
-0.501045 19.721953 -14.86705 13
0.354385 19.456953 -14.45425 4
0.265075 20.108053 -13.72195 4
-0.022065 21.032673 -13.44165 10
-0.666105 21.618173 -13.26065 3
-1.497665 21.906093 -12.90125 5
-1.801375 22.008163 -13.79115 5
-2.665605 22.224823 -14.20595 10
-2.527495 22.236723 -15.17985 15
-2.817355 21.479383 -15.85875 13
-3.316585 20.713973 -16.22215 15
-2.595275 20.318463 -15.67985 13
-3.244065 20.180663 -14.99975 10
-2.836305 19.326053 -15.14945 4
-2.039945 19.103353 -14.60185 6
-1.131495 19.139853 -14.20155 9
-0.358635 19.067053 -13.69635 4
-0.951845 18.343553 -13.19245 7
-0.122205 18.069153 -12.75995 10
0.672925 18.003853 -13.32065 4
1.284625 18.245553 -14.00295 4
1.858585 17.528453 -14.36095 4
1.881245 16.730253 -14.98035 13
2.042775 16.380453 -15.87835 11
2.193245 16.335453 -16.82165 10
2.291355 15.563253 -17.46845 1
2.262565 16.197153 -18.14755 1
1.421565 16.441053 -17.78425 10
1.312995 15.752753 -18.43725 3
1.510395 16.467753 -19.00575 10
0.869035 17.100653 -19.40065 10
1.105765 16.862953 -20.32225 4
1.039775 15.899653 -20.27925 9
1.532425 15.167753 -20.55695 8
2.252335 15.051953 -21.12415 8
2.759915 14.139253 -20.98935 7
3.452315 14.508853 -20.46885 6
3.591095 14.242053 -19.51525 5
3.823505 15.110253 -19.79895 13
4.704465 15.352953 -19.46215 10
5.562645 14.939553 -19.57815 9
5.087175 14.289253 -18.92235 13
5.731245 13.930053 -18.24255 11
5.241345 13.965853 -17.40275 4
5.606145 13.484453 -16.64295 1
4.840905 13.330953 -16.14595 5
4.303875 13.682853 -16.81465 10
3.503135 13.382953 -17.34295 13
3.378445 13.090353 -16.34745 4
2.568665 13.667253 -16.36735 10
2.901855 14.232653 -15.67915 1
3.527275 13.643353 -15.19245 1
4.211755 14.226953 -14.95645 1
4.940255 14.128553 -14.20865 4
5.571645 13.429853 -14.50765 3
6.164245 14.156553 -14.72015 1
6.386845 14.876953 -15.30205 4
5.804945 15.601953 -15.62255 10
5.544245 16.078253 -14.76905 5
4.799195 16.176953 -14.26335 6
4.353495 15.398353 -14.74165 13
3.877865 16.179853 -14.89315 13
4.524995 16.864353 -14.98745 6
5.153445 16.650953 -15.78195 7
4.517045 15.955153 -15.68385 10
3.756825 16.279153 -16.14665 13
2.979575 16.921953 -16.43435 13
2.654175 17.428553 -17.16825 6
2.125045 18.268553 -17.13075 4
1.659235 17.482553 -17.37935 10
1.807545 17.523053 -16.48165 10
2.375365 17.419953 -15.67085 13
2.695605 18.306253 -15.78795 4
3.385715 17.621853 -15.37425 13
3.225845 18.164253 -14.62145 4
3.140345 17.615853 -13.86315 6
2.393105 18.200553 -13.71965 4
1.911295 19.035553 -13.88495 4
2.487245 19.107553 -13.14335 5
1.675735 19.596953 -13.02245 4
1.610345 19.320053 -12.12805 10
0.740105 18.935453 -12.41565 4
-0.236595 19.271853 -12.60665 10
0.059325 20.171573 -12.54245 9
0.911805 20.192533 -13.00865 4
1.730085 20.656703 -13.17565 4
2.223405 21.506763 -13.15425 10
1.473215 21.641423 -12.50705 15
1.811695 22.600033 -12.46615 9
2.669075 22.774623 -12.85675 10
3.390365 22.801273 -12.21775 7
3.169405 23.694583 -12.50145 1
2.970375 24.298083 -13.16295 1
3.249625 23.944163 -14.07875 10
3.698935 23.334693 -14.64765 10
4.288785 23.454053 -13.95025 10
4.403895 23.969483 -13.14695 11
4.285935 24.727263 -13.75675 10
4.308315 25.654123 -14.01545 3
4.263785 25.403763 -14.93075 11
3.397635 25.340483 -15.31945 10
2.755055 25.984493 -15.32285 1
3.045455 26.007553 -14.34965 12
3.211645 25.012043 -14.29715 10
2.335495 25.306063 -14.61365 7
2.178785 24.825063 -15.47925 10
1.342985 25.262233 -15.19855 4
1.097405 25.450013 -16.12725 13
0.644915 26.318693 -16.31165 3
0.130095 26.413553 -17.07145 7
-0.751355 26.538833 -17.51265 4
-1.669775 26.833463 -17.47835 8
-2.491445 27.189453 -17.82045 4
-3.243285 27.007643 -17.21165 7
-3.311905 26.071073 -17.11535 13
-4.290992 26.241783 -17.19675 4
-4.074474 25.508893 -16.64295 1
-4.2726 24.661243 -17.07275 5
-5.006398 24.029423 -17.49925 10
-5.245511 23.795873 -18.38215 4
-4.959425 23.211433 -19.07895 1
-4.375507 22.810073 -18.45455 4
-4.595689 21.802293 -18.54435 9
-4.763415 21.465943 -17.59785 7
-4.547459 20.583023 -17.76315 1
-3.561045 20.265943 -17.63205 1
-2.875235 20.930053 -17.78635 10
-2.411955 20.074753 -17.54855 13
-1.777415 19.855953 -18.25745 9
-0.955015 19.435153 -18.42705 12
-0.308025 18.811253 -18.01215 6
0.184065 18.892253 -17.24375 10
0.699765 19.726053 -17.32685 5
1.342955 18.990953 -17.14355 10
1.762435 19.654253 -16.62345 4
2.452815 20.285753 -16.67975 4
1.753825 20.710723 -17.16585 11
1.066545 21.010863 -16.57365 13
1.230305 21.084143 -15.64385 4
1.111255 21.991173 -15.47925 10
0.846145 22.104963 -16.37715 5
0.371595 22.716663 -15.67255 15
-0.531545 22.730503 -15.84565 10
-0.795255 21.807253 -15.88335 13
-0.142735 22.110323 -16.67505 15
0.061845 21.603093 -17.50345 11
-0.553545 22.177263 -18.08865 3
-1.055995 21.869243 -17.33445 10
-1.677935 21.730073 -16.64455 13
-2.508915 22.218923 -16.68885 10
-1.886765 22.958883 -16.94145 4
-1.381495 23.491933 -16.36485 1
-1.480565 23.500203 -15.28835 3
-1.380725 24.318233 -14.80275 4
-1.056495 23.822613 -14.11565 8
-0.129955 23.602963 -14.05175 7
0.269885 24.418603 -13.69655 1
1.071535 24.019853 -13.81755 4
1.628025 23.253753 -14.15175 10
1.199525 22.411823 -14.01065 10
1.165635 21.608903 -13.50245 1
1.679905 21.582983 -14.37705 10
1.963955 20.745573 -14.63695 4
2.577615 21.455043 -14.83215 1
3.125645 22.289413 -14.61275 10
3.130615 21.656833 -13.85075 10
3.019335 20.808643 -13.29325 4
3.151915 20.308553 -12.45245 5
3.440345 20.501593 -11.55555 9
3.583425 19.549253 -11.61765 5
2.641165 19.283953 -11.81985 10
2.571055 18.341753 -12.15185 4
2.132025 17.485553 -12.28335 4
2.280005 17.101853 -11.38735 10
3.065145 17.166553 -11.92625 6
3.978965 17.506953 -11.61045 7
4.682465 16.939453 -11.22045 7
4.973055 17.060053 -12.13645 6
5.799445 16.853453 -11.74875 10
6.497445 16.316653 -12.06905 13
7.300145 16.845653 -12.03005 1
7.897845 17.586253 -12.37905 7
8.133145 18.557553 -12.18085 1
8.340445 18.985553 -12.95925 4
8.072645 19.841953 -13.29165 10
8.348745 19.968553 -14.18775 4
7.641045 20.428923 -14.71465 1
7.402945 20.091153 -15.60695 13
7.118845 19.411553 -14.95335 1
6.223445 19.247453 -14.64055 10
5.760545 19.764453 -14.00895 1
4.924165 20.159793 -13.81865 9
4.590415 19.895253 -14.66465 3
4.093285 20.139853 -15.55405 13
3.198705 20.073453 -15.86965 4
2.816475 21.000703 -15.97545 4
2.775035 21.917923 -15.74135 10
2.229555 22.604673 -16.06205 10
2.428515 22.077013 -16.78495 13
1.538625 21.977353 -17.18185 8
1.245335 21.591463 -18.05525 11
1.421475 20.790283 -18.54855 11
1.936155 20.144353 -18.09125 11
2.863765 19.911553 -17.77205 8
3.364115 19.111553 -17.46295 4
4.104415 18.730053 -17.05775 10
3.864295 19.101453 -16.12765 4
4.287385 18.425453 -15.62835 3
5.081065 17.876753 -15.55735 7
5.083445 17.903553 -14.60865 5
4.942835 17.266453 -13.83605 6
5.589145 18.096353 -13.73115 13
5.486945 17.960553 -12.75495 7
4.870125 18.650953 -13.16675 4
4.119685 18.263353 -12.71615 5
4.171705 17.365253 -13.13345 6
4.028875 18.017053 -13.84695 10
3.782025 18.955653 -13.74845 5
2.904835 19.045253 -14.17455 4
2.264495 19.593253 -14.70165 4
2.947795 20.218233 -14.77005 4
3.446545 20.796573 -14.30415 1
3.633985 21.489513 -14.93245 10
3.809785 21.697233 -15.86505 1
3.975265 22.452523 -15.19835 10
4.255435 22.787863 -16.11275 15
4.030945 23.564833 -15.60475 10
3.473605 23.969533 -16.20885 10
2.834185 23.887403 -16.94305 15
2.529865 23.931663 -16.04255 10
1.590935 23.995813 -15.79345 13
2.071035 23.569723 -15.14715 10
2.642235 23.250833 -14.45505 10
2.435275 23.457243 -13.56435 10
1.957385 24.101183 -13.12565 9
2.281565 24.927553 -12.82425 15
1.790385 25.103103 -13.65545 10
1.315115 25.915163 -13.37105 9
1.522235 26.052063 -14.28305 13
1.593945 26.864233 -14.91895 1
1.494455 27.626683 -14.32755 4
0.993895 28.398333 -13.89755 4
1.398505 29.055903 -13.39185 10
2.168725 29.381594 -13.87395 3
2.208935 29.290867 -14.86845 4
3.096365 29.222461 -15.21905 7
3.349085 29.049773 -16.10675 12
4.094955 28.896323 -16.65875 7
3.149435 28.830823 -17.11905 12
3.144695 27.939473 -17.47825 1
2.897195 27.630973 -18.36955 10
3.245425 27.898383 -19.21115 7
3.977935 27.986073 -19.84955 7
3.409785 28.777793 -19.90665 1
3.088535 28.720203 -20.81815 7
2.697225 29.506584 -20.39775 11
2.042015 28.834173 -20.13335 4
2.020025 28.058113 -20.70665 7
2.041865 27.775083 -19.73725 7
1.287815 27.694273 -19.22405 10
1.086315 26.765973 -19.47275 9
0.130075 26.631033 -19.28895 10
-0.416765 25.902293 -18.88015 13
-0.351105 25.075623 -19.39585 6
-0.673545 24.143823 -19.21545 13
-0.759485 23.731283 -18.36755 1
0.209745 24.119003 -18.23335 11
0.539455 24.490103 -19.07005 4
1.432795 24.097203 -18.76645 14
2.335875 24.288893 -18.49325 12
1.816845 24.916273 -17.96785 14
2.065835 25.003173 -17.04855 10
2.479705 25.814883 -16.94165 10
2.623485 26.303213 -17.85115 4
2.035745 26.116563 -18.57265 13
2.651595 25.756763 -19.20565 12
2.201605 26.108203 -20.02455 4
2.649845 26.919723 -19.64675 7
3.234145 26.541343 -20.24765 7
3.633485 25.882923 -19.68075 7
3.751345 25.015393 -19.28125 12
3.471875 24.263673 -18.77175 12
3.867685 24.674613 -17.95675 4
3.917175 24.812633 -16.90615 10
3.997665 24.759643 -15.93515 10
4.495085 25.523303 -16.00825 1
4.504365 25.812463 -16.91845 1
4.990455 24.943743 -16.96525 10
4.897365 25.358063 -17.81655 1
4.516835 26.185803 -18.01945 4
4.728645 26.762693 -18.76265 7
4.489415 27.689283 -18.74365 7
5.497445 27.813353 -18.66835 1
5.214645 28.334283 -19.40705 7
5.831745 29.087003 -19.27395 10
5.876745 29.874869 -18.78285 3
6.758445 29.598213 -19.01785 1
7.431045 30.02283 -18.45615 10
7.757345 30.189118 -17.44005 7
7.287145 30.842507 -16.94855 4
6.513945 30.613171 -17.53735 7
6.447145 30.394081 -16.59925 9
6.345045 29.576326 -16.10735 12
7.095745 29.231942 -16.65135 11
7.027045 28.296203 -16.33775 4
6.227245 27.932213 -16.76635 5
6.109245 27.004873 -16.91615 7
6.675945 26.744513 -16.18675 1
6.296545 26.074243 -15.63075 15
6.387845 25.215213 -15.97965 14
5.748045 24.666583 -15.47425 11
4.888975 24.248103 -15.39285 10
5.028245 24.468233 -14.50335 10
5.310145 23.647303 -14.09285 1
5.984945 23.052803 -14.45245 7
5.614945 22.684983 -13.64685 14
5.179055 22.166663 -14.45145 10
4.823545 21.396893 -14.00205 10
5.797345 21.388373 -13.70815 13
6.343545 21.216183 -12.85145 7
5.368945 21.509623 -12.73395 9
4.461065 21.375793 -12.52655 14
3.804155 21.907523 -13.11995 10
4.452945 22.616223 -13.14445 10
5.017825 23.211983 -12.66405 12
6.010545 23.054183 -12.66515 7
6.750845 23.120323 -13.29035 10
6.800345 22.185643 -13.09125 7
7.473945 21.514203 -12.81635 15
8.343345 21.786193 -12.96185 13
8.146145 22.311833 -13.79365 1
9.076545 22.341823 -13.62705 7
9.318545 22.956193 -14.32765 1
8.584445 23.516103 -13.86565 1
7.969645 23.350993 -14.68135 7
7.130345 23.100013 -15.05475 1
6.363345 22.643823 -15.37625 1
5.517945 22.466203 -15.69685 4
5.354445 23.246793 -16.16685 10
4.981995 23.008903 -17.00065 10
5.668945 22.393533 -17.00745 1
6.138345 22.831353 -17.82365 7
5.642745 23.124583 -18.65455 4
4.740705 23.297693 -19.05545 12
5.052855 22.322273 -18.92435 4
4.162835 21.928593 -18.71985 4
3.251365 22.257073 -18.85575 12
3.208085 21.304973 -18.65655 6
2.403465 20.899353 -19.00005 11
2.652605 20.416843 -19.84425 7
2.617285 19.440553 -19.73475 11
2.593595 18.858753 -18.98325 8
1.937595 18.378253 -18.55865 10
2.392075 17.578753 -18.88545 10
2.532675 17.448853 -19.82215 12
2.307765 18.280653 -20.28245 7
2.791415 18.048153 -21.14155 10
2.225365 17.887953 -21.84465 7
1.750075 17.076953 -21.66345 1
1.664285 16.376453 -22.31015 10
2.123065 16.158353 -23.14085 11
2.014725 15.539253 -23.85375 15
1.804505 14.791853 -24.37505 13
1.807165 13.969753 -24.88755 10
1.037525 14.246853 -25.46385 1
0.198445 14.690353 -25.57165 7
-0.741875 15.058153 -25.48285 10
-1.267595 14.880453 -26.36235 7
-1.949995 15.494153 -26.15035 9
-2.895215 15.407053 -26.28815 5
-2.562745 15.059953 -27.09775 1
-3.393495 14.634953 -27.50715 7
-3.840345 15.420953 -27.89845 13
-3.689605 16.409253 -27.63095 14
-3.920017 16.969853 -26.88625 10
-3.773625 17.037753 -25.90175 7
-3.335605 16.823353 -25.02685 4
-3.762285 16.058053 -24.58985 16
-4.149909 15.127953 -24.79445 7
-3.424875 14.517353 -25.14665 10
-2.717635 14.794053 -24.62495 6
-2.146365 15.052653 -23.88125 10
-1.397005 15.771653 -23.78165 4
-0.750305 15.379953 -23.17545 1
-0.748135 15.290053 -22.23555 1
-0.290875 14.936453 -21.45985 1
-0.996835 14.326653 -21.64555 7
-1.669875 14.807553 -21.02375 1
-1.542735 15.517553 -20.30035 1
-0.997085 15.916353 -19.67545 7
-0.582405 16.632053 -19.05975 10
-1.527495 16.648953 -18.96515 4
-1.228305 17.581053 -19.14315 11
-0.668115 17.947153 -18.47465 10
0.291225 17.582753 -18.54745 10
-0.057955 17.757553 -19.34805 7
0.406505 18.463353 -19.74175 14
1.043905 18.258053 -19.06775 10
0.831305 19.252253 -19.09365 7
0.700775 20.105753 -18.68125 11
0.149485 20.544413 -19.35935 1
1.007125 20.878703 -19.42715 11
1.121085 20.821523 -20.40495 10
1.868655 20.914773 -21.07955 14
1.887195 21.926373 -21.14595 1
2.595215 22.224143 -21.62925 12
3.544885 22.342943 -21.77065 10
3.319345 22.596443 -22.65475 7
3.090935 21.676303 -22.72445 7
3.205505 20.782473 -22.24625 9
4.064815 20.699633 -21.72785 12
4.304285 21.186133 -20.84775 7
5.058445 21.644963 -20.42285 10
4.518165 22.368123 -20.78215 13
4.481925 23.120623 -20.26875 4
3.766705 23.045743 -19.58775 12
3.110625 23.677893 -19.99145 12
2.170825 23.645323 -19.73575 12
1.517295 24.401263 -19.78295 1
1.549285 24.881263 -20.58225 15
0.722815 25.561203 -20.46355 4
1.035345 25.401543 -21.36585 15
1.519605 26.243383 -21.14815 7
0.621615 26.553933 -21.12275 1
1.190215 27.310223 -20.85735 7
0.626535 28.017423 -21.02535 1
0.282915 27.813363 -21.84145 7
0.935815 27.322983 -22.31075 15
1.821685 27.268643 -22.75825 1
1.927185 27.314223 -21.82355 7
2.820625 27.550283 -21.50285 7
2.264745 28.272863 -21.92345 15
3.204505 28.468933 -22.15605 10
4.191075 28.518573 -22.01755 7
4.075605 27.771993 -22.66935 12
3.883935 26.810103 -22.82445 10
4.618455 26.974903 -23.51005 1
4.909015 27.742553 -24.01595 1
5.737245 27.954673 -23.53035 11
5.770645 28.687073 -24.10795 16
5.081225 28.779753 -24.79665 12
5.184125 27.882943 -25.03045 1
5.123135 27.208193 -25.74375 10
6.036345 26.996783 -25.91215 7
6.889045 27.418573 -26.25875 7
7.248845 26.617583 -26.05195 3
7.626945 26.299273 -25.22995 12
7.011345 26.041433 -24.56375 1
6.216545 26.243493 -24.05515 7
6.630645 25.900813 -23.22755 1
6.236945 24.995663 -23.31865 1
6.073145 24.235043 -22.77115 15
5.276345 24.341163 -23.22405 12
4.309835 24.530033 -23.12105 4
3.823725 24.911683 -23.89805 7
3.986905 25.826293 -23.88575 5
4.142585 25.739203 -22.91955 16
4.634245 25.573313 -22.11525 9
4.694825 26.541103 -22.20625 10
4.181005 26.847853 -21.48365 7
3.290845 26.755643 -21.17705 7
2.720685 25.976433 -21.04455 7
2.728685 25.217943 -20.42405 15
3.405025 24.485223 -20.32925 12
3.690745 24.572823 -21.20235 1
3.537825 25.343243 -21.83365 7
2.966905 25.362833 -22.66805 1
2.174305 25.805433 -22.60165 1
1.236075 25.755663 -22.50355 4
1.375635 24.855773 -22.41085 15
0.582355 25.017583 -22.97445 1
0.230355 24.056973 -23.21905 1
-0.464055 24.226643 -23.87865 1
-0.329465 23.223613 -23.92495 7
-0.162405 23.131803 -24.88595 1
0.726875 23.252373 -24.56025 7
1.665805 23.279553 -24.26895 10
1.680635 23.575933 -23.32375 1
2.512015 23.523703 -22.85305 1
2.070675 24.152573 -22.25435 15
2.363945 23.984973 -21.34825 15
2.379475 23.046863 -20.88705 7
1.666125 22.803173 -20.29585 12
0.893515 22.748103 -19.78645 10
0.633335 22.129143 -18.98905 11
0.971005 22.866723 -18.38385 7
1.765035 23.081533 -18.89345 12
2.046755 22.432743 -18.24745 11
2.880925 22.897533 -17.95105 12
3.116075 22.902813 -16.98665 7
3.801555 23.569143 -17.11215 10
4.572145 23.965193 -17.62015 10
4.478005 24.081423 -18.57095 12
5.098555 24.740263 -18.87115 15
4.683245 25.566183 -19.37345 13
4.469245 26.254013 -19.98235 7
4.102825 27.072033 -20.48055 7
4.779525 27.848393 -20.70745 7
4.780765 27.626453 -21.60805 7
5.498745 27.887893 -22.16465 9
5.897545 27.325963 -21.52705 7
6.765645 27.513033 -21.97785 13
6.475845 26.844943 -22.63765 16
5.975445 26.105873 -22.30645 9
5.483245 25.936503 -21.47615 7
6.114345 25.456043 -20.88675 13
6.424545 24.901553 -20.17955 16
5.793845 25.438073 -19.65335 16
5.500845 26.355703 -19.77165 7
5.958945 27.089193 -20.21195 7
6.278445 27.748863 -19.54405 1
7.102945 27.262933 -19.81435 4
7.858145 27.603293 -19.45155 16
8.568645 27.333903 -18.75205 14
9.179045 28.105683 -18.79205 11
9.060745 28.994703 -19.21425 12
9.797345 29.292653 -19.82055 15
9.917145 30.047493 -19.12695 1
9.823845 30.969962 -19.02705 7
10.372845 31.744893 -19.42495 16
9.854745 31.443183 -20.20435 10
9.489245 32.407583 -20.39325 12
10.007845 32.707183 -21.09835 6
10.502945 33.236163 -21.78765 7
11.262145 32.993363 -22.30815 1
12.145745 33.286353 -22.05955 7
12.205045 32.327083 -21.98185 11
13.001645 32.203603 -21.51235 5
13.770045 32.407623 -21.00725 11
14.107345 33.214023 -20.75135 4
13.748945 34.055253 -20.38525 15
14.095445 34.979803 -20.24265 4
14.659645 35.087893 -19.47205 7
15.305345 35.653873 -19.10155 11
16.145645 36.040833 -19.01015 12
16.419045 35.996423 -19.95565 1
17.065645 36.089513 -20.68385 7
17.234045 35.214933 -21.10665 7
17.487145 34.344533 -21.49335 12
18.224845 34.903033 -21.44415 7
18.314345 34.624393 -20.51065 7
18.356945 33.856913 -19.93675 1
18.771145 33.534573 -20.80575 1
19.471445 33.500763 -20.16335 7
19.889045 34.024413 -20.81595 14
20.366845 34.855393 -21.04465 9
21.063745 35.373073 -21.41905 16
20.660045 36.116793 -21.82555 10
20.836845 36.911373 -22.45065 15
21.334245 37.722803 -22.73185 15
21.529645 38.633863 -22.68225 16
21.486545 39.515543 -22.23795 16
20.576245 39.590043 -22.59885 10
19.606045 39.787923 -22.62095 10
19.710845 39.111593 -21.96305 10
19.065045 38.419293 -21.87035 1
18.230145 38.207043 -21.38345 7
18.478745 39.112443 -21.03765 12
18.148645 38.590293 -20.33545 7
17.537045 39.183283 -20.70115 16
17.257345 38.695343 -21.38475 7
17.097945 39.149983 -22.19605 13
17.887845 38.840643 -22.49315 7
18.346145 38.878263 -23.35755 13
18.905145 38.178743 -23.43445 1
18.941945 38.122353 -24.39385 1
19.387445 38.786073 -24.96355 12
19.879545 38.561033 -24.21045 12
20.246745 38.743903 -23.37095 1
20.169345 37.788483 -23.08305 15
19.748645 37.195353 -22.39715 15
19.325645 37.230193 -21.55025 7
18.900445 36.530673 -21.00015 7
18.978645 35.640213 -21.39245 7
19.412245 34.761373 -21.53765 11
19.924245 34.929823 -22.30815 6
19.936045 35.707353 -22.77995 15
18.995845 35.637483 -23.05635 7
18.701945 34.999953 -22.35055 16
17.836445 35.347043 -22.26755 7
17.084845 35.080633 -22.83775 9
16.660545 34.277913 -23.21175 4
15.940145 34.010463 -23.75045 7
15.304545 34.637333 -23.28695 15
15.778845 35.271503 -23.86855 11
15.269945 36.053813 -24.31335 1
14.643245 36.632033 -24.69495 1
14.268545 36.101163 -24.03835 13
13.983245 36.360223 -23.13955 16
13.620745 36.954123 -23.76325 10
12.920145 37.556933 -23.91275 12
13.321545 38.498963 -23.74505 7
13.890945 39.246923 -23.65835 12
13.563245 40.081053 -23.85845 11
12.662145 40.059993 -24.20795 9
12.060445 39.882583 -24.94395 7
11.711045 39.035263 -25.18115 11
11.053045 38.499913 -25.59695 16
11.472645 39.284003 -26.07325 7
11.331445 40.228853 -25.96915 7
10.761545 40.332053 -25.20615 10
10.854245 40.803853 -24.41865 5
10.649845 41.287653 -23.60675 4
10.979645 41.733153 -22.78095 14
11.146545 42.170053 -23.62275 16
12.048645 42.180353 -23.86935 7
12.452145 41.821453 -23.03665 7
13.317545 41.672253 -23.59315 16
13.481145 42.497253 -23.99545 12
13.969445 43.034853 -23.48355 10
14.085245 43.634053 -22.77055 12
13.767745 43.008453 -22.07305 16
14.738645 43.012753 -21.95005 1
15.052245 43.054153 -22.92825 16
15.372245 43.832853 -23.39545 1
15.956645 43.577553 -22.65565 7
16.869545 43.592953 -22.55085 1
17.577945 44.174653 -22.17245 1
17.963745 44.023653 -21.04715 7
17.776945 43.054953 -21.01415 1
17.245745 42.944553 -20.26275 15
16.670545 42.337353 -19.75475 15
17.109745 41.818153 -19.01765 1
17.429145 40.946453 -19.11225 12
18.200845 41.192753 -19.55895 10
17.498645 40.835553 -20.16065 7
16.528345 40.843953 -20.35485 1
16.984345 40.248053 -21.01185 1
16.603745 40.972353 -21.58665 15
17.185145 40.460353 -22.16845 13
16.759945 41.182453 -22.64495 7
16.967445 40.577353 -23.39325 13
17.743345 41.084553 -23.52995 7
17.803845 41.942753 -23.19165 12
17.285545 42.226553 -23.96515 7
16.467045 42.220253 -24.58705 15
16.007845 43.019153 -24.88235 8
16.336045 42.929253 -25.77205 12
16.117545 43.736353 -26.01665 16
15.111745 43.694553 -25.90485 13
14.304045 43.100653 -25.94135 5
14.223045 43.312753 -26.93145 7
14.207445 43.998953 -27.67675 12
15.072645 44.366853 -27.51135 7
15.113445 43.425453 -27.68975 12
16.014045 43.246653 -28.07195 11
15.860045 43.737653 -28.84445 1
15.147545 43.471753 -29.38315 7
14.603045 42.679753 -29.38545 9
14.180045 42.597853 -30.31715 11
14.713845 41.777353 -30.10735 7
15.529245 41.311253 -30.19575 11
15.173345 40.438753 -30.07195 1
15.216845 39.538483 -29.78665 1
15.132045 40.121343 -28.94135 7
14.696545 40.649053 -28.22455 16
15.229445 40.743153 -27.42875 11
15.161845 39.949623 -26.94365 12
15.632645 39.342153 -27.50255 15
15.389545 38.410173 -27.60835 14
15.318145 38.965893 -28.43995 16
15.171445 37.994133 -28.46635 7
16.041945 37.721113 -28.54515 16
16.905145 37.466293 -28.14925 16
17.089145 37.624193 -27.16845 7
16.490745 37.544283 -26.40785 16
16.302545 37.654353 -25.50505 9
15.487745 37.530553 -25.02775 7
16.068245 36.788043 -24.86175 5
16.435045 36.178903 -24.03885 10
17.424145 36.240643 -23.94355 4
17.094545 36.243873 -22.96765 7
17.705645 36.710393 -22.37865 7
18.166045 37.194713 -21.51365 7
18.313245 37.435253 -22.47185 7
18.893645 37.078973 -23.15105 15
18.249045 36.431723 -23.16325 7
18.460445 36.230293 -24.03075 1
19.362645 36.375633 -24.34885 1
20.381945 36.195993 -24.20765 15
20.708545 36.724823 -24.90675 1
20.080345 37.195693 -24.31905 15
20.366045 37.936503 -24.87965 12
20.324345 38.307793 -25.72775 12
19.356545 38.233493 -25.93195 1
19.397645 37.659053 -26.63765 10
18.515445 37.721583 -26.14265 7
17.864945 37.290983 -25.55075 11
17.607345 37.882583 -24.77815 12
17.606345 38.065343 -23.80355 16
17.264845 37.572133 -23.08315 7
16.606045 38.124123 -22.73585 7
16.644145 38.987573 -23.20755 13
16.718845 39.730353 -23.80455 13
16.281845 40.473353 -24.28065 12
16.049545 40.536253 -25.18685 11
16.480445 39.753293 -25.26325 7
15.516645 39.643733 -25.39165 6
15.104445 39.126403 -24.65185 1
15.102645 38.285063 -24.21015 16
14.798945 38.190863 -23.36145 12
14.568445 37.855593 -22.43775 16
15.491745 37.575823 -22.45795 7
15.055545 36.756943 -22.16835 11
15.009745 35.783853 -22.29035 9
15.960745 35.979103 -22.28085 7
16.131245 35.234253 -21.63625 7
16.403745 34.449043 -21.14425 4
15.484045 34.097323 -21.05935 11
14.969045 34.098523 -20.20995 15
15.713245 33.524683 -20.12445 8
15.731745 33.934543 -19.15655 15
16.387245 33.834303 -18.51625 7
17.279145 34.221633 -18.67665 11
17.438345 35.167043 -18.60205 15
17.300545 35.636413 -17.75085 12
17.668945 35.453293 -16.85955 15
17.682545 35.610983 -15.85165 16
17.623545 35.492743 -14.88095 1
16.955245 36.040833 -14.49275 7
16.754645 35.653733 -13.63565 11
15.896545 35.230173 -13.93155 7
15.211845 35.307083 -14.60505 1
14.653845 35.905043 -14.18105 16
14.187645 36.117243 -15.05735 7
13.694345 36.441203 -15.75325 1
13.926045 37.116263 -15.17835 7
13.907845 38.054683 -14.90745 1
14.437745 38.005853 -15.71945 1
13.613345 38.478333 -15.97285 7
13.596845 38.011013 -16.85295 1
14.430845 38.381153 -16.92165 1
15.261845 38.257313 -17.38535 1
15.165745 37.544583 -18.05975 12
15.774745 37.129973 -17.46145 12
15.291345 36.518003 -16.86995 16
14.770745 35.766363 -17.25815 7
14.539945 35.923563 -18.28975 14
15.263145 36.450853 -18.47135 12
14.646445 37.079983 -18.78485 16
14.825945 37.138303 -19.72905 15
14.404645 36.265643 -19.59475 5
14.635445 36.205203 -20.48135 11
15.430145 36.395103 -20.92225 16
16.291045 36.583153 -21.25385 7
17.185345 36.960753 -21.35005 7
16.500145 37.684043 -21.33165 7
15.936145 38.417573 -21.70155 15
15.713945 39.272843 -22.03675 13
14.887545 39.378253 -21.45685 12
14.793245 39.690613 -20.56435 1
14.026345 39.462083 -20.19635 11
14.369345 39.860653 -19.42075 1
15.081545 39.226163 -19.17575 1
14.683445 38.533933 -18.58555 16
15.622445 38.166913 -18.85035 12
15.937645 37.802623 -19.76535 7
16.817845 38.138193 -19.88075 7
16.780345 38.055813 -18.93665 12
16.764245 38.960653 -18.63565 15
17.698145 39.338413 -18.54535 1
17.497745 39.875173 -17.79615 11
17.094245 39.094743 -17.53675 16
17.347745 38.225383 -17.84935 12
18.205845 38.377173 -18.24605 15
17.857945 37.958093 -19.02465 9
17.932745 37.459933 -19.84775 7
17.927145 36.824473 -20.56345 7
17.762045 36.524453 -19.64545 7
18.472145 36.520573 -18.99865 1
17.984545 36.938573 -18.32695 5
17.104845 36.778613 -18.68425 12
16.960945 37.213503 -17.91205 12
16.883445 36.903643 -17.07605 16
17.825445 36.536183 -16.84485 8
18.469445 36.286223 -17.46045 13
19.216945 36.759913 -17.80745 7
19.711745 37.086573 -18.66475 8
19.953045 36.757463 -19.56065 7
19.393845 37.618293 -19.59755 7
19.543745 38.592723 -19.72195 11
19.495545 38.410943 -20.68515 7
19.774445 39.398123 -20.56875 1
20.237045 39.379263 -19.75335 11
20.981145 38.977083 -20.33075 11
21.047445 38.359993 -21.03625 15
21.100645 37.687713 -20.32965 11
20.442545 37.480263 -20.96105 15
19.684345 36.998903 -20.67065 7
19.843345 36.207063 -21.16485 1
19.325145 35.833153 -20.43805 7
18.822445 35.630183 -19.65795 7
19.479945 35.653993 -19.03265 15
19.479745 34.721693 -19.05675 16
20.185845 34.130843 -18.91265 10
20.440545 34.094123 -19.80925 14
21.119645 34.437063 -20.52125 1
21.164645 34.371133 -21.50455 7
21.857645 33.874383 -20.99295 16
22.015245 33.890783 -21.97955 1
22.433445 34.539483 -22.51455 16
22.450545 33.817443 -23.09065 1
22.049945 32.963573 -23.33205 16
21.832645 33.261103 -24.21035 1
21.146245 33.633803 -23.66815 1
20.334045 33.133133 -23.96195 16
20.060445 33.981563 -23.67085 1
20.543245 34.779233 -23.88275 12
20.967945 35.127283 -23.12805 16
21.037845 36.123043 -23.00295 15
21.724445 36.012453 -23.61765 15
21.964545 35.592723 -22.77895 16
22.726945 35.791773 -23.34465 1
22.487545 35.252193 -24.15795 12
22.615645 35.985643 -24.71415 1
22.778045 36.955443 -24.75965 1
21.997745 37.002743 -24.07245 15
21.288245 37.731593 -24.27505 15
21.133345 38.720163 -24.22635 12
21.955945 39.091183 -24.56335 1
21.212745 39.708883 -24.59165 16
20.606745 40.246353 -25.13945 12
21.322745 40.750353 -24.61855 5
21.458045 40.338253 -23.79975 8
21.602345 40.372753 -22.79735 16
22.496545 40.531753 -22.43765 16
22.647945 39.800353 -21.86765 16
22.156845 39.407713 -21.15345 16
22.068845 39.432083 -20.19855 11
22.149445 40.287753 -20.66765 16
22.903345 40.837853 -20.30985 16
22.889145 41.714053 -19.98245 8
22.020145 41.207953 -20.01755 7
21.064645 41.168753 -20.30365 11
20.612445 41.812853 -20.91315 13
20.714245 41.005053 -21.48245 16
20.612445 40.054203 -21.44055 16
20.123345 40.360553 -20.69225 11
19.524745 40.776453 -20.11455 1
20.318245 40.871653 -19.48115 1
20.732145 40.112263 -19.10055 11
20.768645 39.739673 -18.23735 16
20.732445 38.838993 -18.51995 11
20.593145 38.858033 -17.60555 7
19.778545 38.564803 -17.13265 1
20.241145 37.867783 -16.61155 16
20.038045 37.602443 -15.72365 1
20.486445 36.794753 -16.05935 1
21.367945 36.526683 -16.43095 1
22.055945 36.179093 -17.08555 1
21.937045 36.928933 -17.59675 16
22.010845 37.681703 -18.23415 1
21.626245 38.265353 -18.82455 11
22.277345 37.801153 -19.29335 15
21.735845 38.359653 -19.85965 11
22.264445 37.851123 -20.50695 12
23.180745 38.028693 -20.54875 1
22.881045 38.738553 -21.04955 16
23.541345 39.206503 -21.70725 16
23.693645 40.127283 -21.72815 16
24.426545 39.685173 -22.22955 16
24.459145 39.236453 -23.10275 16
24.526745 39.892083 -23.78845 5
25.423445 40.184853 -24.08845 12
26.320845 40.587053 -24.16865 5
25.864345 41.162453 -23.62125 7
26.357945 40.932653 -22.75175 15
25.740245 40.743953 -22.01865 12
25.325145 39.953803 -21.55635 16
25.132445 39.049563 -21.77475 16
25.781445 38.356113 -22.09335 1
25.170145 38.174643 -22.76425 16
24.886145 38.397663 -23.61035 13
24.207245 37.748993 -23.36095 1
23.726645 37.024203 -22.92165 1
22.905345 37.550463 -23.09245 15
22.362445 38.323033 -23.10885 16
23.166645 38.556963 -23.65985 1
23.298445 38.774123 -22.74305 16
23.294045 37.934403 -22.16855 16
22.390545 37.654083 -22.09535 15
22.168745 36.690243 -21.88125 15
22.965945 36.776103 -21.19605 7
23.836645 37.128093 -21.39395 11
24.382245 37.424103 -22.11615 16
24.955845 37.977043 -21.57965 11
24.336445 38.507493 -21.11775 16
24.936645 38.561793 -20.31895 12
24.625045 39.279793 -19.80755 1
23.808245 39.083943 -20.31915 16
23.875945 39.986203 -20.01895 16
23.517345 39.923393 -19.13795 1
23.001545 39.594873 -18.41445 11
22.280345 39.207713 -17.87335 12
21.868145 39.808973 -18.56645 11
22.051145 40.129013 -19.45125 11
22.500345 40.874853 -18.97365 12
22.182745 41.812353 -18.93455 16
22.487745 42.573553 -19.42275 8
23.452745 42.334953 -19.30195 8
23.404645 41.423453 -19.14465 16
23.744645 40.833253 -18.54345 7
24.120345 40.365353 -17.72805 12
24.818845 40.749053 -18.19205 1
25.422645 40.852053 -18.88945 15
24.770645 41.031753 -19.62405 5
25.309145 41.712253 -20.17975 15
25.906345 42.476253 -20.23575 15
25.001845 42.762053 -20.61975 8
25.043545 42.285353 -21.44625 5
25.172345 41.698653 -22.18315 16
24.446645 42.250753 -22.65275 1
23.705745 41.711753 -22.91015 1
23.524045 40.947253 -22.31855 16
24.232845 40.558353 -22.89495 16
23.858245 40.879953 -23.70215 1
23.161645 40.916653 -24.37085 1
22.878145 40.526853 -25.19245 1
22.976245 40.126083 -26.05365 12
22.181645 40.575953 -26.31855 14
22.327245 39.828483 -26.94645 1
21.633045 39.285683 -27.23455 7
21.004045 39.920143 -26.94325 9
20.857645 39.133203 -26.40355 13
21.282845 38.733243 -25.63675 12
21.415145 38.051753 -26.35375 1
22.041245 37.719583 -25.70975 1
22.639545 38.053463 -25.04585 16
23.639145 38.374753 -25.18165 7
23.502945 39.035093 -24.49745 7
22.998845 39.589993 -23.83495 16
22.581145 40.374653 -23.46655 16
22.175245 41.212853 -23.43935 5
21.340745 41.673953 -23.49815 15
20.462645 41.492853 -23.04075 16
21.157245 41.864953 -22.45055 11
22.056545 42.115353 -22.75725 1
22.200345 41.408653 -22.06335 16
21.909345 41.386753 -21.16395 16
22.246345 42.157453 -20.62095 5
23.093745 41.997653 -21.02885 8
23.813245 41.428753 -21.43535 16
23.848445 40.667053 -20.86615 16
24.754245 40.727853 -20.70905 16
25.574945 40.731353 -20.26575 15
25.392245 39.781093 -20.28995 16
26.347245 39.894573 -20.46015 11
26.531045 40.547353 -19.83535 15
27.184245 40.396453 -19.06265 16
27.422845 39.998003 -18.16475 12
28.321345 39.710473 -17.93015 15
28.093645 38.847423 -18.20125 1
27.459945 38.567043 -17.54065 12
27.170945 38.502963 -18.48685 11
26.718845 37.682313 -18.42385 1
26.009845 37.393213 -17.84295 16
26.042545 36.869643 -18.67535 1
25.365445 36.371593 -18.26915 1
25.163345 36.190083 -19.19285 1
25.174745 35.241393 -19.19125 7
25.156145 34.485743 -18.53685 16
25.991045 33.927973 -18.55045 16
25.991145 32.997003 -18.87275 5
26.191045 32.553803 -19.68125 1
25.372945 32.591493 -20.19805 7
25.017845 32.583433 -19.20115 1
24.240045 32.500593 -19.69685 16
23.356945 32.405053 -19.26605 16
22.506645 32.795463 -19.56605 1
23.079645 33.472333 -19.80125 12
23.787445 33.533443 -20.37835 16
24.285845 32.751213 -20.76475 11
24.530745 32.860353 -21.73155 1
