39.052342 34.445577 -1.865384 14
39.325642 33.697877 -2.468484 1
38.788542 34.326877 -3.000184 2
39.098342 33.493877 -3.529584 1
39.374142 33.281177 -4.399184 1
38.458542 33.132577 -4.631884 1
38.265342 32.749677 -3.759984 1
37.330742 33.004877 -3.648584 2
36.714042 33.655177 -3.312184 16
35.851842 33.484577 -2.886684 4
36.074742 32.608877 -2.925884 12
35.440242 31.797077 -3.109384 1
34.631242 31.528277 -2.547584 3
33.915642 30.913977 -2.759084 1
33.585642 30.673377 -1.911384 1
34.050742 29.990877 -1.480584 2
34.721742 29.343777 -1.773484 13
34.770242 28.624977 -2.483284 11
35.129942 28.199277 -1.627984 8
35.486042 27.290177 -1.647084 1
36.166342 27.881277 -2.071984 5
36.304642 27.007077 -2.382984 15
36.629042 26.544277 -3.137884 2
35.926542 25.925777 -2.974684 1
35.738342 25.095277 -3.378984 14
35.520042 24.262877 -3.814784 9
35.804042 24.478777 -4.716584 9
36.351042 25.223277 -4.373884 15
35.837442 26.154077 -4.286584 2
35.330042 26.979177 -4.023384 8
35.102242 27.915777 -3.805784 14
34.511842 27.638377 -4.568484 6
33.638242 27.219377 -4.509284 6
33.930642 26.633677 -3.832084 8
34.301942 25.730777 -3.641084 2
34.712942 25.015077 -3.159484 14
34.459642 24.037177 -3.284284 12
34.618342 23.875277 -2.338484 14
34.759942 23.086877 -1.831684 2
35.584442 23.532277 -2.204884 14
35.759542 22.586877 -1.939084 2
36.384742 22.370977 -2.741684 1
36.749742 21.963177 -1.890784 2
37.351442 22.746477 -2.066384 6
37.301842 22.705677 -3.007584 14
38.038142 22.084077 -2.984284 1
37.475742 21.331877 -3.100484 5
36.610742 20.885677 -2.776184 2
36.304342 20.127777 -3.278984 11
35.867942 19.686477 -2.596184 3
35.466342 20.265477 -1.947484 2
35.318542 20.956877 -1.262284 2
34.760342 20.507077 -0.611584 2
34.351742 21.298877 -0.976284 2
34.183142 21.979677 -0.421384 2
33.348142 22.403677 -0.648984 2
32.493942 22.797377 -0.903184 5
32.245042 22.388477 -0.012584 1
31.577742 22.965977 0.191816 7
31.285442 23.882577 0.291216 5
31.127142 24.686777 0.776116 2
31.988042 24.527677 1.082216 15
32.241342 25.336577 1.512716 9
32.361642 25.252477 0.490216 8
33.298742 25.285577 0.337516 14
34.235642 25.392577 0.257816 14
34.805042 25.588177 1.062116 2
35.389042 25.643777 1.720416 9
34.906942 25.961277 2.483116 1
34.296842 25.138777 2.515716 1
33.583942 25.453377 1.939616 1
34.041242 24.817077 1.300316 14
33.314542 24.383277 1.769316 8
33.433342 23.550577 1.256316 1
33.491442 23.222877 0.345616 14
34.020442 22.466377 0.793516 12
34.520742 21.635777 0.615916 2
34.822242 20.650377 0.446716 2
35.476742 21.179077 0.811016 2
35.918742 21.603877 1.504316 11
36.417942 22.169977 2.147616 14
36.253542 23.079177 2.278516 6
36.276642 23.371177 3.172016 15
37.115642 23.286077 3.712116 1
37.869842 23.853577 3.957616 14
37.341042 24.615477 3.735916 1
36.897642 25.414977 3.455516 8
37.361842 25.699777 2.685216 2
37.914442 26.442277 2.588116 10
37.784542 27.320677 2.902116 8
38.690742 27.271877 2.692816 7
39.146642 27.907677 3.241716 1
38.498742 27.841477 3.992116 1
38.384442 28.593477 3.438816 1
38.215342 28.606677 2.452416 1
37.497142 29.210377 2.102216 1
37.101242 28.540477 1.592716 14
36.998042 27.731477 2.041616 1
37.358742 27.234777 1.379616 2
37.945342 27.367977 0.596516 2
37.070942 26.962577 0.431216 2
36.160342 27.370277 0.439216 1
36.009042 26.949977 1.305816 1
36.360142 26.184177 1.886616 3
36.249942 25.664477 1.120616 1
36.104942 25.896577 0.216116 14
35.900242 26.330077 -0.656984 14
35.011042 26.669277 -0.750584 2
34.040142 26.709277 -0.679684 11
34.256042 25.836677 -0.823384 14
33.471142 25.515177 -1.254384 2
33.386742 24.714177 -0.602384 14
32.444842 24.523777 -0.728784 5
32.954842 23.766977 -0.612884 5
33.910342 23.875877 -0.712484 14
34.379042 22.998577 -0.856784 2
34.895942 22.664177 -0.167684 2
35.076642 23.280077 0.554616 5
34.883142 23.773577 -0.229484 14
35.071042 24.517977 0.326716 14
35.551442 24.600377 1.247416 2
34.816042 24.476477 1.873516 8
35.315842 24.466877 2.728516 1
35.281642 23.519977 2.776716 15
34.312842 23.251577 2.869016 8
34.264342 22.353377 2.485116 2
34.820042 21.548477 2.768816 9
33.977142 21.324877 2.421716 2
34.543042 20.527377 2.663816 2
34.386342 20.792977 3.602716 1
33.632442 20.099977 3.558716 15
34.122342 19.640177 4.351116 2
34.702642 19.023977 4.729816 15
35.574542 18.619977 4.781216 8
35.353742 18.846977 3.847716 6
35.075442 17.965077 3.617916 14
34.347242 17.431377 3.748816 9
34.367842 16.452777 3.533316 12
34.625842 15.920777 2.741016 2
33.900742 16.413477 2.383216 2
33.914742 17.248677 1.866316 1
33.892842 17.314977 0.915316 8
33.479142 17.717077 0.110316 8
32.671042 18.010477 0.525916 3
32.286842 17.717877 -0.321184 8
31.558442 17.268977 -0.632084 6
30.814842 17.979477 -0.514684 2
31.614442 18.619777 -0.385984 2
31.620742 19.277777 -1.123284 12
32.263242 19.934977 -0.833584 14
32.852642 20.543277 -0.302984 2
32.139942 20.815177 0.271116 1
32.825442 21.509677 0.068516 2
32.154042 21.431677 -0.674984 2
31.308242 21.432977 -1.137784 1
30.831742 22.171177 -1.583584 6
31.545242 22.744977 -1.256184 5
31.982942 22.033877 -1.710984 1
32.886242 22.122277 -1.592584 2
32.490142 22.838577 -2.214384 5
32.805642 22.355777 -2.988284 11
33.747342 22.314777 -2.652384 2
33.801342 23.172077 -2.234684 1
33.208942 23.891577 -2.120384 5
33.809042 24.483077 -2.474784 1
34.424542 24.867077 -1.782384 14
34.901242 25.672377 -1.888884 2
35.416842 25.007077 -1.322784 14
35.592242 24.453377 -0.552184 14
36.144042 24.725777 0.233416 15
36.785242 24.214677 -0.400484 14
37.104342 24.041377 0.540416 3
36.574842 23.560077 1.163616 14
36.492942 22.652677 0.742316 6
36.220842 21.846977 0.188916 2
35.823342 22.465877 -0.387284 2
35.751442 23.317577 -0.956984 14
36.682342 22.981677 -0.803884 15
36.855842 21.998677 -0.817784 15
36.033442 21.574277 -1.037284 2
36.314242 20.716777 -1.296884 2
37.163942 20.730977 -1.735584 1
37.518642 19.917077 -2.106184 14
38.376342 19.456777 -2.184084 9
38.848342 18.909777 -1.530184 5
38.001542 18.524877 -1.174784 1
37.623442 17.824677 -0.594584 9
36.718642 17.447377 -0.438684 8
36.719442 18.412277 -0.334284 14
35.943542 18.777777 -0.769784 2
35.044242 18.330577 -0.548684 8
34.121542 17.736177 -0.662384 8
34.066542 18.634377 -0.305484 8
33.298842 19.163777 -0.023084 2
33.253042 19.524777 0.846616 2
32.329842 19.718977 1.101016 1
31.991142 19.913677 1.954616 1
32.853442 20.376777 1.738516 3
33.280842 21.224177 1.643316 1
33.753042 20.562777 1.035316 2
33.936642 19.966377 1.829916 4
34.482242 19.804777 1.057916 2
35.044842 19.866577 1.962716 2
35.660142 19.365677 2.449716 3
36.155942 19.146377 1.584916 2
36.242342 18.551677 2.330116 1
37.082642 18.891577 2.700516 7
37.166642 18.821577 3.635816 14
36.563042 18.905377 4.361516 2
36.430042 19.832777 4.332216 2
37.280342 20.391877 4.329516 6
38.175142 20.266077 3.945116 2
37.583442 20.480077 3.244516 14
36.730342 20.426577 2.871516 12
35.830142 20.768877 2.845616 6
35.827842 20.618777 1.854816 2
36.770442 20.527877 1.629416 8
36.600142 20.400777 0.639116 2
37.190042 21.091277 0.946716 8
37.706542 21.190877 0.151316 14
38.041142 22.025477 0.460916 1
38.719642 22.122377 1.101116 2
39.491942 22.582277 0.647316 10
39.461242 23.585377 0.674416 1
38.832842 23.765377 1.466116 3
39.276842 24.153877 2.164016 14
40.143242 24.600877 2.272516 9
40.851942 24.204577 2.794016 2
41.389742 24.945477 3.165816 7
41.994842 24.446977 2.560016 1
42.538742 24.050977 3.266316 1
42.773742 24.993177 3.163816 1
43.775642 25.092177 2.849016 8
44.541442 24.536077 3.409716 3
45.400442 24.461677 3.890216 8
45.649442 25.191677 3.356316 2
46.459242 24.727177 3.311416 3
46.605142 25.724477 3.391916 2
46.426542 25.730877 2.453316 1
46.318742 26.623177 2.735116 14
46.670342 27.530277 2.945116 12
46.533142 28.459377 3.334216 14
45.936942 28.970177 2.800216 2
45.592542 28.081877 2.752716 5
44.711542 28.312877 3.037716 11
43.748242 28.366277 3.292516 3
43.385342 28.846877 2.594016 2
43.270842 28.631177 1.620716 15
43.503342 27.792977 1.081816 2
44.234642 27.922477 0.537216 2
44.227642 28.340977 -0.344684 2
43.406542 28.119277 -0.682484 8
42.845242 27.684977 -1.431184 1
42.016542 27.873077 -1.937084 5
41.383842 27.481677 -1.328484 3
41.283442 26.559377 -1.639784 1
40.364342 26.805077 -1.440384 2
40.089342 27.008877 -0.543484 14
39.918442 26.103577 -0.328584 1
40.246242 26.118677 0.591916 1
39.381842 25.774977 0.515416 2
38.700142 25.353477 0.000216 2
37.930042 24.842477 0.370216 1
37.554642 25.273077 -0.512484 1
37.158342 24.785377 -1.239184 14
37.653742 24.651877 -2.172384 1
37.214542 25.506877 -2.179784 4
36.347942 25.200277 -1.824684 14
36.518842 24.458677 -2.525084 14
36.591542 24.219777 -3.467884 3
36.357642 23.287777 -3.242684 9
36.427142 22.579177 -3.852284 9
36.250642 21.661477 -3.629584 6
35.411842 21.588677 -3.172584 2
34.907842 21.698277 -3.983484 2
34.964142 21.895577 -4.896784 9
35.911142 21.777477 -4.885184 2
36.186642 22.704877 -5.124684 9
35.327442 23.027677 -4.782484 9
35.132342 23.212677 -3.890884 9
34.577942 22.897677 -3.138884 6
34.830642 22.282677 -2.427184 2
34.677242 21.436277 -1.948484 2
33.693242 21.261477 -2.067384 2
33.238242 20.506777 -1.844384 6
33.630342 20.335977 -0.933384 2
33.432442 19.359477 -1.144084 8
34.410142 19.531577 -0.933584 2
34.974342 19.409077 -1.749384 2
35.406342 18.553177 -1.629784 8
35.598442 17.897877 -2.359684 6
34.674342 18.244777 -2.371484 8
34.307042 17.762477 -3.203584 14
33.942242 17.136577 -2.549884 3
33.693442 17.567677 -1.628584 8
32.724442 17.607677 -1.701684 8
31.872642 17.855277 -2.131684 6
32.351542 18.496277 -2.767284 3
32.557842 19.192577 -2.215684 14
33.232442 18.593377 -1.906184 8
33.681842 19.516377 -2.200384 2
34.499242 19.491577 -2.738884 14
34.054242 20.280077 -2.845584 2
34.997842 20.580877 -2.767584 2
34.621442 20.574277 -3.672584 2
33.950142 20.104077 -4.318884 3
33.554742 20.925977 -4.692684 3
33.745842 21.580477 -3.945884 2
33.277642 20.875777 -3.320384 10
32.349042 21.246877 -3.334084 3
31.592242 21.353677 -3.926584 1
30.862942 20.767677 -4.071084 2
31.464142 20.464777 -4.737184 12
31.557342 19.887577 -5.464584 3
32.380442 19.584477 -5.653284 12
31.950342 18.932977 -5.094284 1
32.255942 18.128077 -4.731784 8
32.237042 18.254277 -5.741484 2
32.894042 17.706877 -6.225884 9
33.686642 18.163477 -6.270284 3
33.844442 17.493877 -7.017484 8
33.588442 17.044877 -7.892384 2
33.697342 16.144977 -8.148484 2
33.486342 15.319077 -8.510384 1
32.798842 14.865077 -7.871084 8
33.463642 14.219077 -8.000784 1
33.998742 14.154977 -8.768084 14
33.610742 13.507177 -9.386684 9
33.568442 12.552677 -9.018084 1
34.022942 12.548877 -8.114784 1
34.463242 11.695377 -7.820484 6
33.832542 10.988777 -8.114384 1
34.059042 10.033877 -8.218484 2
34.899842 9.595927 -8.355784 6
35.623042 8.991097 -8.547884 8
35.206642 8.694197 -7.678684 3
34.305342 8.371737 -7.844484 3
33.334142 8.090667 -7.573884 6
33.825742 8.762277 -6.947584 1
34.316642 9.487417 -6.414384 14
33.968942 10.279277 -5.959784 2
34.808042 10.887777 -5.956484 2
35.719342 10.615177 -6.286784 2
36.642242 10.722577 -6.037884 7
36.530442 9.743237 -6.116184 1
36.545742 9.537387 -7.001684 9
37.320242 9.473327 -7.652384 3
38.073342 9.543927 -8.201284 14
38.566442 9.385967 -9.031084 2
38.894442 8.524607 -8.692884 14
38.845742 7.551817 -8.525784 3
39.811942 7.524027 -8.240784 2
39.779442 6.621287 -7.959084 9
39.878942 6.535647 -6.989784 8
40.488842 6.268727 -6.284384 2
40.841342 7.050877 -6.904484 8
41.770242 7.168307 -7.236784 14
42.359942 7.973297 -7.210884 2
43.034342 8.401967 -6.689584 8
43.303642 8.880507 -5.929784 12
43.404942 9.725177 -5.461084 1
42.630442 9.697197 -4.883884 2
42.256642 9.125947 -4.176884 9
41.697942 9.127597 -3.427284 10
42.390442 9.642557 -2.916084 2
41.997042 10.498877 -2.540084 9
42.275642 10.731977 -1.685484 2
42.040742 11.578077 -1.286784 1
42.383542 12.441177 -1.112284 1
41.464542 12.748377 -1.035184 2
40.821142 13.506977 -1.257084 3
40.804542 14.373077 -1.739884 3
40.031042 13.991677 -2.347784 2
39.309742 13.423577 -2.646884 1
38.859142 13.705577 -1.858384 1
38.472742 14.601177 -1.710784 6
39.281842 14.890777 -2.137584 2
39.012042 14.585077 -3.010884 14
38.402342 15.320177 -2.721684 3
37.799042 16.143677 -2.620484 2
37.508142 15.710377 -1.752284 6
36.852842 16.301077 -2.073684 12
36.339742 16.585777 -1.257284 8
35.377042 16.590577 -1.166184 8
35.536442 16.211577 -2.037984 6
34.797042 16.731077 -2.314084 8
34.326142 15.946677 -2.722984 2
34.805442 15.837377 -3.538384 3
35.317442 16.641577 -3.574784 6
35.909842 17.475277 -3.356484 2
35.497942 17.672977 -4.260184 12
35.451242 18.654977 -4.325484 3
36.142542 19.301877 -4.195284 2
36.405042 19.215177 -5.110784 1
37.452942 19.422477 -4.743984 14
37.490042 19.093277 -5.631684 4
38.329842 19.087377 -6.171384 2
39.279642 19.049177 -6.422184 1
39.094542 19.958877 -6.515584 8
39.104542 19.615177 -5.572684 3
38.707542 20.033577 -4.751184 14
39.120442 20.971977 -4.491084 2
39.145642 21.494077 -5.402084 1
38.317442 21.040877 -5.314784 2
37.747642 21.669177 -5.724084 1
36.983542 22.276677 -5.666584 2
36.390842 22.881977 -6.155484 9
37.095442 23.411377 -5.775384 2
36.732142 24.299077 -5.800684 9
37.664842 24.262777 -5.608784 6
38.576042 24.230677 -5.936184 3
39.244442 23.624177 -6.151384 2
38.883242 23.254377 -5.358484 6
39.218742 24.074377 -4.993484 2
39.123842 23.464977 -4.296384 9
38.661042 23.195877 -3.421884 14
39.696342 23.316277 -3.437284 2
39.301542 22.690377 -2.765884 14
39.098942 23.251377 -2.047984 1
39.424742 22.561077 -1.502384 9
39.527742 21.640177 -0.960784 3
38.867142 20.884477 -0.747084 3
38.481742 20.265377 -0.074184 10
37.555842 20.146777 -0.365384 1
36.688042 19.954877 -0.682584 2
36.067342 19.655477 0.035416 2
35.121442 19.803777 0.024616 2
35.256942 18.973677 0.573516 2
35.810042 18.241377 0.809816 3
35.677142 17.690677 0.016316 8
35.037042 17.178277 -0.467084 8
34.967142 16.244977 -0.282784 8
34.646242 15.923677 0.516616 1
35.130942 16.770277 0.483916 8
35.957042 17.162177 0.806416 2
36.736642 16.625577 0.526816 8
37.543742 16.563077 1.083416 4
37.965242 17.075477 1.874016 3
38.228342 17.916477 2.081216 6
37.742842 17.441077 2.813116 3
38.223242 16.662977 3.002616 14
38.203942 15.742277 3.104216 14
38.866642 15.135677 2.941416 2
39.062342 14.381777 2.345716 7
38.407542 14.475877 1.614516 6
38.072142 13.630477 1.934616 2
37.274442 13.695377 1.433716 3
37.046342 12.755677 1.443516 14
37.549942 12.017777 1.102116 2
37.491142 11.343277 0.422616 3
36.712342 10.800577 0.503316 10
36.210742 10.026877 0.059716 2
35.815442 9.211377 -0.182684 6
36.168342 8.823987 -1.024184 5
35.275542 8.451087 -0.981384 3
34.557642 7.795997 -1.004084 3
33.860842 7.834407 -0.314184 1
33.480542 7.725587 -1.186284 13
32.771342 8.112967 -1.791984 5
31.845342 7.812007 -1.508884 2
31.714442 7.958837 -0.560584 1
32.676342 8.362227 -0.570384 7
33.310542 9.099367 -0.740484 3
33.969942 9.366567 -0.159384 3
34.538242 10.224177 -0.069484 2
34.147242 10.394277 -0.873684 14
33.784642 10.430377 -1.711784 9
33.427742 10.989977 -2.491684 1
32.744942 11.620577 -2.127084 1
32.251942 12.364377 -2.405284 3
31.893642 12.996577 -3.017284 1
32.579642 13.713477 -2.981784 1
32.852042 14.443277 -2.373784 3
32.809742 14.950077 -1.559884 3
33.768042 14.630877 -1.506884 9
33.699742 15.105677 -0.651084 3
33.567942 16.074677 -0.701184 8
33.294242 16.372677 -1.586784 8
32.431242 16.391777 -1.216584 10
31.890542 15.969877 -1.854384 9
31.339942 15.589877 -2.650484 10
31.930742 16.096877 -3.160584 12
32.097942 15.682277 -4.064884 9
32.274242 16.522877 -4.477384 14
32.421142 16.925077 -5.303784 5
31.490442 16.713777 -5.173184 1
30.549342 16.556277 -5.083184 3
30.287642 15.615877 -5.181084 2
30.719142 15.642577 -6.096384 9
31.413942 15.275777 -6.709784 2
30.939842 14.634077 -7.260884 3
30.010342 14.788077 -7.325384 3
29.519342 14.437077 -8.057884 13
29.203842 15.352977 -8.169484 4
29.077942 16.281277 -8.235184 3
28.302442 15.842377 -8.535684 1
28.366642 15.579977 -7.576584 3
27.906942 15.347777 -6.737284 3
28.683142 15.911777 -6.378784 10
29.314942 16.276077 -7.004584 8
29.785742 16.238377 -6.102584 10
30.040342 17.198677 -6.217884 1
29.799642 17.695577 -7.005184 2
29.713942 18.586877 -6.634484 3
29.629542 19.352677 -6.088884 3
30.067342 20.084177 -5.559384 7
29.956942 20.911477 -6.028884 1
30.181942 21.145077 -6.989684 1
29.776042 21.926777 -6.702084 2
28.935942 22.297977 -6.430784 6
29.282342 23.161577 -6.619484 6
30.065642 23.711877 -6.497684 12
30.993142 23.904677 -6.615084 9
31.780542 24.537577 -6.439284 3
32.354142 25.348077 -6.358284 3
31.406342 25.574077 -6.478884 3
30.749842 24.793377 -6.259584 8
30.247242 24.375877 -5.598784 9
29.463542 23.872477 -5.494684 6
29.834542 22.948477 -5.319284 13
29.235542 22.202677 -5.202284 6
30.109842 21.645777 -4.985284 9
30.547442 22.469177 -4.783784 3
30.395542 22.719977 -3.925784 6
30.610742 23.699177 -4.060984 4
31.309242 23.520977 -3.312784 5
31.903142 22.724977 -3.448184 5
31.562242 22.360177 -4.226184 3
32.407942 22.397377 -4.642884 14
32.734342 23.339677 -4.868484 8
32.911842 23.819977 -4.024584 5
33.777142 23.766577 -4.494284 9
33.968542 24.685477 -4.253684 9
33.421642 25.007277 -4.955884 3
32.689042 25.479577 -5.340684 3
32.153242 25.635877 -4.561084 3
32.734342 25.281177 -3.882684 10
31.998642 25.567777 -3.315984 10
32.058842 24.611777 -3.352484 5
31.911942 23.905777 -4.025484 14
32.165642 24.465677 -4.794984 3
31.669942 23.987277 -5.510584 3
32.034642 23.189677 -5.877484 1
31.853842 22.647577 -6.719684 1
32.465842 22.091577 -6.177684 3
33.283942 22.037577 -5.678384 4
34.198142 22.369177 -5.677884 9
33.969342 22.140977 -6.613784 1
33.263242 22.013777 -7.275684 1
33.452142 21.692677 -8.183484 3
34.115942 22.229277 -8.626084 1
34.378242 23.119377 -8.745284 1
33.985542 23.662377 -8.077384 4
34.547442 24.394777 -7.866184 9
33.861742 25.003477 -8.263084 1
33.705042 25.858277 -7.777284 6
33.109542 25.598677 -7.017684 3
33.925742 25.884977 -6.627784 3
34.500542 26.717177 -6.777784 10
35.311342 27.282677 -6.983484 15
35.408942 28.013077 -6.359184 11
34.940242 27.525677 -5.574984 6
34.356842 26.812377 -5.534584 6
33.863942 25.943877 -5.577784 3
33.296242 26.086977 -4.765284 13
32.748642 26.770177 -5.164684 3
32.822142 27.478877 -5.778984 6
32.114742 27.020877 -6.232884 3
31.239642 26.629177 -6.399784 3
30.319542 26.546477 -6.331684 13
30.074742 26.523577 -5.398684 9
30.955942 26.741377 -5.273984 3
31.011442 25.838777 -4.812684 3
30.269242 25.487277 -4.126784 4
30.556442 24.766177 -3.596384 4
30.901342 24.551877 -2.638084 3
31.638142 23.951477 -2.448384 5
32.428042 24.503577 -2.338784 5
32.876842 25.355977 -2.136284 9
33.593242 25.901277 -2.486784 3
34.401242 26.360077 -2.508684 8
33.755642 27.023377 -2.743684 8
32.870042 27.055677 -3.182084 12
32.100442 27.605277 -3.354184 9
32.771842 28.033077 -2.805384 1
33.063742 28.796077 -3.303184 6
33.903242 29.190077 -3.131284 3
34.216542 29.223277 -3.989384 6
35.030342 29.123677 -3.502384 3
35.958842 28.913877 -3.824984 5
36.425642 28.381877 -4.486784 1
37.255242 28.648177 -4.931884 5
36.975142 28.056277 -5.704084 1
37.599242 27.678677 -5.083684 2
38.114942 27.830677 -5.889384 1
37.565842 27.308077 -6.446484 5
38.400942 27.327977 -6.900184 10
37.998542 26.902377 -7.673084 3
37.841742 26.138777 -8.233284 1
37.421742 25.275177 -8.335584 3
36.888842 24.515877 -8.503184 9
36.920642 23.950877 -7.698684 10
36.521142 24.566977 -7.115384 13
36.041442 23.760277 -6.987684 3
35.376342 23.264377 -6.580184 9
34.937242 24.168177 -6.437084 14
34.566242 25.072377 -6.131484 3
35.123442 24.533777 -5.494084 9
34.203142 24.214077 -5.660384 3
34.726642 23.342477 -5.474184 9
34.150042 23.236277 -6.164884 13
33.545942 23.940777 -6.374184 3
32.858142 24.493777 -6.903184 3
32.679942 24.513077 -7.823684 9
31.909442 24.132477 -7.483184 3
31.228342 23.645177 -7.924584 9
30.234942 23.396577 -8.170484 1
29.381142 23.086577 -8.489984 1
29.003442 23.244977 -7.606384 4
28.637342 24.106677 -7.290384 6
27.751442 23.845077 -7.714484 3
27.614342 24.131177 -6.763384 6
26.812842 23.681977 -7.172084 8
26.410742 22.777277 -7.266684 9
25.640742 23.258977 -6.751384 1
25.661542 24.013977 -7.371584 1
26.036042 24.763977 -7.836284 1
25.287042 25.065077 -8.438884 4
24.350342 24.942677 -8.225384 3
24.619842 25.962677 -8.585784 3
24.585342 26.814177 -9.008084 10
25.518842 26.923477 -8.702484 3
26.522342 27.051377 -8.610784 5
26.992942 27.490877 -9.349284 1
27.496042 26.828877 -9.780384 3
27.837642 26.402877 -8.835684 8
28.495542 26.896777 -8.308484 5
28.119842 26.223677 -7.750284 5
28.783542 25.584977 -7.565684 6
29.113542 25.217677 -8.381184 3
29.453542 25.777977 -9.013284 9
29.714642 26.675777 -9.124484 3
29.619942 26.610777 -8.148984 5
30.220642 26.389877 -7.385584 11
31.174742 26.198277 -7.413484 3
31.889242 26.147477 -8.080684 3
31.483842 26.625677 -8.776784 9
32.082542 27.200877 -8.421584 3
32.175842 28.007977 -8.942084 3
32.956942 28.596877 -9.115884 15
32.895542 29.279177 -8.510784 1
33.557842 29.874877 -8.870884 14
32.788442 29.672677 -9.387684 12
31.976142 29.659777 -9.866984 4
31.372242 29.023677 -9.438584 10
30.905742 28.421777 -8.868784 3
30.526142 28.631177 -8.079484 3
30.737342 29.568277 -8.346584 1
31.386442 29.078077 -7.892184 3
32.327642 28.774677 -7.829284 8
32.524742 27.810777 -7.789784 3
33.468942 27.882177 -7.578484 13
33.405642 28.874677 -7.445184 9
33.234442 29.396977 -6.701184 6
33.763942 29.493877 -5.900884 6
33.143442 30.287877 -6.094384 3
33.195442 30.162477 -5.147884 6
32.902242 30.438977 -4.244584 4
32.314242 29.933377 -4.712984 6
31.418342 29.635077 -4.549184 5
32.034542 28.940977 -4.782684 6
31.395542 28.260777 -4.992684 3
30.635942 27.704077 -4.579484 9
30.245042 27.892477 -5.404984 9
30.160842 28.107177 -6.354984 3
30.811542 28.771077 -5.966384 3
29.926542 29.114377 -5.716584 1
29.789942 29.379377 -6.630784 3
30.615842 29.907277 -6.743984 3
30.693942 30.296477 -5.819884 9
29.778842 30.446077 -5.521384 10
29.082342 30.010177 -6.030684 1
28.894342 30.980877 -6.152184 1
28.426142 30.916677 -7.009984 3
28.155642 30.292977 -7.695984 1
28.193942 29.329477 -7.661784 13
27.634642 28.593877 -7.787784 1
28.159642 27.858777 -7.674084 5
28.547542 28.137277 -8.511884 9
29.245742 27.969877 -9.200884 5
30.154942 27.735977 -9.618484 4
30.657042 27.341377 -8.881384 8
30.677742 27.142777 -7.883984 3
29.981042 27.393777 -7.248384 5
30.831542 27.716277 -7.045484 3
31.642842 28.060577 -6.786784 3
32.007142 28.409177 -5.927584 6
32.322942 28.938977 -6.692384 6
31.584542 29.620777 -6.963584 3
31.631842 30.533077 -6.942984 9
30.951642 30.828577 -7.576984 8
30.091442 30.460977 -7.837284 4
30.175642 30.466677 -8.886084 3
30.075442 29.638777 -9.487384 15
29.358442 29.276777 -9.042484 8
29.203742 29.307577 -8.037784 13
29.637042 28.697877 -7.373484 3
29.052542 28.029977 -6.910684 5
28.949542 28.797777 -6.443784 3
28.843742 28.701277 -5.515284 13
29.237542 27.849277 -5.576384 9
28.530342 27.843777 -4.846084 9
27.746142 27.269777 -4.557184 3
28.542442 26.749277 -4.324884 9
28.134142 25.934477 -4.386884 3
28.810442 25.818377 -3.778384 14
29.546342 26.532077 -3.705284 9
29.532642 26.118277 -4.597984 9
29.457542 25.226077 -4.947084 4
29.522242 25.533677 -5.873984 1
29.333142 24.769177 -6.384984 6
30.033042 25.300677 -6.958484 3
29.998442 25.155777 -7.858684 10
30.965542 25.176377 -7.726484 3
31.157442 25.484577 -8.606584 15
32.007042 25.003377 -8.566084 3
32.800042 25.295277 -9.083284 6
32.816942 26.112077 -8.590084 1
32.826242 26.703577 -7.837084 3
32.813642 27.126477 -6.916884 3
33.652142 27.610877 -6.515284 6
34.436642 27.942477 -6.977184 1
34.261742 28.589377 -6.209284 6
34.363642 29.355077 -6.810284 10
34.357442 29.544577 -7.752384 1
34.734442 30.335077 -7.345684 3
34.557142 30.941377 -6.575984 3
35.197542 31.223477 -7.340684 5
35.613842 32.097277 -7.737784 10
35.134242 32.135977 -6.898984 11
35.385042 31.534277 -6.140684 13
35.932042 30.763077 -5.920184 3
35.356542 30.193777 -5.419884 8
35.165842 29.307277 -5.888484 9
34.711742 28.858277 -5.271984 5
33.763742 28.819177 -5.142284 6
32.964342 28.285077 -5.003184 6
32.460942 27.617277 -4.472084 5
31.876642 27.265577 -5.171584 3
31.510342 27.043777 -4.267784 9
31.337142 26.580477 -3.416584 9
30.439142 26.688177 -3.119584 9
30.542042 25.952077 -2.561784 3
29.566042 25.948977 -2.852584 1
29.769842 24.987277 -2.854184 4
28.792542 25.079477 -2.729184 1
28.789942 24.161377 -3.074784 4
28.192042 23.416877 -2.715784 3
27.263042 23.345177 -2.986784 1
26.396942 23.628977 -3.281784 8
26.016242 24.475577 -3.341184 1
26.061442 25.276977 -3.860384 3
26.343242 26.127377 -4.253184 3
25.428042 25.880877 -4.551784 3
24.930342 25.023777 -4.608884 1
25.040142 24.024077 -4.720384 5
25.854342 24.280877 -5.063184 3
25.314742 24.702177 -5.840584 9
25.751542 25.545777 -5.864484 3
26.161242 25.598677 -6.718784 10
26.722042 25.862077 -5.938084 3
27.217742 25.252977 -6.564084 6
27.554142 26.211077 -6.719884 15
27.844242 27.177177 -6.953284 5
28.423842 26.742777 -6.300284 9
28.499842 25.882977 -5.807984 9
28.267142 24.954477 -5.569484 6
27.474842 25.366377 -5.265284 3
27.095042 26.129277 -4.927684 3
27.846642 26.634077 -5.369684 9
27.050242 26.999177 -5.760584 3
26.692342 27.693877 -6.367884 13
26.535342 27.261377 -7.282084 5
25.708742 26.745477 -7.254284 6
26.067242 26.889377 -6.374684 3
25.303042 27.451077 -6.363784 13
25.062742 26.722477 -5.737784 3
24.177342 26.284977 -5.622484 6
23.330642 25.833777 -5.786984 6
23.713042 25.307377 -5.133684 3
23.240642 25.236277 -4.225584 1
23.551242 25.175977 -3.324084 1
24.236342 25.046077 -2.691384 5
25.109442 25.338777 -3.057484 10
25.904842 25.599977 -2.529484 3
26.539742 26.131277 -1.941484 12
27.044642 25.552077 -2.577784 8
26.636242 26.005877 -3.263484 3
27.103842 26.655977 -2.723484 3
27.745042 27.163777 -2.219484 4
28.703642 26.909077 -1.981584 9
28.354742 26.274177 -2.648684 14
27.887242 25.713577 -3.286584 3
28.299442 24.905877 -3.709184 4
27.813142 24.521877 -4.476084 3
28.086442 23.831577 -5.183384 6
28.840442 24.307677 -4.669284 11
29.537542 23.675777 -4.306184 4
29.232542 22.847377 -3.894284 13
28.316542 22.807477 -3.793484 3
27.678842 22.585277 -4.458184 9
27.913642 22.341177 -5.332384 6
27.979542 21.365677 -5.132684 4
28.874442 21.398677 -4.697584 9
28.691542 20.514877 -4.395484 1
28.656042 19.770177 -4.981384 6
27.739842 19.721877 -5.205584 3
26.984642 19.645977 -4.520584 10
26.116142 19.939677 -4.825884 1
26.411942 20.639477 -5.449984 3
25.897242 21.168277 -6.143684 1
26.611042 21.807477 -6.291984 1
26.829942 22.762877 -6.370784 9
27.558342 23.285277 -5.922484 6
27.084642 23.304577 -5.141684 3
26.679542 23.479777 -4.291784 1
26.651142 24.375677 -4.381584 3
27.168942 24.410577 -3.589884 3
26.941842 24.237077 -2.653384 9
27.202542 24.648777 -1.830884 8
27.431042 23.699477 -1.613784 15
27.800242 23.968677 -0.792784 10
28.013142 23.022377 -0.754884 5
28.889942 23.023877 -0.451184 8
29.488942 23.196377 -1.217584 3
30.191642 23.889177 -1.285984 13
31.123642 23.814577 -1.551984 5
31.570242 24.573677 -1.227484 5
31.078042 25.439177 -1.066884 1
30.930242 26.411277 -0.994084 3
30.420342 27.076777 -1.456084 11
30.827242 27.769077 -1.941684 10
30.261242 27.807977 -2.751784 9
30.773442 28.605377 -2.600284 3
31.090142 28.867177 -3.398684 13
30.325042 28.422277 -3.815684 9
29.891042 27.546577 -3.681984 9
28.926642 27.610177 -3.764684 9
28.022542 27.832977 -3.810184 13
27.108042 27.632277 -3.775584 3
27.100442 28.264177 -4.515584 3
27.245042 28.531077 -5.521384 6
26.376642 28.089477 -5.276484 3
25.636742 27.486977 -5.170784 3
24.985542 28.139177 -5.634384 13
24.321042 27.467277 -5.365884 6
24.199042 26.886577 -4.622084 6
24.931742 27.506177 -4.450984 5
25.669242 26.901777 -4.350684 3
26.341942 26.956577 -3.678184 3
25.493242 27.384177 -3.463684 3
24.575342 27.799077 -3.266784 8
23.669542 28.164077 -3.215084 4
23.499942 27.585677 -4.020984 15
22.626242 27.296177 -4.529384 6
22.535942 26.408377 -4.887784 6
22.296742 25.408777 -4.872984 5
21.398742 25.675177 -4.495884 3
20.760042 25.107177 -4.031684 5
20.505842 25.522977 -3.200884 6
20.427542 25.484377 -2.161484 3
21.152542 26.013177 -1.736484 10
21.521542 25.336977 -1.178084 1
22.171642 26.077177 -1.288284 10
22.748642 26.211877 -2.083484 1
23.460942 25.660877 -1.673584 1
24.033242 25.931177 -0.895784 4
24.932442 25.728977 -1.142484 1
25.461642 26.149977 -1.735684 3
24.727142 26.822677 -1.626284 1
24.820942 26.719877 -2.662284 3
24.496542 27.531377 -2.253484 1
25.390742 27.656477 -2.332284 3
26.110742 27.384377 -1.747884 3
26.982442 27.137977 -1.211684 1
27.666042 27.781677 -0.934484 6
27.133642 27.971477 -1.759384 4
27.417242 28.070877 -2.638184 3
28.386042 27.932577 -2.678984 9
29.104842 27.967977 -2.070184 9
29.260942 28.876477 -1.568184 14
29.732442 29.512177 -1.046084 5
29.117642 29.947877 -1.662584 12
28.756742 29.439177 -2.411384 5
28.294142 28.988177 -3.129084 9
27.561442 28.808577 -3.712884 11
26.651442 28.580077 -3.481184 3
26.217242 29.036777 -4.195184 3
25.415742 29.579177 -4.192984 4
24.547342 29.780677 -4.459584 10
24.253442 29.145277 -3.783884 4
24.076742 28.763577 -4.707584 13
23.498142 28.018977 -4.947884 6
23.007642 28.799977 -4.944584 4
22.301842 28.649777 -5.541984 10
22.775842 28.522877 -6.367784 9
23.170442 28.588177 -7.283884 1
23.892142 29.111477 -6.990784 13
23.470042 29.832277 -7.450484 10
23.482342 29.759677 -8.388584 6
24.356042 30.137377 -8.271184 13
24.602242 30.745577 -7.554584 3
24.383042 31.144077 -6.691984 10
25.203242 30.774877 -6.327784 8
24.723742 30.900277 -5.479284 10
24.099842 30.409177 -5.971684 10
24.599942 29.663077 -6.343184 13
25.375242 28.657977 -4.898784 3
25.108842 28.412377 -4.002084 5
25.693142 28.424977 -3.230884 3
24.954842 28.803277 -2.632484 4
24.703142 29.621077 -2.141884 4
24.110142 29.018977 -1.595684 6
23.608042 29.888477 -1.636584 4
23.340042 29.841777 -0.728984 5
22.861642 30.668477 -0.672084 13
23.140042 31.548277 -0.874684 1
23.922042 31.319477 -1.494084 4
24.135142 31.089077 -0.551384 1
23.417842 31.333277 0.079516 10
23.451342 32.167077 0.568316 8
24.177042 32.420777 1.180916 9
24.770742 31.736777 1.570316 4
24.995642 31.575577 0.629416 10
24.821242 32.402677 0.193016 11
25.590742 32.941277 0.255616 10
26.101742 33.011677 1.084016 4
26.586142 33.542477 1.722616 3
26.236842 33.896877 2.573716 6
26.492642 34.524877 3.297416 4
25.996642 35.219177 2.759516 11
26.984542 35.486077 2.508516 4
26.932742 35.937277 1.674816 10
27.754542 35.792677 1.158416 11
27.628442 34.766077 1.196116 1
28.613142 34.527277 1.185416 1
29.002342 34.638777 0.254916 3
29.289442 34.024777 -0.462484 13
29.416442 33.968077 -1.392184 5
30.336342 34.175777 -1.568984 6
30.708642 34.378977 -0.732784 10
30.038742 34.441477 -0.076584 13
30.113642 33.575177 0.271216 10
30.361642 33.137977 1.055416 5
29.656442 32.916677 1.610116 4
29.670842 32.032677 1.168916 10
29.119742 31.551977 1.743516 13
29.662042 30.816577 1.468616 6
30.586242 30.700577 1.846016 1
31.095442 29.952877 1.478016 3
31.336242 30.007377 0.556616 4
30.425042 30.035977 0.220916 15
29.951342 30.856577 -0.054884 4
29.975042 30.575077 -0.988384 13
30.318342 31.455277 -1.270884 4
30.850942 30.680177 -1.618684 10
30.478142 30.967977 -2.421584 1
31.340742 30.971677 -2.848584 8
31.239142 30.086977 -3.180884 4
30.478542 30.662477 -3.518384 6
29.542242 30.862477 -3.320084 12
29.561942 30.096777 -3.883584 1
29.443042 29.150877 -4.057084 9
28.624042 28.666477 -4.073784 9
28.078942 29.461577 -4.465184 1
27.980542 30.249377 -3.999584 3
26.974542 29.894977 -3.942684 13
26.179242 30.013377 -3.284184 4
25.683842 30.743877 -3.678484 4
25.995442 30.441177 -4.586384 10
26.438742 31.036777 -5.120284 3
26.750742 30.485177 -5.920484 2
26.476442 29.663777 -5.428584 11
26.973342 29.510777 -6.268284 5
26.524242 29.608477 -7.120384 15
25.668142 29.519877 -6.708884 13
25.701742 28.883777 -7.400784 13
26.503442 28.310777 -7.767284 4
26.900542 29.008877 -8.274384 10
26.875542 29.950577 -8.385384 1
27.725842 29.880077 -8.730584 1
28.401842 30.133977 -9.317684 1
29.286642 30.547977 -9.485284 9
28.968542 30.463177 -10.399684 4
28.217642 30.373577 -11.015384 1
28.429242 30.793277 -11.864084 6
28.266442 31.751277 -11.816984 1
27.908042 32.611977 -12.071984 6
27.919942 33.595777 -12.016084 1
27.019842 33.732577 -12.413384 10
26.918242 34.536877 -12.903684 10
26.213042 34.499477 -13.579984 4
25.423042 34.908077 -13.230684 3
26.183242 35.166777 -12.683584 10
25.540242 34.959177 -11.987884 10
24.620842 35.199477 -12.261884 1
24.008742 35.339077 -13.008384 5
23.398642 36.122277 -12.899284 8
22.695142 36.727577 -13.111984 11
22.952142 36.000877 -13.775884 10
22.540242 35.121477 -13.913484 5
21.954442 35.272877 -14.676284 3
22.222842 34.343777 -14.974484 10
22.845642 34.939377 -15.299184 13
23.607342 34.872177 -14.738784 4
23.879842 35.058477 -15.630184 4
24.747242 34.633477 -15.289084 13
25.376142 34.367677 -14.450684 8
24.919642 33.524777 -14.595284 13
24.771042 33.433077 -15.591084 9
24.834242 32.461477 -15.743284 11
25.183942 31.820277 -15.142084 6
24.890642 31.343677 -14.290884 10
24.101342 31.272177 -13.709484 4
24.068842 31.537277 -12.805584 3
23.630642 30.664877 -12.974284 15
23.232142 30.316677 -12.157384 13
22.519942 30.317877 -11.535884 1
23.308642 30.984177 -11.408784 6
22.618142 31.234277 -10.809284 4
23.155942 30.624477 -10.309784 5
23.773442 31.347777 -10.247884 4
23.559142 31.016477 -9.437084 4
24.253642 30.434777 -9.795684 11
25.096342 30.760477 -10.220284 6
25.673942 31.273777 -10.815284 4
26.124142 32.084777 -10.459284 10
26.379942 31.927177 -11.375184 1
26.547942 32.818177 -11.490284 13
26.585842 33.555377 -10.878784 10
26.511342 33.081777 -10.084084 10
27.383042 32.675977 -9.901584 4
27.689842 32.304477 -9.028084 9
28.277342 32.654477 -8.419884 5
28.197942 32.209577 -7.533484 3
27.483042 32.801277 -7.262084 8
27.185642 33.408077 -7.870384 12
26.237042 33.275577 -8.068184 13
25.472242 32.687977 -7.712484 13
25.363542 31.810677 -8.009984 1
25.633142 31.200877 -8.787884 1
24.724242 31.020377 -9.028784 1
24.009242 31.487277 -8.580384 4
23.553842 31.220177 -7.752084 10
22.690942 30.987877 -8.057984 3
23.003042 31.581777 -8.794384 4
22.861342 32.562977 -9.087984 4
22.041842 32.154477 -9.143184 4
21.821942 31.263977 -9.045884 1
21.590742 30.412277 -9.256984 10
21.142142 29.502277 -9.054084 1
20.543442 28.741477 -8.918984 15
21.107142 28.499477 -8.177084 3
21.630642 27.718177 -8.240284 1
21.484542 27.505077 -9.142384 10
21.928542 27.177577 -9.928584 4
22.508342 26.745977 -9.309984 5
22.848342 27.593177 -8.782984 11
23.368742 26.792777 -8.414884 4
23.584042 26.830777 -7.458784 10
23.562142 27.021477 -6.453984 6
24.060842 27.840677 -6.509584 13
24.281042 27.810277 -7.483284 11
24.845042 28.461077 -7.810084 13
24.755142 28.210277 -8.707084 10
24.387742 28.174777 -9.713184 9
25.314742 28.383477 -9.846184 1
26.119942 28.941077 -10.061084 6
26.462242 28.733377 -10.958784 3
25.677842 29.199577 -11.425684 3
25.012942 29.679577 -11.907984 8
25.669042 30.354977 -11.791884 4
25.889842 30.868577 -12.581784 8
26.313642 31.717177 -12.325384 6
25.526942 32.350077 -12.051784 13
25.426442 33.245777 -11.913484 10
25.698642 34.064877 -11.365184 10
24.897242 33.998477 -10.900884 10
24.168942 34.324477 -10.384984 12
23.686542 33.877277 -9.713484 4
24.486042 33.548277 -9.174684 13
23.694442 33.158277 -8.844984 4
24.380842 32.490677 -8.598884 4
25.314542 32.498277 -8.815884 6
26.183442 32.649277 -9.186584 1
25.893842 33.585677 -9.028384 13
25.310142 33.153077 -9.699784 10
24.633842 32.550877 -10.092684 4
24.702742 32.459177 -11.056184 10
23.785242 32.670977 -10.792184 3
23.273242 32.881177 -9.997584 4
22.283842 32.859277 -9.866584 4
21.768142 32.781177 -10.823384 9
21.574442 33.240277 -11.685484 13
21.653542 33.567777 -12.584084 5
20.776542 33.475177 -13.021384 1
20.060442 33.069477 -13.633784 1
20.447442 32.394077 -14.242784 1
21.030942 32.223277 -15.052184 13
21.312342 31.973977 -16.073184 10
21.847842 32.661377 -16.443684 3
21.400942 33.129277 -15.711384 6
21.387242 33.616277 -16.555984 9
20.952942 33.919277 -17.403484 10
21.021842 34.505677 -18.158684 11
20.095942 34.655277 -18.509684 4
19.339142 34.336377 -18.106954 6
18.721342 33.604477 -17.753384 13
18.962342 33.982577 -16.809184 9
18.683642 33.520977 -16.005784 4
19.477142 34.100677 -15.896184 10
20.355142 34.377377 -15.457884 4
20.521542 34.974377 -14.662984 10
19.729442 35.490577 -14.310284 15
20.203442 35.413777 -13.470484 1
20.429042 36.315377 -13.134084 10
21.002242 36.271177 -12.407184 4
21.543542 35.519377 -12.782684 5
22.538742 35.428177 -12.769384 5
22.703842 35.514477 -11.851884 13
22.165942 35.122677 -11.213484 5
21.371342 34.875677 -10.779484 8
21.633842 33.986177 -10.648484 3
21.911542 34.124777 -9.718484 4
20.999942 34.418777 -9.497284 10
20.673242 33.661977 -9.951284 9
20.182542 32.798777 -9.629084 13
19.981442 32.937277 -8.688184 7
20.832342 33.449377 -8.620784 4
20.630742 34.061877 -7.960784 1
21.108242 33.614277 -7.202884 12
21.759942 33.228677 -7.828184 4
21.296942 32.536377 -8.355584 4
20.523142 31.952977 -8.229384 1
20.678142 31.410277 -7.446084 6
21.725442 31.347277 -7.653084 4
22.259242 31.128877 -6.841184 10
22.269242 30.152177 -6.654384 10
21.975542 30.347477 -7.554484 1
21.223342 30.064677 -6.967784 6
19.430642 29.925777 -7.212784 3
19.500642 30.719577 -6.653484 1
19.790942 31.551277 -6.179184 10
18.871042 31.848077 -6.459084 14
18.101542 32.152277 -6.003584 13
18.307342 32.519577 -5.150484 4
18.841942 33.388377 -5.098384 13
19.758642 33.476577 -4.825784 10
20.615442 33.694977 -5.245484 3
20.702442 33.602377 -4.211784 11
21.273542 32.830477 -4.031284 10
20.771842 32.194677 -3.433784 10
20.265542 32.880477 -2.976184 11
19.625442 33.140877 -3.729084 4
18.870742 32.740077 -3.368684 13
17.876342 32.536077 -3.429084 8
17.889342 31.775477 -4.092684 4
18.583542 31.212777 -4.461884 13
19.424842 31.724277 -4.355684 6
20.237342 31.702677 -4.916384 10
20.481942 32.517477 -5.383384 9
20.939742 32.019777 -6.096184 13
21.376242 31.463677 -5.467484 10
21.404442 30.762077 -4.786484 10
21.151142 29.889577 -5.090884 5
21.194442 28.933977 -5.124384 4
21.026142 28.100477 -4.712184 6
21.020442 28.280977 -3.792884 15
21.689842 28.869277 -4.104284 9
22.548742 28.478977 -3.909384 4
21.957942 28.206877 -3.133584 5
22.779242 28.336777 -2.704884 4
22.826642 29.263877 -2.197084 4
22.352342 29.654177 -1.376284 8
22.002442 29.548077 -0.510584 3
21.593142 28.699377 -0.435884 5
22.028242 28.202477 -1.034884 1
21.283342 28.380077 -1.545184 13
20.478142 28.657877 -2.027184 1
20.725942 29.507077 -2.396284 4
20.948542 30.009677 -3.153184 1
21.725242 29.700377 -2.679684 1
22.199442 29.584777 -3.641084 4
22.057542 30.088377 -4.407584 7
22.804542 30.334077 -4.870884 10
23.244042 29.828977 -5.563784 13
23.175042 30.778677 -5.627684 10
22.797142 31.517577 -6.087284 10
22.849242 31.920077 -7.028584 4
22.192642 32.594977 -6.602684 11
22.795542 32.942777 -7.265284 4
22.812742 33.226277 -8.195684 4
23.328242 33.843677 -7.666284 13
22.927342 34.734477 -7.911084 14
22.250242 34.197277 -8.389084 4
21.732242 34.681977 -7.662284 12
21.631442 35.493477 -8.087184 10
21.819542 36.061977 -8.743984 6
21.695442 36.562777 -9.569084 6
21.315742 35.881577 -10.060984 13
20.892042 36.019877 -10.876284 10
21.250842 35.536677 -11.592884 3
20.758042 34.795077 -12.011284 11
20.962942 34.579277 -12.891984 5
21.158142 34.413777 -13.816384 4
21.771942 33.704077 -14.086684 10
22.760142 33.964777 -14.081384 5
23.632142 33.576177 -14.071484 1
24.499042 33.220777 -13.655084 1
25.028842 33.857577 -13.092784 10
24.363342 33.308277 -12.573584 10
23.792242 32.522477 -12.879784 4
23.011142 32.948977 -12.620284 9
22.701942 33.888377 -12.395384 5
23.610042 33.700677 -11.944984 10
23.327842 34.052677 -10.970284 15
22.966642 34.893777 -10.649884 3
22.997942 34.672177 -9.730184 4
23.355942 34.576077 -8.879284 1
24.143842 34.199677 -8.440584 13
24.305142 35.114277 -8.592884 13
24.359442 35.399377 -9.629284 9
25.000042 34.770277 -9.804984 10
25.306442 35.427177 -9.174484 13
25.770042 36.253477 -9.113584 15
25.416242 36.456777 -10.076684 6
25.776242 37.309977 -10.272984 1
26.538842 37.025677 -10.835484 4
26.081542 36.250777 -10.758784 4
26.277042 35.562277 -11.398884 10
25.479542 36.112977 -11.622184 13
25.761642 36.808777 -12.248084 4
26.212742 36.912777 -13.146384 9
26.382442 36.006177 -13.434984 13
26.957542 35.875977 -12.735584 5
27.426342 35.353177 -12.046484 10
27.754142 34.531577 -11.572484 10
28.286042 34.296377 -10.768484 4
28.505942 33.627977 -10.096384 4
29.339742 33.702877 -9.760684 8
29.365442 34.518377 -10.233284 10
29.826942 34.274277 -11.083484 4
30.216742 35.076277 -11.311284 8
29.390342 35.503877 -11.025684 3
29.419442 36.110877 -11.848384 11
28.755442 36.954077 -11.753884 7
28.363342 37.361877 -10.862384 6
29.301342 37.317077 -10.904984 4
29.110542 37.966777 -10.267484 1
29.666142 38.536177 -9.739084 1
29.653542 38.124977 -8.903184 10
30.458042 37.684177 -8.736784 4
31.029542 36.992177 -9.056684 1
30.562442 37.032077 -9.882984 10
29.618042 37.129077 -9.648184 12
28.819742 36.643177 -9.872184 6
28.911442 35.597277 -10.016984 1
28.333642 35.841977 -9.341984 1
27.801842 35.008077 -9.182284 6
27.263142 34.637877 -9.979384 4
26.649942 34.725977 -10.658384 10
26.123842 35.102577 -9.975484 10
26.099842 34.919477 -8.936284 13
26.822042 34.581077 -8.359684 4
26.001342 34.418877 -7.914284 13
25.717842 34.842277 -7.067684 13
26.624842 35.155677 -7.164884 4
27.034542 35.924177 -7.635884 10
27.948142 36.178677 -7.416084 5
27.637142 37.151977 -7.430984 4
27.358342 37.932777 -7.807384 14
26.624042 37.861377 -7.159284 5
25.795542 37.313577 -7.211284 10
25.506342 36.344877 -7.413384 13
25.845842 36.319977 -6.530984 3
25.372042 35.758777 -5.924584 15
26.155742 35.322577 -5.350284 15
26.525842 34.729977 -6.013784 10
25.788842 34.125177 -6.177684 13
25.885242 34.179477 -5.224984 1
26.025042 33.878377 -4.350384 4
25.132142 33.727677 -4.020784 10
25.341442 34.531077 -3.518784 9
25.963742 33.842577 -3.250984 3
25.184042 33.425577 -2.812884 7
25.024542 32.542377 -2.522184 4
24.422942 32.204777 -3.202684 4
24.049742 32.357477 -4.084784 10
23.666542 32.932177 -3.367684 10
23.188642 33.153777 -2.584184 4
23.357742 34.024977 -3.033084 1
23.211142 34.823777 -3.609284 11
22.422242 35.312877 -3.752984 6
21.854242 35.009977 -4.451284 11
22.599242 35.022777 -5.111384 9
23.467042 35.000277 -4.643484 4
24.141142 34.411177 -4.311784 9
24.210242 33.453277 -4.395384 10
23.636642 33.627577 -5.230184 10
22.985642 33.890677 -5.985984 5
23.691042 34.121377 -6.549284 13
23.340342 34.844177 -5.893084 8
23.881842 35.289377 -6.543984 13
23.796942 35.971077 -5.839784 4
24.291842 36.210477 -5.072784 10
24.984042 36.418677 -4.405184 8
25.279542 37.334077 -4.589184 6
24.598942 37.378377 -5.204384 7
24.830742 38.290377 -5.508984 1
25.637042 38.872077 -5.426184 1
26.055642 39.752977 -5.350584 10
25.287042 39.755877 -5.948584 5
24.615242 40.148677 -5.337884 4
24.052142 39.383577 -5.242584 4
24.011842 38.679177 -6.028584 10
23.598642 38.244777 -5.257884 1
22.982442 37.530977 -5.391884 3
22.411542 37.992377 -6.138784 10
22.293742 37.068477 -5.917984 4
22.562742 36.502977 -6.670384 13
22.120842 36.350277 -7.527384 5
22.195442 37.225577 -7.884384 1
23.145042 36.976877 -8.131984 1
23.268842 36.021377 -8.262284 6
24.021242 35.855177 -7.653284 13
24.810742 35.417677 -7.238084 13
24.947042 34.499577 -7.684384 13
24.457242 33.775177 -7.305084 13
23.901442 32.945677 -7.215084 4
24.132042 32.767477 -6.301784 10
24.933942 33.317777 -6.407084 13
24.860242 33.453977 -5.437084 10
25.719442 33.120177 -5.601784 7
26.740942 33.014677 -5.587284 4
26.919742 33.358477 -6.480484 6
26.095142 32.890777 -6.641884 13
25.330242 32.299477 -6.432784 6
24.991342 31.984077 -5.562584 10
24.515542 31.690577 -4.769184 10
25.191242 31.822477 -4.122184 4
25.971742 31.960777 -4.636184 10
26.425442 32.700577 -4.214284 15
26.409442 32.124477 -3.410684 4
26.595042 32.859477 -2.826384 9
26.275242 32.053377 -2.416584 4
25.671742 31.416077 -2.048184 4
25.946842 30.914477 -1.313384 9
24.894342 30.938977 -1.426084 4
25.154542 31.611577 -0.790884 10
24.773342 32.191877 -1.425984 4
24.800442 32.824877 -0.712184 6
23.999742 33.252377 -0.416684 5
23.756242 32.918577 -1.308784 4
22.824142 33.106077 -1.685284 1
22.720442 34.176077 -1.746584 1
21.995742 33.945877 -2.329484 3
21.634242 33.019477 -2.526284 10
21.317742 33.596877 -3.132384 11
22.170642 33.988177 -3.440184 1
22.607542 33.029777 -3.562984 10
22.101442 33.304877 -4.328584 12
22.287242 32.360177 -4.374584 10
21.860442 32.301377 -5.280584 10
22.470642 33.037877 -5.358284 7
23.093442 32.322877 -5.420384 10
23.451442 31.810077 -4.702984 10
23.991142 31.322577 -4.067284 11
24.742842 30.722077 -4.127684 10
24.697542 30.877877 -3.189484 4
25.365442 30.630877 -2.565584 4
25.957142 30.043977 -2.087684 13
25.805342 29.117177 -1.860884 7
26.528942 29.051277 -1.224184 1
26.565542 29.865377 -0.735184 7
27.303042 30.413077 -0.753784 8
26.819142 30.429977 -1.638684 13
27.151642 29.715577 -2.081084 4
27.643742 30.207177 -2.639284 7
27.516942 31.078177 -2.991984 4
27.685242 31.792077 -2.391584 10
27.534042 32.546977 -1.767284 3
27.817042 32.469477 -0.753484 10
28.351742 32.528777 -0.004784 5
28.065642 33.463377 -0.257984 4
27.516742 34.167277 -0.764784 10
27.448642 34.785277 -1.499584 12
27.002442 35.600577 -1.715584 9
26.572542 36.351777 -2.147684 5
26.229742 36.909277 -1.386684 9
25.560742 37.379777 -1.909184 1
25.787142 38.130177 -2.595284 1
26.405142 38.260877 -1.829684 6
26.357542 38.019877 -0.946284 10
26.402442 38.942377 -0.602684 1
25.498642 38.922677 -0.945284 4
24.796642 39.662177 -0.957384 10
24.073242 39.938977 -0.372584 13
24.772742 40.510177 0.043616 7
24.342342 40.774677 0.865116 10
23.343042 40.766577 0.828916 10
22.728342 40.353177 0.231716 4
23.367642 40.534177 -0.555184 13
22.980642 39.652377 -0.818884 15
22.828442 38.872477 -0.356484 13
22.676342 37.956877 -0.638784 4
22.796242 37.151177 -1.099284 5
22.097242 36.568577 -1.559584 3
21.512342 37.394377 -1.351984 13
20.935142 36.729277 -1.821184 4
19.994242 36.370777 -1.622884 10
19.945542 35.591377 -2.232084 15
20.357842 35.139277 -3.043184 11
20.948842 34.483177 -2.546084 11
21.131742 34.100677 -1.709284 1
20.331142 33.735977 -1.352984 4
20.064242 32.758877 -1.150084 1
20.541242 32.034377 -0.517884 7
21.389842 32.471577 -0.393384 1
21.961142 32.219877 -1.192384 1
21.940442 31.996077 -2.166384 10
22.822942 32.044777 -2.515184 10
23.542042 31.420877 -2.658984 4
22.673142 31.203277 -2.993184 10
22.609042 30.701277 -2.192284 8
23.278842 30.158077 -2.702484 4
24.009242 29.992677 -3.283484 4
23.245642 30.121177 -3.991884 3
22.971542 31.035077 -4.139984 10
22.142342 31.335277 -3.877884 10
21.816042 30.593077 -3.409484 9
21.194942 31.295477 -3.326084 10
20.300042 31.165477 -3.670884 7
19.443942 30.865877 -3.340884 5
20.132842 31.114477 -2.667484 10
19.598842 31.389077 -1.916684 4
19.146842 30.640677 -1.478484 7
18.644642 31.465477 -1.285584 5
17.687742 31.706277 -1.450584 4
17.131342 31.543477 -0.684984 6
17.647842 31.190977 0.040816 10
16.819942 31.318077 0.579416 4
17.154442 31.932677 1.319416 10
18.100842 31.908877 0.922516 6
18.644642 31.279777 1.534316 13
19.301942 30.945377 2.101316 1
20.199242 30.978277 1.891716 7
20.703942 30.252777 1.386716 4
20.117542 29.527177 1.377416 10
19.134542 29.521577 1.353816 9
19.427442 28.892577 0.638916 1
19.910742 28.272677 0.069116 1
19.258042 27.544377 -0.347684 3
19.441342 26.691077 -0.740884 13
18.550642 26.593277 -0.225084 13
18.676742 25.715977 0.126916 1
18.328542 24.979377 0.591416 10
18.406542 24.278977 -0.013484 1
18.956142 23.469277 0.099516 4
18.885042 23.660977 -0.786984 13
18.287042 23.428877 -1.483984 4
18.000542 22.567977 -1.947384 3
17.826242 21.605277 -2.039184 8
18.210342 21.576677 -1.149784 4
17.565842 22.130877 -0.593384 7
16.990842 21.385177 -1.043284 11
16.955842 20.939877 -1.930884 10
15.977742 20.865477 -1.597284 10
15.769542 20.215577 -0.927284 8
15.635542 19.283177 -1.370284 10
16.222742 19.307977 -2.173184 11
15.885142 18.644377 -2.862184 4
16.223142 17.747677 -2.581284 11
15.989942 16.989677 -2.152384 4
15.035742 17.120677 -2.409784 1
15.370342 16.337577 -2.833584 4
15.639642 15.420277 -2.641584 6
16.134642 14.610077 -2.842184 1
15.776042 14.936477 -3.630084 10
15.607942 14.073677 -3.926084 6
14.698242 13.982577 -3.614784 5
13.782342 13.882677 -3.294284 4
13.260742 13.130277 -3.069884 10
14.100142 12.770077 -3.411684 5
14.965242 12.447277 -3.324584 4
15.434042 11.742777 -2.778884 13
16.043742 10.990477 -2.762184 5
16.804842 10.376177 -2.558784 7
17.520942 10.080077 -1.999184 4
17.913942 9.500487 -2.618784 10
17.431642 9.530357 -3.456884 13
18.237042 10.105377 -3.502284 13
18.861642 9.603027 -4.041784 10
19.104942 9.576857 -3.112084 10
19.717642 10.158577 -3.544184 10
20.359542 10.890977 -3.924784 9
20.435342 10.245377 -4.635684 15
20.597242 9.678607 -3.889184 10
20.894242 10.335677 -3.131184 10
20.305542 11.026977 -2.767184 15
19.614442 10.350477 -2.343784 10
19.955942 10.592077 -1.402884 15
19.744342 9.730587 -1.230184 9
19.837942 9.019417 -1.887084 10
20.758242 8.879477 -1.476984 7
20.348042 9.109987 -0.620684 7
19.373942 8.899047 -0.477684 7
18.574942 9.028507 -1.016784 10
17.593442 8.984167 -0.716584 1
17.517342 10.004877 -0.880384 4
16.796042 10.654077 -0.521284 7
17.662942 11.012277 -0.305284 12
18.476942 10.584277 0.116116 4
17.726042 10.194377 0.554716 1
18.406542 10.044877 1.365316 3
18.462642 9.730387 2.265916 1
18.783842 10.628977 2.435016 10
18.267742 11.514277 2.269616 4
18.191542 12.078177 3.065816 12
18.512742 11.691977 3.871716 7
17.851842 11.063277 4.212716 6
16.823042 11.318677 4.363716 4
16.882342 10.762277 5.152616 1
16.632442 9.873177 5.509516 11
16.630042 9.635997 4.603516 13
16.913242 8.706607 4.575016 14
17.415842 8.956577 3.762816 11
17.819142 9.127447 4.578116 9
18.582242 8.936397 5.172216 7
19.333842 9.458187 5.076916 10
19.392942 10.106477 4.371216 13
20.319442 9.909977 4.155416 4
21.294642 9.512937 4.101316 10
22.174442 9.732917 3.712716 7
22.209042 9.185497 2.900116 10
22.160342 9.731807 2.080516 14
22.783242 9.879777 1.417216 12
23.338542 9.678747 0.617716 12
23.144842 8.940277 1.045916 12
22.597842 8.463357 1.619716 10
21.639942 8.541127 1.437216 4
21.545142 7.676887 1.006116 7
20.590442 7.596747 0.825216 7
19.974342 8.183527 1.182616 4
19.102842 8.476137 1.515416 4
19.273642 8.640537 2.431616 13
19.615542 7.764067 2.527416 12
19.177642 7.570437 3.369716 7
19.306942 6.982517 4.175316 10
19.841342 7.404537 4.965916 1
20.154842 8.060807 4.257816 7
20.586242 7.242477 4.178716 10
20.196942 7.020667 3.243516 1
20.102442 6.114287 3.071516 3
20.784042 5.479407 3.436916 1
21.091842 4.595177 3.651216 10
21.007742 3.609047 3.756516 10
21.748342 3.714097 3.052416 7
22.357942 3.824567 2.232516 1
21.804042 3.458547 1.527316 4
20.921042 3.449067 1.039016 7
20.779042 2.615127 1.662616 1
20.450042 2.094127 2.401516 10
21.280542 1.620257 2.458416 7
20.575242 1.062467 2.797616 4
20.506642 1.118597 1.812016 4
19.666842 1.551477 1.627016 5
19.508142 1.117567 0.775816 15
19.396542 0.171626 1.022616 9
18.425342 0.33406 1.231616 7
17.746742 0.373472 1.895116 1
18.268842 1.190727 2.159116 10
18.482842 1.511987 1.229816 12
17.651142 1.979607 1.503016 10
16.660042 1.877797 1.482516 14
16.905442 2.830507 1.378116 7
16.038942 3.007767 1.760916 11
15.638642 3.030197 0.909016 1
16.152242 2.812047 0.145416 11
16.334342 3.225807 -0.677884 10
16.566542 3.973687 -0.131484 15
16.206142 4.247947 -1.025784 14
15.834042 4.929547 -1.590084 10
16.764542 5.177737 -1.572984 13
16.908542 5.478447 -0.710784 12
16.814642 5.967097 0.117916 9
17.204542 6.826647 0.323916 7
17.381142 7.720037 -0.012384 10
18.375842 8.106427 0.068316 10
19.282742 7.835507 -0.223884 7
20.126842 7.345697 -0.356884 7
20.513142 6.485897 -0.183184 7
21.081342 6.192217 0.462916 14
20.402142 6.485717 1.090516 10
20.614642 5.501517 1.282116 13
19.969042 5.186247 1.833616 7
19.692842 4.555467 1.145316 1
19.527942 3.614637 1.134516 10
19.586142 3.998567 0.242516 1
19.837842 4.464147 -0.543184 7
19.293542 3.996147 -1.115684 4
18.757142 4.522087 -0.444484 10
18.051442 4.432357 -1.097984 4
17.825042 5.387597 -1.094584 1
18.641842 5.938597 -1.202284 12
18.971142 6.836047 -1.095784 1
18.563442 7.066487 -1.979284 1
19.483742 7.301447 -1.822084 7
19.355642 7.382437 -2.768884 1
19.005942 7.971727 -3.477084 10
18.886242 8.413307 -4.352284 10
18.282842 8.287207 -5.158384 7
17.794442 7.424207 -5.333784 8
18.364342 7.264267 -4.502184 12
18.723042 6.489687 -4.966084 7
19.527642 6.968437 -5.073584 6
20.300542 6.638247 -4.623484 1
21.122242 7.112327 -4.859984 11
21.085042 6.974167 -3.916884 4
21.459242 7.642007 -3.369684 11
21.277942 7.277487 -2.461784 4
20.347542 7.164377 -2.323884 12
20.715342 7.988687 -2.054484 7
20.154142 8.326997 -2.716584 10
19.325542 8.729047 -2.695984 10
19.133842 8.363107 -1.799884 7
18.308242 8.547417 -2.158584 10
17.611342 8.231477 -1.509484 9
16.684842 7.840637 -1.619384 1
17.056542 8.069747 -2.504984 13
17.434942 7.640137 -3.348884 7
17.407042 8.460557 -3.923284 10
16.618342 8.969177 -4.136384 1
16.266642 9.581507 -4.814484 15
15.859942 10.092177 -5.536684 11
16.258642 9.941177 -6.388484 7
15.366142 9.949277 -6.782284 13
15.564442 10.816877 -7.005084 5
16.197442 11.221177 -7.617184 14
17.150142 11.325277 -7.932584 10
16.700042 11.899577 -8.501384 7
17.483842 12.399277 -8.711784 10
18.026342 11.590877 -8.774684 7
17.571342 11.117477 -9.509684 1
17.526342 10.246677 -9.098084 10
17.154442 9.420437 -8.799984 4
17.576842 8.490257 -8.760484 16
17.616542 8.067897 -7.901684 6
17.133942 8.868227 -7.724184 1
17.936142 9.224347 -7.261284 1
18.854842 9.008167 -7.630684 1
18.808642 9.537717 -6.723484 1
19.699042 9.400567 -6.502484 7
20.008742 8.750147 -5.860484 4
19.072442 8.683147 -5.951184 14
19.287142 9.514037 -5.488084 1
19.736042 8.980367 -4.813484 10
20.509642 8.554807 -4.421284 10
21.038442 8.068157 -5.072384 11
21.863042 8.597797 -5.070484 11
21.726442 9.219817 -4.431884 4
21.899542 8.631857 -3.674784 11
20.995842 8.844537 -3.366384 10
21.437642 8.695817 -2.489784 7
21.187042 9.591617 -2.317884 10
21.791742 9.224537 -1.690984 7
22.586642 9.389737 -2.129184 14
22.400342 10.246277 -1.764084 10
22.367142 9.763047 -0.959384 7
23.151342 9.734517 -0.375284 12
22.751142 10.422077 0.239616 12
21.915242 10.326977 -0.137584 7
22.394542 11.225377 -0.314584 1
22.773942 11.885177 0.255916 7
23.730742 11.682877 0.298116 12
23.683142 11.754177 1.237716 10
22.915642 11.491277 1.758616 4
23.287842 10.594577 1.954116 12
22.684642 10.486777 2.758916 13
21.964342 11.063777 2.882016 10
21.344342 11.401377 2.312516 7
21.007742 10.681377 1.808416 9
20.808042 10.728177 0.931916 1
21.405542 9.860477 0.861716 12
20.840442 9.234827 0.396216 7
21.229342 8.391267 0.251116 7
21.012042 8.195027 -0.646284 7
21.000142 7.332247 -1.146984 7
21.917742 7.211957 -0.983184 7
22.012642 6.321557 -1.291384 15
21.659942 6.175317 -0.386184 7
22.313542 5.545537 -0.090084 15
22.326842 4.695497 -0.488284 15
21.592742 4.139617 -0.604884 1
21.499242 3.788687 -1.528584 10
22.415342 3.630527 -1.469684 1
23.352542 3.671267 -1.149984 4
23.333142 4.582387 -1.434984 15
23.565742 4.245307 -2.307184 1
24.206542 3.589767 -1.910684 12
24.027342 2.659537 -2.125384 10
24.576542 1.973797 -1.735384 7
24.899242 1.172247 -2.045184 1
25.131642 1.546787 -2.907384 1
25.430242 1.297937 -3.760984 1
26.385242 1.216547 -4.196184 1
27.213942 0.738711 -3.935784 11
27.362142 -0.065658 -3.473484 12
28.148242 0.238928 -3.049284 10
28.256142 -0.407466 -2.319984 7
27.316642 -0.65067 -2.672584 3
26.628242 -0.548549 -2.057984 7
26.271842 0.120518 -1.488384 12
26.854442 0.969597 -1.487084 16
26.450142 1.809397 -1.739784 7
26.537342 2.197437 -0.879084 10
26.307642 3.116317 -0.762684 12
25.440042 3.145067 -0.273784 1
24.560042 3.215267 0.089816 7
23.842642 3.951637 0.104516 15
23.860442 4.263787 1.029116 5
24.431342 4.493147 1.706916 7
24.674542 3.833797 2.328516 4
25.318642 3.118197 2.017116 7
26.254742 3.105747 2.283016 1
26.355242 3.232927 3.283316 16
26.065142 2.397247 3.563916 9
25.403142 2.941487 4.006216 12
25.359842 2.239967 4.624516 15
24.788242 2.521947 5.332716 1
24.342042 3.370477 5.265316 15
25.060442 3.781897 4.838616 1
25.585642 3.070187 5.265016 10
25.302242 3.470747 6.122516 7
25.007842 4.329677 5.851316 1
25.205442 4.848747 6.646016 1
24.438842 5.440587 6.452316 7
24.036442 6.355087 6.428316 1
23.432542 7.062357 6.517516 1
23.777342 7.832517 6.016116 1
22.935342 7.680927 5.588616 1
22.996442 7.417857 4.712316 1
23.730942 7.100477 4.084416 4
23.895042 7.198507 3.132416 7
23.343642 6.775417 2.515216 10
23.523242 7.511037 1.942216 7
24.177742 7.192597 1.365616 11
24.012842 7.833017 0.637816 12
23.484142 7.207667 0.056716 15
23.174342 7.323387 -0.837884 15
23.765242 8.027157 -0.838084 12
23.746942 8.907587 -1.024484 10
24.284042 8.596117 -1.688884 10
24.935242 8.007917 -2.145384 7
24.473642 7.245067 -1.641784 7
24.673742 7.721597 -0.724684 15
24.679442 8.584957 -0.156384 12
24.442242 9.516607 -0.122284 12
24.707042 9.462287 -0.991484 11
25.340442 8.778197 -1.221284 16
25.901742 7.966147 -0.839284 13
25.931042 7.153457 -1.388884 9
25.798742 7.057827 -2.415484 7
26.462042 7.559747 -2.915084 7
26.303042 8.468867 -2.863384 7
25.595542 8.948087 -2.361684 9
26.528242 9.010857 -1.984684 7
26.843142 8.514637 -1.247284 7
27.199542 7.666737 -0.868884 13
26.812542 6.747237 -1.025184 13
26.917242 7.193057 -1.946184 7
27.803542 6.972187 -1.719484 16
27.546242 7.100637 -2.725084 7
28.192342 6.397347 -2.657084 16
27.436042 5.949447 -2.263684 7
27.760442 5.118477 -2.640784 10
27.544742 4.139347 -2.710884 12
28.039242 3.409497 -2.435084 15
28.210342 2.417597 -2.517884 16
28.039042 2.713147 -3.474884 11
28.598542 2.278697 -4.173684 7
27.865242 2.068447 -4.807384 6
28.350042 1.212517 -4.450384 7
28.707042 1.277447 -5.396684 14
27.769442 1.255887 -5.736484 12
27.575242 2.145297 -6.043184 16
27.017942 1.953897 -6.883184 1
26.572742 1.825157 -7.701384 1
27.135542 0.979697 -7.477184 4
27.559842 0.350548 -6.826084 7
27.505642 -0.140068 -7.652784 5
27.025342 -0.698838 -7.032684 12
26.638642 -1.529533 -7.366484 1
25.952942 -1.237113 -6.779584 12
26.359642 -0.472465 -6.276884 7
26.593642 -1.405033 -6.013384 11
26.448442 -1.946993 -5.302884 4
26.658642 -2.790223 -4.861684 11
26.878442 -3.630733 -5.254384 1
27.167942 -3.106353 -6.042084 4
26.947042 -3.540883 -6.869184 15
27.449442 -2.978333 -7.460684 7
27.386442 -2.127433 -7.846984 11
26.994942 -2.162433 -8.708884 7
27.740742 -2.616733 -9.137684 15
27.069042 -3.270783 -9.123984 16
26.202342 -2.907823 -9.117984 7
25.672242 -2.244473 -8.722184 7
24.980842 -1.967073 -9.309584 10
25.528642 -1.167157 -9.157784 14
26.332942 -0.844616 -8.858984 7
27.112642 -0.626795 -9.477484 1
27.964342 -0.760504 -9.988384 16
28.068842 -0.153256 -10.745584 9
28.729742 -0.488402 -11.331984 10
29.092042 0.352266 -11.092684 10
29.372142 0.944737 -11.787284 16
29.124842 1.697517 -11.230884 1
28.680942 1.452807 -10.370584 15
28.819742 2.275477 -9.954684 7
28.202542 2.415177 -10.590284 10
27.852742 2.121947 -9.744284 16
27.003442 2.615047 -9.730984 7
27.394542 3.450547 -9.204284 12
27.170642 4.396767 -9.395584 1
27.603342 5.219827 -9.396984 7
28.421342 5.115667 -8.854084 1
29.130342 4.568657 -8.490484 12
28.789642 3.668077 -8.597284 12
28.343142 3.522877 -7.825084 1
28.286342 3.651977 -6.767484 13
28.664342 4.297927 -6.029284 1
28.356742 4.770037 -5.207384 7
29.153842 4.921407 -4.694184 13
29.208942 5.844467 -4.739084 7
28.992042 6.627047 -4.256384 15
27.974342 6.652327 -4.230384 16
27.159442 7.069337 -3.756484 7
26.530742 7.205227 -4.481584 6
26.036942 6.995157 -3.668584 7
25.122542 6.960367 -3.857684 7
24.174142 6.778537 -4.093184 15
24.536442 6.180687 -3.434684 7
24.903542 5.351677 -2.964284 4
24.101042 5.516377 -2.371384 9
24.864242 6.092437 -2.188584 7
24.718642 5.670407 -1.382084 11
23.839542 5.547217 -0.813184 15
23.505042 6.210697 -1.501984 15
23.706442 6.588577 -2.423184 7
23.023942 5.998777 -2.756884 16
22.922742 6.896867 -3.110584 1
22.194742 6.894427 -3.632384 11
21.877442 6.588897 -4.562084 11
22.054742 6.415377 -5.520484 10
22.057342 6.957617 -6.344484 1
21.577142 7.846657 -6.276684 11
21.051342 7.824507 -7.101384 12
21.012442 6.915647 -6.807984 13
21.073642 6.866877 -7.740884 12
21.214842 7.186977 -8.679984 16
21.050742 7.193367 -9.673384 7
20.880542 6.685307 -10.495684 7
21.564742 6.183967 -11.010184 9
21.930242 5.577177 -10.347984 10
22.519842 5.228387 -9.662984 16
22.069842 5.385157 -8.768484 16
22.811642 5.675187 -8.148584 4
23.067642 4.959637 -7.595284 12
23.743442 5.196217 -6.933984 16
24.480742 5.799997 -7.117584 14
24.939542 5.893337 -6.304284 1
25.783942 5.388947 -6.030384 7
26.339842 5.259267 -5.249984 10
27.025942 5.557037 -4.638084 12
26.392742 5.739267 -3.857184 7
25.646742 5.192507 -3.660284 7
26.339642 4.495517 -3.944884 16
27.086642 4.784097 -3.469084 5
26.406442 4.415467 -2.947684 1
26.426442 5.408927 -2.871484 7
26.123342 5.889257 -2.117684 7
26.191642 5.179457 -1.414284 10
27.109942 4.958677 -1.374384 1
27.588242 5.339437 -0.561484 1
26.865642 5.382527 0.095716 15
27.141042 6.362527 0.207816 1
27.087442 6.423897 1.197616 16
27.448142 6.898107 1.973016 12
27.709842 5.992587 1.990716 1
26.754642 5.874467 2.147116 1
26.170442 5.881797 1.308116 7
26.098242 6.896777 1.376616 15
25.777342 7.760297 1.192616 1
25.246642 8.374527 0.771216 12
25.411542 7.674807 0.111116 13
25.608642 6.756747 0.040216 13
24.890642 6.129347 -0.043484 7
23.950942 5.976737 0.059616 15
23.936942 6.034687 1.023216 8
23.115242 5.802977 0.627316 15
23.068442 6.173087 1.566016 5
22.879842 7.064387 1.177016 16
22.194842 6.491047 0.891316 13
22.353042 7.217957 0.303616 7
22.608842 8.203747 0.216616 12
22.010342 8.169637 -0.533484 7
22.700742 8.824047 -0.708384 12
22.692042 8.434697 -1.597484 7
22.903242 8.030267 -2.541984 11
23.854842 7.653587 -2.827884 1
24.345142 7.836997 -3.601884 7
23.674642 8.466997 -3.573384 11
24.398942 9.056757 -3.672784 12
24.676142 8.637317 -2.885984 7
24.848342 9.621447 -2.469584 16
25.311742 9.652627 -3.328084 11
25.721042 8.867517 -3.627084 7
26.713242 9.030447 -3.673784 7
26.169142 9.593387 -4.168784 1
26.996042 10.034777 -4.502184 12
26.285842 10.499677 -4.954384 1
26.049142 11.196577 -4.361484 9
26.931942 10.930777 -3.874884 11
27.189742 10.137877 -3.311384 7
28.027742 10.446977 -3.589384 7
28.097042 11.098677 -4.364084 14
28.659342 11.894677 -4.578584 10
29.345242 11.466277 -4.145884 16
29.997842 11.569277 -4.861584 7
29.937342 10.689377 -5.147584 15
30.568842 10.979577 -5.843684 4
30.000142 10.777377 -6.602484 16
29.950542 9.840377 -6.540484 16
29.273142 9.252917 -6.477384 7
29.218042 8.591937 -5.793884 9
29.222442 8.569577 -4.815484 16
28.496542 9.135357 -4.671384 7
28.981042 9.974677 -4.623384 5
28.939742 9.468407 -3.831884 7
29.222542 10.099277 -3.121684 7
29.267542 11.081777 -2.893884 1
28.674042 11.596477 -2.321084 15
27.933142 11.065577 -2.608484 7
28.067442 11.842177 -3.103484 10
27.902342 12.776677 -3.307084 1
27.111142 13.413177 -3.006584 1
26.488542 12.781777 -2.646384 15
26.525342 11.839477 -3.004784 12
25.588942 11.452477 -2.995784 1
25.766442 10.698077 -2.301484 7
25.696842 11.185177 -1.489484 15
25.019442 10.482677 -1.535984 11
24.147542 10.422877 -1.128984 12
24.061542 10.317977 -2.224684 16
23.745742 11.275477 -2.116384 12
22.695042 11.345077 -1.986384 13
23.043242 12.301177 -2.272584 7
22.481642 12.634977 -2.926884 13
22.634342 11.747777 -3.213984 12
21.725042 11.747977 -3.524284 6
20.842842 12.279477 -3.492984 7
20.556842 13.163677 -3.505584 7
20.306742 13.503977 -4.423684 1
20.188642 13.263977 -5.343184 16
20.844142 13.113377 -6.017784 12
21.565842 13.387177 -5.474984 7
21.434442 14.184477 -5.988184 16
21.729842 13.835477 -6.866184 11
22.622742 13.653177 -6.611884 15
22.609542 12.781877 -6.956084 7
23.446942 13.240477 -6.976484 8
23.775042 12.576277 -6.303484 4
24.450842 12.203777 -5.713284 15
24.035642 12.048877 -4.820784 11
23.493342 11.207077 -4.965384 12
23.226742 10.420077 -5.463084 15
23.337842 9.565267 -5.078484 16
22.744642 9.121247 -4.490784 7
22.938442 8.207997 -4.774184 11
22.944742 7.314437 -4.597984 11
23.909942 7.343847 -5.075784 15
24.769442 7.611967 -4.723784 9
25.398442 8.295037 -4.474284 7
25.239442 8.526607 -5.423784 1
25.743842 7.763317 -5.275884 1
26.552842 8.293737 -5.059284 7
27.326842 7.705627 -4.907284 1
27.412142 8.549227 -4.427384 7
28.246242 8.299577 -4.006184 7
29.159342 8.048817 -3.668784 16
30.146842 8.246197 -3.734484 1
31.132742 8.504477 -3.506484 11
31.110742 7.637837 -3.064684 7
31.011342 8.106147 -2.210884 1
30.792042 9.007217 -2.145884 7
30.093542 9.067227 -2.763284 1
30.043642 8.190247 -2.421084 1
29.247842 7.827237 -2.027684 1
29.483042 8.312497 -1.275584 5
29.577142 9.322397 -1.432584 16
28.722742 9.267447 -1.831184 7
28.207242 10.110877 -1.515584 7
27.620542 10.667077 -1.128884 15
27.136942 9.754557 -0.940084 7
26.372542 9.330887 -0.519684 16
25.983342 10.216177 -0.153584 12
25.822142 11.133177 0.080416 12
26.536942 11.799977 0.050316 15
26.281142 12.103177 1.001816 7
25.623442 11.677877 1.628216 14
25.624742 10.727377 2.002316 12
26.532142 10.354077 1.795416 11
27.131842 9.652397 1.417816 16
26.378342 9.635417 0.787516 12
27.078342 10.298977 0.592916 13
27.828442 10.130677 -0.036084 11
27.514842 11.082577 -0.073984 15
27.887242 11.056877 0.866216 7
27.951342 10.561977 1.802616 1
28.228542 11.143177 2.515516 12
28.497342 11.017977 3.444816 7
28.475942 11.806577 3.997216 16
27.770842 12.207277 4.677216 11
26.802242 12.035077 4.833316 12
26.170542 11.599977 5.376916 1
25.306942 11.251877 5.422516 1
25.583342 10.346077 5.167916 1
25.937642 9.644687 5.723616 16
24.967942 9.763937 5.800516 7
24.981042 9.964877 6.746416 16
24.329442 9.325317 6.954816 7
23.351942 9.356737 7.123616 12
23.645442 9.210407 6.246616 15
23.871042 8.979867 5.414316 9
23.556942 9.101087 4.448116 7
23.334742 9.174847 3.472516 1
23.927542 8.920717 2.732316 5
24.546142 8.831977 1.922916 12
25.116342 9.522617 1.480816 12
26.006742 9.245817 1.835916 8
26.354942 8.613827 1.232516 7
26.868242 7.920737 0.803816 13
27.632142 7.812017 0.115216 8
28.226342 7.816537 -0.651984 1
28.051842 8.236207 -1.538484 7
28.172342 7.778907 -2.401984 11
28.093742 8.769927 -2.639584 7
27.223342 9.111097 -2.792584 7
27.133642 10.040077 -2.230884 7
26.754142 10.881877 -2.552984 11
26.624342 11.485877 -1.857584 15
26.945342 12.370877 -1.723084 15
27.752842 12.753677 -2.163484 7
27.790442 12.555377 -1.193284 15
28.107042 13.427377 -1.326184 11
28.897742 13.360277 -1.863984 1
29.574342 13.952077 -1.562884 7
29.111842 14.680777 -1.936084 11
29.328742 15.340277 -2.582384 1
29.805042 15.614877 -1.810784 12
29.472642 16.547777 -1.813784 16
29.568942 16.776577 -2.763184 1
29.940742 16.747777 -3.664784 16
29.408642 16.349077 -4.342084 1
28.522042 16.631677 -4.596084 10
28.114042 17.461477 -4.720784 16
27.549642 16.867077 -5.139184 1
27.285242 17.724577 -5.419884 16
26.389942 17.713577 -5.039084 1
25.946742 17.930077 -5.836384 1
25.678042 17.014977 -6.029484 14
25.306442 16.454777 -5.339484 7
24.732942 15.850677 -4.802584 16
25.326042 15.545777 -4.070084 16
25.538642 16.516877 -4.055884 15
25.302842 17.145077 -3.405884 12
25.703342 17.950777 -3.187584 1
26.225242 18.751877 -3.467984 1
26.552742 19.337777 -2.720584 15
25.621042 19.367177 -2.365084 12
25.354142 20.256677 -2.139084 16
26.012642 19.834877 -1.573284 1
25.863642 20.664777 -1.144184 15
25.930942 20.026777 -0.420384 5
25.339442 19.869577 0.366016 1
26.018242 19.244877 0.613616 15
26.640142 18.575077 0.796816 12
26.509042 17.801477 1.543216 16
25.587942 18.170377 1.520016 13
25.648542 17.420477 1.991216 16
25.202342 16.646077 2.252016 8
25.676542 16.063977 1.657216 16
25.164542 16.135477 0.867616 16
24.262042 16.469677 1.063016 16
23.969342 17.359977 1.273016 11
24.845542 17.406277 0.932116 16
25.450142 17.461777 0.178116 16
24.698742 17.868377 -0.189884 7
23.932042 17.930777 0.341016 11
23.869042 17.381977 -0.460084 16
23.485542 16.918777 0.266916 16
22.851842 16.610377 0.921716 8
22.082542 17.231477 0.685216 11
21.789142 16.627077 1.343716 1
21.608442 15.814777 0.770816 16
21.204542 16.646377 0.426316 1
21.446442 17.445777 -0.100784 1
21.203342 18.156177 0.512516 1
22.089742 18.159077 0.169716 7
22.904942 18.595077 -0.001884 1
22.684042 18.897777 0.964016 11
22.775942 18.564177 1.850816 11
21.870042 18.284677 1.791816 1
21.853942 17.380377 2.054516 1
22.675242 17.500877 2.424916 16
23.469242 17.907177 2.222316 11
23.558842 16.910777 2.276316 1
23.429342 15.940477 2.004216 16
22.748042 15.350077 1.605216 5
23.272142 14.821377 0.939616 1
23.730342 13.985977 1.153216 5
24.617442 13.715177 0.925916 16
25.150542 12.930877 0.905916 16
25.378142 12.299677 0.152516 16
24.569042 12.133177 0.748016 15
24.657142 11.040877 0.615416 12
24.507442 10.115577 0.745916 12
24.582642 10.521577 1.648116 12
24.537942 10.956677 2.550816 16
24.678842 11.871477 2.218216 7
24.580242 12.688477 2.802416 11
23.793342 13.174177 3.266416 15
24.075742 13.981277 3.700516 16
23.772942 14.741877 3.216116 13
23.931642 15.017077 2.323616 16
24.795442 15.179877 2.724416 16
25.429242 14.568077 3.004016 15
25.711242 13.693877 2.714816 1
25.394642 13.579677 1.771516 16
25.996542 14.357777 1.737016 16
26.363742 13.629477 1.257916 1
26.223042 13.198177 0.443116 16
27.126842 12.691477 0.483516 1
27.718842 12.264277 -0.135884 15
28.670842 12.136577 -0.231784 7
28.343842 11.504777 -0.884784 15
29.222642 11.784077 -1.231584 16
29.924342 12.207777 -0.657284 1
29.623042 13.095477 -0.466984 12
28.957342 13.798477 -0.640084 11
28.855542 13.818877 0.285416 12
28.134742 13.832877 0.940716 11
28.771142 13.595677 1.553516 16
28.878442 14.502977 1.179916 1
29.700042 14.853077 0.845716 16
29.491042 15.233777 -0.013384 12
28.641142 14.876877 -0.022184 11
27.830842 15.195577 -0.386784 11
27.262542 15.343277 0.401516 16
26.435142 14.901877 0.499516 16
27.159442 14.201477 0.592816 11
27.412542 14.386677 1.536216 16
27.657242 14.635377 2.384116 1
28.485342 14.332077 2.780216 15
28.562742 13.458677 3.085616 1
29.495142 13.229577 2.781216 8
30.258942 13.470977 2.179116 16
29.797842 12.619077 1.892716 5
29.906342 13.259977 1.199516 1
30.063442 12.789977 0.395516 15
30.999842 13.226377 0.299216 16
31.331842 14.106777 0.483316 8
31.921442 13.637677 1.021316 1
32.702242 14.267277 1.090816 15
32.622742 15.144777 0.663816 7
33.190042 15.823177 0.313116 5
32.915242 16.713277 0.222916 8
32.539942 16.505077 1.126316 12
31.929042 16.751077 1.859216 1
32.237542 16.782877 2.759116 13
32.401942 17.590777 2.225816 7
32.158242 18.443177 2.764116 1
31.300842 18.319077 3.198416 12
31.548942 17.656877 3.866916 9
31.251642 16.896177 3.259216 1
30.244342 17.077477 3.268616 12
30.402442 17.325077 2.359816 16
29.483642 17.532877 2.007516 1
29.713542 16.674877 1.590416 16
28.989542 16.097377 1.748016 14
28.528842 16.910077 1.890216 1
28.264542 17.386677 1.052416 16
27.528242 17.120177 1.584916 1
26.770142 16.538177 1.562516 16
27.438042 16.095677 1.073816 16
27.681942 15.849077 1.988016 7
27.310142 15.826577 2.935416 15
26.662842 15.291177 2.482016 5
25.754842 15.221677 2.171016 16
25.594342 15.122477 1.198316 16
24.773642 14.972377 0.812016 16
24.437842 15.580877 0.142916 16
23.707242 15.261477 -0.304484 8
23.140242 14.872977 -1.062784 11
23.959242 14.443377 -1.583684 7
24.103342 14.790877 -2.453984 5
24.709542 14.019277 -2.723484 16
25.516342 14.321077 -3.195484 1
26.455642 14.285677 -2.974484 16
26.747842 14.596677 -2.105684 12
27.260042 14.252677 -1.240684 11
26.683742 13.876977 -0.547984 15
25.882642 14.346877 -0.260984 16
25.509642 13.974677 -1.069684 16
25.775142 13.847277 -1.988784 1
26.265542 13.205877 -1.455784 15
25.743042 12.734577 -0.796684 16
26.123542 11.890677 -0.975484 15
25.196842 11.895977 -0.935784 1
24.448442 11.486477 -0.540184 12
24.310442 12.469877 -0.442784 1
24.006542 13.289077 -0.859484 1
24.051042 14.302677 -0.551484 11
24.844542 14.476477 -0.093984 16
25.097142 15.019877 -0.863684 7
25.154542 15.982277 -0.738384 16
25.277142 16.215977 -1.643984 1
25.896742 15.560777 -2.190984 1
26.146842 15.430277 -1.233184 5
26.373542 15.818277 -0.355884 16
25.732642 16.543977 -0.089184 16
26.668342 16.800577 -0.013984 16
26.787542 17.165777 -0.867984 1
27.646642 17.009877 -1.258884 12
28.177042 16.126377 -1.428184 1
28.298142 15.345177 -1.956684 11
28.207742 15.545977 -2.867184 1
28.556842 14.641777 -3.215584 7
