-16.257336 -2.684924 37.209858 1
-16.181336 -3.537724 37.621358 12
-16.811936 -4.042724 37.064158 2
-17.000636 -4.402824 37.981358 1
-16.501636 -4.780524 38.727958 4
-16.395936 -4.657924 39.685558 1
-15.913836 -5.098224 40.314558 1
-15.944436 -5.936824 40.792458 2
-16.823936 -6.173724 40.670758 16
-17.239236 -5.345824 41.042458 1
-17.740636 -4.513024 41.179558 1
-17.867836 -4.699724 42.124858 14
-18.557936 -4.786924 42.849658 3
-18.265736 -3.880324 42.738058 1
-18.900736 -3.533824 42.089558 1
-18.904836 -2.514324 42.110758 9
-18.509536 -1.879224 41.438758 14
-18.190636 -0.992224 41.781858 8
-18.659536 -1.351324 42.505658 2
-19.242736 -1.538524 43.305258 9
-18.348236 -1.826324 43.542158 1
-18.412636 -2.632824 44.063458 8
-17.999136 -1.971524 44.586658 1
-17.564036 -1.118624 44.725558 2
-17.066736 -0.490124 44.277658 2
-16.139836 -0.402024 44.537058 15
-16.432036 -1.048224 45.202358 15
-15.993636 -0.317824 45.726058 13
-15.773536 -0.396324 46.629958 5
-15.181036 0.289076 46.093058 11
-14.635136 -0.170624 46.843558 6
-14.134036 -1.038224 46.964458 2
-13.693836 -0.594024 47.671958 14
-13.583136 0.366676 47.918158 6
-14.248436 0.350076 48.679858 14
-14.482836 1.143176 48.116958 6
-15.024536 1.688176 48.615658 2
-15.205136 0.889976 49.053058 14
-16.040836 1.253576 48.821258 2
-15.699736 0.589776 48.161458 8
-16.239036 -0.050224 48.565058 12
-16.889036 -0.396324 47.981158 14
-17.717536 -0.192224 47.479758 2
-18.171936 -1.118124 47.194358 1
-17.351236 -0.992224 46.588058 14
-17.250336 -1.891724 46.633558 5
-16.852036 -2.194924 47.508958 5
-17.125936 -2.935824 47.001258 2
-16.256136 -3.330824 46.885258 7
-15.309136 -3.130024 46.883558 3
-14.352236 -3.230124 46.937458 2
-13.431436 -3.042624 47.172658 2
-13.114736 -3.771224 47.638358 2
-13.672336 -4.573224 47.738358 2
-14.475136 -5.089024 47.651658 11
-14.610836 -4.258524 47.197558 2
-14.667936 -4.146724 46.233858 2
-15.432936 -3.946224 45.708958 1
-15.819536 -3.118324 45.813458 1
-16.576436 -2.734124 45.455758 5
-15.975736 -2.281224 44.837458 15
-16.359236 -2.636024 44.005458 9
-16.746536 -3.007624 43.225458 14
-16.019736 -3.271524 42.583058 2
-15.488536 -3.908824 42.201558 1
-15.157336 -3.318024 41.487058 9
-15.122036 -2.780924 40.713658 1
-14.575836 -2.019424 40.406358 2
-13.723036 -2.112024 40.963458 8
-14.280936 -1.405424 41.371958 14
-13.317436 -1.177324 41.399858 8
-13.788036 -1.268424 42.247658 14
-13.829336 -0.471424 42.712058 14
-13.578236 -0.699224 43.681458 1
-13.166636 -1.353824 44.238758 1
-12.628236 -0.963624 43.493558 12
-12.913836 -1.487724 42.791458 8
-13.441336 -2.223524 43.100658 8
-14.029036 -1.715524 43.574358 1
-14.896536 -1.610824 43.039758 14
-15.308036 -2.001624 43.789458 15
-14.611936 -2.406924 44.456458 11
-14.308236 -2.855424 45.254758 2
-13.621736 -3.335424 44.806858 10
-13.844236 -3.768324 45.572058 2
-13.585736 -4.695024 45.792458 2
-12.876936 -4.903524 46.353758 2
-13.360036 -5.377024 46.992458 1
-13.476936 -5.934524 46.173358 6
-13.893836 -6.772954 46.274858 14
-14.418936 -7.293974 46.842058 1
-14.312036 -6.689024 47.588658 14
-15.307136 -6.642654 47.546258 7
-16.009236 -6.328774 46.950558 1
-16.738436 -6.248054 47.633958 3
-17.403436 -5.910924 48.344358 1
-17.744436 -5.373924 49.094958 2
-16.995736 -5.115824 49.628558 1
-16.851636 -4.160224 49.764658 1
-16.090336 -4.196424 50.313158 1
-15.286636 -4.186524 49.744458 1
-15.353236 -5.141224 49.531258 1
-15.222036 -4.516024 48.798658 1
-15.079836 -3.526824 48.732858 2
-14.403236 -2.789824 48.830958 2
-14.442736 -1.786724 49.106358 14
-14.610136 -1.126124 49.701458 14
-14.170836 -0.635324 50.349858 14
-13.776036 -0.391924 49.539858 14
-13.193536 -0.873924 48.995158 14
-13.553436 -1.784524 48.691158 14
-13.324636 -1.730224 47.673958 2
-13.842236 -2.439524 48.002158 2
-14.783936 -2.472924 47.690758 2
-15.707936 -2.288624 47.462858 5
-15.944136 -1.659124 48.191158 11
-15.352736 -1.071224 48.627958 14
-15.361536 -1.007124 47.643158 5
-15.067036 -1.599824 46.930758 2
-15.530936 -1.475924 46.103058 5
-15.081436 -1.957624 45.364858 15
-14.745336 -2.503224 46.146358 2
-14.092936 -1.808824 45.846958 2
-13.479936 -2.175724 45.130658 2
-12.821736 -2.400924 44.360058 6
-12.304936 -2.011424 43.623158 8
-11.792436 -2.832824 43.371458 15
-11.597236 -3.247924 42.467258 8
-10.916236 -2.544924 42.722358 2
-10.515536 -2.069924 43.439358 1
-9.574036 -2.171124 43.396958 9
-8.968636 -2.168124 42.598058 1
-9.432936 -2.365224 41.737758 15
-10.126736 -3.181724 41.818658 2
-10.963336 -3.337224 41.449258 8
-11.682336 -3.542424 40.868058 1
-12.121436 -2.814224 40.441258 8
-12.075236 -2.730224 39.408858 14
-12.980436 -3.123824 39.606658 2
-13.758436 -3.456224 40.113058 14
-14.644436 -3.636624 39.773358 12
-14.115136 -4.370824 39.387158 2
-13.230536 -4.240424 39.611758 3
-12.528036 -4.440024 40.222158 12
-12.769136 -3.829424 40.942858 9
-13.012036 -2.845324 41.074258 8
-13.794836 -3.258124 41.607058 2
-12.845236 -3.278424 42.000458 8
-12.643936 -4.148824 42.254758 2
-12.432536 -4.174724 43.191658 6
-12.011736 -4.946324 43.726158 1
-11.466636 -5.272924 44.457658 1
-11.798136 -4.498924 44.922058 5
-11.342636 -3.828224 45.582358 11
-12.303336 -3.662124 45.467658 5
-12.799736 -3.472424 46.311058 2
-12.487036 -2.589224 46.131958 2
-12.864836 -2.235324 46.926258 2
-13.243636 -1.626024 46.251958 2
-12.586136 -1.166024 46.742058 5
-11.818336 -0.990124 46.211758 1
-12.307136 -0.465824 45.617258 1
-12.024036 0.040676 46.378758 2
-12.240636 0.420676 47.256258 1
-13.122036 0.665476 47.004958 6
-13.120536 0.498976 46.057658 3
-13.702136 -0.044524 45.488058 15
-14.002236 -0.213324 44.590758 6
-14.789536 0.145176 44.066158 2
-14.871536 -0.423824 43.274058 14
-15.690536 -0.643824 43.622458 15
-15.774236 -1.115824 42.807258 14
-15.617236 -1.834824 42.253558 2
-15.262836 -1.727624 41.397458 2
-15.159536 -0.811624 41.069158 14
-15.775436 -0.050224 40.805458 2
-15.147536 0.172876 41.533658 14
-14.556536 0.367276 42.331358 14
-13.845136 0.706776 41.784958 14
-13.254536 0.840276 40.945858 15
-14.088536 0.998776 40.433458 2
-13.654036 0.128876 40.208958 9
-13.278136 0.835276 39.677758 8
-13.090036 0.293576 38.854458 14
-12.704536 -0.199624 39.612958 1
-13.209136 -0.929324 39.854558 1
-12.902236 -0.635424 40.712258 8
-12.045136 -0.895924 41.102558 8
-11.584736 -0.013524 41.087158 2
-12.025936 0.448876 41.735358 9
-12.591136 0.796176 42.574258 2
-12.671636 -0.031024 43.016958 8
-12.467236 0.054076 43.945358 5
-11.642036 -0.425424 43.904258 14
-11.857536 -0.924924 44.748458 2
-11.553536 -1.646524 44.088058 7
-11.414536 -2.001124 45.048958 3
-11.351936 -2.035224 46.030158 3
-11.286936 -2.678624 46.746158 2
-10.790036 -3.515024 46.750858 1
-11.379936 -3.881024 47.384358 2
-11.319936 -3.903724 48.424058 1
-12.250336 -3.733124 48.066558 2
-12.444336 -3.771624 49.003758 1
-13.307436 -3.407124 48.614658 2
-13.023636 -2.739024 49.187958 1
-12.608336 -2.121624 49.728558 14
-11.848836 -2.519324 50.214558 2
-11.318336 -2.594924 49.389458 4
-12.080936 -2.317324 48.761658 2
-11.651836 -2.862624 48.097958 2
-11.926336 -2.016824 47.641858 2
-11.760036 -1.331924 48.326158 10
-12.121036 -0.620924 48.925858 14
-12.676736 0.157576 48.869658 2
-12.499836 0.805276 48.165058 6
-12.643036 1.764976 48.382058 6
-12.485536 1.595076 49.369958 1
-12.949336 1.925976 50.100658 12
-12.704636 1.814376 51.063758 8
-12.649436 0.959276 51.490058 8
-12.266736 0.633276 50.732858 2
-12.061736 -0.346624 50.813158 14
-11.983336 -1.273324 51.069258 3
-12.445436 -2.114024 51.384358 1
-13.022136 -1.884624 50.670858 14
-13.036036 -1.047224 50.892558 14
-13.275836 -0.359124 51.547858 8
-13.909236 -0.576324 52.222658 3
-14.184936 -0.232224 53.073858 1
-14.416336 0.591676 53.425158 2
-13.697736 1.112476 52.907358 8
-13.966036 1.650576 53.718158 2
-13.596236 2.140176 54.453658 1
-14.451436 2.617176 54.638758 9
-15.287136 3.046876 54.519858 2
-14.942836 3.600376 55.164258 7
-14.852836 4.133276 54.376758 1
-14.342736 4.433376 55.217958 1
-13.753736 4.343276 56.007058 3
-13.353636 4.986476 55.424758 1
-12.305136 4.947876 55.573758 12
-11.370036 5.173476 55.476258 3
-11.821736 5.955676 55.989458 5
-11.860036 5.630976 56.890458 14
-11.983536 6.544776 57.078358 2
-11.766136 7.051676 56.331458 2
-12.710536 6.760676 56.292858 15
-13.045336 6.844576 57.267658 8
-13.922736 6.731876 57.607558 11
-14.483636 6.049676 57.987858 2
-14.427136 5.667476 57.063058 5
-14.592136 5.734276 56.131758 2
-14.805936 6.655176 55.919658 3
-15.228136 7.443476 55.607158 2
-14.928036 7.947976 54.750958 1
-14.189136 7.309476 54.808458 4
-13.711336 6.607876 54.328158 14
-13.755036 5.999876 53.494458 2
-14.714736 5.876176 53.639858 3
-15.378636 6.380276 54.117058 14
-15.947636 7.096576 54.100158 1
-16.163436 6.481976 53.390058 14
-15.847036 5.554476 53.363558 1
-15.731336 4.573276 53.415458 1
-15.178436 4.519976 52.605858 14
-15.517836 4.975376 51.848158 1
-15.742336 4.377976 51.161058 1
-15.524436 3.665776 50.538058 2
-15.741236 3.214876 49.743558 2
-16.559936 3.030676 49.445158 2
-16.625636 2.988176 48.455158 2
-15.791736 3.230476 48.127058 2
-14.964436 3.080976 47.687858 6
-14.383136 3.833276 48.028358 9
-13.765336 4.520476 47.692358 9
-13.002136 4.528476 47.109558 2
-13.158536 3.554176 47.221558 9
-13.165236 2.588376 47.620258 6
-13.967736 2.918276 48.004458 9
-13.981036 2.147976 48.634758 6
-14.644136 2.661776 49.133758 2
-15.064836 3.513576 48.973158 2
-14.161936 3.748176 49.086258 9
-13.197036 3.789176 49.421758 9
-13.578136 3.183976 50.082258 2
-13.466036 2.493776 50.769358 8
-13.980436 2.369476 51.533458 8
-14.253836 1.572476 51.982658 8
-14.964536 1.868176 51.394758 3
-15.155036 2.632876 50.888058 2
-15.175136 2.349376 50.001158 2
-14.417936 1.782976 50.173958 8
-14.144836 0.918276 49.772758 14
-13.124336 0.892376 49.792958 6
-13.297036 0.313576 50.609658 8
-14.282536 0.437376 50.853758 8
-15.087336 -0.114324 50.788258 14
-15.802636 0.075876 50.127558 3
-16.539736 0.762576 50.070058 6
-16.731336 1.615876 50.357158 2
-15.875636 1.685676 49.848558 2
-15.328736 0.905176 50.193158 14
-15.784436 0.974776 51.026158 10
-16.050836 0.172176 51.536758 12
-16.926636 0.122476 51.144458 3
-17.771836 -0.391124 51.435058 3
-18.337336 -0.221824 52.176858 2
-18.643236 0.478776 51.663058 12
-17.864536 0.953476 51.299058 3
-18.323636 1.310176 50.566758 1
-18.206136 1.248076 49.597958 3
-17.959736 2.140776 49.401758 2
-17.338636 2.557476 50.039358 2
-17.167336 2.647776 51.063558 2
-16.455636 2.431176 51.694558 9
-16.177336 3.297276 51.282758 2
-16.054836 3.445376 52.280058 1
-16.939536 3.178676 52.446058 1
-16.348936 2.433276 52.762958 2
-15.376936 2.696576 52.586058 14
-14.441636 2.628876 52.444458 1
-13.472736 2.668676 52.613158 8
-13.090936 2.733376 53.515958 1
-12.369936 3.318876 53.154558 3
-12.538136 2.478176 52.712358 8
-12.061636 1.879276 52.101358 8
-11.911436 1.081476 52.617358 2
-12.011636 0.125976 52.762758 9
-11.258036 0.368976 52.082258 1
-10.755336 -0.133524 52.791958 3
-9.917836 0.356076 52.588358 1
-10.313036 1.204176 52.449658 2
-9.454036 1.226476 52.880258 2
-9.168236 1.709076 52.050058 8
-9.588736 2.163976 52.784658 14
-9.692136 2.887976 52.132458 6
-9.254836 3.520476 52.763758 1
-9.036736 4.071576 52.010458 2
-8.945936 3.573276 51.158158 7
-9.890536 3.825776 51.180358 6
-9.770936 3.294576 50.430958 2
-10.606736 2.939176 50.680558 1
-11.046836 3.408976 51.424558 6
-11.395836 4.158276 50.891258 3
-12.144936 3.682076 50.647958 3
-12.795236 3.813276 51.455558 8
-13.736936 3.766876 51.500758 14
-14.217836 4.102476 50.721658 2
-14.165636 4.957076 50.317558 14
-14.508336 4.603176 49.482258 9
-15.318236 4.179076 49.655958 2
-16.211536 4.320876 50.025158 2
-16.876936 4.916176 50.367558 3
-17.380036 4.248376 50.972558 2
-17.931536 4.902576 51.436358 8
-18.832336 5.147376 51.170558 12
-19.576336 5.095776 50.609758 9
-19.311436 5.142176 49.690858 8
-18.848336 4.309976 49.736358 14
-18.533236 3.677476 49.087158 2
-18.215936 3.523176 48.258658 2
-17.759036 4.175476 47.751658 1
-17.123636 3.885576 48.397358 2
-16.315036 4.376476 47.985958 2
-15.975436 4.115676 47.107858 1
-15.393436 4.942776 47.272358 1
-14.437636 5.175776 47.262458 9
-14.467336 5.640576 46.395158 2
-15.054236 6.291576 45.923958 3
-14.944536 6.777476 45.027258 1
-14.437536 6.401576 44.327058 9
-14.358936 5.428776 44.173758 1
-13.634036 5.770576 44.685058 10
-13.017336 5.423176 44.074858 3
-12.194536 4.993876 44.498158 8
-12.360636 4.352676 45.286558 8
-11.922336 4.194776 46.126158 6
-12.320236 3.393176 45.815758 12
-11.950136 2.457976 45.656658 2
-12.015836 1.676876 46.289958 6
-12.935436 2.140276 46.204558 8
-13.656436 1.774976 46.680858 6
-13.794336 1.405776 45.782658 3
-14.376236 2.110576 45.699758 2
-14.728436 1.762176 46.538858 6
-15.516936 1.419476 46.940658 14
-16.482836 1.640776 47.309158 3
-16.437236 2.064876 48.201258 2
-17.459436 2.313076 48.303058 2
-18.411136 2.499376 48.512858 1
-18.812236 1.707676 48.100058 8
-19.740536 1.506276 48.225158 4
-20.550236 1.527076 47.786058 1
-20.447336 2.387576 48.263158 2
-19.787136 2.445576 48.989458 12
-19.171736 2.392476 49.687158 1
-18.466436 2.968576 49.945158 2
-18.602236 3.585976 50.677458 14
-17.798636 3.785976 50.114358 2
-17.166836 4.100876 49.454458 2
-17.495136 4.896676 49.024858 14
-17.097236 5.739176 49.216358 1
-16.154336 5.541276 49.483658 3
-15.730236 5.076376 48.730258 3
-15.028936 5.848076 48.889758 14
-14.180936 5.516076 49.278658 9
-13.700936 5.693376 48.371858 9
-12.788336 5.824676 48.103758 2
-12.373836 5.002276 48.277358 2
-12.203136 4.076076 48.502158 9
-12.086736 3.478976 47.734958 14
-11.426936 3.141676 47.116358 2
-12.255736 2.650476 46.833658 6
-11.530236 2.068576 47.110658 1
-11.562036 1.106476 47.246158 6
-10.979636 1.217476 46.487458 2
-10.421336 0.394176 46.653258 3
-9.990636 -0.508524 46.790758 2
-9.636236 -0.183224 45.984958 9
-10.490436 -0.054624 45.520058 2
-10.639736 -0.934424 45.653458 3
-10.327036 -1.376324 44.837058 1
-10.637136 -0.985624 44.031358 2
-10.952836 -0.674424 43.153358 3
-11.112236 -1.022324 42.285758 2
-11.903036 -1.385324 42.640458 8
-12.235036 -1.739624 41.762058 8
-11.595536 -1.941724 41.063358 8
-11.114536 -2.453924 40.317058 1
-11.154936 -2.082024 39.415258 3
-11.565236 -1.286524 39.818758 10
-11.362536 -0.920324 38.942558 2
-10.528236 -0.491224 38.838258 8
-10.305836 -0.343124 37.909958 2
-10.979736 -0.240724 37.205258 14
-11.178136 0.564576 36.608458 3
-11.315036 1.119776 35.821958 2
-10.877736 1.830676 36.405658 4
-11.124336 2.743676 36.144858 14
-10.264336 2.856176 36.434658 2
-9.357336 2.613076 36.360158 7
-8.521556 2.669976 35.987458 6
-7.803996 2.850076 36.654958 8
-7.775626 2.669276 37.603758 14
-7.410446 1.856676 37.257758 3
-7.195896 1.363576 36.491158 2
-7.839166 0.815976 36.073058 3
-7.739626 0.439276 36.988458 6
-7.799776 -0.454624 36.622058 3
-7.309126 -1.298824 36.717858 1
-8.038766 -1.575624 36.107158 7
-8.924836 -1.210524 36.417158 2
-9.550236 -0.809624 35.785258 2
-9.942236 -1.690624 35.517558 1
-9.943236 -1.995324 34.627858 6
-9.314636 -2.420524 34.063758 3
-9.187436 -3.193124 34.626558 10
-9.081436 -4.070224 34.197358 13
-9.695536 -4.682024 33.752258 3
-9.453936 -5.625424 33.642158 5
-9.765336 -5.489924 32.735058 2
-8.946336 -5.313324 32.292758 3
-8.247886 -4.908624 31.769858 3
-8.202636 -5.751824 31.296958 5
-9.044936 -5.550324 30.872958 14
-8.345626 -5.451224 30.168258 3
-7.412826 -5.105524 30.040158 1
-7.373716 -4.142124 30.141158 3
-7.582946 -3.901724 29.245158 9
-7.355866 -3.143124 28.687258 8
-8.228266 -3.370524 28.145058 1
-7.974876 -4.169524 27.617158 10
-8.340666 -4.401024 26.684858 9
-7.955806 -3.456024 26.622758 3
-7.542896 -2.744324 26.065658 1
-6.927026 -3.103024 26.771058 3
-6.537206 -3.795624 26.206158 1
-7.126066 -3.657624 25.331958 9
-7.271726 -3.699124 24.404958 8
-7.116406 -4.616624 24.467858 2
-6.803176 -5.501824 24.286158 3
-6.718906 -5.155324 23.369758 3
-6.064046 -4.576324 23.014358 4
-5.804006 -4.239424 23.801258 2
-5.944386 -5.037224 24.350558 3
-5.112166 -5.499824 24.415258 3
-4.212966 -5.856724 24.325058 9
-3.741466 -5.628724 23.488558 13
-3.231186 -5.291924 24.229858 1
-2.894756 -4.564624 23.665158 14
-3.504226 -3.797724 23.697858 5
-4.271656 -4.380224 23.781258 9
-4.614216 -3.859824 22.953658 10
-4.907836 -4.742124 22.634958 12
-5.088226 -5.623724 23.029858 3
-5.422836 -6.600764 22.993658 3
-4.665626 -6.592394 22.336158 1
-3.983376 -6.889244 21.847458 7
-3.973026 -5.934824 21.940058 6
-3.231516 -6.315724 21.447358 2
-3.121216 -6.648404 20.582958 1
-3.791776 -6.389204 20.015458 10
-4.539546 -5.730324 19.875658 3
-4.314756 -5.855924 18.843558 8
-4.639356 -6.724344 18.642058 1
-4.916916 -7.607204 18.482158 10
-5.503746 -7.219384 19.191758 3
-6.408006 -7.412794 18.931558 2
-6.765256 -8.116504 19.454658 1
-7.332606 -7.324874 19.499358 8
-8.022246 -7.999614 19.731158 9
-7.760026 -8.699224 19.134858 9
-8.203636 -9.410424 18.569258 4
-7.794486 -9.965894 17.810058 3
-7.652496 -10.683334 17.180358 6
-7.443876 -11.667624 17.552058 3
-8.075796 -11.502414 18.249058 6
-8.728736 -12.057294 17.659058 9
-8.820436 -12.921644 17.331658 3
-9.271936 -13.753754 17.350658 6
-8.401466 -14.021634 16.961158 13
-8.298246 -14.070494 17.959458 6
-8.771436 -13.876784 18.900258 3
-8.032796 -13.207274 19.188058 12
-8.335936 -12.370104 18.934858 5
-7.814166 -11.603574 19.219158 14
-8.162936 -10.842764 19.783658 9
-8.786736 -11.609184 19.709958 14
-8.813236 -11.967994 20.601358 5
-8.337346 -11.208074 20.957258 9
-8.163506 -11.564824 21.847658 5
-8.855436 -11.805714 22.584158 3
-9.127436 -12.740164 22.761058 3
-9.158236 -13.248914 21.968958 8
-9.678936 -12.494624 21.815558 3
-10.480136 -12.745794 21.259758 10
-10.820236 -13.458714 20.645058 5
-10.959436 -13.862034 19.816758 3
-10.674036 -14.493804 19.170758 10
-10.733836 -13.956854 18.361158 3
-10.148936 -13.188974 18.347358 1
-9.804636 -12.399974 18.024558 1
-9.550936 -12.673734 18.898958 3
-9.156936 -12.812884 19.766258 9
-8.828336 -13.583864 20.219458 4
-9.783336 -13.908964 20.347758 1
-9.438636 -14.635104 20.827158 9
-9.971136 -14.979744 21.531458 1
-10.338936 -14.387024 22.257458 1
-10.162636 -14.746564 23.097758 4
-10.442036 -13.849114 23.303458 1
-10.112336 -12.982224 23.154558 3
-9.592636 -12.806304 23.956358 1
-9.277236 -11.878764 23.776358 3
-8.570696 -11.189514 23.699058 3
-7.689316 -10.679614 23.541958 6
-7.844826 -10.094074 24.249158 6
-8.335666 -10.773424 24.820658 3
-7.598646 -10.881634 25.481558 10
-7.271396 -10.938654 24.548758 6
-7.659026 -11.762114 24.174558 3
-7.039276 -12.148294 24.795058 13
-6.592326 -12.658434 24.148658 6
-7.485926 -12.884674 24.105858 3
-7.244286 -13.531064 24.770958 13
-8.026476 -13.966374 25.218758 11
-8.728136 -13.885294 24.574558 15
-8.608106 -12.889514 24.403758 3
-8.436126 -13.337784 23.408258 3
-8.159536 -14.259714 23.458258 4
-7.541046 -13.899334 22.844858 9
-7.472056 -12.960694 23.017858 3
-6.898516 -13.201204 22.261858 12
-6.074176 -12.808794 22.565958 9
-6.541056 -12.036444 22.263558 5
-5.762766 -11.561844 21.898458 8
-5.901896 -10.655994 22.135458 1
-6.769636 -10.371844 21.728158 5
-7.090416 -9.551054 21.175858 9
-6.880606 -8.594664 21.359458 8
-6.874016 -7.849124 21.938758 3
-6.915706 -7.405404 21.077858 3
-6.797396 -6.837364 20.306358 4
-7.105506 -6.504214 21.151858 3
-6.381306 -5.892724 21.570958 1
-5.521956 -6.185224 21.488958 10
-5.665796 -7.149364 21.600658 3
-5.556466 -8.055824 21.942258 1
-5.929276 -7.611754 22.710858 3
-6.628926 -8.241324 22.903458 5
-6.436046 -9.151694 23.295858 6
-6.378286 -9.933604 22.812058 6
-6.651986 -9.453684 22.087258 5
-5.714706 -9.259574 21.997958 2
-5.238876 -9.756954 21.230558 1
-4.908996 -10.359534 20.597858 3
-5.353006 -11.205294 20.491058 1
-6.266336 -10.915634 20.618258 5
-6.099096 -10.244404 19.883958 3
-6.997536 -9.922034 20.152958 9
-7.392886 -9.836074 19.295858 14
-8.293086 -9.855054 19.754558 9
-9.062536 -10.040594 19.093558 3
-9.510536 -9.653614 19.855158 9
-9.742336 -9.757234 20.781458 9
-10.128836 -10.268264 21.512658 3
-9.795136 -11.099344 21.128758 9
-9.950936 -11.172014 22.017858 3
-10.739936 -11.449924 21.514358 10
-11.285636 -11.143394 22.286258 13
-10.612536 -10.981924 22.912958 3
-10.251936 -10.535434 23.675558 3
-10.167836 -11.470964 23.730958 3
-10.706436 -12.255244 23.900158 13
-11.000636 -11.909714 23.082758 3
-11.550036 -12.705084 22.953358 4
-12.397136 -13.077494 22.520158 8
-12.562736 -12.209254 22.036258 1
-12.388836 -12.651134 21.227758 1
-12.455736 -13.694894 21.273158 1
-13.205736 -13.533264 21.871858 3
-13.556936 -12.945814 22.591658 1
-13.548436 -12.521724 23.472358 9
-12.767536 -12.718204 24.067758 4
-12.628136 -12.623974 25.011658 9
-11.985136 -13.290504 24.800458 3
-12.041536 -14.260504 24.992858 6
-11.021736 -14.261184 25.079258 1
-10.257136 -14.137234 25.592158 6
-10.220136 -14.172094 26.511858 6
-9.291136 -14.014294 26.319758 8
-8.819036 -13.396384 25.704358 3
-9.471036 -12.672674 25.980658 9
-10.103536 -12.599224 25.176258 1
-9.732536 -11.768494 24.689358 3
-9.456636 -11.021954 25.363258 3
-9.818336 -10.175574 25.581858 5
-10.731636 -9.851814 25.372758 3
-11.200636 -9.575514 26.175058 11
-10.933136 -8.869934 25.576058 5
-10.467636 -8.435084 26.372758 5
-10.023936 -9.244264 26.572458 5
-10.257236 -10.236194 26.560558 3
-10.461236 -11.019774 26.077958 10
-10.692436 -11.864424 25.713658 9
-11.072836 -11.635734 24.763158 3
-12.022936 -11.879124 24.468758 14
-12.351336 -11.062774 24.251158 3
-12.606836 -10.213264 24.547058 10
-12.176136 -10.447724 25.409558 1
-11.453536 -10.564164 24.783558 3
-10.979936 -9.925874 24.250458 3
-11.724836 -9.633454 23.745858 4
-11.198036 -10.121104 23.138458 3
-11.857536 -9.481484 22.704958 1
-10.918136 -9.251734 22.530758 3
-11.288036 -9.288314 21.643158 12
-11.271036 -9.430754 20.682758 15
-10.746136 -8.651994 20.527258 8
-10.285636 -8.884004 21.318758 9
-10.032836 -8.936084 22.263458 3
-9.306236 -9.246214 22.789958 3
-8.270736 -9.172824 22.785958 6
-7.954196 -9.768094 22.171558 6
-7.690096 -10.653434 21.968058 4
-7.010766 -11.055314 22.443258 5
-7.335416 -11.786064 23.027858 3
-6.775166 -11.339144 23.630658 6
-5.806196 -11.047664 23.339158 9
-5.219176 -11.017804 24.101558 13
-4.603086 -10.969144 24.819658 9
-5.461826 -10.717754 25.257158 3
-5.893586 -10.238474 24.522658 6
-6.145386 -9.267474 24.477758 6
-5.209576 -9.013464 24.591558 9
-5.646866 -8.310404 25.181658 9
-5.006116 -7.530164 25.185958 1
-5.328716 -6.738324 24.701358 3
-4.441676 -6.728444 25.020658 1
-4.916536 -5.903024 25.377358 3
-5.147336 -6.198724 26.260258 13
-4.475016 -6.867694 26.460558 3
-4.711636 -7.415354 27.197758 1
-5.052506 -8.179014 27.696558 5
-4.624476 -9.073334 27.645858 1
-4.318526 -9.013024 26.778858 5
-4.305726 -9.955954 26.729358 3
-4.502636 -10.762394 27.202358 1
-4.519416 -11.604794 27.706358 10
-5.005466 -12.114774 27.072458 9
-5.907676 -12.429894 27.435258 3
-6.595596 -12.205784 27.977458 8
-6.949406 -11.290154 28.108558 3
-7.068216 -10.628484 27.381258 8
-6.543406 -10.773874 26.591558 4
-6.293186 -10.174284 25.976258 4
-7.264926 -9.954944 25.961958 6
-8.185576 -10.220634 26.239558 15
-8.726936 -10.012204 25.451558 8
-9.098436 -9.443554 24.711758 5
-9.930236 -9.847164 24.339258 3
-9.400736 -9.974984 23.565458 3
-8.507376 -10.119054 23.279958 6
-8.991436 -10.138994 22.431358 3
-8.761236 -9.962694 21.453158 9
-8.705036 -9.392554 20.628158 9
-8.081986 -9.126884 21.294558 9
-8.339836 -8.222324 21.663158 3
-8.538906 -8.374704 20.693358 9
-7.625376 -8.106914 20.849258 1
-8.157246 -7.305204 20.692158 3
-8.542396 -6.398594 20.598358 5
-8.560686 -6.417164 21.556158 3
-8.941536 -7.248494 21.748558 3
-9.510436 -7.882804 21.161258 9
-10.164336 -7.559434 20.495258 4
-11.100136 -7.571244 20.216358 14
-11.973136 -7.799914 20.596458 13
-12.457836 -7.161014 20.108158 13
-13.342436 -6.697994 20.085058 3
-14.118236 -7.036334 20.581058 6
-14.410136 -7.880014 20.300458 1
-14.332636 -8.699534 20.742158 6
-15.191136 -8.993774 21.250958 10
-15.349036 -9.896314 21.504658 6
-16.159736 -10.055904 21.026958 3
-16.691136 -10.880374 21.247358 1
-17.331736 -11.498334 21.623758 3
-16.584136 -11.392394 22.245958 10
-15.980036 -11.657924 23.011858 3
-15.234636 -11.122034 22.890258 15
-15.612036 -10.329104 23.315158 1
-14.827836 -10.113484 23.780458 3
-15.419936 -9.363974 23.802058 6
-15.111836 -8.563184 23.259758 8
-14.184236 -8.912884 23.093158 3
-13.797836 -8.756834 23.906158 9
-14.566836 -8.361864 24.311358 13
-13.806036 -8.057524 24.870858 10
-13.151136 -8.579904 25.309658 11
-12.332436 -8.284344 24.836858 3
-11.848936 -7.974944 24.101758 6
-11.054436 -7.847394 24.635958 5
-10.614336 -8.493614 24.028258 3
-9.965136 -8.230374 24.693158 9
-10.113436 -8.004074 25.634858 5
-9.193736 -7.967984 25.273658 5
-9.036436 -8.483774 24.477958 6
-9.525636 -8.449364 23.636658 3
-10.245736 -8.244134 23.022758 3
-11.163536 -8.107604 22.785458 1
-10.651136 -7.323094 22.695758 1
-9.776236 -6.957894 22.716658 3
-10.100636 -6.680654 21.826758 9
-10.086236 -5.700224 21.995358 1
-9.376136 -5.574624 22.761958 3
-9.248536 -4.640024 22.562758 8
-8.751036 -3.865724 22.897258 4
-7.863266 -3.455724 23.018658 1
-7.342286 -4.057324 22.447958 9
-6.695686 -3.707024 21.874458 3
-6.293176 -4.499324 21.655958 4
-6.095186 -5.294124 22.321158 1
-6.525956 -5.977524 22.840758 3
-6.479476 -6.907874 23.307858 3
-6.101276 -7.336234 24.086158 10
-6.689196 -6.574864 24.304258 3
-6.930016 -7.499474 24.786458 6
-6.488006 -6.882814 25.381758 3
-6.860796 -6.816424 26.293858 9
-6.476936 -6.001524 26.055758 3
-6.632606 -5.169124 25.578158 3
-6.806246 -4.887524 26.492858 5
-7.535736 -5.141724 27.050258 9
-6.770966 -5.236724 27.626458 6
-7.283856 -5.529124 28.373958 5
-7.812406 -5.998624 27.715858 9
-8.524936 -6.592254 28.162158 15
-8.821336 -6.493674 27.268258 9
-8.704436 -7.355864 26.845758 5
-7.769386 -7.474674 26.544058 10
-8.538786 -7.663504 25.911258 5
-8.123196 -7.455444 25.118858 6
-7.856706 -6.719884 24.503458 3
-8.265756 -6.940244 23.703258 3
-7.491086 -7.521174 23.735558 6
-7.552086 -7.024684 22.824858 3
-7.618906 -6.199624 22.267958 3
-7.635886 -5.239924 21.843058 1
-7.349556 -4.416624 21.476558 1
-8.035556 -3.724324 21.483158 3
-8.841236 -3.178924 21.432358 13
-8.964736 -2.434124 20.850958 6
-9.518436 -1.902924 20.307358 13
-9.915736 -1.119924 19.754458 14
-9.234136 -1.647924 19.367958 3
-8.914836 -2.476824 19.202358 4
-8.628936 -1.776024 18.547358 8
-7.651636 -1.441624 18.385658 6
-6.888286 -1.913524 18.855158 3
-6.818846 -2.747224 18.403158 4
-6.309426 -2.392624 17.699158 3
-7.026356 -1.792224 17.455958 13
-7.586186 -1.157924 17.012158 3
-8.021746 -0.783524 16.296458 4
-8.051156 -1.735324 16.301058 9
-8.260856 -2.340024 15.617858 3
-8.862536 -2.796324 14.978758 12
-9.314336 -3.416824 15.621858 11
-9.929936 -4.171324 15.736058 1
-9.326236 -4.926524 16.134158 3
-9.384636 -5.736424 15.534158 1
-9.679136 -6.216824 14.702658 9
-8.731836 -6.368554 14.512258 6
-8.525256 -7.321354 14.221058 6
-8.298306 -7.161704 15.140158 3
-8.388996 -6.824494 15.989058 1
-8.715836 -6.802494 16.936258 4
-8.925836 -7.738254 17.263558 6
-8.913836 -7.399754 18.153958 1
-9.680936 -7.844334 18.534958 10
-9.774736 -8.348894 19.410858 9
-9.166336 -7.782434 19.969658 9
-9.792536 -7.066474 19.653858 3
-9.644136 -6.290344 20.223958 1
-10.198736 -5.968524 20.912958 5
-10.950936 -5.350724 20.947058 8
-11.496036 -5.367724 21.767658 3
-11.678336 -5.498224 22.686958 10
-11.226636 -6.334004 22.819458 15
-10.504536 -6.474184 23.404158 3
-11.454536 -6.547654 23.770558 8
-12.119036 -6.675224 24.467358 9
-11.371936 -6.187224 24.770558 1
-11.744836 -5.831824 25.636858 13
-11.272336 -6.684744 25.755158 5
-10.387636 -6.977494 25.406658 5
-9.836236 -6.740164 24.609758 3
-9.968036 -5.801524 24.367658 3
-9.907736 -5.164624 25.124658 9
-10.748436 -4.722824 24.959558 13
-10.389636 -4.279024 25.735058 13
-9.573736 -3.876824 25.782758 9
-9.111836 -3.513124 25.031758 3
-9.052036 -3.734924 24.043058 10
-9.421036 -4.508924 24.416158 13
-9.095536 -5.300224 23.841158 3
-8.387166 -5.885524 23.464358 3
-7.908096 -5.055924 23.610758 11
-7.847566 -5.685524 24.352558 3
-8.227316 -5.213424 25.092258 6
-8.276176 -5.255324 26.036958 9
-8.293426 -6.120824 25.537058 3
-8.911136 -5.986724 26.261758 9
-9.565036 -6.250774 25.590058 5
-9.049736 -6.958584 25.170758 8
-9.075836 -7.298584 24.288558 3
-9.049936 -7.428814 23.327258 3
-8.480486 -8.193714 23.370558 6
-8.254046 -7.783294 22.557958 3
-7.562786 -8.495254 22.419758 15
-7.534096 -8.621974 23.407558 6
-7.249356 -9.179224 24.146558 6
-6.950466 -8.758104 24.959358 6
-6.525316 -8.818264 25.802658 4
-7.590176 -8.869664 25.868458 3
-7.898726 -9.249434 25.006558 6
-8.623236 -8.876304 25.589458 5
-9.025236 -9.367374 26.337558 5
-8.846636 -8.981234 27.230658 3
-8.373616 -9.742974 27.548558 1
-8.775636 -10.506384 27.084058 4
-8.914636 -11.152374 26.373158 1
-8.420006 -11.759564 25.809758 3
-7.548246 -12.030734 25.885958 10
-8.034136 -12.542614 25.215358 3
-7.546966 -13.157674 25.820558 1
-7.521966 -12.770734 26.730158 1
-8.337116 -12.231984 26.921658 3
-8.839036 -13.022644 27.021858 1
-9.335236 -12.223584 27.122258 1
-9.029736 -12.239274 28.034758 3
-8.936036 -11.758114 28.832058 1
-9.602836 -11.020884 28.886358 10
-9.824336 -10.820884 29.817058 3
-9.309936 -11.554514 30.333158 14
-8.635136 -10.921324 30.714158 3
-8.596356 -10.109464 31.303858 4
-8.070726 -9.903964 30.499558 4
-7.987416 -9.495754 29.628458 3
-8.821136 -9.501434 29.266458 12
-8.566476 -8.610974 29.073358 9
-9.348136 -8.141624 28.661858 11
-9.281836 -7.492514 27.923658 10
-9.774436 -7.627824 27.118558 5
-9.917836 -6.606004 26.944858 5
-9.729936 -5.698924 26.876758 9
-9.552636 -4.808724 27.243258 9
-10.356436 -5.380324 27.628858 13
-10.092036 -5.432924 28.618458 10
-10.547136 -6.232394 29.008358 4
-10.060536 -6.356504 29.871158 10
-10.614036 -7.114864 29.711558 6
-10.418636 -7.991924 29.215358 3
-11.104736 -8.582504 29.399358 10
-12.002736 -8.810814 29.063758 6
-12.301636 -9.651594 28.691758 8
-12.997636 -10.004084 28.131858 13
-12.258436 -10.632164 28.203058 9
-11.822136 -10.628464 27.340558 4
-11.631536 -9.831074 27.902258 1
-10.791236 -9.474794 27.905158 13
-10.685736 -8.709594 27.324458 10
-11.283336 -8.142844 26.811458 5
-11.653636 -7.247324 26.708158 5
-12.129436 -6.683894 27.359558 1
-12.689736 -6.583194 26.488358 1
-12.769136 -5.614224 26.502758 6
-12.436436 -4.815224 26.098858 13
-13.073136 -4.316124 26.748058 4
-12.335736 -4.737124 27.223258 10
-12.428936 -3.711624 27.325058 4
-12.716036 -3.354324 26.538358 4
-12.143436 -3.765424 25.889658 13
-11.301736 -3.678624 26.314058 13
-11.419936 -3.613624 27.389258 3
-11.794736 -2.793924 27.126258 4
-11.656136 -1.868424 27.199558 3
-12.497436 -1.455824 27.276358 4
-13.058636 -0.684424 27.270658 6
-13.773236 -0.618724 26.583058 10
-13.271336 -0.863424 25.832058 10
-12.491836 -1.214724 26.287058 11
-13.237036 -1.675924 26.649658 4
-13.464936 -2.594224 26.431258 4
-13.377936 -1.947024 25.665458 10
-14.133036 -2.330524 25.241358 10
-14.428936 -3.050024 25.859258 11
-14.510136 -3.441224 26.755658 4
-14.961336 -4.256124 26.501258 11
-15.257136 -4.834424 25.814958 8
-15.623036 -4.249024 25.100958 3
-15.455736 -3.195424 25.179558 9
-15.733936 -2.534824 24.548158 4
-14.850836 -2.952424 24.340158 10
-13.912536 -2.976324 24.349258 10
-14.037036 -3.945724 24.221058 5
-13.391936 -4.477824 24.803858 1
-12.565736 -4.476424 24.327058 5
-11.846336 -4.490224 24.859258 13
-11.617236 -4.851524 23.939358 6
-11.237036 -3.980124 24.059258 13
-10.946536 -3.038124 24.228558 13
-11.420536 -2.314924 23.655758 10
-10.598336 -1.885224 23.821658 1
-10.359436 -0.906724 24.086258 1
-10.396436 -0.841224 23.063358 6
-10.631336 -0.006624 22.715758 3
-11.127536 0.566276 23.342258 6
-11.801636 0.975076 22.851458 1
-12.795036 1.027676 22.778258 4
-13.227936 1.859476 22.902458 4
-13.098836 2.072076 23.792058 4
-13.085136 3.111976 23.900658 1
-12.949236 3.263276 22.979658 9
-13.860236 3.290576 22.611858 4
-13.936736 4.216376 22.885358 9
-13.662036 4.931176 22.318258 13
-14.282036 5.176476 21.551458 8
-13.457236 5.676376 21.521758 3
-13.415136 6.247276 22.312858 10
-12.690936 5.803376 22.875258 15
-12.476436 6.223876 23.843458 12
-13.101936 6.743876 23.308358 4
-13.314336 7.391676 22.629658 10
-14.330636 7.340776 22.570358 5
-15.241636 7.425276 22.194558 3
-14.724036 7.187676 21.392058 15
-14.812836 6.674176 20.545858 1
-14.846536 5.723476 20.341058 4
-15.600136 6.007576 19.845558 13
-15.645736 5.103676 19.466058 11
-15.136936 5.000176 18.641858 13
-14.980836 5.049476 17.650258 10
-15.914836 4.881676 17.299958 2
-16.088436 5.848076 17.102058 4
-16.518336 6.718976 17.005558 13
-16.643836 6.414176 17.908458 3
-16.794636 7.376076 17.763358 1
-17.543736 7.833876 17.356358 1
-17.851836 7.032376 16.931858 1
-18.578036 6.457576 17.009658 1
-19.315336 5.925776 17.265658 10
-20.080836 5.885576 17.845558 10
-20.409136 5.028476 17.785258 6
-21.155236 5.185876 17.154258 4
-21.966536 5.031376 16.512558 6
-22.107236 5.591476 17.282358 3
-22.850536 6.241676 17.469258 10
-23.349636 5.833676 16.808858 9
-22.636836 6.257376 16.282258 1
-22.772636 6.590076 15.464658 4
-23.004936 5.643976 15.516458 1
-24.000236 5.667476 15.595658 4
-24.526536 4.992476 16.080658 10
-24.413336 4.344576 16.827258 8
-25.325036 4.732476 16.994658 4
-26.024136 5.094076 16.449858 10
-26.201936 4.210976 16.055858 3
-26.671736 3.514576 16.538558 13
-26.655136 3.467976 17.533458 11
-27.005936 2.818076 18.196858 5
-26.461736 2.361776 17.525558 13
-25.915936 1.599276 17.878858 8
-25.061536 1.889876 17.574158 13
-24.750136 1.243776 16.986258 5
-24.731236 0.263776 16.960658 1
-25.375536 0.188076 16.239058 10
-25.668836 -0.519824 16.811458 4
-25.461636 -1.444024 16.904558 13
-24.874736 -1.210024 16.187858 9
-24.390536 -1.098124 16.998858 11
-24.248336 -0.951524 17.929758 4
-24.377936 -1.893824 17.749658 10
-24.947336 -1.909624 18.629158 4
-25.492536 -2.227124 19.335558 6
-26.484236 -2.229324 19.131858 1
-27.124136 -2.974424 19.018358 6
-26.292236 -3.442724 18.850258 15
-26.598536 -4.198324 19.314458 11
-26.307536 -3.725824 20.106958 4
-26.136836 -2.729124 20.300958 5
-25.497336 -2.756124 21.019558 3
-24.895836 -3.265324 21.580158 3
-24.420236 -2.937724 22.395258 13
-25.276136 -3.330824 22.745258 5
-24.884536 -4.113224 23.200658 1
-24.008636 -3.814024 23.407158 9
-24.111236 -4.540624 24.019658 10
-23.887436 -5.347124 24.509458 8
-23.782636 -4.570524 25.042358 13
-22.805236 -4.562224 25.255058 13
-22.007736 -5.126424 24.926458 4
-22.049936 -6.050724 25.267858 10
-21.169936 -5.959924 24.778258 4
-20.727936 -6.066024 23.877458 10
-19.953636 -6.548824 24.081758 6
-19.272436 -7.093954 23.694458 12
-19.437936 -7.533694 24.551658 1
-18.792236 -7.318474 25.209158 1
-19.448536 -7.197454 25.910958 1
-19.152536 -6.284174 25.653658 3
-19.538136 -5.540724 26.154558 10
-20.329036 -5.120724 25.892058 4
-19.872036 -4.871124 25.097558 4
-19.425536 -5.325124 24.340058 1
-19.017036 -4.508724 24.538458 4
-18.231336 -4.392724 23.975158 1
-18.877536 -4.136824 23.160058 10
-19.776036 -4.156324 23.631758 1
-20.365736 -4.118424 24.321558 4
-20.849236 -4.491824 23.606758 15
-20.975936 -5.165924 22.975358 3
-21.842136 -4.862124 23.160858 1
-22.749036 -4.740124 23.451858 13
-23.221236 -4.489524 22.588058 11
-23.029636 -3.480624 22.560758 10
-22.549136 -3.531824 23.428458 13
-21.878136 -3.612724 22.732258 6
-21.022536 -4.019724 22.599358 9
-20.632536 -3.710724 21.729058 6
-20.054036 -4.550824 21.725158 10
-19.475936 -4.019224 22.297158 4
-19.707536 -3.116324 22.251258 5
-18.848736 -2.942124 21.752558 10
-18.677936 -2.645324 22.654158 11
-18.129836 -3.036724 23.391458 4
-17.291936 -3.407424 23.009258 3
-16.616736 -3.333924 22.318458 4
-15.745536 -3.386324 21.925558 8
-14.987636 -3.887524 21.729658 8
-14.148436 -4.204824 22.258858 6
-13.603836 -4.439224 23.091458 10
-13.127336 -3.639624 23.456258 12
-12.618236 -2.955724 23.895958 4
-13.311936 -2.354324 23.812958 10
-13.122436 -1.992924 24.648358 10
-12.698836 -2.656524 25.215158 4
-11.788536 -2.873024 25.130758 13
-10.966736 -2.307024 25.063458 6
-10.265236 -2.938124 25.392658 13
-10.429936 -2.498124 26.217758 4
-10.532136 -1.558624 26.215358 3
-11.440536 -1.744224 25.794558 4
-12.244736 -1.716024 25.151558 10
-11.713436 -1.048324 24.691058 10
-11.929336 -0.691424 25.526558 5
-11.337236 -0.494224 26.284758 13
-10.421136 -0.418424 26.110058 4
-10.136636 0.416176 25.844658 1
-9.228636 0.698976 25.541758 13
-8.903336 1.183476 26.380758 9
-8.181616 1.228776 25.680158 1
-7.656186 2.056976 25.723258 1
-7.383816 1.981776 26.691058 4
-7.736666 2.905776 26.593558 1
-7.754136 3.661076 25.920158 3
-8.480126 3.198776 25.487658 13
-8.503186 4.069076 25.161458 3
-8.074866 4.064576 24.227558 9
-8.039356 4.182176 23.249158 10
-8.932536 4.356976 23.536558 9
-9.821936 4.132076 23.699158 4
-9.906536 3.196876 23.364858 11
-10.406236 2.417476 23.152158 6
-10.767036 2.620376 24.071858 15
-11.255036 1.740076 23.989958 13
-11.327836 2.139176 24.889258 10
-11.269236 1.513076 25.661558 4
-11.658736 0.676676 25.388258 6
-12.517336 0.187776 25.237658 10
-13.153436 0.773976 24.758958 4
-13.580636 -0.061124 24.988958 10
-13.481336 -0.029924 23.996658 4
-12.607236 0.289176 23.942458 4
-12.195336 -0.588424 23.891358 10
-12.233936 -0.788924 22.960658 5
-11.477536 -1.358824 23.073458 7
-12.137236 -2.142324 22.957258 10
-11.659236 -2.555724 22.229158 8
-11.550036 -1.946724 21.436858 5
-11.722636 -0.986324 21.411058 13
-12.608236 -1.044224 21.149758 1
-13.142136 -1.786724 20.950158 9
-13.075536 -2.004924 19.992858 4
-12.515136 -2.631224 19.502158 13
-12.623636 -3.598824 19.595458 5
-12.826936 -4.412524 19.134958 3
-12.333736 -4.668524 19.966658 10
-13.166836 -4.660024 20.478358 6
-12.353136 -4.341024 20.938558 3
-13.152436 -3.755124 20.986858 6
-12.932036 -2.818724 21.100758 1
-13.457636 -2.333124 21.697458 12
-13.369136 -1.395324 22.044558 1
-13.564836 -1.671524 23.023658 1
-13.384736 -1.304624 23.894058 10
-14.312836 -0.907024 23.699758 10
-14.378936 -0.541524 22.848158 1
-14.219936 0.261676 23.299858 4
-13.974536 0.317976 22.373558 1
-13.979836 1.207976 22.724458 4
-14.573236 1.303576 23.432358 4
-15.037136 1.278976 22.573258 3
-15.934036 0.997676 22.982458 11
-16.404736 0.074676 22.999958 11
-17.196836 -0.495424 23.218758 14
-17.405536 0.114276 23.938758 10
-17.272036 0.085076 24.849958 10
-16.422636 0.226076 25.227858 13
-15.995536 0.345776 24.371358 8
-15.264936 0.733976 23.872358 4
-15.197836 0.634576 24.826758 4
-15.643736 1.225976 25.414758 4
-15.284536 0.884376 26.223858 10
-15.777736 0.147176 26.346558 13
-16.759136 -0.067124 26.618358 13
-17.112636 -0.935124 26.705658 13
-17.904936 -0.609924 26.169658 5
-18.170036 -0.038524 25.396858 10
-17.768636 0.838876 25.510058 6
-17.203636 1.100276 24.794458 10
-16.358236 1.448876 24.592858 4
-15.968136 2.314076 24.627458 4
-16.661236 2.186976 23.887058 15
-16.707236 3.136876 23.466758 9
-15.782236 3.233876 23.634358 5
-15.101736 3.618576 24.208058 6
-14.838936 2.715576 24.098958 4
-15.223336 2.296776 23.263458 4
-15.243236 3.018176 22.634058 13
-15.741736 3.722276 22.114158 10
-16.073536 4.224376 22.854158 9
-16.033536 5.132076 23.104358 4
-16.524736 5.314776 22.336058 7
-17.051936 5.928076 22.867258 1
-16.661236 6.752576 23.121058 1
-16.840036 7.642276 23.474858 10
-17.160036 7.991276 22.617558 4
-17.940036 7.465276 22.719158 1
-17.776436 7.618876 21.796758 10
-18.699436 7.311076 21.890558 13
-19.462036 7.233576 22.414558 8
-20.125336 7.889976 22.392558 13
-20.951536 7.864976 22.825158 10
-20.966836 8.268076 23.737458 1
-20.698736 7.441776 24.153358 5
-20.476736 6.916276 24.878058 3
-20.776136 6.507676 25.710458 4
-20.339536 6.767076 26.511358 11
-19.620036 6.181976 26.637958 6
-18.639336 6.111576 26.795258 4
-18.647536 5.156076 26.875158 11
-19.236136 5.408976 27.687158 3
-19.015736 6.378176 27.689258 4
-18.071536 6.571076 28.080158 13
-17.868036 5.767476 27.641658 4
-17.282636 4.946676 27.516558 10
-17.731436 4.057276 27.706358 6
-18.125336 3.760476 28.502358 14
-17.626836 2.994376 28.769158 12
-17.609536 2.105676 29.156258 10
-18.209236 2.240876 28.387958 13
-17.888436 2.235076 27.500658 10
-18.838036 2.242876 27.548058 9
-19.792536 2.210476 27.344058 3
-19.614236 1.657476 28.102158 15
-19.677236 0.650376 28.250158 1
-19.584536 0.637676 27.300958 4
-19.338536 -0.264024 26.989858 10
-18.532636 -0.702624 26.942458 1
-19.049136 -1.542424 26.794958 5
-19.438936 -1.511324 25.877458 5
-19.761636 -0.693324 25.311158 4
-19.078936 -0.269024 24.744758 10
-19.007336 -1.242824 24.755458 10
-18.746936 -2.167024 25.050258 5
-18.986736 -2.952624 24.548758 4
-19.272436 -2.853624 23.647758 13
-20.129636 -3.061824 23.965358 10
-19.896536 -2.149024 24.076858 15
-20.228536 -2.144124 24.943758 1
-20.559936 -3.085124 24.993258 4
-21.172336 -3.064624 24.303058 6
-21.456836 -3.901924 24.648558 4
-22.271436 -3.629424 25.007858 13
-22.814736 -3.031224 24.554958 13
-22.562336 -2.302324 23.983158 1
-23.186936 -2.056224 23.254358 4
-23.736336 -1.409524 23.585358 9
-23.261936 -0.852524 22.941758 9
-24.109336 -0.601724 22.756758 10
-23.678036 -0.298424 21.961158 13
-23.025636 0.379676 22.072758 4
-22.446236 -0.150124 21.454058 3
-22.603136 0.661376 20.967058 8
-22.837136 0.651276 20.018558 4
-22.981736 0.938276 19.131358 5
-22.934536 1.916476 19.239358 4
-23.387636 2.046276 20.099558 11
-22.599136 2.284776 20.694958 8
-21.748936 2.153876 21.164158 10
-21.202836 2.792176 21.628158 13
-21.256636 2.141676 22.383758 4
-20.736536 1.444176 22.788558 10
-20.325236 1.844276 23.635758 6
-20.207236 1.049376 24.086158 7
-19.326936 0.845776 24.363958 10
-18.844636 1.254476 25.146758 10
-18.280636 1.633476 24.350158 1
-17.589036 1.321676 23.764758 10
-18.334436 0.857776 23.455158 6
-18.623336 -0.005524 23.603158 10
-18.927136 0.195376 22.756258 1
-19.558536 -0.545524 22.813158 1
-19.560736 -0.643224 23.760958 10
-20.478636 -0.620524 24.103858 1
-21.326336 -1.122824 23.782258 1
-21.672136 -1.835524 24.340258 6
-22.249336 -1.763024 25.189358 13
-21.531236 -2.439124 25.525258 12
-21.168336 -3.251024 25.995458 4
-20.207636 -3.255824 26.013658 4
-19.710036 -4.112424 26.149458 4
-19.162036 -3.436724 26.539558 5
-18.739636 -3.866724 25.780958 4
-18.018236 -3.269424 25.823058 3
-17.820536 -2.408224 25.364758 5
-17.742536 -1.787324 24.575258 10
-16.957336 -1.351024 24.979558 13
-16.795436 -0.701524 24.275958 15
-16.710836 -1.539824 23.837758 14
-15.998836 -0.887224 23.731458 15
-15.951936 -0.808824 24.694258 13
-15.099736 -1.148724 24.361358 10
-14.825136 -0.313224 24.655158 4
-15.347936 -0.228524 25.477758 13
-14.438436 -0.369924 25.796858 10
-14.420636 0.556576 25.502758 1
-14.062436 1.105676 26.237658 10
-13.482036 1.439176 25.538558 9
-14.315536 1.578276 25.089458 4
-14.000336 1.866876 24.272358 4
-13.978036 2.540576 25.033358 11
-14.908236 2.408776 25.287858 4
-15.197936 3.208676 25.682358 3
-15.489036 4.092876 25.763858 10
-15.186836 4.963976 26.197558 1
-14.293036 5.024876 25.989058 10
-14.349236 4.692176 26.937658 7
-14.779236 3.759376 27.156258 4
-15.132936 2.879376 27.403958 13
-15.765336 2.347476 27.890058 6
-15.363536 1.800876 27.124358 8
-14.464036 1.924076 27.519858 11
-14.298536 1.006876 27.452658 10
-13.574336 0.385976 27.194258 10
-13.821136 0.252776 28.070458 9
-13.313436 -0.464524 28.484158 9
-13.954436 -1.179924 28.683858 4
-14.437236 -0.825924 27.966558 4
-15.005236 -0.063224 27.679458 10
-15.950036 -0.081824 27.510858 13
-16.721836 -0.633724 27.623458 13
-17.659136 -0.755424 27.849058 5
-17.318936 -0.829524 28.768558 6
-18.012136 -0.165124 29.088158 8
-17.509736 0.281476 29.772358 7
-16.563736 0.161276 29.634558 1
-16.252236 -0.700724 29.658158 5
-15.721436 -1.447424 29.863358 1
-14.810736 -1.226724 29.754758 1
-14.631836 -1.956424 29.255558 4
-14.773636 -2.816824 28.922658 4
-15.161236 -3.667624 29.292858 10
-15.803436 -3.186124 28.877658 4
-16.463836 -3.159524 29.589458 10
-17.223036 -3.198524 28.934158 1
-17.724036 -2.419924 28.808958 1
-18.007936 -1.958224 28.025558 10
-17.184436 -2.384724 27.792858 13
-17.816136 -2.964224 27.350658 3
-18.080536 -2.139624 26.894858 5
-17.201236 -2.221024 26.623558 13
-16.851436 -3.041124 26.290658 6
-16.014636 -3.426624 26.501358 6
-16.077236 -3.270824 27.400958 10
-15.418536 -2.600224 27.709458 4
-16.223436 -2.416924 28.140358 13
-15.663836 -1.705124 28.486558 6
-15.357636 -1.398024 27.579158 13
-14.485636 -1.440924 27.120758 4
-14.898536 -0.765124 26.631358 10
-15.340536 -1.193124 25.830958 13
-14.961236 -1.765924 25.163858 10
-15.952836 -1.901824 25.362058 7
-16.301036 -1.780224 26.260958 13
-15.465336 -1.912224 26.715258 13
-14.712036 -2.379224 26.611358 10
-14.045336 -2.441024 27.354058 4
-13.662036 -2.626324 28.207858 4
-13.237136 -2.366224 29.089258 15
-12.788736 -1.946424 28.327658 4
-11.891436 -1.569824 28.283858 10
-11.062536 -1.891124 28.718658 6
-11.326936 -2.811124 28.593158 5
-12.166436 -2.776924 28.196958 4
-12.842736 -3.392224 28.211658 4
-13.138836 -3.655024 29.044058 9
-13.787236 -3.999724 28.395758 4
-13.726636 -4.826024 27.986358 10
-14.290436 -4.252524 27.494958 4
-15.067936 -4.468324 27.990958 9
-15.923436 -4.688024 28.432158 10
-16.585836 -5.374124 28.603158 7
-16.963636 -5.780924 29.330558 1
-17.622936 -5.311624 28.818658 1
-17.944436 -5.868224 28.085158 11
-18.360636 -6.264514 28.820158 10
-18.740636 -5.365724 29.059758 10
-18.728636 -5.267524 28.010158 11
-19.537036 -4.987724 28.425758 10
-19.050136 -4.139524 28.369658 12
-19.726636 -4.191324 29.013058 10
-20.625736 -4.504324 29.369558 10
-20.718236 -3.591924 29.756158 1
-21.157536 -3.849424 28.886558 10
-21.731236 -3.629224 28.171658 3
-22.331636 -2.861224 28.078858 7
-22.893336 -3.402624 27.508258 5
-22.303336 -3.183624 26.813958 8
-22.558436 -3.814524 26.151458 13
-21.678936 -4.125024 25.748958 4
-21.338636 -5.016824 25.938458 4
-21.777736 -5.561124 26.687158 3
-20.939736 -5.792824 27.071658 10
-21.280236 -5.097324 27.603158 10
-21.763136 -4.566624 26.885058 4
-22.688136 -4.561024 26.922858 1
-23.620636 -4.520024 27.203758 13
-24.049536 -4.320724 28.041458 4
-24.774936 -4.328424 27.466058 7
-25.150036 -5.065924 27.894258 7
-25.731136 -5.685524 28.350158 9
-25.324836 -6.335314 29.031658 6
-24.821036 -6.871334 28.405358 4
-23.989336 -7.261244 28.033158 1
-23.198836 -6.748134 28.234558 1
-22.265936 -6.469124 28.068658 10
-22.353736 -7.348814 28.453158 12
-21.429936 -7.169104 28.621158 10
-21.047136 -7.093394 27.738358 10
-21.366936 -7.473264 26.884358 1
-21.433336 -6.994904 26.029758 4
-20.477436 -6.873324 25.846058 9
-20.627636 -7.844464 26.041458 13
-20.663936 -8.812284 25.983758 5
-20.215236 -9.355594 26.618358 7
-19.625736 -9.841404 27.317358 10
-18.720236 -9.590154 27.485158 11
-18.694636 -10.005964 28.405958 4
-17.931236 -10.567144 28.390958 10
-18.324336 -10.911324 29.152558 4
-18.882436 -11.560774 29.468958 15
-19.675136 -11.874464 29.919058 13
-19.593236 -11.180864 30.566658 13
-20.508036 -10.973314 30.549258 5
-20.964236 -11.691284 30.228658 10
-21.826836 -11.316434 30.139158 13
-22.182536 -10.426334 30.391758 3
-22.229236 -9.991054 31.262858 4
-21.344936 -10.375474 31.385258 15
-20.682336 -9.625004 31.529158 11
-21.388036 -9.007824 31.302658 3
-22.040336 -8.349794 30.965658 1
-21.397336 -7.685284 30.663258 4
-22.225636 -7.671484 30.097858 8
-21.489036 -8.300564 29.697458 10
-20.700636 -8.251304 30.262958 10
-20.843336 -9.074084 29.858658 1
-20.658936 -8.752854 28.943358 4
-20.363836 -7.877244 28.549458 10
-19.569736 -8.511604 28.650558 4
-19.516136 -9.062594 29.430958 1
-19.562736 -8.048104 29.634358 7
-19.561136 -7.200264 29.197958 10
-18.717036 -7.335614 28.713358 4
-19.315136 -7.722234 28.063058 1
-18.993936 -7.128194 27.402258 6
-19.663536 -6.516854 27.681758 10
-19.563136 -5.593424 27.197358 5
-20.194436 -4.860724 27.304158 4
-20.225536 -5.626224 27.973958 10
-20.545936 -5.609924 28.838358 10
-21.458636 -5.247124 28.858758 10
-22.048636 -4.831024 28.204258 5
-22.890836 -5.300324 27.868958 9
-23.293736 -4.934224 28.705258 6
-23.770936 -5.048524 29.575358 4
-24.603636 -4.882124 29.165358 10
-24.807336 -4.003224 28.739858 4
-25.560936 -3.461424 28.643958 7
-25.453236 -3.052324 27.759558 7
-24.513836 -3.268524 27.734058 1
-24.399436 -3.021924 26.720058 7
-23.460836 -3.255724 26.424358 13
-23.374736 -2.425824 26.788858 1
-22.899136 -1.806624 27.370458 1
-22.306736 -2.084724 26.642358 13
-21.473036 -1.921924 27.050758 9
-21.060036 -2.110724 27.880458 3
-21.025436 -3.061824 27.567258 1
-20.387936 -3.800224 27.534358 4
-20.150736 -3.458524 28.382458 10
-19.454936 -3.018924 28.810658 13
-20.262336 -2.420124 28.809958 10
-21.071636 -2.333824 29.266158 4
-21.706136 -1.618024 29.339958 1
-22.079936 -1.051924 30.098958 7
-23.120736 -1.273824 30.140258 11
-23.307636 -2.272324 30.022758 4
-22.417736 -2.601724 30.201358 8
-21.906236 -3.429824 30.046058 10
-22.610136 -3.879824 30.448458 4
-22.404936 -4.875724 30.464958 10
-23.105636 -5.517024 30.647258 4
-23.801336 -6.054424 30.280858 8
-24.203536 -5.821924 31.096458 3
-24.423436 -5.154124 30.393158 4
-25.325936 -5.155924 30.826758 13
-25.403436 -5.812724 31.555458 11
-24.912036 -5.670524 32.323458 11
-24.036036 -5.326624 32.209858 10
-23.491836 -4.759424 31.639058 4
-22.578036 -4.500624 31.812758 5
-21.866536 -5.090624 31.550358 1
-21.419636 -4.744024 30.786158 10
-20.736836 -5.115524 31.477058 6
-20.322336 -4.602724 32.214958 10
-21.247836 -4.209024 32.454958 5
-20.626136 -3.794824 33.091058 7
-19.839536 -3.573624 32.554658 4
-20.441236 -3.469624 31.853258 5
-20.266736 -2.503524 31.825058 4
-19.264436 -2.645124 31.687558 6
-18.615836 -3.356224 32.102258 13
-19.155736 -3.923924 31.605458 1
-18.737036 -4.826624 31.549858 4
-19.612436 -5.220424 31.409758 15
-20.052736 -5.430024 30.585558 10
-20.278036 -4.605424 30.323458 10
-19.432636 -4.133824 30.654958 9
-18.966236 -4.760324 30.126858 10
-18.658536 -5.677524 30.426658 9
-19.201936 -6.134424 29.821858 10
-20.142836 -6.281794 29.683558 10
-19.786736 -6.944774 30.315258 13
-20.419936 -6.530734 30.834358 15
-21.056036 -6.463284 30.179358 10
-21.117536 -6.348254 29.251358 10
-22.121936 -6.419594 29.125258 13
-22.399936 -6.580324 30.093158 15
-21.904236 -5.742124 29.953158 10
-22.638236 -5.332024 29.467158 1
-22.898636 -4.420424 29.580158 4
-22.438636 -3.987124 28.885658 10
-22.919536 -3.093424 28.947258 4
-23.222036 -2.238324 28.700158 12
-23.965036 -2.768924 29.084158 4
-24.638836 -2.486124 28.526258 1
-25.546536 -2.191724 28.470358 7
-25.047136 -2.083324 27.587758 7
-24.901336 -1.202324 27.246758 1
-24.723936 -1.839124 26.531858 3
-25.709236 -1.506224 26.618058 7
-26.460036 -0.890924 26.749758 10
-25.920336 -1.032124 27.529858 7
-25.743436 -0.137724 27.261258 12
-25.350536 -0.256524 28.143858 6
-24.467636 0.147276 28.250858 10
-24.729436 -0.469224 28.979558 7
-25.269836 -0.671124 29.751858 13
-25.224536 -1.648124 29.938558 11
-24.627136 -2.403024 29.865558 1
-24.620436 -3.343524 29.590058 4
-24.429836 -4.153724 30.001058 4
-25.415536 -4.192324 29.965558 11
-26.125236 -4.659424 29.446358 13
-26.445036 -4.057124 28.639258 7
-27.144136 -3.800524 29.227058 9
-27.467336 -3.091324 28.615258 7
-28.314936 -2.485324 28.703958 10
-28.724536 -3.345024 29.026658 14
-28.045436 -3.926324 28.481658 7
-28.606436 -4.689424 28.800958 4
-28.863936 -5.464124 29.465558 12
-28.381436 -5.569824 30.327258 12
-27.825136 -5.705024 29.531758 4
-27.394236 -4.972724 30.023458 13
-28.169536 -4.340124 29.932358 12
-27.609036 -3.817024 30.553858 7
-28.219036 -3.103524 30.581558 10
-28.920836 -3.784224 30.407358 12
-28.973136 -2.936024 29.938858 10
-29.784836 -2.445824 29.938158 14
-29.530136 -1.507824 29.964958 10
-30.032136 -0.724824 30.145858 7
-29.966336 0.222576 30.048458 4
-29.358636 0.939776 30.201158 1
-28.777436 1.387676 29.446858 1
-28.559136 0.422176 29.449058 10
-28.133736 0.872076 30.164658 7
-27.439236 0.655076 29.495758 4
-26.723336 0.015776 29.418158 1
-26.376736 -0.220324 28.523658 3
-27.055136 -0.915724 28.629358 10
-27.482636 -0.619924 27.871258 10
-27.029436 -1.425324 27.762358 7
-26.463936 -1.799524 28.535558 7
-27.236936 -1.994524 29.041758 10
-26.641536 -2.558024 29.550758 7
-26.622336 -2.328624 30.540858 1
-26.767336 -2.515424 31.468558 1
-25.764736 -2.411924 31.663458 7
-24.910336 -2.012024 31.900158 1
-24.268236 -1.511224 31.338058 10
-24.360436 -2.413924 31.126358 12
-24.247536 -3.279924 30.626558 4
-23.397936 -3.430224 31.044658 4
-22.676936 -3.074924 31.494958 10
-23.275436 -2.993224 32.200458 5
-23.238136 -2.216424 32.729058 11
-22.312136 -2.370424 32.978758 1
-21.517936 -2.718424 33.338258 15
-20.744136 -2.196424 33.053358 14
-21.457836 -1.608324 32.645958 9
-20.875136 -1.126824 33.326758 11
-20.775836 -0.651524 34.092858 7
-21.579936 -0.965924 34.561258 14
-22.462936 -1.076324 34.151958 10
-22.371136 -0.222624 34.515658 7
-22.833736 0.056776 35.384358 13
-22.586536 1.005576 35.469858 7
-22.790236 1.934076 35.313558 12
-22.301936 2.615576 35.758058 10
-22.320736 3.142076 34.920258 10
-21.402936 3.358776 34.888258 15
-21.657536 4.018476 35.528158 7
-22.378236 4.519776 36.001158 10
-23.176636 4.321576 35.511758 7
-23.423336 3.902276 36.372658 10
-23.842136 3.109376 36.861358 9
-23.273336 2.324576 36.888958 14
-24.246236 2.194676 36.797658 1
-24.518936 2.417376 35.910058 1
-25.130136 3.095276 36.313958 10
-25.854836 3.714476 36.348658 4
-25.273036 4.414176 35.902458 7
-24.495636 4.844876 35.524358 12
-25.329836 5.052976 35.016158 1
-25.157736 4.075176 34.692458 1
-24.424636 3.229176 34.735758 1
-25.159136 2.667476 34.402758 7
-25.221636 2.065276 33.637958 10
-24.604836 2.245876 32.825758 1
-24.002336 1.753576 33.322558 7
-24.370936 0.877976 33.103158 13
-24.374336 -0.089024 32.849358 4
-24.213936 -0.510724 33.741958 4
-24.569636 0.182676 34.337958 7
-24.836936 -0.225124 35.096858 10
-25.417136 0.012376 35.876758 10
-25.616536 -0.654924 36.589858 11
-26.465536 -0.603824 36.205358 12
-26.734736 -0.864524 35.264058 11
-26.144236 -0.429324 34.667358 4
-26.265436 -0.095224 33.761458 6
-26.266636 -0.812924 33.145358 7
-26.853036 -0.504924 32.486658 12
-26.266636 -0.513624 31.701358 7
-26.737236 -0.785724 30.816758 8
-27.199136 -1.145824 30.053158 1
-27.756536 -0.443524 29.861858 10
-28.000436 -1.298724 29.485658 10
-28.079636 -1.389824 30.398058 10
-28.533736 -0.946524 31.132158 7
-28.355836 -1.754224 31.542958 5
-29.152436 -2.045224 31.019358 7
-30.149536 -2.276224 30.941258 15
-30.407736 -3.213024 30.916358 1
-31.242736 -2.637324 30.593158 14
-31.644736 -1.830424 30.943958 1
-31.270336 -0.925124 30.959958 13
-31.530936 0.067376 30.963458 9
-31.835336 -0.137424 31.880258 11
-32.761536 -0.186324 31.703358 7
-33.594536 -0.592524 31.915058 10
-33.662636 -0.847624 30.961558 13
-34.210436 -1.175624 30.207158 10
-34.750936 -0.380424 30.340358 1
-34.756036 0.137476 29.550058 1
-34.073236 0.142076 28.861258 7
-33.155136 -0.202324 29.083458 1
-33.189436 -0.584524 28.099258 4
-33.062836 0.188776 27.471858 6
-33.791936 0.872276 27.653858 1
-33.280136 1.692776 27.415058 10
-32.425536 1.870876 26.904958 7
-31.579336 1.924776 27.379258 10
-31.155936 2.440676 26.582058 7
-30.212136 2.734576 26.742158 4
-29.969236 3.209476 27.501958 1
-29.004536 3.143276 27.615458 16
-28.558736 3.043376 28.527058 11
-29.053436 2.289076 28.246758 10
-29.909736 1.933576 28.025958 7
-29.803836 1.203476 27.421958 7
-28.858036 1.229076 27.475158 11
-28.891136 0.240776 27.795058 1
-28.678736 -0.703324 27.814558 10
-29.125036 -1.043824 28.568258 10
-28.870536 -1.670324 29.138958 10
-29.349536 -2.193624 28.435358 7
-30.147336 -2.081424 28.958158 14
-30.721236 -2.769824 28.546758 14
-30.441336 -2.672324 27.566758 11
-29.959036 -2.266124 26.830658 10
-30.752936 -2.737424 26.502958 4
-30.418936 -3.186724 25.664958 12
-31.298636 -2.961424 25.639358 7
-30.979436 -2.875224 24.731158 12
-31.755436 -3.361724 24.426558 12
-32.429436 -2.802524 24.204858 7
-32.044436 -1.920424 24.380658 1
-31.367436 -1.808324 23.714158 1
-30.591236 -1.904624 23.227258 7
-30.492636 -2.799224 23.532558 10
-30.381936 -3.579724 24.083958 12
-29.538336 -3.931124 23.757558 10
-29.554236 -3.111024 23.207858 4
-28.758936 -3.642524 22.834058 9
-28.168036 -3.540624 23.651558 13
-28.874336 -3.006024 24.187058 12
-28.513936 -2.835924 25.143858 15
-27.971936 -3.599924 24.877258 7
-28.494336 -4.251124 25.332558 4
-28.520836 -4.866124 24.574558 1
-27.888136 -5.401424 25.117058 10
-27.356436 -4.839524 25.685358 7
-26.853136 -4.113124 25.910358 7
-27.053336 -3.294724 25.474558 7
-27.267936 -2.607324 24.736158 15
-26.257236 -2.556024 24.528658 1
-26.121636 -2.626624 25.426058 1
-26.204536 -3.260724 26.133358 7
-26.597636 -2.497924 26.566258 7
-26.837536 -1.711024 26.072058 15
-27.192036 -1.172124 25.288958 15
-26.861636 -0.397824 25.806458 12
-26.030136 0.041176 25.375058 1
-25.885136 0.874876 24.898558 11
-25.875336 1.877276 24.952258 1
-25.514936 1.552576 24.102658 1
-25.959736 0.766476 23.778058 1
-26.763936 0.801776 23.190458 7
-27.074836 0.934676 24.092758 12
-26.758336 1.861776 24.104858 10
-26.211036 2.632076 23.959658 16
-26.078236 2.861176 24.868258 3
-26.296136 2.497076 25.744658 12
-26.607636 1.532576 25.693058 7
-27.084936 1.328876 26.513558 10
-26.690036 0.409776 26.572758 7
-27.527236 -0.089724 26.554758 1
-27.941836 0.290776 25.703858 15
-28.804636 0.257976 25.277658 7
-29.259536 -0.316324 24.623858 12
-30.223136 -0.459624 24.337758 1
-29.983636 -1.396224 24.133458 7
-29.197936 -1.872924 24.432558 12
-28.913936 -1.632824 25.354858 9
-28.097836 -1.181424 24.983158 15
-27.908036 -1.719524 24.214258 5
-28.168936 -0.846224 23.824758 7
-28.721036 -1.126924 23.097958 4
-28.005136 -0.843624 22.418958 7
-27.318236 -1.474724 22.005158 16
-27.668636 -2.419624 21.858758 10
-27.197736 -3.271124 21.640858 15
-26.514436 -3.328924 22.319558 1
-26.468436 -2.991324 23.210158 1
-26.610536 -3.430424 24.091558 7
-27.156636 -3.978524 23.574258 7
-27.862036 -4.389624 22.933958 1
-28.583836 -5.664124 23.156958 1
-29.508536 -5.866824 23.327858 10
-29.601636 -5.075224 22.782358 1
-30.377036 -5.596224 22.549058 1
-30.766436 -5.893024 21.750058 4
-31.456536 -6.478684 21.595358 7
-32.337436 -6.034824 21.456958 1
-31.781936 -5.357424 21.018458 1
-32.041336 -4.425724 21.256358 12
-31.657036 -4.049224 22.102458 10
-31.303336 -3.999424 22.983458 11
-31.662036 -4.747524 23.387558 10
-31.440636 -4.944824 24.368758 15
-30.745636 -5.601124 24.375358 7
-30.119136 -4.863224 24.705558 12
-29.843236 -3.961624 24.803158 12
-29.350436 -3.511324 25.560458 12
-29.287636 -2.604424 25.772158 11
-28.672636 -2.058524 26.310158 15
-28.302336 -2.983924 26.529058 7
-27.619436 -2.266024 26.621558 15
-27.859236 -2.299724 27.547558 10
-27.041536 -2.745324 27.426758 7
-26.255436 -3.245524 27.222858 7
-26.373436 -4.112624 26.853858 7
-26.609636 -4.853424 27.404458 7
-25.975136 -5.581924 27.339258 16
-25.502836 -4.781024 26.934058 7
-24.602236 -5.247824 26.837058 16
-24.694336 -4.481124 26.248058 7
-24.372636 -3.763124 25.670858 13
-25.238436 -3.385224 25.766258 7
-24.472136 -2.715124 25.666558 16
-23.636336 -2.566724 25.276258 13
-24.161236 -2.401424 24.437158 9
-24.048036 -3.427924 24.538358 13
-24.984136 -3.306024 24.807558 9
-25.067036 -4.203224 25.073658 7
-24.804936 -5.038524 25.418958 1
-25.396636 -5.379624 26.085358 7
-25.132736 -6.158524 25.529558 6
-25.389936 -7.089924 25.547958 16
-26.015036 -6.792134 26.241958 15
-26.549136 -6.864844 25.480358 14
-26.236636 -5.938424 25.379458 12
-26.259336 -4.988124 25.143258 7
-26.066536 -4.538624 24.239758 7
-26.090436 -5.480224 24.177958 1
-25.943036 -5.900924 23.229258 12
-25.026236 -5.513524 23.120958 10
-24.853336 -5.910324 22.272258 4
-25.093936 -6.189124 21.330458 16
-25.814436 -6.756474 21.509958 11
-25.596836 -7.549914 21.072058 12
-25.992336 -8.353264 21.423358 7
-26.760336 -8.587114 20.914458 1
-27.139636 -8.196084 21.674858 7
-27.502836 -7.474644 22.151958 12
-28.081436 -7.980604 22.776858 4
-27.434936 -8.598714 23.239358 11
-26.871136 -9.222534 23.719758 7
-26.717836 -9.789234 22.916358 1
-27.152836 -10.045764 22.118558 11
-26.790436 -10.893374 22.455258 15
-26.389036 -11.651744 22.005258 5
-25.992736 -12.554254 22.116658 7
-25.051436 -12.722684 21.916458 4
-24.889136 -13.523374 22.469358 11
-24.187536 -13.771894 23.131158 10
-24.545236 -14.679164 23.613158 1
-24.512236 -14.463444 24.553358 7
-24.192236 -15.154464 25.092958 14
-24.482036 -15.055954 26.027458 9
-24.975936 -14.343564 25.560258 10
-25.976436 -14.153144 25.637258 15
-26.440736 -14.922504 25.982258 7
-26.016136 -15.018344 26.803358 7
-25.303036 -14.751204 27.410258 1
-24.565636 -14.870124 28.024758 16
-24.693436 -15.054164 28.952858 15
-24.055736 -14.460914 29.309358 16
-24.513536 -13.808214 29.914058 10
-24.448036 -12.841234 29.893158 16
-24.739336 -11.885884 29.948858 10
-25.203636 -11.872794 30.754658 7
-26.036536 -12.000624 31.324758 1
-26.568636 -11.327154 30.861958 13
-26.797636 -10.784824 30.034058 1
-27.271936 -9.993354 30.078658 1
-27.750836 -9.297924 30.492758 7
-28.451536 -8.662944 30.620758 7
-29.004536 -8.029344 30.042658 16
-28.918436 -7.174714 30.457758 12
-28.449436 -7.791694 31.097158 7
-28.431936 -7.175874 31.789258 12
-28.583936 -7.048614 32.755758 13
-29.480536 -6.654854 32.433358 12
-29.535636 -7.036374 33.345558 1
-28.680236 -7.229494 33.867458 15
-27.944936 -7.650954 34.223458 15
-28.060336 -8.403994 34.815458 15
-28.067236 -9.245984 35.283258 7
-27.047536 -9.336334 34.940958 6
-26.327036 -9.712304 35.372058 7
-26.965636 -10.437584 35.126158 11
-27.424136 -10.167134 34.322658 7
-27.672436 -9.542734 33.594958 16
-27.697736 -8.640784 33.336158 15
-27.910836 -7.877494 32.811458 4
-28.176336 -8.209814 31.917758 7
-27.499236 -8.823774 32.192158 7
-27.124636 -9.480244 31.541258 7
-26.191036 -9.193464 31.463158 9
-25.665436 -8.949524 30.722958 10
-25.288536 -8.688134 31.508058 1
-24.899136 -7.801874 31.548958 11
-25.632236 -7.700504 30.807058 1
-25.366536 -7.495844 29.880258 7
-25.430236 -6.739774 30.462658 12
-25.757236 -6.790604 31.369658 11
-26.489936 -6.453914 30.699058 13
-27.351436 -6.533694 30.188958 9
-28.294936 -6.496324 29.907258 12
-28.575336 -6.862184 29.001058 7
-29.040936 -6.120024 28.562458 11
-29.392236 -5.512924 27.805258 7
-29.456436 -6.559024 27.756058 16
-29.990136 -6.261504 26.944358 16
-29.793236 -6.105424 25.998858 1
-30.154536 -5.242424 26.185758 16
-29.337936 -5.006624 25.732958 12
-28.980536 -4.432624 26.407058 7
-29.799236 -4.314024 26.941358 12
-30.201836 -5.179924 27.161858 7
-30.448536 -5.872424 27.761858 16
-31.167436 -5.295124 27.928858 16
-31.564236 -5.224724 28.787058 16
-30.867236 -4.800124 29.271058 4
-30.337136 -4.348424 30.047358 10
-30.561436 -3.466324 29.853058 14
-31.269836 -3.686724 30.386858 7
-31.649036 -3.452624 31.200158 5
-31.994536 -3.022124 31.953958 10
-31.173536 -2.993024 32.406058 1
-31.004136 -2.829724 33.343258 16
-31.145936 -2.706424 34.302158 15
-30.592436 -1.903324 34.099458 7
-29.900836 -1.319624 33.762558 1
-29.288236 -1.271724 34.517758 7
-28.783236 -1.025324 35.306258 10
-28.231336 -0.204124 35.316058 1
-28.634036 -0.486124 34.367058 15
-28.312836 -0.684424 33.504258 1
-27.777136 -1.438524 33.827358 1
-27.698436 -1.826824 34.772558 12
-28.435536 -2.520824 34.820258 1
-27.648436 -2.897424 35.161158 7
-26.783836 -3.288824 34.991858 1
-26.227536 -4.107624 34.568458 7
-25.216036 -4.146824 34.614758 13
-25.154636 -3.565724 33.760258 8
-25.127436 -3.814324 32.839758 7
-25.816336 -3.823924 32.194558 7
-26.715036 -3.959224 31.758658 15
-26.437536 -4.367124 30.884858 13
-26.850436 -5.151024 31.347158 13
-27.866436 -5.532224 31.415958 12
-28.434136 -5.041324 32.013658 12
-27.934236 -4.181524 32.179658 16
-28.483736 -4.134424 32.950458 5
-27.589636 -4.371324 33.133758 7
-27.786936 -4.478224 34.055858 12
-27.602236 -5.438124 33.934358 15
-27.686536 -5.441024 32.963558 1
-26.889136 -5.817924 32.579358 11
-26.561936 -6.017424 31.657258 16
-26.689136 -6.872414 31.900158 11
-27.589736 -6.609144 31.955358 12
-27.510236 -7.239854 31.134758 7
-27.334936 -7.695084 31.979858 7
-26.430236 -7.956234 31.795758 11
-26.623436 -7.689524 30.852058 7
-26.930636 -8.135904 30.104258 7
-27.866336 -7.709934 30.015358 1
-27.447536 -7.583724 29.107058 9
-27.071636 -7.253034 28.308558 12
-27.254736 -7.379764 27.324058 1
-27.696036 -7.163634 26.451558 11
-27.406136 -6.318554 26.079958 16
-27.326036 -5.638524 26.712158 7
-28.102136 -5.021524 26.544458 4
-27.366736 -4.503824 26.763458 7
-27.929536 -4.630724 27.522358 10
-28.132036 -3.778924 27.115158 7
-29.075336 -3.556824 27.175058 16
-29.722836 -3.299624 27.921558 15
-30.455136 -3.750824 27.460758 5
-31.232136 -3.928324 28.201458 16
-32.023036 -3.400224 28.437558 7
-31.792336 -3.108124 29.350258 14
-32.177936 -3.953724 29.792158 7
-31.900236 -4.842524 30.090958 16
-31.099736 -5.243224 30.479158 9
-30.089836 -5.474024 30.718258 12
-30.341936 -6.426844 30.816258 12
-30.111836 -7.245744 30.374558 7
-30.441336 -8.150254 30.048158 11
-29.748036 -8.727584 30.258158 1
-30.049536 -9.360724 29.644158 1
-29.498036 -9.988084 30.169758 1
-29.172536 -9.547334 30.929058 7
-28.609136 -10.333284 31.078758 7
-28.310436 -10.616054 31.959058 15
-28.059836 -9.866534 32.531658 7
-27.195036 -10.209904 32.473158 1
-26.864336 -10.020774 33.344058 10
-26.618736 -9.130594 33.590058 15
-26.063436 -8.390954 33.840658 15
-25.524336 -9.216614 33.848558 7
-25.834536 -9.806194 33.150058 12
-25.356736 -9.948584 32.283358 6
-24.821936 -9.289584 32.678958 1
-24.384936 -8.513364 32.304558 7
-24.452536 -7.539764 32.555258 11
-23.582836 -7.519754 32.929358 16
-22.969036 -7.609004 33.625858 16
-23.354736 -8.005634 34.477658 7
-23.120736 -8.344874 35.328058 13
-23.190136 -8.502434 36.270658 12
-23.967136 -8.116244 35.773858 7
-24.588536 -8.174614 36.575458 13
-24.602136 -7.296964 36.928658 16
-25.470736 -7.120114 36.455358 12
-24.740836 -6.741084 35.958858 4
-24.661336 -6.990574 35.026158 8
-24.560236 -6.378034 34.227858 7
-24.207336 -6.284534 33.300158 7
-24.996136 -6.797244 33.089958 11
-25.886136 -6.891694 33.429358 11
-26.620636 -7.098374 32.851758 11
-27.116136 -7.401654 33.680658 15
-27.053036 -7.182684 34.612358 15
-26.989636 -7.880894 35.252258 15
-27.386436 -8.317284 36.023958 12
-28.136036 -8.584054 36.623958 7
-28.441236 -8.145244 35.776458 15
-29.294336 -8.587194 35.675858 9
-29.919236 -9.277554 35.739758 16
-30.429436 -9.727154 35.082558 1
-30.996236 -9.471074 34.268958 7
-31.884636 -9.383134 33.910658 7
-32.430736 -10.196324 33.718858 1
-32.596536 -10.080214 32.767958 1
-31.812336 -9.506774 32.792258 7
-31.781136 -8.537974 32.823658 7
-32.186136 -7.707794 33.139158 1
-32.060736 -6.790184 32.761658 11
-31.801836 -6.209124 33.485058 16
-32.071436 -5.897024 34.424958 1
-31.369336 -5.440124 34.842358 7
-31.481136 -4.731424 34.247758 1
-30.828636 -4.177624 33.745658 1
-30.181136 -4.871924 33.578758 1
-30.191536 -5.737024 33.165958 16
-29.471936 -5.451924 32.600158 12
-28.976936 -5.943324 33.265058 12
-28.849536 -5.901524 34.196858 7
-28.658636 -6.685494 34.790458 15
-27.954336 -6.126924 35.056058 15
-28.174136 -5.235124 35.362458 7
-27.671636 -4.462124 35.085458 5
-27.000636 -5.093624 34.775458 16
-26.756836 -5.964124 34.947758 11
-26.766736 -6.710734 35.529258 7
-26.717036 -6.108824 36.316058 14
-26.711736 -6.357654 37.284358 16
-27.743036 -6.399854 37.536158 12
-28.413236 -5.903324 37.040558 7
-28.704536 -6.829324 37.273258 1
-28.857036 -6.525854 36.413058 13
-28.959536 -7.116524 35.663158 15
-29.461936 -7.538544 36.297258 1
-29.939836 -7.380794 35.560458 7
-30.674736 -7.625454 34.993358 16
-31.335436 -8.264084 34.760958 12
-31.237236 -8.097884 33.819658 7
-31.257736 -7.149794 33.479358 1
-31.006436 -6.593144 32.741458 1
-30.832736 -6.651474 31.816058 12
-31.464036 -6.848164 30.972558 11
-31.903036 -6.120724 31.481058 11
-31.389636 -5.399324 31.887958 16
-30.493536 -4.920224 31.991158 12
-30.941836 -4.379324 31.319058 13
-30.243636 -3.900024 31.959558 9
-29.527636 -4.301824 32.424258 8
-29.402936 -4.924224 31.577958 12
-28.957736 -5.658924 31.188458 12
-29.238736 -6.578134 31.328158 12
-29.867336 -7.263384 31.415358 8
-29.656536 -7.753944 32.214958 7
-29.095136 -8.265494 32.831458 15
-28.813436 -9.085544 32.470958 7
-29.300636 -9.680564 31.942958 7
-29.684136 -10.406034 32.342658 1
-29.682636 -10.667884 33.253858 5
-30.651736 -10.724284 32.996958 16
-30.269836 -9.840224 33.127158 7
-29.272436 -9.710914 33.184658 11
-29.782036 -8.985034 33.593958 7
-29.499436 -8.706294 34.465358 15
-29.705736 -7.910894 33.980358 15
-30.226136 -8.092974 33.205958 7
-30.799136 -8.187814 32.493858 7
-31.213436 -7.901684 31.604558 11
-30.301636 -8.321204 31.461758 7
-30.136136 -9.212174 31.519758 7
-30.868536 -9.227104 32.095058 7
-31.453636 -9.062284 31.398358 1
-32.344336 -8.741404 31.194558 15
-32.418636 -7.708334 30.839758 11
-33.162636 -7.389244 31.424658 11
-33.641436 -7.559444 32.272458 1
-33.684036 -6.770694 32.772058 16
-34.571836 -7.115004 32.960158 16
-34.387436 -6.530674 33.664058 10
-34.610636 -6.727454 34.586158 7
-35.512436 -6.690244 34.894558 12
-35.407136 -7.528324 34.458458 14
-35.776436 -7.102884 33.627458 1
-36.580736 -6.966344 33.109558 1
-36.663636 -7.177114 32.147758 16
-37.273536 -7.259204 31.436058 16
-37.686036 -8.116484 31.494758 1
-38.200336 -8.406954 30.770058 16
-38.544936 -8.519974 29.852658 1
-37.626136 -8.676264 29.637358 1
-36.919736 -8.646294 29.034758 1
-36.483836 -9.448374 29.391958 12
-36.494536 -10.358374 29.180958 1
-37.355336 -10.598404 29.635758 16
-38.042336 -11.225244 29.456158 15
-37.769736 -11.873574 28.835258 15
-36.848336 -12.276044 28.963358 12
-35.886536 -12.567334 29.034358 16
-35.375536 -12.792784 28.191158 1
-34.732236 -12.135914 27.737658 15
-35.244636 -11.306254 27.484258 5
-34.788636 -10.840654 28.158658 12
-33.932236 -10.607944 28.454958 1
-32.963136 -10.676194 28.220458 16
-33.267736 -10.196364 27.469258 1
-32.706836 -9.412014 27.545558 15
-32.817036 -8.807274 26.808258 13
-32.546836 -7.925744 26.656258 16
-32.392836 -6.988654 26.894758 16
-32.874636 -6.179924 26.996158 16
-33.027836 -5.399124 26.546158 16
-33.276236 -4.942224 25.766358 7
-33.937536 -5.281224 25.167758 11
-33.846236 -5.857724 25.873558 8
-34.346636 -5.430024 26.510758 16
-34.597536 -5.326024 27.482358 16
-33.899836 -5.059424 28.095058 16
-34.396736 -4.243324 28.020058 11
-34.760436 -3.988724 27.148358 16
-34.975236 -3.322924 26.526558 8
-35.767936 -2.770224 26.343558 11
-36.669136 -2.672924 26.025858 16
-36.724436 -1.727024 25.957858 7
-37.454936 -2.152824 25.518358 16
-36.952936 -2.537124 24.646058 11
-36.470336 -1.788724 24.252458 1
-35.759536 -2.089824 23.651358 1
-34.938336 -2.104524 24.176958 1
-34.580136 -1.229624 24.286958 1
-34.042036 -0.551424 24.797658 11
-34.292236 -1.322824 25.344558 1
-33.805336 -2.009324 25.816458 1
-33.732336 -2.944824 26.083958 1
-33.904436 -3.493824 26.847158 16
-33.200336 -3.878124 26.202058 11
-32.866736 -4.069224 25.305158 1
-31.988036 -4.418824 25.047358 12
-32.106536 -4.135624 26.012758 15
-31.139036 -4.138424 26.176358 12
-31.164936 -4.505824 27.090458 16
-31.791136 -3.846824 27.243658 7
-32.658836 -4.252824 27.015058 16
-32.107336 -5.023424 26.862358 16
-31.725136 -5.110924 25.976658 16
-30.872236 -4.983124 25.468958 12
-31.013936 -5.864424 25.742558 16
-30.861236 -6.543024 25.069358 11
-31.486936 -6.482444 24.333158 1
-31.792736 -6.645604 23.431358 5
-32.103936 -7.442314 23.913458 15
-32.260236 -7.587154 24.939558 5
-32.416436 -6.745204 25.455458 1
-31.724536 -7.063494 26.004158 16
-30.999936 -6.717784 26.510558 16
-30.384036 -7.549974 26.547458 16
-29.824036 -7.355114 25.707358 1
-29.924436 -8.397054 25.969858 1
-29.665236 -9.152624 26.544958 15
-29.385236 -8.322954 26.947758 7
-29.745236 -7.873384 27.813958 16
-30.628736 -8.157614 27.487358 16
-30.822136 -8.460564 26.632558 15
-31.743436 -8.460634 26.283258 16
-31.834636 -9.208514 26.918958 13
-31.932836 -8.731894 27.806658 1
-31.750436 -8.899584 28.726858 15
-31.704836 -8.530814 29.621758 11
-31.355636 -7.664664 29.407258 11
-30.834636 -7.288914 28.676458 16
-30.151536 -6.602564 28.563058 16
-29.975936 -5.641624 28.730058 1
-29.926036 -5.345424 29.602558 12
-30.552436 -6.016524 29.806958 1
-31.457236 -6.044724 29.521058 16
-31.802336 -6.812234 30.005158 11
-32.157636 -6.711634 29.003958 16
-32.761036 -6.644874 29.684358 11
-33.373436 -7.028314 29.072358 12
-33.036736 -7.590854 28.393058 16
-33.135136 -8.243594 29.066158 12
-33.465336 -8.278254 29.972258 11
-33.631336 -9.280754 29.948558 16
-32.826136 -9.767254 30.393058 5
-33.059336 -10.495844 29.791558 7
-32.802436 -11.348744 29.340658 5
-33.357936 -11.761634 29.983958 12
-33.809836 -11.727754 29.145958 15
-33.589436 -12.611474 29.456758 16
-32.791136 -13.227534 29.662958 8
-32.442036 -14.072364 29.696158 15
-32.134836 -13.490094 30.441958 15
-31.239936 -13.617784 30.183058 1
-31.305836 -13.177104 29.342058 8
-30.727736 -13.567454 28.647058 1
-30.772136 -13.718684 27.705758 8
-31.632336 -13.980984 27.417958 1
-31.379536 -14.887594 27.051358 13
-31.135936 -14.544264 26.143458 1
-31.773236 -14.093514 25.506758 1
-31.736436 -13.146494 25.657458 14
-32.437536 -12.533654 25.800458 1
-31.959936 -11.905294 25.247358 16
-32.327336 -11.004294 25.154758 7
-33.219936 -10.983434 25.572058 1
-33.197336 -10.332914 26.333558 12
-34.139636 -10.176794 26.289458 1
-34.070936 -9.256734 26.463558 9
-33.762936 -8.320564 26.653958 1
-33.548836 -8.315464 27.581258 12
-33.122236 -7.433484 27.366358 16
-32.279236 -7.761754 27.664158 16
-31.596536 -7.252694 28.024858 16
-31.514236 -6.582554 27.353058 16
-31.985136 -5.769724 27.563358 16
-32.374836 -5.661624 28.472658 16
-33.352636 -5.878024 28.816658 7
-33.574536 -6.187124 27.900158 16
-34.275936 -6.637014 28.382158 1
-34.732736 -7.369134 28.085858 8
-35.263936 -7.153434 27.400258 7
-35.513036 -6.671844 28.246958 16
-35.494936 -5.644124 28.156658 5
-36.111636 -5.803724 28.846258 11
-36.210536 -5.855624 29.802258 16
-36.166236 -4.939724 30.158358 15
-35.540536 -4.347824 30.643358 5
-36.110736 -3.591224 30.427758 16
-36.914736 -3.171124 30.257258 12
-36.769536 -2.920824 29.331558 1
-35.810736 -2.668324 29.170558 15
-35.106736 -2.778024 29.858458 16
-34.814236 -3.653424 30.078658 12
-33.868836 -3.703324 30.412058 1
-33.526636 -3.356324 29.568358 1
-33.063936 -3.640324 28.811458 15
-33.118436 -4.196824 27.989858 16
-32.874136 -4.861824 28.719258 16
-33.055436 -4.952024 29.738558 15
-33.844136 -5.207724 30.238458 1
-33.426936 -6.019824 30.341858 11
-33.600036 -6.371784 31.161858 11
-33.817636 -5.972224 31.994258 1
-34.659336 -6.143224 32.589458 5
-35.283936 -5.744324 31.991058 1
-35.534236 -4.956324 32.574258 1
-35.756336 -5.818824 33.098658 16
-36.624536 -5.583224 32.642358 1
-37.379136 -4.997424 32.366458 11
-37.061436 -4.947824 31.395658 16
-37.703636 -5.115124 30.725158 1
-37.670536 -4.363424 30.173158 12
-38.268336 -3.593524 30.149958 7
-38.877236 -2.847124 30.214358 16
-38.059536 -2.348524 30.199258 16
-37.810236 -2.646324 31.135158 7
-38.455736 -2.534024 31.799158 16
