6.368491 31.316406 -27.486676 2
5.545891 31.552406 -26.945276 1
5.081791 30.958206 -27.575876 1
4.441691 30.458706 -27.159376 1
4.013091 29.795106 -26.638576 16
4.263591 28.856406 -26.792176 2
4.099391 28.996106 -27.749976 14
3.338791 29.562806 -27.604676 1
2.537491 29.982306 -27.570076 12
1.694091 30.085506 -28.037976 1
0.989791 30.792806 -28.265476 1
0.981891 31.228006 -29.058076 1
1.322991 32.157406 -28.914076 1
0.839591 33.005906 -28.974576 3
0.081991 32.362006 -29.086676 4
-0.542109 31.670406 -29.307876 2
-0.521809 30.843506 -29.876376 2
0.057591 30.958306 -30.674376 13
-0.056509 30.109006 -31.042576 11
0.652391 29.686806 -30.540476 14
1.159091 28.998506 -30.157176 1
1.780791 29.475006 -29.608876 5
2.257291 30.077806 -30.286676 15
3.037991 29.662906 -30.607476 8
3.930991 29.558606 -30.690976 9
3.680591 28.865406 -31.310676 9
3.820591 27.936006 -30.988576 2
4.601591 27.586706 -30.512776 8
4.484491 27.308406 -31.421476 15
4.833191 26.545906 -31.911076 1
4.693691 25.964906 -32.676476 2
4.264391 25.097306 -32.840676 1
3.758191 24.386306 -32.466576 2
3.026291 23.758006 -32.637476 6
2.946691 23.014106 -32.042876 2
2.300291 22.770606 -32.739176 14
1.391991 22.899106 -32.365376 8
0.546591 22.404806 -32.477476 12
0.662691 21.557106 -32.929276 14
-0.181309 21.747906 -32.511876 2
-0.051109 21.135006 -31.805176 14
0.209891 20.228506 -31.753376 14
0.801591 20.765706 -31.089776 6
1.272091 20.030406 -31.531876 14
1.789891 19.930306 -30.692076 6
1.919391 18.977906 -30.866976 1
2.196991 18.086206 -31.226076 2
3.070991 18.123406 -31.663576 2
3.297591 17.560906 -32.420276 2
2.872091 17.799406 -33.230176 2
2.895991 17.581706 -34.110376 7
3.298191 18.458706 -33.876676 2
3.362591 18.623206 -34.850976 5
3.283591 19.016206 -35.737276 3
3.709991 19.730706 -35.234776 5
4.260291 20.521606 -35.550976 2
3.456591 21.019606 -35.540076 11
2.844991 20.493506 -35.109776 5
2.573391 19.864806 -35.909376 2
1.743191 19.526506 -35.571476 1
1.312291 18.701406 -35.115176 1
0.889491 18.836806 -34.275476 14
-0.086609 18.750806 -34.556876 8
-0.406909 17.900206 -34.301876 2
-1.297609 17.601206 -34.504876 15
-0.847509 17.282206 -33.650876 14
-1.779209 17.341506 -33.616776 8
-2.281809 17.434306 -32.798976 1
-2.912709 17.665106 -32.082676 1
-2.205509 17.767906 -31.422576 9
-1.764709 18.571106 -31.033076 9
-1.185709 19.235506 -31.508976 14
-0.346909 19.501806 -31.120976 14
-0.791309 19.114406 -30.269476 1
-0.774009 19.848806 -29.550876 2
-0.257709 19.570406 -28.786176 1
0.183991 19.038206 -28.072076 8
1.094091 18.966106 -27.896176 11
1.741191 18.280206 -27.776876 6
1.752391 18.009206 -28.678176 8
2.643491 18.223406 -28.993576 2
3.411191 17.689906 -28.763876 2
2.979991 18.184206 -28.029476 1
2.890291 17.980706 -27.103776 15
2.951591 18.904006 -26.865176 14
3.827591 18.717206 -26.681376 12
3.395291 18.292806 -25.926476 2
4.100191 17.726506 -26.308576 10
5.030891 17.999306 -26.551076 14
5.498191 17.285606 -26.041476 2
5.892691 18.105606 -25.822276 1
5.757591 19.033806 -25.733276 1
5.717291 18.889606 -26.703276 1
6.130791 19.440806 -27.323976 1
5.267691 19.541806 -27.826076 14
5.313791 18.840206 -28.503076 1
5.697691 19.185506 -29.300676 1
4.919691 19.067406 -29.835076 7
4.441091 18.513006 -29.164876 2
4.177191 19.385106 -29.133976 1
3.850791 19.206706 -30.013976 2
2.867591 19.261606 -29.771076 2
2.995191 20.188206 -29.829876 1
2.824491 21.126806 -30.034076 3
2.041691 20.996406 -30.611776 1
2.054991 20.812106 -31.578276 14
2.440391 21.100006 -32.381476 2
1.748291 21.171006 -33.033376 14
2.549391 21.437906 -33.510776 2
2.810591 20.735106 -34.118276 5
3.114091 20.193606 -33.382176 5
3.239191 19.815506 -32.550476 2
2.491491 19.446506 -32.986776 14
2.140791 18.598706 -33.148876 2
1.954591 18.760406 -34.071176 14
1.913991 19.725706 -34.067976 5
1.264191 20.397906 -34.125976 11
1.067991 20.397006 -33.213376 14
0.757591 19.824206 -32.454576 14
0.244891 19.592006 -33.218476 14
-0.077509 20.172706 -33.812376 15
-0.306009 20.021406 -34.747076 8
0.402091 20.687806 -34.694376 2
1.046391 20.977606 -35.256876 9
1.829091 21.535606 -35.241676 2
1.943491 22.530506 -35.127676 2
2.267991 23.217206 -35.668076 15
1.935791 22.610306 -36.295676 6
1.939591 22.589606 -37.285176 8
2.346891 23.274906 -37.846476 2
2.594491 23.146806 -38.790076 8
1.836691 22.763206 -39.310076 1
1.966191 21.724006 -39.450376 2
1.601391 20.841306 -39.642676 15
1.746891 20.584206 -38.736276 1
2.511191 20.541106 -38.060776 1
2.033991 19.721806 -37.937476 8
2.124991 19.414606 -37.086876 14
2.955591 19.002206 -36.788276 2
3.408391 19.566806 -37.453076 14
4.294591 19.770206 -37.117576 12
5.099291 20.118706 -36.682576 9
4.954791 19.077006 -36.636076 3
5.666391 18.513206 -37.005476 8
6.435591 18.702606 -36.380776 6
5.865891 19.385606 -36.056876 2
5.623691 18.909006 -35.295476 8
5.470591 18.585506 -34.403176 12
5.112991 18.312706 -33.550876 2
4.455291 18.388906 -34.264476 2
4.008491 19.228406 -34.381976 5
3.945391 19.135006 -33.433976 2
4.675391 19.805806 -33.617576 5
4.950891 20.145006 -34.471976 2
5.540791 20.683906 -35.059776 1
4.892991 21.263006 -35.426676 11
4.469791 21.332806 -34.592976 5
4.817391 22.098406 -34.150776 2
4.959491 21.797206 -33.187776 1
4.344691 21.605106 -32.515176 1
3.572991 21.140306 -32.091676 1
3.978891 20.404706 -31.611376 1
3.832491 19.775306 -30.859876 2
3.135691 20.478006 -30.815876 6
2.665891 19.866306 -31.437376 2
2.544691 18.987106 -31.887776 2
1.616691 19.090006 -32.216876 14
1.254491 18.257406 -32.028976 2
1.233891 17.863106 -32.878076 2
0.448891 17.833906 -33.319176 3
0.429491 18.712606 -32.801076 14
-0.395809 18.780906 -33.198476 15
-1.045109 18.490706 -32.459876 14
-1.875609 18.826306 -32.810276 15
-1.512109 19.555806 -32.308976 14
-2.305109 19.833106 -32.914876 6
-1.554609 19.534506 -33.440076 15
-0.987709 20.177506 -32.981076 14
-0.937809 21.024206 -32.502676 14
-1.258709 21.322506 -33.280876 2
-2.141909 21.615306 -33.496276 8
-2.267309 22.440906 -32.967076 5
-2.997709 22.526106 -32.293476 2
-3.214809 21.676006 -31.940976 14
-2.667209 21.016406 -32.226976 8
-3.488509 20.689606 -31.830576 2
-3.972809 19.895506 -32.080376 8
-4.827109 20.091906 -31.712276 2
-4.757409 19.491106 -30.982876 1
-4.372809 19.030306 -30.194076 9
-3.716509 18.494406 -30.596476 9
-3.261009 19.279106 -30.813576 14
-3.223309 20.216706 -30.359376 1
-3.930809 20.834806 -30.305276 2
-3.312409 21.387006 -29.782776 8
-3.494309 22.253606 -30.267176 1
-2.660509 22.235006 -30.687476 4
-2.557009 22.193006 -29.747976 3
-2.292909 21.341206 -30.156176 1
-2.329609 21.098906 -29.123676 2
-2.699609 20.385306 -28.611076 2
-3.443709 20.545006 -29.128176 1
-3.606509 20.910906 -28.191876 2
-4.269609 21.210806 -27.535876 7
-4.999909 21.827506 -27.887776 3
-4.927209 22.706506 -28.244476 1
-4.581509 23.449506 -28.706376 2
-3.827209 22.876306 -28.501376 14
-3.176909 22.183606 -28.344676 2
-2.654709 22.358006 -27.537176 2
-2.057009 22.846406 -26.932676 1
-2.328709 21.921406 -26.613376 14
-2.974809 21.296206 -26.960676 2
-3.196309 20.571906 -26.398376 2
-3.594709 21.364906 -26.010476 14
-3.757909 22.342206 -25.974676 6
-4.082009 23.226306 -25.526576 1
-4.467009 24.109306 -25.462176 2
-4.461609 24.015706 -24.443376 8
-3.596109 24.325706 -24.196476 3
-3.301509 25.142906 -24.605776 12
-2.532209 25.716006 -24.347776 10
-1.919109 25.768006 -23.634376 8
-2.073509 26.664206 -23.823976 6
-1.976409 27.579606 -24.212376 2
-1.335809 27.664306 -24.940276 8
-0.640509 28.171106 -24.434276 1
-0.923609 28.820206 -25.054376 3
-1.020809 29.351706 -25.909576 2
-0.942809 29.310606 -26.881276 3
-1.506709 29.507106 -27.643476 1
-1.606809 30.117806 -28.354776 1
-1.520709 30.975206 -27.797976 2
-2.334309 31.456406 -27.903476 14
-2.737109 32.355506 -27.816976 8
-3.479309 32.293206 -28.421276 9
-4.164009 31.692906 -28.023476 14
-3.919109 31.147206 -27.200776 7
-4.620209 30.461006 -26.921376 2
-4.480809 29.812106 -27.598376 1
-4.111309 28.930306 -27.243676 5
-3.265109 28.751306 -27.746576 8
-3.953709 28.096806 -27.952676 5
-3.444509 27.450006 -28.644876 2
-2.835409 26.819906 -29.163576 2
-2.095809 26.176006 -29.212776 3
-2.142709 25.248006 -29.502676 1
-1.279409 25.436106 -29.023976 14
-0.419409 25.456106 -28.561476 15
0.013891 24.691406 -28.954776 2
-0.129809 23.806906 -29.017876 11
0.443191 23.063606 -28.763776 12
0.052091 22.189706 -28.904976 3
0.602091 22.271906 -29.677176 2
0.373891 21.397706 -30.134576 2
-0.425709 21.119606 -29.823776 14
-1.429809 20.927906 -29.634576 2
-1.326309 21.047206 -28.614576 2
-1.660209 21.771306 -28.100576 1
-1.912009 22.266406 -29.032276 4
-1.386809 22.836906 -29.628276 1
-1.823409 23.547506 -30.109776 14
-1.743209 23.084106 -30.969076 1
-2.039909 23.186706 -31.893276 1
-1.331509 22.541706 -32.102076 1
-1.749409 21.802406 -31.669276 3
-1.049709 21.288706 -31.168576 14
-1.780909 20.640106 -31.212576 1
-1.199909 20.127506 -30.638976 14
-1.981409 19.686606 -30.142176 2
-1.737709 18.780006 -29.837776 9
-2.037309 18.976306 -28.888976 2
-2.791209 19.470606 -29.295676 2
-3.461209 18.859306 -29.686176 9
-3.647809 19.114406 -28.770476 2
-4.603309 18.876306 -29.059076 9
-4.922509 18.719106 -28.120676 6
-4.401909 18.920606 -27.361376 6
-3.744509 19.473306 -27.757576 2
-3.420209 18.583506 -27.785876 2
-3.575609 17.608106 -27.931676 6
-3.529409 17.960606 -28.812076 9
-2.712509 18.336506 -28.526476 2
-2.386809 17.977206 -29.355876 9
-2.357509 17.073706 -29.625476 9
-1.977609 16.187406 -29.906176 14
-1.488509 15.396906 -30.112276 6
-0.562109 15.532306 -29.938876 6
0.172691 15.977806 -29.503576 8
0.972891 16.554206 -29.660776 8
1.580191 16.431706 -30.367076 8
2.190991 17.221206 -30.517076 2
1.901291 17.179006 -29.574976 8
2.373091 16.944106 -28.767476 2
1.421291 16.789406 -28.703576 8
1.813191 16.518006 -27.913076 3
1.626791 16.728706 -27.041976 2
0.900891 17.229206 -27.352376 14
0.550491 17.698306 -28.167676 8
0.070391 17.979706 -27.389776 3
-0.480009 18.609006 -26.905276 3
-0.808909 18.957506 -27.748076 12
-1.631809 19.406706 -28.082276 2
-1.990509 20.289406 -27.968976 2
-1.069409 20.267706 -27.528676 3
-1.197109 21.000406 -26.789676 3
-2.066109 20.660306 -26.950076 2
-1.640709 20.006806 -26.363976 14
-2.129209 19.572306 -27.104576 2
-2.999009 19.258306 -27.034476 2
-2.932609 18.331906 -26.963176 12
-2.197309 18.597006 -27.534176 2
-1.888409 17.665706 -27.264476 3
-1.726109 17.613006 -28.232576 1
-0.888109 17.114806 -28.208376 10
-0.856609 18.106706 -28.350576 2
-0.154909 17.973606 -28.941776 8
-0.773609 17.846906 -29.666176 9
-1.192709 17.014306 -29.575476 14
-0.595509 16.537906 -30.096076 2
0.090591 17.151306 -29.965476 8
-0.562509 17.420806 -30.599876 9
-0.833509 16.797206 -31.260876 3
-0.836909 16.649006 -32.278676 1
-0.361509 15.748806 -32.171176 1
0.061791 15.355606 -32.933676 1
-0.052209 16.374806 -32.952076 1
-0.890109 16.106306 -33.396476 8
-1.472809 15.460606 -32.950276 1
-2.064309 16.110806 -32.440876 2
-2.290409 15.541606 -31.641576 2
-1.368809 15.336806 -31.225776 6
-1.472909 14.304206 -31.278176 6
-1.769509 13.528706 -31.738276 1
-0.861609 13.337906 -32.059976 14
0.055191 13.151406 -32.051476 1
0.648691 13.125506 -32.831976 6
0.603791 13.626906 -33.589776 1
1.524591 13.728606 -33.690176 3
2.148591 14.137606 -33.085476 3
1.795791 14.891706 -33.615476 2
2.147391 15.867406 -33.443576 8
1.591991 15.895906 -32.666876 7
1.802991 16.885406 -32.565076 2
1.559891 17.221406 -31.653776 2
0.613491 17.014306 -31.305576 8
-0.075609 17.327106 -31.954176 3
-0.094009 18.346606 -31.991976 14
-0.985009 18.047906 -31.422276 9
-0.294109 18.353606 -30.798276 2
0.677891 18.204306 -30.907376 14
0.624891 18.375106 -29.955576 8
0.372091 19.257806 -29.898576 3
0.566091 19.765606 -30.697176 14
0.869991 20.177006 -29.929976 12
1.392691 19.391906 -29.722176 9
1.571891 18.421206 -29.629776 8
2.472891 18.335006 -30.037976 2
3.075191 17.806606 -30.638776 2
3.898391 18.274506 -30.924076 2
4.769591 18.700706 -30.798476 10
5.400991 18.019406 -30.361176 1
5.402491 17.037206 -30.327276 1
4.908991 17.091206 -31.173576 2
5.554891 17.147406 -31.838376 9
5.853891 18.024206 -31.997376 1
5.536991 18.695206 -32.510376 1
5.148891 19.518706 -32.661576 1
4.413891 18.845906 -32.535076 2
4.110491 18.194006 -31.988776 2
4.415991 17.348306 -32.401576 2
5.029291 16.622406 -32.561276 3
4.147291 16.371506 -32.768176 9
3.458291 16.565106 -32.181076 2
2.928391 15.838306 -32.049176 3
3.438291 15.071306 -32.275476 2
2.862991 14.835106 -31.563276 3
2.811091 15.660106 -31.036776 6
1.997591 16.153706 -31.270176 2
1.790691 15.307506 -31.705976 14
1.001191 15.827906 -31.850476 12
0.995991 15.327306 -31.019676 8
0.062091 15.063706 -31.231676 6
0.190791 15.049906 -30.320576 8
0.556491 14.256006 -30.805876 3
0.567091 14.087606 -29.741476 2
-0.404809 13.834006 -29.737376 6
-0.165609 14.756406 -29.429276 6
0.417391 15.060206 -28.727676 2
1.047191 15.854806 -28.836376 8
0.590391 15.975006 -28.011076 14
1.080591 15.297906 -27.459976 3
0.928491 14.751506 -26.653576 2
1.838691 15.014406 -26.614376 14
2.738691 15.144106 -26.561076 2
3.661391 14.697606 -26.388976 8
4.624791 14.869806 -26.447576 3
4.310791 14.594606 -25.606076 4
3.711591 14.684206 -24.857776 2
3.711091 15.667106 -25.020976 1
4.213491 16.194806 -24.411976 12
3.641091 16.970306 -24.147076 2
3.524791 16.265906 -23.457676 1
3.034891 15.754306 -22.844376 1
3.857791 15.999206 -22.331676 1
4.519891 16.693006 -22.303776 2
5.111891 16.025206 -22.683676 3
5.851391 16.540406 -22.947576 9
6.132991 17.344406 -22.415976 9
6.920191 16.928406 -22.164276 2
6.813691 16.149306 -22.764576 2
7.002491 15.806806 -23.635876 1
6.600991 16.242506 -24.423676 9
6.081591 15.858006 -25.144476 2
6.788191 15.784006 -25.821776 14
7.284991 16.182206 -26.528976 6
6.637091 16.795806 -26.842176 2
7.457591 17.127306 -27.245176 6
6.955391 17.217306 -28.057676 14
7.414291 17.449706 -28.855476 9
6.723991 17.566806 -29.551776 2
5.715491 17.526606 -29.402076 8
4.964591 17.328506 -28.786276 1
4.213791 17.212406 -29.362276 2
3.871591 17.280306 -30.259776 2
3.137891 16.757806 -30.617176 2
2.982991 15.972306 -29.999976 8
3.432591 15.168706 -30.085576 10
2.884291 14.650006 -29.501276 3
2.229391 15.195706 -29.953076 8
1.710791 14.451006 -29.769576 3
1.826091 15.058406 -28.991276 8
2.173791 14.165206 -28.873776 2
2.089091 13.238406 -28.620376 3
1.252791 13.420906 -29.113976 1
0.940291 12.753806 -29.751776 14
0.820791 12.001006 -29.110176 3
0.526591 11.359406 -29.720076 3
-0.233809 11.558206 -29.145876 6
-0.410709 11.889706 -28.283576 14
-0.714609 11.694506 -27.311476 7
-0.585509 10.750906 -27.558576 14
-0.191209 10.435106 -26.659776 2
0.659591 10.908606 -26.847276 3
0.976491 10.038806 -27.139076 8
1.198891 10.039006 -28.061376 3
0.299691 9.717106 -28.100576 2
-0.042209 9.749206 -29.022376 4
-0.528909 9.200806 -29.682376 2
-0.524709 9.442406 -30.665576 6
-1.030609 10.163406 -30.331176 2
-1.321209 10.141206 -31.294076 7
-0.966709 11.003906 -31.004676 10
-1.296309 11.550306 -30.232976 1
-1.862109 11.995906 -29.545876 6
-1.869809 11.141206 -29.153776 3
-2.850909 11.142206 -29.335076 1
-3.513109 10.612206 -28.879376 2
-4.415309 10.409706 -29.170576 5
-5.178309 10.984806 -28.923276 2
-5.852009 11.651106 -28.816776 3
-6.490009 12.353606 -29.033576 3
-6.975109 12.833506 -28.293676 3
-7.568109 13.587606 -28.426276 5
-7.734709 14.453006 -27.892476 13
-8.065809 14.095306 -26.996376 1
-8.637109 13.641606 -27.637576 14
-8.675209 12.601206 -27.676276 8
-9.438209 12.553306 -28.203476 9
-8.640709 12.329506 -28.707976 3
-8.655409 12.431706 -29.689176 9
-8.182709 11.800006 -30.237676 1
-7.173009 11.764906 -29.913576 3
-6.804009 11.291906 -29.180476 3
-6.797209 10.349006 -29.485676 10
-5.978809 9.889306 -29.079276 3
-5.695609 9.721206 -28.171976 1
-5.731809 9.797706 -27.203076 9
-6.007109 8.816206 -27.326376 8
-5.775109 8.868206 -26.396776 1
-5.077809 9.365006 -25.879776 1
-5.341809 10.095906 -25.170776 9
-5.045209 9.443406 -24.614576 2
-4.553909 10.055406 -24.103176 3
-3.660609 10.171406 -24.348976 9
-3.620009 9.598906 -23.591376 13
-3.455709 8.671206 -24.018576 2
-2.808509 9.166506 -24.618076 5
-2.788709 10.071906 -25.000976 12
-3.738909 9.982806 -25.370576 14
-3.779109 10.655806 -26.090976 3
-4.157309 10.817406 -26.963276 4
-4.806209 11.081006 -27.717376 10
-5.420509 11.789306 -27.865676 3
-5.903309 12.453106 -27.367176 3
-6.222509 11.871706 -26.622876 1
-5.693809 11.190706 -26.245476 7
-6.175909 10.476106 -26.617476 1
-6.882109 9.960606 -26.955176 10
-6.796309 9.895206 -27.966076 1
-6.573209 10.678006 -28.369876 3
-7.445909 11.108706 -28.134376 3
-8.376409 11.022206 -28.173776 8
-8.759509 10.667006 -28.960076 2
-7.857509 10.729506 -29.352876 3
-7.692909 10.567206 -30.413476 10
-7.427409 9.735306 -30.772576 6
-7.180109 9.771006 -31.702676 2
-7.923609 9.484906 -32.290576 3
-8.767209 9.919306 -32.359176 1
-9.491509 10.466106 -32.409476 12
-10.017309 11.077206 -32.004076 13
-10.269609 11.497406 -31.137276 3
-10.114609 11.728306 -30.205476 9
-10.568509 11.498606 -29.356776 9
-10.411409 10.617706 -29.018176 4
-9.629709 10.272806 -29.485676 6
-9.511009 9.584806 -30.196876 3
-9.931609 9.216506 -31.042976 8
-10.575309 9.087706 -30.392776 9
-11.393209 8.919006 -30.911876 3
-12.059509 9.366606 -31.504676 6
-12.004009 9.970106 -32.282376 3
-11.946809 10.551006 -31.509376 6
-12.803009 10.300806 -31.785776 6
-13.161609 11.067206 -31.319376 5
-13.599709 11.790706 -30.866776 3
-14.382109 11.851806 -31.443676 3
-14.720909 11.406606 -32.244876 14
-15.149009 12.211606 -32.378176 9
-14.380609 12.708606 -32.126476 3
-13.699009 12.572506 -32.856876 8
-13.018409 12.523606 -33.576776 5
-13.806909 13.047406 -33.918676 14
-13.458309 13.588806 -34.640276 9
-12.669409 13.118706 -35.098276 10
-12.284309 12.383006 -34.684176 5
-11.635009 12.946306 -35.151376 3
-11.656209 13.689406 -34.561376 5
-11.397909 14.611806 -34.576776 10
-11.791409 14.408406 -33.720076 1
-12.716109 14.529006 -33.684676 1
-13.608909 14.614806 -33.267376 1
-14.259209 14.922006 -32.578976 3
-14.713909 14.721706 -31.780076 1
-14.659909 13.842406 -31.416276 3
-15.122509 13.001206 -31.513476 3
-15.631609 13.614306 -32.125376 9
-15.785509 14.266506 -32.821276 4
-16.222609 15.128606 -32.942776 1
-16.771509 14.898006 -32.090476 1
-17.304709 14.305706 -31.444776 4
-16.656109 13.689506 -31.619176 1
-16.535609 12.843006 -31.221176 9
-15.964009 13.333106 -30.644276 3
-15.999709 12.236506 -30.475776 6
-15.043609 12.288706 -30.747376 3
-14.326009 12.327306 -30.192876 3
-14.173109 11.601006 -29.467776 3
-13.512709 11.733806 -28.797076 3
-12.868209 11.234006 -28.310276 13
-13.583909 10.912406 -27.735976 3
-13.222009 10.416806 -27.017076 6
-12.936309 9.835806 -26.368176 13
-13.354109 10.103506 -25.483876 6
-13.150609 9.307306 -24.866376 11
-12.585809 8.798306 -25.545976 15
-11.939409 8.535006 -26.214376 10
-10.976109 8.785506 -25.958276 3
-10.217609 9.340406 -26.064276 6
-10.584709 10.255306 -26.163376 4
-10.241509 10.209406 -25.291176 5
-10.332109 11.102206 -25.432976 4
-9.850809 11.903306 -25.873476 1
-9.145009 11.428106 -25.452676 3
-8.606309 11.936306 -26.092876 8
-9.273709 12.242206 -26.735076 8
-9.939509 12.950006 -27.054476 3
-10.507709 13.369506 -27.704376 9
-9.625509 13.797606 -27.893476 12
-9.999009 13.225506 -28.671576 9
-9.405309 13.228306 -29.400476 9
-8.518109 13.575806 -29.364676 5
-7.703209 13.079906 -29.371076 3
-7.430909 13.785506 -29.959276 3
-6.935309 14.633406 -30.010876 5
-6.395009 13.798006 -30.234776 3
-6.486609 13.509406 -31.118176 10
-6.765609 14.389006 -31.308676 2
-7.671509 14.615406 -31.044776 3
-8.183709 14.620606 -30.221076 5
-8.267709 15.445306 -30.804676 1
-8.430009 16.292606 -30.313576 5
-9.342309 16.184306 -30.673476 1
-9.547109 16.130606 -31.612076 3
-10.462109 16.338706 -31.849176 1
-11.269509 15.880406 -31.995376 1
-11.418509 16.046106 -31.070676 6
-11.858109 15.263006 -30.862576 3
-11.609909 14.743406 -30.135076 6
-11.144609 14.310706 -30.841476 14
-11.987009 13.777306 -30.899376 3
-11.478009 13.127706 -31.289476 13
-10.988309 13.342606 -30.481976 9
-11.482409 13.165506 -29.717476 9
-12.396109 12.900106 -29.906776 3
-12.314909 12.282106 -30.666176 10
-13.067209 12.898406 -30.661476 3
-13.812609 13.202506 -29.983776 3
-13.099409 13.264106 -29.316776 3
-12.336909 13.084806 -28.821976 13
-12.350909 12.174706 -29.104276 3
-11.431909 12.261106 -29.014076 9
-10.610909 12.680606 -29.263776 9
-10.119209 12.817706 -30.062976 9
-9.926209 13.250606 -30.926076 1
-9.309909 12.523506 -31.033676 3
-9.140209 12.120206 -31.881076 6
-8.636309 13.014006 -31.740476 9
-8.313609 13.016306 -30.832976 8
-7.511009 12.526206 -30.772376 3
-6.659509 12.090006 -30.848176 3
-6.765909 12.384406 -31.750676 1
-6.605309 11.369006 -31.901576 1
-7.107909 11.647606 -32.712676 4
-7.316409 10.751206 -33.049076 1
-7.465109 10.950906 -34.010476 6
-8.320909 11.097406 -34.509876 9
-9.170209 11.279506 -34.888776 1
-9.564609 11.374006 -34.037076 4
-10.546709 11.465006 -33.673576 3
-10.621009 11.724906 -34.640776 9
-11.275709 12.329106 -34.240976 5
-10.619309 12.991906 -33.992276 10
-10.973109 13.080906 -33.122376 3
-11.288809 12.153206 -33.077376 5
-12.150009 12.366206 -32.746376 5
-12.876009 12.346106 -32.110176 8
-12.249309 13.051306 -31.963676 11
-12.888409 13.718006 -32.245576 1
-13.282709 13.653706 -31.326576 3
-13.932709 13.952506 -30.657076 3
-14.613209 14.421006 -30.213776 3
-15.553709 14.388406 -30.483076 5
-16.190409 14.401606 -29.792276 6
-15.749009 13.572406 -29.533776 8
-15.053809 12.858006 -29.495976 3
-14.568209 13.661906 -29.378076 3
-15.192309 14.398306 -29.136276 15
-14.825109 15.147706 -28.690976 14
-13.900109 14.743006 -28.653976 3
-13.830809 15.663006 -28.786776 4
-13.964309 15.367706 -29.652076 3
-14.086609 16.049706 -30.246776 12
-14.725509 16.342006 -30.841376 9
-14.119309 16.660806 -31.525176 10
-13.336309 17.167506 -31.627276 3
-12.709309 16.648406 -31.007576 1
-13.066109 15.780406 -30.638876 1
-13.272209 14.879406 -30.538276 3
-12.689409 14.974806 -29.807076 3
-12.714009 15.809206 -29.407676 6
-12.676509 15.042906 -28.826576 4
-12.486909 14.142206 -29.200176 3
-11.498509 14.131706 -29.240376 9
-11.219409 15.012606 -29.155276 6
-10.627209 15.752806 -29.450076 6
-10.210809 15.259506 -30.136876 5
-9.924109 14.716706 -29.353176 9
-9.900109 15.152306 -28.552776 6
-10.298809 14.688906 -27.790476 3
-10.581809 14.197506 -28.538576 9
-11.454309 14.200906 -28.028676 3
-11.723909 15.078906 -28.281976 6
-12.173709 14.945606 -27.465776 13
-12.921009 14.402406 -27.164876 5
-12.038909 14.104906 -26.863676 10
-11.696309 13.228906 -26.735376 1
-11.428209 12.759006 -27.596676 9
-12.270209 12.485006 -27.951576 13
-13.190609 12.611706 -28.280876 3
-13.995309 12.226506 -27.931276 3
-13.778209 12.913506 -27.301176 1
-13.505809 13.705506 -27.744876 9
-13.893309 13.672206 -28.630076 3
-14.686309 14.117206 -28.249076 5
-15.651009 13.995806 -28.301276 1
-15.131409 13.172406 -28.352176 1
-15.036209 12.312506 -28.731376 3
-15.555209 11.957906 -28.035976 1
-15.567509 11.243006 -28.713976 3
-16.346909 11.779006 -28.791476 8
-16.629609 10.839406 -28.851876 3
-17.400509 10.160406 -29.123876 6
-16.648409 9.659106 -29.281876 3
-16.910909 8.823606 -29.065076 4
-17.606709 8.229006 -29.401176 9
-18.552809 8.468406 -29.490776 8
-18.711709 9.353406 -30.064376 15
-18.558909 8.579606 -30.605076 3
-18.919309 8.243006 -31.531376 4
-19.509109 8.768406 -32.084076 8
-19.529809 9.696706 -31.687476 6
-19.049609 9.915006 -30.907676 5
-18.346909 10.148306 -31.524976 3
-18.611809 10.906406 -31.042776 5
-17.619009 11.066306 -31.057876 9
-17.657009 11.016206 -30.103376 4
-16.995509 11.637606 -29.685576 1
-16.208209 11.066706 -29.701876 3
-16.507809 11.427906 -30.619576 9
-15.815509 11.797506 -31.671576 9
-16.203209 11.615306 -32.474376 9
-15.683409 11.437006 -33.309776 3
-16.027009 11.271906 -34.187176 14
-15.571809 11.847806 -34.851876 13
-15.004109 11.431806 -34.117576 3
-14.564409 11.370006 -33.242876 9
-13.638709 11.405706 -33.733676 13
-13.970109 10.496806 -34.078276 1
-13.113209 10.227806 -33.994276 3
-12.911709 10.752606 -33.215176 1
-13.589209 10.126106 -32.937976 10
-13.059209 9.383706 -32.619476 6
-13.785909 8.795206 -32.372576 6
-14.521209 8.564306 -31.794476 3
-14.519109 9.458406 -31.418676 1
-14.555109 9.971306 -30.643976 3
-13.725309 10.213406 -31.038076 6
-13.906809 10.376706 -30.040676 3
-13.499209 9.471106 -30.360576 6
-14.312609 9.060606 -30.279276 3
-14.515509 8.155706 -30.466776 15
-13.663309 8.017706 -30.177276 10
-12.719009 8.191706 -29.869876 3
-12.567409 8.909506 -30.539576 6
-12.441409 8.341706 -31.285576 5
-12.924509 8.380906 -32.102476 6
-13.177309 7.905906 -32.872576 9
-12.944209 7.524006 -33.743076 3
-13.294909 8.375206 -34.144476 3
-12.969409 8.219806 -35.076276 8
-12.838409 9.153506 -35.057076 10
-12.270809 8.851706 -35.773976 13
-11.809609 9.627906 -35.880576 3
-11.043109 9.978906 -35.412776 9
-11.233509 10.300106 -34.568976 11
-11.943709 10.800706 -34.182376 5
-12.721709 11.395306 -34.482976 5
-13.107109 11.885106 -35.260776 4
-13.696109 12.589406 -35.544476 3
-13.975909 13.228706 -36.275876 8
-14.742609 13.689106 -36.642476 3
-15.254209 13.275306 -37.327776 1
-15.715809 13.157106 -36.490576 3
-16.141609 12.339006 -36.355076 1
-16.213009 12.667206 -35.446776 1
-16.894409 12.352406 -34.712976 3
-17.672609 12.328306 -34.222076 1
-18.019409 12.308306 -33.299976 4
-17.618109 11.445106 -33.040576 3
-17.052309 12.193706 -32.815676 9
-16.545809 12.978006 -33.315676 9
-16.840809 13.649706 -32.769276 1
-17.783409 13.510706 -32.558776 6
-17.297909 12.967606 -31.984676 9
-17.753809 12.757606 -31.121776 15
-18.156209 12.108706 -30.602676 5
-18.197209 11.770306 -31.587876 3
-17.684409 11.119106 -32.047876 9
-17.672309 10.359306 -32.711976 5
-16.832309 10.207006 -33.057376 3
-16.762409 9.623106 -32.309876 6
-16.982609 9.903206 -31.460576 9
-16.218309 9.455506 -31.032876 10
-15.847609 9.663006 -30.175576 3
-16.038709 10.471406 -30.695276 9
-15.316709 10.636406 -30.060176 3
-14.742709 10.824106 -29.312176 3
-14.675409 10.254306 -28.545176 3
-15.069209 9.987806 -27.726276 6
-14.933209 10.925606 -27.415576 3
-14.660209 11.125806 -26.510576 6
-15.234709 11.430606 -25.835976 5
-14.799709 11.762706 -25.030376 3
-14.354009 11.485506 -24.236676 1
-14.305609 11.115206 -23.302676 6
-14.503409 10.288406 -23.778976 10
-14.073809 9.664306 -24.268476 3
-14.237309 8.698406 -24.398576 5
-14.011409 7.766506 -24.845176 3
-13.866109 7.603206 -25.773076 13
-14.694109 7.988906 -25.966276 13
-14.429309 7.817006 -26.846876 1
-14.418609 6.842316 -26.667376 9
-13.695009 7.099756 -27.248676 11
-14.380109 7.120876 -27.928576 12
-14.693009 6.316516 -28.297976 13
-15.406009 6.533926 -28.817676 3
-15.858209 7.012476 -28.078676 4
-16.673809 7.552006 -28.181776 14
-16.133309 7.398506 -29.003576 3
-16.184309 8.215306 -29.566776 6
-15.689909 9.024706 -29.424376 3
-15.435009 9.287706 -28.544776 3
-14.494109 9.155906 -28.838776 4
-13.791109 9.643506 -29.353076 3
-13.002909 9.629606 -28.780576 8
-12.586309 9.351706 -29.593176 4
-12.865109 10.260806 -29.695076 6
-12.838909 11.166906 -29.350476 3
-13.353009 11.153606 -30.137276 3
-12.372409 11.070106 -30.390576 6
-11.507009 11.323706 -30.734076 9
-11.158109 10.377706 -30.763276 1
-11.650109 9.920306 -30.002176 6
-11.836509 10.786506 -29.525676 4
-11.784209 10.543206 -28.546076 1
-11.926809 9.927806 -27.844376 1
-11.674709 10.716706 -27.421876 10
-11.485009 11.416006 -26.795676 1
-10.686209 11.838206 -27.036876 9
-10.528609 11.373706 -27.940976 3
-9.712909 11.478006 -28.325976 9
-9.328409 11.052606 -27.520176 8
-8.583809 10.462106 -27.315776 10
-8.335509 10.383506 -26.354276 5
-7.594409 10.770306 -26.810176 15
-7.396709 11.342206 -26.061376 1
-7.477009 12.168906 -26.664276 8
-7.621209 12.062006 -27.697776 3
-7.366909 12.942806 -27.304276 9
-6.618209 13.549506 -27.190576 1
-6.182009 13.622806 -28.039876 3
-5.652409 13.736906 -28.796276 3
-6.075609 14.537306 -29.254276 3
-6.787709 15.167506 -29.074676 5
-6.946209 16.096506 -29.156076 5
-5.990709 15.957306 -29.281176 13
-5.753909 16.866906 -29.005276 10
-5.015909 17.519706 -29.086676 9
-4.412909 17.040706 -28.482776 6
-3.956009 16.964206 -29.357876 9
-4.707909 16.452106 -29.722776 13
-3.898209 16.255206 -30.164076 3
-4.500609 15.622906 -30.593476 13
-4.497609 14.660106 -30.148776 3
-4.741109 13.871306 -30.723176 3
-4.454409 13.860006 -31.612876 9
-4.506409 13.762706 -32.554976 13
-5.343909 13.419706 -32.213576 11
-5.133109 13.138506 -31.236476 9
-5.737309 12.810306 -30.471976 3
-5.782909 12.871906 -29.550776 3
-5.152309 12.240006 -29.250476 3
-4.258209 12.055006 -29.618176 5
-4.105409 11.476206 -30.347976 6
-4.976809 11.926106 -30.368876 3
-4.422109 11.825306 -31.249476 15
-4.098909 12.669106 -30.936676 3
-3.553009 13.422306 -31.085276 4
-3.676709 13.312506 -30.140176 3
-3.130209 14.075606 -30.312476 5
-2.571909 13.757806 -30.957376 6
-2.678409 12.782006 -31.049576 8
-1.800309 13.058806 -30.797276 5
-1.542409 13.899606 -30.405876 6
-2.216009 13.965606 -29.791576 6
-2.031009 13.942506 -28.841276 6
-2.516909 13.132406 -28.700476 3
-3.297009 13.602806 -28.351276 1
-3.069709 14.534606 -28.401776 10
-4.007709 14.527206 -28.761976 1
-4.280109 13.823106 -29.432276 3
-4.832109 13.191306 -28.946776 3
-4.541209 13.798106 -28.241576 1
-5.087209 13.296206 -27.626376 3
-4.773409 12.830706 -26.818976 1
-4.088309 13.521206 -26.901476 1
-3.611809 14.194506 -27.469076 10
-3.430609 14.339506 -26.512376 1
-2.579309 14.066806 -26.711176 1
-2.016009 14.095106 -27.558176 3
-2.077009 15.064306 -27.220776 4
-1.507209 15.458506 -27.863276 4
-1.866609 15.228406 -28.734576 3
-2.262809 14.929506 -29.571176 6
-3.013709 15.472406 -29.855376 3
-2.874709 16.323506 -30.320276 12
-2.598209 17.238006 -30.625976 9
-3.330709 17.653006 -31.079476 9
-4.049509 17.163506 -31.447576 10
-4.240309 17.348906 -30.533776 9
-5.088409 17.708806 -30.948776 5
-5.942809 17.659206 -31.326176 3
-5.762809 18.497806 -31.777876 4
-5.165109 17.857406 -32.267076 5
-4.596909 17.484206 -32.903576 11
-5.594709 17.203106 -33.038476 14
-6.499109 17.622206 -33.087176 1
-7.111809 17.307506 -32.451476 10
-7.771509 16.759206 -31.979676 10
-6.946109 16.397506 -31.948876 4
-6.184109 16.532406 -31.418276 10
-5.266309 16.715206 -31.194876 13
-4.801709 15.992006 -31.549076 10
-5.252309 15.150206 -31.977176 6
-5.907009 15.351106 -31.221176 13
-5.604909 14.918806 -30.319776 3
-5.007309 15.322206 -29.602276 13
-5.326609 15.402806 -28.706076 9
-5.103509 16.168106 -28.159576 4
-4.792809 16.625706 -27.355676 6
-5.120409 16.153206 -26.577076 8
-4.557409 15.395306 -26.415576 5
-3.914909 15.621706 -25.714776 1
-3.025609 15.186506 -25.644376 4
-2.344009 14.487106 -25.454476 10
-2.240009 13.831806 -24.709776 13
-2.846909 13.241406 -25.295976 4
-3.511209 12.539406 -25.016876 5
-3.993809 11.684706 -25.075776 6
-3.696709 11.960906 -24.181376 4
-4.631209 12.138806 -24.280076 3
-4.357309 12.503706 -23.481476 13
-4.884409 11.885906 -22.866876 13
-5.548809 11.234706 -23.308276 1
-5.072609 10.980306 -24.083076 4
-5.746809 11.614406 -24.370976 3
-5.996909 12.505306 -24.105476 11
-5.752509 13.131306 -24.800276 6
-6.222209 13.888906 -24.380176 8
-6.706209 14.540206 -24.970776 3
-6.577109 15.476206 -24.891776 10
-7.480709 15.301006 -24.464576 9
-7.984209 16.028006 -24.787576 4
-8.329509 16.817006 -25.239576 10
-8.601509 17.672506 -24.918376 10
-7.896409 17.969406 -24.354076 11
-7.511809 17.696706 -23.479676 4
-7.798609 17.045206 -22.834776 4
-6.841109 16.777206 -22.797876 10
-6.636909 17.060906 -23.625576 11
-7.129909 17.239706 -24.405876 4
-6.493309 17.580906 -25.130376 1
-7.358209 17.899606 -25.237076 10
-7.323509 16.899606 -25.351676 13
-7.634909 16.783306 -26.348076 10
-6.995909 17.556906 -26.363276 10
-6.278809 17.028806 -26.702076 4
-5.397809 17.479006 -26.889376 6
-4.865509 18.195106 -26.622476 6
-4.190009 17.895106 -26.049876 13
-3.700109 17.207006 -25.564176 1
-3.151409 16.728206 -26.165076 1
-2.385909 16.930006 -26.657176 13
-1.969809 17.361106 -25.872176 5
-1.033509 17.271206 -25.886176 5
-1.109509 17.965406 -25.208776 3
-2.069109 18.206206 -25.035776 8
-2.259609 18.679606 -24.212576 1
-3.316809 18.891906 -24.403776 9
-3.893909 18.146606 -24.649276 15
-3.397009 17.325906 -24.406476 10
-3.747509 16.588006 -24.012976 1
-4.422409 17.082406 -23.648276 3
-5.238209 16.690806 -23.942676 4
-5.352809 17.664806 -23.742676 12
-6.089109 17.766006 -23.064676 9
-6.922809 18.279606 -23.025376 4
-6.322009 18.491506 -22.338276 6
-6.666909 19.120606 -21.742476 13
-7.564709 18.785706 -21.592476 4
-8.371809 18.304306 -21.507476 4
-8.390109 19.000006 -20.779376 10
-8.841809 19.794606 -20.783876 4
-9.832109 19.926806 -20.634976 15
-10.668509 20.295706 -20.939876 13
-11.453209 20.617106 -20.326576 5
-12.091509 21.288406 -20.591776 11
-12.559109 21.425206 -21.472476 3
-12.326909 20.509506 -21.796476 13
-12.872009 20.339806 -21.012576 10
-13.545509 20.312106 -21.676376 13
-13.958209 20.052806 -20.796376 2
-13.573209 20.290106 -19.874776 1
-13.460509 19.366406 -19.581676 4
-12.667709 19.848606 -19.615876 4
-12.477109 19.040506 -19.022276 3
-11.978809 19.691106 -18.532676 1
-12.442909 19.682106 -17.739476 1
-13.169209 20.276106 -17.780376 4
-13.519809 20.841406 -17.128476 1
-13.076909 21.529206 -16.582976 1
-13.666709 22.331406 -16.411476 10
-14.639709 21.985106 -16.423576 10
-14.417209 20.952706 -16.243176 1
-14.510809 20.635206 -15.363676 6
-13.733709 21.060006 -15.002176 4
-12.893809 20.885306 -14.578976 9
-12.138709 21.233506 -14.038476 1
-11.240509 21.558906 -14.071376 10
-11.261409 22.003606 -14.872476 6
-10.335909 22.318806 -14.690076 3
-10.328109 22.695106 -15.645176 3
-10.679609 23.380206 -16.279176 10
-10.913509 23.869506 -15.469476 8
-11.262409 24.762406 -15.563476 11
-10.641209 24.917606 -16.239776 5
-10.739609 25.859806 -16.584076 8
-10.042909 25.947006 -15.907076 5
-9.084409 25.940406 -15.720476 13
-8.366409 25.361806 -15.993776 4
-8.142209 24.595206 -16.494876 1
-7.691509 24.206406 -15.782276 13
-8.058609 23.295506 -15.527176 10
-8.045109 23.468706 -16.542076 4
-7.704909 22.550906 -16.546076 13
-7.940909 21.974606 -17.261076 10
-8.800009 21.937606 -17.630776 11
-8.392909 21.114606 -17.359376 1
-9.253709 20.563406 -17.385776 13
-8.780309 19.626206 -17.459376 4
-8.466509 18.775906 -17.165976 6
-8.480409 18.535706 -16.237576 4
-8.981609 17.820906 -16.010876 10
-9.846509 17.709806 -16.575576 6
-9.327909 17.066506 -17.111476 4
-9.263109 17.990706 -17.393276 15
-9.608309 18.487406 -18.136276 5
-8.953909 18.076206 -18.694276 4
-8.805609 19.011306 -18.787776 9
-9.527509 19.239606 -19.315876 3
-9.352209 18.589306 -20.017176 11
-9.720909 18.131506 -20.746176 10
-9.324309 18.898706 -21.255376 4
-10.265109 18.928706 -21.447376 10
-11.025809 19.289606 -21.923576 13
-11.739309 19.582806 -21.441476 13
-12.143809 19.781006 -20.626176 8
-11.252209 19.581106 -20.246876 5
-11.871009 18.827506 -20.301276 4
-12.456409 18.684306 -21.167376 13
-11.872909 17.937506 -21.357676 3
-12.306009 17.100106 -21.308276 6
-13.034809 17.113806 -22.021676 1
-13.339209 16.898706 -21.055076 10
-13.392809 15.929906 -20.878876 9
-13.214709 16.231006 -19.957076 12
-12.584009 15.548206 -19.695576 3
-11.725609 15.919806 -20.036476 4
-10.902409 15.448406 -20.248076 10
-10.158409 15.968306 -20.092976 1
-9.315909 15.503706 -20.059376 3
-8.874209 16.092406 -19.386076 1
-8.094709 15.853106 -19.995276 1
-7.727709 16.184406 -20.921376 1
-8.367709 16.766706 -21.395876 15
-8.693109 17.301206 -22.215576 4
-8.733609 17.676206 -23.084376 4
-9.435509 17.911106 -23.718276 1
-9.676609 17.541006 -24.605576 10
-9.273809 16.863206 -24.110976 4
-9.605509 16.378806 -24.826176 1
-9.997709 16.399406 -25.704176 10
-10.858709 16.354506 -25.224676 11
-11.742309 16.762906 -25.534376 10
-12.489009 17.263306 -25.312076 9
-13.103409 16.798606 -24.680576 11
-13.320109 17.697606 -24.453076 10
-13.284309 18.658906 -24.638676 4
-13.537509 18.828906 -23.696676 6
-13.620509 18.205806 -23.023176 5
-13.057109 18.512506 -22.250976 13
-13.782209 17.822906 -21.964176 4
-14.006709 18.804006 -21.834776 1
-13.709509 19.463506 -22.432676 13
-14.587609 19.780106 -22.741576 3
-15.101009 20.266106 -22.118076 6
-15.736909 20.232606 -22.888876 10
-15.539709 20.732706 -23.812476 8
-15.807509 20.997306 -24.686376 6
-16.192509 21.595406 -25.347176 13
-16.895509 22.229506 -25.128576 10
-16.232309 22.196406 -24.479076 12
-15.367009 22.248606 -24.917676 8
-14.832309 21.613606 -24.516576 3
-14.716909 21.656506 -25.563676 10
-13.987009 21.258306 -26.022176 4
-13.758409 20.348006 -26.456976 4
-14.359409 20.123906 -25.755576 4
-14.388509 20.601906 -24.948976 6
-13.840409 19.924806 -24.480376 4
-13.324709 19.850106 -23.604376 13
-12.719109 19.248906 -22.979376 13
-12.602009 18.464606 -23.514576 3
-12.329509 17.649006 -23.977576 9
-12.337609 17.017406 -23.260576 1
-12.174909 17.792606 -22.682576 13
-11.406009 17.816906 -23.371476 1
-10.461909 18.007906 -23.165176 5
-9.748909 17.463806 -22.751176 4
-10.626609 17.199606 -22.374676 1
-10.154409 16.658806 -21.750276 10
-9.875809 15.838106 -21.355176 13
-9.150909 16.188706 -21.970476 4
-8.244909 16.113506 -22.227476 4
-8.501909 15.283206 -21.667776 1
-9.022609 14.515006 -21.899776 10
-9.780009 14.730606 -22.502676 4
-10.535509 14.962306 -23.157576 6
-11.281509 14.642506 -23.583976 11
-11.491209 15.590406 -23.320976 9
-11.547909 15.655106 -24.242076 4
-12.558009 15.680406 -24.242676 3
-13.126009 15.690106 -25.084076 10
-12.531009 15.067106 -25.517776 15
-11.656609 14.895206 -26.043276 13
-11.501009 15.874906 -26.078976 10
-10.741709 15.424406 -26.373576 4
-10.440609 15.617506 -27.294976 6
-10.600709 16.577106 -27.347076 10
-10.028409 17.182706 -27.781376 10
-9.714609 16.642006 -28.551776 9
-9.112909 15.949006 -28.799676 13
-8.518109 15.388906 -29.239076 5
-7.718509 15.480006 -28.725876 5
-7.537609 15.468906 -27.789176 4
-8.485609 15.657006 -28.079476 1
-8.445109 16.158106 -27.232276 13
-8.595309 16.857206 -26.599176 10
-9.077309 16.194706 -26.037476 10
-9.556909 15.406206 -25.685376 3
-9.315609 14.669006 -26.183276 8
-8.955909 14.105306 -25.480276 4
-8.637509 13.331506 -24.878376 9
-9.305209 13.218006 -24.187376 5
-8.956509 13.839606 -23.527276 7
-8.373809 14.406106 -22.974376 4
-7.615909 14.955006 -23.163976 12
-7.200709 15.785606 -23.125776 1
-8.051309 15.886606 -23.454376 4
-8.784409 15.925706 -24.069976 4
-8.742609 15.116806 -24.636976 3
-9.224909 14.955206 -23.815476 1
-10.026109 14.525106 -24.013376 1
-10.211309 15.435606 -23.995076 6
-9.922309 16.005206 -23.170576 4
-10.338609 16.620206 -23.859076 6
-11.244909 17.007906 -23.931376 1
-11.198809 17.367206 -24.836976 1
-10.322409 17.287206 -25.300276 10
-10.128809 17.811606 -26.167176 10
-11.007309 18.077506 -26.036176 10
-11.812109 18.397006 -25.653376 4
-12.084709 18.367506 -24.750276 3
-11.531209 18.684806 -24.050076 11
-11.524209 19.156306 -23.145676 13
-11.941409 19.806706 -22.506976 13
-11.865209 20.734906 -22.781576 13
-11.916509 21.569706 -22.388676 10
-11.433609 21.655206 -23.240976 14
-11.185809 22.313306 -22.608176 10
-11.376509 22.784606 -23.415576 8
-11.540009 23.677906 -23.560476 4
-12.120409 24.061106 -24.237076 13
-11.696409 23.433506 -24.886876 11
-11.845509 22.732906 -25.531276 10
-11.591309 21.692106 -25.758176 4
-11.229809 21.997806 -24.870276 6
-10.440309 22.027606 -24.370676 5
-9.992009 21.338506 -23.803476 10
-9.081609 21.322006 -23.492676 13
-8.378109 21.035606 -24.115376 9
-8.125609 20.916906 -23.263976 9
-8.159709 20.382706 -22.388576 4
-7.596709 20.776106 -21.748376 15
-7.448709 19.837406 -21.796676 6
-7.699609 19.303506 -22.569376 4
-8.521609 18.977106 -22.892476 4
-8.273609 18.854606 -23.848776 10
-8.979709 19.525506 -23.842076 10
-9.138709 19.998306 -22.978676 5
-9.604009 19.367006 -22.382276 4
-10.094809 20.048606 -21.928376 13
-9.239309 20.393406 -21.591476 4
-9.331009 20.928006 -20.838976 7
-9.681909 21.584806 -20.127276 1
-9.945509 22.437206 -20.501876 8
-10.369109 22.483106 -21.396376 1
-9.566909 21.996306 -21.571376 10
-9.939409 21.144206 -21.631076 5
-10.347509 21.003706 -22.479476 13
-9.322009 21.090606 -22.418876 10
-9.003109 21.957306 -22.527476 4
-9.756609 22.363206 -22.924776 3
-9.968809 22.942306 -23.633176 1
-9.614909 23.131706 -24.543476 1
-9.304709 22.584506 -25.310276 10
-9.798809 22.261106 -26.017776 4
-9.369009 21.452406 -26.038976 14
-8.455809 21.501406 -26.341276 3
-8.016309 22.042306 -25.678776 13
-7.363709 21.521406 -26.221976 11
-7.454709 20.718306 -26.807576 4
-7.120909 20.152806 -26.142576 12
-7.017409 19.395306 -25.588676 4
-6.437209 18.628806 -25.764676 13
-6.462109 18.366306 -26.678776 6
-6.932509 18.002906 -27.361976 10
-7.041409 17.086406 -27.555676 10
-6.208209 16.759106 -27.867276 11
-5.801809 17.591306 -27.793976 6
-6.532709 17.616106 -28.547276 4
-7.339109 17.281606 -28.965876 5
-7.461209 16.536706 -28.201476 1
-8.387609 16.838506 -28.267676 5
-8.903409 17.367606 -27.640076 10
-8.750509 18.289006 -27.488676 9
-9.028109 17.835206 -26.617176 10
-9.731209 17.932206 -27.222176 10
-9.658209 18.810606 -27.632876 10
-9.704609 19.787106 -27.811376 1
-10.324209 20.582206 -27.699576 5
-11.248809 20.381406 -27.555076 15
-12.111109 20.092306 -27.177876 4
-12.672609 20.293006 -26.336476 4
-12.909909 21.173806 -26.184276 4
-13.155209 22.047606 -26.275376 3
-12.934009 23.002006 -26.407376 13
-12.523809 23.860106 -26.600776 1
-11.696209 24.292306 -26.331676 4
-11.473909 24.925306 -27.053076 13
-11.940709 24.301606 -27.564976 1
-12.482509 23.705306 -28.069976 9
-11.718409 23.253006 -27.587676 10
-12.392909 22.552406 -27.337276 9
-12.574609 21.657206 -27.149976 4
-12.052909 21.061906 -27.718776 4
-11.250409 21.167706 -28.334676 15
-11.373809 20.636206 -29.141676 13
-10.598609 20.098506 -29.448176 13
-9.946909 20.098706 -30.202076 10
-9.828109 19.405406 -29.408576 6
-10.363809 18.891306 -28.780276 10
-11.300809 19.032706 -28.580476 13
-10.889809 19.248606 -27.682976 10
-11.148609 19.544206 -26.798176 10
-11.664309 19.998706 -26.173676 4
-11.132709 20.754406 -25.903476 4
-10.642509 21.394406 -26.447776 6
-11.251709 21.780406 -27.123276 4
-10.402409 22.202206 -27.391876 5
-10.316409 21.668606 -28.274376 3
-9.885309 22.553006 -28.166476 8
-10.392709 23.332406 -28.161076 4
-10.576809 23.802006 -27.323276 8
-9.940309 23.103406 -27.264176 7
-9.343509 23.302006 -26.536376 11
-9.020109 24.028806 -25.938476 4
-8.457509 24.718106 -25.505876 13
-8.550509 24.219206 -24.702076 10
-7.853609 24.283506 -23.987776 10
-7.317409 24.970106 -24.497076 10
-6.710109 24.504706 -25.004976 6
-6.958009 23.777306 -25.564976 1
-6.058609 23.602306 -25.244976 1
-5.386009 22.944106 -25.398776 1
-5.666709 22.141306 -25.787476 1
-5.049909 21.464106 -26.058976 4
-5.942209 21.149906 -26.076376 1
-6.053609 20.255406 -26.326076 12
-5.482909 19.738006 -27.026076 10
-6.014709 19.536706 -27.819976 6
-6.726509 19.259006 -27.272276 4
-7.457609 19.220706 -27.820776 4
-7.956009 18.759106 -28.502876 5
-8.371409 17.905106 -28.710876 10
-8.756709 17.316606 -29.406176 5
-9.387609 18.045506 -29.473176 10
-9.389409 18.496406 -30.402676 4
-9.809709 18.251106 -31.303476 14
-10.669009 18.215006 -30.958976 10
-11.071009 18.816806 -30.228676 13
-11.309709 19.636406 -30.717876 3
-11.342509 20.468106 -31.270476 15
-12.242609 20.052506 -31.176276 15
-12.408309 20.198406 -30.247776 13
-12.452809 20.506006 -29.345376 13
-12.608109 21.247606 -28.762276 9
-13.265309 21.525706 -28.109176 4
-12.881009 22.287106 -28.599576 3
-13.413509 22.965706 -28.071376 11
-13.653809 22.492706 -27.304776 4
-14.292009 23.227806 -27.121376 10
-14.944309 23.187806 -27.901276 1
-15.329809 22.606806 -27.116876 6
-14.747809 21.875706 -26.915276 4
-14.673509 21.254606 -27.639476 4
-14.522809 21.249306 -28.599676 1
-15.131009 20.409106 -28.809876 10
-15.060609 20.635506 -29.740976 10
-14.262309 21.166006 -29.820076 7
-13.765709 20.317706 -29.982776 13
-13.188409 20.662506 -30.711676 8
-13.539809 21.460806 -31.018576 13
-13.524009 22.285506 -30.522576 4
-14.471409 22.522206 -30.549376 8
-14.544409 23.387006 -30.074776 7
-14.041709 22.600406 -29.607276 6
-14.957409 22.555906 -29.511076 9
-15.423509 21.788206 -29.107876 5
-16.307009 21.641306 -28.880476 10
-15.878709 21.002806 -28.269676 10
-16.055509 21.321106 -27.286876 13
-15.737209 21.393906 -26.305376 9
-15.893809 20.425906 -26.621476 4
-16.855109 20.437806 -26.670176 11
-17.153109 20.250406 -27.513776 10
-17.584609 19.654006 -26.973376 1
-17.477509 19.432206 -26.053976 5
-18.393009 19.094606 -26.127876 4
-18.577809 18.363306 -25.546076 10
-18.275609 18.796106 -24.800476 1
-17.500509 18.022306 -24.865776 1
-16.895409 18.704606 -24.792376 5
-16.174909 18.679006 -24.182276 1
-16.880309 19.263506 -23.892676 10
-17.080009 19.756306 -24.735376 13
-16.093409 19.765106 -24.795176 1
-15.530109 19.514906 -25.551876 10
-15.172809 19.698606 -26.454376 4
-15.295409 18.952806 -27.118376 4
-15.124809 18.283306 -27.802876 3
-14.381609 17.739206 -28.016576 7
-14.129409 18.582106 -28.448176 13
-13.647709 18.871706 -27.683176 4
-12.847909 18.437306 -27.999276 13
-12.270709 19.023906 -27.459376 4
-11.519309 18.401406 -27.535076 10
-11.483409 17.536306 -27.833176 10
-11.838209 17.052306 -28.603876 13
-10.899909 16.778706 -28.652876 6
-10.331809 17.464906 -28.922676 10
-11.193909 17.664106 -29.255876 13
-11.367909 16.924306 -29.873576 6
-12.324209 16.675706 -29.790176 6
-12.507409 17.628906 -29.551376 13
-12.847909 17.454706 -28.687176 13
-13.092209 16.509206 -28.524276 4
-12.743909 16.398106 -27.637376 4
-11.800209 16.282306 -27.912976 6
-11.509909 16.861406 -27.158676 10
-11.739509 17.528806 -26.554976 10
-12.538109 18.069806 -26.540076 4
-13.027609 17.428106 -27.129176 9
-13.669709 16.786306 -26.767776 5
-13.282909 17.475306 -26.130876 4
-14.213209 17.367106 -26.025876 9
-13.941109 17.901306 -26.822576 10
-13.329209 18.660206 -26.772876 4
-13.894109 18.777506 -25.944776 15
-13.356309 19.582706 -26.051076 4
-12.657709 19.709406 -25.362676 4
-11.834009 19.570206 -24.740676 1
-11.125909 18.912006 -25.130376 10
-10.914109 19.765006 -25.382476 7
-10.436909 19.132706 -25.954576 10
-10.132509 19.625406 -26.763576 10
-9.762509 20.480906 -26.632176 11
-9.041009 20.607906 -27.274376 12
-8.601309 19.881506 -27.669676 1
-8.795809 19.601906 -26.731076 10
-7.875509 19.467806 -26.548476 3
-8.391209 18.626706 -26.549076 10
-8.295709 19.079806 -25.717076 11
-8.981509 18.399706 -25.623476 10
-9.416609 19.206706 -25.436376 10
-9.589109 19.832006 -24.756476 1
-10.280909 19.184506 -24.386076 10
-10.894609 19.669006 -23.818476 13
-11.072209 20.590606 -24.006976 4
-11.854609 21.174406 -24.101076 3
-12.697809 21.003006 -23.609376 13
-12.776209 20.681906 -24.481076 4
-12.884709 21.475506 -24.990176 4
-13.743409 21.974706 -24.928976 7
-13.645309 22.442806 -24.097376 7
-13.561009 23.070706 -23.371476 4
-14.296609 23.596006 -23.012376 7
-14.814209 24.440606 -23.052976 10
-14.961909 23.911506 -23.827476 5
-15.715109 23.278506 -23.850176 1
-16.504109 23.834606 -23.906276 8
-17.245909 23.352606 -23.486376 4
-17.944509 23.927506 -23.301476 1
-18.480509 23.035006 -23.388676 9
-19.175109 22.380106 -23.262676 10
-19.165909 21.376706 -23.078876 10
-19.524709 20.887106 -23.801076 7
-19.682809 20.036806 -24.091676 9
-19.084709 19.238306 -24.071676 5
-19.874309 19.157906 -24.639876 10
-20.583509 18.708606 -24.152476 4
-19.928109 18.083706 -24.362476 1
-20.272209 17.346806 -25.001076 6
-20.982009 17.501806 -25.642676 1
-21.074109 16.671706 -26.192076 12
-20.327409 16.107706 -26.109476 13
-19.958009 15.444206 -26.664576 15
-20.707609 15.650006 -27.220676 10
-20.786809 15.141706 -28.090276 4
-21.763509 15.190706 -28.405776 3
-22.514309 15.504006 -27.884276 10
-23.402309 15.905006 -28.250276 4
-23.987609 16.471106 -27.689676 15
-24.577309 15.688306 -27.377576 4
-24.757809 15.598906 -28.371176 13
-24.576609 15.234106 -29.234076 11
-23.754609 14.754906 -29.272476 11
-22.871709 15.192106 -29.596276 13
-22.076709 15.315206 -30.241876 10
-22.869909 15.266806 -30.818876 13
-23.213009 16.028906 -31.293276 5
-24.001609 16.511706 -31.459976 7
-23.388409 16.409206 -32.312976 1
-23.047109 17.134106 -31.795876 1
-22.278809 17.489106 -32.226776 3
-21.458309 17.445306 -31.729276 1
-20.605509 17.605606 -32.129276 10
-19.949909 17.925306 -31.454376 4
-20.008109 18.201906 -30.493276 1
-19.770009 19.034806 -30.096476 4
-19.106509 18.402406 -29.701576 8
-18.736709 19.152906 -30.193276 4
-18.289509 19.850406 -29.799276 10
-18.971909 20.489106 -29.970376 10
-19.192509 20.009406 -30.772676 4
-18.764409 20.864006 -30.966076 10
-19.590209 21.296806 -31.204076 9
-20.380309 21.842106 -31.149976 6
-19.950109 22.682206 -30.848476 7
-19.174409 22.366606 -30.301476 4
-18.720309 21.474806 -30.061376 10
-17.963809 22.085806 -29.966276 5
-17.314709 21.685106 -30.422676 10
-16.434909 22.017406 -30.287876 4
-15.852009 21.288606 -30.276076 10
-15.775409 20.319106 -30.374876 10
-14.965709 20.700406 -30.844076 7
-14.922909 19.781006 -30.419776 10
-14.364109 19.808606 -31.165976 4
-13.468509 19.812806 -31.634576 5
-12.955609 19.043606 -32.120276 6
-12.137709 19.581706 -32.058076 10
-11.813609 19.992006 -32.916876 1
-10.973309 20.431206 -33.015276 4
-10.296809 19.974106 -32.469276 7
-10.898709 19.303706 -32.560176 1
-11.065309 19.108306 -31.663076 1
-11.487709 18.215906 -31.622676 1
-11.869909 17.564706 -31.066476 3
-12.626809 17.976506 -30.671576 1
-12.281209 18.950006 -30.684476 10
-12.232209 18.748106 -29.705876 13
-12.368509 19.163406 -28.884276 13
-11.899809 19.858906 -28.341876 9
-12.909709 19.999506 -28.276776 4
-13.607109 19.452006 -28.726576 13
-14.176109 20.169506 -28.384076 11
-14.051209 20.393706 -27.455876 4
-14.879809 19.963206 -27.416876 4
-15.183109 19.518706 -28.222076 3
-15.984909 19.956906 -28.453376 10
-16.453309 18.938306 -28.542876 8
-16.160109 18.314706 -27.926676 4
-16.824009 17.899406 -27.340476 11
-17.437609 17.507306 -26.752176 13
-18.144209 16.805106 -26.873876 7
-17.372409 16.490306 -26.393976 4
-17.800109 15.558406 -26.363976 8
-18.115409 15.042606 -25.663576 10
-17.586909 15.827306 -25.329176 11
-18.545509 15.725806 -24.928276 1
-19.383809 15.555106 -25.355876 10
-19.492909 14.651406 -25.558776 7
-18.924309 14.879706 -26.401276 4
-18.735309 15.541306 -27.086176 4
-19.389009 15.220106 -27.664476 13
-19.634409 15.083006 -28.603676 4
-18.732509 14.978206 -28.385676 1
-18.862209 14.987706 -29.309676 5
-19.023609 15.188506 -30.236976 6
-18.216209 15.602706 -30.529976 10
-18.710509 16.370806 -30.891776 5
-19.175409 17.117406 -31.255176 5
-18.619809 17.992906 -31.298576 4
-17.865109 18.244006 -30.767076 6
-16.992109 18.197406 -31.254376 9
-16.808609 19.000106 -30.759876 10
-16.484809 19.743906 -30.137676 10
-16.302609 18.840506 -29.845676 10
-16.119809 18.219006 -30.534676 9
-15.233809 17.867506 -30.365576 15
-15.006709 18.720306 -29.902776 10
-14.038609 18.833706 -29.767576 13
-13.246709 18.470506 -30.159076 13
-13.487709 18.395106 -31.139876 10
-14.363909 18.476306 -30.799076 15
-14.770909 18.873706 -31.537676 10
-15.324409 18.854106 -32.317776 15
-15.506309 19.630206 -31.835776 10
-16.181509 18.988606 -31.801076 10
-17.111309 18.988306 -32.146976 1
-17.800709 19.221106 -31.436476 7
-17.446809 19.703406 -30.679476 10
-17.569009 20.386506 -31.339476 10
-17.715209 20.055806 -32.211276 7
-18.225509 19.281306 -32.374476 7
-19.160509 19.017606 -32.227476 4
-19.418509 19.869206 -31.843876 4
-19.590809 20.211306 -32.764276 3
-19.476209 21.006206 -33.270576 1
-19.952309 20.665306 -33.980276 1
-20.738809 20.793606 -34.442976 4
-21.206209 21.252706 -35.198076 7
-21.424709 21.671606 -36.066976 12
-21.197909 22.611206 -36.104576 12
-20.254709 22.385206 -35.932676 14
-20.601209 22.698806 -35.131876 4
-20.283709 22.646806 -34.174476 9
-19.486209 22.095706 -34.299276 7
-18.602509 22.185106 -34.776276 13
-18.583509 22.415606 -35.681876 11
-18.650409 23.209706 -35.081876 4
-18.067909 23.967306 -35.212176 10
-18.081309 24.142406 -36.144276 13
-18.016609 24.028806 -37.060676 11
-18.953809 24.224706 -37.007376 1
-19.225409 24.110806 -37.902676 6
-18.620009 23.826006 -38.636176 10
-18.547609 23.062906 -39.226476 7
-19.365309 22.447006 -39.318476 7
-19.653609 22.006906 -38.508176 7
-20.216809 22.570706 -37.930576 10
-19.896709 21.788206 -37.329676 12
-20.287209 21.084106 -36.864376 12
-20.002509 20.204806 -37.175876 4
-20.093909 19.991206 -38.044476 4
-21.036209 20.273606 -37.951576 10
-20.963909 21.237506 -38.048776 13
-21.139209 21.583106 -38.979476 7
-21.706109 22.147206 -38.573776 10
-21.924709 21.908206 -37.689176 12
-22.709309 21.623706 -37.205276 14
-21.941609 21.152206 -36.905176 12
-21.611709 20.465706 -36.193076 4
-21.802109 19.757306 -36.914876 7
-22.715709 20.064506 -37.148176 7
-22.675409 20.442706 -36.288276 1
-23.516909 20.098406 -35.980676 1
-23.794509 19.588006 -35.201176 4
-24.725109 19.474306 -34.770176 10
-24.380809 20.338806 -34.507976 10
-24.921809 20.957906 -34.071476 7
-25.677709 21.621606 -33.870176 1
-25.370409 21.112906 -33.039376 10
-25.227409 21.762406 -32.357976 7
-25.375009 22.228206 -31.507276 7
-25.406809 21.798506 -30.617276 3
-26.049709 21.808706 -29.935676 1
-26.086409 22.717806 -30.210576 1
-25.226609 23.172306 -30.286076 10
-24.465209 23.386506 -30.886676 4
-24.036909 22.967006 -31.610676 10
-23.674209 22.138306 -32.054576 11
-23.161909 22.109506 -31.257576 14
-22.585809 22.682206 -31.679976 4
-21.700809 22.790006 -31.209276 7
-21.687509 22.901706 -30.240076 1
-22.644509 22.752706 -29.955676 7
-23.025709 22.867506 -29.056676 5
-22.926309 21.929706 -28.833476 11
-23.407809 21.371006 -29.390276 12
-22.700609 20.746406 -29.559076 15
-22.118709 20.785306 -28.825276 10
-21.927509 21.418806 -28.142876 9
-21.352709 20.843206 -27.646076 1
-20.603109 20.664106 -27.073576 7
-19.625309 20.935606 -27.228876 14
-19.757409 20.823906 -26.286576 13
-19.509409 19.807006 -26.235976 15
-20.087109 19.742106 -26.957076 7
-20.266409 18.905206 -27.460076 14
-19.698609 18.351506 -28.076476 12
-19.084809 19.102306 -28.379776 9
-18.139709 19.415606 -28.222576 7
-17.613709 19.792606 -28.919276 10
-17.231109 20.236206 -29.654576 10
-17.123909 21.167506 -29.559276 10
-17.014109 22.126306 -29.317076 7
-17.577209 21.520506 -28.746176 10
-17.884409 20.721806 -28.276776 10
-18.734809 20.437206 -27.735376 7
-18.841409 21.042906 -28.454776 10
-19.451409 20.241406 -28.419876 4
-20.059209 21.095206 -28.542276 1
-20.188809 22.082506 -28.386276 10
-20.296909 22.989606 -28.289776 1
-19.977609 22.744306 -27.421076 7
-20.139109 22.911706 -26.502576 13
-19.894709 23.717506 -26.950576 12
-20.413809 24.460006 -27.171676 1
-20.148909 24.592306 -28.086676 1
-20.038909 25.447406 -28.572576 4
-19.102109 25.258106 -28.503976 1
-18.191909 25.091006 -28.715176 1
-18.605709 24.756806 -29.542676 7
-18.154109 24.559906 -30.366276 8
-17.731509 24.880906 -31.165976 6
-17.992509 24.048706 -31.473676 7
-18.729009 24.206606 -32.064776 4
-18.282709 23.759206 -32.691776 12
-19.043709 23.191506 -32.543376 4
-19.830009 22.656606 -32.885976 10
-19.170609 22.044706 -33.154876 7
-18.620609 21.577706 -32.510676 7
-18.581309 20.640406 -32.869076 10
-18.399509 20.158706 -33.659476 11
-18.798809 19.352506 -33.823976 1
-18.194709 19.046806 -34.497876 11
-17.296709 18.843406 -34.908276 10
-17.291109 19.803906 -34.642576 12
-17.505109 20.742506 -34.427476 5
-17.247809 21.175706 -33.651176 1
-16.707409 20.585906 -33.091776 11
-16.286509 20.643206 -32.210976 10
-16.042209 21.043806 -31.294576 10
-16.344709 21.990206 -31.375076 1
-15.442109 22.194506 -31.817376 7
-14.874509 21.468706 -32.188976 13
-14.667409 22.304806 -32.617076 13
-14.934709 23.244706 -32.396876 7
-15.587009 23.907906 -32.673276 9
-14.617509 24.302206 -32.755076 15
-13.971609 24.936106 -32.402576 14
-14.859909 25.012506 -32.036976 10
-15.117309 25.177906 -32.986876 7
-14.615309 25.875006 -33.415576 10
-13.872509 26.495506 -33.575676 4
-13.585809 26.111506 -34.422676 7
-13.734809 26.676506 -35.230176 7
-12.825009 26.670506 -35.563376 1
-13.404509 26.831306 -36.348876 1
-12.778909 27.512406 -36.647776 6
-11.867209 27.243806 -36.550076 1
-11.137609 26.635606 -36.658176 4
-10.318509 26.239106 -36.262476 10
-10.853009 25.655106 -35.687076 10
-11.505009 25.157506 -35.068576 1
-11.096109 24.259406 -34.894676 1
-11.742809 23.569406 -35.537976 16
-11.777609 23.124806 -36.444276 7
-11.240409 23.644306 -37.040476 10
-11.838809 23.795006 -37.786876 10
-11.034009 24.225406 -37.975376 7
-10.618909 23.703706 -38.731976 1
-10.132409 23.363106 -39.530676 4
-11.053709 23.481906 -40.001976 7
-11.838309 23.939506 -39.686976 14
-11.932809 23.494706 -40.632176 10
-12.036009 24.180606 -41.284146 14
-12.668209 24.327306 -40.581976 7
-13.210309 24.325506 -41.499026 10
-13.937409 24.030906 -42.146956 11
-14.508509 23.605206 -42.882476 11
-15.163809 22.943006 -42.803606 11
-15.976809 22.464806 -43.130926 10
-16.433109 21.792106 -43.727676 7
-17.026409 21.200806 -44.226066 12
-17.393609 20.384006 -43.675666 9
-18.121109 20.988306 -43.778926 12
-18.718409 20.277006 -43.460416 1
-19.398109 20.993306 -43.485086 12
-19.662209 21.762606 -42.954056 12
-19.214009 22.243806 -42.202346 7
-19.995309 22.662106 -42.355636 7
-20.533409 22.354506 -43.092566 12
-21.258709 22.992306 -42.984686 13
-22.064509 23.528306 -42.760946 10
-22.752109 22.913806 -43.101696 1
-22.640509 22.704006 -42.102086 4
-23.147709 22.565606 -41.238686 10
-22.910309 22.396006 -40.303176 4
-22.791309 21.440106 -40.272276 15
-21.955509 21.919406 -40.048376 1
-21.029309 22.169606 -40.262376 7
-20.285709 21.738306 -40.669976 7
-20.740709 20.960206 -40.321476 7
-21.161709 20.130906 -39.879076 15
-21.740109 20.797706 -39.508576 1
-22.238509 20.250706 -40.155576 1
-21.735409 19.613806 -40.688976 15
-21.576409 20.544606 -41.023776 7
-21.351509 19.873906 -41.625276 15
-21.066709 20.754706 -41.872906 7
-20.385109 21.064706 -42.435086 10
-20.301609 21.761606 -41.692756 7
-21.034109 22.281006 -42.179366 7
-21.762109 21.888206 -42.759896 10
-22.333209 21.114606 -42.520426 12
-22.238909 21.221006 -41.609026 7
-23.213309 21.177706 -41.462416 3
-23.356309 20.390606 -42.021486 1
-24.159609 20.871906 -41.788816 12
-24.452709 21.767206 -41.399296 1
-25.121509 21.930006 -40.733476 1
-24.576909 21.711106 -39.913276 12
-24.559409 22.593506 -39.550776 7
-24.052509 22.691506 -38.722476 1
-24.525909 21.917506 -38.407176 10
-24.446509 20.977106 -38.314276 11
-23.764309 20.708606 -37.710876 16
-24.417009 20.038106 -37.759076 16
-23.869209 19.349206 -37.322176 5
-24.406509 19.068606 -36.636276 4
-25.043109 18.960806 -37.364476 9
-25.856609 18.734206 -37.705676 7
-26.288409 18.668206 -38.555076 15
-26.881809 17.913706 -38.473776 1
-27.610709 17.349006 -39.042076 1
-28.071709 16.532006 -39.250876 7
-27.770309 16.125006 -40.077676 7
-26.861109 16.040906 -39.699176 15
-26.222009 15.445106 -39.198276 12
-25.551009 16.138506 -39.025776 10
-24.860309 15.637306 -39.549876 7
-24.333909 15.048606 -40.076976 12
-23.671409 15.799806 -40.213576 1
-23.433809 16.691706 -40.490976 1
-23.784909 17.222106 -41.210896 1
-23.958909 16.599806 -41.895836 7
-23.722709 17.414906 -42.295276 7
-23.328109 18.320506 -42.323116 4
-23.386109 18.275306 -41.363646 10
-23.524709 17.866406 -40.454976 1
-23.511309 17.419406 -39.635176 1
-22.576809 17.790006 -39.541976 1
-21.852909 17.401106 -40.136876 7
-21.268509 18.158006 -40.141776 1
-20.486309 18.003306 -40.712176 1
-20.171609 18.701006 -41.399246 15
-20.521809 18.912006 -42.281506 1
-19.687209 19.219006 -42.773936 11
-19.265609 19.077006 -43.758016 15
-19.962009 19.521506 -44.246906 10
-20.058909 20.454306 -44.330176 12
-20.838509 20.970406 -44.204956 12
-21.085609 21.924406 -44.419556 12
-21.849409 21.604206 -43.820906 15
-21.594709 20.786506 -43.342996 11
-20.902709 20.138506 -42.942726 10
-20.324509 20.066406 -42.140506 7
-19.682109 19.782706 -41.495106 15
-19.353109 20.562006 -41.997866 7
-18.832709 21.321506 -42.293576 12
-18.210509 21.272806 -41.542846 7
-17.917509 22.247606 -41.682896 10
-18.567109 22.237206 -40.887376 7
-18.631109 23.071906 -41.400916 7
-18.232209 23.882306 -40.959376 9
-18.835709 24.219306 -40.303276 7
-19.313409 24.515606 -39.517776 13
-20.039309 24.190406 -40.094776 9
-19.925109 23.535906 -40.805676 7
-19.940209 23.475906 -41.758736 7
-20.673609 24.142806 -41.652036 13
-21.204909 23.331906 -41.789296 16
-21.731609 22.620306 -41.411906 7
-21.822609 22.843406 -40.466476 13
-21.085809 23.566806 -40.554376 7
-21.787009 24.113806 -40.122276 16
-22.189209 24.737306 -39.588076 16
-21.972609 25.283406 -38.815176 6
-21.048809 25.473106 -38.880476 7
-21.271309 26.392106 -38.498476 10
-20.889209 26.977306 -37.869676 14
-20.304909 26.922006 -38.610576 15
-20.171209 26.668106 -39.547976 16
-19.575009 26.831106 -40.251076 12
-19.368509 27.575806 -40.951276 1
-18.815009 27.155706 -41.589446 1
-18.256009 26.422406 -42.026906 7
-17.384109 26.216106 -42.378816 7
-16.487209 26.236906 -42.017366 12
-15.650909 26.519906 -42.576716 11
-15.429009 26.981306 -43.441006 4
-15.993509 26.822006 -44.187856 16
-16.763309 27.345606 -43.833006 11
-17.399009 27.155706 -43.137606 7
-18.347709 27.429006 -42.970716 7
-19.138309 27.840306 -42.626616 11
-19.269709 28.476606 -43.343736 12
-19.405109 29.367506 -43.573216 4
-20.274009 29.580506 -43.944856 15
-20.388409 30.161406 -43.225836 7
-20.895109 30.928806 -43.479786 4
-21.482209 30.224006 -43.126416 12
-21.515509 29.516106 -43.843206 1
-21.888109 28.639006 -43.551396 7
-22.569709 28.045206 -43.957606 1
-23.304409 28.102206 -44.598106 11
-23.803109 28.235006 -43.808816 5
-24.487309 28.400906 -42.998236 16
-24.881809 27.577406 -43.357066 16
-24.956209 27.352006 -42.438906 14
-24.267709 27.066606 -41.871096 10
-23.420709 27.433406 -41.641166 1
-24.098209 27.811306 -41.043776 15
-24.611709 27.457406 -40.302376 10
-24.218109 26.666706 -39.965376 16
-25.006409 26.283006 -39.489676 7
-25.257709 26.990806 -38.874076 1
-24.767709 26.284106 -38.418276 15
-25.693909 25.972906 -38.311076 7
-25.244709 25.115206 -38.208176 10
-24.463109 24.629406 -37.790976 7
-24.053509 24.125306 -37.042976 9
-24.266409 24.288906 -36.102976 13
-23.504309 24.858206 -36.238476 7
-23.263609 23.947606 -36.431676 1
-22.535809 23.345406 -36.503376 12
-22.318009 22.950906 -35.681776 12
-21.509409 23.294606 -35.305276 13
-20.930809 24.120206 -35.240376 10
-20.553709 23.839206 -36.066676 1
-20.501709 23.451106 -36.989976 7
-21.501009 23.041106 -37.182676 12
-21.311509 23.277606 -38.059076 1
-20.985309 23.623106 -38.945476 1
-20.316309 23.189606 -39.492676 16
-20.019909 22.596006 -40.191276 7
-19.295509 22.000706 -40.295376 7
-19.650509 21.035606 -40.308076 7
-19.937009 20.149906 -39.964776 15
-20.416409 19.352706 -39.671976 15
-20.527009 19.975306 -38.976076 6
-19.846209 20.726206 -38.850976 7
-18.994009 20.426706 -39.264976 15
-19.127509 21.338406 -39.378176 7
-18.171909 21.168006 -39.216876 7
-17.838409 20.456406 -38.630576 11
-17.876409 20.570006 -37.668176 9
-18.136809 21.498706 -37.793376 7
-18.381009 21.100506 -36.973376 15
-18.149009 21.497106 -36.099076 4
-17.751509 20.587206 -36.121976 7
-17.133309 21.363506 -35.919976 16
-16.320509 20.844206 -35.706376 12
-15.331109 20.679306 -35.875476 11
-15.848609 21.502106 -36.310076 13
-16.072509 22.436906 -35.999876 7
-15.434109 22.722706 -36.684076 12
-15.439509 22.945306 -37.656576 16
-14.553609 22.564106 -37.999376 1
-15.253809 22.058806 -38.428176 9
-14.663509 21.874706 -39.133876 7
-13.800309 21.802206 -39.511976 1
-14.132709 22.636306 -39.875476 7
-14.086909 23.583006 -40.139876 10
-14.398109 23.654606 -41.002976 11
-15.003509 22.852306 -41.141176 11
-15.634909 22.022906 -41.151276 16
-15.220609 21.378206 -40.457476 12
-14.342509 21.054906 -40.164776 7
-13.821109 20.306106 -39.813176 10
-13.357109 20.553106 -40.663576 14
-12.481209 20.724806 -40.381176 7
-11.733509 20.256906 -40.130776 10
-12.081509 20.198206 -39.219976 16
-12.801909 19.530806 -39.144176 1
-12.569309 18.558406 -39.123776 7
-13.215909 18.158206 -38.477776 5
-13.275709 17.579206 -39.193476 16
-13.220309 16.628406 -39.440876 16
-13.341909 16.994806 -40.301576 4
-14.195009 17.292106 -40.618776 12
-14.869709 16.642006 -40.789476 16
-14.889609 15.958806 -40.013376 1
-15.780709 16.042906 -40.477676 7
-15.931009 16.959106 -40.588376 10
-16.895909 16.692306 -40.851676 1
-17.832509 16.658506 -40.704676 12
-18.522809 17.216706 -40.655676 1
-19.300909 17.729106 -40.585876 7
-19.131809 18.464406 -39.948676 15
-19.365509 18.061706 -39.100076 1
-19.955809 18.345906 -38.345176 7
-19.999709 17.810106 -37.628376 16
-19.167409 17.484306 -38.038376 1
-18.631509 18.226606 -38.214376 1
-18.475209 18.952306 -38.832876 15
-18.252709 19.119606 -39.792076 1
-17.343709 18.839106 -39.642276 12
-16.881909 18.969406 -40.472676 13
-17.434709 18.331406 -40.986576 5
-18.202509 18.246006 -41.553726 12
-18.929209 19.012206 -41.443956 15
-18.444309 19.843406 -41.545436 8
-19.006309 20.463906 -41.063176 7
-18.836809 19.807706 -40.390076 15
-18.013809 20.300706 -39.908376 7
-17.115009 20.610806 -40.070876 13
-17.436809 21.520706 -39.993376 7
-16.606809 21.500606 -39.411376 12
-17.149509 21.759206 -38.604676 16
-17.579109 22.475206 -39.004776 7
-17.551609 23.428906 -38.872276 13
-17.547009 24.097606 -39.658176 1
-17.922909 23.326706 -40.134876 7
-17.005009 23.071606 -39.816376 12
-16.284009 23.667406 -40.129776 11
-15.696509 23.866806 -39.404676 7
-15.432809 24.765706 -39.785076 9
-14.671809 24.691006 -40.458676 16
-14.890409 24.693106 -41.363086 11
-15.766309 24.533506 -41.868916 11
-16.515909 24.945006 -42.303266 1
-17.397909 24.730006 -42.707916 7
-17.323209 23.834306 -43.089306 1
-17.981609 23.168706 -42.884096 7
-18.214809 22.774606 -43.770266 12
-17.944809 23.624306 -44.181076 11
-17.666409 24.580306 -44.292516 7
-18.174109 24.306606 -45.027136 15
-18.708609 24.388706 -44.237376 7
-19.088809 23.583506 -44.611406 16
-19.460009 24.276506 -45.252256 9
-19.509109 25.102806 -44.597196 7
-19.854609 25.966806 -44.767816 14
-19.968909 26.854806 -44.456306 5
-19.196409 27.345006 -44.806226 16
-18.424909 27.362006 -44.198996 4
-18.774609 26.428306 -44.062616 7
-17.851109 26.432406 -44.251476 7
-16.956509 26.708306 -44.534536 10
-16.515409 26.488606 -45.353206 16
-16.189809 25.552506 -45.463326 16
-16.876209 25.211906 -44.917576 15
-17.621909 25.721406 -45.326606 7
-18.445609 26.153106 -45.652416 10
-18.629609 25.231806 -45.531896 7
-18.362609 24.568606 -46.155146 15
-18.908209 23.846906 -46.110836 15
-19.868309 23.816706 -46.384036 11
-20.541609 23.573406 -47.001616 7
-21.332009 23.340206 -46.530986 12
-21.504309 24.153406 -46.043776 1
-21.936309 23.765506 -45.261346 1
-22.422809 22.911206 -45.377276 1
-21.511109 22.854906 -44.946916 12
-20.895809 23.634906 -44.804796 1
-20.515509 24.197006 -44.126526 7
-20.147509 23.332606 -44.121476 16
-19.927209 23.022506 -45.016126 11
-19.627209 22.050606 -45.076826 12
-18.971609 22.271606 -44.346866 12
-19.540609 22.580206 -43.596616 12
-19.159809 23.480206 -43.418846 7
-19.982909 23.589906 -43.037366 7
-20.451809 24.418606 -42.802986 13
-21.183109 25.019106 -43.059986 13
-21.723009 25.890806 -42.919666 16
-21.301109 26.354806 -43.681676 1
-20.478209 25.823406 -43.645036 6
-19.513509 25.794406 -43.748306 16
-18.781809 25.267406 -43.428816 7
-17.837809 25.255006 -43.503746 7
-16.869409 25.178706 -43.539326 9
-16.141809 24.395006 -43.742986 11
-16.030009 24.479906 -44.716336 15
-16.011509 23.697706 -45.302046 15
-16.470109 23.296006 -44.605496 15
-16.290109 23.355406 -43.634446 11
-16.947209 22.784006 -43.776156 7
-17.575009 22.167906 -43.341816 12
-16.987409 21.813506 -42.657716 16
-16.374209 22.335406 -42.033976 7
-16.758609 23.045906 -42.387266 15
-16.092309 23.510306 -41.940136 11
-16.958809 23.957206 -42.032256 4
-17.697909 23.406406 -41.885656 8
-18.292209 24.184406 -42.154536 7
-19.135609 24.423206 -42.585336 7
-19.757909 25.160906 -42.879866 1
-19.230309 25.968806 -42.720446 7
-20.180409 26.227706 -42.636766 1
-19.929409 25.888406 -41.823266 1
-19.330209 25.195106 -41.618266 7
-18.417209 24.944806 -41.356796 7
-17.619309 24.651006 -40.854476 1
-16.759409 24.995906 -40.565476 16
-15.972909 25.151606 -41.149876 11
-15.828709 26.117006 -41.312386 1
-15.471509 26.653606 -40.554776 1
-15.074009 27.031906 -41.351386 1
-14.307509 26.438006 -41.434516 1
-13.512509 25.870306 -41.360736 7
-14.164309 25.416606 -41.929696 11
-14.006509 26.015906 -42.654576 16
-13.229209 26.445406 -43.022236 12
-13.002209 25.744306 -42.470186 7
-12.069609 25.921506 -42.585296 12
-11.450309 25.383106 -42.104056 7
-11.032809 24.481306 -41.893776 16
-11.211509 23.627406 -42.189536 12
-11.141309 23.308306 -43.237886 7
-10.873109 23.966606 -43.907246 15
-10.650109 23.411506 -44.654466 7
-11.523709 23.012306 -44.932246 14
-11.729809 22.029906 -44.905996 16
-10.864509 21.565206 -44.930376 5
-10.183409 21.244306 -44.345646 15
-10.930209 20.905806 -43.938966 13
-11.446709 21.696406 -43.730066 7
-12.291109 22.111006 -43.511656 1
-12.669709 21.768106 -42.665516 1
-12.217609 21.911706 -41.793816 16
-12.929409 22.451006 -41.476366 7
-13.117109 23.128706 -42.122546 11
-12.137409 23.109306 -42.247156 15
-12.328309 23.853606 -42.872216 11
-11.917209 24.707306 -43.240086 12
-11.020109 24.980906 -42.948756 16
-10.224309 25.361306 -43.328726 12
-9.627209 26.140706 -43.354806 1
-10.423209 26.547406 -43.006006 12
-10.305609 27.435606 -43.273136 1
-10.476809 27.575206 -42.276306 1
-11.233209 27.162006 -42.644916 7
-11.913409 27.441106 -43.185126 13
-12.266009 26.588606 -43.415556 12
-11.953809 26.357506 -44.299476 12
-11.632609 27.160306 -44.681326 15
-10.979009 27.481706 -45.464756 8
-11.270709 27.446806 -46.406236 7
-12.083109 27.314006 -45.906096 7
-11.742009 26.448306 -46.242776 9
-11.153709 25.713106 -46.289306 8
-11.533209 24.957506 -46.687026 16
-11.353709 24.287506 -45.999546 12
-11.265309 23.337906 -46.189586 5
-11.423909 22.406106 -46.262626 7
-12.313809 22.709106 -46.466926 1
-13.115609 22.207106 -46.267676 7
-12.985509 22.553406 -47.158646 11
-13.904909 22.735006 -47.456026 7
-14.647109 22.191906 -47.185546 1
-15.097609 22.451706 -46.321226 15
-15.089009 21.726206 -45.773436 15
-14.666009 21.898606 -44.876086 7
-14.739909 22.889706 -44.547346 11
-15.569709 22.442506 -44.255836 15
-14.915709 22.104806 -43.645176 7
-14.329209 22.807106 -43.492626 11
-13.772309 22.118906 -43.752126 7
-13.618509 22.320406 -42.825756 11
-13.519909 21.405706 -42.964426 7
-12.870209 20.779206 -43.145246 16
-13.677609 20.188406 -43.241956 1
-14.378209 20.229006 -44.009576 14
-14.388509 20.093006 -44.967056 16
-13.648409 19.522406 -45.096506 1
-13.969709 18.975906 -44.370046 1
-13.847509 18.073506 -44.753136 7
-13.760909 17.144106 -45.104676 1
-14.328609 17.385106 -45.858036 12
-14.346009 17.950206 -46.653316 1
-14.955709 18.665806 -47.093356 16
-15.582609 18.152506 -47.541956 16
-15.975009 17.526106 -46.907656 16
-15.801409 16.665406 -46.552956 1
-15.509609 17.344106 -45.893076 10
-15.439909 18.228306 -45.670516 16
-14.993909 19.011806 -45.800176 1
-15.258609 19.589406 -45.052426 1
-15.644209 20.423806 -45.404796 1
-16.312709 21.109106 -45.407846 16
-16.431909 21.812906 -44.876826 15
-17.150409 22.346406 -45.262666 12
-16.804909 23.176906 -45.727086 15
-16.977809 23.325006 -46.683246 15
-17.659209 22.730206 -46.428606 5
-18.221909 22.714406 -45.650096 15
-18.554709 21.865606 -45.329716 12
-18.067309 21.099706 -45.211936 12
-17.300909 20.558606 -45.200856 1
-16.852509 20.245206 -46.084396 16
-16.253609 19.520606 -46.022236 16
-16.325409 19.602806 -46.962416 16
-15.386409 19.573406 -46.680276 16
-14.779609 20.181806 -46.204806 7
-14.343409 20.798406 -47.009096 11
-15.119409 20.275206 -47.339626 16
-16.016509 20.323306 -47.623236 16
-15.918209 19.961106 -48.530276 16
-14.975109 20.041006 -48.358766 8
-14.549509 19.201006 -48.127496 16
-13.840909 18.986006 -47.474086 11
-12.849009 19.099606 -47.316186 13
-12.450509 19.211206 -48.212336 11
-12.331509 18.432406 -48.774196 8
-13.197209 18.471206 -49.247706 16
-13.795409 17.854206 -48.804466 1
-14.119409 17.915506 -49.670036 16
-13.793609 18.632206 -50.303177 11
-14.128409 18.937006 -51.128955 1
-15.053209 18.812406 -51.519997 16
-15.188209 19.680706 -51.936221 1
-14.992209 20.233606 -51.172794 16
-15.488609 20.514506 -50.386398 1
-15.797609 19.795706 -49.894106 11
-16.276909 18.996106 -50.310584 1
-17.128909 18.475706 -50.434014 1
-17.660709 17.690206 -50.609495 1
-18.447309 17.562206 -50.039956 7
-17.812109 17.956606 -49.424846 11
-18.004009 18.211306 -48.557596 1
-18.003609 19.022306 -49.162756 12
-17.426409 19.746906 -49.043356 16
-18.203109 20.325406 -48.901266 12
-17.654909 20.403706 -48.132926 16
-16.821909 20.754806 -48.410416 16
-17.300209 21.411606 -47.886746 5
-17.868309 22.150206 -48.190036 5
-17.380109 22.755906 -48.827866 11
-16.431509 22.756706 -48.784716 1
-15.841109 23.387606 -48.410866 16
-16.518109 23.338506 -47.739076 12
-16.295209 24.046706 -47.124546 15
-15.540609 24.689006 -47.164336 7
-15.985409 25.581006 -47.105526 16
-16.717309 25.068306 -47.344386 15
-16.697809 25.425206 -46.425396 13
-17.294709 24.829406 -45.924086 15
-16.705109 24.117306 -46.090646 15
-15.864209 24.643206 -45.847276 1
-15.213609 25.393806 -45.650386 16
-14.794709 26.211006 -45.757136 16
-14.794509 26.070306 -46.752266 16
-14.971209 26.972906 -46.531396 16
-14.356909 27.107506 -47.246006 1
-13.601109 26.509206 -47.011646 1
-12.787309 25.930406 -47.002986 15
-12.512809 25.509006 -46.148986 7
-12.743709 25.626906 -45.226516 1
-13.610209 25.960806 -45.415706 16
-13.596009 25.051506 -45.182466 16
-13.051109 24.981706 -44.382406 12
-13.084209 24.247206 -43.833136 11
-13.016809 24.644206 -42.869056 1
-13.884509 24.514706 -43.180836 11
-13.790609 25.454706 -43.552066 12
-14.261409 24.886506 -44.133436 16
-14.985809 24.579906 -43.596136 11
-15.269309 25.125206 -44.311286 16
-15.961709 25.685706 -43.813926 1
-15.695009 25.149506 -43.006266 11
-14.856509 25.596906 -43.103116 11
-14.836709 26.135306 -43.860706 16
-14.086209 26.572006 -44.301236 12
-14.526209 26.883306 -45.043376 16
-15.306709 27.011106 -45.553216 16
-15.496709 27.729806 -46.164346 7
-16.335909 27.899206 -46.660916 1
-16.637909 27.418306 -47.402296 8
-16.573209 26.616506 -46.894876 16
-17.073009 26.403706 -47.672236 12
-17.964509 26.082406 -47.938856 1
-17.939409 25.268506 -47.361746 15
-18.882809 25.224606 -47.304586 16
-18.520809 24.387506 -47.658746 8
-17.729309 23.784006 -47.862326 15
-18.131309 22.945906 -47.578386 5
-18.311809 23.580306 -46.885376 15
-18.887509 22.734706 -46.939176 1
-19.181009 21.973506 -47.426856 8
-18.845209 21.189106 -47.062586 5
-19.762309 21.006306 -46.954376 9
-19.405309 20.722106 -46.101536 14
-19.719409 19.999906 -45.572406 1
-19.030409 20.079106 -44.910586 12
-18.575709 19.258106 -45.169276 1
-18.645609 18.292606 -45.274656 1
-18.023709 18.504006 -45.929896 16
-17.975209 17.502906 -45.718256 12
-17.214809 17.791206 -45.199326 1
-16.648509 18.470106 -45.651886 16
-16.934909 17.993806 -46.368656 16
-17.239909 17.113006 -46.394796 1
-17.227309 16.390406 -47.049666 13
-16.731009 16.985006 -47.616726 7
-16.739009 17.867206 -47.984186 1
-16.556009 18.727306 -48.398456 16
-16.626309 18.787806 -47.447026 16
-17.568509 18.991706 -47.524266 16
-17.633209 19.879806 -47.149296 16
-17.832509 20.799806 -46.998756 5
-16.891409 20.950306 -46.910986 16
-17.136509 21.740806 -46.391936 5
-16.400309 22.254006 -46.150476 15
-16.129609 21.609506 -46.800376 16
-15.437609 21.573106 -47.676926 7
-15.783509 22.445106 -47.766106 11
-15.063909 22.549106 -48.435486 1
-14.778309 23.523806 -48.391846 16
-14.704309 24.238106 -47.806936 8
-14.466409 25.019306 -47.239406 7
-14.033909 24.251406 -46.844836 16
-14.149809 23.370806 -46.345456 1
-14.986209 23.688206 -46.781266 15
-14.862709 24.386806 -46.043346 16
-14.459409 24.572106 -45.164076 16
-14.979609 23.983806 -44.676136 11
-15.010109 23.472306 -45.496546 15
-14.062609 23.173806 -45.349396 1
-13.090009 23.058506 -45.062896 15
-13.238509 23.379706 -44.216206 11
-12.416009 23.736206 -44.631836 16
-11.790309 24.511506 -44.660506 1
-11.953409 25.397106 -44.249986 12
-11.017209 25.058506 -44.259486 1
-10.679409 25.997706 -44.280956 12
-10.296509 26.911006 -44.339556 11
-9.597609 26.308906 -44.543366 7
-8.761809 26.658606 -44.364916 16
-8.744809 27.164106 -45.228556 7
-8.635509 28.160306 -45.106116 16
-8.200909 28.953306 -45.461756 16
-8.174809 29.667306 -46.127516 1
-7.673709 30.024406 -46.844036 1
-6.911409 29.345606 -46.736296 1
-6.652609 30.288306 -46.949376 5
-6.236009 29.744406 -47.580466 16
-5.941309 30.647606 -47.785706 1
-5.544309 30.571606 -46.889006 1
-5.180409 31.148106 -46.213976 16
-4.329109 30.854406 -46.694746 12
