38.985487 -8.25982 0.875865 1
38.179887 -8.82602 1.042465 1
37.836887 -8.51332 0.154765 1
37.725487 -7.85122 0.898565 1
37.598587 -6.92072 0.715665 2
36.724087 -6.57982 0.913265 1
35.764187 -6.17862 1.019365 14
35.396087 -6.25352 0.106065 2
34.884187 -5.64992 0.701365 16
34.398687 -5.51662 1.597765 12
35.055187 -6.04682 2.138765 3
35.596287 -6.85972 2.158365 1
34.960487 -7.34862 2.752465 1
34.835687 -7.91572 3.483355 4
33.892287 -7.69012 3.487255 1
33.324487 -8.33742 4.034175 9
33.802687 -9.18732 3.687905 1
33.498987 -9.98994 4.035235 2
34.210087 -10.31376 4.721325 15
34.518387 -9.95986 5.603955 5
34.674287 -10.88825 5.792525 2
35.557787 -10.56725 5.641885 15
36.014287 -10.52838 6.566265 2
36.259787 -9.60519 6.387105 13
36.179887 -9.10532 5.522905 9
36.613587 -9.55451 4.772355 14
37.255787 -8.77422 4.948815 1
38.119487 -8.34182 4.704275 11
38.082787 -7.67282 5.508345 8
38.645987 -8.26132 5.988505 8
38.342287 -9.15822 6.163335 14
37.689087 -8.42962 6.354395 2
37.875787 -8.45932 7.286215 2
38.506287 -7.84282 7.609875 6
39.132587 -7.71352 6.936485 8
39.606287 -7.97222 6.242285 6
40.207587 -7.87802 7.028625 14
40.245687 -8.84582 7.333355 1
40.087687 -9.53553 7.969755 14
40.528087 -9.30673 8.855125 2
40.385687 -8.32272 8.686135 14
40.849687 -7.79632 9.390305 6
41.505287 -8.49282 9.431605 12
41.816287 -7.84522 8.727965 14
42.734587 -7.54732 8.495915 2
43.391087 -6.91012 8.386175 2
43.167887 -6.08772 8.020785 2
42.205287 -5.92342 7.923765 2
41.930187 -5.25742 7.354715 2
41.832587 -4.58072 8.013585 2
41.402987 -3.87372 7.392915 5
41.697887 -3.03362 7.766105 5
41.740487 -2.16982 8.255215 11
41.933587 -2.86112 8.904595 2
41.182787 -2.30452 9.241255 3
40.570487 -3.03712 9.101035 5
39.624487 -2.79902 9.106315 7
38.737587 -3.14962 9.293855 1
38.162487 -2.55292 8.702845 2
38.111287 -3.47052 8.387175 1
38.058587 -4.35512 7.853475 14
37.810987 -4.99702 7.215395 8
37.376587 -4.87792 6.434255 1
38.192587 -4.54602 6.153235 2
38.072087 -3.64692 5.915005 15
38.941187 -3.16902 5.874885 1
39.362287 -3.91362 5.108365 9
39.997487 -4.07272 4.434465 14
40.743887 -3.50752 4.072285 1
40.770687 -4.44732 3.717025 14
40.831287 -5.41392 3.669155 14
40.608787 -5.09022 2.800665 2
40.938387 -5.10572 1.930165 8
40.755687 -4.42212 1.256665 9
40.511887 -3.57542 0.843765 1
40.164187 -2.66072 0.533165 15
39.451987 -2.11132 0.962765 2
40.196787 -2.20942 1.504465 14
40.146487 -2.42002 2.436965 10
40.924087 -2.95362 2.255765 14
41.744687 -2.52342 2.657265 2
41.109087 -2.64372 3.361165 8
41.214487 -2.16752 4.160485 2
40.386487 -2.01032 3.740475 6
40.468287 -1.05782 3.485475 11
39.845787 -0.67052 4.100775 8
39.947487 0.11718 3.578685 12
40.270487 0.32248 4.511205 1
40.361987 1.25598 4.590965 1
41.415687 1.35268 4.552275 2
41.767687 2.24998 4.426395 1
42.041187 1.58188 3.697415 1
42.540887 1.55528 2.871365 1
43.198287 1.31048 2.192965 1
43.811787 0.60468 1.786465 2
44.025387 0.16628 2.679265 3
44.506587 -0.67062 2.556865 14
45.061387 -0.17592 1.854265 7
44.623987 -0.61882 1.168965 1
43.823287 -1.04412 1.052865 2
44.375187 -1.86852 0.821865 1
43.627887 -2.48302 0.958565 2
43.956387 -3.27242 1.422165 1
43.300187 -3.85232 1.779065 1
43.229487 -4.73112 2.115265 1
42.517487 -4.17262 2.522565 14
42.044387 -4.32362 3.381815 2
42.179487 -5.25952 3.190065 2
41.759687 -5.88032 3.761875 14
41.133787 -6.03972 4.516975 14
40.401887 -5.92392 5.185735 5
40.129787 -5.97882 4.207255 14
39.935087 -5.99512 3.316585 14
39.601387 -5.89332 2.366265 5
38.924187 -5.37282 1.829965 11
39.113587 -4.50112 2.281865 2
38.804887 -4.88002 3.206565 14
37.807387 -4.85272 3.298265 2
37.845287 -5.74542 3.701495 14
37.510187 -6.32302 2.880965 5
36.697687 -6.71662 2.444265 6
36.735487 -7.45222 3.098665 1
36.131987 -6.87072 3.471105 9
35.977987 -6.99502 4.437035 8
35.180887 -7.22122 4.944945 2
34.930487 -7.70912 5.772455 15
35.540687 -8.40052 6.052955 2
35.757187 -8.24462 6.997205 8
36.043187 -8.13922 7.970295 15
35.374787 -7.46512 8.259865 1
36.101987 -7.27542 8.860365 2
36.764587 -6.76902 8.369785 15
37.562687 -6.38472 8.094295 2
37.721587 -6.41872 7.068635 8
36.906487 -6.92442 7.234375 2
36.578287 -6.60512 6.310885 1
35.959687 -5.72782 6.314935 2
35.740787 -5.17392 5.523775 9
36.349587 -5.01912 4.805175 6
36.845587 -5.75212 5.295575 12
37.687487 -5.30582 5.538855 8
38.066187 -4.79602 4.794145 12
38.909687 -4.60032 4.361215 14
39.473187 -5.21782 4.832585 14
39.352587 -5.36792 5.842785 2
39.417287 -6.19802 6.272075 8
38.832387 -6.53222 6.910075 8
39.588387 -6.39502 7.486075 3
40.581487 -6.42412 7.822025 2
40.590087 -5.70462 7.138565 2
39.909287 -5.10622 7.175655 1
40.346087 -4.28652 7.363115 5
39.994587 -4.26832 8.243855 5
40.179387 -5.19132 8.422615 2
39.641487 -5.99732 8.552095 6
40.343087 -6.58222 8.868575 1
41.317387 -6.56982 9.058285 2
41.557187 -6.71082 8.158275 2
40.844487 -7.35292 8.227085 1
41.444487 -7.47482 7.484645 2
41.252387 -8.07032 6.772175 5
41.540287 -9.01372 6.719395 11
41.342687 -9.56474 5.920045 2
41.261887 -8.66752 5.558385 1
40.998187 -7.87422 5.127885 1
40.737087 -7.44632 4.260895 14
41.055187 -7.63752 3.399115 14
41.316087 -8.54992 2.943965 15
40.921987 -8.13962 2.166665 2
41.395487 -7.76232 1.352865 2
41.751887 -6.94652 1.830065 15
40.996587 -6.90512 2.448765 14
40.136987 -7.04662 2.781965 14
39.705987 -7.68062 2.199665 6
39.220287 -8.50162 2.578365 3
38.381787 -8.36282 3.140265 2
38.512987 -7.41032 3.366235 15
38.847587 -6.47722 3.138065 14
38.532387 -6.69942 4.032605 14
37.925987 -6.49522 4.794965 2
38.064487 -6.62382 5.709285 8
38.787987 -6.10502 5.370915 8
39.322087 -6.50792 4.745635 14
39.940787 -7.28802 4.953155 1
40.131787 -7.07292 5.927245 8
40.707087 -7.02332 6.687815 2
41.193287 -6.49792 6.019655 2
41.758687 -6.70242 5.208755 14
41.790187 -7.51552 5.689595 9
41.949687 -7.29692 6.604235 2
42.399287 -8.16312 6.520795 8
42.844687 -8.93862 6.096895 9
42.661487 -9.81723 6.567555 5
43.053887 -10.07737 7.405285 2
42.702187 -9.98769 8.301295 1
42.505187 -9.23922 8.766105 1
43.031687 -8.47892 8.999395 2
43.087287 -8.57112 10.076845 1
43.876687 -9.03322 10.242895 3
44.155287 -8.12512 10.079855 2
44.595087 -7.34322 10.460645 1
43.656487 -7.16702 10.317185 2
43.621087 -6.16262 10.309555 1
43.380187 -6.46722 9.461315 2
42.799087 -7.18682 9.681245 2
42.172187 -7.11232 10.420365 4
41.285387 -7.32922 10.793645 14
41.146387 -6.67962 11.537075 7
41.420487 -6.04802 12.206265 2
41.426487 -5.03392 12.348558 3
41.419387 -4.27852 13.021386 14
41.924987 -3.49832 12.787029 6
42.446687 -4.32022 13.029899 12
42.713887 -4.22192 12.115105 14
43.588187 -4.54902 11.920725 8
43.149387 -4.78712 11.085105 6
43.982987 -5.30062 11.308025 8
44.643987 -4.61592 11.180875 1
44.200287 -4.65622 10.334415 3
44.068287 -5.17832 9.592685 2
43.661087 -4.77952 8.865185 2
42.964787 -4.75172 9.598845 1
43.065187 -5.57952 8.996665 2
42.056287 -5.33712 8.971375 2
41.930687 -4.35292 9.128555 10
42.886487 -3.79322 9.200535 2
42.768987 -3.45852 10.068745 1
42.254887 -3.00952 10.726555 1
42.871487 -3.55472 11.166055 3
43.734287 -3.38992 10.753885 7
44.185887 -2.92272 11.482845 2
44.095187 -2.95712 12.521831 1
43.931887 -2.69012 13.462413 8
43.491887 -3.20872 14.133586 14
43.339787 -4.18322 14.123884 1
42.489687 -3.75952 14.508685 2
41.938587 -2.99242 14.441895 8
41.549387 -2.68422 13.556304 14
41.575687 -1.74272 13.927264 3
41.812187 -1.12662 13.229076 9
42.201187 -1.98952 13.178425 2
42.773187 -1.72792 12.466673 15
43.342187 -1.47162 11.725215 2
42.805187 -1.92542 11.074055 11
41.905387 -1.45302 10.885535 8
41.452487 -1.71622 10.117955 2
41.356587 -1.24852 9.284395 1
40.628487 -1.50162 8.659485 3
40.178387 -2.28022 8.139435 5
40.494287 -2.39072 7.267215 5
40.164087 -1.49332 7.340825 14
39.408487 -1.20582 6.870125 12
39.440787 -1.13962 5.890295 3
40.078987 -0.65352 5.327995 2
40.442087 -1.52122 5.611075 2
41.265487 -1.10822 5.853805 4
41.666387 -1.88092 5.313315 1
42.511387 -1.98682 5.688355 1
43.123287 -2.34902 5.053935 1
42.793187 -3.16492 4.667375 3
42.222787 -3.95822 4.501825 14
41.621287 -3.33192 4.845485 1
41.042787 -4.08782 4.870875 14
40.376187 -3.94552 5.496425 2
40.674587 -4.79142 5.805925 1
41.324487 -5.37752 5.390345 14
41.613587 -4.77232 6.152525 1
42.153387 -5.46642 6.354785 2
42.434987 -6.28922 6.616475 2
42.769787 -5.99802 5.705415 14
42.789087 -6.93872 5.662145 9
42.973787 -7.40112 6.593965 2
43.482787 -8.20672 6.511405 9
43.030087 -8.03502 7.406205 2
42.978587 -9.04232 7.295745 6
43.830587 -8.88982 7.711185 2
43.955887 -9.09922 6.739685 9
44.805287 -9.23862 7.179085 6
44.529187 -8.33802 7.189525 9
44.572887 -7.42842 7.520585 2
43.661387 -7.29992 7.444505 2
43.467487 -6.45592 6.905555 2
43.891287 -7.09502 6.331345 9
44.809287 -7.05082 6.534925 9
45.617787 -6.63312 6.093975 6
46.211687 -6.83342 5.433435 8
46.297087 -6.09662 4.814505 3
46.305187 -6.79292 4.137225 8
46.498987 -7.55062 3.574525 14
47.306787 -7.73162 4.071295 8
47.496987 -8.04562 4.983425 8
48.055387 -7.99662 5.805805 3
47.180287 -7.54092 5.845125 8
47.758787 -7.08822 6.508175 14
47.190487 -6.41782 5.903565 8
47.021687 -6.38212 6.853665 6
46.172487 -6.06932 7.303375 6
45.283187 -6.51972 7.556895 2
45.103487 -6.40382 8.557805 2
44.418087 -7.06742 8.573385 2
44.472787 -6.74272 9.461685 2
44.798987 -6.20922 10.206655 1
45.100787 -6.41962 11.107085 3
45.128287 -7.26222 11.532475 12
45.361887 -8.02612 12.080165 3
44.472187 -7.87972 12.413764 2
43.537587 -7.60032 12.312425 3
43.356187 -8.31072 11.695275 2
43.785387 -9.18862 11.670715 14
44.721987 -9.00892 11.643265 3
45.690787 -9.21972 11.444185 2
45.391287 -9.00842 10.534415 12
45.231987 -8.86742 9.584215 10
44.448687 -8.46402 9.097455 2
45.037987 -8.25752 8.324425 2
45.938887 -8.33222 7.952195 1
46.647287 -8.79612 7.503305 1
47.301487 -8.65552 6.847285 8
46.784287 -7.80012 6.767545 14
45.831287 -7.95942 6.748615 1
45.720687 -7.91012 5.794965 8
45.049287 -7.40002 5.349825 9
44.946987 -6.38662 5.284955 2
44.633987 -5.45972 5.402755 1
45.286387 -5.11572 4.854425 3
44.661387 -4.37492 4.507425 2
44.499387 -3.45872 4.514775 8
45.245587 -3.40762 3.858495 2
46.177287 -3.50822 3.662685 1
45.905187 -4.03662 4.387555 9
45.562387 -3.27052 5.029475 3
45.359687 -2.75222 5.834105 6
46.305087 -2.70502 6.197845 1
46.032987 -3.63372 6.363305 7
46.215687 -4.52452 6.326745 6
45.775287 -5.12222 6.942955 6
45.557887 -4.87412 7.863425 1
44.832787 -5.53512 7.988745 2
43.914587 -5.28932 7.810105 2
44.079387 -5.57082 6.936215 2
43.978387 -4.61032 6.672475 8
43.581287 -4.37742 7.543685 2
43.769087 -3.47162 7.846905 14
43.168387 -2.94202 7.261505 3
42.455887 -3.41632 6.879095 1
42.636687 -4.35322 6.942605 2
42.833087 -4.80452 6.140405 2
42.396787 -4.81372 5.285825 14
43.305787 -4.62052 5.126395 3
42.776787 -4.96242 4.365335 14
43.570087 -5.03172 3.795415 2
43.921287 -5.90402 3.762415 12
44.124287 -6.87932 3.600375 2
44.291987 -7.45612 4.315175 3
44.018987 -7.79612 5.181165 9
44.808987 -8.40912 5.159865 9
45.849887 -8.66212 5.161385 8
46.707187 -8.82812 4.784925 8
46.745787 -9.52082 3.983435 8
46.443387 -10.02485 3.307565 14
46.009387 -10.70647 3.834245 1
45.676287 -11.57726 3.809255 2
45.265587 -11.39809 3.010165 10
45.242587 -10.93438 2.212165 3
45.192287 -10.60001 1.331065 3
44.988187 -9.66751 1.376765 9
45.523187 -8.83852 1.137565 1
46.402287 -8.83712 0.683565 1
47.208387 -8.64412 1.225765 2
48.106687 -8.93952 0.857565 1
48.451787 -8.26132 0.239365 9
49.223587 -7.90632 0.767165 1
49.222587 -7.63922 1.677665 2
49.567587 -7.87832 2.498265 2
48.805187 -7.93722 3.021965 2
47.969187 -8.26122 3.239265 8
47.094487 -7.93712 2.753065 14
47.219187 -7.45572 1.951965 6
48.080987 -7.04642 1.935265 2
47.514487 -6.33652 1.906165 6
46.800087 -6.57362 2.469765 2
47.596587 -6.51382 3.028865 12
48.381787 -6.90802 3.431205 2
48.039887 -6.53562 4.264345 8
48.275387 -6.86852 5.158465 8
48.931487 -6.88132 5.822565 3
49.058887 -5.97272 6.238815 3
48.229987 -5.97552 6.671055 2
47.581887 -5.36332 6.307595 6
47.143687 -5.11292 5.515395 6
47.380787 -5.18922 4.609725 12
48.193887 -4.87192 4.240645 1
48.085087 -3.94142 4.316135 2
48.772887 -4.18182 4.941935 8
49.274087 -4.91232 4.434055 3
49.723387 -5.72292 4.567625 14
48.955687 -5.90022 3.899175 1
49.402687 -6.08342 3.071365 2
48.503687 -5.95602 2.705565 2
47.983587 -5.22192 2.397065 1
47.031587 -5.37752 2.386465 14
46.550787 -5.29392 1.540565 2
45.854187 -5.12382 2.169965 4
45.098487 -5.69512 2.400465 3
44.290287 -5.34372 2.742765 1
44.040587 -6.33112 2.574965 3
43.104587 -6.21652 2.535765 2
42.749187 -7.11032 2.731365 9
41.895187 -6.66192 3.027965 14
42.673887 -6.50432 3.743955 14
43.168087 -7.19452 4.074525 1
43.343987 -8.08702 3.898765 2
43.463887 -8.60592 4.679585 9
43.421187 -9.13012 3.904255 2
43.929487 -9.88391 4.314575 2
44.283187 -9.86163 5.237785 9
44.826587 -10.67182 5.584525 6
45.278687 -9.83963 5.405845 2
44.863087 -9.22912 5.999665 9
45.480887 -9.81852 6.415155 6
46.300987 -9.90721 5.964185 10
47.200387 -9.54453 5.990445 8
47.816187 -9.03382 5.487175 8
48.715587 -8.96072 5.692385 3
49.533487 -8.88782 5.220485 3
48.881487 -8.60022 4.576745 8
49.400887 -8.04092 3.985195 2
49.467787 -7.61302 4.902075 3
49.183187 -6.92442 4.370985 8
50.114787 -7.06492 4.411165 2
50.694287 -7.20822 3.642305 2
50.318987 -6.34322 3.500695 2
50.876687 -6.13252 4.248755 1
51.882587 -6.24662 4.287125 2
52.356587 -6.29872 3.345235 1
53.178987 -6.67492 3.588465 3
53.181087 -6.89402 2.663065 6
53.642987 -6.30792 1.936665 3
53.987987 -5.96412 2.758565 3
53.861187 -5.20152 3.289265 14
53.360787 -4.44752 3.024265 8
52.761087 -4.89812 3.658965 14
51.853087 -4.57562 3.334105 7
51.017887 -4.32772 3.612625 3
50.817687 -3.72372 2.872865 14
51.339987 -4.00802 2.059365 4
50.614087 -4.59922 2.214465 2
49.637487 -4.85212 2.242165 2
48.910487 -4.94872 1.617665 6
49.189487 -5.85262 1.963465 2
49.819087 -6.54282 1.603065 2
50.116187 -6.92262 2.460165 2
50.867787 -7.50052 2.359865 10
51.338387 -8.10462 3.001065 7
51.746187 -7.62212 3.797755 3
52.032787 -8.49002 4.036935 5
51.943487 -7.97102 4.828955 5
51.501587 -7.87562 5.715505 3
51.738687 -7.29592 6.488465 3
51.727187 -6.61752 5.750845 1
52.215487 -5.87862 6.178915 13
52.923587 -5.21372 6.301805 6
53.875187 -5.26382 6.423855 2
54.331587 -4.79282 7.191555 3
54.533187 -4.08692 7.875845 1
54.761987 -3.57802 7.101535 9
55.675587 -3.82352 6.777425 9
56.632387 -3.94492 6.791075 10
57.187187 -4.45752 7.467075 8
57.843887 -4.13612 8.180025 8
58.590687 -3.83062 8.694975 1
58.344187 -4.75742 8.829645 3
57.877387 -4.70162 9.676395 1
56.908487 -4.44702 9.690125 3
56.432987 -3.59552 9.394465 9
55.934687 -3.86012 10.116805 1
56.686587 -3.40682 10.588875 14
57.172987 -2.53632 10.745105 3
56.648487 -2.72102 11.504155 1
56.140387 -3.04722 12.260775 3
55.172787 -3.13432 12.240905 2
55.254987 -3.46432 13.122248 2
54.649787 -3.31582 13.912793 1
54.668387 -4.29252 13.932024 3
55.338487 -4.72122 13.362919 3
56.056087 -4.46362 13.975438 9
56.411987 -3.74802 14.493985 14
56.693887 -2.74092 14.193392 10
57.557187 -3.11012 14.298023 3
57.650287 -2.20292 14.134274 4
57.655187 -1.92152 15.164235 12
57.215587 -2.44652 15.852955 5
56.314787 -2.32212 15.638435 13
55.994987 -1.49152 15.237235 3
55.315287 -0.87662 15.654645 9
54.319987 -1.11382 15.721035 10
53.344387 -1.06602 16.081335 10
53.180687 -1.99532 16.013595 1
53.677587 -2.46212 15.229815 2
54.587287 -2.62912 15.087765 8
54.407287 -3.38552 15.737665 1
53.443787 -3.49852 15.733945 2
52.857887 -4.08102 15.178795 6
53.612587 -4.60982 14.963095 1
53.713587 -5.25712 14.304901 3
53.412887 -5.53782 13.359312 3
53.627687 -6.40142 13.005315 3
53.714587 -7.18762 12.51847 3
53.143487 -7.84302 12.019835 1
52.389787 -7.81542 11.467335 7
52.669687 -7.02452 11.042965 9
53.709787 -7.13942 11.252855 3
53.539687 -7.57372 10.366675 6
54.424887 -7.55062 10.011765 6
55.097987 -7.03212 9.502265 9
54.854087 -6.26192 10.139455 12
54.807887 -6.36442 11.083455 3
55.370287 -6.89112 11.635575 4
54.828287 -7.07872 12.492044 3
55.234087 -7.78512 12.986461 3
54.707487 -8.28212 12.425795 9
54.253887 -8.81932 11.698435 13
53.698487 -8.82032 10.956075 6
53.094987 -9.19572 10.270485 6
52.594087 -8.63432 10.833215 8
51.702787 -8.90382 10.818385 5
50.977987 -8.28482 11.011595 9
50.759487 -9.10182 11.452535 5
49.829287 -9.00402 11.702865 3
49.335587 -8.15582 12.015895 3
49.998987 -8.20152 12.749591 14
50.910087 -8.19492 12.981423 5
51.148187 -7.67672 13.704591 10
50.637287 -8.09622 14.394175 10
49.998787 -8.71992 14.839445 8
49.038487 -8.44152 14.852485 9
48.105387 -8.51262 14.467815 3
48.320887 -9.3556 14.884675 14
48.389787 -9.91784 15.717055 3
48.557187 -9.5252 16.643405 5
48.819487 -8.57672 16.632425 4
48.760187 -7.89962 17.291405 1
48.541587 -7.18192 16.586265 1
49.378187 -6.89462 16.377905 3
49.474387 -6.39482 15.562835 4
50.060387 -5.66692 15.840895 3
50.619987 -5.28292 16.511575 1
51.100087 -5.24472 15.670815 1
51.339787 -4.25932 15.488345 1
51.812987 -4.86282 14.925285 9
52.018487 -5.74882 14.602355 1
52.920187 -6.08012 14.236555 3
53.505687 -6.29182 14.999365 3
53.273987 -6.08382 15.940685 9
53.557587 -5.67652 16.754125 1
54.000487 -4.84712 17.049765 15
54.285487 -4.77342 16.165665 6
54.920987 -5.43682 16.010305 11
54.703987 -6.13872 15.334225 6
54.741887 -5.68712 14.450795 3
55.195587 -6.23502 13.780261 3
54.576487 -6.23272 13.020617 3
54.966887 -5.50012 12.526572 3
55.928187 -5.55322 12.345223 13
56.621187 -5.96342 12.878765 6
56.132287 -6.68412 13.24707 13
56.169187 -6.35252 14.180264 6
55.774287 -7.03172 14.704785 10
54.850387 -6.99512 14.426895 3
54.835387 -7.89072 14.295303 3
54.246687 -8.30412 13.669414 3
53.792687 -8.96272 13.148866 8
53.142887 -9.55436 12.756064 9
52.162287 -9.4846 12.653874 5
51.533787 -8.77892 12.275395 5
51.732787 -7.80172 12.389515 3
51.475987 -6.96122 12.946215 3
50.774487 -7.16962 12.241495 9
49.902487 -6.85942 11.862385 8
48.935387 -6.66482 11.545825 4
49.084587 -7.18802 10.656345 12
49.420187 -6.90432 9.798945 3
49.768987 -6.37272 10.491215 1
50.718987 -6.08612 10.643225 9
50.445587 -5.12412 10.738585 4
50.780687 -4.28382 10.286525 5
50.202287 -3.56702 10.529715 6
50.433187 -2.60472 10.305365 1
51.058987 -2.32602 10.961785 5
51.857987 -2.17192 11.517115 10
52.640787 -2.66592 11.767035 6
52.263087 -3.06342 12.588072 1
53.015187 -3.74842 12.532318 1
53.619787 -4.51302 12.928611 3
53.794787 -4.46902 11.917305 1
54.607887 -4.58882 12.492116 3
54.734187 -4.33362 11.644245 5
54.697487 -5.32302 11.576425 3
53.823987 -5.64582 11.213895 3
53.671287 -5.60912 10.282295 2
52.746387 -5.84702 10.482745 9
52.220487 -5.14182 10.825555 13
51.994687 -4.32532 11.293655 3
52.253187 -4.59732 12.218045 9
52.773287 -5.39512 12.520582 3
53.041587 -6.24442 12.202115 3
52.459187 -6.09422 11.485525 9
51.979587 -6.30462 12.318603 3
51.727487 -6.98002 11.687055 9
51.076387 -6.23472 11.629015 9
50.323787 -5.70362 12.034485 10
50.972987 -5.68062 12.783622 14
51.483987 -5.93202 13.504452 3
51.449487 -6.62512 14.141039 13
52.172587 -7.17012 13.846728 3
52.697287 -7.60292 14.530655 1
52.187987 -8.31812 15.021485 6
51.339587 -8.31632 15.414075 3
51.490887 -7.39502 15.740725 1
52.263587 -7.91592 16.047715 4
51.605287 -7.69152 16.676135 1
52.321187 -7.33352 17.245425 1
52.251587 -8.29632 17.331735 8
53.042687 -8.19132 16.781455 1
53.456987 -7.52682 17.378815 3
54.157087 -8.18202 17.534395 9
54.390687 -7.64732 16.751265 6
53.965387 -8.20162 16.112105 4
53.834187 -7.45202 15.401015 9
53.746987 -7.28652 14.456275 3
53.227187 -7.02222 13.697607 3
53.417987 -7.90942 13.375392 3
52.487487 -8.21052 13.196616 3
52.415687 -9.01222 13.664637 5
52.369687 -9.46471 14.486525 8
51.541887 -10.01158 14.336515 9
51.835087 -10.94827 14.278037 11
50.970287 -10.63406 13.730606 3
50.459487 -9.92194 13.411728 5
50.558787 -9.49968 14.24835 10
50.318587 -8.79762 13.593983 5
49.398687 -8.57742 13.584122 1
49.578587 -9.39806 13.114358 5
48.614987 -9.62484 13.334533 6
48.939887 -10.01867 12.47503 3
48.425787 -10.25179 11.676155 1
48.616387 -9.76816 10.833125 4
49.491987 -9.57354 10.484085 12
49.457787 -9.85 9.617615 3
48.620287 -10.37688 9.447775 8
48.405687 -8.97152 8.196215 3
48.410387 -8.63652 9.112345 3
48.241687 -7.62672 8.862575 1
48.935287 -8.03732 8.441015 3
49.030787 -7.91702 9.481985 3
49.586687 -8.27322 10.187695 14
50.100787 -7.48142 10.213695 9
50.358787 -7.96242 9.424325 15
49.983287 -8.16162 8.589945 3
50.445587 -8.15132 7.689495 3
50.597887 -7.33542 8.274325 3
50.511487 -6.76912 9.093925 9
50.925887 -6.90502 10.022755 9
51.625687 -7.49502 10.346465 9
51.441687 -7.71782 9.424705 3
52.116787 -8.40222 9.840585 13
52.915487 -8.48982 9.357625 6
53.700087 -8.66742 8.899395 6
54.576387 -8.26012 8.958135 6
55.276687 -8.11022 8.227115 5
55.263187 -9.05882 7.943085 4
54.582387 -9.73677 8.259925 3
53.652887 -9.8887 8.288325 6
52.657687 -10.02554 8.265545 6
52.590787 -10.14027 7.249655 10
51.642587 -10.30085 7.035635 3
52.236187 -10.8209 6.423465 5
53.118087 -10.65339 6.052185 1
53.714187 -9.97731 5.829605 3
53.377687 -9.75386 4.985735 9
52.451887 -9.9461 4.887485 5
52.170987 -10.62066 4.249595 1
51.910887 -10.06745 3.461405 1
52.774987 -9.71086 3.239665 13
52.210987 -9.63002 2.542765 3
51.645187 -8.88672 2.270465 3
50.682487 -9.16862 2.135165 1
49.804287 -9.24012 1.773165 9
49.057387 -9.66967 2.339065 1
48.484187 -9.64854 3.148965 3
47.627587 -9.22682 3.136465 3
47.753887 -9.89785 3.835585 8
48.435187 -9.65028 4.529525 8
49.365887 -9.4326 4.266565 5
49.732987 -10.23802 4.733385 15
49.139887 -10.5277 5.407085 3
48.453387 -10.1773 6.000025 3
47.694587 -10.63956 5.770695 6
46.889987 -10.77467 5.311845 8
46.765287 -10.95689 6.272045 3
46.477687 -11.86888 6.410215 4
46.829287 -11.53253 7.293645 9
46.752887 -11.98878 8.228775 6
46.876887 -12.88937 7.993535 4
47.763987 -12.98509 7.822095 9
47.557487 -13.49888 7.030295 3
47.635787 -14.3101 7.482225 9
47.727387 -14.28947 8.483825 13
48.736187 -14.18443 8.310935 9
49.523087 -14.46555 8.718415 3
50.198387 -14.88984 8.229695 4
50.625187 -15.12186 7.399685 3
50.300787 -15.15601 6.495485 1
49.701087 -14.43725 6.381825 5
49.808087 -13.90701 7.263615 3
49.423587 -13.12439 7.759425 9
50.276187 -12.758 7.773715 14
49.834287 -11.98258 7.511325 9
50.610087 -11.45816 7.470815 13
50.301187 -10.74082 8.019775 3
51.208387 -10.54767 8.258805 3
51.838287 -11.3288 8.339635 1
52.469187 -11.98846 8.831825 10
52.804987 -12.42652 8.044065 3
53.497787 -12.15797 8.604105 15
54.417487 -12.30127 8.527395 1
54.292587 -11.37925 8.874935 3
53.422887 -11.05246 9.020435 10
53.935087 -10.3488 9.373355 6
54.236687 -9.45024 9.347225 6
54.952587 -9.10822 9.963525 6
55.160787 -9.65555 10.675055 1
54.700287 -10.4633 10.894605 6
54.588487 -11.10264 11.592485 3
54.834787 -11.57925 10.811205 11
54.422087 -11.36855 9.999315 13
53.554887 -11.18231 10.183195 3
53.105187 -10.29363 10.088875 6
52.210887 -10.49219 9.805985 3
52.306587 -10.09727 10.733025 5
52.601887 -10.9648 11.114785 8
53.333687 -10.33767 11.089075 6
53.455687 -10.92001 11.786935 3
54.205187 -10.65635 12.538507 9
53.602087 -11.10009 13.110179 10
52.687487 -10.91726 12.961844 9
51.784187 -10.85405 12.604894 3
51.192287 -10.09433 12.549432 5
50.642687 -10.13983 11.727815 5
50.071587 -10.42106 10.988705 3
49.315587 -10.71434 10.467145 1
50.066887 -10.63455 9.849225 3
51.010087 -10.43685 9.781545 3
51.388487 -11.18242 9.238295 1
50.975887 -11.98914 8.942345 1
51.076487 -12.75592 9.530605 1
50.713187 -13.00558 8.652455 4
49.751287 -13.11966 8.818275 9
49.240987 -12.61125 9.452035 9
49.366787 -13.3167 10.017955 3
48.591487 -13.50675 10.457595 8
48.205387 -12.72448 10.727925 1
47.381787 -12.30092 10.883145 4
47.688887 -12.36773 9.911535 3
48.240787 -12.24374 9.132315 9
48.122987 -12.12572 8.243265 9
48.680787 -12.49981 7.458475 9
48.619787 -11.57229 7.629395 9
48.768887 -11.28341 8.593365 15
49.228687 -10.70132 8.096115 5
49.736487 -9.79983 7.988175 3
50.375987 -9.07262 8.197305 3
50.485787 -8.98092 9.141375 3
50.905787 -9.20152 9.982995 10
51.781087 -9.5148 9.842275 5
52.106387 -9.37834 8.892085 6
51.219787 -9.47257 8.500955 3
51.961787 -9.34842 7.821135 6
51.321987 -8.73572 7.509755 3
51.295487 -9.20642 6.663665 3
51.975387 -8.92272 6.091005 5
51.978387 -8.22072 6.781885 3
52.819387 -8.34552 7.270025 6
53.254287 -7.85302 6.478335 1
53.549387 -6.89092 6.455025 13
52.646487 -6.82222 6.797955 1
52.625687 -7.28232 7.682075 13
53.108787 -7.89652 8.168515 6
52.153787 -8.07972 8.365045 3
51.610487 -7.22762 8.557455 3
52.162087 -6.90152 9.238335 10
52.992287 -6.58602 9.649215 5
53.384187 -6.59742 8.731795 6
53.171787 -5.65442 8.696345 3
53.927787 -5.22102 8.326175 4
53.039987 -5.00942 7.916655 13
52.156587 -5.26132 8.032645 11
51.775087 -6.10902 8.292735 4
51.203987 -6.53072 7.688745 3
50.229387 -6.46482 7.865545 3
49.926087 -5.66492 8.314705 14
49.485587 -6.00902 9.034925 3
49.031687 -5.75672 9.931785 6
48.351287 -5.02452 9.858625 12
48.307987 -4.10672 9.629325 3
48.305587 -3.31122 10.104955 9
49.340987 -3.13772 9.842865 4
49.979987 -3.19432 9.134165 8
50.946987 -3.25152 9.168095 3
50.856187 -2.69382 8.386005 1
51.669487 -2.57202 7.842525 6
51.147687 -1.72902 7.889885 4
50.610087 -2.31482 7.243245 9
50.595187 -2.89992 6.417275 10
51.122887 -3.69412 6.273375 3
50.713987 -3.34642 5.491835 6
50.999987 -4.24762 5.333395 9
50.456987 -5.01252 5.371345 6
50.252587 -5.56572 6.124175 9
50.234087 -6.30952 6.726245 1
50.499987 -7.15962 7.052625 3
50.024087 -7.40082 6.202085 3
50.599287 -7.09942 5.479245 1
50.499287 -8.06172 5.428275 1
50.076187 -8.65402 6.064175 3
50.735287 -9.19492 5.508275 5
50.349187 -9.21802 4.671025 10
51.156487 -9.16432 4.161255 3
51.354787 -10.05608 4.585035 5
51.341087 -10.9183 5.072955 1
50.585687 -10.40884 5.563685 5
50.593387 -9.89156 6.381555 3
49.951687 -10.14619 7.009605 3
49.868887 -10.84821 6.436725 8
49.856287 -11.65372 5.988145 9
50.504987 -12.32983 5.795185 13
50.146487 -12.7484 5.006295 1
49.246087 -13.07823 5.161725 15
48.828787 -13.57779 5.858535 8
49.247487 -13.06623 6.567075 9
48.291487 -12.76245 6.471245 9
47.914887 -12.82405 5.609545 10
47.254087 -12.06557 5.591035 6
48.033087 -11.83035 6.035895 9
48.064387 -11.08208 6.743095 9
48.907087 -10.62202 7.013655 11
49.049987 -9.64555 7.148665 3
48.087587 -9.83519 7.385535 13
48.267287 -9.22442 6.679175 13
49.171187 -8.81162 6.699515 3
49.765587 -8.09312 6.893105 3
48.845987 -7.83862 7.066275 3
47.908687 -7.80822 7.584775 13
48.563187 -7.15172 7.825945 3
49.202487 -6.41482 7.865955 3
49.174387 -5.45362 7.617615 6
48.751387 -4.62792 7.765995 5
47.844287 -4.63182 7.326345 6
47.848587 -4.88162 8.270645 5
46.954987 -4.47302 8.175055 6
47.385987 -3.74432 8.716905 5
46.744387 -3.37042 9.278535 3
46.124187 -2.59192 8.979785 4
46.085387 -2.01612 8.113435 3
45.650087 -1.47942 7.403045 15
44.867887 -1.50692 7.933715 6
45.251187 -0.73142 8.352385 3
46.130587 -0.41902 8.781535 8
46.288787 0.50368 8.507505 6
45.638987 1.19008 8.419505 1
44.972387 0.70638 7.820945 1
44.032687 0.70538 7.615355 1
43.254087 0.98988 8.033445 3
42.953887 0.14898 8.340955 1
42.802987 0.16008 7.285345 4
42.620687 0.62328 6.423305 3
43.026187 1.50988 6.385775 1
43.758387 2.05608 6.100185 3
44.594387 1.62808 5.853595 10
45.268187 1.58688 5.192385 10
45.688387 1.36868 4.313925 1
46.243387 2.04878 4.695775 3
46.117787 3.04878 4.790195 1
46.777487 3.80468 4.654485 3
46.365787 4.14778 5.469215 6
45.572787 4.50318 4.959105 4
45.544987 4.98798 5.775775 3
46.117587 4.84628 6.515685 5
46.684987 4.47118 7.141785 9
47.310087 4.46598 7.866895 12
47.787687 3.84088 8.412805 9
47.040687 3.70648 9.068405 14
46.240087 3.96398 9.605075 10
45.876487 4.74008 9.950815 3
45.736687 4.21898 10.835415 5
45.732087 3.34668 11.210825 11
46.073087 3.22428 12.066835 3
45.548687 2.90278 12.793027 9
45.081187 3.33458 13.6215 4
44.414187 3.10478 12.906982 4
44.371587 2.62418 12.102545 10
43.931687 3.55818 11.978385 3
43.893587 3.59958 10.973115 10
43.144287 3.69528 10.309085 9
42.263687 3.28698 10.335135 6
41.914887 4.11628 10.003925 10
41.290787 3.60358 10.537945 6
40.656187 4.31638 10.723755 4
40.115887 4.24068 11.509185 8
40.285187 3.51458 12.118945 13
39.754387 2.92708 12.819643 13
39.302687 3.69648 12.480216 13
38.622787 3.73808 11.747005 1
38.275287 3.48228 10.918245 10
38.586987 2.66388 10.474455 4
38.169887 1.90598 10.015235 6
37.244487 1.83498 10.244895 3
36.713387 1.11168 10.512725 5
36.938587 0.32218 11.033565 3
37.857487 0.44578 11.246955 10
37.620187 0.62318 12.150975 4
37.673787 0.71248 13.167784 5
38.489687 1.12978 12.998867 13
38.828987 0.91658 13.883863 1
38.253687 0.53938 14.507335 4
37.343887 0.87018 14.649035 1
38.015787 1.47258 14.431045 4
38.525187 2.14078 13.874342 13
38.088487 2.13748 12.98465 13
37.486787 2.18518 13.710763 11
37.115087 2.87848 14.260761 3
37.061587 3.40088 15.216075 10
37.995987 3.25348 15.390345 4
37.753187 4.15148 15.640265 10
38.008087 3.78838 16.406775 10
37.981087 2.79928 16.198575 4
37.031687 2.66118 16.332345 8
37.757987 1.85748 16.334515 4
36.937987 1.39228 15.944805 10
37.041687 1.71288 15.064565 4
36.332287 1.90788 14.442545 9
36.246587 2.31018 13.554637 11
36.327787 2.51228 12.593921 11
35.661687 3.22708 12.860756 6
35.472487 4.08908 13.204247 5
35.350887 5.01548 13.488866 13
35.725987 5.81418 13.861507 13
34.971487 5.86818 14.588885 4
35.730887 6.50128 14.865945 1
35.721287 5.52278 15.101645 5
35.856887 5.30488 16.043775 10
34.963287 5.22908 16.342655 1
34.596487 4.37808 16.038155 3
35.290387 4.48918 15.455235 6
35.904187 4.25828 16.149065 10
35.992187 3.83008 16.968025 10
35.953287 2.90678 17.173645 13
35.561787 2.23918 17.798045 6
34.724887 2.80358 17.933325 1
33.879787 2.80668 17.437965 12
33.535487 3.28758 18.166325 9
34.167387 2.89238 18.774225 4
35.168287 3.05088 18.869655 4
35.148487 2.02478 18.790645 6
35.482587 1.59508 19.552405 15
34.940687 2.35358 19.904075 4
34.463987 1.75588 20.493825 10
34.656487 1.88488 21.403055 3
35.666787 1.54888 21.614465 13
35.931987 0.95098 20.914515 9
35.056387 0.72138 21.307185 4
35.618987 0.33848 21.993525 1
36.132487 0.18728 22.781075 8
36.471887 -0.17002 23.600665 1
37.355587 0.16608 23.665565 4
37.484587 1.06678 23.850365 3
37.025387 1.00058 24.729665 10
36.753687 1.77758 24.232565 4
35.829787 1.84088 24.128065 10
36.047987 2.53018 24.720465 3
35.945987 3.43258 25.049965 13
35.011287 3.72898 24.962865 13
34.991487 4.66258 24.851865 4
35.046187 5.41118 25.505865 11
34.625187 6.29598 25.633765 15
33.802387 6.59078 25.214065 13
33.286287 6.97988 25.892065 2
33.111187 6.62728 26.858365 5
33.827787 7.01168 27.474565 1
33.880587 7.90088 27.890965 1
34.008187 8.85998 27.751765 4
34.370987 9.20508 26.941665 10
33.752687 9.65848 26.280465 9
34.179987 9.88548 25.526665 1
34.542487 10.38878 24.834865 10
34.979587 11.13368 24.393965 1
35.035987 11.45328 25.323365 10
35.892587 11.58988 25.734865 6
36.407187 12.27428 26.067065 1
37.114787 11.58978 25.934165 6
37.632587 12.08618 25.235065 1
37.381987 12.67968 25.996865 4
38.304587 12.82328 25.828265 3
39.228187 12.71808 26.034265 1
39.697887 11.89398 26.434365 5
40.110787 10.95478 26.513665 13
40.890187 10.58428 26.132765 13
40.327087 10.30618 25.381865 8
40.210787 9.81138 24.529365 4
40.252487 9.12538 25.247265 10
40.985087 8.55378 24.666565 1
40.810187 7.62278 24.320765 13
40.145787 6.86088 24.191965 8
39.730387 7.64608 23.891265 3
40.103787 8.06798 23.099775 10
39.766287 7.94108 22.203485 5
40.732387 7.98668 22.104155 4
40.827287 8.50178 21.284185 10
40.643087 8.21338 20.353075 11
41.342487 7.62728 20.009655 4
41.047187 6.93828 19.439985 6
41.022087 6.24728 20.081145 11
40.997787 5.69298 20.903115 9
40.055087 5.97218 20.861985 1
39.871987 5.00298 20.949935 13
38.953987 5.12008 20.501115 3
38.237387 4.49318 20.721025 15
37.345587 4.14438 20.851505 10
36.497287 3.83448 20.434585 4
37.017187 3.17988 19.996925 11
36.345087 2.79948 20.565175 4
37.013387 2.16308 20.273535 5
36.744887 1.71178 19.488715 6
36.348687 2.56658 19.353275 4
37.393487 2.37068 18.891635 6
38.166887 2.04928 19.484935 8
38.902887 2.67608 19.390465 4
38.423487 3.47128 19.226915 1
37.765787 4.13938 19.147495 13
37.702087 4.50328 18.217175 10
38.287887 5.24428 18.246255 10
38.286987 5.95748 18.898755 13
38.945087 5.64028 19.454575 3
38.485387 6.34118 19.908375 9
37.780287 7.02508 20.140305 4
37.265687 6.50138 20.744015 5
36.711487 6.14628 21.591045 10
36.720187 6.96008 22.004735 13
35.816087 7.10428 21.557595 12
35.088887 6.75338 22.118725 1
35.114987 5.84108 22.344655 15
34.615687 5.02508 22.005475 3
34.050887 4.53248 21.297825 1
34.209687 5.15818 20.515455 10
34.112687 4.37978 20.001485 4
35.033087 4.14808 20.340595 4
35.240087 3.82988 21.184115 1
34.814087 3.04468 20.700715 4
34.026187 3.03168 21.227745 1
33.612387 3.25008 20.403275 10
33.441787 3.74088 19.606165 4
33.134187 4.65308 19.729845 1
33.128487 4.31968 18.701465 3
33.641287 5.11368 18.378715 1
34.597687 4.97788 18.542875 4
34.427487 5.06098 17.607415 11
35.278187 4.81828 17.233645 10
35.624787 5.28718 17.977965 5
36.553987 4.95548 18.102085 10
36.396187 5.79168 17.642935 10
35.887287 6.57738 17.878565 13
35.105287 7.12838 17.672205 3
35.172387 7.89578 18.225285 13
34.979587 8.75618 17.796165 6
34.044687 8.63728 17.665155 9
33.808787 7.72758 17.504845 6
32.894387 7.51778 17.765525 4
32.300487 8.30298 17.939175 1
31.324837 8.64108 17.961465 11
31.908317 9.47678 18.096965 4
30.941177 9.67978 17.995345 8
30.540337 10.37258 17.332855 4
29.739257 9.90688 17.138855 10
29.155277 9.40128 16.459995 10
29.142307 10.32508 16.178125 13
28.657217 10.10418 15.363645 3
27.793167 10.34748 15.845265 8
27.829647 11.24868 15.454445 4
27.957277 11.84768 16.215715 6
28.201907 12.26658 17.055565 10
27.812927 11.54788 17.577055 4
27.976317 10.64198 17.416405 13
28.582177 10.45058 18.139875 12
28.393407 9.97198 18.903925 6
28.609717 9.64908 19.827955 13
28.295517 10.02258 20.618305 5
28.566917 9.17888 21.082205 9
28.872737 9.52088 21.928595 4
29.622947 9.85718 21.299125 3
30.169527 9.16598 20.967475 4
29.462997 8.78008 21.506415 1
30.108897 8.14438 21.311185 1
29.927517 7.60888 20.544515 4
30.812337 7.53748 20.240895 13
31.568447 8.00138 20.592385 13
31.871627 7.12758 20.860815 1
32.154587 6.64988 20.087865 10
33.074187 6.93328 19.869965 1
33.885287 6.45978 20.242945 10
34.663287 6.03358 19.863105 4
35.513387 6.39538 19.649665 11
36.379687 6.72798 19.279015 6
37.063587 6.44938 18.708205 9
37.280587 5.55998 18.530235 10
36.581987 5.68268 19.196495 13
36.736787 4.84198 19.561205 3
35.860687 4.45428 19.795895 4
35.346787 4.01808 19.123665 4
36.320487 4.03748 18.914225 15
36.400087 3.68178 17.991535 6
37.302687 3.49598 17.927545 9
37.324287 4.17198 17.257465 10
37.426387 4.77388 16.530675 10
37.043487 5.63868 16.400665 10
37.024387 6.45018 17.006845 7
37.418687 6.97708 17.677225 1
38.030287 6.24408 17.628585 8
38.128687 5.73058 16.752075 10
39.023587 5.47608 16.907235 10
39.999287 5.32548 17.195985 3
40.448187 4.42188 17.218925 5
39.994587 4.09058 18.015565 4
39.640987 3.42618 18.778875 13
39.320687 2.62328 18.306825 9
39.696687 2.19528 17.474415 4
40.580887 2.12398 17.220575 5
40.438187 3.08088 16.725545 5
39.775787 2.47658 16.412025 4
39.816087 3.17748 15.732045 13
38.994987 2.68118 15.765525 4
38.984787 3.61258 15.961305 1
39.125387 4.15148 16.739705 10
38.931787 3.23568 16.917095 4
38.218287 3.57008 17.592355 10
38.182687 2.99198 18.348155 1
38.085787 2.24228 17.716805 4
37.192087 1.84678 17.778385 6
36.415687 1.50578 17.362735 6
36.293187 0.80388 16.719435 12
35.731487 1.10698 15.926895 3
35.577087 0.25238 15.508345 1
34.717587 0.48118 15.972405 10
33.908087 0.20508 16.312965 1
33.753287 1.15248 16.313895 1
34.097487 1.72498 17.002835 4
33.427087 2.20228 16.470715 10
34.297287 2.66518 16.420545 3
33.872187 2.70908 15.630575 8
34.735887 2.56638 15.357255 14
34.631587 3.31668 14.816715 10
35.057587 3.50428 13.981731 4
36.023887 3.57918 14.037758 11
36.361787 4.07588 14.813995 10
37.089787 3.97898 14.191204 11
37.950587 3.61338 13.974551 13
38.717287 3.26118 14.370035 13
39.053287 2.51968 14.795055 4
39.477787 2.68518 13.891849 13
40.302687 3.06888 13.707622 13
40.389487 2.57338 14.533995 5
40.319587 1.62708 14.465675 15
39.447887 1.70138 14.129431 13
38.946187 1.44658 14.903615 4
38.889887 1.60418 15.860155 4
38.658587 0.99688 16.503495 4
37.873987 0.54438 16.593885 9
37.291687 0.78178 17.351905 10
36.622087 0.77698 18.035215 6
36.344187 0.86178 18.906405 6
35.877887 0.46158 19.773195 5
35.132987 -0.25792 19.952995 9
34.278687 -0.62932 20.101035 10
33.754487 0.13958 19.737405 10
33.463787 0.55428 18.862875 4
32.571787 0.66078 19.027655 13
32.765487 0.57798 18.068545 1
33.553587 0.49708 17.611895 3
33.833487 -0.44442 17.592065 10
34.378087 -0.96142 18.199135 7
34.948287 -0.66072 17.511915 10
35.825987 -0.68942 17.128735 13
36.283887 -0.22532 16.413965 5
37.188687 -0.10342 16.029415 8
37.932787 -0.07042 15.346135 4
38.102687 -0.95202 14.923065 10
38.993287 -1.31782 14.749295 1
39.385387 -0.52752 15.214645 4
39.965587 -0.22322 14.507165 1
39.804287 0.75068 14.774935 1
39.955587 0.97288 15.682545 4
40.771887 0.57818 15.871425 11
40.220287 -0.23112 15.805055 14
39.592487 0.27478 16.431615 4
39.162487 0.55188 17.291035 10
38.759287 1.37318 17.590945 4
38.308187 0.81008 18.173345 6
39.017987 0.24478 18.549485 11
38.602087 -0.55062 18.276205 13
37.662987 -0.24222 18.238375 4
37.433487 0.24438 19.129505 6
37.039987 -0.00962 19.960445 13
37.175887 0.33178 20.811775 12
37.816187 0.63778 21.413505 10
37.985687 1.01768 22.250745 3
38.282787 1.95588 22.327465 10
38.591087 1.61348 21.499795 3
38.660987 2.11448 20.635235 10
39.351687 1.68498 20.113025 4
39.944287 0.97508 19.796075 5
40.280887 1.01538 18.949615 1
39.547987 1.44238 18.541575 1
40.136687 1.26958 17.805845 4
41.129087 1.16598 17.815745 5
41.656287 0.62418 18.347045 10
41.441287 0.22498 17.483805 4
41.823287 0.08048 16.611525 15
42.682887 0.37448 16.272175 10
42.722087 1.30898 16.106295 9
42.430587 2.06408 16.621575 5
42.920087 2.80968 16.124035 4
42.592787 3.08958 15.268175 4
41.761387 3.02178 14.875815 9
40.941587 3.61158 14.784535 13
40.500387 4.12238 14.1272 13
40.288187 4.90668 14.689165 6
41.202287 5.31018 14.681055 15
41.936187 4.99938 15.252255 1
42.406287 5.78648 15.611725 10
42.543687 5.77388 14.646425 10
42.513087 5.09718 13.991747 9
41.814987 4.39068 14.170776 13
42.415487 3.63238 14.151122 13
43.031887 2.79018 14.390525 4
42.696187 2.67088 13.522957 1
42.029587 2.36348 14.150063 3
41.206487 2.34508 13.674651 13
41.558087 1.48358 13.698531 10
42.354287 1.12758 14.011107 8
43.160987 1.32068 14.501135 4
43.305987 0.64198 15.103505 6
44.143887 0.25338 15.025585 11
44.607887 1.09918 15.067085 10
44.269387 1.96868 15.240575 4
43.913887 2.21248 14.354675 4
44.216387 2.29238 13.495421 8
44.111387 1.40508 13.317585 5
44.972587 0.96968 13.212931 4
45.655987 1.69118 13.106218 10
46.354787 1.86458 12.530084 7
47.174987 2.43238 12.50832 10
47.308787 2.28958 11.472295 4
46.537887 2.56638 10.857215 6
46.224187 1.57138 10.964815 13
45.650087 1.26868 11.619915 4
45.133287 0.39008 11.540765 10
46.123087 -0.05822 11.338745 1
45.905287 -0.90422 10.896775 1
46.746087 -1.10882 11.183065 10
46.351087 -1.24732 12.074085 10
45.677587 -0.64982 12.459325 6
45.019587 -1.29492 12.651303 12
45.034087 -1.22882 11.659025 1
44.452587 -1.24702 10.835725 1
44.371187 -0.73122 10.008015 1
44.858387 -0.01302 10.453985 10
44.186387 0.33208 9.860105 5
43.300787 -0.16392 9.765595 10
42.759387 0.50568 10.110575 15
41.971587 0.29858 9.689865 4
41.443887 1.11288 9.530755 3
40.569987 1.47568 9.204965 5
40.145887 0.76498 9.949055 15
39.473287 1.41888 10.227345 4
38.752687 1.16898 10.844735 14
38.799887 0.91098 11.808175 10
39.084887 1.82958 11.932745 13
38.667587 2.65698 12.183725 13
37.846987 3.04578 12.072825 4
36.951687 3.40478 12.093235 11
36.423687 3.77708 11.358865 4
36.431487 3.33968 10.472705 6
35.856187 3.91698 10.040375 1
35.570287 4.07318 9.133855 9
35.507787 5.05318 8.963685 4
36.427387 5.11398 9.187345 7
37.052287 5.56398 8.675495 1
36.689987 6.37818 8.936675 10
36.566087 7.32908 8.933625 4
36.160787 7.01778 9.759545 13
36.378587 7.79858 10.315195 10
36.537887 6.96488 10.698705 4
36.952187 6.65888 11.509545 10
36.865587 5.82628 11.064515 3
36.890287 5.07208 11.788585 9
37.317387 4.67548 12.600121 8
37.775487 3.77278 12.827284 11
38.532187 4.18068 13.272324 13
39.306687 4.81108 13.18782 13
38.418487 5.30868 13.081223 10
37.769287 4.97178 13.811574 7
37.340987 5.08908 14.633655 10
36.579587 5.63908 14.548915 5
37.342987 6.09218 14.157434 10
37.024787 6.92218 14.557695 9
36.575087 7.38988 15.316565 4
37.320587 6.88768 15.664305 8
38.141787 7.46948 15.616305 6
38.335687 6.66618 16.035255 4
38.853187 5.88138 15.816225 10
38.563087 5.60578 14.918595 1
38.423487 4.68808 15.054865 10
39.131587 4.27658 14.526675 13
39.374787 4.36408 15.455965 10
40.283887 4.27658 15.675785 3
40.940787 3.51948 15.955305 5
40.757087 2.63048 15.659905 4
40.591787 1.72158 16.159585 4
41.479887 1.60878 16.579525 5
41.702087 1.85228 15.697535 1
42.268087 1.35738 15.149335 4
41.910287 0.49198 15.249555 1
41.303887 0.49958 14.517075 1
40.516887 0.61138 14.091276 1
40.604987 0.65398 13.117725 10
39.842687 1.09778 12.737003 13
40.103587 1.94448 12.329376 13
40.194787 1.14358 11.723035 6
41.152187 1.21768 11.748995 4
41.032587 1.62028 12.580545 13
41.879487 1.96058 12.347959 10
42.253387 2.44268 11.587565 6
41.602587 1.98168 10.933905 7
40.605787 2.07988 10.837145 10
40.711787 2.87978 11.467075 13
41.082887 3.74368 11.621935 6
41.352787 4.54658 12.156745 4
41.192587 3.75368 12.687184 13
41.855887 3.01648 12.868347 13
42.664087 3.38108 12.460422 6
43.320087 3.43078 13.164724 4
43.815087 4.19508 13.012172 9
44.457387 4.22928 13.843505 4
44.004587 5.14398 14.146836 10
43.350487 4.45218 14.01945 9
43.309787 3.86818 14.790275 4
42.835087 4.59468 15.016875 10
42.205087 3.96828 15.292835 4
41.929887 3.60078 16.154975 5
42.559287 3.59228 16.859635 4
42.386287 4.50398 16.581465 4
43.136787 5.03088 16.154965 4
43.261387 6.02018 16.211695 10
43.317087 5.52108 17.051365 15
43.010087 6.31668 17.390685 12
43.365487 7.03028 16.774795 10
43.623187 7.83388 17.270495 11
44.283287 7.50468 16.517305 10
43.841887 7.10668 15.837435 10
43.287387 7.63158 15.210985 10
42.822687 8.39368 14.618125 11
42.749287 8.72208 15.530925 1
41.820487 8.39828 15.405585 1
42.178187 7.87908 16.135725 10
42.154187 8.03628 17.137375 7
42.316187 7.08958 17.015835 10
41.409987 6.86988 17.084425 1
40.770087 7.12688 16.356215 3
41.582687 6.84418 15.893405 10
41.322387 7.40678 15.136815 8
42.079587 6.83008 14.904855 10
42.320687 7.62308 14.365505 4
42.544887 8.13868 13.592307 5
42.381887 7.53768 12.883236 13
41.896487 8.32558 12.566065 13
41.385187 8.93038 12.038305 7
41.096787 9.75438 11.660625 1
41.548987 9.31248 11.042825 3
41.260787 8.51898 10.511935 4
40.622187 9.04618 9.885285 4
41.460287 8.78768 9.343235 7
41.290287 7.87488 9.670355 10
41.912187 7.78088 8.952375 4
42.345787 7.60888 8.094665 7
42.770287 7.09078 8.796885 7
43.148587 6.44188 9.392065 10
43.951587 5.83558 9.638965 1
44.055387 6.55808 10.235155 5
43.568887 5.87108 10.925775 1
43.111187 5.20928 11.435055 10
43.381487 4.70328 12.198405 9
42.479887 4.48548 12.058385 6
42.434187 5.36078 12.408121 9
42.035287 6.17738 12.603108 4
41.180687 6.28628 12.35731 12
41.050387 7.15608 12.046845 10
41.777987 7.42338 11.469415 13
42.559587 7.10508 11.095385 1
42.454387 7.47408 10.264485 4
42.959287 8.27658 10.147545 3
43.373187 8.40988 11.026275 13
43.819087 7.47298 11.145585 4
43.758087 7.97688 11.921635 13
43.213087 7.28088 12.273455 13
43.575987 6.39758 12.241545 11
44.494787 6.30108 12.165035 10
45.429987 6.09708 12.103005 4
45.400087 5.82288 13.054722 15
45.878287 5.91618 13.86222 15
45.678487 5.00628 14.179945 10
46.516187 4.90648 14.595825 4
45.986887 5.58258 15.146315 10
46.817887 5.23868 15.576225 11
47.564987 5.02348 16.149785 5
46.926787 5.38078 16.855475 1
46.381887 6.03618 16.286225 10
46.051587 5.07128 16.240085 10
45.304487 4.76818 15.723105 10
45.296187 3.88108 15.986545 4
45.938487 3.76148 15.261935 1
45.226187 4.18708 14.687815 1
44.638187 3.53718 15.021195 4
44.709187 2.65098 14.731995 4
45.399687 1.97968 14.555495 7
45.742087 2.55978 15.237445 4
46.587987 2.51368 14.775715 10
47.550787 2.49188 14.580785 3
48.149487 2.29028 15.237965 8
48.361587 2.57748 16.118515 1
47.522787 2.84978 16.571365 7
47.680587 3.74068 16.772715 7
46.891787 3.81658 17.360115 10
46.169387 3.79188 16.752175 6
45.572087 3.09918 16.608635 4
44.844587 2.63308 16.991705 4
45.393587 1.81588 16.730255 10
44.893787 1.25568 17.412035 6
44.333187 1.27218 16.621605 10
43.816487 2.04118 16.199425 4
43.368687 1.79538 17.010695 9
42.717987 1.26938 17.384625 5
42.890787 2.07978 17.918805 5
42.768487 2.17248 18.877385 10
42.233587 2.39108 19.632685 10
42.967987 2.97668 19.621295 4
42.919987 2.99858 20.523505 13
43.523187 2.63158 21.240015 7
44.076687 3.39928 20.879185 13
44.498987 2.55758 20.590805 1
43.914587 1.98098 20.074615 1
43.602187 1.35728 20.839605 1
44.512287 1.16238 20.634115 3
44.397587 1.58648 21.462095 1
44.663387 0.85668 22.101845 13
45.548487 1.03238 21.838335 9
45.705187 0.31948 21.257475 10
46.595787 -0.08222 20.901365 1
46.524387 -0.92242 20.450605 4
45.893987 -0.35182 20.058095 10
45.343987 0.47118 19.974975 11
44.940287 0.58658 19.099075 7
45.461587 1.35438 18.617715 11
46.310387 1.39918 19.020955 3
45.885387 2.23338 18.905845 11
45.694387 2.38778 17.984805 8
45.528687 3.37338 17.821425 4
45.070487 4.16518 18.032685 4
45.825387 4.57408 18.494475 13
45.199987 5.17888 17.939175 8
45.036187 5.40048 16.936065 10
44.476987 4.71618 16.577295 4
44.340587 5.39308 15.908605 10
44.171087 4.66048 15.386205 10
44.307387 3.89538 15.985655 4
43.859287 3.16068 16.463575 4
43.440787 3.03498 17.378255 1
42.962187 3.35848 18.188905 10
42.292687 2.92828 17.641595 5
41.898887 2.67048 18.446365 1
41.107787 2.80338 17.825645 5
40.555587 2.18358 18.494235 6
40.693887 2.92758 19.039865 7
41.195487 3.81748 18.832475 6
41.466787 4.73098 18.710755 4
41.782187 4.23328 17.960975 5
42.509387 4.67058 18.388085 10
43.375887 4.24898 18.413435 13
44.056887 3.80868 17.837225 4
44.321287 4.73728 17.621515 4
44.140087 5.59348 18.078015 9
44.761587 6.06088 17.591305 10
45.243687 6.73688 18.047655 15
45.511187 7.31608 17.358455 13
45.308887 6.83088 16.586225 10
44.854287 6.96398 15.796265 10
44.312487 6.24248 15.438435 10
45.092987 6.41448 15.013165 10
44.894587 6.44498 14.033469 15
44.117587 6.13828 14.413185 10
43.458487 6.22098 13.665401 9
43.437087 6.99708 14.205239 10
43.378087 7.58938 13.444739 13
44.289687 7.58628 13.739881 10
45.024487 7.86038 13.195572 15
45.770287 8.44488 13.325811 12
45.375987 9.23718 13.615882 4
45.095887 9.79348 14.302323 7
45.163187 10.73298 14.671735 7
44.360787 10.28248 14.890185 7
43.766087 9.58788 15.271105 3
43.919187 8.93438 15.976965 10
43.081187 9.16988 16.369645 10
42.325887 9.38408 16.965045 1
42.791887 9.47548 17.831595 1
42.547387 10.25638 18.338085 4
41.872187 9.64818 18.560765 7
41.345387 8.95578 19.021125 1
40.656587 9.29958 19.616305 12
40.680287 10.23128 19.390285 4
40.998987 10.72218 20.135915 7
41.095587 11.70358 20.219965 11
41.936387 11.95108 19.826635 4
42.008787 11.08478 19.447275 6
42.909487 11.12538 19.951265 10
43.621587 11.75288 20.232515 13
44.087387 12.57388 19.901205 11
43.982087 11.94948 19.199525 4
44.227087 11.05658 19.431795 13
44.643887 11.37378 18.589595 14
45.169087 11.54958 17.775545 1
45.077687 11.33868 16.762745 7
45.591087 10.71128 17.321935 9
46.442987 10.44848 16.973195 10
45.732187 10.39328 16.352885 7
46.031887 10.84258 15.476915 7
46.576187 11.60558 15.172955 10
47.076887 10.96908 14.612735 7
47.755687 10.42228 15.000355 14
48.029487 10.06548 14.140011 12
48.728287 9.59828 13.675406 12
49.099887 8.95228 14.303593 4
49.400487 8.05838 14.171016 7
48.958587 7.63028 13.411225 4
48.294387 8.27288 13.390187 12
47.998587 7.81268 14.190669 12
48.022087 7.01068 14.759745 10
48.634087 6.40188 15.123365 13
49.537487 6.17238 15.530855 10
50.257187 5.64528 15.019225 4
50.603687 6.34278 14.537985 1
51.078087 6.50758 15.408685 7
50.394487 6.62788 16.014975 1
50.050887 7.21948 16.689725 10
49.198287 7.66988 16.734465 1
48.798587 8.48918 17.129475 1
48.211387 8.84988 17.756105 10
48.904187 9.30318 18.256445 7
49.730487 9.07538 18.810455 3
50.648187 9.04198 18.439275 1
50.460587 9.75678 19.040695 10
51.315787 9.56328 19.444585 4
51.184387 9.62888 20.365015 7
50.721087 8.79358 20.013435 7
50.403987 8.22738 20.790855 10
51.152387 7.80258 20.263645 4
51.228487 7.26218 21.008285 14
50.514887 6.64358 20.650935 10
50.132887 6.20598 21.435265 10
49.844187 5.24148 21.379155 7
48.953987 4.94478 20.960165 11
48.942587 4.27538 20.213915 5
48.206187 4.88098 19.859615 12
47.664187 5.69408 19.713225 9
47.123087 6.48028 20.040475 4
47.214287 6.97388 19.268355 7
47.504487 6.30388 18.601425 1
47.198987 5.99978 17.742005 1
47.276687 6.55688 16.973705 11
47.004487 7.49028 17.196425 15
46.277187 7.21598 16.617065 10
46.352187 7.84888 15.841525 10
46.892787 8.09788 15.111115 14
46.901387 8.90188 15.686975 14
46.111487 9.30518 16.140675 7
46.549187 9.86118 15.388395 7
47.302887 9.56258 14.803225 13
46.844387 9.14168 14.056018 12
45.983787 9.21628 14.530285 7
45.953987 8.25048 14.567005 9
45.402887 7.67168 15.202705 10
45.372387 7.43478 14.269708 15
44.849787 8.21648 14.491085 10
44.785487 8.91138 15.111005 7
45.153187 8.95578 16.025935 10
44.754787 9.87078 16.251555 7
44.229987 9.52218 17.051985 1
44.029187 10.60718 16.983115 12
43.777187 10.05978 16.196815 1
43.573187 10.84648 15.656285 7
43.015287 11.38338 15.105255 7
42.021087 11.29698 15.579305 10
41.155187 11.37608 15.181475 1
41.231587 12.34198 15.110595 13
40.440287 12.87078 15.180825 10
40.028087 12.14988 15.716905 1
40.023287 12.34968 16.658885 1
39.799487 13.27938 16.959945 1
40.327687 14.11018 16.955885 4
39.586087 14.56608 17.359445 4
39.520187 15.53038 17.098145 12
40.027287 15.64108 16.262825 7
39.818387 15.86398 15.376165 11
40.607587 15.70088 14.922605 1
40.740087 16.54578 14.434625 4
41.456187 17.20518 14.657725 7
42.117187 16.74248 14.177409 10
42.471487 17.08358 14.978415 10
42.396987 18.02198 15.177265 7
41.938387 17.41648 15.870355 8
42.021887 16.45438 16.168585 4
42.741687 15.78488 15.916015 11
43.645787 15.92178 16.208315 12
43.429487 16.44228 15.462365 10
43.299687 17.38688 15.703805 6
43.828887 17.32818 16.589495 9
44.376087 17.74528 15.898245 11
44.860487 17.98868 15.026605 14
44.481087 17.64158 14.254747 13
44.280587 16.69888 14.252788 10
44.665287 16.71028 13.369022 10
44.514587 17.20828 12.537583 5
43.673487 16.85798 12.356507 10
43.899787 16.59698 11.491445 1
43.450987 16.19598 10.690245 7
42.828087 16.20408 10.008555 1
41.915987 16.53628 10.207725 7
41.436687 17.17568 10.736195 7
40.835887 17.70248 10.162145 15
40.185687 17.94788 9.468615 13
39.687487 17.30608 9.937785 7
39.226087 17.89748 10.589405 4
40.103387 17.66858 11.085945 6
40.290187 17.27918 11.936525 1
39.833787 16.94568 12.779206 4
40.717287 16.57268 12.704966 1
41.670787 16.70208 13.079824 7
42.151087 17.41768 12.590922 1
42.909587 17.94178 12.134825 1
42.955387 17.79668 13.065873 1
43.765987 17.35368 13.387272 16
43.034587 16.71308 13.356389 10
42.832487 15.81748 13.500611 10
41.916587 15.48888 13.62817 7
42.245487 15.69538 14.516175 10
42.150287 14.68078 14.693435 11
42.901887 14.05978 14.733705 7
42.967787 14.89568 15.263045 11
43.696887 14.56298 14.645405 7
43.712987 15.41708 14.13846 10
44.505987 15.13338 13.673924 10
44.362687 14.18868 13.919496 7
44.544987 14.07658 12.959819 1
45.240387 14.73498 12.618092 11
44.480487 15.21448 12.631348 10
43.802187 15.54358 12.150285 10
43.855287 14.73468 11.572345 14
44.062487 15.00198 10.596295 4
44.106687 14.99888 9.630915 10
45.050887 15.22658 9.265045 14
45.922287 14.86948 9.253265 7
46.646387 14.43618 9.742865 12
46.729187 15.40738 9.610265 4
46.622987 15.97678 10.396645 13
47.466287 16.15838 9.919775 7
48.206287 15.58188 10.211765 12
49.024187 15.41898 9.853065 7
48.763987 14.53818 10.115165 12
48.411187 14.18938 10.909495 1
47.920987 13.56418 10.352235 12
47.095387 13.88478 10.629155 12
46.443887 14.53158 11.063835 10
46.918087 14.84458 11.812385 9
47.820187 14.83298 12.177265 10
47.733887 15.71888 12.542644 1
47.464387 15.72678 13.482994 15
46.804987 16.28468 13.122381 1
45.879587 16.27888 13.298369 7
45.892787 15.32208 13.290096 1
46.477387 15.01268 14.154649 15
45.545487 15.30098 14.314386 1
45.598787 14.37638 14.581945 15
44.874587 13.79698 14.741825 7
44.743687 13.26308 13.992994 7
45.710587 13.39788 14.043223 15
45.430487 12.41048 13.989997 7
44.984987 11.53598 13.935231 7
44.848987 11.28608 13.068174 7
44.822387 11.27358 12.076765 10
45.321187 10.62908 11.361145 4
46.079287 10.25858 10.945735 10
46.337587 9.75428 10.189805 12
46.543787 9.24388 11.106835 1
46.864687 8.90308 10.221635 16
47.718987 9.07628 10.467895 7
47.906387 8.72508 11.344775 1
47.564087 8.77108 12.202035 12
47.309487 9.70798 12.394478 12
46.979987 10.23918 11.675995 7
47.174587 10.38208 10.787715 10
47.988787 10.87608 10.670675 1
48.844187 11.30928 10.528235 11
49.043787 10.36858 10.820455 7
49.698687 10.00038 11.437395 3
48.770887 9.73078 11.642105 1
48.505587 9.30138 12.533872 12
49.309787 8.92308 12.035165 1
49.872187 8.43098 11.434355 9
49.890987 9.23278 10.854625 4
49.213087 9.37778 10.129085 7
49.407387 9.63848 9.129075 7
50.148687 9.09848 9.208185 7
49.709987 8.37558 9.578945 1
50.401387 7.96458 10.137005 16
50.807487 7.10588 9.875855 10
51.206887 6.48878 10.544735 15
50.303387 6.09308 10.861945 7
50.775587 6.39558 11.848305 5
50.220687 6.90368 12.424665 12
50.458587 7.88848 12.444063 15
51.198987 7.27968 12.572734 7
51.906787 6.49198 12.558973 1
52.852587 6.51308 12.556211 1
52.636487 6.62718 11.661495 1
53.457187 6.81408 11.236825 1
54.258687 6.40138 10.802465 1
53.771487 5.62308 11.054785 7
53.796687 5.76278 10.091545 1
52.846387 5.75418 9.716555 7
51.959387 5.48758 9.918455 15
51.369487 4.90898 10.586095 10
50.652887 4.91538 11.236995 1
50.034287 4.08608 11.606755 4
50.243787 3.39598 12.238925 1
50.909687 3.50578 13.017113 1
50.724287 4.41608 13.186739 10
50.753887 5.27068 13.609912 10
50.042187 5.86418 13.292457 7
49.468887 5.52798 12.569499 15
48.973887 6.18008 13.172082 11
47.943187 6.19498 13.278576 12
47.817687 5.41108 12.675456 7
47.056087 6.01528 12.412789 7
46.666187 6.63008 13.025535 15
47.044987 6.77368 13.921483 12
46.481587 7.12938 14.651485 10
46.497087 7.56318 13.748742 11
47.215987 8.25458 13.577785 12
46.928087 7.92908 12.621392 12
46.058187 7.51168 12.335654 15
45.297387 8.17448 12.106035 9
44.991487 9.06458 12.512459 7
44.129787 8.70048 12.729522 13
43.527187 9.27678 13.168651 13
43.604187 9.76768 14.012015 7
42.844887 10.14448 14.401455 9
43.519787 10.80508 14.142611 7
43.997987 11.47658 13.662372 7
43.695887 11.12878 12.816393 16
43.501687 12.04048 13.064079 7
43.794587 11.98098 12.151955 13
44.179587 12.03768 11.312885 16
45.107987 12.23068 11.246315 16
45.125187 12.31248 12.179725 7
45.628387 12.82218 12.821492 7
45.817887 13.36298 12.019145 11
46.108487 12.53848 11.536525 16
45.713487 13.27928 10.983255 6
46.212387 13.33068 10.185745 12
45.373887 13.75158 10.023925 12
44.421187 13.59978 9.789465 7
44.181387 13.86628 10.728375 14
43.229287 14.09778 10.754675 4
42.589287 13.68438 11.395195 1
42.691787 12.83588 11.974385 10
41.811087 12.44308 11.855775 15
42.410687 12.07738 12.540096 1
42.422087 11.80888 13.443491 7
42.287187 12.26488 14.365965 16
42.825787 12.91818 14.715405 7
41.863687 13.17538 14.852625 11
41.344587 13.48998 15.694645 1
41.346487 14.27808 15.144065 11
41.009987 13.63948 14.510405 4
40.573887 14.22188 13.897069 7
40.337887 13.44678 13.187709 7
39.730087 12.87498 13.703549 5
39.277587 13.39788 13.064124 15
39.275487 12.46528 12.621052 7
38.466387 12.00388 12.697297 12
37.586787 12.37548 12.934316 4
37.381087 12.17498 12.051195 11
36.671687 12.62558 12.416719 7
35.942287 12.55518 11.881405 1
35.548487 11.92088 12.513532 12
36.084187 11.59498 13.178733 15
36.907687 11.57458 13.755267 16
36.667887 10.56868 13.750484 10
37.383787 10.25168 13.160314 7
37.848087 9.60998 12.481803 1
38.400087 9.35168 13.265629 1
39.133487 9.03668 13.768763 14
39.828687 8.49348 14.19424 16
40.605687 8.71858 13.615438 10
40.834387 9.37248 12.939912 15
39.990487 9.81568 13.131132 7
39.401587 9.77958 12.389981 9
40.017687 10.42478 12.139185 7
40.883587 10.82718 12.216855 10
41.934287 10.75368 12.066595 16
42.826387 10.63168 11.846155 1
42.848787 9.86618 11.254985 1
42.354687 9.13898 11.699075 13
43.304787 9.10358 11.860585 13
44.173787 9.33048 11.673765 12
44.398987 9.92078 12.406931 1
45.232087 10.27598 12.777812 7
45.631687 10.72338 13.528402 7
46.615287 10.93118 13.514034 7
47.029887 10.05328 13.283962 12
46.272787 9.95348 12.697075 16
46.623387 10.84768 12.427894 1
46.858087 11.72688 12.594088 7
47.706687 11.42078 12.812148 12
47.616487 12.34188 13.1221 10
47.017787 12.97358 13.507711 15
46.536187 12.16948 13.823442 7
46.845787 12.81058 14.478905 15
46.073187 12.44498 14.914185 7
46.378887 12.82038 15.777105 15
45.578087 13.40258 15.754655 7
45.814987 14.29378 15.813745 15
45.017587 14.54388 16.411015 9
44.353887 14.35618 15.761665 4
43.504387 13.93058 15.668825 11
44.282087 13.32778 15.651315 7
44.845187 12.91978 16.432725 6
44.000487 12.45728 16.385575 16
44.483887 11.96318 15.650345 7
45.346587 11.59198 15.207365 7
45.870887 11.81558 15.984215 9
46.094287 11.67688 16.926885 10
45.957487 12.56238 17.091035 16
45.735987 13.13828 17.859845 11
44.821787 13.44308 18.029605 16
44.355687 14.28218 18.276345 1
43.470287 14.03778 18.542155 7
42.589187 13.97628 18.062875 12
41.888487 14.35888 17.627445 7
42.222887 14.17578 16.671105 11
43.019087 13.68638 16.575375 11
43.350287 13.09758 17.322285 12
42.683287 12.61498 17.834215 13
42.391187 12.68848 18.766005 7
41.627287 13.31478 18.887555 1
41.673187 12.79828 18.033645 16
41.567187 12.72918 17.118995 14
41.652987 11.76578 17.066975 4
42.341887 11.23928 16.626255 10
42.848387 12.00818 16.283635 16
43.239987 12.80428 15.786005 1
43.817387 12.37928 15.094165 7
44.254087 12.39238 14.246799 7
43.692787 12.90438 13.616062 7
43.214787 13.84878 13.693056 12
42.546287 14.49178 13.43363 10
42.114087 14.78788 12.594134 5
41.721787 14.39248 11.846685 12
41.399287 15.05668 11.157535 16
41.688387 14.25478 10.679445 16
41.187587 13.89458 9.946635 1
40.932087 12.99638 9.861705 10
41.578387 13.27948 9.171195 1
42.031087 12.35118 9.056945 16
42.317187 12.36348 8.122545 15
41.504487 12.45858 7.511995 1
40.582187 12.24688 7.322945 1
40.961487 11.37048 7.364615 1
40.565387 10.50998 7.115925 7
41.334587 10.09848 6.813615 1
40.991287 9.66338 6.049795 7
40.157187 9.03798 6.173535 7
39.338587 8.57828 6.058465 15
39.048287 8.18058 6.842975 1
39.187387 8.57038 7.687675 12
38.815087 8.40308 8.618015 16
39.244587 7.61018 8.341545 12
39.055787 7.03638 7.586695 7
38.665287 6.20088 7.346995 15
38.274187 5.43898 6.833325 13
38.923787 5.02288 6.349245 7
38.565887 5.75098 5.821725 12
38.521587 5.70228 4.869745 15
38.358987 4.78948 5.279015 8
38.079687 4.78818 4.328345 7
38.698887 4.85028 3.581315 13
39.537087 4.65188 4.112305 13
39.610487 4.07088 3.351755 5
39.193687 3.70008 2.590465 12
38.750987 3.40838 1.804065 7
38.585087 4.36428 1.821765 11
39.299787 4.91838 1.580165 7
38.835287 4.93118 0.684665 12
39.064087 4.75508 -0.239535 16
39.598487 5.52168 -0.065635 7
40.363487 5.43348 0.527465 1
41.105187 5.82928 1.059865 7
41.758187 6.37298 1.411565 12
41.614187 7.17158 1.894165 11
41.215587 6.71448 2.639665 1
42.151987 6.93728 2.865865 11
42.998687 6.92758 2.464865 1
43.730387 6.70648 3.132165 9
44.422887 7.38708 2.998965 7
45.232287 7.93688 3.276665 11
45.840187 7.67218 3.912575 7
46.454287 8.35168 4.314885 16
47.237287 7.88698 4.605365 16
47.786887 7.86488 3.771305 5
47.770887 6.89298 3.898225 9
47.576887 6.06078 3.564495 10
48.580587 6.12678 3.485005 7
48.989587 6.38018 2.688365 4
48.476787 7.19118 3.068665 16
49.157587 7.90778 2.890865 7
50.114487 8.12408 2.966465 15
50.214187 9.04388 3.281765 7
50.749387 9.73358 3.756285 16
50.181187 10.58408 3.741885 7
49.603887 11.16288 4.341265 14
50.432187 11.08318 4.798125 1
49.726587 10.70178 5.229625 7
49.740687 11.10498 6.122325 10
49.193387 10.94928 6.840035 7
48.268287 10.73888 7.202755 7
48.048787 11.64468 7.060895 15
48.789687 12.20548 7.329675 7
48.937487 12.51848 6.452175 1
48.630287 12.89428 5.582415 1
47.818587 12.27248 5.738675 1
47.110587 11.63828 5.925705 12
46.983487 12.11888 6.766355 15
46.574387 12.76048 7.350335 15
47.341187 13.46818 7.442785 11
46.913987 13.70968 8.389195 12
46.861187 14.67358 8.166485 13
47.075087 15.63408 7.766365 1
48.005287 15.79118 8.041205 7
47.992987 15.94688 8.993775 13
48.317687 15.01098 9.265955 12
47.626987 14.45118 8.933305 12
48.200487 13.74048 9.131615 12
48.305187 12.89178 8.635105 16
49.037887 12.15938 8.431145 7
49.613587 12.80478 8.843295 7
49.447187 13.12698 9.752445 16
50.306187 13.01838 10.203045 11
50.519887 13.41338 9.337995 16
49.867087 14.11768 9.066905 6
49.429487 13.75528 8.262535 7
49.530587 14.41328 7.499365 4
50.356887 13.96018 7.511875 16
50.277687 13.15488 8.096045 11
49.615687 12.85408 7.481785 9
50.041787 11.94588 7.658275 7
50.901387 11.78758 7.985465 7
51.878087 11.43128 7.798345 12
52.491987 12.17878 8.120545 15
51.911787 12.26998 8.925125 15
50.977187 12.20528 9.031235 7
51.355087 12.02318 9.883125 11
52.095587 12.13408 10.559085 11
52.795387 12.42168 10.032355 15
53.433187 11.67678 10.150545 15
53.449487 10.77958 9.847385 8
52.710387 11.11998 9.291865 1
51.988587 10.76708 8.710735 7
52.077087 10.00538 8.095695 1
51.246287 9.93258 8.483735 7
51.147687 8.98378 8.681135 7
51.191787 8.05388 8.725325 1
50.943887 7.29598 8.233945 1
50.283087 6.63598 7.927065 1
49.951687 6.56398 7.038405 1
49.710287 7.43608 6.974345 11
49.239587 8.20568 7.425975 16
49.760887 8.69208 8.106945 1
49.244487 9.40298 7.719215 7
49.627287 10.20618 7.451115 7
49.850387 10.13708 6.519165 1
50.436787 9.60628 7.070325 16
50.954287 9.64738 6.296015 12
51.576487 9.74078 7.125765 11
50.984787 10.43178 7.360685 12
50.232187 10.89058 7.896205 7
49.722587 10.61778 8.683155 7
48.971487 11.04668 9.006825 7
48.527587 10.29238 9.355535 7
47.578887 10.53458 9.460455 14
47.069887 11.10348 8.863985 5
46.594887 11.97188 8.692795 15
46.457587 12.66648 9.342785 12
45.533287 12.81898 9.249955 16
44.963987 12.24548 8.654185 16
45.822387 12.55418 8.282015 15
45.913187 13.52318 8.043915 12
45.121687 13.74098 8.538425 12
44.347687 14.16068 8.199255 11
45.046987 14.73578 7.794785 16
45.132387 14.90878 6.820465 7
45.165587 14.06288 6.396425 11
44.425087 14.25708 5.884305 1
43.482887 13.85078 5.845725 12
43.149387 12.97748 5.765675 1
43.606787 12.30928 5.368285 1
44.444587 11.97988 5.060845 7
45.061987 11.74778 5.886005 13
44.910887 10.79938 5.874175 16
45.378287 10.47588 6.673885 1
46.207387 10.71658 7.135735 15
45.439987 10.80488 7.752145 8
46.027487 10.39758 8.377035 8
46.685487 10.02288 8.997205 5
47.575887 10.02748 8.619905 7
48.250387 9.27148 8.624205 7
47.621387 8.91388 7.974815 13
46.819087 9.21948 7.708315 1
47.108287 10.09698 7.420465 12
47.346187 10.96388 7.855535 15
48.123987 11.09008 8.397455 7
48.096687 11.68678 9.147265 16
47.540387 12.48028 9.140725 12
48.182987 12.86928 9.680805 12
48.786487 12.13398 9.738945 9
49.513987 11.56018 9.799645 7
50.399487 11.19368 9.800075 7
50.323887 12.00408 10.248135 11
50.241187 11.83348 11.253265 11
49.989087 11.09518 10.722535 7
50.699887 10.61618 11.158995 11
50.659787 10.34958 10.304215 15
50.546887 10.12128 9.316205 7
51.452987 10.46538 9.553495 7
51.652987 10.50268 10.490175 11
52.444187 10.91398 10.929195 15
52.249787 10.07038 11.337675 7
52.294687 9.15218 11.614975 1
52.339587 9.06178 12.513586 15
53.027187 9.48878 13.053377 7
52.671587 10.42458 13.2623 1
52.812287 11.32748 13.57778 1
53.418087 10.81608 14.117292 1
53.991387 11.46248 13.731063 7
53.369687 11.84328 14.344255 1
52.931187 11.78118 15.250915 12
52.602487 12.43818 15.828815 1
51.928787 12.90728 16.315585 1
51.237087 13.20848 15.604195 1
51.278187 13.68308 14.682545 16
50.931687 14.43228 14.268872 16
50.163487 13.93758 14.682195 16
49.370087 13.30728 14.851705 10
49.392487 13.56288 13.904589 16
48.622787 13.01308 13.755549 14
48.390787 13.75138 14.356255 16
47.755087 14.43558 14.322955 15
47.117287 14.45118 15.079105 15
47.692187 14.10648 15.758475 16
48.555587 13.71058 16.058045 5
48.018787 13.42808 16.817455 1
48.685087 13.27078 17.419165 1
49.615087 12.94218 17.763465 12
50.384687 12.93388 17.240595 15
49.849187 13.59528 16.812655 1
50.055287 14.17218 17.575225 16
51.004487 13.97498 17.703435 12
51.825487 13.60388 17.440565 15
52.637987 13.62788 16.867225 16
52.849087 13.58398 15.880325 12
52.572687 14.50848 15.593465 1
51.776087 14.98798 15.759275 13
51.810587 15.25518 14.832725 16
52.558887 15.74698 14.584175 11
52.567787 15.21078 13.770191 16
52.777987 15.33698 12.865191 8
52.121787 14.65068 13.032675 16
51.227187 14.28138 13.293635 16
50.842687 13.72998 12.5883 16
50.990187 12.94488 12.039135 11
51.276487 12.74008 12.919713 16
50.966187 11.87408 12.936009 11
51.682887 11.92788 13.651886 8
52.268387 12.70418 13.306373 7
51.765787 13.30388 13.826117 16
51.283287 12.63088 14.25889 16
50.451887 12.28038 14.409375 1
50.253987 11.32148 14.451405 1
49.536287 10.94538 14.977075 1
50.344987 10.76828 15.436715 16
50.841687 9.97518 15.174305 1
50.115887 9.86718 14.537755 1
50.686887 9.60758 13.772464 1
50.172587 10.42058 13.61586 1
50.809187 10.36988 12.911821 11
51.404987 11.08388 12.389566 1
51.072087 11.87148 11.879555 11
51.942187 12.06628 11.601685 11
52.390787 12.87448 11.823535 16
52.938487 12.52448 12.558826 7
53.857687 12.48428 12.760696 16
54.399987 12.80698 13.45693 15
54.023287 13.53878 13.972586 1
53.235287 12.90028 14.034483 12
52.700087 13.59558 13.655999 16
53.414887 14.01298 13.117867 12
53.108087 13.79738 12.229875 15
52.373087 14.35028 12.048985 16
51.674287 13.77078 11.654375 16
52.139387 13.35178 10.855015 5
51.498187 13.20328 10.197975 11
51.647587 14.11238 9.845805 5
52.121287 14.95928 9.856285 7
51.325887 15.36358 10.143495 12
51.291187 15.20168 11.101325 16
50.570887 14.69298 11.381575 16
49.714087 15.04348 11.204975 1
49.588787 15.69658 11.912115 16
49.245887 16.51058 11.516645 15
49.613487 17.32288 11.729615 1
49.387187 16.85118 12.527217 1
50.061087 16.16998 12.738994 16
49.329887 16.20828 13.343873 7
48.599387 15.68978 13.18659 16
48.547287 15.61528 14.214115 15
49.153487 14.79848 13.91112 16
48.388187 14.44048 13.412982 13
49.108887 14.20528 12.813489 16
48.756987 14.05098 11.992845 1
48.147187 13.39848 11.803275 15
47.463387 12.74138 12.041385 16
47.411587 12.34328 11.210535 12
48.303787 12.57018 10.993315 11
48.479387 11.73708 11.540485 1
49.449487 11.52938 11.754735 11
49.100087 11.85868 12.608231 16
49.055087 10.97588 12.957977 12
49.911487 11.50828 13.133054 11
50.233787 12.39038 13.424279 16
49.945587 13.22288 13.016166 16
49.095387 13.07938 12.584825 12
49.173787 12.92618 11.663395 11
50.096687 12.91488 11.332925 11
49.883987 13.70438 11.897845 1
50.178787 14.50868 12.317425 16
50.647087 15.12818 12.991787 16
50.262687 15.18528 13.855322 16
49.836787 15.07388 14.694615 15
49.486487 15.62718 15.305125 5
48.881087 16.37908 15.353725 12
48.660887 16.83378 16.126025 1
48.051987 16.97408 16.838825 5
47.240387 16.49678 16.949825 8
46.700787 15.87398 16.430405 1
46.996087 14.93498 16.505705 16
47.245287 15.42938 15.709685 15
46.692187 16.11658 15.178365 15
47.190887 16.69508 15.868625 7
46.879087 17.46008 16.312475 8
47.436587 17.99848 15.819215 8
47.289887 18.60288 15.100595 1
47.813787 19.34888 14.820205 1
48.621987 19.41298 15.349255 14
49.039787 19.32778 16.233125 12
49.429887 19.18648 17.186085 1
50.332387 19.17718 16.810395 13
50.537687 18.22198 16.881655 16
50.770087 17.14048 17.280595 1
50.141787 16.48408 17.540045 1
50.028987 16.77958 16.623585 1
50.195087 16.89998 15.698065 7
50.732887 16.12598 15.512955 9
50.731887 15.82058 14.584395 16
51.553387 16.20278 14.361455 16
51.958287 17.01118 14.582625 12
51.435487 17.39088 13.875281 1
50.566487 17.21448 13.353628 16
51.286087 17.32828 12.717326 11
50.991987 16.51058 12.437155 16
50.822087 16.98658 11.564715 5
51.661087 16.97648 11.035855 1
52.088187 16.47188 11.757605 7
51.988087 15.53208 11.844145 16
51.532087 15.66118 12.735966 16
52.072587 16.18478 13.384351 16
53.008587 16.39268 13.17145 15
52.848687 17.26498 12.749013 8
53.401187 17.47548 11.967685 16
53.444987 18.12748 11.326185 5
52.595587 17.85468 10.883135 16
52.622287 17.36968 10.031715 7
53.468887 17.14808 10.423305 1
54.276787 17.67128 10.254785 12
54.510187 16.71938 10.448255 16
54.088087 16.44168 11.338205 15
54.383987 15.61518 11.053965 16
55.033387 14.92698 11.004865 11
54.602187 14.81778 10.135725 1
54.505087 13.86958 10.114465 16
54.970287 13.39878 9.354355 12
54.792587 12.49478 9.148755 16
53.918487 12.86648 8.881455 15
53.042187 13.13968 9.062265 15
52.949887 14.06728 8.897765 11
53.801487 14.02848 9.358655 1
53.815887 14.86678 8.855325 1
53.834287 14.43538 7.947695 1
53.928087 15.26768 7.483605 16
52.986687 15.21538 7.242005 16
53.046287 14.18898 7.012465 5
52.727587 13.64248 6.305585 16
52.781487 13.33118 5.371725 1
52.225187 13.73938 4.695065 7
52.760087 13.31548 4.051555 1
52.937287 13.86188 3.231965 1
53.727187 14.11938 3.796675 16
53.286987 14.85918 3.295865 16
54.185787 14.75698 2.718165 1
54.016987 15.69308 2.478465 11
53.708887 16.27288 1.772765 7
53.813087 16.72538 0.955165 12
