-8.699173 -45.109374 16.81763 1
-9.203473 -44.720174 17.49343 1
-9.854273 -44.038074 17.20283 1
-10.285673 -44.853674 16.82553 14
-10.030073 -44.760574 15.88803 3
-10.193173 -43.816074 15.57643 2
-10.244173 -43.226974 16.28483 12
-9.402673 -43.191974 16.73613 4
-9.025773 -42.806374 15.90803 1
-9.028373 -42.118274 15.20673 1
-9.964373 -41.814374 14.90743 2
-10.398373 -40.886574 14.76073 16
-11.301473 -41.314974 15.01433 1
-12.148773 -40.862974 15.06503 1
-11.970273 -39.914874 14.93473 1
-12.010073 -40.244474 13.93803 11
-11.324373 -40.817974 14.15703 2
-10.976273 -40.311374 13.47303 14
-10.443273 -40.011774 14.19123 15
-10.505773 -39.552874 15.06973 8
-9.846473 -40.131274 15.51733 1
-9.284273 -40.767674 14.94853 2
-9.067173 -39.969274 14.37113 15
-8.764873 -39.445874 15.14093 9
-8.928673 -38.803774 15.93003 1
-9.600073 -38.050974 16.17363 5
-10.243073 -38.070774 16.85793 2
-10.367873 -37.297374 17.45463 9
-11.187773 -37.814674 17.57523 13
-11.634873 -37.569074 16.78763 8
-11.407873 -36.678674 16.67193 1
-10.659873 -36.230374 17.07953 2
-9.892173 -36.681974 16.67853 6
-8.938773 -36.658374 16.65213 14
-8.203273 -36.175574 16.22523 2
-8.267273 -35.222774 16.33403 6
-8.198373 -34.568074 15.53663 14
-7.546573 -34.654174 14.79743 2
-7.935173 -34.842774 13.94133 12
-7.979373 -35.709574 13.59143 8
-8.910873 -36.035374 13.18723 6
-9.016073 -36.515974 12.27223 2
-9.813473 -36.866474 11.90253 14
-9.666673 -37.160974 10.99463 14
-8.819273 -37.492374 11.45773 14
-7.947173 -37.798874 11.14493 3
-7.859273 -38.589874 10.66883 2
-6.978573 -38.489874 10.27453 2
-6.583373 -38.012974 9.59553 5
-5.967673 -38.699174 9.95703 1
-6.504373 -39.425474 10.39753 2
-7.215273 -39.370774 11.06823 2
-6.807873 -39.490174 11.89483 2
-6.996373 -38.626974 11.65043 1
-6.819573 -37.664974 12.04273 5
-7.708973 -37.749974 12.48493 2
-7.212273 -37.055574 12.93753 7
-7.362073 -36.930574 13.86923 2
-8.344073 -36.749574 13.77723 11
-9.154673 -37.142274 14.14273 5
-9.732473 -37.872474 14.23353 9
-10.452173 -38.368974 13.66723 15
-10.898273 -38.322774 14.58533 14
-11.744573 -38.005474 14.20753 1
-11.818073 -37.537174 13.34433 1
-10.980073 -37.009474 13.29523 8
-11.400473 -37.351174 12.43563 1
-10.615273 -37.849274 12.55723 14
-10.630473 -38.497174 11.83103 14
-11.462273 -38.144274 11.69333 14
-12.219173 -38.480574 12.23013 8
-12.905473 -38.522574 11.57203 2
-13.329873 -39.319174 11.16853 9
-14.037373 -38.845874 11.64493 1
-13.888973 -37.980374 11.04143 2
-14.049173 -37.275174 11.65073 2
-13.977473 -36.915274 12.57623 15
-14.660673 -36.859774 13.16523 14
-14.443173 -36.152774 13.79913 1
-14.983073 -35.446974 14.13053 2
-15.568073 -36.113474 14.57063 1
-16.245773 -35.802074 14.01883 2
-17.062373 -35.191374 14.16983 8
-17.187773 -35.514274 13.29433 2
-16.570673 -35.640574 12.50633 12
-17.202373 -36.380474 12.35453 14
-18.057773 -35.985874 12.24603 8
-18.534573 -36.377674 11.51163 11
-17.759373 -36.287574 10.94603 6
-17.202773 -35.472274 11.16533 10
-16.589273 -34.751274 10.85993 1
-15.646373 -35.081574 10.85193 2
-15.888173 -34.369974 11.59683 2
-15.904973 -33.410874 11.96653 14
-15.649873 -33.896874 12.75103 1
-14.871273 -34.360174 12.55193 1
-13.979973 -34.012974 12.60923 1
-13.793373 -34.889374 12.82713 1
-13.986973 -34.898974 11.82453 1
-13.792373 -34.834374 10.83423 1
-13.501573 -34.728274 9.88533 1
-13.605073 -35.652074 9.78323 1
-13.887073 -36.445174 10.29383 7
-12.956473 -36.958974 10.11333 3
-12.292373 -37.373474 10.81853 2
-11.416673 -37.723774 10.67803 14
-11.216373 -36.790374 10.68993 14
-10.321873 -36.492274 10.79623 14
-10.228873 -35.714674 10.28563 5
-9.902373 -35.449674 9.39913 5
-9.395073 -36.339874 9.30113 5
-9.390973 -37.171974 9.79523 14
-8.890573 -37.677274 9.18163 11
-8.185373 -37.977874 9.74913 14
-8.534573 -38.926274 9.69433 2
-9.165873 -39.110874 10.40733 14
-8.399173 -39.596674 10.75493 2
-7.645573 -40.202774 10.65403 2
-7.465973 -40.881174 11.33603 2
-6.989573 -41.555874 11.82703 14
-7.015473 -40.619274 12.19823 2
-7.470073 -40.444174 13.02823 15
-7.182473 -41.312674 12.92343 9
-8.066473 -41.535174 13.23623 1
-7.527973 -41.560174 14.09783 8
-7.681673 -41.209874 15.00743 2
-8.290973 -40.776374 14.40193 8
-9.042473 -41.254374 13.96493 15
-9.852673 -41.674274 13.58893 2
-9.997673 -42.404874 12.84863 6
-9.747373 -42.485474 11.91753 8
-9.110573 -41.980574 12.50873 1
-9.045073 -41.054374 12.80613 15
-8.544873 -40.863474 12.01633 2
-9.139473 -41.511974 11.45563 2
-9.039973 -42.278674 10.92483 8
-8.169573 -41.771374 10.90403 2
-7.840073 -42.460174 11.64343 12
-8.010973 -43.348774 11.26513 3
-8.575173 -44.109774 11.21093 8
-7.983773 -44.646274 11.68923 6
-7.620973 -44.244474 12.47983 2
-7.227173 -44.765174 13.16503 9
-6.655173 -44.036474 13.03853 2
-7.209173 -43.160874 12.98463 8
-7.083873 -43.438674 12.09823 14
-6.506273 -42.632374 12.03643 12
-5.717073 -42.164474 11.66343 14
-5.166173 -41.369074 11.81393 1
-5.542173 -40.949674 10.93153 2
-6.396573 -41.111574 10.43553 2
-6.774473 -40.325474 10.09883 2
-6.693573 -39.735574 9.33333 2
-7.152373 -38.885974 9.12103 1
-7.480373 -38.157574 8.56353 5
-6.828073 -37.937174 7.89713 1
-6.617073 -38.325174 7.05923 1
-6.998273 -37.720774 6.41023 5
-7.628473 -37.486974 7.20853 1
-8.017373 -36.641974 7.51033 6
-8.511473 -35.853474 7.80503 2
-8.598873 -36.371874 8.61393 1
-9.404073 -36.896974 8.24593 11
-10.183673 -37.296674 8.66243 5
-10.173673 -38.043074 9.31193 2
-10.013673 -38.639074 10.16003 14
-10.005673 -38.196574 11.00863 14
-9.183373 -38.664374 11.41413 14
-8.389473 -38.981874 11.91263 2
-8.604173 -38.348474 12.57583 6
-8.800773 -37.763174 13.32133 3
-8.719173 -38.351774 14.16083 14
-8.545573 -39.234074 13.70343 15
-8.207773 -39.542374 12.82753 2
-9.141473 -39.653074 12.87363 15
-9.575873 -39.195074 12.16563 14
-9.022473 -39.787774 11.60333 2
-9.715273 -40.418874 11.48453 2
-10.350173 -39.885274 11.96353 14
-10.226673 -39.722874 12.91593 15
-11.154473 -39.608874 12.68283 2
-11.235773 -39.430574 11.71583 14
-10.968973 -39.952374 10.96223 14
-11.436373 -40.532974 10.30163 9
-10.816473 -41.310374 10.17563 5
-10.359973 -42.076474 9.86693 8
-10.024173 -42.572274 10.65123 8
-9.645573 -43.196974 10.12133 8
-8.715773 -43.130674 10.13803 8
-7.874473 -42.779274 10.28333 1
-7.074373 -42.342774 10.63963 2
-6.338873 -42.599274 10.03963 9
-6.887373 -41.953674 9.52423 2
-6.521373 -42.518574 8.88023 1
-6.502473 -41.659074 8.37973 2
-5.831873 -41.003274 8.20193 2
-6.169573 -40.227474 7.80273 7
-6.948173 -39.611674 7.78423 2
-6.105473 -39.357174 8.25543 1
-5.830873 -40.111774 8.82133 2
-5.270773 -40.848374 9.06863 2
-5.380073 -41.348074 9.89063 2
-4.600073 -42.030074 9.80693 1
-4.162173 -42.888374 9.75873 3
-3.654373 -43.625674 10.22183 1
-2.979373 -42.935474 9.81193 14
-2.424273 -42.381474 9.21793 3
-1.767273 -42.678074 8.64023 4
-1.739173 -43.131574 9.44833 1
-1.539873 -42.324274 9.89213 2
-1.862273 -41.339074 9.99173 6
-2.670473 -40.943374 9.64523 1
-2.924173 -40.015874 9.79153 1
-3.711673 -40.501274 9.98943 12
-4.677073 -40.522774 10.02003 2
-4.877573 -39.618574 10.29333 2
-5.584373 -39.746974 10.92183 2
-5.642973 -40.086274 11.83123 2
-4.815773 -39.672774 12.17703 8
-4.007373 -39.806874 11.69333 8
-3.901773 -40.414274 12.52553 6
-3.080873 -40.420574 13.09083 14
-3.621873 -39.741874 13.60123 3
-3.278673 -39.095974 13.00723 14
-3.721773 -38.303774 12.68753 10
-4.466773 -38.365774 12.02273 2
-5.240373 -38.154774 11.54063 3
-4.961373 -37.342874 12.03053 1
-5.183673 -36.427274 12.05683 1
-4.522173 -35.720674 11.70823 1
-5.262073 -35.537974 11.05583 9
-6.042673 -35.248374 10.53213 7
-6.213873 -34.698974 11.34933 2
-6.154273 -33.918574 11.97553 3
-5.720573 -33.056274 11.96283 14
-6.367873 -32.461774 11.57613 2
-7.317173 -32.110174 11.61113 8
-7.779173 -32.718774 11.04603 14
-7.022473 -33.322774 11.03693 8
-7.458473 -33.993674 11.67433 1
-7.854373 -34.863874 11.41013 12
-7.928673 -34.950874 10.42613 15
-7.913573 -34.246374 9.83573 2
-8.651073 -33.922474 9.32553 3
-9.496973 -33.407474 9.29293 3
-10.312573 -33.731874 8.89963 2
-10.798273 -34.353074 8.39133 2
-10.956173 -34.666774 9.29793 1
-11.823673 -35.054974 9.32283 2
-11.168273 -35.731274 9.08703 5
-11.258873 -36.611874 8.77793 5
-12.265073 -36.560674 8.78873 14
-13.132173 -36.888074 8.97373 8
-13.093873 -37.244074 8.06073 11
-13.060473 -38.223174 7.87863 2
-13.357073 -38.917374 7.19713 1
-13.423473 -39.838974 7.00693 14
-13.057673 -39.364774 6.24433 1
-12.929873 -40.303374 6.04503 14
-12.523273 -40.518374 5.21713 4
-13.269273 -41.045374 4.92113 1
-13.726373 -41.346774 5.75243 2
-14.104873 -40.516574 6.22213 1
-15.021773 -40.582074 5.77053 3
-15.768673 -40.097774 6.13873 2
-15.977973 -41.032874 5.74223 1
-16.270173 -41.091774 6.66193 1
-15.957873 -40.620174 7.42623 2
-15.182973 -40.983674 7.04883 14
-14.702673 -41.442474 6.38283 14
-14.337273 -42.313474 6.55233 6
-14.706773 -42.808174 7.24173 9
-13.873773 -43.162274 7.49063 9
-13.562473 -43.000674 6.61983 6
-13.225773 -43.929474 6.84933 2
-13.913473 -44.389174 7.38443 9
-13.183673 -44.946774 7.17853 9
-12.331273 -44.700174 7.63303 2
-11.340973 -44.549374 7.62423 2
-11.872973 -44.005874 8.14233 2
-11.802173 -43.155174 7.76373 2
-12.477973 -42.532174 7.80313 6
-12.879773 -43.440974 7.79723 2
-13.698773 -43.726474 8.34953 9
-12.833973 -43.820274 8.75573 9
-12.163673 -43.223774 8.94813 3
-11.239473 -42.927474 8.67463 8
-10.383173 -42.566074 8.33213 2
-9.770073 -42.742174 9.04573 8
-9.929673 -43.579674 8.60723 3
-9.457273 -44.344374 8.29563 8
-8.788173 -44.905774 7.97333 14
-8.696573 -45.516274 8.74113 14
-8.970173 -44.769674 9.31793 8
-8.184373 -44.213774 9.59153 8
-7.808373 -43.566974 8.95963 2
-7.776173 -43.938974 8.11153 6
-7.405773 -43.462174 7.34433 6
-7.490573 -43.725974 6.33113 2
-8.410573 -43.450874 6.38763 8
-8.042373 -42.638874 6.74033 3
-7.100673 -42.642874 6.65223 2
-6.824173 -41.680574 6.49903 1
-7.407173 -40.962774 6.96913 12
-7.613373 -41.125174 7.87513 2
-7.866273 -40.229274 7.80383 2
-8.856473 -40.364974 7.83783 2
-9.232973 -39.638474 7.28903 10
-9.513873 -39.635074 6.40623 12
-8.955473 -38.984974 5.98753 2
-8.797873 -39.633874 5.32723 3
-8.678773 -40.268574 4.54343 3
-8.011473 -40.864574 4.23383 2
-7.882873 -41.048074 3.24373 3
-8.092173 -41.692574 2.51923 14
-10.008373 -41.602674 2.76573 1
-9.728773 -42.100274 3.47673 1
-9.895873 -42.187174 4.38943 8
-10.697873 -42.654774 4.21103 1
-10.743673 -43.567474 3.91193 1
-11.293973 -44.415374 4.00393 14
-12.173573 -44.659274 4.31783 8
-12.510373 -44.077474 4.99973 1
-13.322473 -44.577874 5.19923 3
-14.045673 -44.385474 5.73853 9
-13.998173 -45.318874 5.41273 2
-13.166373 -45.277774 5.89523 9
-12.436273 -44.799374 6.35773 2
-11.505773 -44.632174 6.39553 2
-10.947973 -43.978774 6.87013 2
-11.230273 -43.044274 6.92823 2
-10.719273 -42.795874 6.21603 1
-11.476773 -42.330374 6.02793 14
-12.494973 -42.216474 5.98873 3
-12.769773 -41.404974 6.53053 6
-12.116773 -40.853774 6.96063 2
-12.796373 -40.721574 7.61273 2
-13.699273 -41.022174 7.31373 7
-13.929273 -41.587674 8.06333 6
-14.081673 -40.587174 8.30733 1
-14.170873 -40.078674 9.12513 3
-14.731473 -39.597274 8.54963 6
-15.483773 -40.092974 8.92463 8
-15.115973 -39.660274 9.67683 1
-15.498973 -38.964374 9.14783 3
-14.580073 -38.811474 9.07003 9
-13.728073 -39.083474 9.49393 8
-12.826273 -39.342074 9.62083 14
-12.296273 -38.478774 9.53943 2
-11.546373 -38.382874 8.95733 9
-11.051873 -38.312674 9.81583 14
-11.350373 -39.202574 9.55943 8
-10.529673 -39.519274 9.94873 14
-10.192473 -40.346874 10.31463 3
-9.225273 -40.304074 10.05453 2
-8.300073 -40.226574 9.88553 2
-8.488673 -41.183874 9.77663 2
-9.028473 -41.643174 9.07783 12
-8.664173 -42.588974 8.94803 8
-7.844873 -42.121974 8.66003 3
-7.424273 -41.345874 9.04423 2
-7.403973 -40.518674 9.39853 2
-7.679973 -39.814174 8.81883 2
-8.503773 -39.531074 8.61153 10
-9.283173 -40.083074 8.85583 2
-10.057173 -39.672674 8.51233 3
-10.235673 -40.588074 8.21743 1
-10.959473 -40.824274 8.78013 1
-11.639273 -41.491374 9.04613 1
-12.257673 -42.197474 8.83523 2
-13.233973 -42.419374 8.57623 9
-13.139173 -41.981274 9.45993 1
-13.413473 -41.911174 10.35603 1
-13.487473 -42.889574 10.50943 9
-12.536473 -42.584474 10.57283 3
-11.545073 -42.988874 10.59633 8
-11.630973 -42.314374 11.27733 6
-10.923273 -42.864874 11.57593 3
-10.240473 -43.587274 11.80583 8
-9.944173 -44.371474 12.32633 6
-9.733673 -44.421174 11.39733 8
-9.815473 -45.305374 11.62283 6
-10.154573 -45.588374 10.74893 2
-10.149273 -45.864374 9.79313 12
-9.678673 -45.489874 9.02353 14
-10.692973 -45.590674 8.85763 2
-10.892973 -45.516474 7.87713 2
-10.548073 -44.710074 8.17903 2
-10.232373 -44.824774 7.30763 6
-9.828473 -43.830974 7.29123 2
-9.355573 -43.863874 6.48993 3
-8.885673 -44.240074 5.73093 8
-8.367573 -44.818074 6.29363 4
-7.528873 -44.767174 6.82003 3
-7.047173 -45.250774 5.96343 1
-6.336373 -45.401974 6.61293 1
-5.820673 -45.837474 7.29373 1
-6.423273 -45.386474 7.88993 2
-7.106873 -44.911974 8.40113 2
-7.615273 -45.773774 8.58433 14
-6.950373 -46.475974 8.75083 12
-7.137273 -47.318174 8.19733 14
-7.846573 -47.232674 7.56743 1
-7.433873 -46.471274 7.16753 2
-8.050773 -46.160974 6.51193 9
-8.963973 -45.931274 6.80523 14
-9.906873 -46.214874 6.99293 14
-10.454973 -45.679074 6.35603 3
-11.321773 -45.623474 6.00603 2
-11.484973 -46.428274 6.40463 2
-12.421073 -46.071774 6.37193 2
-13.220473 -45.936574 6.93323 9
-13.353573 -46.738374 7.40103 1
-12.408373 -46.487474 7.56563 6
-12.195073 -45.649474 8.01663 2
-13.114773 -45.828074 8.13483 9
-12.680873 -46.151174 9.02683 6
-12.793673 -45.236374 9.16133 9
-12.082573 -44.619274 9.55393 2
-11.347973 -44.075374 9.85223 8
-11.123673 -43.941574 8.93213 2
-10.621273 -44.673374 9.23153 2
-10.036373 -43.963374 9.49963 8
-10.265173 -44.617874 10.17043 8
-11.113673 -45.046774 10.22563 3
-11.529373 -45.660774 9.58293 2
-11.979073 -46.626174 9.49783 3
-11.602073 -46.164474 8.70353 2
-11.211973 -46.897174 8.22943 3
-10.269373 -46.916174 7.90793 1
-10.424673 -47.623374 8.61943 2
-9.684473 -47.883474 8.12863 1
-8.736373 -48.020074 7.97213 10
-8.740573 -47.619974 7.04773 8
-9.010773 -46.838474 7.56943 14
-8.742673 -46.630674 8.45463 14
-9.020673 -47.381574 9.13763 8
-8.462473 -47.469274 9.94493 3
-8.673173 -47.862374 10.83433 3
-7.862873 -48.380274 10.99833 6
-8.010873 -47.942674 11.80973 7
-8.599573 -48.347974 12.53913 2
-8.174473 -48.062574 13.32663 2
-9.124573 -47.759274 13.47633 3
-8.972873 -48.395474 14.21003 4
-9.625673 -48.001574 14.88563 14
-10.517673 -48.562274 15.02093 3
-10.548573 -47.611274 15.31023 6
-11.444673 -47.510474 15.79323 2
-11.751273 -48.330074 16.15273 10
-11.885373 -49.277874 16.43913 1
-12.621473 -49.113674 15.87163 3
-13.149673 -49.140374 15.05463 2
-13.229173 -48.192074 14.59683 1
-13.275873 -47.654674 13.76693 5
-14.076773 -47.131274 13.58013 5
-14.550073 -46.686874 12.85273 2
-15.162873 -45.967374 12.52243 7
-15.105773 -45.334774 11.81993 2
-15.247873 -44.843174 10.97233 3
-16.156573 -45.162374 11.42913 13
-16.361073 -44.543774 10.64323 3
-16.489473 -43.625274 10.47463 3
-15.957073 -42.813674 10.68473 6
-15.335873 -43.579674 10.73603 3
-14.538073 -44.105674 10.98413 14
-14.117573 -43.986374 10.05943 9
-13.229573 -44.101374 10.24603 9
-12.572773 -43.896374 10.93283 1
-12.460473 -44.089874 11.82343 1
-12.789573 -44.590274 12.62713 3
-12.030373 -44.989474 13.10703 8
-11.690173 -45.649474 12.54583 3
-11.323073 -46.571774 12.45493 8
-11.173573 -46.227574 11.53853 1
-11.593873 -46.636474 10.78573 10
-11.765973 -47.602074 11.14113 3
-12.190073 -48.276274 10.59473 9
-12.657673 -48.026374 11.37653 1
-13.232373 -48.721574 11.64443 14
-14.064173 -49.103074 11.50713 5
-14.166673 -48.457874 10.80413 13
-14.977173 -48.873174 10.64893 4
-15.703073 -49.461974 10.90083 3
-15.633073 -49.195974 11.82593 2
-16.246473 -48.513174 11.94583 3
-16.800173 -48.093374 12.64903 1
-16.467573 -48.929774 12.98023 10
-16.571673 -48.418274 13.74233 12
-17.036073 -48.282974 14.56493 3
-17.622673 -48.957974 14.32813 9
-18.217273 -49.586274 13.73183 3
-18.835873 -48.833774 13.47993 2
-19.541873 -48.390974 13.95513 9
-19.787473 -47.627574 13.39053 8
-20.115573 -46.904574 12.86613 10
-20.591573 -46.096474 12.66523 2
-20.628573 -45.146674 13.06783 6
-21.180373 -45.248774 12.26353 2
-21.778573 -44.558974 11.81573 1
-21.819573 -43.769974 12.45003 3
-21.900373 -43.161774 11.73213 1
-21.176473 -43.723774 11.30613 7
-20.397873 -43.892774 11.85533 3
-19.594073 -43.775874 11.30603 10
-18.701273 -43.450474 11.16193 3
-17.959073 -43.100174 11.68083 1
-17.776373 -44.040474 11.42933 1
-17.800773 -43.790974 10.48033 3
-17.440173 -43.350174 9.64963 3
-16.826273 -42.647074 10.01023 8
-16.695173 -42.857674 9.09883 6
-16.300873 -43.555474 9.51933 3
-16.304373 -44.394274 8.95953 3
-16.186873 -43.757074 8.25913 6
-15.466373 -42.958974 8.27793 9
-15.983173 -42.822374 7.52763 6
-15.687473 -42.408274 6.71123 13
-15.196973 -42.967374 6.16093 4
-15.936973 -43.474774 6.45133 6
-15.528573 -44.114474 7.04953 9
-14.839273 -44.770074 7.23943 9
-15.582873 -44.858174 7.90553 12
-16.378473 -45.370474 8.25683 3
-17.107173 -45.762674 7.75983 3
-17.650973 -45.585874 6.97103 5
-18.152973 -45.996374 6.33893 5
-19.068073 -46.291274 6.63483 5
-19.230673 -47.207174 6.93673 14
-18.338273 -47.543074 7.02743 14
-17.609673 -46.905474 6.81543 3
-17.510473 -46.668174 5.89643 5
-16.896173 -47.290674 5.61103 9
-15.975873 -47.036474 5.53593 8
-15.844673 -47.058574 6.51973 3
-15.655073 -46.098674 6.52903 10
-14.701773 -46.055174 6.78743 9
-15.303573 -45.993674 7.52873 10
-15.678973 -46.194274 8.42963 3
-16.278873 -46.022474 9.14173 3
-16.304373 -46.158974 10.12323 4
-16.296073 -45.264874 9.83133 3
-17.127273 -45.518874 10.20183 3
-17.950573 -45.389274 10.71123 1
-18.268773 -45.832474 11.50223 9
-18.736973 -45.386574 12.26883 4
-19.118873 -45.917774 13.03023 1
-19.279773 -44.910174 13.17693 1
-19.501373 -44.007574 12.89523 1
-19.034173 -43.179974 13.04623 1
-19.409573 -42.779474 13.87633 9
-19.808673 -42.202574 13.26973 3
-18.875773 -41.992174 13.12283 1
-18.770773 -41.133174 12.77043 1
-17.847573 -40.761974 12.89703 3
-17.048273 -40.163974 12.93883 13
-17.286673 -40.324474 12.02693 3
-17.658073 -40.283474 11.20643 6
-18.606173 -40.607274 11.10023 11
-19.001973 -41.414074 10.78773 3
-19.133873 -42.321574 10.25833 13
-19.743373 -42.813974 9.68533 6
-19.569373 -43.570674 9.12313 3
-18.668273 -43.537474 9.39633 10
-19.000873 -44.493274 9.50603 15
-18.062973 -44.650374 9.51853 3
-17.536373 -44.131674 8.91773 3
-17.234273 -44.167974 8.03343 6
-16.699473 -44.721974 7.44963 6
-16.912073 -44.846374 6.49593 5
-15.958073 -44.908574 6.33803 8
-15.006773 -44.751174 6.14203 9
-15.633673 -44.464674 5.35323 3
-15.624473 -44.152174 4.44023 8
-15.591773 -43.999474 3.46203 9
-16.345673 -44.494774 3.82673 1
-16.999273 -43.892674 4.12973 12
-17.659873 -43.802574 3.51063 3
-17.868673 -44.586774 4.01993 4
-17.995173 -45.578474 4.08693 5
-18.620073 -45.785574 3.33763 3
-19.162773 -45.420574 2.62783 9
-19.213373 -44.917874 3.41653 4
-19.662673 -44.996374 4.23623 3
-20.314273 -44.277374 4.37743 3
-19.430873 -43.820874 4.05043 1
-19.187973 -43.204874 4.79943 3
-18.663473 -43.883974 5.34233 1
-18.078573 -44.690474 5.12463 5
-17.279173 -45.054274 5.47403 5
-17.333673 -44.152074 5.77273 5
-17.612473 -43.413874 5.17393 3
-17.419173 -43.068274 6.07453 10
-17.167573 -42.638674 6.90963 6
-16.853073 -41.858974 7.52033 6
-17.018373 -41.835574 8.44713 1
-16.096773 -41.698774 8.51653 2
-15.725773 -42.115974 9.28073 3
-15.132073 -41.769174 9.96803 1
-14.514973 -42.510674 9.49803 9
-15.125273 -43.354574 9.57923 3
-14.508473 -43.686074 8.97063 9
-15.281073 -44.197874 8.70383 3
-14.499773 -44.725674 8.48973 9
-14.629073 -44.737174 9.42973 3
-15.088373 -45.370574 9.97473 3
-14.445673 -45.828374 10.49703 10
-13.840673 -45.466674 9.86713 13
-14.001973 -45.561574 8.72903 9
-14.760873 -46.042174 8.97783 3
-14.758173 -46.931074 8.52823 13
-13.988473 -47.484674 8.27293 9
-13.804473 -47.808474 7.39063 14
-13.803173 -47.737174 6.46283 3
-13.541273 -48.648974 6.74203 4
-14.112373 -48.626874 5.86083 9
-13.535073 -48.964374 5.19713 3
-13.436873 -49.701974 5.80443 4
-13.920173 -50.419674 5.44613 3
-14.700673 -50.041974 5.86843 1
-15.054773 -49.676174 6.66233 1
-15.813373 -49.559474 6.12713 8
-16.758973 -49.614974 6.38723 1
-17.185773 -49.457274 5.54763 3
-17.094773 -50.422774 5.61243 1
-16.617073 -51.075574 6.13943 6
-17.353873 -51.653474 6.37103 9
-17.343873 -51.562974 7.31513 1
-17.775573 -51.808774 8.07143 6
-18.487773 -52.077374 8.66373 5
-18.716673 -51.303974 8.13033 3
-18.345773 -50.484374 7.64043 9
-18.556873 -49.692374 8.14373 10
-18.000873 -49.130674 7.63153 6
-17.723573 -48.659074 6.76773 8
-18.474973 -48.389074 6.26693 1
-18.864373 -47.577974 5.93593 5
-19.669673 -47.592974 5.47573 3
-20.251373 -47.640374 4.72703 3
-19.469373 -47.041974 4.63023 3
-18.792673 -46.403374 4.38313 5
-17.911873 -46.604674 3.89333 11
-18.094673 -46.954474 4.77133 5
-18.621373 -47.348374 4.04983 3
-18.616073 -48.260974 3.64583 3
-17.778273 -47.908074 3.87283 14
-17.396973 -48.713074 4.34853 12
-18.197273 -48.538274 4.85083 3
-18.216473 -49.227374 5.55973 4
-18.669373 -49.652874 6.28613 1
-19.506673 -49.109974 5.95743 3
-19.540773 -49.974474 5.53113 9
-19.489473 -49.162774 4.94733 3
-18.930273 -49.675474 4.29183 15
-19.791373 -50.090174 4.34313 3
-20.062073 -50.781974 3.71523 8
-19.478973 -50.396874 2.98883 3
-19.574173 -50.464974 2.03713 10
-19.634273 -49.975974 1.20483 1
-20.006373 -49.310274 0.51193 3
-20.784073 -49.707674 0.95173 4
-21.215473 -48.908574 1.16793 9
-22.102673 -48.684674 1.29933 9
-22.943873 -48.575774 0.91023 3
-23.014673 -48.790274 1.84743 6
-22.752673 -48.258774 2.57073 13
-23.705373 -48.389574 2.62223 6
-24.220573 -49.047574 3.10763 6
-24.537073 -49.680574 3.70933 3
-23.611573 -49.558174 3.85263 6
-23.702273 -49.929574 4.82003 3
-22.903173 -50.364474 4.97413 9
-22.331473 -50.679874 5.67973 5
-22.213073 -50.085474 6.37183 6
-21.859673 -49.345874 5.84253 3
-21.399273 -48.457274 5.83763 3
-20.909773 -49.386974 6.05683 1
-20.585373 -49.720874 6.85373 3
-21.242273 -50.469774 6.86473 1
-21.294473 -51.387274 7.10243 9
-20.441373 -51.512274 7.54163 10
-19.590673 -51.775874 7.59953 13
-18.734773 -52.228774 7.47843 1
-18.441373 -53.013774 7.02783 5
-18.782973 -52.455774 6.17763 1
-18.246473 -51.984774 5.46373 9
-18.265373 -51.501974 4.63513 1
-19.245473 -51.716974 4.52563 3
-20.098173 -51.993674 4.93333 5
-20.335873 -51.210574 5.42713 6
-21.269573 -51.083774 5.47273 5
-21.077973 -50.099574 5.28083 8
-20.943273 -49.227374 4.87813 3
-20.568273 -49.427374 4.01513 15
-20.267673 -48.583074 4.32093 3
-19.594273 -48.992774 3.84603 3
-19.623573 -49.348674 2.91643 4
-19.300273 -49.140074 2.07143 9
-18.533573 -48.932574 2.66373 8
-19.318573 -48.392474 2.79563 3
-18.998473 -47.432774 2.84533 3
-19.476973 -47.233274 2.01703 4
-18.911473 -47.739974 1.48733 8
-18.828673 -47.827874 0.47723 6
-19.310973 -48.045374 -0.30867 13
-19.996873 -48.646974 -0.44997 3
-20.611773 -47.918474 -0.15847 9
-20.495473 -48.191974 0.78203 9
-20.793273 -47.280074 0.78493 9
-20.078873 -46.975574 0.18663 14
-19.956273 -46.787474 1.12583 13
-20.697373 -47.069874 1.77573 4
-20.635673 -47.805774 2.34703 9
-20.287873 -47.078574 3.02253 3
-20.311573 -46.930874 3.98683 3
-20.747973 -47.767374 3.77433 3
-20.504673 -48.513774 3.25833 1
-20.619973 -49.265774 2.72423 5
-21.353073 -48.864474 2.17633 9
-22.054173 -49.431874 2.51463 6
-21.981373 -49.617074 3.48253 15
-21.838573 -48.669774 3.80493 3
-22.766273 -48.991674 3.93433 6
-22.344773 -49.632974 4.49843 1
-22.231973 -48.701074 4.80623 3
-23.187873 -48.501074 4.79393 6
-23.532773 -48.796374 5.65853 3
-24.324773 -49.359274 5.59233 1
-24.717673 -50.209274 5.97163 10
-23.922273 -50.663774 5.70973 3
-23.242173 -51.375974 5.95433 1
-23.670673 -52.147474 5.53663 6
-24.331473 -52.837974 4.98883 3
-24.990673 -52.270874 5.40033 10
-24.954673 -51.819774 6.25553 9
-25.874673 -51.752274 6.63993 10
-25.324473 -51.041674 7.02683 8
-25.788773 -50.400174 6.51833 5
-26.247773 -49.625374 6.22353 13
-25.473973 -49.311474 5.64233 3
-25.003373 -48.905474 4.90063 11
-24.712173 -48.210574 4.29233 6
-24.770973 -47.430874 4.92913 5
-23.862773 -47.754074 4.85503 9
-24.264873 -47.259774 4.12343 6
-23.593773 -46.791874 4.61913 5
-23.031973 -47.345774 5.30333 3
-22.323873 -47.698774 4.76073 3
-21.711373 -47.573674 5.45793 3
-20.793773 -47.558174 5.55703 3
-20.199073 -47.641874 6.31243 4
-20.569373 -48.448474 6.66973 3
-20.601373 -48.891574 7.50773 1
-19.713073 -49.075774 8.08973 9
-20.243373 -49.893674 7.99383 1
-21.161873 -50.255674 7.95773 1
-21.348373 -49.314074 8.02793 3
-22.271973 -49.110874 7.96113 9
-22.140073 -49.875674 7.45843 3
-22.804773 -50.619674 7.43123 8
-22.696673 -51.386974 6.81143 3
-23.580673 -50.942374 6.77193 1
-24.152973 -50.304874 7.18243 1
-24.048973 -49.999774 8.09563 4
-23.868673 -49.172374 7.63343 6
-24.469773 -48.648174 7.14073 6
-25.395473 -48.715874 7.26363 3
-25.242973 -48.091974 6.50503 10
-24.768673 -47.238774 6.64343 9
-24.068973 -47.505674 5.93223 5
-23.422373 -48.003174 6.40703 3
-23.166073 -48.154674 7.30783 9
-22.651673 -48.820974 6.77373 3
-22.193273 -48.047274 6.81073 3
-22.474473 -47.114374 7.12383 15
-22.362473 -47.178274 6.15493 3
-23.292373 -46.835274 6.39983 9
-24.099773 -46.386474 6.53173 5
-23.499573 -46.144174 7.23073 9
-23.109373 -45.743274 6.50493 10
-22.180773 -45.770274 6.09483 3
-21.664673 -46.457474 6.58503 6
-21.244973 -46.677674 5.71013 3
-20.516973 -46.614974 6.26753 3
-19.789473 -46.044074 6.03063 6
-18.909073 -45.411274 5.80213 5
-19.189773 -45.652674 4.89073 5
-19.851373 -46.006474 4.29183 3
-20.322373 -46.022474 3.43473 3
-20.511673 -45.496774 2.61173 1
-20.916173 -45.346074 1.63803 13
-21.877773 -44.906474 1.83873 13
-21.485373 -44.097874 2.27383 1
-21.524673 -44.624574 3.03443 6
-21.207973 -45.536174 3.29873 3
-21.830173 -45.120374 4.02823 3
-21.343973 -44.249274 4.10203 4
-21.909373 -43.494574 4.33003 9
-21.905073 -44.196674 4.97283 12
-21.171273 -44.855974 5.21063 3
-21.788573 -44.818574 5.99223 3
-22.529873 -44.283574 6.17553 6
-22.819273 -43.672574 6.92723 13
-22.178473 -44.252074 7.29963 14
-22.640473 -44.358274 8.14203 4
-22.663673 -45.089574 8.82693 3
-21.632373 -44.972674 8.88683 11
-21.589573 -44.200374 8.27023 8
-21.147173 -44.261474 7.44223 4
-20.847473 -45.125374 7.04963 3
-21.690473 -45.549574 7.18733 3
-22.029073 -46.109374 7.81343 6
-22.567273 -46.502474 8.52713 1
-23.261273 -47.084074 8.27053 9
-23.097373 -47.705074 8.95853 1
-23.376173 -48.589974 8.55993 1
-24.063173 -47.977874 8.29543 9
-24.652873 -47.063774 8.12563 9
-25.248873 -46.798974 8.85243 6
-25.798273 -47.600174 8.54093 4
-26.238873 -46.750374 8.37883 6
-25.727273 -46.097074 7.97263 1
-25.222273 -45.415674 7.40053 10
-26.069973 -45.043574 7.05333 3
-25.485973 -45.381374 6.36683 15
-25.645073 -44.872974 5.53883 1
-25.029173 -45.621474 5.36623 5
-24.371273 -45.227274 5.97103 9
-23.982573 -45.475174 5.14773 5
-23.172173 -45.913174 5.25203 3
-22.789773 -45.950574 4.32103 3
-23.690773 -45.535874 4.17343 5
-22.966373 -45.030474 3.73473 3
-22.945873 -44.189774 3.23023 8
-22.621973 -44.330174 2.36273 8
-22.835373 -44.586474 1.44393 3
-22.225673 -44.399174 0.77093 13
-22.275673 -44.516674 -0.24987 10
-22.676273 -45.170574 -0.76627 1
-21.858373 -45.747674 -0.65837 9
-21.129073 -45.936274 -0.08397 13
-21.283973 -46.889774 0.03413 3
-22.052773 -46.278174 0.38563 13
-21.846873 -46.978774 1.05363 9
-22.419973 -47.665574 1.21313 9
-23.265073 -47.276174 1.70703 6
-23.111873 -46.385274 1.64243 10
-22.632473 -45.775074 2.29833 3
-21.953673 -46.004274 1.64253 13
-21.617173 -46.233774 2.47333 3
-21.642273 -47.213474 2.35773 9
-21.715973 -48.016974 2.89143 11
-21.789073 -47.712374 3.79213 3
-22.301273 -47.181374 3.11683 3
-23.121473 -46.471074 3.29423 4
-23.514773 -47.352574 3.19253 6
-22.886873 -47.427774 3.93893 6
-22.255773 -46.775674 4.07933 3
-21.652173 -46.075074 4.25243 3
-21.155473 -45.976874 5.09173 3
-20.268573 -45.519174 5.29343 3
-20.031273 -44.902974 6.08853 6
-19.149073 -44.515774 6.25583 5
-19.381373 -43.602774 6.31863 8
-18.690073 -43.098374 6.93993 6
-18.392073 -42.782474 7.81203 15
-17.851473 -43.541274 7.43943 6
-18.601573 -44.161574 7.12443 5
-17.799173 -44.626974 7.24673 5
-17.841473 -45.124974 8.09523 3
-18.254873 -45.989874 8.22673 1
-17.542673 -46.163074 8.76443 3
-18.215473 -46.847674 8.92333 1
-18.463773 -46.941374 9.88293 3
-19.402973 -46.977874 9.75203 4
-19.562973 -47.763974 9.24883 1
-19.732373 -47.936074 8.26313 1
-20.427773 -47.830474 7.55733 1
-21.136873 -47.167774 7.65303 3
-21.370473 -48.107974 7.43863 3
-21.015473 -47.906474 8.32783 1
-21.539773 -47.373974 8.92083 1
-21.066173 -46.892674 9.67223 10
-21.410173 -47.109274 10.48783 10
-22.037273 -47.288174 11.25343 4
-22.753973 -46.617974 11.15773 4
-23.216673 -46.259874 10.38603 10
-23.700773 -47.070274 10.41143 5
-24.025973 -47.230974 11.32003 12
-24.575073 -47.752674 11.88583 9
-25.167473 -48.150774 12.54833 5
-26.028373 -47.819374 12.20053 9
-26.533473 -48.497174 11.81433 3
-25.998973 -48.961674 11.16213 3
-25.964873 -49.886374 10.97023 14
-25.923773 -50.874874 10.61023 11
-25.532673 -51.706074 10.36623 6
-24.989973 -51.825174 9.53453 9
-25.007273 -52.506874 8.85103 3
-25.914073 -52.586674 8.44843 13
-26.386973 -52.925474 7.64323 4
-27.291973 -53.087874 7.56553 8
-27.557973 -52.644274 6.76153 10
-27.263273 -51.866674 7.27863 6
-26.987273 -51.744174 6.29143 10
-26.952173 -50.791874 6.41453 3
-26.611873 -50.827974 5.55633 10
-27.093373 -50.015974 5.68953 4
-27.575273 -49.627074 4.99703 9
-27.743573 -49.404074 4.01373 10
-27.534173 -49.355374 3.06783 13
-26.651773 -49.012174 2.97703 13
-25.813273 -49.324574 3.15033 1
-25.589473 -48.376074 3.04693 6
-26.442273 -48.064874 2.91473 13
-26.403273 -47.239374 3.35723 6
-27.306673 -47.359874 3.05143 13
-27.571473 -46.601174 2.61943 4
-27.910873 -45.947574 2.01963 10
-27.531973 -45.285474 1.42753 4
-28.033273 -44.699474 2.06383 1
-27.050873 -44.708474 2.20393 4
-27.519073 -44.072774 2.67323 3
-27.601373 -43.986874 3.66743 1
-28.088273 -44.426974 4.35603 4
-27.362473 -44.952674 4.83593 13
-26.674773 -44.354474 4.65413 3
-25.658473 -44.455374 4.60273 5
-24.782873 -44.104674 4.57503 5
-24.153473 -44.068074 3.81593 10
-24.075273 -43.334374 3.16173 8
-24.587473 -42.765574 3.78643 4
-24.584273 -41.929974 3.25503 11
-25.111373 -41.528274 3.93303 11
-25.079873 -41.716674 4.90543 3
-25.317673 -41.570974 5.78953 4
-26.104773 -41.897774 5.33273 10
-26.958773 -41.921174 4.80483 9
-27.070373 -42.725374 4.21773 10
-26.701573 -42.644774 3.35773 11
-25.760473 -43.133174 3.16293 10
-26.442973 -43.640174 2.80093 4
-26.270573 -44.131974 3.65413 6
-25.954173 -44.643274 2.78513 4
-25.773373 -45.199674 3.53733 1
-25.759673 -45.869974 4.33373 5
-25.961673 -46.833074 4.38393 6
-25.415473 -46.703274 5.14353 5
-26.129873 -46.135774 5.15443 4
-26.883973 -46.719774 5.20503 10
-26.810273 -47.407774 5.87843 1
-26.915873 -48.343974 5.59443 3
-26.911973 -48.479174 4.61933 13
-26.262573 -48.240674 3.83653 6
-26.552973 -49.134474 3.87093 13
-26.236573 -49.481374 4.77813 1
-26.131773 -50.294574 4.21303 13
-26.069773 -51.141274 4.56173 10
-25.141973 -51.322874 4.76893 10
-24.244673 -51.502974 4.78623 9
-23.243273 -51.294474 4.69353 1
-22.987373 -52.150874 4.31353 8
-22.694773 -52.447474 3.41893 15
-22.104873 -51.701174 3.26063 6
-21.421773 -52.364374 3.41673 4
-21.888773 -52.652774 2.61743 10
-22.642173 -53.099374 2.18843 13
-22.743373 -52.487074 1.48573 9
-22.782873 -53.338374 0.99273 4
-22.954273 -54.272374 1.29553 3
-23.844973 -53.956374 1.23293 4
-24.303373 -53.649974 2.09323 12
-24.951273 -53.645274 1.31523 1
-25.428773 -52.879174 1.38803 4
-25.542073 -52.736974 0.41883 1
-26.362873 -53.184174 0.68733 4
-26.223173 -53.700374 1.47243 4
-25.617673 -54.240374 0.87933 13
-25.242073 -55.090574 1.29813 11
-24.836973 -55.692274 0.67653 3
-24.219273 -55.994174 1.38443 13
-24.433573 -56.011674 2.32653 5
-24.268873 -55.124974 2.73813 4
-24.729773 -54.455974 3.18683 13
-25.321373 -54.063574 3.80893 3
-25.237173 -53.239274 4.37883 10
-24.891273 -53.842074 5.00573 2
-25.072573 -53.339974 5.86103 15
-25.794973 -53.061874 5.33703 10
-26.645973 -52.764874 5.12723 10
-27.457773 -52.549574 5.72463 10
-28.015473 -53.292374 5.91203 6
-28.779073 -53.328374 6.53073 1
-29.625773 -53.094374 6.93873 9
-29.924473 -52.212174 6.70823 1
-30.310973 -52.343374 7.57103 1
-31.187773 -52.620174 7.31393 1
-31.040273 -52.102774 6.55253 10
-31.168473 -51.170874 6.59033 3
-31.889473 -50.596674 6.92373 4
-32.578873 -50.302074 7.54703 1
-32.642273 -49.427974 7.13033 4
-32.509373 -48.768274 7.83343 6
-32.679473 -47.783174 7.72533 1
-33.603373 -47.495874 7.38333 3
-32.975673 -46.815574 7.21103 13
-33.306673 -47.217774 6.28243 10
-33.265773 -46.437574 5.74263 5
-32.455873 -45.956774 6.09483 8
-31.608173 -45.979074 6.52213 10
-31.243973 -46.549874 5.77153 11
-31.186073 -47.120974 5.00813 4
-31.520373 -46.435374 4.38543 10
-31.395073 -46.412174 3.43513 1
-30.558273 -46.404174 2.98473 5
-30.199573 -47.166174 3.59683 4
-29.750973 -47.850574 3.19843 13
-29.089873 -48.395974 3.81093 8
-28.399873 -48.821574 3.26183 13
-28.279673 -47.857874 3.25933 13
-28.680573 -47.072774 3.68243 4
-29.379473 -46.772074 4.34313 9
-28.704173 -46.688274 5.06813 11
-28.107473 -47.358774 5.55853 1
-28.117373 -47.275574 6.47473 5
-28.309573 -47.964174 7.11833 3
-27.849573 -48.675974 6.79983 15
-28.052873 -49.417674 7.33533 4
-28.016773 -50.195974 7.85123 11
-28.957373 -50.394774 7.93333 6
-29.307773 -50.894574 7.16673 4
-28.412373 -51.175274 6.98593 4
-28.615473 -50.784874 6.16253 6
-27.774173 -51.187574 5.78563 10
-28.236073 -51.980174 5.48863 10
-29.180773 -51.630574 5.39583 4
-30.070173 -52.180074 5.23393 6
-29.979173 -51.930274 4.35313 9
-30.232973 -51.037074 3.92503 5
-29.309873 -50.602474 3.83263 13
-28.871473 -51.382774 3.99983 8
-28.110373 -51.370774 4.59143 10
-27.405773 -51.500374 4.01613 10
-27.556873 -51.202174 3.13013 4
-27.602073 -50.428974 3.71353 13
-28.350673 -50.251974 4.27033 12
-29.016873 -49.584174 4.29393 13
-29.895473 -49.299274 4.63333 3
-30.405473 -49.911174 4.02723 1
-31.041773 -50.459974 4.46033 4
-31.831273 -50.876074 4.09003 3
-32.585873 -50.983674 3.47853 1
-33.427473 -51.395074 3.62553 15
-34.019273 -51.645574 2.88673 3
-34.659273 -51.497374 3.61443 1
-35.171373 -51.173374 2.90113 10
-35.434073 -52.002674 3.20993 4
-35.775773 -52.567374 3.89703 1
-34.873973 -53.018774 3.94143 4
-34.957773 -53.978774 3.84303 1
-34.950373 -54.958474 3.61883 10
-34.171773 -55.289174 3.13853 1
-33.362173 -55.082674 2.63773 4
-33.072373 -55.711874 1.98993 1
-32.116973 -55.597374 1.85493 4
-31.607973 -55.313174 2.69263 6
-32.061873 -55.989774 3.26353 11
-31.245473 -56.411774 2.92713 10
-31.753373 -57.261774 2.84853 13
-31.295273 -57.704774 2.08063 11
-30.693473 -58.010774 1.33413 13
-30.290073 -57.553474 2.15203 4
-29.430973 -57.549474 2.58573 10
-28.620373 -57.915374 2.10713 9
-28.591873 -57.126574 1.43973 5
-28.971773 -56.392574 1.93903 6
-29.870473 -56.079374 2.24913 10
-30.481673 -55.346474 1.99413 3
-29.660873 -55.027174 2.45353 1
-29.397573 -54.174174 2.07083 6
-29.370673 -53.319774 1.52793 4
-29.258973 -52.391174 1.83683 4
-29.779673 -52.899574 2.46123 8
-30.346973 -52.297574 2.99953 8
-31.153873 -52.808574 3.06003 10
-31.313273 -51.928974 2.70543 3
-31.280873 -52.521274 1.92753 10
-31.062673 -52.475974 0.95403 6
-30.129773 -52.658274 1.17713 4
-30.232373 -51.735774 1.19963 10
-29.388173 -51.249374 1.03183 4
-29.447273 -50.532374 1.62663 12
-28.684273 -50.198574 2.21473 13
-29.379273 -50.552874 2.76293 13
-30.055273 -49.826374 3.03513 5
-30.096973 -48.895174 2.80093 4
-29.315473 -49.389874 2.34143 13
-29.168073 -48.876974 1.54293 13
-29.508973 -48.015174 1.31943 1
-30.475873 -48.047274 1.33783 10
-31.252773 -48.112774 0.69963 1
-31.766873 -48.927974 0.56543 10
-32.151173 -48.427974 -0.20087 9
-31.524473 -48.935174 -0.73127 1
-30.712973 -49.342674 -1.07687 1
-29.802573 -49.156674 -0.60207 3
-29.644873 -49.684074 0.22033 4
-30.062073 -50.474874 -0.19167 4
-30.768573 -51.052174 -0.64067 13
-30.192673 -51.776774 -0.73207 6
-29.413673 -51.679774 -0.05717 4
-29.837073 -52.603674 -0.13857 4
-30.615273 -52.891674 -0.69557 3
-30.487373 -53.813374 -0.49957 10
-31.311473 -54.314574 -0.48547 13
-31.177973 -53.986074 0.45093 10
-31.851873 -53.414574 0.77103 11
-32.484973 -53.081074 0.12553 9
-32.071173 -52.990374 -0.71677 9
-32.819273 -52.744874 -1.35337 10
-33.665473 -52.341474 -1.19977 15
-33.953373 -52.721474 -2.06507 10
-34.511373 -52.084774 -2.55197 6
-33.790573 -51.775674 -3.17867 4
-34.073573 -51.711074 -4.08227 9
-34.799973 -51.628574 -3.48527 4
-34.593873 -51.120374 -2.69757 8
-35.206873 -50.466874 -2.33227 7
-36.120573 -50.282574 -2.46527 10
-35.811873 -49.896674 -1.61617 5
-35.568173 -50.020774 -0.69187 10
-34.847573 -50.098474 -1.41457 13
-33.857573 -49.923774 -1.29427 5
-34.221173 -49.041174 -1.15357 5
-34.256373 -49.393274 -0.23687 13
-34.667573 -48.552274 -0.26457 3
-35.040473 -48.012874 0.44193 1
-34.920073 -48.118274 1.45253 4
-34.293073 -47.262374 1.21083 4
-33.978473 -46.375674 1.52093 1
-34.055773 -45.366174 1.20883 1
-33.719273 -44.700874 0.62433 6
-33.423573 -43.917574 0.21213 4
-33.397473 -44.571674 -0.46217 4
-34.021973 -45.122674 -1.00367 1
-34.026173 -45.483174 -1.84147 6
-33.360273 -46.044674 -2.23467 10
-32.493973 -45.811674 -2.68567 10
-31.513673 -45.559874 -2.63157 3
-31.685373 -46.047474 -1.84867 10
-31.232973 -46.019374 -0.92497 1
-31.129173 -46.945474 -0.67717 4
-30.333973 -47.133474 -0.13117 12
-29.858273 -46.472374 0.27333 1
-29.746173 -45.865674 1.05733 11
-28.756673 -46.024374 1.12283 14
-29.163273 -46.513574 1.91973 11
-28.354473 -46.822174 1.54643 3
-28.244973 -47.461174 2.33873 13
-28.214673 -48.103274 1.65203 13
-28.005273 -48.272974 0.67983 10
-28.570673 -48.897274 0.28033 10
-28.509373 -49.714574 -0.14587 4
-28.056573 -49.737974 0.69193 10
-28.383273 -50.574474 1.06573 4
-27.885573 -50.106674 1.75423 13
-27.666173 -50.255074 2.63093 13
-27.758573 -51.097774 2.08483 4
-28.518973 -51.250374 2.65423 8
-28.156573 -52.185174 2.37843 4
-27.524673 -52.165374 1.60613 4
-27.373773 -52.913674 2.17693 4
-27.580873 -53.385174 2.96293 5
-27.265573 -53.132574 3.83353 10
-26.727973 -52.344574 4.14213 10
-26.357673 -51.814374 3.45293 4
-26.141273 -51.044374 2.93693 15
-25.186473 -51.157274 3.09353 10
-24.305873 -50.809874 3.05853 13
-23.903673 -50.075574 2.58453 6
-23.229973 -50.026674 1.96233 6
-23.581773 -50.968674 1.95653 9
-23.330073 -51.368474 1.11473 5
-23.549073 -50.740574 0.43863 9
-23.625273 -51.462374 -0.26277 1
-23.921673 -51.568274 -1.19987 13
-23.499273 -51.677474 -2.06587 5
-22.593073 -51.421374 -1.76247 1
-21.861773 -50.780774 -2.01677 7
-22.255073 -49.985374 -2.48577 4
-23.209373 -50.060174 -2.28767 10
-23.047073 -49.121574 -2.55037 10
-23.512373 -48.835474 -3.30077 4
-24.002073 -48.172974 -3.69337 13
-24.790773 -47.864674 -3.32817 1
-24.643673 -47.013374 -2.98117 10
-23.973873 -46.837174 -2.29747 3
-24.782573 -46.532374 -1.78457 1
-25.194873 -45.683874 -1.54037 8
-25.340173 -45.683874 -0.53597 14
-26.053673 -45.114774 -0.20217 4
-25.146173 -44.920174 0.14883 4
-24.244773 -45.200674 0.11603 11
-24.521773 -45.963074 0.62523 4
-24.296173 -46.890674 0.47033 11
-23.996473 -47.818474 0.49443 10
-24.154273 -48.305274 1.36793 6
-24.952973 -47.697374 1.41803 6
-25.448473 -46.915774 0.97283 4
-26.103773 -47.242274 0.28783 3
-26.795673 -47.180974 -0.36487 12
-27.256073 -47.923874 -0.03527 10
-27.438073 -47.411774 0.85163 13
-26.579573 -47.143774 1.14853 13
-26.796473 -46.331874 0.74903 4
-26.481573 -46.151974 -0.12617 4
-25.880673 -46.647474 -0.66077 5
-25.409273 -47.266774 -1.28757 1
-26.225773 -47.851474 -1.30717 15
-26.355773 -48.661074 -1.74807 10
-25.908873 -49.534274 -1.94937 10
-25.751373 -50.412374 -2.55067 3
-25.366073 -49.705174 -3.16757 1
-24.656673 -49.441574 -3.82787 5
-25.287973 -49.289774 -4.56907 4
-24.611673 -49.789574 -5.16487 10
-24.437073 -50.775874 -5.28377 9
-24.577173 -51.476174 -5.94777 5
-25.074773 -52.055674 -5.39477 10
-25.821373 -51.968574 -6.07827 13
-26.757073 -52.140674 -5.73047 4
-27.524573 -51.518974 -5.62827 1
-28.316273 -50.840374 -5.60477 9
-27.919173 -49.997574 -5.59547 13
-27.074473 -49.861074 -5.19407 1
-26.439673 -49.298974 -5.53117 15
-25.724573 -49.736874 -6.07367 9
-26.239073 -49.482374 -6.81157 4
-25.811773 -48.568274 -6.54137 13
-25.130073 -48.187074 -5.99187 10
-24.608073 -47.482774 -5.59297 4
-23.968573 -48.219574 -5.95197 6
-23.095873 -48.325774 -6.43457 13
-23.060973 -47.930674 -7.29137 10
-22.539973 -47.354474 -6.68317 5
-22.215273 -46.493974 -6.47857 4
-22.870773 -46.391774 -7.14887 8
-23.356373 -46.515574 -6.32487 10
-23.468473 -47.157774 -5.52857 4
-23.577573 -47.114674 -4.59467 8
-22.759973 -46.824274 -4.13017 13
-22.086473 -46.775274 -3.28587 10
-22.091173 -47.428974 -2.53787 10
-21.624373 -47.040674 -1.71787 4
-20.925873 -47.432174 -1.25197 4
-21.277373 -48.366874 -1.14957 3
-21.516073 -48.825074 -0.37787 6
-21.814973 -49.601374 0.23223 7
-21.966673 -49.867674 -0.62867 11
-22.891873 -49.683674 -0.49627 10
-23.101873 -49.512774 0.43283 1
-23.956873 -49.254374 0.91003 6
-24.600573 -49.921174 1.27383 6
-25.123973 -50.251374 0.48123 13
-25.466473 -50.328974 -0.45977 1
-26.258873 -50.379874 -1.02987 10
-27.075873 -50.481474 -1.53277 10
-27.191773 -51.426574 -1.29107 4
-27.416273 -52.212774 -1.83577 1
-27.818573 -52.430474 -0.99097 4
-28.094673 -53.057374 -1.69837 1
-28.948273 -52.850274 -1.31577 1
-29.053873 -53.700574 -1.69177 10
-29.014473 -54.590074 -1.24457 12
-29.019173 -55.520174 -0.80767 10
-28.828573 -54.840874 -0.09297 13
-27.914673 -54.603474 -0.09177 10
-28.429773 -53.805474 -0.30477 15
-28.393073 -53.302674 0.49653 4
-28.168273 -54.070474 1.04603 4
-27.728873 -53.899274 1.89973 4
-27.149273 -54.620374 2.01283 5
-26.553073 -54.940074 1.34893 3
-26.661373 -55.718874 2.03953 13
-27.418073 -55.563574 2.56563 15
-26.812073 -55.369274 3.30303 5
-25.860573 -55.550674 3.40733 10
-25.051573 -56.119774 3.24993 13
-24.652273 -56.133874 4.15083 14
-23.937473 -55.745774 4.75403 11
-24.158973 -56.290374 5.53373 1
-24.181273 -55.604374 6.27963 4
-24.598673 -54.786174 6.08713 10
-25.516873 -54.989374 5.96443 4
-26.074273 -54.913974 5.09563 7
-26.888073 -54.636174 5.44223 13
-26.558373 -53.723074 5.47783 10
-27.165873 -53.687874 6.19243 10
-27.280673 -54.585274 6.53643 3
-28.248773 -54.537774 6.65913 4
-28.169473 -55.528874 6.74573 4
-28.830373 -56.303474 6.77993 6
-29.507073 -55.761974 7.07223 9
-29.452173 -54.905574 7.43713 1
-30.429273 -55.123374 7.48453 4
-31.255073 -54.761574 7.12883 9
-31.329173 -54.988274 6.20323 7
-30.581573 -54.634274 5.71093 4
-29.652173 -54.508474 5.98133 13
-29.142073 -54.685274 5.19923 10
-28.681373 -53.878274 4.89843 11
-28.670073 -52.964874 5.03763 10
-29.605173 -53.205574 5.25693 6
-30.245973 -53.034074 4.57553 9
-29.452073 -52.791274 4.03533 8
-28.494873 -53.015274 4.01683 10
-28.207873 -53.824474 3.59343 5
-29.190273 -53.651274 3.51893 8
-29.235373 -54.501474 4.00203 13
-28.860173 -55.428674 4.15793 1
-29.149073 -56.205674 3.56403 1
-28.365273 -56.808774 3.67543 13
-27.502473 -56.587174 4.07853 10
-27.359473 -55.731774 4.60393 1
-27.787973 -54.993174 4.02313 5
-27.218073 -54.251374 4.17443 10
-26.493773 -54.296374 3.50363 5
-26.404373 -53.758574 2.71203 1
-26.462173 -52.844774 2.81163 4
-25.878973 -52.817074 3.62433 10
-25.480173 -52.455074 2.85603 3
-25.839773 -51.759574 2.17203 4
-25.636473 -51.285674 1.28333 1
-26.573973 -51.431174 1.56403 4
-26.611773 -50.657474 2.15413 13
-25.905373 -49.971874 2.32453 13
-25.162673 -49.485674 1.97453 6
-26.057273 -49.400774 1.49813 13
-25.739973 -48.482174 1.75063 6
-26.639473 -48.540974 1.99783 13
-27.434173 -48.692474 1.54883 13
-26.972073 -48.643574 0.75403 10
-26.033873 -48.584174 0.45143 6
-26.454073 -48.918074 -0.32617 10
-26.642273 -49.843474 -0.20487 10
-26.966173 -50.620274 0.16483 4
-26.419573 -51.421074 0.32793 4
-25.834573 -51.254574 -0.41237 7
-25.353773 -51.288974 -1.29487 13
-25.226073 -52.212074 -1.48077 5
-25.190673 -53.173074 -1.21857 6
-25.931073 -53.393774 -0.52887 9
-26.882773 -53.523274 -0.26307 10
-27.438373 -52.838274 -0.02357 4
-27.076673 -52.271474 0.70923 4
-28.012173 -52.312374 0.63543 4
-28.483573 -51.557774 0.35893 4
-27.995973 -50.707974 0.08463 4
-27.627973 -50.137574 -0.62987 10
-28.104273 -49.855774 -1.33247 10
-28.080673 -50.874074 -1.32527 9
-28.487473 -51.307574 -0.59407 4
-29.104973 -50.745674 -0.98207 4
-29.527673 -50.732374 -1.84137 15
-29.694673 -50.542074 -2.83507 1
-30.340073 -50.560974 -3.58027 1
-29.886973 -50.023474 -4.36647 10
-29.409173 -49.167974 -4.24987 11
-28.541573 -48.922474 -4.58227 3
-28.188773 -49.870074 -4.58067 10
-28.219273 -50.126674 -3.64837 10
-27.384973 -50.169374 -3.06917 1
-27.195173 -49.507174 -2.30297 10
-27.776673 -48.975574 -1.84287 10
-27.438673 -48.470074 -1.04887 10
-27.320273 -47.518374 -1.27687 7
-26.723473 -46.880974 -1.75017 10
-26.171673 -47.053374 -2.52777 12
-26.868573 -46.828974 -3.19097 11
-27.101773 -46.807374 -4.17237 5
-27.956273 -46.450274 -3.85397 1
-28.909673 -46.372174 -3.95517 7
-29.688173 -46.562374 -3.33467 13
-29.602073 -47.583274 -3.33857 8
-28.667373 -47.364974 -3.15367 3
-28.509373 -46.448174 -2.94337 13
-28.998273 -45.900274 -2.20437 4
-28.605473 -45.249274 -1.49387 7
-28.399373 -44.845974 -0.63697 7
-28.100573 -45.258674 0.21923 4
-27.729373 -44.366574 0.45133 4
-27.782573 -43.817074 -0.26267 10
-27.915173 -43.047574 -0.82987 10
-27.532373 -42.625474 -0.06937 4
-28.467573 -42.984874 0.15173 13
-29.408273 -43.169874 0.43033 7
-29.544973 -43.304174 1.33093 4
-30.194673 -43.820874 1.80713 9
-30.625173 -43.198274 1.28963 10
-31.105673 -43.406674 0.52113 12
-32.109873 -43.250774 0.58803 6
-32.557373 -42.842774 -0.20457 4
-32.504973 -42.435374 -1.09767 1
-31.714973 -42.341674 -1.72777 1
-31.577273 -42.405274 -2.72217 5
-30.695073 -42.050874 -2.78147 10
-30.138373 -41.763374 -2.08747 9
-30.859273 -41.659474 -1.40857 10
-30.612873 -41.899274 -0.49787 1
-30.337973 -41.664774 0.39343 4
-30.072673 -40.939874 1.01823 15
-29.503173 -41.105474 1.77623 3
-28.901873 -41.604974 2.41513 13
-29.282873 -42.085374 3.29603 15
-29.215473 -42.796074 2.70833 10
-28.374373 -43.292774 2.44913 11
-28.440073 -43.437174 1.47143 13
-27.521573 -43.529874 1.78663 4
-26.627873 -43.314674 1.66773 4
-26.302973 -42.550374 2.08763 10
-26.653773 -41.746374 1.58923 11
-27.577573 -41.614874 1.40963 5
-27.534873 -41.141474 0.55233 13
-27.338173 -40.191674 0.63043 10
-26.634373 -39.620074 0.90403 1
-25.747773 -39.425574 0.61063 3
-25.041773 -40.135674 0.26853 10
-25.266273 -41.024274 0.37603 4
-24.624073 -41.200074 -0.29387 1
-24.270073 -42.045274 -0.86477 10
-24.652073 -42.938874 -0.92107 1
-23.770773 -43.027374 -0.61197 10
-23.743473 -43.987474 -0.65827 10
-24.599373 -44.127474 -0.21207 4
-24.828473 -44.808674 -1.00517 1
-25.335073 -44.014074 -1.30617 4
-25.907673 -44.763774 -1.23397 4
-26.583573 -44.686474 -1.94437 8
-26.756073 -45.434474 -1.30117 7
-26.989473 -44.734274 -0.69777 10
-26.793473 -44.183974 0.06093 4
-26.579673 -43.319474 -0.30637 4
-25.751773 -43.138474 -0.86737 4
-26.474873 -43.732974 -1.31217 6
-25.968373 -43.339374 -2.03387 7
-26.683273 -42.977374 -2.52437 10
-26.528473 -42.514274 -1.67857 7
-25.610473 -42.353174 -1.72977 9
-24.863573 -42.344374 -2.41457 6
-23.916473 -42.445674 -2.32187 10
-23.723573 -43.202174 -2.82777 5
-24.272673 -43.567574 -2.08327 5
-23.492373 -43.362574 -1.49697 10
-22.573273 -43.116974 -1.62287 10
-22.020773 -43.908574 -1.52627 10
-22.702873 -44.221774 -2.20007 3
-22.361073 -43.531774 -2.81667 4
-21.700273 -44.166474 -2.49587 1
-21.357673 -43.301374 -2.06697 10
-21.023073 -43.843774 -1.28707 1
-21.214373 -44.817774 -1.04557 7
-21.086173 -44.801574 -0.03527 13
-20.479273 -45.278574 0.53683 13
-19.790873 -44.905874 -0.03587 1
-19.887173 -43.946874 0.12023 9
-20.329873 -43.554774 0.95433 13
-20.016573 -42.707874 1.25683 1
-20.800473 -42.596874 1.80223 4
-21.130673 -41.719774 1.82603 1
-22.005473 -41.918074 1.52403 10
-22.490873 -42.688774 1.72003 8
-23.360273 -42.542374 1.93283 8
-23.252473 -42.395774 0.99173 10
-23.211573 -41.462374 0.78343 10
-23.648773 -41.375074 1.62833 4
-24.642373 -41.425074 1.82853 11
-25.317273 -42.059074 2.18673 11
-25.211873 -42.399274 1.22953 7
-25.481273 -43.283174 1.53633 4
-24.906773 -43.146774 2.28943 13
-24.902673 -44.058974 1.95403 4
-25.120273 -44.928074 2.32133 3
-25.211973 -45.024174 1.31443 4
-24.896773 -45.899274 1.74383 11
-25.351273 -46.462374 2.35123 7
-25.329273 -47.352274 2.63963 6
-24.601873 -46.808374 3.03563 6
-24.979873 -46.001574 3.46193 5
-25.924473 -46.097974 3.18253 1
-26.750473 -45.893174 2.78163 10
-26.783573 -46.052474 1.83693 1
-26.314473 -45.217174 1.39243 4
-26.028273 -44.652474 0.72903 4
-26.119273 -43.726374 0.76653 4
-26.009673 -42.819674 0.56893 5
-25.283873 -42.254874 0.14603 13
-25.116773 -43.191774 0.12643 4
-24.284673 -42.701574 0.46633 10
-23.770173 -43.525874 0.40373 5
-22.906873 -43.075674 0.30353 10
-22.333973 -43.474474 0.97253 9
-21.377473 -43.388574 1.29523 13
-21.431773 -42.470574 0.90843 10
-20.670173 -42.638774 0.32003 15
-20.789073 -43.395974 -0.32207 10
-21.528073 -43.856374 0.09763 13
-21.950773 -43.057574 -0.02697 10
-22.465573 -42.544774 -0.61467 10
-21.702673 -41.994274 -0.54097 10
-21.923973 -41.238374 -1.16037 15
-22.156173 -42.121774 -1.57437 10
-22.611673 -42.317674 -2.32787 10
-22.342873 -42.437874 -3.32667 15
-22.889673 -41.792074 -3.81527 9
-23.531773 -41.236274 -4.28887 12
-22.759673 -41.108374 -4.94277 1
-22.730573 -40.425774 -4.23287 1
-22.895173 -39.844374 -3.48437 12
-22.199373 -39.486574 -2.97487 1
-22.371773 -39.131074 -2.15017 3
-23.060773 -38.861274 -2.79737 4
-23.318673 -38.014074 -2.39977 7
-23.939073 -38.337674 -3.05737 7
-24.704473 -38.620674 -3.71697 4
-25.111573 -38.150674 -4.46957 10
-24.869673 -37.591374 -3.71437 4
-24.025473 -37.469574 -4.08517 7
-23.564173 -37.712374 -4.86677 10
-22.865873 -37.228974 -4.36907 7
-22.072873 -37.516074 -3.89267 7
-21.119373 -37.362774 -4.21827 4
-20.640873 -38.092774 -3.91287 1
-19.891473 -38.559774 -4.39957 13
-20.697373 -38.695074 -4.90397 14
-21.550473 -39.056974 -5.22137 9
-22.044173 -38.389674 -4.65227 4
-22.439073 -39.169274 -4.21337 11
-23.096873 -38.468374 -4.27707 7
-23.722973 -38.985374 -4.96587 10
-24.148873 -39.847274 -5.10837 10
-23.470573 -40.408274 -5.43167 13
-23.874473 -40.969074 -6.07607 11
-22.956173 -40.775974 -6.38367 7
-23.176873 -41.399474 -7.05197 6
-24.150573 -41.020974 -7.06177 7
-23.698573 -41.374574 -7.86247 7
-24.287273 -42.058074 -7.50407 4
-24.720373 -42.709574 -6.96717 12
-24.532373 -42.526674 -5.95767 13
-23.664073 -42.366974 -6.44287 4
-23.236373 -43.112074 -6.08697 10
-22.601073 -42.571974 -5.64377 12
-21.621373 -42.424174 -5.54927 7
-20.675573 -42.668474 -5.49757 10
-20.007473 -42.756774 -4.83057 4
-19.968373 -42.792574 -3.85817 12
-19.835273 -43.035474 -2.94567 14
-20.457573 -42.802174 -2.29127 12
-21.047073 -42.232874 -1.77287 10
-20.284473 -41.782374 -2.00217 4
-19.649573 -41.290674 -2.65807 3
-19.272573 -40.414374 -2.43337 7
-19.680873 -40.633774 -1.55107 10
-20.092673 -40.814774 -0.69097 1
-20.834973 -40.296074 -0.98677 7
-20.876673 -40.756874 -0.12577 1
-21.550973 -41.093974 0.47793 10
-22.154073 -40.717774 -0.20507 7
-23.046673 -40.654274 0.02133 1
-22.691773 -41.393674 -0.43947 10
-23.480173 -41.297474 -0.91017 10
-23.588773 -40.288574 -0.73897 1
-24.120473 -39.514474 -1.03277 1
-24.084373 -39.150874 -1.95747 7
-24.988973 -38.998474 -2.16387 7
-25.752873 -39.234874 -2.69367 4
-25.640673 -38.462174 -3.18097 14
-26.131773 -38.951574 -3.84877 4
-26.319373 -38.554174 -4.70777 10
-27.002473 -37.882274 -4.45997 7
-26.721473 -37.055174 -4.85557 5
-27.665773 -36.952574 -4.35737 15
-27.450673 -36.159174 -4.89157 10
-26.712973 -35.572774 -4.97337 11
-27.528573 -35.192974 -5.37527 12
-28.336973 -35.797674 -5.42177 1
-27.887473 -36.343574 -6.10697 9
-27.103373 -36.487374 -6.67147 1
-26.769373 -36.531874 -5.79747 11
-26.800273 -37.499974 -6.15717 14
-26.197073 -38.217274 -6.41927 10
-26.253473 -38.088474 -7.40337 15
-25.527173 -37.706674 -8.05307 10
-25.866273 -38.542874 -8.36037 14
-25.278273 -38.815874 -7.66827 7
-24.758573 -39.108474 -6.90607 10
-24.374673 -39.928674 -7.39597 7
-25.312673 -40.191474 -7.34057 7
-26.019073 -39.525074 -7.09767 12
-25.522773 -39.470374 -6.28277 13
-25.150473 -38.587974 -6.13697 10
-25.286873 -38.934974 -5.32507 10
-25.124673 -39.671474 -4.68067 7
-26.072973 -39.857874 -4.48347 9
-25.920673 -40.474874 -3.66267 1
-25.511073 -40.618974 -2.87087 13
-25.240273 -41.452474 -3.33087 7
-25.126273 -42.164874 -3.91857 12
-25.076373 -42.801374 -4.71327 4
-25.394773 -43.663774 -4.97917 4
-26.156473 -43.747974 -5.56277 1
-26.787073 -44.352574 -5.96747 1
-26.603573 -43.502874 -6.49777 1
-25.757073 -43.102074 -6.72347 1
-25.808573 -42.263074 -7.09737 10
-25.288173 -41.470674 -7.12337 7
-25.270773 -40.799874 -6.47707 1
-24.667273 -40.050474 -6.31937 10
-23.823073 -39.695274 -6.55307 7
-23.028273 -39.333574 -7.04097 7
-23.793073 -38.757674 -7.12607 4
-24.183573 -38.105374 -6.42307 10
-23.460373 -38.344874 -5.88107 10
-23.121473 -39.321574 -5.88367 11
-22.212073 -39.296074 -6.00607 12
-22.479473 -38.427874 -6.24357 6
-22.823573 -37.547874 -6.03397 10
-22.294273 -37.156974 -5.34767 4
-21.962273 -36.504174 -4.69017 7
-21.174173 -36.610574 -5.19257 12
-20.608573 -36.380474 -5.90067 7
-21.169473 -35.629174 -5.54477 1
-22.115873 -35.931774 -5.64057 11
-22.863773 -36.045174 -6.19447 8
-23.491673 -36.653074 -6.74347 10
-22.605273 -36.874074 -7.18667 10
-21.708873 -37.226574 -7.21387 7
-21.320173 -37.300474 -8.16607 1
-21.034973 -36.963074 -9.01637 9
-20.747673 -37.606174 -9.78497 13
-19.997173 -37.258774 -9.21177 7
-20.000273 -36.275474 -9.51727 11
-20.862273 -36.079774 -9.88217 10
-21.346173 -35.865074 -9.04077 13
-22.159373 -35.208174 -9.19357 7
-22.890273 -35.842574 -9.29417 1
-23.659573 -35.928874 -9.86997 5
-24.528573 -35.772674 -10.20267 14
-24.456173 -34.875674 -9.78147 15
-23.848773 -34.381974 -10.36737 7
-24.466673 -33.840574 -9.84087 4
-24.096773 -32.999874 -9.57097 7
-24.731373 -32.369174 -9.91247 10
-25.197173 -31.453074 -9.73657 16
-25.127873 -31.523374 -10.66097 1
-25.657973 -30.751774 -10.99147 10
-26.298873 -31.266874 -10.50107 7
-26.504373 -32.227774 -10.45897 1
-26.131273 -32.959574 -10.86667 10
-25.472273 -33.468474 -10.41257 1
-25.571473 -34.250474 -9.77527 6
-25.942473 -34.808074 -8.92247 1
-25.578373 -35.543474 -8.35497 1
-25.859773 -36.322074 -7.80477 4
-25.858173 -37.120874 -7.21897 10
-25.713673 -36.850174 -6.28417 11
-24.899373 -37.406674 -6.13787 10
-24.822973 -36.525974 -5.82027 11
-24.740373 -37.177674 -5.10557 10
-24.687473 -36.557174 -4.37977 4
-24.442473 -36.407874 -3.50327 7
-23.486573 -36.575774 -3.56697 7
-23.169073 -35.967774 -4.23587 1
-23.449873 -36.554574 -4.97467 10
-23.997173 -35.808174 -5.23707 14
-24.765173 -35.425674 -5.60687 11
-24.334673 -35.507074 -6.46377 7
-24.080473 -36.017474 -7.25087 14
-24.091673 -36.208274 -8.26397 10
-24.786373 -36.786874 -8.55117 7
-23.931473 -37.107974 -8.87257 10
-23.063173 -37.400574 -9.18607 12
-23.571673 -37.490874 -9.96067 12
-24.213173 -36.892774 -10.20257 10
-23.731073 -36.562674 -10.91917 1
-22.992873 -36.265374 -11.37447 7
-22.348273 -36.718274 -12.00957 13
-21.512573 -37.109274 -11.82637 9
-20.989873 -37.064874 -10.97787 4
-21.612773 -36.512374 -10.53017 1
-21.703673 -37.443074 -10.27947 12
-22.033973 -37.253674 -9.40327 7
-21.724573 -38.152374 -9.29847 12
-22.568073 -38.320274 -8.79277 12
-22.757673 -37.937174 -7.89947 10
-23.031173 -38.900174 -8.07297 1
-23.097973 -39.805074 -8.33937 7
-23.948473 -40.105174 -8.25497 7
-24.482873 -40.448674 -9.02257 7
-24.951273 -39.999474 -9.95087 15
-24.402073 -40.410474 -10.60057 15
-23.983973 -40.758474 -9.89737 7
-23.147273 -40.295374 -10.15887 7
-23.146773 -41.149674 -10.55277 1
-23.503373 -40.816074 -11.37977 1
-24.152273 -40.334574 -11.92057 4
-24.558873 -39.530274 -12.03317 15
-23.983773 -39.509574 -11.33577 15
-23.844473 -39.528974 -10.36257 7
-23.017873 -39.161874 -9.96337 12
-23.636073 -38.493874 -10.39987 12
-23.252873 -38.563774 -11.29717 10
-22.376773 -38.832074 -10.81487 12
-21.448173 -39.213274 -10.51057 1
-21.727673 -40.140074 -10.61217 1
-22.209573 -40.780574 -9.96137 3
-22.527673 -40.033174 -9.31297 7
-21.855673 -40.502174 -8.60967 1
-22.616073 -40.833174 -8.13497 7
-22.400473 -41.665974 -8.60667 11
-22.912873 -41.697074 -9.45907 7
-23.459973 -42.512474 -9.70997 10
-24.010073 -43.274474 -9.36897 16
-24.056173 -42.440474 -8.96407 1
-24.274573 -41.578574 -8.71277 7
-25.029873 -41.620974 -9.26427 10
-25.636073 -41.506574 -8.53497 12
-25.671773 -40.555174 -8.44937 7
-26.115873 -39.669674 -8.46117 5
-25.600173 -39.442174 -9.24607 7
-25.699873 -39.089674 -10.14597 15
-26.475873 -39.311274 -10.63227 1
-27.429373 -39.211874 -10.64847 12
-27.285673 -38.409474 -10.10197 15
-27.594373 -37.757174 -9.46947 16
-27.043073 -37.981274 -8.68887 4
-27.574873 -38.726174 -8.60177 7
-27.852873 -38.042774 -7.95227 1
-28.700173 -38.330974 -8.27977 9
-29.377173 -38.023674 -8.93557 7
-29.166573 -37.595874 -9.73637 7
-28.755973 -36.810074 -10.14587 1
-29.413273 -36.093574 -10.19207 1
-29.985973 -36.300874 -10.93637 7
-29.804973 -35.799374 -11.75867 1
-29.130373 -36.462474 -11.54707 1
-28.318073 -36.348474 -12.11557 15
-27.541873 -36.625974 -11.74957 4
-27.828473 -36.064174 -10.99777 10
-27.374973 -35.589374 -10.25027 1
-27.247373 -35.999174 -9.39407 1
-26.478373 -36.553574 -9.83527 1
-26.115673 -37.396274 -10.30037 1
-25.558873 -37.413574 -9.56567 1
-24.708273 -37.993874 -9.59727 12
-24.695473 -38.721174 -10.20937 15
-24.602573 -39.121374 -9.30087 7
-24.027473 -39.137574 -8.46627 7
-24.520073 -38.353174 -8.51557 12
-24.210973 -37.949874 -7.68807 10
-24.387573 -37.230374 -7.04557 10
-24.989573 -36.524474 -7.17087 12
-25.596373 -35.894574 -6.60537 11
-26.169473 -35.173674 -6.21707 11
-26.153773 -34.296674 -5.81707 7
-25.906773 -34.674774 -4.94897 12
-24.960873 -34.520174 -5.21177 10
-24.637873 -34.714874 -4.26827 15
-24.450273 -34.952374 -3.37297 15
-23.531673 -35.213474 -3.16237 16
-22.982473 -35.866274 -2.80937 7
-23.097273 -36.793874 -2.65757 7
-22.264873 -37.363774 -2.87717 7
-21.976173 -38.120674 -2.36607 13
-21.706873 -38.359474 -1.45167 9
-20.918373 -37.731974 -1.28347 16
-21.541873 -37.055874 -1.49697 7
-20.686073 -36.718174 -1.71627 16
-20.945373 -37.168774 -2.53157 9
-21.342673 -36.494274 -3.17187 7
-21.155673 -35.625674 -3.57787 13
-22.002273 -35.638674 -3.06857 7
-22.064973 -35.470474 -4.02947 7
-21.971673 -34.520174 -3.75247 13
-22.735273 -34.558474 -3.18797 10
-22.993873 -33.657474 -3.24737 1
-23.860973 -33.943474 -3.56917 4
-24.421773 -33.313574 -4.20637 1
-24.875573 -33.955074 -3.56277 15
-25.698873 -33.526374 -3.46317 6
-26.215973 -33.125974 -4.20907 11
-26.603073 -32.345274 -3.76807 12
-27.593173 -32.481174 -4.01477 7
-27.512973 -31.780374 -3.34027 16
-28.103373 -32.022674 -2.58797 12
-28.974173 -31.535374 -2.41817 7
-29.195773 -32.072174 -1.63737 7
-29.656173 -31.979874 -0.77767 16
-30.237773 -31.390374 -1.20297 14
-30.708973 -30.540174 -0.84847 11
-30.101873 -29.886874 -1.14047 12
-29.557573 -29.193874 -0.74617 15
-29.656173 -29.169774 -1.72337 4
-28.888373 -28.802374 -2.21387 7
-28.195873 -29.131174 -1.68047 7
-27.291973 -28.683974 -1.56897 4
-27.966173 -28.176974 -1.00747 11
-28.265273 -28.954274 -0.54307 12
-28.392973 -28.853174 0.38553 1
-28.203373 -28.334174 1.17863 5
-28.825873 -29.078074 1.26803 11
-28.866873 -29.070774 2.27133 7
-28.083473 -29.560474 2.64773 7
-27.176073 -29.746874 2.82373 1
-27.377073 -30.725974 2.72363 10
-26.754973 -31.512674 2.67793 9
-26.620573 -32.434574 3.06653 16
-26.230273 -33.318274 3.19683 15
-26.295273 -33.588674 2.28573 14
-26.685073 -33.687574 1.41323 10
-25.741873 -33.958674 1.36343 16
-25.130273 -34.328574 0.76833 10
-24.294773 -33.774374 0.77473 7
-23.864273 -34.520274 0.44243 1
-23.455973 -35.357174 0.31593 7
-22.488673 -35.489874 0.41803 15
-22.736273 -36.100674 -0.26747 7
-22.121573 -36.809474 -0.05837 1
-21.188273 -36.840174 -0.24807 16
-20.700073 -37.688274 -0.11337 16
-21.617673 -37.791874 -0.24807 1
-22.491373 -37.775774 -0.66907 7
-23.047273 -38.627874 -0.84757 12
-23.475773 -37.901374 -1.28557 7
-24.233773 -38.310574 -0.88827 7
-25.035773 -37.816674 -1.02277 7
-25.472473 -37.554874 -0.16947 1
-26.144573 -38.197374 -0.42457 13
-26.637773 -37.511974 -1.03097 1
-27.162673 -36.913574 -1.55477 12
-27.488273 -36.681274 -2.44327 10
-27.630473 -35.856374 -1.97477 1
-27.430673 -34.894574 -2.13057 13
-26.939473 -35.105874 -2.92317 12
-26.052273 -35.318574 -2.61867 15
-25.181973 -35.651474 -2.86057 15
-25.076773 -36.763774 -2.83577 7
-25.090573 -37.710474 -2.73247 7
-25.930173 -37.290274 -3.04427 4
-26.200673 -36.397074 -3.03127 6
-26.103773 -36.398974 -2.05817 15
-26.116373 -36.292774 -1.04527 11
-25.550573 -37.038874 -1.45337 9
-24.680873 -36.923974 -1.82457 7
-23.696873 -37.058074 -1.83337 7
-24.042773 -36.281674 -1.38867 7
-24.802273 -35.913774 -0.91637 15
-24.062273 -36.129074 -0.33657 7
-24.632773 -35.783874 0.36983 16
-24.988973 -35.639474 1.30963 13
-25.835673 -35.655274 0.81553 11
-25.486573 -36.484874 0.63793 7
-25.394073 -37.080874 1.44563 1
-24.711273 -37.056574 2.17423 12
-25.120573 -37.900474 2.34573 10
-26.031473 -37.988574 2.01333 12
-26.906573 -38.391474 2.12333 7
-27.631173 -39.123574 1.92603 1
-27.798373 -39.901974 2.67823 7
-27.326473 -40.665074 3.09973 16
-27.025473 -40.776874 2.21963 9
-26.409773 -41.327374 2.78333 11
-26.001173 -41.112274 3.67063 11
-26.641773 -40.434974 3.96473 16
-26.054073 -40.241974 4.73283 16
-26.603373 -40.690074 5.39473 7
-27.370173 -41.284974 5.54413 14
-27.946773 -40.793374 6.18583 12
-27.746673 -39.865374 6.56523 16
-28.330573 -39.426274 5.88533 7
-28.478273 -39.415474 4.91733 5
-29.425073 -39.481374 4.61163 10
-29.796373 -39.428874 5.53623 16
-30.071573 -38.655674 5.12583 16
-30.061573 -38.312074 6.01043 4
-30.565773 -37.520474 5.95493 10
-29.916973 -36.973374 6.39863 7
-28.951973 -36.793674 6.54103 1
-28.748473 -35.863974 6.48443 12
-28.219973 -35.074774 6.86143 1
-27.548173 -35.765074 6.98453 7
-26.601573 -35.486074 6.89923 1
-27.086273 -34.632874 7.09363 16
-26.759873 -34.040574 6.38863 15
-26.682173 -33.355474 7.10923 15
-25.719373 -33.515674 6.81313 12
-25.122873 -34.122174 7.15883 1
-24.862373 -34.345874 6.17783 7
-24.865473 -34.707874 5.33023 7
-23.948773 -34.521374 5.25733 1
-23.634173 -34.104674 6.08033 1
-23.304673 -33.648874 6.90853 1
-23.083073 -34.492774 7.38193 10
-22.209673 -34.447574 7.02423 1
-22.505273 -35.344474 6.79353 5
-21.750473 -35.373874 6.11103 13
-20.968073 -35.380874 5.53503 12
-20.364373 -34.651674 5.39013 12
-21.204073 -34.134174 5.31393 7
-21.795473 -33.307374 5.13943 13
-22.597773 -33.780874 5.04813 7
-23.372273 -33.231974 4.97293 16
-24.163673 -33.663674 4.56203 15
-23.485073 -33.810374 3.87823 8
-22.691373 -34.364774 4.18113 13
-22.101873 -35.041374 4.57243 12
-22.557273 -35.756474 5.04803 15
-22.766473 -36.708774 4.90493 7
-23.128273 -37.664074 4.91363 7
-22.379673 -37.706874 4.26793 1
-22.994873 -37.538674 3.55343 12
-23.080173 -38.509874 3.49193 7
-24.060673 -38.417274 3.56453 11
-25.048473 -38.015374 3.50923 1
-25.073173 -38.849474 2.88773 7
-25.675873 -39.539474 3.11783 9
-26.020873 -40.237174 2.57423 11
-25.179973 -40.144374 2.17623 11
-24.883973 -39.586374 1.52983 16
-23.962573 -39.571674 1.29773 12
-24.325773 -38.996074 0.61103 1
-24.315073 -38.088674 0.36003 11
-23.650573 -37.871174 -0.21627 7
-23.556473 -37.077074 0.24893 7
-23.693673 -36.576874 1.09773 4
-22.901773 -37.097874 1.32373 7
-23.037473 -37.159674 2.29793 9
-23.087073 -36.331974 1.89193 5
-22.582073 -35.574474 2.00533 16
-22.121473 -34.815574 1.83573 14
-21.401373 -34.290174 1.43143 10
-21.258873 -33.945774 0.50513 7
-20.882873 -34.532174 -0.17097 16
-21.152973 -35.139974 -0.84527 16
-21.718373 -35.891874 -0.54127 16
-22.345873 -36.313774 -1.22477 7
-23.081573 -36.231374 -1.81397 7
-23.545873 -35.434074 -2.05617 7
-24.489473 -35.267474 -2.10537 15
-24.876873 -34.657074 -1.50547 15
-24.256673 -34.937774 -0.87157 7
-24.933573 -34.419774 -0.28327 1
-25.837773 -34.543474 0.04303 1
-26.166973 -34.669374 -0.83907 10
-25.944173 -34.511674 -1.76697 15
-26.013873 -33.807274 -2.39017 7
-25.178773 -33.526674 -2.14137 15
-24.362273 -33.149774 -2.61307 12
-23.672373 -33.919374 -2.26387 1
-23.585173 -33.452374 -1.48617 12
-23.333073 -34.120774 -0.85587 1
-23.022273 -34.671774 -1.60837 7
-22.313673 -35.009474 -0.97037 7
-22.022173 -34.696774 -0.10127 11
-21.536573 -35.005774 0.66283 16
-21.240773 -35.929174 1.01303 16
-21.083673 -35.313374 1.71403 13
-20.717473 -35.136774 2.63203 12
-21.470973 -34.610274 2.70093 1
-21.669073 -34.619574 3.59913 12
-21.324573 -33.880074 3.92883 12
-21.105873 -33.235774 3.18033 6
-21.890073 -32.791874 2.79263 7
-21.938773 -31.916774 2.48163 11
-21.536673 -31.260974 3.08573 13
-21.818673 -30.339974 2.98543 7
-21.077373 -29.886074 2.60553 7
-21.142673 -30.008174 1.66083 7
-20.590773 -30.794574 1.70893 16
-20.228973 -31.556874 2.29933 9
-19.691773 -30.861374 2.51733 15
-19.441373 -30.266674 1.79073 8
-18.742573 -30.909674 1.60683 16
-17.976773 -31.428774 1.32383 11
-18.299673 -31.331274 0.48983 7
-18.628373 -31.797574 -0.42787 7
-18.307973 -32.392074 0.28473 12
-17.409973 -32.214974 0.67373 7
-17.612473 -32.766674 1.49393 11
-17.520973 -33.602674 1.07783 15
-17.110473 -34.342674 1.51143 15
-16.540073 -34.348674 2.39973 11
-16.311373 -35.066574 1.72643 15
-15.712873 -34.361774 1.37633 4
-16.210773 -33.543774 1.65053 11
-16.284673 -33.133974 0.77273 1
-16.449873 -33.550274 -0.04207 1
-15.609473 -33.097374 -0.36777 1
-15.470973 -33.022174 -1.36727 1
-14.551273 -33.111574 -1.53487 7
-13.785273 -33.709874 -1.44397 16
-12.937073 -34.070674 -1.19867 7
-13.176973 -33.974474 -0.25637 1
-12.994373 -33.039574 0.17373 7
-13.044373 -33.395574 1.04243 1
-12.422973 -33.042874 1.66343 1
-12.474173 -32.374474 2.37863 1
-13.173273 -33.054774 2.48503 7
-14.095373 -32.828374 2.47783 7
-13.532773 -32.081074 2.57183 12
-13.416873 -31.827674 3.56313 7
-13.909173 -31.012174 3.72343 15
-14.424873 -31.653174 4.21753 7
-15.365573 -32.013074 4.36403 16
-14.622473 -32.681574 4.06973 7
-15.136373 -33.325874 4.71063 14
-15.653273 -34.107774 4.60463 15
-16.501773 -34.517774 4.46133 11
-16.639773 -33.586774 4.48803 16
-17.440373 -33.996074 4.91953 16
-18.409373 -34.004674 5.22353 12
-18.919273 -34.629974 5.73593 12
-19.443273 -33.940274 6.18873 5
-20.065873 -34.376474 6.81433 7
-19.465373 -34.951174 7.27803 16
-18.703273 -35.692674 7.06923 7
-19.607573 -35.983674 6.88303 1
-19.347273 -35.221274 6.31003 1
-19.632873 -35.459474 5.38213 1
-19.902373 -35.125374 4.52523 12
-19.436073 -34.682074 3.83013 12
-18.969273 -35.513474 3.81453 12
-19.488173 -36.275874 4.12823 11
-19.521073 -36.950274 4.84473 7
-19.099873 -36.924774 5.67973 13
-18.697673 -37.764274 5.45253 1
-19.571173 -37.990674 5.93253 11
-20.291973 -38.483174 5.43963 16
-20.370773 -38.638274 6.38593 15
-19.610573 -38.685074 7.02553 7
-18.754273 -38.380274 6.65553 16
-18.300073 -38.955474 5.98563 9
-17.616473 -39.037974 6.73273 15
-16.824973 -39.192174 7.25363 5
-16.987673 -38.467374 7.88063 8
-16.068373 -38.301774 7.91763 12
-15.738373 -37.485174 7.41993 13
-16.511873 -36.958074 6.87663 7
-15.659873 -36.969074 6.34263 1
-15.738673 -36.381174 5.50613 7
-15.036273 -35.910074 4.79833 12
-14.804873 -35.703474 3.88513 8
-15.694773 -35.989274 3.65763 7
-15.568973 -34.994974 3.54933 12
-15.482673 -34.358574 2.79023 11
-15.354973 -33.684874 3.55413 11
-14.523473 -33.578874 3.14643 7
-13.658073 -34.054674 3.18133 7
-13.283573 -34.856974 2.98763 1
-12.400573 -34.577674 3.17023 11
-11.800673 -33.700774 3.24143 1
-11.561873 -32.771574 3.28293 15
-12.509273 -32.771574 3.39613 7
-12.835873 -33.126874 4.21893 7
-13.695673 -32.872574 4.61643 7
-13.144073 -32.486274 5.35823 11
-12.540373 -33.017174 5.91243 15
-12.080873 -33.444874 6.60713 15
-12.969773 -33.818974 6.53493 7
-13.741573 -33.310874 6.38183 1
-14.131273 -33.192574 5.52553 1
-14.422873 -32.307774 5.54973 12
-14.761073 -31.425474 5.70273 1
-15.648573 -31.791274 5.69353 16
-16.574673 -31.566874 5.92513 16
-16.593673 -30.559074 5.90793 1
-16.238773 -30.319674 5.01423 16
-15.448273 -29.883074 4.46363 1
-16.093573 -29.227974 4.45673 7
-16.842573 -28.776674 4.92363 14
-17.604273 -28.343674 4.54973 1
-18.033273 -29.162774 4.49883 10
-18.588973 -30.739774 5.28253 16
-19.103473 -30.624674 4.40753 16
-19.652973 -30.497374 3.64623 1
-20.161073 -29.866874 4.18023 15
-21.008173 -29.660474 3.75953 1
-21.285873 -29.967374 4.63093 16
-21.132973 -30.884774 5.13353 5
-20.438173 -31.541974 5.09433 15
-20.839973 -31.549374 4.22633 1
-20.849273 -32.517174 4.19963 15
-20.096073 -32.892474 3.73813 16
-19.816773 -33.754274 3.91323 12
-20.461473 -33.995974 4.56823 12
-20.418973 -33.232574 5.11143 1
-19.513173 -33.067474 5.47793 12
-18.680273 -33.051874 6.07063 15
-17.756273 -32.799574 5.81903 16
-16.925673 -33.069474 6.26693 7
-16.723473 -32.458174 5.43683 16
-17.414473 -31.808474 5.13593 16
-18.317973 -32.105174 4.87643 16
-18.538273 -31.952274 5.79453 13
-17.834273 -31.556774 6.15923 8
-17.721073 -30.640674 6.01503 11
-17.226773 -30.851574 5.23683 16
-17.104873 -30.713674 4.23643 16
-16.200673 -30.714074 3.98673 16
-16.237673 -31.582074 3.56513 16
-16.571173 -32.330674 3.08743 11
-15.727673 -32.349774 2.66143 8
-16.273073 -32.449874 1.88953 11
-15.511373 -32.568274 1.34353 1
-15.663973 -31.694574 0.87183 16
-15.252273 -31.204974 1.55843 1
-15.281273 -30.689574 0.71873 1
-16.206773 -30.833474 0.83743 1
-16.597473 -31.490074 1.46413 11
-16.565073 -30.691774 2.07373 1
-17.308473 -30.655374 2.64473 1
-17.582373 -31.261674 3.24243 16
-18.111673 -31.192074 2.48553 11
-18.597673 -30.880274 3.29443 16
-18.781173 -31.801774 3.15343 1
-19.454573 -32.121774 2.58133 11
-20.014873 -32.560974 1.92783 7
-19.979073 -33.193474 1.17103 1
-20.506373 -33.532074 1.92033 5
-20.302573 -33.851374 2.78473 12
-19.705473 -34.708674 2.74113 12
-19.501573 -35.243474 1.93853 7
-18.808673 -35.756274 1.44473 16
-18.479673 -35.504874 2.26813 15
-19.151273 -35.833474 2.84263 12
-19.961473 -36.154974 2.30003 5
-19.708173 -36.335974 1.38623 15
-20.124273 -35.665274 0.96273 16
-19.838473 -35.145374 0.24883 16
-19.521873 -34.310074 -0.03787 16
-19.228573 -33.399274 -0.03297 11
-20.260373 -33.199774 -0.01697 1
-20.295673 -33.778074 -0.74217 16
-20.826173 -34.211974 -1.37497 16
-21.482073 -34.667174 -1.97247 7
-20.954273 -34.023474 -2.56967 1
-20.248773 -33.378474 -2.69887 1
-20.006073 -32.796274 -1.86837 16
-19.889073 -33.721074 -1.79737 13
-19.312873 -34.110874 -1.06717 16
-18.399473 -33.709874 -0.78057 1
-18.146673 -34.551274 -0.23017 16
-17.216673 -34.473574 -0.03397 15
-16.921573 -35.033974 -0.76737 1
-17.210573 -35.751174 -0.24197 15
-18.226373 -35.622274 -0.09807 16
-17.935173 -35.200374 0.74683 15
-18.879973 -35.026174 0.59723 16
-18.863473 -34.427374 1.30513 1
-18.545673 -33.971274 2.11183 12
-18.129173 -33.295574 2.69743 11
-17.651473 -32.554974 3.04273 11
-18.072873 -32.338874 3.83293 16
-17.177673 -31.891674 4.07583 16
-16.526073 -32.560374 4.12543 16
-16.910173 -33.179874 3.51533 11
-17.341273 -33.946474 3.15993 11
-17.893473 -33.457974 3.79213 16
-18.664373 -34.028074 4.13483 12
-17.883573 -34.639574 4.01923 12
-17.374773 -35.477874 4.08403 1
-17.148873 -34.948574 3.25073 11
-16.785673 -35.817474 2.93533 16
-17.501573 -36.354674 2.56953 15
-18.167573 -36.952574 2.37433 7
-17.912173 -37.861874 2.70183 8
-17.121073 -37.356474 2.47163 8
-16.514273 -36.675574 2.18843 1
-16.463173 -36.076574 1.43843 15
-17.292373 -36.293774 1.02363 15
-18.225273 -36.570574 0.90573 16
-18.566973 -37.052174 0.20253 16
-17.707973 -37.584674 0.14163 1
-17.475973 -38.141974 0.83943 5
-16.548573 -38.023074 0.86213 5
-15.835773 -37.348274 0.93693 12
-15.151373 -37.636374 1.67943 8
-14.203973 -37.387074 1.78903 1
-13.337273 -37.183774 2.24703 12
-12.774973 -36.837174 1.61683 9
-13.479473 -36.204874 1.46803 1
-14.418773 -35.708574 1.18153 7
-14.941373 -36.467774 1.28423 1
-15.536673 -36.020574 0.66873 1
-15.197373 -35.805874 -0.22307 16
-15.782073 -35.131674 -0.39817 14
-15.790773 -35.252974 -1.40337 13
-15.768873 -34.941974 -2.35417 1
-16.221473 -35.700774 -2.67357 16
-16.978473 -35.520874 -3.38827 12
-17.180873 -36.011474 -2.57517 1
-18.061773 -35.977474 -2.88477 1
-18.871573 -35.999374 -2.37827 16
-18.628373 -35.654074 -1.53477 16
-19.326273 -35.032374 -1.67947 16
-19.718373 -35.418274 -2.46257 5
-20.490373 -35.497374 -1.93307 16
-21.296773 -35.680474 -2.40037 7
-21.452573 -36.011674 -1.53827 7
-20.581373 -36.029574 -1.00437 16
-19.853473 -35.944174 -0.43907 16
-19.097373 -36.412374 -0.70787 16
-18.483873 -37.125374 -1.12197 5
-19.120473 -37.767774 -1.45387 1
-19.784173 -37.254774 -1.91507 16
-19.429373 -37.859074 -2.60977 8
-18.888873 -38.709774 -2.77347 15
-18.757473 -38.894274 -1.82997 11
-18.033073 -39.331474 -1.31877 16
-18.645973 -40.061574 -1.05127 1
-19.344873 -39.532374 -0.56097 15
-18.799373 -39.074874 0.15023 1
-19.320773 -38.746774 0.83703 11
-19.479173 -37.803274 0.80933 15
-19.503773 -37.170174 0.11553 16
-20.291373 -36.647374 0.17553 16
-20.697273 -37.150274 0.93583 15
-20.690373 -37.423974 1.83483 1
-20.652873 -37.062774 2.70423 16
-20.896573 -37.471374 3.53513 11
-21.253273 -36.584774 3.49633 1
-21.224273 -35.568574 3.58093 12
-20.697573 -36.127274 4.21973 12
-20.769873 -36.841374 4.88543 1
-21.489973 -36.617174 5.46913 1
-21.447073 -36.833074 6.47343 1
-22.348273 -36.583574 6.88903 16
-22.090373 -36.452974 7.75783 7
-21.359573 -36.185674 8.27903 7
-20.648773 -36.714874 7.77713 16
-20.411073 -37.529174 8.19463 1
-20.890273 -37.707174 7.39133 16
-21.500873 -38.017474 6.70403 12
-21.942273 -38.919474 7.05553 5
-22.359673 -39.745974 7.05243 16
-22.780173 -39.874374 7.84033 1
-21.851373 -39.725274 8.10283 11
-21.529073 -40.583074 8.48653 16
