-8.035682 27.698397 -13.934877 1
-8.241782 27.408497 -13.020677 1
-8.487282 26.475497 -13.118977 1
-7.773682 26.178907 -13.701077 14
-6.874482 26.011517 -13.862377 4
-6.489782 25.169417 -13.981677 1
-5.783882 24.594187 -14.273077 2
-6.404282 24.157107 -14.761677 1
-6.853982 23.359237 -14.680777 1
-7.124882 22.533127 -14.213377 1
-6.624582 21.633367 -14.145977 16
-5.781082 21.973347 -13.735377 3
-5.990582 22.661577 -13.151877 1
-5.059082 22.849727 -12.956877 12
-4.676682 23.725027 -13.112077 2
-4.555782 24.327547 -12.428477 2
-5.002382 25.188307 -12.194777 9
-5.032782 25.711357 -12.978277 11
-4.603682 26.477897 -13.538677 15
-4.171582 25.642927 -13.463877 8
-4.063082 24.853947 -14.036177 8
-3.182702 24.780017 -13.600577 5
-2.999662 25.702217 -13.407477 2
-1.921612 25.697417 -13.234877 1
-1.618432 26.436797 -13.783677 2
-1.151422 26.291967 -12.864577 15
-1.010032 26.649997 -11.989217 13
-0.216732 26.360497 -12.492477 14
-0.023832 27.315497 -12.334877 1
0.095488 28.213097 -12.626377 9
0.820588 28.678297 -12.132417 14
0.555318 29.149297 -12.985377 6
0.051728 29.516097 -13.684177 2
-0.650292 28.768697 -13.816977 8
-0.959592 28.198097 -13.057177 14
-1.756472 28.448997 -13.570277 12
-2.231892 29.306597 -13.565277 2
-2.403802 30.042297 -12.980177 14
-2.877332 30.674397 -12.388677 2
-3.544182 31.064197 -11.771697 2
-4.096782 31.845097 -11.909957 14
-4.941282 31.508297 -11.824187 6
-5.319882 31.666897 -12.717977 14
-5.069582 32.534297 -12.810177 1
-5.321582 33.281997 -12.260877 6
-6.070782 33.794497 -12.607477 5
-6.803382 34.098897 -12.097477 1
-7.765082 34.359697 -12.149197 2
-7.823782 35.289497 -12.489777 2
-7.515382 35.894297 -11.822327 2
-7.344382 35.554197 -10.977117 2
-7.296482 35.821097 -10.042957 11
-7.719682 35.907997 -9.166087 5
-7.107282 36.379497 -8.540957 1
-8.183282 36.140097 -8.195117 2
-9.197882 36.122797 -8.115977 5
-9.735782 36.962597 -8.211197 3
-8.929182 36.901497 -8.810067 7
-9.233782 37.114397 -9.702377 2
-9.283482 37.830097 -10.269327 2
-9.878482 37.236097 -10.674527 2
-10.618882 37.857697 -10.287477 1
-11.292082 38.383697 -10.690307 8
-12.244382 38.474297 -10.824127 9
-12.185482 37.951197 -11.683597 14
-12.970582 38.471597 -11.942787 14
-13.851082 38.668597 -12.329077 15
-13.268882 38.252797 -13.064077 14
-14.159482 37.756097 -13.217077 8
-13.743782 36.920697 -13.122677 14
-14.625782 36.365597 -13.259377 1
-15.055882 35.525797 -13.104777 9
-15.982882 35.520597 -13.283177 2
-16.131282 36.149297 -12.538277 1
-16.070482 36.200397 -11.534387 1
-16.520282 37.097697 -11.231407 2
-15.736682 37.617997 -10.967457 14
-15.814582 37.014597 -10.100357 6
-16.710982 37.007997 -9.845897 1
-16.148282 36.863597 -9.047517 1
-16.679882 37.259197 -8.334567 14
-16.617182 36.307097 -8.030697 12
-15.795682 35.697697 -8.154707 2
-15.408382 34.924197 -8.508727 2
-15.754282 34.083397 -8.531267 8
-15.586982 33.217797 -8.998347 15
-16.391782 32.823397 -8.714347 8
-16.081082 31.969797 -9.083877 10
-15.776182 31.515397 -8.292177 2
-16.561582 31.831897 -7.832497 11
-16.078382 31.495997 -7.098307 2
-15.440282 32.315797 -7.175447 1
-15.009382 31.906197 -6.385527 2
-15.462182 32.328197 -5.603227 1
-14.878682 33.047197 -5.804587 1
-13.966382 33.267297 -5.676127 3
-13.403382 34.007997 -5.926867 1
-12.894682 33.378797 -5.389997 14
-12.684282 32.567497 -5.948567 1
-11.766282 32.889397 -6.006117 1
-11.110382 32.680597 -6.708397 1
-10.729282 33.207597 -5.978227 7
-9.940682 32.857997 -6.377087 1
-9.739682 33.570297 -7.042757 2
-8.800782 33.479497 -6.740757 1
-8.247382 33.789997 -7.464247 14
-7.984082 34.102897 -6.568007 2
-7.635982 34.841097 -7.057627 11
-8.405082 34.863497 -7.688607 5
-9.000882 34.355797 -8.348957 14
-9.679282 35.070597 -8.160427 5
-9.685082 35.271197 -9.077547 5
-9.778982 36.262097 -9.358037 14
-9.454282 36.296797 -10.343437 2
-10.320182 36.229497 -10.688427 2
-11.121582 36.493797 -11.145957 14
-12.109182 36.582297 -10.920217 2
-12.092182 36.950297 -11.790697 14
-11.746482 37.334997 -12.624477 14
-10.823282 37.232997 -12.900477 14
-9.977182 37.626997 -12.699077 15
-9.776482 36.923197 -13.361477 9
-8.926382 36.591697 -13.496877 2
-8.535282 37.383597 -13.084977 2
-8.426082 38.335597 -13.134977 15
-7.680382 38.277897 -13.863177 8
-7.323182 38.889697 -13.192177 8
-7.031282 38.783997 -12.249777 1
-7.398782 39.640197 -11.864997 1
-8.237282 39.272997 -11.727717 2
-8.643982 39.350897 -12.558877 15
-8.541382 39.820497 -13.377277 2
-8.776282 40.673897 -13.905777 2
-7.859182 40.712497 -13.701177 6
-7.522582 39.868197 -14.034577 8
-7.152482 39.864597 -13.154977 12
-6.244782 39.507197 -13.139477 2
-6.362482 38.594397 -13.230877 8
-6.020582 37.812797 -12.990777 8
-5.447982 37.040397 -13.144877 6
-5.378382 37.225297 -12.148097 12
-5.999382 37.553897 -11.543407 1
-6.182982 37.770297 -10.636867 3
-6.859182 37.045997 -10.260667 2
-7.729582 37.121197 -9.915347 2
-8.153782 37.862397 -9.569817 14
-8.260282 38.768297 -9.484737 14
-7.495682 39.288897 -9.764677 9
-7.866282 38.691097 -10.458377 8
-8.018182 37.793097 -10.736317 2
-7.307382 38.158397 -11.412127 6
-7.875082 37.791097 -12.030367 11
-8.313282 37.027397 -11.724367 2
-8.610482 36.159597 -11.488237 2
-8.443982 35.871997 -10.610017 2
-8.425082 35.356397 -9.787077 5
-8.133582 34.542997 -9.388477 5
-8.411382 34.178297 -10.235037 1
-9.059582 34.499397 -10.844047 2
-9.696982 34.063097 -10.140227 1
-9.921382 34.960997 -10.165347 2
-10.707382 35.479497 -10.154327 1
-11.549182 35.114697 -9.997487 5
-11.935882 34.772697 -10.862737 1
-10.950682 34.526897 -10.870787 1
-10.298282 34.882397 -11.516977 2
-10.864882 35.421497 -12.079297 14
-10.038682 35.961897 -11.987347 2
-10.330882 36.816997 -11.824367 14
-9.544282 36.580797 -11.342977 2
-9.415682 37.466197 -11.682117 2
-9.251382 38.363697 -11.951817 15
-10.208982 38.262397 -11.585987 14
-10.586082 39.134197 -11.951147 6
-11.412682 38.623397 -11.919967 14
-11.026282 38.226897 -12.673677 14
-10.532182 38.379397 -13.457177 15
-10.189582 39.303297 -13.669277 15
-9.586082 39.215097 -14.409677 14
-9.627282 40.109797 -14.716577 3
-8.674882 39.734997 -14.835177 2
-8.720882 38.892497 -15.379677 2
-8.134182 39.337797 -15.965377 8
-7.537482 39.919597 -15.421577 1
-7.352782 38.902497 -15.445077 2
-7.465382 38.159797 -14.881177 8
-7.980182 37.533697 -15.432677 9
-8.120482 36.735297 -14.868977 1
-8.440082 37.435197 -14.354977 14
-7.572682 37.293797 -13.991077 8
-7.356482 36.703597 -13.248877 2
-6.478382 36.995297 -13.397777 8
-6.266382 36.369597 -14.172877 9
-7.085082 35.992997 -14.486077 14
-7.511982 35.488597 -13.726377 5
-8.385682 35.672497 -13.482477 2
-9.187382 35.658197 -13.038177 2
-9.014682 35.512497 -12.124177 2
-9.165182 34.576597 -11.830917 2
-8.483582 33.996897 -11.481717 4
-7.546082 33.690597 -11.285127 7
-7.122782 34.534797 -11.267967 2
-6.851282 34.292197 -10.403377 3
-6.683682 34.173197 -9.524037 14
-5.954082 33.892697 -8.970737 1
-5.336082 33.813697 -9.679457 2
-4.463582 33.385297 -9.747817 1
-3.968982 33.330597 -8.930687 1
-3.550982 32.913697 -9.713717 1
-4.359482 32.494997 -10.217917 3
-4.792182 31.633797 -10.340337 12
-5.334182 31.070997 -10.961657 2
-5.713982 30.636397 -11.763737 8
-6.529882 31.062297 -11.854057 6
-7.510282 31.232997 -12.132647 14
-7.814182 32.132197 -12.081817 8
-8.510282 31.647197 -12.576777 6
-8.617382 32.636797 -12.656677 1
-8.436882 33.650697 -12.698377 2
-7.879482 34.108097 -13.334077 2
-7.885382 33.484797 -14.061477 2
-7.680282 32.468897 -14.098577 10
-7.316282 31.925897 -14.749277 1
-7.674982 32.626097 -15.364077 14
-7.318282 33.498597 -15.975777 3
-6.921082 34.226097 -16.461677 3
-5.976582 34.498097 -16.541577 14
-5.512282 34.872597 -15.779477 2
-6.318582 34.871697 -15.292977 3
-5.752982 35.636097 -14.920177 7
-6.132782 36.075097 -15.635877 14
-6.258982 36.995997 -15.886077 9
-5.832682 37.513997 -15.265277 2
-6.047382 38.410797 -14.944377 8
-5.749182 38.582097 -14.068277 8
-5.186682 37.855997 -14.443277 1
-4.541582 38.150597 -13.779277 1
-4.445282 37.206697 -13.782877 1
-4.176182 36.236397 -13.860877 1
-4.421782 35.969997 -14.750277 2
-3.518082 36.227597 -14.951577 15
-3.505582 35.301697 -14.958377 14
-3.436882 34.534897 -14.340477 5
-3.871182 35.063897 -13.725077 1
-4.625382 34.402497 -13.924277 2
-5.596382 34.518797 -13.799177 12
-6.330982 33.856197 -13.612877 11
-6.758682 33.993597 -14.584077 3
-6.806882 34.959997 -14.427277 5
-7.711382 34.566197 -14.245177 3
-8.657482 34.604597 -14.010077 2
-9.469582 34.514397 -13.553077 2
-9.589782 33.924497 -12.858577 2
-9.566382 33.599897 -11.975017 8
-10.441282 34.012897 -12.287377 2
-11.338582 34.024497 -11.965557 4
-11.257082 33.537297 -12.884077 2
-12.153382 33.660197 -13.107477 1
-12.435782 33.275797 -12.288877 1
-13.292282 33.538597 -11.858867 1
-13.917382 33.865997 -11.286587 3
-13.536982 34.713297 -10.919367 1
-13.353182 35.286497 -11.667237 1
-14.114082 35.750497 -12.134697 2
-13.456682 36.558297 -12.124197 14
-13.124982 35.903797 -12.770377 1
-12.294582 36.476397 -12.696777 14
-11.820282 35.680097 -12.876177 14
-11.088782 35.020297 -13.092877 2
-10.669782 35.922797 -13.064177 14
-10.294782 35.258297 -13.653077 2
-10.888282 34.815297 -14.280577 2
-11.756782 35.128697 -14.522077 9
-12.358982 34.405697 -14.535877 6
-13.040682 34.099197 -15.135477 2
-12.412482 34.435097 -15.725577 9
-12.405182 34.743897 -16.622077 9
-13.201982 34.229197 -16.615677 2
-12.562682 33.568197 -16.924877 9
-12.153482 34.188497 -17.439177 9
-13.010782 33.957597 -17.870477 6
-12.331682 33.624197 -18.412477 2
-13.233182 33.350097 -18.773977 6
-12.847182 32.532797 -18.933477 9
-12.271182 31.814497 -18.548777 2
-11.447982 31.606597 -18.103477 8
-11.654582 30.805297 -18.553377 14
-10.921482 31.184197 -19.099577 8
-10.356782 30.411197 -19.391477 3
-9.762782 31.034197 -18.918477 8
-9.355682 30.697597 -19.760677 2
-8.893482 29.855997 -19.515977 3
-9.670382 29.691897 -18.834677 14
-9.452082 30.407997 -18.199577 8
-9.144082 29.658697 -17.553377 8
-8.987782 28.607597 -17.764677 2
-8.680482 29.108997 -18.586677 2
-8.360782 30.108797 -18.355377 8
-7.724582 29.376297 -18.492177 6
-6.874382 28.913397 -18.441677 6
-6.130882 28.214897 -18.480977 2
-6.085182 28.460897 -19.429177 10
-5.646382 29.284497 -19.149277 12
-4.896782 29.740497 -18.867577 2
-4.591882 30.200197 -18.039277 1
-5.035782 30.966497 -17.621277 2
-4.702882 31.905097 -17.826977 14
-5.110082 32.244797 -16.991377 12
-5.805782 32.802497 -16.652677 3
-5.989882 31.888697 -16.319977 2
-6.202082 31.108397 -16.754177 3
-6.002982 31.655697 -17.553277 2
-6.006182 32.259597 -18.373377 2
-6.862082 32.326997 -17.848577 3
-7.735482 32.579197 -17.551577 3
-7.594782 31.611497 -17.393177 1
-7.715282 30.954197 -18.108577 8
-7.059982 30.553997 -17.467577 1
-7.839782 30.383797 -16.920677 2
-8.667682 30.095997 -16.551677 8
-8.683982 30.300497 -15.542177 1
-9.495382 30.145797 -16.061977 8
-10.135282 30.723497 -15.646477 3
-10.861282 31.266397 -15.585977 14
-10.147882 31.358397 -14.874777 1
-10.311882 32.315897 -14.902677 2
-10.493582 32.542997 -15.911277 2
-10.834782 33.222597 -16.516077 9
-11.516382 33.158997 -17.286577 9
-12.083982 32.367397 -17.077377 1
-12.965782 32.061497 -17.327677 2
-13.717382 32.595497 -17.754577 6
-14.725682 32.783197 -17.821977 6
-14.916582 31.818997 -17.927277 14
-14.458682 32.216897 -18.742177 1
-15.394482 32.003297 -18.912477 3
-15.974782 31.571797 -19.599777 2
-16.857182 31.428197 -19.228477 1
-17.293882 30.624597 -18.896477 8
-16.729582 29.960397 -19.172977 6
-15.766782 29.824897 -19.101177 2
-15.834682 29.742397 -20.048977 3
-14.870482 29.977597 -19.901377 1
-13.964482 29.664897 -19.816177 7
-13.062882 29.672697 -20.023777 2
-12.694882 30.408797 -19.586777 2
-12.814682 29.964697 -18.745877 12
-11.892782 29.500097 -18.550177 8
-12.628282 29.127197 -18.136977 2
-12.260182 28.238297 -17.851977 14
-11.621882 28.563997 -17.110077 2
-11.055382 29.226797 -17.514277 14
-10.245582 29.735897 -17.764577 8
-10.867882 30.150897 -17.166777 8
-11.402582 29.559197 -16.631177 9
-10.549582 29.291397 -16.347777 14
-10.770182 29.554797 -15.458277 3
-11.494982 30.234597 -15.269277 9
-11.909682 30.765297 -14.654277 3
-11.502282 31.584397 -14.809477 2
-11.315282 32.203697 -15.457577 1
-11.635082 32.995097 -15.895577 9
-12.113482 33.403397 -15.128177 10
-11.471882 34.052697 -15.317977 9
-10.505382 34.066497 -14.958577 2
-9.912482 33.826697 -14.269077 2
-10.585082 33.086497 -14.198977 1
-9.641182 32.779097 -14.130077 2
-9.980382 33.130097 -13.261677 2
-9.719382 32.265597 -13.022477 3
-10.216382 31.489497 -13.293977 1
-10.690682 31.846297 -14.100477 3
-11.545182 32.209597 -13.888177 1
-12.395982 31.807197 -13.767177 2
-13.254682 32.203997 -13.608177 1
-13.249782 32.770697 -14.331177 2
-13.988682 32.388697 -14.796177 8
-14.057482 32.982997 -15.550077 3
-14.227982 33.961497 -15.463777 14
-14.455482 34.115197 -16.406077 3
-15.228482 33.457597 -16.697277 2
-15.150382 33.691797 -17.695777 6
-15.386382 33.266597 -18.466577 8
-14.594982 33.222697 -19.082777 6
-15.339382 33.076697 -19.617977 8
-15.847482 33.800597 -19.997277 2
-15.330882 34.581797 -19.619677 6
-15.124882 35.506697 -19.375177 2
-15.361282 35.208497 -18.469177 6
-16.315182 35.062097 -18.236277 12
-16.260282 34.518497 -17.386477 2
-16.593482 34.640497 -16.426977 12
-16.467682 35.629897 -16.599277 2
-16.614482 35.302897 -15.662377 3
-17.252782 35.847297 -15.246777 1
-16.592182 36.525097 -15.489677 3
-15.882182 36.277197 -14.939677 2
-15.497582 37.103097 -15.075877 1
-15.019582 36.793197 -15.813877 1
-14.477482 36.999997 -15.121577 1
-13.679482 37.099897 -14.608577 2
-12.991282 36.787497 -14.042477 4
-12.463282 37.373097 -13.458777 14
-12.111182 37.200897 -14.398077 14
-12.322482 37.666797 -15.325177 8
-12.410082 36.717897 -15.579877 6
-11.639782 36.204197 -15.574877 9
-11.542382 36.208697 -14.598677 14
-10.936382 36.849697 -14.935677 2
-10.646182 36.866897 -14.080477 14
-10.098782 36.170397 -14.574977 2
-10.177882 36.104197 -15.572577 1
-10.739182 35.700397 -16.193377 9
-10.575882 35.133697 -15.416577 2
-10.645582 34.525197 -16.079977 9
-9.817582 34.439197 -15.722077 2
-9.922382 34.054397 -16.630577 9
-9.507982 33.229097 -16.303677 2
-8.923382 32.666597 -15.669077 6
-8.419682 33.338297 -16.130077 3
-7.846882 32.658297 -16.399477 3
-8.714382 32.292697 -16.676877 2
-8.787982 31.796797 -17.585477 8
-9.556182 31.327797 -17.797677 8
-9.816082 32.189097 -17.412577 2
-10.386282 31.447797 -17.188277 8
-9.933682 31.608197 -16.402677 3
-8.997882 31.278097 -16.614477 8
-8.871582 31.319397 -15.670777 1
-8.872282 31.257797 -14.663977 10
-8.931582 31.456597 -13.688977 1
-8.680682 32.394197 -13.929977 2
-8.803682 32.962597 -14.714777 2
-8.221682 33.656597 -15.165977 3
-9.045182 33.961897 -14.855477 2
-8.562782 34.694097 -15.158477 3
-9.030882 35.565097 -15.258677 2
-8.180882 35.497897 -15.787077 3
-8.750582 36.378397 -15.949677 7
-9.576382 36.914497 -15.720677 6
-9.192882 37.735197 -15.350977 8
-9.942382 38.136797 -14.905377 4
-10.751182 38.183797 -14.393077 14
-10.874382 39.043697 -14.838377 6
-11.715182 39.512397 -14.984377 3
-12.420682 39.173197 -14.374377 2
-12.317482 38.355597 -13.880977 14
-11.650882 39.013497 -13.673577 14
-12.097882 39.736597 -13.199677 3
-11.107482 39.784397 -13.300077 2
-10.550482 40.602297 -13.237377 13
-10.466882 40.155497 -12.385777 6
-9.777882 40.810097 -12.325977 5
-9.925282 41.733597 -12.265677 2
-10.415382 42.552397 -12.062107 3
-11.256982 42.275297 -12.565677 2
-11.459782 42.043497 -13.485677 3
-11.199682 43.002797 -13.689777 2
-11.035582 42.707397 -14.596777 7
-11.238382 42.668797 -15.555377 1
-10.548582 42.076897 -15.854977 10
-10.522082 41.122497 -15.598477 1
-9.983282 40.662797 -16.171777 3
-10.400782 41.156497 -16.918477 3
-10.743582 40.365497 -17.326177 5
-11.421682 39.975397 -17.804877 8
-12.139982 39.538897 -17.342477 3
-12.610982 38.654297 -17.312977 1
-13.251282 39.306797 -17.782777 1
-12.690582 39.495097 -18.601077 10
-12.467182 39.327797 -19.497677 3
-13.351982 38.966997 -19.433177 3
-14.054382 39.328897 -18.787877 8
-14.944382 39.018697 -18.364277 9
-14.476282 39.698897 -17.928477 1
-15.167482 39.554997 -17.283077 9
-15.705782 38.837997 -17.694077 3
-16.612882 39.123797 -17.993277 1
-16.912682 40.019197 -18.120577 9
-16.588982 40.323997 -19.006477 14
-16.110282 41.130297 -18.630077 12
-16.628582 41.377697 -17.883677 10
-17.166382 41.911597 -18.508577 1
-18.053082 41.702497 -18.577277 9
-18.319182 42.432497 -19.110677 13
-18.995882 43.002197 -19.586477 5
-18.330082 43.647097 -19.467277 3
-17.322382 43.795497 -19.329877 4
-17.612482 44.247797 -18.415777 14
-17.704382 43.356097 -17.923077 3
-16.783682 43.177497 -17.605777 3
-16.262682 43.878997 -17.991677 2
-16.156982 44.173897 -18.935977 3
-15.207382 43.811897 -19.061677 9
-14.390082 44.244297 -19.423577 2
-13.785782 44.775997 -18.828277 1
-12.964782 44.435797 -19.095377 1
-12.119082 44.698297 -19.555277 10
-11.513382 44.080697 -20.045077 3
-11.624182 43.230497 -19.575677 8
-10.987182 43.362297 -18.936077 7
-10.229682 43.892897 -19.090877 6
-9.460482 43.620797 -18.579777 1
-8.847282 44.382797 -18.693077 3
-8.291982 44.163797 -17.957877 2
-7.617282 43.528697 -18.146377 10
-7.635782 44.278997 -18.788877 2
-7.701682 45.101197 -19.278477 1
-6.758682 45.436297 -19.503877 3
-6.214282 44.756497 -19.086877 3
-5.432782 44.210197 -19.262477 9
-5.491782 43.297597 -19.452377 6
-5.183482 42.404897 -19.594577 3
-5.719682 41.757397 -20.123877 6
-5.280182 41.005197 -19.891777 8
-4.877082 40.299797 -20.353877 4
-4.919382 39.994397 -19.456677 6
-4.916882 38.933697 -19.658077 3
-5.836882 38.708297 -19.732177 13
-6.569782 39.124397 -19.322477 9
-7.459682 38.810797 -19.729877 6
-8.282682 39.316897 -19.665777 9
-8.824882 38.425797 -19.554877 12
-9.095282 37.656497 -20.019977 3
-8.820182 36.816497 -19.552377 3
-8.232682 36.054597 -19.543477 14
-8.640082 35.379097 -18.975077 5
-8.991882 35.424197 -19.841377 14
-9.895482 35.707797 -19.847677 3
-10.497182 34.973597 -19.515577 5
-11.369882 35.465897 -19.478377 3
-11.823682 34.612697 -19.304477 9
-12.222782 34.086597 -20.061177 8
-11.512982 34.491897 -20.581177 10
-10.672582 35.039897 -20.659877 3
-9.821182 34.697397 -20.389077 9
-9.196982 34.391897 -19.720077 5
-8.227982 34.491597 -19.801977 3
-8.153382 33.538797 -19.584977 5
-7.377982 33.296897 -20.046377 10
-6.916182 32.762097 -19.297977 1
-7.031882 33.651197 -18.869977 1
-7.076582 33.476897 -17.918877 3
-6.144082 33.107197 -17.740177 3
-5.788882 33.539297 -18.526877 1
-5.693882 34.321997 -19.098977 9
-4.730082 34.355297 -18.887577 1
-4.219082 33.734197 -18.362777 3
-3.610082 34.117297 -19.090577 1
-3.946582 34.436997 -19.906577 4
-3.651882 35.217097 -20.269277 1
-4.286082 35.822797 -20.667877 1
-4.639682 35.485397 -21.507377 3
-4.304482 35.924397 -22.302477 4
-5.325282 35.731697 -22.177677 9
-5.910782 35.435497 -22.840077 6
-6.367982 35.734597 -22.032577 11
-7.255182 35.437197 -21.891877 6
-7.586982 34.648197 -21.312977 3
-8.277382 34.955897 -21.846377 13
-7.933182 35.216697 -22.692377 6
-8.637582 34.704497 -23.193477 10
-9.204482 34.352297 -23.905077 3
-9.193882 33.469897 -23.466177 3
-9.760782 32.862597 -23.919477 3
-10.421882 32.648297 -23.303477 3
-10.236082 31.797197 -22.906177 15
-10.025482 31.860497 -21.935377 13
-10.634582 31.878597 -21.160177 3
-10.676582 32.708497 -20.691877 6
-10.200282 32.755497 -19.851177 5
-9.942382 31.984897 -19.362377 8
-9.002882 31.906897 -19.512377 8
-9.325182 32.072197 -20.424877 4
-9.241882 32.948097 -20.759977 3
-9.691582 33.736897 -20.417177 5
-9.655282 34.105397 -21.337377 1
-10.343982 34.147197 -22.099577 9
-9.662282 34.227897 -22.777677 3
-9.652182 35.229297 -22.961177 4
-10.304882 35.676097 -23.513577 9
-10.604882 34.817397 -23.298977 3
-11.494782 35.243897 -23.619877 9
-11.684582 34.327097 -23.912177 12
-11.053482 33.859097 -24.469477 3
-11.196682 33.431097 -23.629877 3
-12.052682 32.998097 -23.879677 6
-12.501482 32.665097 -23.122977 1
-12.179282 32.043197 -22.282977 1
-12.667182 31.502697 -22.854277 5
-13.075582 30.595097 -22.961877 1
-13.292282 30.243197 -22.073877 2
-14.001482 30.803597 -21.603077 3
-14.706282 30.702697 -20.854177 10
-15.471282 30.397597 -21.388777 3
-15.635282 30.664397 -22.270977 5
-15.306882 30.399897 -23.183877 1
-14.747882 29.740297 -22.859677 3
-14.067982 29.601597 -22.127377 6
-13.471982 28.968497 -22.401377 5
-12.881082 28.874097 -23.129777 14
-12.374082 29.464597 -23.726477 9
-12.493882 29.453297 -24.702177 3
-11.638182 29.889297 -24.837177 9
-11.330882 30.565797 -24.263077 10
-10.543282 31.051697 -23.930877 9
-10.117982 31.844597 -24.316777 3
-9.211982 31.755997 -24.842577 13
-9.808082 32.576997 -24.962677 3
-10.166382 33.450097 -24.822477 3
-9.875582 34.327197 -24.728177 3
-10.315582 35.165397 -24.583477 9
-10.967382 34.826197 -25.158977 3
-10.821382 35.799597 -25.223377 9
-11.320182 36.003797 -26.007177 13
-11.949482 36.152397 -25.175777 4
-12.625582 36.225497 -24.560077 6
-12.181682 36.060897 -23.715877 9
-12.547382 35.179597 -23.990277 1
-12.617482 34.125397 -24.167077 4
-12.053282 34.396297 -24.920877 9
-12.574482 34.547197 -25.726477 1
-11.731782 34.122797 -25.919077 3
-11.645682 33.812097 -26.904977 1
-11.874582 33.143197 -26.263577 6
-12.049482 33.054297 -25.306077 1
-11.116882 33.115097 -25.405377 3
-10.701982 32.250297 -25.520477 3
-10.812082 31.361397 -25.226277 1
-11.490582 30.846297 -25.566677 8
-10.963982 31.357497 -26.261977 9
-10.817082 32.317797 -26.435077 3
-9.852982 32.274597 -26.650077 3
-10.328182 32.602197 -27.462577 6
-9.688882 32.552697 -28.127177 5
-8.899382 32.921497 -28.470777 11
-9.177882 33.807197 -28.146977 5
-9.383682 34.357297 -27.351777 5
-9.667082 34.053997 -26.447677 3
-9.413282 33.793797 -25.563777 3
-8.501982 33.452397 -25.667777 3
-7.837982 32.945797 -26.208577 10
-8.437882 33.415297 -26.802977 8
-7.562282 33.694997 -27.184577 1
-7.788782 34.319497 -27.873977 5
-6.871082 34.316097 -28.030577 15
-6.030482 34.155897 -27.581777 9
-6.013482 33.768197 -28.430377 12
-5.733982 33.077097 -27.849977 14
-5.363582 32.189397 -27.716977 3
-5.179682 31.787297 -26.862977 8
-5.580182 31.096197 -26.314177 1
-6.289182 31.788297 -26.098777 3
-7.090982 31.668597 -25.658277 1
-7.380482 31.688197 -24.749277 4
-8.121682 31.794397 -24.151777 3
-8.216782 32.717097 -24.138477 3
-7.360182 33.216197 -24.166677 10
-7.935582 33.559797 -24.897677 3
-8.221582 34.003097 -24.060877 3
-7.484482 34.667397 -23.881477 6
-7.333082 35.552197 -23.565877 6
-6.658682 36.119997 -24.054277 6
-7.483682 36.580897 -24.389677 6
-8.262582 36.765297 -23.864277 9
-8.537682 36.321297 -23.046277 4
-9.085182 35.840097 -23.697977 9
-8.419982 35.783297 -24.350677 6
-8.867382 36.328697 -24.972577 9
-9.015882 35.486397 -25.444477 3
-9.687282 34.834497 -25.618577 3
-10.179282 35.527597 -26.065177 13
-10.603382 34.725497 -26.535977 3
-10.564382 33.823097 -26.858577 3
-10.802482 34.418897 -27.582477 5
-10.572982 35.425397 -27.465577 1
-9.571982 35.356797 -27.539677 5
-9.249082 35.369797 -26.603077 3
-8.452482 35.885097 -26.236377 3
-9.153982 36.492297 -26.507977 1
-9.614282 37.189597 -26.017577 13
-9.717382 37.079597 -25.082277 9
-9.862182 38.031097 -25.263977 10
-10.351682 38.836697 -24.945377 1
-10.972882 38.522097 -24.202177 9
-11.661682 39.005997 -24.607077 5
-11.842382 38.468097 -25.359277 3
-12.503382 37.710997 -25.393677 1
-12.631982 37.470997 -24.442777 3
-13.338582 38.064997 -24.687977 1
-13.482682 38.008297 -23.772777 15
-13.545982 37.449197 -23.032477 3
-13.883782 36.939897 -23.807577 8
-13.773082 36.196297 -23.153677 6
-13.316482 36.518797 -22.344977 5
-13.470582 36.633397 -21.409577 3
-12.914182 36.015097 -21.017477 6
-12.068882 35.985597 -20.489377 3
-11.634482 36.778997 -20.886477 3
-11.949482 36.310897 -21.598777 8
-11.519482 35.474097 -21.893277 8
-10.697582 35.735497 -22.322077 9
-10.002282 35.343597 -21.826477 4
-9.912682 35.887097 -21.036877 3
-9.846582 36.621797 -21.666277 4
-10.566082 36.911997 -21.136177 3
-10.324282 37.704697 -21.874277 3
-10.571182 36.996997 -22.547177 9
-9.722782 36.641497 -22.914677 4
-10.386982 36.861897 -23.611677 9
-11.223482 37.164197 -24.004277 9
-11.555282 37.400097 -24.805977 14
-10.753582 36.868097 -25.052077 9
-11.143282 37.234297 -25.815777 13
-10.581382 37.823697 -26.393977 3
-10.255482 37.291597 -27.074577 9
-9.796582 36.427797 -27.265577 13
-10.028782 36.196397 -28.134877 3
-9.560782 35.531797 -28.716777 5
-9.137682 36.394897 -28.667777 1
-8.776482 36.723497 -27.850677 15
-8.282582 35.936497 -28.154477 3
-8.016482 35.653197 -27.300477 10
-8.182082 34.672697 -26.934077 3
-7.243182 34.864197 -26.682777 1
-6.522382 34.658497 -25.972577 1
-6.368982 35.074197 -25.112277 6
-6.934082 34.362697 -24.762977 6
-7.692682 34.344397 -25.440377 3
-8.027482 35.237697 -25.536177 3
-7.480382 35.937597 -25.859777 6
-6.823682 36.333397 -25.190177 6
-5.923182 36.099097 -25.642877 1
-5.190582 36.594697 -25.146777 10
-6.055082 36.872197 -24.739777 3
-6.090982 37.826597 -24.523677 5
-5.143782 37.943497 -24.639977 3
-5.005282 38.141997 -25.598477 8
-5.615882 38.816497 -25.759277 6
-6.507282 38.625097 -26.043577 10
-7.325882 39.186897 -25.968777 5
-8.267882 39.181297 -26.136777 3
-8.313282 39.379197 -25.199077 13
-7.624082 38.791897 -24.920777 11
-8.111382 38.072097 -24.545777 3
-9.072182 37.937897 -24.268977 9
-9.641282 37.866297 -23.488677 9
-8.683982 37.586697 -23.155977 6
-8.321282 38.104597 -22.385177 5
-8.916682 37.908497 -21.574377 3
-9.067382 37.149897 -21.011177 3
-8.638382 36.312897 -21.280877 4
-8.116082 36.287197 -22.029577 4
-7.549182 36.871497 -21.542577 1
-8.096282 37.545397 -21.082677 1
-8.073182 38.453897 -21.521877 8
-7.967482 39.303497 -21.971877 1
-8.754982 39.158697 -22.665077 3
-9.550582 38.918897 -23.193877 1
-10.467782 38.989197 -23.495377 9
-10.531082 38.918297 -22.533577 9
-11.001482 38.839797 -21.689877 3
-10.470082 38.836397 -20.851777 3
-10.744482 38.351297 -20.028777 3
-10.641182 39.074297 -19.297977 1
-11.242982 39.653597 -19.799677 10
-12.006082 40.228797 -19.999377 15
-12.299682 39.444597 -20.486677 3
-11.624782 39.699397 -21.109177 3
-11.961282 40.262997 -21.887877 5
-12.970882 40.530197 -22.073277 6
-13.227482 40.311597 -21.106977 9
-13.783882 39.788597 -20.562477 5
-13.359382 39.284097 -21.312677 9
-12.553882 38.770097 -21.216477 3
-12.290082 37.879997 -20.985977 3
-11.911282 38.197897 -21.787777 3
-11.541282 38.427397 -22.659277 9
-11.692082 37.473597 -22.849177 9
-12.577482 37.231997 -22.569277 6
-13.179582 37.557497 -21.886277 5
-13.353982 37.878897 -20.899577 3
-13.482882 37.660197 -19.959777 3
-14.415182 37.575297 -20.131577 10
-14.743282 36.813497 -20.699177 3
-15.527482 36.528397 -21.104477 13
-16.197582 36.938097 -20.492077 6
-16.645782 37.109697 -21.293377 3
-16.696782 36.198297 -21.636177 5
-16.252382 35.376297 -22.065777 6
-16.749682 34.582497 -22.417077 13
-17.652482 34.972897 -22.150677 1
-18.213082 35.688297 -21.832977 3
-18.278282 35.940897 -20.883277 6
-17.671582 36.424497 -20.302677 1
-17.036982 35.946097 -19.681977 6
-16.963682 36.598797 -18.961477 4
-15.998382 36.413197 -19.114477 12
-16.026182 36.986397 -18.338277 14
-15.081682 37.424897 -18.340977 4
-14.633582 36.561597 -18.377277 3
-13.891782 37.110297 -18.703077 11
-13.093682 37.564797 -18.935877 8
-12.367682 37.506297 -19.532977 3
-11.698682 37.695597 -20.167077 3
-11.658482 38.499797 -19.624777 3
-11.882782 38.371597 -18.711177 4
-11.859982 37.630397 -18.009677 13
-11.662382 36.777297 -17.619077 9
-11.430782 36.639997 -18.532077 3
-12.088382 35.988197 -18.821177 1
-12.603482 36.431897 -19.547977 3
-12.925082 35.558197 -19.343277 1
-12.832082 35.012897 -20.146477 3
-13.360282 34.560097 -19.490377 4
-13.800682 34.635397 -18.562277 6
-14.372082 34.759797 -17.799377 6
-14.313882 35.623497 -17.385477 3
-14.022682 35.193897 -16.587077 10
-13.321582 35.864797 -16.447577 1
-12.624082 36.396797 -16.841677 1
-11.859782 35.777397 -16.631677 9
-11.341282 34.992997 -16.844777 9
-11.983582 35.152297 -17.716077 6
-11.052982 35.020597 -17.846377 9
-10.579982 34.340797 -18.450977 5
-11.212282 33.702097 -18.701277 1
-10.948282 32.769897 -18.769777 3
-10.110082 32.920397 -18.332077 8
-9.602482 33.706797 -18.622777 5
-9.903382 34.131297 -17.760377 9
-9.046982 34.634697 -17.893077 5
-8.103882 34.794897 -18.054777 15
-7.651982 34.729997 -17.183177 3
-6.855282 35.154997 -16.992777 13
-7.273682 35.223797 -16.147577 3
-7.357082 36.118497 -16.547477 10
-7.787082 36.806097 -17.083777 8
-7.941182 37.051797 -18.040277 3
-8.362282 36.356697 -18.508177 1
-9.196282 36.112897 -18.133677 13
-10.045782 35.716597 -17.861677 9
-10.027082 36.297597 -18.596677 6
-10.475682 36.719197 -19.426277 3
-10.737482 37.269497 -20.141277 3
-10.023182 37.718697 -19.593877 3
-9.901882 38.059097 -18.679177 13
-10.340782 37.353997 -18.322777 3
-10.645882 37.018197 -17.481677 9
-10.144682 37.100097 -16.639577 11
-10.006082 36.101097 -16.793077 9
-9.181582 35.837997 -17.138277 13
-9.193282 34.965997 -16.711777 9
-8.777182 34.060197 -16.827577 3
-8.832182 33.503597 -17.620577 10
-8.019682 33.480197 -18.055277 3
-8.467682 32.931697 -18.772277 5
-8.055082 32.079397 -18.525877 8
-7.919982 31.862697 -19.410077 4
-7.545082 32.143297 -20.283177 3
-8.056082 32.169297 -21.067977 6
-7.809482 32.884397 -21.593577 15
-7.753982 33.741697 -22.031777 3
-7.438782 33.866297 -22.969377 6
-6.675682 34.075897 -23.621977 6
-5.887682 34.413697 -23.188977 6
-5.214082 34.946297 -23.494577 5
-5.407982 35.380097 -24.369377 6
-4.871582 35.044797 -25.131277 3
-4.730582 35.751997 -25.818677 5
-5.529282 35.566897 -26.448677 1
-4.905382 34.991297 -26.957777 10
-4.577782 34.830697 -27.834377 1
-4.579282 33.872697 -27.498377 3
-3.669382 33.799897 -27.191477 1
-3.490582 32.883597 -27.442277 3
-3.378382 31.897397 -27.352777 1
-3.586882 31.687597 -28.299477 3
-3.850882 30.783497 -28.562077 1
-3.480282 29.934197 -28.257777 3
-3.589382 29.061297 -28.753477 10
-3.242782 28.748097 -29.646377 3
-3.964182 28.208697 -29.580777 4
-4.510782 28.962297 -29.302477 1
-5.048982 28.198297 -28.940077 1
-4.396482 27.972397 -28.300777 5
-4.716182 27.053297 -28.385477 3
-4.887882 27.213697 -27.374377 10
-5.047882 27.704497 -26.618377 6
-4.400782 27.202697 -26.097277 11
-4.793482 27.056697 -25.254877 4
-3.759582 27.084197 -25.257977 9
-4.076482 27.469497 -24.421977 3
-3.729482 26.999897 -23.592577 14
-3.609082 26.184117 -24.097377 12
-2.782652 25.664737 -24.086377 4
-2.704292 25.576657 -25.077277 5
-1.804822 25.860067 -25.146477 9
-1.647172 25.415437 -25.988077 3
-2.425822 25.407267 -26.595677 9
-3.405182 24.911167 -26.443877 4
-3.374382 24.015137 -26.144477 10
-3.447882 23.029727 -26.329277 13
-3.556782 22.582657 -25.463677 10
-2.669772 22.177947 -25.559777 1
-2.518972 21.294097 -25.327177 8
-2.604152 21.141517 -26.264177 13
-2.761282 20.376167 -25.683077 3
-2.255782 19.524107 -25.637077 13
-2.364382 18.649157 -25.241977 10
-1.764402 18.381937 -24.445677 6
-1.518532 17.643297 -25.036677 4
-1.485332 17.486987 -24.100777 6
-0.805672 16.907135 -24.511677 10
-0.351192 17.403447 -25.156077 9
0.050508 17.815157 -26.005877 1
-0.394272 18.532127 -26.438877 4
-0.893622 19.165077 -26.977977 13
-0.699752 18.407397 -27.542477 4
-0.165022 17.699447 -27.935077 5
-0.706872 18.177717 -28.579277 3
-1.124542 19.047807 -28.618577 13
-1.117702 18.609247 -29.492277 3
-1.916312 18.947777 -29.998677 10
-1.989122 19.063507 -29.078377 13
-2.079692 18.105377 -29.286777 6
-2.796072 17.476357 -29.500177 4
-2.313242 16.679787 -29.880077 1
-2.437892 15.711098 -29.927677 5
-2.198162 14.960127 -30.458677 4
-1.794792 14.179697 -30.014877 8
-1.534512 13.560987 -29.317877 4
-2.357092 13.260527 -28.911877 3
-3.288682 13.518537 -28.612677 11
-4.209782 13.776977 -28.899277 10
-4.208082 13.530967 -27.948477 10
-3.822682 14.349517 -27.694777 10
-3.300682 13.843197 -27.064577 9
-3.414682 13.750327 -26.121477 6
-4.318882 13.654277 -25.726777 4
-5.211982 13.925757 -25.978077 10
-5.786582 13.184217 -25.815777 11
-6.150582 12.936017 -24.954177 4
-6.977382 12.927987 -25.482377 11
-7.613382 12.722057 -24.789777 4
-7.961982 13.235697 -24.033777 10
-8.805782 13.313497 -23.478777 5
-9.807882 13.185517 -23.425177 13
-10.143482 13.650697 -24.181677 13
-10.327282 14.594787 -24.364277 10
-10.430082 15.521446 -23.998777 4
-10.582282 16.358924 -24.453677 1
-10.397282 17.286707 -24.419277 1
-11.355582 17.21496 -24.472277 6
-11.966582 16.519632 -24.518577 13
-11.431282 15.904009 -25.044977 3
-11.100582 16.124681 -25.917277 5
-10.451082 16.706409 -25.434677 10
-9.752382 16.985593 -26.133877 1
-8.832182 16.904283 -26.153877 6
-8.880982 17.289899 -27.028777 1
-8.307382 16.776155 -27.631177 12
-7.445882 16.507777 -27.349177 4
-7.412982 17.148514 -26.600877 4
-7.650482 16.86647 -25.739777 4
-7.404882 16.605221 -24.782777 3
-7.675382 16.507058 -23.844777 6
-8.477382 16.424638 -24.393677 9
-8.838982 16.53615 -23.478877 4
-9.245882 15.982088 -22.786777 15
-10.116982 16.412958 -23.077977 13
-10.504382 16.722349 -22.263177 9
-10.622582 17.325377 -23.001777 10
-11.365982 17.909157 -22.599777 1
-11.270582 17.524587 -21.687877 8
-10.672782 17.126644 -21.091377 2
-9.866682 16.756279 -20.705477 13
-10.305082 16.582734 -19.861777 3
-9.870682 16.397243 -19.016377 1
-9.190982 16.05093 -18.475977 11
-9.303282 16.981373 -18.157777 13
-8.483782 17.364707 -17.900977 10
-8.231582 17.825797 -17.023077 4
-7.571282 18.504997 -17.384577 13
-7.003482 19.001147 -17.986777 5
-6.807882 19.590787 -17.280977 4
-6.915582 20.407187 -17.820577 10
-6.314682 20.174677 -18.582777 15
-5.850782 19.330917 -18.535477 4
-5.137182 19.001647 -19.155977 3
-5.394982 19.265777 -20.041477 1
-4.737082 18.847087 -20.605777 9
-4.488182 18.779447 -21.563277 4
-4.400882 17.959427 -22.159077 1
-4.088182 18.392717 -22.959777 10
-3.482582 18.141987 -23.659477 10
-3.190792 17.603977 -22.929277 6
-3.112432 16.70784 -22.531777 3
-2.506282 16.880506 -21.712477 1
-2.156202 17.682867 -22.130577 1
-1.772732 17.370227 -23.034777 6
-2.154122 16.816151 -23.702577 1
-2.644602 16.236617 -24.390377 4
-2.671142 16.821521 -25.175677 1
-3.162522 17.540177 -25.499777 10
-3.234682 18.421157 -25.901677 10
-2.392452 18.785977 -26.221277 13
-1.648102 18.468757 -26.808877 13
-2.110332 17.780757 -26.422577 11
-1.604812 17.033489 -26.634477 8
-1.232382 16.172545 -26.319977 5
-0.357832 16.639518 -26.017577 10
0.381038 15.938476 -25.923477 13
0.758348 15.073617 -26.154077 4
-0.137862 14.828517 -26.168477 3
-0.139072 14.898667 -25.217877 4
-0.760282 15.073507 -24.552277 10
0.128958 15.282057 -24.208877 1
0.564908 16.114801 -24.555577 5
0.148658 16.806115 -24.058977 8
0.174198 17.198158 -23.193077 9
-0.427412 17.926087 -22.953977 6
0.475838 18.194617 -22.593177 5
0.385408 19.170417 -22.651677 4
-0.429792 19.043887 -23.230177 6
-0.554082 19.970877 -22.767077 4
0.003688 20.725647 -22.545677 4
0.197008 21.594337 -22.138877 3
0.646148 21.241557 -21.341677 15
-0.242562 20.766677 -21.372377 4
-1.018652 20.928047 -20.804677 13
-0.629332 21.698747 -20.437377 10
-0.056982 22.239057 -20.865577 1
0.878088 22.345377 -20.627877 11
1.227808 22.686497 -19.798077 11
1.879248 22.047987 -19.890577 10
2.240998 22.178887 -20.764877 1
3.187868 22.132337 -20.493677 13
4.106078 21.766057 -20.496677 4
4.377148 21.920497 -21.466877 4
3.775958 21.333577 -21.955177 13
3.989498 21.621957 -22.857177 8
4.420788 20.755647 -22.937877 12
3.876348 20.192027 -23.573577 10
4.038528 20.895067 -24.207177 9
3.152978 20.882897 -24.096177 5
2.691428 21.188737 -23.295477 3
2.751808 21.794617 -22.538677 13
2.379938 21.095397 -21.963277 6
1.485038 21.477847 -21.975077 10
0.970798 20.728757 -22.321477 4
1.258208 19.811987 -22.356277 4
2.173508 19.608577 -22.671677 3
2.468978 18.927237 -22.110677 1
3.069828 19.041237 -21.364477 3
2.383908 19.427867 -20.839277 10
1.522938 19.576667 -20.770777 1
0.807148 20.166757 -20.785577 4
0.488808 19.315677 -20.433877 1
0.323798 18.892487 -21.257577 4
0.113058 18.050757 -20.826177 1
-0.248932 17.808927 -19.998577 1
-0.842992 17.649287 -19.192177 15
-1.593412 17.690467 -19.720677 1
-1.711752 17.598937 -20.673977 10
-0.841112 17.373707 -20.944677 10
-0.735802 17.723257 -21.847177 13
-1.274762 18.417027 -22.225377 6
-0.756572 19.240157 -21.993177 4
-0.870922 19.949147 -21.314777 4
-1.227482 19.602627 -20.493577 10
-0.575242 19.993587 -19.909977 6
-1.312802 20.140877 -19.318577 3
-2.096012 20.429577 -18.890777 9
-2.854122 20.466717 -19.544877 10
-2.849622 21.325767 -19.981277 1
-2.516382 21.040177 -20.869377 13
-3.540382 21.194927 -20.915577 11
-4.089282 20.733987 -21.617477 11
-3.474482 21.012607 -22.299777 5
-3.540682 20.066697 -22.611877 10
-2.681152 20.097557 -23.085877 10
-1.736332 20.245807 -22.877177 4
-1.374062 20.222607 -23.747677 4
-1.202642 19.278137 -23.881177 6
-1.451372 19.207467 -24.820777 13
-0.485082 19.293797 -24.993677 8
0.001268 19.579167 -24.162377 4
0.819088 19.169037 -24.064277 10
1.309978 19.103057 -23.236277 4
1.391198 18.090137 -23.261277 8
1.732038 17.463087 -23.936477 12
0.932348 17.583957 -24.483077 13
0.246318 18.256767 -24.621877 6
0.421938 18.575687 -25.520177 3
1.187258 18.040147 -25.905677 1
1.528388 18.876157 -25.668177 1
1.078828 19.756357 -25.481477 3
1.498758 20.164017 -24.739577 13
0.691338 20.467777 -24.309177 4
-0.155952 20.408187 -24.810377 4
-0.370502 20.425577 -25.755177 1
-0.862542 20.019757 -26.507177 13
-1.424612 20.317157 -25.824477 13
-1.051942 20.848127 -25.117177 1
-0.921152 21.338717 -24.266277 4
-1.950882 21.595287 -24.377577 5
-2.752762 21.153907 -24.202377 9
-2.876032 20.175547 -24.617277 10
-2.716062 19.240297 -24.351077 10
-2.163262 19.051807 -23.585377 6
-2.261162 18.582657 -22.709377 6
-2.651862 19.364927 -22.337877 10
-2.850332 19.399777 -21.455677 11
-2.116662 19.889107 -21.101477 13
-2.105622 20.394067 -21.890077 15
-2.005112 21.138097 -22.562477 4
-1.367592 21.806317 -22.371377 4
-1.119272 22.797257 -22.267377 10
-1.798582 23.324387 -22.745177 3
-1.446922 24.054257 -23.422777 4
-1.232362 23.581307 -24.195777 10
-0.346642 23.424297 -24.462577 9
-0.241642 24.367637 -24.416277 10
0.322978 25.031707 -24.919677 9
0.861308 25.487677 -24.168177 4
1.559548 25.760497 -23.641277 7
2.159088 25.516377 -22.902977 10
2.635058 26.325797 -23.207677 8
2.419418 26.993697 -23.895577 1
3.213228 27.363197 -24.255277 5
4.113418 27.286497 -24.604577 4
4.536648 26.764597 -23.942877 13
4.409048 25.957947 -24.482077 5
5.249938 26.265447 -24.775377 9
5.607358 25.842677 -25.582377 10
4.734008 25.716747 -25.872477 3
4.264818 25.269197 -26.625177 13
4.033748 24.900957 -27.434877 4
4.408238 24.730457 -28.299377 5
3.887338 24.528827 -29.089177 1
4.030338 23.554217 -28.991677 10
3.899348 23.391687 -28.053677 12
3.530928 22.538687 -28.119277 4
4.416028 22.496487 -27.791777 6
5.121928 22.733247 -27.171677 1
5.048628 21.803607 -26.902777 4
4.642068 20.967647 -26.897477 1
3.941958 20.620007 -27.462477 10
3.327728 20.036837 -28.127977 1
2.476228 19.609917 -27.893077 10
2.117478 20.342967 -27.377077 1
1.267778 20.124147 -27.112077 3
0.735728 20.472597 -27.832177 4
-0.192492 20.250287 -27.530877 6
-1.169722 19.979467 -27.536077 13
-1.448002 20.871487 -27.811377 13
-1.494162 21.790567 -28.061277 4
-0.866092 21.280437 -28.539177 3
-0.042132 21.567477 -28.997777 8
-0.816572 21.545187 -29.607077 4
-1.162772 20.667807 -29.307177 13
-1.018362 20.811167 -30.286577 14
-1.631162 20.204457 -30.650377 10
-2.288592 20.366767 -31.339977 10
-1.682142 20.028657 -32.049777 11
-2.365852 19.381537 -32.335977 4
-2.840612 20.165387 -32.544577 13
-2.388342 21.026037 -32.304577 11
-3.240882 21.381927 -31.897877 10
-3.972082 21.956957 -32.322277 15
-4.444382 21.094607 -32.129977 9
-4.400982 21.148667 -31.097077 10
-4.281882 20.143207 -31.039577 10
-5.035682 19.690157 -31.371877 6
-5.902382 19.660997 -31.042177 9
-5.377282 20.253437 -30.330677 10
-5.449782 19.558627 -29.674677 5
-5.638482 18.567357 -29.726577 6
-6.373482 18.213397 -29.132477 13
-6.529482 17.478217 -28.561877 4
-6.558482 16.695657 -28.024277 4
-7.371082 16.928977 -28.445277 4
-7.962982 17.320317 -29.122877 5
-7.252082 17.183358 -29.769577 4
-7.451282 16.722845 -30.584177 1
-7.941082 16.798358 -31.492277 1
-7.089082 16.368678 -31.521277 10
-7.615982 15.848849 -32.152277 8
-7.683682 15.181397 -32.828977 10
-8.197582 14.452017 -33.188977 3
-8.831182 14.514627 -32.394177 4
-8.411382 13.628097 -32.550477 1
-7.700882 13.345087 -31.990577 5
-7.499582 12.628517 -32.504977 10
-7.425682 11.830787 -31.845777 4
-7.026282 11.590517 -30.986077 13
-7.097282 12.568387 -30.899277 13
-6.347482 12.450167 -31.540877 1
-5.390582 12.418097 -31.522477 7
-5.041882 13.369147 -31.455777 11
-5.816082 13.597197 -30.974477 6
-5.264382 13.686537 -30.109377 6
-6.106082 13.471457 -29.672877 10
-6.918282 13.024927 -29.902077 13
-7.788782 13.004837 -29.610577 13
-8.715982 12.923137 -29.451377 4
-8.227382 12.202387 -29.077777 14
-8.261782 12.957887 -28.509277 4
-7.595482 13.776807 -28.537977 10
-8.210282 13.738657 -27.798877 12
-7.814782 14.609017 -27.673677 3
-7.597082 15.492623 -27.290177 4
-7.039082 15.011797 -26.695577 4
-6.796382 14.086467 -26.579177 11
-6.694482 13.808187 -27.508077 10
-6.706682 14.767057 -27.731977 4
-5.927282 14.418757 -28.184677 10
-5.536382 13.588137 -27.979977 10
-5.437682 12.862827 -27.318577 3
-6.008982 12.078247 -27.447677 4
-6.451082 11.767857 -26.612877 5
-6.263882 10.841097 -26.532877 1
-5.483882 11.457307 -26.239177 1
-4.861482 12.155277 -26.425177 9
-4.384482 11.829977 -27.171577 4
-4.291882 10.895637 -27.131577 10
-4.369182 10.541867 -28.015977 5
-4.281882 11.156687 -28.753277 5
-4.509982 10.363977 -29.183977 15
-5.357982 10.753007 -29.099877 4
-5.635182 11.678447 -29.010077 10
-5.352782 12.463027 -29.465177 1
-6.258682 12.603257 -29.090477 10
-6.887682 11.894167 -29.182577 13
-7.495682 11.175807 -29.261277 13
-8.249582 11.200687 -29.863577 13
-8.583282 12.009357 -30.414377 13
-9.028282 11.850207 -29.588777 9
-10.007582 11.890267 -29.560777 1
-10.161782 12.883697 -29.633077 4
-10.239282 12.747407 -28.660877 15
-10.774782 12.847507 -27.810777 6
-11.022182 12.951717 -26.880177 4
-11.201882 13.866957 -26.811377 9
-10.786582 14.595267 -27.168077 10
-10.325082 14.513177 -27.961877 4
-9.685582 13.890297 -28.327077 13
-8.857082 13.862297 -28.889477 4
-10.048482 15.235427 -28.703377 7
-9.712982 16.154092 -29.000177 6
-8.738982 16.421343 -29.036477 5
-8.197782 15.575555 -28.945077 8
-7.481182 16.185841 -29.177177 4
-6.801682 15.474846 -29.221677 4
-6.282682 14.571357 -29.207377 10
-5.875482 14.508617 -30.066377 10
-5.504382 14.886797 -30.951477 11
-4.617982 14.443237 -31.073577 3
-3.871882 14.735557 -30.428777 6
-3.798782 14.986427 -31.363477 4
-4.145882 15.862597 -31.582577 1
-3.816082 15.332114 -32.356577 1
-4.559282 15.283597 -33.003277 1
-4.723782 16.136514 -32.600277 4
-3.979782 16.796546 -32.431777 10
-3.562082 17.575167 -32.872077 1
-3.201412 18.278307 -32.346277 1
-3.894982 18.942217 -32.507577 12
-3.523682 18.841227 -31.530877 13
-3.047062 19.672627 -31.138477 10
-3.615582 19.819527 -30.304177 10
-4.266182 19.326097 -29.790377 6
-3.804782 19.992367 -29.238277 10
-4.115282 20.115387 -28.355677 13
-4.647482 20.735547 -28.964377 10
-5.474682 20.985397 -29.456877 5
-4.918382 21.694587 -29.678377 10
-5.387682 22.519857 -29.910677 13
-5.004982 23.314927 -30.311877 15
-4.531582 22.701867 -30.891377 15
-3.993082 23.562967 -30.795477 3
-3.181142 24.129597 -30.697877 10
-2.351672 24.106647 -30.160177 4
-2.201512 24.944647 -30.655077 14
-1.936172 25.796117 -30.863777 5
-1.240482 26.054137 -30.243677 4
-0.600182 25.846407 -29.572077 4
-0.418952 25.541077 -28.651377 13
0.582798 25.277247 -28.622677 3
1.206488 24.598457 -28.994377 7
1.064218 23.858527 -28.361577 10
1.842058 24.162057 -27.910777 4
1.741318 24.250167 -26.955877 13
1.976148 23.375067 -26.645677 6
1.945668 22.420547 -26.354077 10
0.941668 22.384517 -26.088977 9
1.530838 21.901677 -25.513677 11
1.198258 22.065827 -24.657377 4
1.832998 22.471157 -24.073577 10
1.150198 22.066627 -23.536877 1
0.668208 21.195247 -23.458277 4
-0.140162 21.703137 -23.307777 4
0.092048 22.548607 -23.732277 1
-0.801392 22.626607 -23.976377 10
-0.255042 22.475227 -24.755677 4
-0.452472 21.915327 -25.507077 10
-0.923562 21.532737 -26.257777 8
-1.707972 21.806807 -26.732377 13
-1.081222 22.511907 -26.961777 6
-1.390722 22.989267 -27.818377 11
-2.189452 22.894357 -27.322877 5
-3.110782 22.886677 -27.599377 9
-3.231182 21.916887 -27.783477 13
-4.109282 22.172537 -28.012177 9
-4.553382 21.328187 -28.136677 8
-5.210082 20.618137 -27.863777 7
-5.364382 20.034677 -28.550577 10
-5.594382 19.100797 -28.723977 4
-4.780282 18.842807 -28.220377 4
-4.304082 19.022767 -27.376977 13
-3.843882 18.359977 -27.983977 3
-3.427982 17.524087 -28.225677 5
-3.125522 16.793092 -27.688777 1
-3.301782 16.750279 -26.756977 1
-4.089482 17.277089 -26.482277 10
-4.663282 16.619868 -27.015977 4
-4.732582 15.777309 -27.578077 4
-4.190282 15.376204 -28.309477 10
-3.532582 14.881587 -28.752677 1
-2.886682 15.535328 -28.512677 1
-2.062832 15.968034 -28.638677 1
-1.867392 16.098741 -27.733677 10
-1.922292 17.05539 -27.651377 5
-1.657002 18.002387 -27.740077 13
-2.590202 18.122877 -27.559577 7
-2.700132 19.062247 -27.150377 13
-3.158222 19.508107 -26.437077 10
-2.857142 20.326027 -26.829477 13
-2.342692 20.137477 -27.600477 13
-2.694742 19.722497 -28.366677 13
-2.937222 19.284957 -29.274477 10
-3.136432 18.859437 -30.208877 4
-3.904082 18.410727 -30.630377 6
-4.448182 18.224457 -31.486177 6
-3.775882 17.657237 -31.888977 4
-4.205882 17.133954 -31.225777 13
-5.106782 17.399817 -31.337877 10
-5.273382 17.812047 -30.492077 6
-5.999782 17.259269 -30.421377 5
-6.172182 16.345113 -30.187877 4
-5.659082 15.525547 -29.921477 15
-4.805382 15.321704 -30.334777 9
-4.271582 15.695554 -29.587577 4
-4.564082 14.909467 -29.159077 10
-5.417982 15.171507 -28.807977 10
-6.012482 15.82012 -28.438177 4
-5.395582 16.217493 -29.081277 9
-5.656982 16.969373 -28.489977 4
-5.568782 17.336167 -29.317177 4
-4.837682 16.865446 -29.710377 10
-4.634982 17.473077 -28.940277 6
-4.828382 17.304502 -27.956577 4
-4.885682 18.064377 -27.404777 4
-4.690182 18.374777 -26.491977 10
-4.193882 18.928437 -25.921677 11
-4.315982 18.813897 -24.943977 10
-3.831282 19.181067 -24.311277 10
-4.298882 19.443507 -23.452277 10
-4.470582 19.764517 -22.517177 1
-5.270782 19.607797 -23.180077 11
-4.729682 20.324627 -23.485177 10
-4.914182 21.250447 -23.654477 1
-4.418582 21.625907 -24.383777 3
-4.808182 20.796067 -24.692777 12
-3.941282 20.255627 -24.839777 10
-4.288182 19.920717 -25.649377 10
-4.737182 20.567087 -26.161077 7
-4.491182 21.371147 -25.660077 1
-5.275982 21.447767 -26.184277 7
-5.270882 21.652647 -27.129977 7
-4.336182 21.908907 -26.944277 3
-3.496082 21.357197 -26.981977 13
-4.097982 20.655277 -27.242977 13
-4.724682 19.963607 -27.089077 5
-5.580882 19.582057 -27.297677 7
-5.739382 18.657837 -27.582577 4
-6.484782 18.359487 -28.096277 4
-7.363382 18.537627 -28.520777 10
-7.957582 17.890537 -27.999777 4
-8.588382 18.434627 -27.572077 1
-8.968182 19.156637 -28.045377 10
-7.970282 19.219807 -27.802977 8
-8.036482 19.991937 -27.121077 4
-8.877782 20.158677 -27.633777 13
-9.745082 20.009397 -27.371177 12
-9.744382 20.518697 -28.213577 10
-10.081182 20.255207 -29.094077 9
-10.595782 19.695657 -29.685777 6
-11.247682 19.164777 -30.262777 4
-11.109982 18.362777 -29.743777 7
-11.992882 18.143327 -30.030377 10
-11.836282 17.650807 -29.176277 1
-11.771782 16.884119 -28.531377 1
-11.253582 16.115039 -28.223177 9
-10.433282 15.711431 -27.722877 5
-9.708582 15.535865 -26.995377 10
-8.927382 15.510521 -26.358977 1
-7.957682 15.483258 -26.224677 4
-7.610782 15.676311 -25.355277 13
-6.717682 15.993731 -25.268677 4
-6.401382 15.122167 -25.542877 11
-5.909782 14.821197 -26.288677 11
-5.528582 15.371669 -26.993677 4
-5.905382 16.101431 -26.507177 4
-5.690582 16.046354 -25.506177 13
-4.763482 15.961579 -25.805277 15
-4.135082 16.695439 -25.539777 10
-3.867582 16.603924 -24.611677 3
-4.013382 17.547967 -24.454577 10
-4.548982 17.22276 -23.585077 10
-4.625482 16.308581 -23.811777 5
-4.941482 16.14481 -22.868577 15
-5.640482 16.486335 -23.396177 13
-5.498282 17.412107 -23.423377 4
-5.544882 18.428677 -23.522877 10
-5.478082 18.685807 -24.446477 10
-6.110882 19.488477 -24.186577 4
-5.771282 19.519337 -25.116677 10
-6.480682 20.070627 -24.836677 4
-7.116682 20.736877 -25.096077 7
-7.979082 21.139767 -24.963377 1
-8.851382 21.172137 -24.515977 4
-8.227582 21.585357 -23.895477 3
-7.738282 21.143097 -23.164577 8
-8.354782 20.345787 -23.203177 10
-9.020282 19.942827 -23.925477 1
-8.270782 19.563167 -24.440677 1
-7.423482 19.161367 -24.530177 1
-6.710082 18.532207 -24.634177 6
-6.169782 17.959237 -25.285977 10
-5.852982 17.229261 -24.804177 9
-5.044382 17.716777 -24.800477 10
-5.184582 17.398827 -25.769177 10
-5.605782 17.086245 -26.555277 4
-6.485582 16.876486 -26.943777 4
-6.390382 17.753647 -26.560677 4
-7.057782 18.448647 -26.411277 6
-6.138582 18.707577 -26.196977 10
-6.075882 19.679967 -26.233077 7
-6.944182 19.890587 -25.743777 5
-6.794982 20.652397 -26.314277 7
-7.155982 20.929147 -27.136877 5
-7.170182 21.787327 -27.646277 10
-7.752582 22.347097 -27.150077 9
-6.979882 22.287757 -26.528977 1
-6.241982 21.954847 -25.958277 7
-6.797582 22.500457 -25.372077 1
-6.312782 23.374877 -25.821477 13
-6.737382 23.912467 -26.490777 4
-6.785482 23.228087 -27.180577 3
-6.523682 24.028197 -27.812477 13
-7.333682 24.554437 -27.579077 4
-8.259382 24.490217 -27.517477 1
-8.045682 24.526467 -28.446577 10
-8.268182 25.397977 -28.747277 1
-7.836882 25.995397 -29.308277 1
-8.533982 26.325597 -29.944277 13
-8.665082 27.003597 -29.293877 10
-7.679182 27.231497 -28.995577 13
-8.027082 27.685197 -29.739977 8
-7.673482 28.457097 -30.143777 10
-7.508082 28.997297 -30.862477 7
-7.937282 29.642297 -31.530977 8
-7.376382 30.444197 -31.800777 4
-6.666582 30.242197 -32.400577 4
-6.438782 29.999697 -33.262477 10
-6.921582 30.166997 -34.091277 11
-7.329782 30.824097 -34.719577 11
-7.909782 30.297297 -34.191077 11
-7.741482 29.584197 -33.554077 4
-7.408782 29.479597 -32.685877 3
-7.521482 28.847397 -31.983477 4
-6.899282 28.164297 -31.689177 10
-6.925382 27.945397 -30.797177 7
-6.309682 27.575997 -30.127077 5
-6.194382 27.448697 -29.216077 1
-6.742682 26.679097 -29.383977 4
-6.475682 26.665897 -28.464077 6
-6.109282 25.792307 -28.733777 5
-5.144982 25.897307 -28.444077 13
-5.565382 25.391387 -27.744777 4
-5.930982 26.169547 -27.207477 6
-6.342182 26.923897 -26.813477 10
-6.628882 26.289157 -26.122477 4
-5.647482 25.995377 -26.026977 10
-5.863782 25.073557 -25.922577 1
-5.951082 24.862387 -26.920177 5
-5.523882 24.008557 -26.755777 4
-5.234182 23.446517 -27.476377 13
-4.439582 23.551367 -28.020177 9
-4.054182 23.458247 -28.959277 15
-3.395082 23.159227 -29.498977 15
-2.564052 22.776697 -29.264377 10
-2.243462 21.886767 -28.856477 9
-2.320992 20.951177 -28.473777 13
-2.372562 20.859217 -29.440177 10
-3.283782 20.807337 -29.757777 10
-3.853582 21.408247 -29.287177 10
-3.868982 21.631087 -30.230377 10
-3.499182 22.477377 -30.434277 15
-2.953132 21.787747 -30.925977 10
-2.399242 21.117087 -30.538277 10
-1.912532 21.931897 -30.322977 10
-1.965692 22.684377 -30.990677 1
-1.649602 23.015327 -31.852877 7
-1.244642 23.737117 -32.306177 4
-0.309642 23.527707 -32.292177 12
-0.480032 23.885667 -31.447577 4
-0.475162 24.597067 -30.781977 7
0.359568 25.048977 -30.880377 7
1.302988 25.174287 -31.114577 1
1.452908 26.056877 -31.512577 12
2.306448 26.246167 -31.128477 1
2.015108 27.129997 -30.821477 10
1.419588 27.819997 -31.230577 3
0.550648 28.270797 -31.043777 7
-0.153452 27.543197 -31.095077 4
-0.730292 28.306997 -30.995877 10
-1.121332 28.425497 -31.919877 13
-0.227952 28.359997 -32.124377 11
-0.279382 27.777797 -32.868777 11
0.496398 27.181397 -32.994177 4
0.606608 27.916097 -33.737177 4
1.056558 27.679497 -34.563577 1
0.662838 27.327297 -35.387577 7
0.274878 27.285297 -36.229877 7
0.506988 26.438697 -36.530377 7
1.032898 25.665877 -36.773277 14
1.119238 24.723627 -36.575577 6
1.678188 23.879047 -36.195577 10
1.863628 23.090967 -35.684877 10
1.866768 22.157227 -35.680577 13
0.892128 22.327727 -35.588977 9
-0.008962 22.704887 -35.650777 12
-0.031802 23.668347 -35.899077 13
-0.451592 24.263777 -36.462777 4
-0.690822 24.922827 -37.200577 12
-0.759742 25.831497 -36.967277 7
-0.047582 26.290937 -37.550577 7
0.457608 25.471227 -37.754777 14
0.512248 24.518127 -37.596377 12
1.212488 23.905977 -37.353477 4
2.040228 23.586367 -37.675877 10
1.547018 23.032327 -38.269677 7
1.527738 22.676687 -37.297377 10
1.924518 21.725847 -37.433077 4
2.686428 21.742127 -38.030677 12
2.786518 22.586757 -37.606977 10
2.772938 23.079417 -38.433877 1
3.296958 23.569497 -37.721677 10
4.192408 23.393327 -37.396277 10
4.398118 24.178247 -37.935277 10
5.043478 23.574107 -38.289177 7
5.677888 23.552317 -39.092277 3
6.263442 24.219717 -39.443177 7
7.194339 24.113287 -39.472777 7
6.891372 24.953267 -39.808277 4
6.421995 25.761547 -39.634877 1
6.359711 26.365497 -40.420377 10
6.931875 26.989097 -39.995877 1
6.962493 27.338197 -40.943977 7
7.118168 26.588397 -41.548877 1
6.20704 27.007497 -41.491377 1
5.363978 27.482697 -41.332977 4
5.130078 26.758897 -41.963677 7
4.342908 26.336497 -41.720577 11
3.964628 25.469647 -41.988077 1
3.297568 25.301797 -42.642177 4
2.682608 25.705777 -42.030377 12
2.032278 25.159457 -42.587677 9
1.288468 24.956157 -42.024777 5
0.830708 24.524067 -41.273677 11
1.732798 24.548257 -40.909577 10
1.261538 24.590507 -40.063377 15
0.703618 24.186587 -39.341477 7
-0.176572 24.458967 -39.047977 10
0.311018 25.360057 -39.110577 1
1.139778 25.411617 -38.598677 14
2.085078 25.387007 -38.441677 14
2.306208 24.705277 -39.031177 15
3.207688 24.926807 -38.859677 7
3.044458 24.785107 -37.950277 10
3.911828 25.192047 -37.920077 10
3.585598 26.040637 -37.634777 7
3.339458 25.388577 -36.962377 10
2.507898 25.690717 -37.363577 14
2.103338 26.208397 -36.696777 12
2.577818 26.584697 -35.934577 7
3.230878 25.870767 -35.846677 10
3.920188 25.654057 -35.196077 9
4.555528 25.103027 -35.751977 10
5.525948 25.156327 -35.219077 7
5.286988 25.171997 -34.234877 13
5.269028 24.455787 -33.548777 4
4.790238 24.927997 -32.844677 1
5.435818 25.552827 -33.090077 1
6.175925 25.518617 -33.725377 10
6.701554 24.956197 -33.165377 1
6.680423 24.006827 -33.096177 13
6.646051 23.217357 -32.496077 12
7.02032 22.468207 -31.938677 1
7.177312 21.603537 -31.496877 7
7.270196 21.094897 -30.699177 7
7.939448 20.377737 -30.374577 1
7.836828 19.906447 -31.199277 4
7.594747 19.977667 -32.174077 1
7.196921 20.624637 -32.784877 10
6.613229 20.960387 -33.484577 7
6.432672 20.998057 -34.488777 1
5.787539 20.529147 -35.050077 4
5.246418 20.415137 -34.209177 11
5.064348 20.657297 -33.304577 7
5.066208 21.560277 -32.880677 6
4.158528 21.390717 -32.600277 8
3.970128 21.719667 -33.471777 11
2.947718 21.904947 -33.810377 12
2.790018 22.230627 -34.716877 7
3.286728 23.055137 -34.909477 10
3.039068 22.852107 -35.856677 10
3.607438 22.039557 -35.809577 10
2.840648 21.557387 -35.508677 12
2.785768 20.644367 -35.576377 4
2.287278 20.033397 -34.979777 7
2.950728 19.186547 -34.838877 15
3.561728 18.479557 -35.043477 5
4.364308 19.053427 -35.230277 11
4.101078 19.076457 -36.255377 1
4.225088 19.905167 -36.788477 7
5.021168 19.402737 -37.084477 7
5.190978 19.647027 -38.001077 1
4.748898 20.432837 -37.734477 14
4.629348 21.101227 -38.455377 13
4.096718 21.260087 -37.637377 7
3.845348 21.685467 -36.834677 10
4.481548 22.381247 -36.510577 10
5.160228 22.707417 -35.983677 10
5.962622 22.812267 -35.440677 9
5.391058 22.207197 -34.996577 13
5.004738 22.099827 -34.101977 1
4.351408 22.746807 -34.359477 7
4.431848 23.765817 -34.574977 16
3.746508 24.013917 -35.198577 10
3.511748 24.020367 -34.269577 1
2.717958 24.276467 -33.763777 4
2.575638 24.588637 -34.685577 10
1.751468 24.346867 -35.114777 4
1.205228 25.113157 -34.851677 6
0.751708 25.558497 -35.557277 7
0.904188 26.295757 -34.976777 7
1.709778 26.709897 -34.615277 1
2.371188 26.136917 -34.111477 1
2.402968 25.569377 -34.877477 1
2.441878 25.010787 -35.652577 10
2.151618 25.135247 -36.525977 14
2.584668 24.268137 -36.614777 10
3.394878 23.713597 -36.239277 10
4.316498 24.006917 -36.137077 10
5.275188 23.995617 -36.263077 4
4.805278 24.507507 -36.916777 10
4.332928 25.319067 -36.718477 10
4.434988 26.316697 -36.739377 11
3.746428 26.924097 -36.502077 11
2.874798 27.030697 -37.064877 1
1.944078 26.991297 -37.276277 14
1.123678 27.230397 -36.855977 7
1.596928 27.805497 -36.207577 7
2.019398 28.021797 -35.346377 11
1.036088 28.355897 -35.511977 7
0.656608 29.147597 -35.849777 7
1.347388 29.781797 -35.823577 10
1.000288 30.672297 -36.033877 12
0.833128 31.083097 -36.920177 12
0.509448 31.772997 -37.550477 1
0.076998 32.279997 -38.231277 1
-0.432412 33.014697 -38.466177 7
-1.268102 32.587797 -38.283877 9
-1.163812 31.877197 -37.594977 10
-0.505212 31.321197 -37.080477 12
-0.952562 30.337997 -37.077377 12
-1.756862 29.794997 -36.911177 7
-2.186292 30.180697 -37.721877 13
-2.840402 29.590397 -38.267377 4
-3.019152 28.637297 -38.438077 12
-3.135262 28.816797 -37.522277 15
-2.149272 28.758597 -37.510977 7
-2.316422 28.036597 -36.882877 7
-2.909552 28.477997 -36.230977 15
-2.074312 28.366197 -35.869877 7
-2.283122 28.304697 -34.947177 15
-1.530012 28.884897 -34.822077 7
-1.129922 28.779997 -33.963577 1
-0.635272 28.309897 -34.628877 7
0.240438 28.690397 -34.636877 7
-0.203642 29.369297 -34.038077 10
0.686128 29.871097 -33.879577 1
1.535118 30.287697 -33.735377 4
2.083488 30.007097 -34.429077 1
2.353338 30.852997 -34.685077 15
2.826788 31.441097 -34.078377 10
3.402778 31.555997 -34.880477 12
4.128778 31.299697 -35.435777 10
4.152938 30.965397 -36.342077 7
3.368438 30.942297 -36.853977 3
2.862138 30.162997 -37.112777 16
2.154858 30.833097 -37.214877 1
2.200338 30.317097 -38.082177 1
1.593238 31.084797 -38.285277 1
1.139638 30.261197 -37.992277 12
1.017948 30.028897 -37.083877 12
1.350188 29.151797 -36.834877 7
1.189238 29.145297 -37.794177 1
1.505498 28.424097 -38.414077 11
0.805488 28.189797 -37.809977 7
0.712628 27.770697 -38.662877 4
0.788238 27.865797 -39.624477 9
0.215358 27.062097 -39.794277 1
-0.213792 27.377697 -39.009277 12
-0.385102 27.962697 -38.227177 7
-0.839842 27.050897 -37.970677 7
-1.466832 26.490097 -38.421977 15
-2.132102 26.174117 -37.796577 16
-1.610582 26.843197 -37.304977 7
-2.080202 26.305377 -36.644577 15
-1.756852 25.638047 -35.968977 1
-1.104012 26.364797 -35.787677 7
-0.692582 25.709167 -35.157177 5
-0.059392 25.178297 -34.667777 10
-0.379732 24.239817 -34.559177 12
-1.312232 24.159747 -34.180477 1
-1.554412 24.193817 -33.264177 10
-1.485712 25.067947 -32.811377 4
-1.437262 26.019287 -33.045577 1
-1.696442 26.935497 -33.430577 7
-1.140272 27.431997 -34.291077 1
-0.332092 27.332397 -34.875477 7
-0.698602 27.289597 -35.763777 7
-1.521252 27.426897 -35.329377 1
-2.198822 27.329797 -34.560577 1
-1.828472 28.019497 -33.914077 1
-2.356852 28.740497 -33.465077 1
-3.186602 28.218497 -33.312677 1
-4.098582 28.361897 -33.469877 1
-3.599882 28.679897 -34.200077 15
-4.004982 27.820697 -34.262077 15
-4.526082 27.319197 -33.705777 10
-5.299482 26.705497 -33.658277 10
-6.203782 27.086097 -33.559277 10
-7.034382 27.418897 -34.049477 7
-7.493982 27.806397 -34.873477 12
-7.372882 28.733697 -34.517777 11
-8.296782 29.011397 -34.581077 7
-8.530582 29.478497 -35.381377 11
-9.121582 29.065197 -36.071177 15
-9.833782 28.585997 -35.759177 7
-10.089782 28.326697 -36.650177 15
-9.915882 27.638997 -37.329577 12
-9.314682 27.102997 -37.794877 12
-9.392082 26.884597 -36.811777 12
-9.002482 26.107337 -36.345677 7
-9.079382 25.124627 -36.103077 7
-8.363682 24.866467 -36.681877 13
-7.634282 24.224907 -36.654877 16
-7.363982 23.508417 -36.078877 9
-7.894882 22.701947 -36.179277 7
-8.541482 23.205827 -36.718277 13
-8.794182 22.250657 -36.557477 13
-8.998082 21.271587 -36.471077 7
-8.949282 20.528867 -37.152577 16
-8.039482 20.286567 -36.741877 7
-7.355182 19.850457 -37.311177 7
-7.135282 20.730307 -37.486677 16
-6.474482 21.200347 -37.017977 7
-6.354582 22.085027 -37.380977 9
-6.274582 22.411797 -38.246777 6
-6.923082 22.877307 -38.671577 7
-6.464982 23.609997 -39.159477 16
-7.237182 23.764847 -39.712577 4
-8.055182 23.110417 -39.727877 15
-7.568582 22.429297 -40.226677 16
-8.247682 21.862017 -40.716177 7
-9.188382 22.049347 -40.400677 11
-8.984682 23.001047 -40.478477 7
-9.485582 23.377987 -39.673577 12
-10.398282 23.019387 -39.642677 14
-10.870082 23.031887 -38.829977 1
-10.342682 23.723427 -38.473077 1
-10.453582 24.654057 -38.308077 10
-10.496882 25.460257 -37.710177 12
-11.288682 26.075377 -37.574677 7
-11.156782 26.142737 -36.661477 1
-10.224782 26.108757 -36.568377 12
-9.957682 26.469197 -35.724677 7
-9.459582 27.150897 -35.108177 11
-8.562782 26.866997 -35.468877 4
-8.327282 27.357297 -36.235277 12
-8.115882 28.231597 -35.725377 1
-7.448682 28.839497 -36.184477 4
-6.989282 28.857197 -37.054477 7
-6.778282 29.786697 -36.781977 7
-6.676982 29.536197 -35.770977 11
-6.460282 29.289497 -34.872277 11
-5.647682 28.803597 -35.053177 15
-5.743582 28.121497 -34.411277 5
-5.114582 28.518097 -33.881877 7
-5.610082 28.076097 -33.118877 16
-6.446382 27.937797 -32.652677 9
-6.284782 27.099697 -32.310477 10
-5.728582 26.429597 -32.646677 1
-5.371082 25.547687 -32.625777 7
-4.845682 25.515607 -33.469077 16
-4.613782 25.647307 -34.443477 1
-4.282282 25.834637 -35.278277 16
-4.858182 26.713197 -35.394477 14
-4.247582 27.415797 -35.169877 15
-3.759082 26.659897 -34.660777 10
-2.965222 26.942397 -35.226077 7
-3.346882 27.450297 -36.002877 15
-2.311872 27.378397 -36.041177 10
-1.464402 27.587297 -36.417777 7
-0.575602 27.920197 -36.526977 7
-0.248062 28.487597 -37.229077 7
0.141368 29.368297 -37.433277 12
0.027168 29.042197 -38.419177 1
-0.680352 29.711297 -38.141377 12
-1.202282 28.990697 -37.773277 7
-1.924712 29.178397 -38.519577 13
-1.657322 29.769297 -39.200277 1
-1.306722 30.449897 -38.525877 10
-0.428352 30.801197 -38.500277 12
0.398448 31.281297 -38.743477 13
-0.367492 31.542197 -39.257577 1
-0.565852 31.772897 -40.240177 16
-1.433012 31.392397 -40.033977 1
-1.811362 31.697697 -39.128777 15
-2.336062 31.350597 -38.341777 9
-3.208392 30.993097 -38.643977 6
-3.342282 30.634697 -37.738277 4
-3.889082 29.828397 -37.748277 16
-4.223282 28.914897 -37.562477 15
-5.096482 28.982197 -37.963677 7
-4.953282 29.894597 -37.654377 7
-4.778082 29.460397 -36.781377 15
-5.606682 29.580297 -36.283377 7
-5.878082 30.336897 -36.725677 7
-5.702382 30.729197 -35.918377 11
-4.820082 30.466297 -36.242377 7
-3.969682 30.426197 -36.642377 15
-3.922782 31.326797 -36.975277 7
-3.625082 31.979297 -37.592877 13
-2.864852 32.246797 -38.073577 1
-2.501242 32.246597 -37.205177 16
-2.573522 32.235497 -36.270177 7
-3.409382 31.877497 -35.754777 7
-2.731372 31.707897 -35.099877 10
-2.277842 32.310397 -34.458377 11
-3.146732 32.552397 -34.111677 16
-3.193372 33.440797 -34.437977 11
-2.629882 34.061297 -34.860777 12
-2.447772 33.974697 -33.984477 1
-2.803162 34.820097 -34.097777 7
-3.428682 35.123397 -34.750977 11
-4.125582 34.404597 -34.623877 12
-4.363782 33.530397 -34.324877 9
-5.281982 33.481097 -34.667377 7
-5.073782 32.925697 -35.450777 10
-5.063582 33.418497 -36.259177 1
-4.490582 33.190497 -36.975277 7
-3.768082 33.248497 -36.310877 16
-3.137652 33.316397 -37.005977 7
-2.442802 33.980897 -37.305877 14
-1.778522 33.908297 -38.013777 4
-0.902572 34.322497 -38.086377 16
-0.855862 34.314197 -37.097377 16
-1.158222 33.493497 -36.716077 10
-0.254312 33.573597 -36.376477 16
0.121388 32.646297 -36.369177 12
0.230068 32.361197 -35.494777 12
1.218708 32.245797 -35.506977 5
1.487038 33.162497 -35.206177 1
2.411128 33.430497 -35.431677 7
2.459888 33.467597 -34.392377 10
2.678778 33.501497 -33.350077 1
3.071008 33.228797 -32.512177 1
2.304338 32.599997 -32.445277 16
1.333668 32.554897 -32.566877 7
0.616208 32.236897 -31.999677 15
-0.002192 31.542297 -31.765577 1
-0.343082 31.572797 -32.673277 1
0.031208 32.444697 -32.971677 1
0.248818 32.550397 -33.951777 15
-0.419312 32.106097 -34.500277 7
-0.911252 31.488497 -35.168777 1
-0.755292 30.880797 -35.915677 12
0.031328 30.618397 -35.418177 12
-0.561172 30.043197 -34.916677 13
-0.446262 29.276397 -35.426777 7
-0.295932 29.041597 -36.338077 7
-0.784232 29.898797 -36.123277 12
-1.508722 29.348197 -35.754277 7
-2.459832 29.274597 -35.526777 8
-3.079032 29.839497 -35.053377 7
-3.626782 29.104097 -35.400577 15
-3.997882 29.955597 -35.771177 16
-3.910582 30.377397 -34.886877 13
-4.624582 29.729597 -34.779477 15
-4.952682 29.799697 -33.845577 12
-4.502482 30.568397 -33.489377 13
-4.016982 30.598897 -32.689677 5
-4.940182 30.602897 -32.134577 7
-5.394182 30.770497 -32.956477 1
-5.649182 30.949297 -33.848077 7
-6.466382 31.208797 -34.290577 11
-5.847882 32.042397 -34.242177 1
-5.622982 31.273697 -34.915977 11
-4.829182 31.844397 -34.729177 12
-4.942582 31.521397 -35.645477 1
-4.855082 31.840397 -36.549577 7
-5.758882 31.520397 -36.676177 7
-5.639682 32.272197 -36.022577 9
-6.248182 32.492897 -35.265277 11
-7.121182 32.361397 -35.566577 11
-7.740782 33.040097 -35.960577 12
-7.014782 33.626297 -36.098477 16
-6.656582 32.965997 -36.671977 16
-7.559782 32.572497 -37.012177 15
-7.289682 31.832697 -37.579077 7
-6.963682 32.641297 -37.884477 10
-6.385282 32.148897 -38.522077 7
-6.520482 31.646597 -39.402777 7
-6.494782 30.760397 -39.918777 9
-6.270782 30.310897 -39.082177 7
-5.296382 30.310697 -39.239277 7
-5.303482 30.345297 -40.220977 4
-6.001482 30.149197 -40.893677 5
-6.341682 29.261097 -40.571577 16
-5.954482 29.557897 -39.678277 16
-6.346882 28.947297 -38.954377 16
-5.698282 28.191297 -38.740377 14
-6.104082 28.482297 -37.922477 7
-5.593982 28.512697 -37.037677 7
-4.771182 28.437197 -36.597177 15
-4.057382 28.299997 -35.907777 15
-4.985082 27.984597 -35.744077 15
-5.712982 27.494897 -36.194077 1
-6.544182 27.115097 -35.822677 10
-6.697982 27.502197 -36.634777 1
-7.612082 27.847497 -37.013477 12
-8.109382 28.703897 -37.060977 7
-8.525082 28.763297 -37.934377 1
-9.252082 28.139797 -38.237277 12
-9.654482 29.045097 -38.190077 11
-9.103782 29.763697 -38.040277 1
-8.247482 29.650597 -38.484977 7
-8.972982 29.606897 -39.052077 13
-8.181782 29.297797 -39.455577 16
-7.709682 30.189297 -39.401477 16
-7.373082 30.291197 -38.555077 7
-6.757182 30.148197 -37.821777 7
-6.872682 29.253697 -38.050677 7
-7.279182 28.752597 -38.752177 16
-7.236882 27.992197 -38.161377 11
-8.075682 27.655697 -38.130377 12
-7.525482 27.004297 -38.466777 7
-7.709882 26.059487 -38.364477 6
-8.562182 26.431097 -38.311177 12
-8.332882 25.767517 -37.615977 12
-7.437782 25.983687 -37.360577 1
-6.708082 26.622997 -37.507877 13
-5.951182 26.314007 -36.797577 11
-4.984582 26.476997 -36.675477 15
-5.242382 26.876897 -37.516977 12
-4.653082 27.587397 -37.386577 15
-4.341782 27.000897 -38.073577 7
-3.971382 26.228147 -38.415977 11
-3.234682 26.257717 -37.794877 16
-4.070582 26.283947 -37.231377 8
-3.460482 26.932297 -36.872877 15
-2.945212 27.258997 -37.634577 4
-2.319962 27.830797 -38.093277 7
-1.526782 27.729697 -38.555977 7
-1.533132 28.400597 -39.270277 11
-2.101282 27.859897 -39.879477 9
-2.690032 28.571097 -40.185577 15
-2.728622 29.531197 -40.319077 1
-3.086902 30.094597 -39.574577 1
-3.056062 30.642497 -40.436077 16
-3.875782 31.045097 -40.137377 1
-4.062982 31.955097 -39.655177 1
-4.825982 32.679497 -39.731377 1
-5.360882 31.917297 -39.809577 7
-5.395282 32.361497 -38.977777 7
-5.952582 32.988997 -39.544377 11
-5.447082 33.638997 -38.854977 1
-4.540182 33.468497 -38.585677 1
-4.600082 32.527597 -38.369477 1
-4.936582 31.586097 -38.115077 7
-5.820182 31.519497 -37.803777 7
-5.803482 30.598797 -37.896777 7
-4.942882 30.567697 -38.350377 7
-4.527782 29.744297 -38.615677 16
-4.123982 29.043397 -39.160777 12
-4.740182 29.134697 -39.972577 15
-5.473482 28.649597 -40.412777 14
-4.916482 28.019597 -40.914777 7
-4.150182 27.420697 -40.547377 11
-3.197032 27.423897 -40.841777 7
-3.198672 26.711897 -40.180677 12
-2.982362 25.936667 -40.749277 7
-3.241382 26.526197 -41.459877 16
-3.115352 27.262097 -42.036077 12
-2.586822 27.961997 -42.445277 5
-3.068002 28.736597 -42.096977 16
-3.639082 28.305897 -42.845377 15
-4.201282 28.367897 -42.020577 12
-4.542282 27.667897 -42.512677 11
-5.410582 27.845097 -42.880377 1
-5.229182 28.794697 -42.896077 16
-5.172182 29.668797 -42.517177 12
-6.079482 29.327997 -43.013077 11
-6.219982 30.266297 -43.233277 7
-5.515582 30.278097 -43.894177 1
-6.168082 30.564197 -44.539077 1
-6.781182 29.788597 -44.471577 15
-6.583982 28.818597 -44.230177 7
-6.671782 28.927797 -45.147777 12
-6.648982 27.968397 -45.063277 16
-7.530282 27.674897 -44.922777 1
-7.698282 27.357097 -44.051977 13
-7.812482 27.238697 -43.046077 8
-8.541282 26.579697 -42.936477 1
-8.610182 27.214197 -42.348077 16
-9.440682 26.799997 -41.971977 7
-9.877582 27.568297 -41.463677 7
-9.966782 27.788097 -40.497877 13
-10.736982 27.595997 -39.918677 7
-9.930182 27.223497 -39.523777 12
-9.566582 28.116697 -39.218477 12
-10.384682 28.581497 -39.038177 8
-11.002482 28.293197 -38.287977 12
-11.754482 28.799897 -38.770477 5
-12.376782 29.522697 -38.474677 15
-11.796282 30.023197 -37.855377 9
-11.051282 29.964797 -37.183377 7
-10.139482 30.174997 -37.021977 15
-9.386682 29.558597 -36.970777 15
-8.615682 30.128097 -37.049077 7
-8.787382 30.994497 -36.564777 1
-8.244682 31.741397 -36.495077 7
-8.576582 31.603597 -35.642377 11
-7.684182 31.499197 -35.486677 11
-7.092082 31.327697 -36.212077 7
-7.105482 30.471797 -35.807677 11
-7.783682 29.885497 -36.088877 11
-7.673382 30.549297 -36.770477 7
-7.650082 30.770897 -37.683677 7
-8.377382 31.424897 -37.970477 1
-8.416282 31.708097 -38.950777 15
-8.338982 32.271697 -39.725077 7
-7.591882 31.786797 -40.037277 16
-7.640282 30.776697 -40.178877 1
-7.658382 29.818397 -40.453277 16
-7.792882 28.904797 -40.400877 16
-7.282082 28.234397 -39.875677 16
-6.937882 27.440197 -40.358177 1
-6.965382 26.459997 -40.356577 12
-7.253282 25.777287 -39.669177 1
-7.816882 25.165377 -40.147877 10
-7.798282 24.661067 -40.940977 1
-8.438582 25.153767 -41.460877 14
-9.410182 25.448767 -41.399377 1
-9.820182 26.187067 -40.962377 1
-10.045182 26.167517 -40.043177 7
-10.038082 25.763077 -39.135477 16
-9.715982 26.385297 -38.517477 12
-10.659582 26.407497 -38.604477 12
-11.511282 27.064097 -38.638077 15
-11.091882 27.299497 -37.835077 12
-11.347782 28.185397 -37.393077 16
-11.203782 28.926697 -36.721577 15
-11.711382 28.616297 -35.959977 1
-10.906482 28.910397 -35.496877 15
-10.680882 29.822697 -35.074677 15
-10.949582 29.758897 -34.099677 5
-10.542882 30.582397 -34.168277 16
-11.345282 30.684597 -33.634877 1
-10.726682 30.326397 -32.981877 16
-10.390982 29.457897 -32.634477 1
-10.763382 29.936397 -31.812577 1
-10.318682 30.752797 -31.470177 16
-9.444282 30.393497 -31.380277 16
-9.527282 29.481197 -31.127477 13
-9.295982 29.025997 -31.892577 11
-9.111082 29.873997 -32.381977 16
-8.854582 29.206097 -33.024277 8
-9.209282 29.547597 -33.809777 8
-8.892882 30.448697 -34.254677 11
-9.341282 30.653697 -33.473877 16
-8.608282 31.291097 -33.494377 11
-9.329082 31.688297 -33.030577 16
-10.101282 31.978197 -32.541577 16
-10.784382 31.272197 -32.448177 16
-11.489282 31.439397 -31.795877 16
-12.058282 30.761797 -31.487477 7
-12.182882 30.066597 -32.105777 7
-12.643182 29.429397 -31.565577 1
-11.716082 29.246397 -31.241377 1
-11.395182 28.656897 -30.596177 1
-10.751482 28.899797 -29.924177 1
-11.163182 29.574697 -29.400477 11
-12.006982 29.486897 -28.994577 16
-10.993982 29.872197 -27.777877 1
-11.259382 30.710797 -28.042277 1
-10.702382 31.454597 -27.936977 1
-10.413882 30.723097 -28.586877 16
-10.402782 30.700197 -29.507677 11
-9.576582 30.891697 -29.973177 1
-9.656982 31.475897 -30.709877 16
-9.354282 31.478597 -31.620277 16
-8.670582 31.331197 -32.312177 16
-7.944782 31.737397 -32.819277 11
-7.225682 32.011597 -32.172177 1
-7.807682 32.817197 -31.826377 15
-8.639182 32.912197 -31.326277 16
-9.423782 32.390297 -31.216277 16
-10.124282 32.470997 -30.572577 16
-10.466082 32.753297 -29.698877 12
-10.870682 33.036297 -28.858877 5
-11.653882 33.617197 -28.689577 15
-10.819882 34.094097 -28.790477 5
-11.511882 34.408297 -29.385877 12
-12.336782 34.769897 -29.700477 7
-12.333682 34.806197 -30.639477 12
-11.625582 35.346997 -31.054577 1
-11.025782 34.776597 -31.513477 16
-11.153482 34.393897 -32.451977 7
-10.588382 34.539197 -33.213577 13
-9.945582 33.872697 -33.051477 16
-10.645082 33.273597 -32.729177 16
-11.302282 33.228997 -33.424777 1
-10.713982 32.403097 -33.298077 16
-11.432182 31.735997 -33.113277 16
-11.430682 31.570297 -34.110977 1
-12.078582 32.088897 -34.664677 15
-12.032582 31.099397 -34.857377 1
-11.548382 31.026997 -35.709677 16
-10.809082 30.690197 -36.235477 15
-9.966882 30.557097 -35.686977 15
-9.231482 30.878697 -35.159777 11
-9.753682 31.134897 -34.341277 16
-10.555382 31.701497 -34.661677 12
-9.891782 32.235697 -34.116177 16
-9.060382 32.098997 -34.593377 11
-9.128682 32.978397 -34.153877 16
-8.224182 33.330297 -34.386977 11
-8.150582 33.930197 -33.590677 12
-8.608282 33.317297 -32.969877 16
-8.647182 32.400797 -33.365677 16
-7.882082 32.307997 -33.986877 11
-7.278982 31.851397 -34.588877 11
-6.874682 32.261997 -33.775577 1
-6.160782 32.688897 -33.297277 1
-5.341982 33.041597 -32.947377 12
-4.681382 33.652097 -32.788377 8
-4.977782 33.720597 -31.846777 15
-4.659182 33.181697 -31.074277 5
-5.555282 33.119797 -31.402377 8
-6.387382 32.944397 -30.863477 7
-7.159382 33.044297 -30.264377 1
-7.959782 32.947897 -29.756077 15
-8.765482 33.458297 -29.527077 5
-9.407082 33.232997 -30.193377 16
-8.740182 33.706597 -30.692277 16
-7.742382 33.798897 -30.684177 12
-6.880582 34.293397 -30.893777 1
-7.098782 34.427897 -31.844877 15
-7.692782 34.844797 -32.501777 1
-7.061482 35.689197 -32.607377 8
-6.600382 36.305997 -32.083077 9
-5.888782 36.108197 -31.521677 1
-6.073582 36.929997 -31.013477 12
-5.164282 37.255197 -31.073977 13
-4.378382 36.841597 -31.296777 16
-4.463382 36.474297 -30.366677 1
-5.254082 35.975897 -30.313777 14
-5.509682 35.893097 -29.445677 1
-5.740482 36.572197 -28.823577 12
-6.285382 36.515197 -28.000177 1
-6.230282 36.777497 -27.065377 7
-5.420382 37.100397 -27.531077 16
-6.074882 37.720897 -27.905877 1
-6.642882 37.167797 -28.641577 16
-7.574582 37.214197 -28.615577 1
-7.532582 36.505897 -29.270977 7
-7.860282 36.847797 -30.060777 8
-8.391582 36.123697 -29.661477 16
-8.489382 35.158397 -29.355077 5
-9.301982 35.330097 -29.793277 15
-9.421182 34.508397 -29.219977 5
-9.669582 34.328497 -30.121577 1
-10.327482 34.305397 -30.799377 16
-9.518382 34.565597 -31.200677 16
-9.484682 34.668397 -32.180077 16
-8.642182 34.180497 -31.951277 11
-9.327582 33.474097 -32.255277 16
-10.067382 32.831697 -32.056077 16
-10.769882 32.949397 -31.332377 16
-11.668082 33.017397 -31.779077 7
-11.579782 32.210597 -31.196677 16
-12.395282 32.201697 -31.715777 11
-12.278482 32.588997 -32.620277 16
-13.123882 32.907997 -32.830977 11
-13.745982 32.305897 -33.318077 15
-14.232882 33.079997 -32.971377 16
-14.720782 33.577597 -32.340977 1
-15.187382 33.681697 -33.230177 12
-15.441082 33.551697 -34.153277 1
-16.100782 33.070897 -34.623177 15
-16.652582 33.097797 -33.758877 1
-17.156282 33.510297 -34.410577 16
-16.906382 33.832697 -35.302977 15
-16.752982 33.156397 -35.918177 1
-16.537782 32.316497 -35.283777 12
-15.850482 31.598497 -35.400777 5
-14.941682 31.541797 -35.655277 1
-14.740982 31.592797 -34.683877 16
-14.520982 30.659997 -34.501277 11
-15.396382 30.713697 -35.028377 16
-15.995582 29.973097 -34.845277 16
-16.251882 30.252397 -33.991077 1
-15.911082 30.572797 -33.186277 16
-15.317682 29.871397 -33.263977 1
-15.478582 29.994697 -32.364777 1
-15.753682 30.860597 -32.062077 12
-15.981882 30.244497 -31.349077 7
-15.691582 29.324297 -31.481677 1
-15.821082 28.352097 -31.182977 7
-16.529582 28.691397 -31.711177 16
