7.116789 -17.032146 23.265267 14
7.522489 -17.519146 22.485267 1
6.901789 -18.285146 22.321467 1
7.296789 -19.103746 22.308567 2
7.601389 -19.158246 23.192667 3
8.167789 -19.850146 22.652767 1
8.905989 -19.639546 22.099667 1
9.623589 -19.820946 22.749367 2
10.217489 -19.815046 21.914567 1
10.918989 -20.087346 22.579967 16
11.194989 -20.407346 23.545667 1
10.594989 -19.626646 23.643967 4
11.302189 -19.010446 23.735267 12
11.663189 -19.282046 22.855267 1
11.208389 -19.092246 22.043067 1
11.617489 -19.165946 21.188467 2
11.822689 -19.882646 20.583167 1
11.286789 -20.242946 19.885167 13
11.238089 -19.297846 19.882367 1
11.229389 -19.427346 18.922217 2
11.523589 -19.997546 18.188577 5
11.633289 -20.919946 18.523147 15
11.528989 -21.200646 17.550437 8
11.029689 -21.859246 17.049327 2
10.205889 -21.897846 17.457437 9
10.234689 -22.760146 17.956647 8
10.380389 -23.536646 18.528657 15
9.775889 -23.761046 19.191767 11
9.486889 -24.389146 19.809067 14
8.744389 -23.825046 19.497667 9
8.051089 -24.509846 19.361867 14
8.209389 -25.424846 19.145467 2
8.636289 -25.887146 19.870467 2
8.959089 -26.499446 19.153767 6
9.030289 -27.323046 19.787767 14
9.238089 -27.706246 20.616867 2
9.421689 -26.821946 21.005467 14
8.467989 -26.893646 21.300567 2
7.807489 -26.687946 21.992067 6
7.143389 -26.425746 22.588667 1
6.365789 -26.847446 23.109767 8
6.511689 -27.495646 22.441467 14
5.745689 -27.775746 21.848067 6
6.620889 -27.733746 21.441567 12
6.749889 -28.330546 20.616567 14
6.844089 -28.275846 19.606767 1
6.986689 -27.411446 20.036167 11
5.991389 -27.518346 20.023567 2
5.372189 -26.994346 19.552167 2
5.333189 -27.688646 18.871667 2
5.644489 -28.569346 18.968657 2
5.898589 -28.951446 19.799067 7
5.448289 -28.720546 20.628267 2
5.072189 -28.929946 21.548667 2
5.384289 -29.722446 21.874667 5
6.190789 -29.779946 21.273067 1
6.526389 -29.833846 22.212267 2
5.896289 -29.942346 22.906867 5
5.389189 -30.078746 23.757467 3
4.774089 -29.633546 23.084067 5
3.760789 -29.675646 23.430767 1
3.170689 -30.339946 23.685367 9
2.212189 -30.518646 23.333267 14
2.339789 -31.311046 23.971767 9
1.366489 -31.148246 24.213567 2
0.536689 -31.643646 24.015767 8
-0.351111 -31.510246 24.161967 14
-0.429311 -31.687046 23.234167 1
0.240589 -32.079946 22.573567 1
0.791989 -31.589646 21.962267 14
1.445289 -32.159246 22.315667 14
1.391089 -32.969846 22.885967 1
1.783589 -33.616846 23.440467 2
2.060789 -33.839146 24.376867 8
2.287189 -32.832146 24.435067 15
3.199589 -32.517346 24.795767 14
3.898089 -32.137346 24.329367 1
4.197389 -33.028346 24.835867 8
4.371689 -33.654346 25.505367 12
4.764389 -33.660346 26.398067 1
5.721489 -33.672346 26.233967 11
6.539989 -33.571746 25.708067 2
6.812989 -33.153846 24.838167 2
7.178489 -34.020846 24.554967 2
7.465289 -34.648246 23.884067 15
8.116089 -34.668846 23.186167 14
9.101589 -34.594546 22.980267 2
9.494789 -35.470946 23.151567 8
9.450889 -35.763646 22.222567 10
10.039389 -35.174246 21.674367 6
10.661789 -34.875946 22.421867 1
10.799289 -35.129746 23.390267 2
11.087389 -34.202146 23.448667 1
10.671989 -33.378346 23.217367 3
9.914789 -32.789946 23.033067 1
9.597589 -31.785846 23.071967 1
9.013189 -31.436346 22.351767 1
8.830589 -31.489346 21.435167 2
7.977589 -31.909646 21.680267 1
7.446389 -32.125646 20.882567 7
6.642289 -31.586046 21.135267 1
6.085289 -31.393246 20.402867 1
6.513389 -30.562246 20.607667 1
5.873089 -29.860846 20.347367 14
5.002889 -30.072846 20.752567 2
4.702389 -30.508446 21.524567 5
4.100589 -29.638246 21.590067 2
3.988889 -30.176446 22.449867 5
3.075489 -30.088046 22.112067 14
2.484489 -29.713446 21.478467 14
2.053289 -30.367746 22.075967 14
2.557389 -31.120246 22.386667 2
1.801589 -31.270546 21.722567 14
2.451989 -31.969946 21.366767 14
3.294089 -32.431046 21.727867 11
3.495489 -31.959446 22.553867 2
4.023389 -31.192846 22.363767 5
3.699689 -31.306646 21.497867 14
3.668489 -30.949946 20.563767 2
2.862089 -31.377346 20.420167 14
3.446189 -31.681646 19.720167 1
3.748289 -31.211146 18.968267 9
3.770589 -30.395246 18.455067 8
3.614989 -29.587246 18.860277 8
3.616589 -28.951346 19.699267 2
3.931789 -28.096546 20.071867 2
3.434989 -27.260046 19.933467 2
2.730589 -27.140546 20.508367 2
2.615589 -26.256746 20.813667 8
3.184989 -26.042146 21.633667 1
2.607689 -26.205746 22.406367 15
2.229289 -25.479546 22.860267 2
1.651889 -26.207446 23.099267 15
0.993589 -26.177946 22.345267 6
0.957189 -27.065346 22.673467 15
0.355989 -27.201746 21.865067 8
0.729289 -26.428846 21.387967 3
1.123789 -27.289546 21.022167 6
1.037489 -28.248546 20.822067 9
1.926389 -28.532746 20.495567 2
1.903789 -29.528246 20.498567 12
1.714389 -30.295246 21.041067 14
2.383689 -30.445046 20.303267 14
3.236789 -30.115046 19.922267 8
4.152989 -29.885846 20.065667 2
4.888889 -30.057146 19.398667 12
4.689489 -29.118146 19.618767 2
4.286689 -28.502446 19.018167 2
4.208489 -28.926446 18.176777 8
4.668389 -29.040346 17.293747 1
4.880689 -28.237946 16.807467 1
4.237589 -27.796446 17.345477 5
3.860789 -27.577446 18.274717 2
3.989589 -26.614446 18.274947 5
4.906289 -26.486346 18.588957 2
5.651589 -25.957346 18.920817 1
6.146189 -25.431246 19.565567 11
5.343789 -25.057346 20.041867 2
4.853289 -24.524546 20.757767 5
3.975489 -24.849446 21.048767 6
4.517489 -25.605646 21.283367 1
4.802589 -26.534146 21.274167 1
4.737289 -27.097946 20.336167 2
4.734689 -27.925846 20.919067 2
4.621289 -27.806746 21.919067 1
3.962689 -28.424646 21.623267 2
3.196289 -29.054246 21.871367 14
3.316389 -28.727946 20.944967 2
2.639389 -28.013246 21.104267 2
2.070189 -28.636746 21.685967 14
2.500589 -27.997946 22.193367 15
3.297589 -27.569446 22.065467 2
3.779389 -28.143246 22.634667 6
3.105689 -28.775846 23.012167 14
2.259589 -28.771946 23.498867 14
2.203089 -27.877646 23.759467 15
1.549289 -28.066146 23.079167 15
1.190689 -28.974046 22.701567 14
0.215489 -28.685246 22.486367 3
0.341289 -29.596346 22.136267 14
-0.451211 -29.022146 21.937967 5
-0.898711 -29.620946 21.349267 1
-0.276111 -29.918946 20.721967 2
0.682089 -29.967746 20.962567 14
1.049889 -29.674946 20.008967 9
1.857489 -29.728046 19.519467 8
2.612289 -29.070446 19.284867 2
2.591289 -29.341446 18.356147 8
2.538889 -30.214346 17.878247 8
1.745889 -30.385646 17.391437 2
2.140489 -29.678746 16.856447 9
2.902389 -29.211646 16.540057 14
3.188289 -28.618246 17.215477 8
2.930889 -28.240746 18.091787 2
1.967989 -28.114146 18.225857 1
2.121589 -28.152346 19.153267 2
2.380789 -27.304946 19.529967 2
2.495889 -26.344846 19.356467 14
2.772589 -25.866546 18.525197 1
2.784389 -26.316846 17.659967 1
2.633789 -27.186246 18.204847 7
3.260489 -26.902546 18.878607 2
3.907489 -26.377346 19.314567 2
3.681089 -25.484946 19.151867 3
3.589489 -25.128646 18.191037 1
3.752789 -24.241346 17.856537 2
4.010689 -24.228046 16.901317 1
3.680089 -24.225646 15.974137 3
3.248189 -23.516646 15.411077 4
2.537789 -23.622946 14.721647 2
2.656289 -22.892546 14.069517 1
2.452389 -22.241346 13.369357 2
1.928089 -21.565946 12.849647 2
2.084989 -21.187346 13.791327 6
1.752189 -21.076846 14.651717 8
1.533789 -22.004546 14.527897 14
0.602489 -21.941246 14.566997 3
-0.253011 -21.574046 14.830207 2
-0.196111 -20.565546 14.994787 2
-1.081211 -20.395046 15.412177 1
-1.169311 -20.404846 16.376957 12
-1.162911 -19.852646 17.168967 10
-0.184211 -19.775846 17.431627 14
0.764289 -19.716746 17.381267 6
0.967889 -19.250946 18.153067 8
0.392489 -18.456146 18.303687 14
0.407789 -17.565146 18.008427 8
0.812189 -17.556946 18.847437 14
1.711189 -17.295146 19.070067 3
2.402989 -17.606146 19.739167 3
2.629789 -16.861846 19.029167 9
3.471389 -17.212146 18.694507 2
3.862189 -16.877546 19.516967 1
3.470489 -17.702746 19.963167 7
4.239089 -17.744846 20.613967 1
3.347289 -18.140946 20.970067 8
2.394689 -18.243746 20.596467 1
2.094189 -18.832146 21.335467 2
1.642889 -18.934246 22.209667 2
0.844389 -19.368746 22.128567 1
1.124489 -20.282746 22.508867 3
1.521189 -20.861146 21.825567 2
1.809089 -21.737446 21.911067 5
0.855689 -21.914646 21.918367 3
0.924389 -22.358346 22.804167 12
1.434389 -22.859746 22.162667 14
1.255089 -23.804046 22.013567 2
0.719189 -24.452346 22.505567 2
0.096989 -25.136746 22.656167 1
-0.144611 -25.077946 23.584667 8
0.366589 -25.636546 24.157767 2
0.353489 -26.640546 23.843567 5
0.569189 -27.615546 24.169167 15
0.874289 -28.500246 24.106167 2
1.076089 -29.323646 24.628867 11
1.538789 -29.670546 23.797367 1
1.400189 -29.917246 22.857967 14
0.560389 -30.371646 22.900167 14
0.252889 -29.630246 23.425767 2
-0.679611 -29.570546 23.130667 1
-1.484611 -30.181846 22.898167 2
-2.093111 -31.010146 23.135767 1
-2.600611 -31.082146 22.354167 3
-1.987511 -31.829646 22.118367 1
-1.526111 -31.687946 21.276267 1
-0.847311 -31.832446 21.839467 2
-0.205811 -31.277746 21.297467 4
0.734789 -31.265246 21.029867 14
0.945589 -31.840746 20.227367 14
0.346089 -31.791446 19.523367 1
-0.575611 -31.446146 19.312267 6
-0.187711 -32.039746 18.661607 9
0.301689 -31.588346 17.931977 2
-0.195411 -32.454846 17.671797 2
-1.076311 -32.767546 17.932157 9
-1.816611 -32.143946 18.150027 6
-1.853211 -32.718546 17.326157 9
-1.519011 -32.096446 16.713957 9
-0.637511 -32.174346 16.315977 9
0.244989 -32.233146 15.906537 2
1.195289 -32.148346 15.944507 2
1.839289 -32.865246 16.274267 6
2.429289 -32.111346 16.267147 2
3.212889 -31.610446 16.544017 9
2.619389 -30.917746 16.417467 2
3.206889 -30.447146 16.986737 8
4.049889 -30.496346 17.460077 8
4.317589 -31.254746 16.946927 3
4.126989 -31.650446 17.809337 8
3.995989 -32.595146 17.555817 3
3.297189 -33.272646 17.287937 6
2.730489 -32.491146 17.241737 6
1.744789 -32.352846 17.273147 2
1.307589 -31.598946 17.756437 2
1.970789 -31.016346 18.255687 8
2.684689 -31.415546 18.782697 8
1.964989 -31.388546 19.426967 14
1.120389 -30.883046 19.039067 14
0.686489 -30.486846 18.261127 2
0.535289 -29.607846 18.608307 8
0.050289 -30.192146 19.240667 12
-0.679211 -29.519046 19.116667 14
-1.313011 -28.928546 18.687817 2
-0.705411 -29.213846 17.989127 12
-0.439211 -30.215246 18.054967 3
-0.284411 -30.172446 17.142597 2
-1.235311 -30.111446 17.395797 10
-0.949411 -31.085346 17.116347 3
-0.088311 -31.326446 16.644317 2
0.750589 -31.264346 16.176517 2
1.277289 -30.414046 16.206497 2
1.480489 -29.510546 16.158667 3
0.765389 -29.709846 16.746577 2
0.700689 -28.793246 16.636787 1
1.440089 -28.179046 16.358207 3
1.242589 -27.597946 15.599207 8
2.170889 -27.709446 15.198637 1
1.456189 -27.952846 14.514867 1
0.579889 -27.935446 14.045267 1
0.259389 -28.871946 14.022107 1
0.138989 -28.795146 15.001627 1
-0.417511 -29.562446 15.380357 2
-0.915611 -29.927746 16.237707 2
-1.387811 -29.097446 16.575477 8
-2.249411 -28.546146 16.692507 2
-2.151511 -28.865346 15.805287 9
-2.971911 -28.433846 15.698807 8
-3.769411 -28.335646 15.182437 9
-4.434311 -27.942246 15.791377 3
-4.956311 -27.764946 14.948747 14
-5.299211 -28.619546 14.690507 3
-5.285811 -28.542246 13.743727 2
-5.518011 -29.396346 13.357107 1
-6.292211 -29.849146 13.038577 6
-6.633911 -29.363846 13.823827 14
-6.912011 -28.843946 14.626817 2
-7.517811 -28.647346 15.423197 7
-8.345011 -28.550646 15.806227 2
-8.995211 -28.412546 16.470647 6
-9.000111 -27.637446 17.108467 2
-8.677311 -27.363346 17.951797 6
-8.644811 -27.473746 18.914877 1
-9.228011 -28.285646 18.886037 1
-10.120711 -28.627846 18.739787 8
-9.961111 -29.535846 18.562417 3
-9.186311 -29.347546 17.989407 2
-8.662111 -29.714546 17.254397 2
-8.798511 -30.369246 16.467367 14
-9.028311 -29.829446 15.771837 9
-9.554911 -30.716346 15.788787 3
-10.249031 -31.187946 16.238617 14
-10.158611 -31.985146 15.644017 8
-9.239211 -32.316446 15.763717 9
-8.772811 -32.324046 14.916497 14
-8.875811 -31.446046 14.499707 8
-8.032811 -30.945946 14.451787 3
-7.144911 -31.407146 14.487647 8
-7.083411 -30.468446 14.660777 12
-6.354911 -30.605546 14.014427 2
-5.616711 -31.037846 13.654137 2
-4.758911 -30.820146 13.295677 1
-3.823211 -30.571446 13.152887 10
-3.694211 -31.253746 13.889237 2
-3.728611 -32.199646 14.013427 3
-3.188211 -31.686346 14.574277 1
-2.513911 -32.108746 15.087687 9
-2.057911 -31.250346 15.129317 3
-1.097011 -31.157046 15.257337 9
-0.185711 -31.345146 15.616807 2
-0.072311 -30.756146 14.910417 2
0.656189 -30.260946 14.437247 1
0.924789 -30.651946 15.232817 2
1.835189 -30.163946 15.274387 1
2.631589 -30.661746 15.121637 2
3.465389 -30.324546 14.742117 1
2.748089 -29.780546 14.379257 6
2.525889 -30.613946 13.972007 12
2.164189 -31.396246 13.643457 8
1.826889 -31.533946 14.512817 2
1.663889 -32.328946 15.021577 2
2.611989 -32.453246 15.209317 6
2.614489 -32.383946 14.214847 2
2.324089 -33.318546 14.501317 8
1.801489 -33.625746 15.280207 2
2.183989 -33.997246 16.058897 6
1.847489 -34.792246 15.551547 8
1.164289 -34.844546 16.228557 14
1.656189 -34.450246 16.899757 6
2.148089 -34.797746 17.658367 3
2.032189 -35.000946 18.626867 3
1.926689 -35.687946 19.250367 2
1.313789 -36.188546 19.926667 1
0.823889 -36.232446 20.736367 12
0.037889 -35.672046 20.830467 4
0.382789 -35.200746 21.613467 8
-0.045411 -34.334946 21.287467 1
0.120789 -34.093346 22.148167 1
0.985189 -34.058946 21.585467 2
0.855889 -33.077746 21.467967 14
-0.150211 -32.786746 21.626267 1
-0.674111 -33.384746 21.065367 2
0.135289 -33.447346 20.573167 2
1.034589 -33.541646 20.192567 3
1.938089 -33.368346 20.422467 3
1.943589 -32.429146 20.304867 14
2.265689 -32.827146 19.395067 2
1.557089 -33.323046 19.115667 6
1.747989 -33.479246 18.190477 3
0.938989 -33.049946 18.117487 14
1.130589 -33.401346 17.218877 6
0.755689 -33.123546 16.404277 2
0.027589 -33.778246 16.582037 9
0.367389 -34.054046 15.766057 2
-0.143411 -33.644746 15.114257 2
-0.574611 -33.128246 15.797307 9
-0.924311 -33.985246 16.130067 9
-1.160611 -34.144946 15.244827 14
-1.830211 -34.760346 15.620267 2
-2.046211 -33.850746 15.545427 1
-1.598511 -33.159246 14.985407 9
-1.129411 -32.647546 14.262487 8
-0.519911 -31.872346 14.216327 3
-0.144611 -32.459746 14.973757 2
0.494989 -32.476046 14.225177 2
1.126389 -32.950646 13.766907 1
1.479389 -33.800946 13.918757 8
0.746589 -33.969146 14.573497 2
1.090289 -34.836646 14.823097 1
1.556989 -35.340846 14.177057 8
2.420089 -35.585246 14.558927 8
1.918089 -35.821746 15.360717 10
2.329489 -35.507846 16.169347 2
2.923389 -35.866546 16.825957 3
2.212689 -36.235246 17.325567 3
1.710389 -36.844846 17.874667 2
2.644489 -36.789946 18.155917 3
2.491489 -36.613046 19.092967 8
3.009189 -37.000146 19.806967 6
2.530389 -37.083246 20.659267 14
3.298889 -37.120846 21.228767 2
4.048189 -36.834146 21.739767 3
4.101989 -36.478546 22.591467 4
3.137389 -36.511346 22.627067 2
2.835589 -37.367146 22.299967 14
2.755389 -38.308346 22.060967 7
2.926889 -39.100346 21.379967 3
3.695589 -39.703046 21.541767 3
3.345089 -40.442446 20.945767 6
2.452789 -40.066246 20.691467 14
1.429889 -40.210946 20.643867 2
0.728389 -39.732346 20.312567 3
-0.202311 -40.113046 20.282867 2
-0.274911 -39.220046 20.600967 13
-1.163911 -38.809346 20.723567 2
-1.423411 -38.461146 19.808367 6
-2.049911 -38.603546 19.070267 10
-2.943511 -38.342646 19.384467 5
-3.577911 -37.701046 19.167367 3
-3.859911 -36.764146 19.567667 1
-3.954011 -35.835346 19.364367 7
-3.542311 -35.019346 19.212567 3
-2.587711 -34.775346 19.524367 3
-2.017411 -35.394046 19.073167 1
-1.945911 -35.307246 18.156857 2
-1.840511 -35.801446 17.294657 5
-0.899211 -35.566146 17.481307 8
-0.468211 -34.697946 17.277617 1
-1.078911 -34.092446 17.544787 9
-2.000311 -34.463446 17.446877 1
-1.706611 -33.905046 16.757927 9
-2.520411 -33.341146 16.565377 1
-2.549611 -32.395346 16.431307 9
-2.392211 -31.761646 17.218417 3
-2.302011 -30.813646 17.188687 3
-2.421511 -30.398046 18.033247 10
-2.785311 -29.904946 18.781057 14
-3.304611 -29.429146 19.460867 3
-3.179011 -28.743046 20.102767 3
-2.524211 -28.245946 19.676267 8
-2.864211 -27.728646 18.968537 1
-3.336311 -27.024046 18.588277 2
-4.114411 -27.555246 18.480987 4
-4.256411 -28.372546 18.933647 3
-4.808611 -27.965546 19.662367 10
-5.449111 -28.322546 18.988607 1
-5.955311 -29.156746 19.016767 2
-5.228911 -29.625846 19.427567 5
-5.940411 -29.277646 20.051667 3
-6.686011 -29.436746 20.628067 3
-5.842111 -29.173946 21.100467 14
-5.354311 -30.010046 21.532667 12
-6.188011 -30.329146 21.131467 13
-6.356711 -30.363146 20.193267 9
-6.862011 -31.012346 19.702367 3
-7.272911 -31.256346 18.847597 9
-6.382611 -31.768046 18.983247 10
-6.166511 -32.547246 19.471267 1
-6.564311 -32.239546 20.309467 3
-7.355811 -32.636946 20.692667 7
-7.370411 -33.407246 20.120167 10
-6.940611 -33.767546 20.963267 3
-7.265411 -33.949546 21.844767 1
-6.873511 -34.852246 21.757667 1
-6.020511 -35.123746 21.892167 8
-5.771311 -35.599146 21.071267 2
-5.670611 -34.792746 20.557067 3
-6.430711 -35.049446 20.002867 3
-6.850911 -35.656246 19.411967 1
-6.485211 -35.604546 18.519737 2
-6.339211 -36.465846 18.966607 6
-6.431611 -37.313246 18.564957 6
-5.778111 -37.792646 18.044407 9
-5.849111 -38.154946 17.181247 3
-5.046111 -38.072546 16.724017 3
-5.006411 -37.370346 15.989127 13
-4.531711 -36.524946 16.008237 9
-4.510611 -36.348346 15.083747 12
-4.380311 -36.297246 14.146217 6
-3.991311 -37.202746 14.328517 4
-3.098611 -37.642846 14.150537 3
-2.916211 -38.581646 13.945977 6
-2.036511 -38.449346 13.746937 8
-1.889611 -38.012846 14.639627 3
-0.934611 -37.943246 14.927497 6
-0.570911 -37.969346 14.023417 9
0.007789 -37.798646 14.732417 14
0.725089 -37.448946 15.311227 5
1.209689 -38.132546 14.762697 5
0.750589 -38.091346 13.981887 3
1.157989 -37.262646 13.733207 10
1.394889 -36.273346 13.724377 3
2.268289 -36.527746 14.172657 8
3.023289 -37.095946 14.429957 5
3.662789 -37.749946 14.146497 5
3.899089 -38.596346 13.724767 9
3.932989 -39.579246 14.039157 3
3.191389 -40.154846 13.747907 10
3.614289 -39.772346 12.889537 14
4.033989 -40.431446 12.380027 3
4.516189 -39.728546 11.896657 9
4.957189 -40.599246 11.829647 3
5.411989 -41.100446 11.118447 1
6.277589 -41.391746 11.302047 3
5.980789 -42.244646 10.889137 1
5.594989 -42.682046 10.102257 1
6.266689 -43.392646 10.351857 4
6.851589 -43.993646 10.010198 9
6.865189 -44.219046 10.887987 1
7.803289 -43.959946 11.097947 1
8.142489 -43.590946 10.324017 9
8.308789 -42.685746 10.600317 3
8.468089 -42.328346 11.512247 4
7.831589 -41.585746 11.868537 1
7.516189 -40.841346 11.353297 1
7.473489 -40.655446 12.304217 3
8.380789 -40.334946 11.979477 11
7.765789 -39.763246 11.511707 13
7.847189 -38.903846 11.883367 6
7.258489 -39.335146 12.528517 6
6.687689 -40.027946 12.712017 3
6.721289 -40.912146 13.146277 3
5.905189 -40.494446 13.271357 3
5.614389 -39.916946 12.549567 3
5.995489 -38.941646 12.421147 10
5.880089 -38.313746 13.141847 3
6.475689 -37.514346 13.000357 6
6.086889 -36.679946 12.697407 6
5.269189 -37.137146 12.939587 15
4.992389 -36.266346 13.282857 13
4.205289 -36.018446 12.727837 3
3.960189 -35.114646 12.576807 4
3.524389 -35.513546 13.296217 8
3.349589 -35.730146 14.188457 8
4.214089 -36.100846 14.236447 9
4.433389 -37.066546 13.954417 12
4.103889 -37.256446 14.924867 3
4.022889 -36.392346 15.448837 9
3.463989 -36.477046 16.218997 3
3.048489 -36.921846 15.465657 5
2.428389 -36.815446 16.169427 3
1.510889 -37.080446 15.841117 5
0.808789 -36.415546 15.969407 9
-0.012811 -36.439346 15.631007 3
-0.020011 -36.946646 16.439137 1
-0.570411 -37.211246 17.176797 4
-0.095711 -38.014846 16.763517 1
0.930389 -37.888146 16.826897 6
1.745589 -38.381146 16.891687 5
2.243189 -38.036346 17.638127 10
1.997489 -37.437546 16.884197 3
2.496789 -37.854846 16.057667 5
3.439289 -37.627446 16.175937 3
3.396689 -38.681146 15.968137 5
3.411089 -39.405746 16.563907 2
4.303989 -39.054546 16.883527 3
4.602389 -39.942446 17.003347 6
5.461289 -40.238346 16.845587 3
5.818989 -41.073946 17.208347 1
5.146289 -40.891946 17.874927 1
5.751089 -40.151846 17.899797 1
6.374189 -39.590546 17.460087 9
5.495589 -39.341446 17.376077 3
5.357389 -38.884046 18.288507 13
4.468389 -38.589746 17.912597 3
4.834789 -37.700746 17.931327 3
5.309389 -37.331146 18.735017 9
5.038589 -36.459846 19.004207 3
5.960289 -36.422646 19.305367 10
5.760189 -36.144746 18.402917 3
6.634289 -36.400046 18.296007 13
6.696089 -36.247646 17.360777 9
7.477389 -35.999646 16.805817 9
7.974089 -36.173646 17.629437 3
7.522689 -35.511846 18.205937 9
6.895889 -35.603846 18.885167 14
6.751189 -34.695746 19.113567 1
6.708589 -33.530046 19.824667 1
6.044589 -33.702346 20.519867 6
5.123589 -34.366746 20.427667 9
4.785389 -34.438846 19.549867 1
3.906789 -34.412146 19.160867 6
3.515189 -33.695046 19.636067 3
3.443989 -34.296646 20.407367 1
2.699989 -34.387146 21.070267 4
3.050289 -35.198246 21.509067 3
2.752489 -35.577846 20.666767 4
2.603689 -35.252346 19.792767 9
3.196889 -35.215346 19.055067 3
3.473089 -36.065446 19.409867 8
3.992589 -36.194246 18.592927 6
3.585389 -36.270246 17.712497 3
4.123589 -36.865446 17.010837 3
3.905989 -37.288046 17.869507 3
3.038789 -37.683746 18.134287 11
3.455489 -38.529046 17.950337 1
3.225189 -38.153146 17.087497 3
2.833089 -38.987746 17.266497 5
1.920689 -39.393446 17.100937 3
1.308589 -39.158546 16.458057 5
0.373089 -39.023246 16.166947 8
0.376989 -39.476746 15.385977 10
1.353889 -39.295646 15.494357 5
1.897189 -40.018346 15.849977 5
2.222389 -40.717946 15.260207 9
2.538989 -41.633446 15.007887 3
2.828789 -42.370146 15.562157 1
2.907289 -41.899446 16.372837 14
3.210389 -40.969846 16.181317 3
3.973189 -41.065146 15.607837 8
4.510789 -41.141546 14.832087 3
4.625389 -42.156746 14.867837 9
4.678389 -42.618146 14.001747 4
5.492489 -42.087446 13.915647 3
5.806489 -41.640946 13.087837 3
5.289989 -41.742246 12.349747 3
4.398589 -41.915446 11.992717 1
4.752989 -42.178246 11.121337 15
4.583889 -41.406346 10.525247 12
5.294389 -41.440546 9.875244 10
5.040589 -40.487646 10.00765 5
5.519189 -39.927846 10.727917 9
6.086589 -39.955046 11.507507 3
6.225189 -39.104346 11.081927 9
6.892589 -38.372046 11.173637 6
7.197889 -37.750146 10.483127 6
6.365789 -37.405646 10.484427 3
5.874689 -38.178246 10.768467 9
5.397689 -37.423246 11.067807 4
6.207389 -36.972346 11.587227 3
6.947289 -37.196446 12.164437 6
7.097389 -36.259446 12.075047 6
7.001689 -35.407446 12.589007 3
7.907089 -35.748046 12.909897 6
8.270489 -35.022346 13.500797 13
8.525389 -34.527446 14.227207 5
9.369289 -34.659446 14.640767 3
9.506189 -34.814046 15.584087 10
8.540089 -34.890146 15.517787 5
8.391989 -34.293746 16.275107 1
7.956289 -34.930546 16.799017 9
7.774989 -34.098046 17.295707 1
6.957589 -34.160246 17.820457 3
6.379589 -34.908846 18.041097 1
5.882689 -35.486346 17.487177 9
4.935389 -35.484246 17.438347 3
4.809689 -35.476646 18.369257 3
4.757789 -34.480946 18.403227 13
4.652689 -33.689346 17.864947 1
3.963289 -34.265646 17.584487 1
3.689089 -35.153546 17.863747 3
3.058889 -34.800746 17.202037 3
3.115289 -34.078346 16.520887 6
3.807889 -34.791746 16.276247 3
3.910189 -35.186046 15.432987 9
3.183489 -34.820546 14.977547 8
3.153589 -33.927446 14.591697 8
3.430489 -33.612046 15.443237 3
4.053589 -32.989846 15.863567 6
5.047389 -33.075846 15.807977 5
5.623489 -32.284346 15.890247 3
5.440589 -31.766946 15.102337 15
5.902689 -30.885446 14.692137 4
6.296789 -31.635946 14.344467 4
6.776689 -31.420146 15.124607 8
7.263289 -31.951546 14.450677 3
7.817889 -32.718646 14.652467 3
8.496889 -33.367146 14.463517 9
8.031689 -33.697846 13.612847 4
7.173189 -34.164446 13.691967 3
7.429389 -34.747346 14.381267 14
6.576589 -34.213546 14.644017 9
7.054689 -33.432946 14.520767 13
7.770489 -33.742046 15.092547 3
7.116789 -33.890446 15.761807 1
6.399589 -33.854546 16.519027 13
6.132989 -34.763146 16.651997 9
6.980989 -34.896346 16.189377 9
6.993089 -35.501846 15.385867 9
7.796089 -36.023446 15.131737 5
7.383289 -36.342946 14.295687 6
6.416189 -36.586446 14.260647 6
5.933789 -37.427746 14.241657 10
5.990789 -38.396946 14.187607 3
5.431489 -39.187646 14.413777 3
5.085789 -38.717646 13.672667 6
4.663289 -39.343146 12.965677 1
4.997589 -39.975646 13.612547 3
4.249589 -40.511546 13.803457 3
4.272589 -41.447946 13.570967 3
3.487789 -41.090246 13.023747 6
2.728489 -40.780246 12.562107 10
2.903589 -41.099046 11.679697 15
3.497089 -40.475646 11.315247 1
4.072689 -40.156846 10.549367 1
4.523789 -39.350346 10.265567 9
4.017489 -39.137246 11.073647 9
3.247089 -39.211446 11.663627 6
2.753789 -39.070646 12.470537 13
2.555689 -38.560346 13.304197 8
2.359789 -38.378246 14.294517 5
2.042289 -38.603846 15.127317 5
2.810189 -39.092146 15.082017 5
3.759389 -39.222146 15.020017 10
4.689589 -39.202146 15.350187 3
4.029689 -39.814346 15.826857 6
4.973489 -40.252446 15.759647 3
5.572989 -39.742546 15.291097 3
6.293689 -39.474646 15.813837 3
6.921989 -39.031246 16.425557 11
6.082489 -38.585046 16.380697 3
6.606889 -38.142546 17.004917 1
7.220189 -38.469746 17.630407 1
7.726489 -37.651246 17.662607 3
6.838089 -37.363646 18.017147 1
6.030589 -37.969646 17.953787 3
5.848089 -37.106946 17.595987 1
5.102489 -37.213946 16.984047 3
5.007589 -36.313346 16.662497 3
5.395689 -35.636646 16.062157 9
4.999589 -34.773746 16.362977 1
5.340589 -34.255646 15.684927 4
4.681489 -34.592046 15.047527 8
5.469489 -34.852546 14.511697 9
6.350289 -35.196046 14.524037 4
6.085689 -35.853146 15.217897 9
5.416089 -36.505046 15.556867 3
5.065389 -36.789346 14.775787 9
4.973989 -37.776846 15.212727 3
4.143489 -38.206346 15.370447 5
4.828589 -38.322546 16.058777 3
5.559089 -37.750846 16.142457 3
6.141389 -36.978146 16.393167 9
7.082789 -37.282146 16.690727 15
7.838589 -36.843846 16.146497 5
6.918189 -36.640546 15.747217 9
6.447489 -37.362146 15.301017 10
6.644089 -38.221346 14.927977 3
7.570189 -38.268446 14.602127 6
7.959189 -37.403946 14.675277 6
8.853189 -37.605746 14.539357 5
9.046089 -38.256746 15.175847 13
8.654589 -38.941546 14.625877 6
8.706789 -39.669546 15.215737 3
9.108489 -40.428046 14.861987 13
8.256589 -40.510746 14.336487 3
8.805989 -40.050346 13.578437 10
8.189189 -39.387846 13.776697 6
7.531289 -39.801146 14.440697 3
7.372489 -39.423046 15.319187 3
8.017289 -38.904046 15.743267 1
8.403289 -39.071546 16.655977 1
8.986389 -39.829146 16.711937 6
8.434289 -40.480346 17.145937 5
8.202589 -40.958346 16.394947 3
7.888189 -41.497446 15.598977 4
7.077789 -40.968146 15.861277 3
7.060889 -40.075846 16.162307 3
7.325389 -40.645746 16.836317 6
7.183889 -40.575746 17.758177 4
6.873989 -41.211746 18.427967 4
5.982989 -41.420746 18.727017 9
5.576689 -42.108346 18.251607 3
6.104389 -42.586846 18.977677 13
6.656489 -43.232946 19.497367 8
7.125789 -43.783646 18.839157 3
6.458789 -43.834246 18.159667 12
6.164889 -43.315646 17.354617 14
7.002489 -43.637246 16.984667 3
7.632689 -43.136546 16.496277 11
8.170389 -43.850946 16.067737 3
8.745289 -43.504046 16.777267 4
9.100789 -42.641146 16.634247 1
9.499989 -41.812446 16.603747 1
10.352689 -41.488246 16.192967 10
11.176389 -41.122446 15.903347 6
10.657889 -40.817746 15.194177 3
10.853689 -39.953346 14.813117 1
11.226689 -39.714146 13.912677 9
10.305189 -39.498046 13.939577 9
9.407189 -39.133146 13.666567 1
9.185089 -38.398146 13.053897 6
9.003589 -39.316146 12.763367 6
9.325389 -40.226546 12.453167 9
9.379589 -41.060846 12.984797 3
8.376989 -41.010546 13.030737 3
8.590289 -41.914746 12.860347 9
8.327189 -41.885746 13.861237 10
7.456589 -41.409446 13.697767 3
7.262589 -40.908546 14.521137 3
7.378689 -41.928946 14.557137 3
7.378589 -42.877046 14.748107 1
7.486089 -43.883646 14.903967 8
7.624289 -44.838846 14.995477 8
6.827889 -45.436946 15.056937 15
6.042789 -44.925046 14.821827 5
5.055889 -44.738246 14.971297 5
4.914989 -45.393246 15.627287 5
5.129589 -46.096046 16.324557 1
5.890589 -46.079246 15.786267 13
5.647989 -46.731546 15.206407 9
5.005489 -47.513546 14.976147 10
4.437889 -47.553546 14.182387 3
4.019489 -46.734046 14.550887 6
4.481489 -46.646246 13.679917 13
4.412689 -46.130446 12.871477 3
5.301989 -46.201646 12.678067 9
5.482089 -45.691646 13.547897 13
5.891289 -44.782946 13.331827 9
6.178589 -44.082746 13.913127 3
6.386889 -43.741946 14.734887 13
6.229489 -42.923346 14.322037 11
6.409089 -42.221846 14.957827 9
6.365489 -41.284846 15.216947 3
5.560789 -40.877246 14.936607 3
5.800689 -40.193646 14.285837 3
6.664989 -40.129946 13.924477 3
6.978689 -39.322946 13.639317 3
7.214689 -38.470646 13.441237 6
7.618789 -37.681746 13.071477 6
8.056089 -37.041946 13.591227 6
8.626089 -36.599146 14.284437 5
9.547589 -36.564046 14.563867 4
9.506389 -36.015746 15.282707 5
10.406589 -35.904046 15.514087 6
10.886489 -36.160646 16.361177 15
9.923189 -36.361446 16.470037 3
9.091589 -36.825246 16.414217 5
9.155489 -37.234446 17.324097 6
9.582389 -38.049246 17.597707 8
9.322289 -38.638646 18.348267 3
9.614289 -37.749646 18.640987 10
9.632489 -37.543546 19.616967 1
9.888689 -38.390946 19.904467 3
10.272789 -38.737046 19.086467 1
10.736789 -38.000846 19.438567 1
11.331489 -38.717146 19.364367 3
12.138789 -38.585046 18.742017 1
11.741589 -38.138246 18.033237 4
12.023689 -37.897746 17.127507 1
11.751389 -36.976546 16.830027 1
12.039989 -36.287446 17.464497 10
12.770689 -36.315546 18.050037 3
13.197789 -36.457646 17.118657 1
13.896889 -36.325446 16.424017 3
14.597089 -35.904746 15.903447 11
15.388189 -35.433846 15.716107 9
15.522689 -35.156646 16.591837 5
15.315389 -34.347346 16.166347 6
14.748689 -34.026746 15.487867 4
14.505889 -33.357446 14.820057 3
15.201489 -32.787946 14.573647 10
14.338189 -32.234046 14.637277 9
14.271789 -32.624246 13.731787 3
14.027489 -33.234646 13.064617 4
14.850189 -33.613946 13.362247 14
15.238389 -34.477446 13.221117 12
14.456189 -34.870446 12.757267 3
14.059089 -34.105146 12.246577 5
14.849389 -33.668546 11.796887 9
14.906489 -32.698246 11.711867 10
14.242589 -31.960446 11.791117 13
13.539389 -32.239746 11.197087 3
12.953689 -31.989046 10.406237 6
13.634789 -32.134246 9.792968 10
14.404989 -32.508946 9.317111 10
13.978289 -33.407146 9.40858 13
13.822989 -33.239946 10.308197 6
13.169189 -33.884946 10.002852 9
13.306889 -34.719646 10.325057 13
12.855589 -34.838046 9.465196 10
12.506989 -34.478246 8.668045 1
12.116089 -34.261146 7.796717 4
12.195189 -33.298846 8.050756 8
11.272289 -33.502646 7.987987 4
10.594489 -33.431846 7.290127 4
9.668689 -33.532946 7.247677 4
8.864089 -32.954946 7.034257 3
8.581189 -33.320746 7.847597 5
9.201289 -33.263646 8.579063 4
10.102989 -32.901446 8.712518 1
9.964089 -33.685946 9.263235 4
10.395289 -33.777146 10.070497 10
10.231389 -34.375246 10.725517 5
11.147889 -34.690546 10.633937 13
11.435089 -35.324846 11.219017 13
10.958889 -36.159346 11.079447 13
10.340889 -35.404746 11.300837 3
9.504689 -35.866546 11.660317 1
8.593589 -36.268346 11.628237 6
8.641189 -36.302546 10.657087 10
8.645089 -37.259846 10.653957 6
8.304989 -37.211846 9.782508 3
8.316489 -36.451346 9.163351 10
9.061489 -36.099546 8.652188 11
9.478289 -35.829746 7.810917 11
10.067289 -35.085046 8.03067 4
10.664289 -35.776446 7.700887 10
10.684689 -35.233446 6.929037 4
9.758089 -35.255946 6.827097 11
10.210489 -34.374046 7.193857 4
10.435889 -34.081346 6.277977 8
11.235289 -33.613946 6.166037 4
12.001989 -33.438246 5.599097 10
11.673789 -33.091346 4.716587 9
11.098089 -33.722046 4.300207 3
11.485389 -34.592546 4.221437 1
11.336889 -35.540646 4.343697 13
11.393589 -35.538846 3.348167 5
12.108389 -36.066346 2.986187 13
12.958889 -35.803746 2.606507 1
12.350989 -36.349646 1.984307 5
12.848889 -36.989146 1.397287 4
12.634589 -37.815946 1.796387 1
11.806989 -37.599946 1.359737 6
11.643389 -38.352246 0.904617 10
12.394889 -38.780446 1.400467 13
11.990689 -38.734846 2.284567 10
12.714189 -39.462346 2.517097 6
11.938289 -39.748746 1.960767 10
12.223389 -40.521346 2.414827 3
12.810489 -40.938446 3.095607 8
13.053589 -41.454546 3.889477 4
12.293189 -41.181946 4.483537 9
12.794289 -41.937646 5.103537 13
12.849389 -42.866846 5.223467 6
13.833089 -42.600846 5.015787 4
14.490389 -43.243746 4.959897 12
15.389989 -43.307146 4.624377 1
15.939389 -43.782946 5.257147 4
16.435589 -43.002346 5.055057 9
17.105189 -42.410846 5.434627 10
17.076789 -41.550546 5.791197 1
17.948889 -41.812846 5.423527 4
18.471189 -42.061746 4.676197 15
18.922189 -41.897046 3.739527 10
19.755489 -41.396346 4.024807 13
20.323589 -40.645946 4.026177 10
20.223389 -39.957946 4.763547 5
19.289789 -39.879046 4.568877 3
19.164389 -38.946646 4.850857 13
19.068789 -39.210546 5.836357 15
19.090989 -40.205846 5.935937 11
19.520389 -40.877646 6.384997 4
19.164489 -40.275446 7.098527 3
18.275589 -39.981146 7.407137 4
18.825289 -39.675846 8.173776 2
18.174689 -40.095546 8.72961 4
18.184189 -41.060246 8.905129 1
17.596289 -41.111446 8.118397 13
16.732589 -41.428146 8.37959 1
15.880189 -41.035646 8.054996 6
15.946889 -40.339046 8.728911 3
15.997689 -39.969046 9.663041 4
15.637989 -39.194146 10.280327 1
15.735889 -38.382846 10.872967 6
14.821689 -38.102146 11.121967 1
14.150389 -38.595046 10.621907 1
13.193989 -38.611646 10.698407 9
12.342689 -38.875146 10.183317 4
12.291389 -39.076646 9.182169 10
11.717289 -38.415446 8.834982 1
11.498989 -37.865046 7.987577 10
11.898189 -38.201446 7.161027 10
11.834489 -38.562846 6.269567 1
12.034689 -37.831546 5.689797 13
12.921289 -38.042546 5.914387 3
13.451589 -37.425146 6.439147 1
12.532889 -37.184746 6.425207 10
12.905789 -36.901546 5.571237 5
12.133389 -36.727646 4.950677 13
12.555189 -35.950046 5.201687 8
12.322189 -36.307446 6.061087 8
11.588789 -36.898746 5.869357 13
11.573289 -37.162946 6.762957 10
11.762889 -36.291346 7.039657 10
11.705489 -35.328746 7.301107 4
12.357589 -34.869546 6.661057 5
11.482289 -34.948946 6.204457 4
11.269689 -35.187046 5.305807 11
10.447189 -35.455846 4.933967 13
9.914289 -34.715346 4.725687 3
9.078189 -34.223646 4.548537 11
8.479389 -34.957646 4.871807 5
8.672089 -35.292446 5.767467 11
7.890389 -35.724646 5.372827 6
7.895989 -36.639346 5.014977 4
8.041789 -37.071846 4.205957 4
8.271889 -36.915546 3.265427 1
8.584889 -37.620146 2.816377 4
9.456689 -38.117646 2.810347 10
9.572789 -37.234746 3.123377 4
9.700289 -36.478446 2.598167 6
10.660189 -36.226246 2.592497 15
10.892789 -36.478046 3.498237 9
11.519389 -36.904046 4.027327 13
11.647989 -37.454746 3.209877 4
11.347989 -38.307746 2.916877 10
12.036389 -38.484246 3.654527 13
11.694889 -39.417046 3.581937 10
11.740889 -40.187346 4.056877 9
12.543489 -39.909346 4.485377 4
13.413589 -39.542946 4.378497 12
14.278389 -39.044446 4.436917 6
13.740789 -38.503046 3.834087 3
13.044389 -37.846246 3.790857 5
12.824689 -37.019046 4.200437 13
13.756089 -36.955046 4.008037 1
14.401589 -37.013446 4.735457 8
15.221989 -36.453446 4.625617 10
16.161189 -36.861346 4.796827 1
15.422189 -37.178546 5.354617 10
15.234989 -36.491346 5.984987 4
16.136289 -36.411246 6.315507 1
16.835289 -35.747746 5.963407 4
16.357289 -35.283546 5.197757 1
16.135089 -34.923646 6.158167 3
15.346389 -35.392946 6.462387 1
15.098389 -35.526246 7.382807 4
15.374189 -36.067746 8.133553 10
14.864789 -36.893646 7.926037 4
15.116989 -37.147046 8.784106 3
14.854589 -36.394346 9.438579 1
14.479989 -37.351246 9.660957 1
14.066489 -36.624646 10.203547 15
13.129389 -36.689746 10.309567 4
12.635089 -35.879146 10.026427 13
12.343989 -35.853246 10.910037 13
12.465789 -36.649546 11.514257 11
12.448089 -36.004446 12.218047 10
11.755389 -36.149746 12.886887 5
12.334389 -35.942646 13.589617 3
11.836589 -35.230746 13.977897 10
11.571789 -36.125446 14.212417 9
10.785789 -35.738046 13.827057 10
9.827689 -35.699846 13.748887 1
9.651589 -36.269446 12.920577 4
9.384089 -37.148846 12.704807 11
8.570089 -37.685146 12.749507 6
7.894389 -37.838946 12.100257 6
8.666289 -37.424446 11.783117 6
9.582089 -37.483146 11.633757 8
10.165489 -36.884346 11.094787 4
10.020189 -37.184046 10.220557 8
10.388489 -36.292346 10.112467 12
10.316689 -36.321846 9.06501 10
10.754189 -35.545946 9.353571 13
10.587489 -34.652446 8.932015 4
11.315189 -34.021546 8.907081 4
11.675689 -34.096146 9.811916 3
11.709389 -34.999946 9.402614 13
11.608089 -35.442246 8.47668 4
11.960289 -36.223646 8.068628 10
11.825889 -37.019346 8.581881 10
12.453489 -37.684946 8.454982 6
12.953489 -36.888046 8.447361 10
13.689189 -36.610046 9.082209 1
14.067689 -37.321246 8.600155 1
13.851589 -37.626546 7.704487 13
12.983989 -38.005446 7.583937 10
13.455689 -38.621446 7.005437 5
13.779189 -39.044446 7.784517 1
13.851889 -39.747546 7.011357 3
13.684389 -39.789046 6.105957 13
13.050389 -39.852746 5.394867 4
12.222989 -39.364946 5.324177 4
11.479089 -39.508046 4.793357 9
11.280089 -38.584346 5.055567 13
10.420689 -39.070146 4.981027 1
10.147389 -39.836446 5.525067 4
10.500189 -39.923746 6.405447 10
11.309289 -40.490446 6.220987 9
12.313189 -40.480546 6.010277 4
12.795589 -40.111146 6.812047 13
12.153989 -39.523746 6.522357 15
11.744389 -39.434246 7.351767 10
11.509489 -39.704246 8.225667 10
12.252689 -40.056246 8.924755 9
11.383889 -40.434146 9.15441 11
10.848389 -40.382946 10.001908 3
10.647089 -41.269846 9.641969 4
10.638689 -42.203146 9.43657 10
11.393089 -41.950646 8.76208 6
11.798089 -42.868246 8.48279 4
12.193089 -43.711446 8.530787 6
12.530789 -44.371246 7.982307 4
11.870389 -45.000946 7.753277 13
11.510689 -45.900946 7.854677 5
12.232089 -45.983046 7.209977 7
12.017689 -45.338546 6.602997 10
11.388989 -44.695646 6.201187 4
10.828489 -44.988646 5.406117 13
10.962289 -45.088846 4.360027 4
11.589989 -45.737546 4.051687 1
12.136789 -44.921846 3.898587 10
11.709089 -44.081746 4.196857 3
11.010389 -43.524346 4.617647 8
10.257489 -43.001146 4.838607 5
10.714589 -42.171746 4.629437 5
11.379389 -41.686746 5.235937 9
11.663789 -41.883546 6.217267 4
11.332789 -42.312646 6.957137 4
11.698589 -41.476446 7.407107 3
11.371489 -40.578946 7.631197 10
10.545189 -40.495046 8.089249 12
10.579889 -39.668646 8.593553 10
9.911289 -39.094046 8.16038 10
9.506389 -39.374246 8.96907 1
8.717989 -39.144246 8.525386 1
8.421189 -39.399746 9.394345 1
8.181389 -39.609946 10.311577 1
8.751089 -39.038946 11.047567 6
9.059589 -38.747346 10.192167 1
9.226989 -38.126646 10.880267 6
10.046289 -38.184246 10.391347 4
10.768489 -37.798446 9.848295 13
10.313189 -37.440946 9.112483 3
10.585589 -37.744846 8.253424 10
10.029289 -37.226646 7.645717 10
9.582889 -36.632446 7.051477 11
10.521989 -36.841746 6.740147 10
10.483389 -36.944146 5.753547 13
10.113489 -36.099846 6.050447 14
9.215089 -36.323946 5.932537 11
9.633789 -36.242146 5.095467 8
9.148289 -37.098846 4.832447 4
9.444989 -36.706146 4.006507 4
10.360589 -36.986346 4.264897 13
10.050389 -37.875546 3.947637 4
11.010789 -38.060646 4.057687 13
10.711589 -38.839346 3.527857 10
10.439089 -39.733846 3.757287 15
10.717189 -40.207346 4.517527 9
9.707289 -40.247246 4.625747 4
9.936789 -41.153746 4.376037 5
10.558289 -41.072946 5.181537 9
9.992889 -41.453046 5.906497 5
9.557089 -40.540746 6.324137 4
8.594889 -40.542846 6.465617 6
8.697889 -39.712446 5.887437 4
9.377989 -39.034946 6.043417 4
10.255289 -38.710546 6.007777 13
10.877889 -38.901146 6.722577 10
10.035189 -38.737446 7.191057 10
9.452689 -39.543946 7.256197 6
9.617189 -40.506846 7.378177 13
10.455789 -40.793846 6.921837 10
9.682489 -41.466646 6.887247 1
9.418089 -42.397746 6.863907 13
8.831589 -43.051446 6.419767 10
8.360489 -43.581646 7.013627 5
8.838789 -44.414146 6.773307 1
9.263589 -45.274246 6.823807 1
8.922689 -46.177246 6.682927 4
8.510689 -47.005846 6.354337 3
7.653089 -46.941846 5.972297 10
7.948789 -46.202446 5.408187 8
7.172089 -45.719146 5.586737 4
6.559289 -45.795646 4.830367 1
6.442989 -45.333546 3.892047 7
5.784589 -45.128046 3.283437 4
5.018289 -44.639846 3.178497 13
4.101689 -44.304846 3.203157 6
4.037589 -43.531446 2.685847 4
3.455689 -43.419146 3.410317 3
3.912289 -43.194546 4.193897 11
4.089789 -42.670746 4.969647 10
3.830389 -42.175246 5.789887 11
4.433589 -41.689146 5.229517 4
4.941289 -41.489646 4.492157 14
4.347489 -40.746546 4.289217 13
4.840589 -40.184346 4.866377 6
5.402589 -40.361246 4.145107 12
6.130089 -39.910446 4.623607 10
6.985389 -39.461346 4.745357 4
7.557589 -38.667846 4.903157 4
8.145589 -39.489246 4.959317 4
7.945089 -40.396946 5.261317 3
8.165989 -41.234146 4.751097 10
8.778889 -41.885146 4.373077 5
8.770289 -42.712246 4.829867 5
7.949389 -43.227946 4.404987 1
7.526889 -43.211846 5.244367 4
7.353589 -43.445846 6.196597 10
7.824689 -42.452846 6.227917 9
7.129389 -42.265046 5.570857 10
6.635189 -41.896746 4.847467 1
5.762189 -41.540046 5.231457 15
5.381189 -40.992246 5.949567 10
4.821889 -41.035846 6.769047 5
4.865489 -40.074546 7.147777 13
5.773689 -39.988446 7.581467 1
5.644289 -40.046546 8.528004 6
5.081589 -39.707646 9.262815 9
5.767789 -39.103346 8.916121 9
5.460589 -38.668446 8.042118 1
5.331389 -37.912746 7.369027 13
5.768889 -37.204546 7.810627 10
4.993789 -36.734546 8.101487 13
5.735389 -36.249046 8.349105 10
5.171589 -35.731746 8.886261 4
4.428289 -35.110646 8.637598 4
3.705189 -35.650346 8.282313 13
3.260889 -36.054746 9.151623 4
2.540189 -35.612846 8.573694 15
1.742589 -35.269346 9.028338 10
1.451089 -34.659646 9.673857 11
1.233889 -34.140046 10.499137 4
1.850889 -33.803946 11.163957 13
2.368989 -33.018346 10.871757 10
2.558489 -33.017646 11.872117 3
2.312989 -33.773346 12.439217 8
3.044289 -33.087846 12.761727 6
3.892689 -33.273246 13.078527 7
3.564789 -34.167846 13.191027 8
3.927989 -34.061246 12.294977 4
4.886389 -33.755146 12.453707 5
4.509789 -33.764046 11.547907 4
5.259389 -34.463746 11.607247 4
5.713189 -33.584146 11.710507 10
5.418289 -33.312446 10.872237 1
6.334089 -33.208846 11.019857 1
7.045689 -33.369746 11.644367 10
7.935889 -33.383446 11.481387 12
8.038789 -33.379346 10.541817 1
7.712289 -33.752146 9.633903 10
6.852789 -33.847046 10.102877 1
5.995389 -33.339546 9.883734 6
5.770289 -34.259446 9.995505 4
6.356689 -34.516746 9.274175 10
5.511889 -34.607546 8.742227 4
5.521289 -34.633246 7.696467 6
5.826689 -35.509346 7.447277 10
5.136989 -35.959546 6.907807 1
5.325989 -36.921946 6.732747 13
6.236189 -36.884046 6.457897 10
6.403889 -37.550346 5.692967 4
6.148889 -37.681946 4.773687 4
5.370789 -37.503046 5.249537 10
4.811489 -38.003246 4.616417 15
4.096389 -37.597746 5.054077 5
4.199989 -37.261846 5.999497 13
4.378989 -36.549346 5.471807 15
3.646889 -36.249346 4.960937 14
3.429789 -35.597446 5.583817 10
3.917189 -35.962046 6.368467 3
3.888989 -36.348946 7.229127 13
3.176089 -36.887546 7.667947 5
4.018089 -37.200746 8.234607 13
4.310189 -36.532546 8.924991 4
4.640689 -36.720346 9.794139 4
5.334889 -37.324346 9.480818 13
5.962189 -38.082646 9.590806 9
6.210889 -37.945546 8.684815 3
6.471589 -37.190446 9.22764 1
6.757589 -36.560446 8.541178 10
7.637889 -36.212246 8.223136 11
7.373389 -35.788346 9.012126 10
6.845589 -35.560746 9.734925 10
7.124289 -35.657346 10.691627 1
6.961289 -36.631646 10.683137 6
6.090889 -36.419446 10.314457 7
5.330489 -35.878046 10.065527 4
4.657589 -35.481046 10.641907 4
3.702889 -35.562746 10.694647 4
2.895689 -35.169146 10.923137 10
3.234289 -35.309746 11.837257 4
2.570289 -35.720946 12.420807 10
2.622789 -34.785146 12.781727 8
1.859489 -34.650446 13.363067 8
1.301989 -35.169246 12.816297 6
0.508889 -35.107146 12.365647 7
0.800989 -35.471746 11.551387 9
0.314889 -36.150946 11.168157 13
-0.465111 -36.577346 10.657987 5
-1.019011 -37.344346 10.476337 13
-1.870711 -36.947046 10.336507 10
-2.439011 -37.763846 10.478837 4
-2.295911 -37.707846 9.438608 11
-2.182611 -38.653246 9.575851 9
-1.648111 -39.487746 9.631553 1
-0.953211 -38.760746 9.676299 5
-1.310911 -38.381746 8.743732 10
-1.695511 -37.971146 7.865627 1
-1.596311 -38.898646 7.864187 3
-0.726611 -38.804946 7.397217 4
-0.726011 -39.514446 6.804557 1
-0.666011 -39.999046 5.967457 1
-0.053211 -39.554146 5.303707 4
0.005789 -40.399946 4.797637 10
0.648589 -40.505846 5.570737 4
0.867089 -40.946146 6.381507 10
1.721289 -40.627846 6.085647 13
1.658089 -39.797946 6.606437 1
0.806289 -39.368346 6.626917 5
0.439489 -38.455346 6.908677 4
-0.208511 -38.290446 6.100457 13
0.089789 -38.409046 5.208887 6
0.991489 -38.674846 5.342817 10
1.397489 -38.009546 4.833647 13
2.157189 -38.546046 4.662777 10
1.947689 -39.338646 4.271017 6
2.417089 -40.127046 4.339527 7
3.185489 -39.829846 4.864507 10
3.862289 -39.432646 5.466697 6
4.354189 -38.841546 6.043527 13
4.110789 -38.261446 6.800497 13
4.440289 -38.332246 7.710197 13
4.012189 -39.043946 8.184175 4
4.006389 -38.245846 8.688264 13
3.254289 -38.515346 9.294905 10
3.962689 -38.092546 9.864673 5
4.817889 -38.225046 10.429537 9
4.298889 -37.571746 10.953027 4
4.536289 -38.171046 11.680237 9
4.009189 -37.978646 12.445207 10
4.324389 -37.168046 11.914457 4
3.450289 -36.776146 11.633377 15
3.975389 -35.945546 11.519967 4
4.911189 -35.697146 11.586787 4
5.718689 -36.062246 11.223517 4
6.177389 -35.336846 11.679527 4
6.379089 -34.435046 11.695627 6
6.649189 -34.671446 10.746397 4
7.563889 -34.808346 10.452187 10
7.997589 -35.131746 11.229917 1
8.865889 -35.246346 10.831577 12
9.031289 -35.490846 9.950047 10
8.475089 -34.798146 9.674679 10
8.296789 -35.351846 8.954694 10
8.619889 -34.657146 8.333788 7
8.375889 -35.277046 7.696827 11
7.633189 -35.026646 8.309509 10
6.927489 -34.346046 8.391598 10
6.553489 -34.528746 7.498027 3
6.949989 -35.393546 7.368847 10
7.708589 -35.887646 7.104137 11
7.013689 -35.867346 6.390977 10
6.152189 -35.582246 6.046977 1
5.400489 -35.083946 5.631347 1
4.733989 -34.984646 6.366057 7
5.009489 -34.111246 6.424637 7
4.107889 -34.076446 6.792067 13
3.679889 -34.105846 7.610297 1
3.536789 -33.977546 8.565312 5
3.843389 -34.540546 9.326068 4
3.945289 -34.709746 10.261137 4
4.764289 -34.382946 10.616917 4
4.667089 -33.818846 9.819331 4
4.355489 -33.037646 9.417974 7
4.734489 -32.567246 8.674949 10
4.402789 -33.193546 8.019037 3
4.012289 -32.585546 7.392937 13
4.419589 -32.000646 6.707727 10
4.316689 -31.212446 7.276277 8
3.401189 -31.652546 7.159817 1
3.355189 -30.839146 7.714397 9
2.964589 -30.345046 8.480932 10
2.814289 -29.377746 8.446447 1
2.513489 -28.484146 8.265688 6
3.483489 -28.360946 8.176398 1
3.779189 -28.750846 7.386597 12
3.638189 -28.830946 6.457817 13
4.593989 -28.817546 6.301057 10
4.458989 -29.616446 5.682267 7
5.340789 -30.184346 5.387307 4
5.701789 -30.752246 6.056347 9
5.741889 -31.685546 5.965497 5
6.644589 -31.469646 5.966287 4
7.196489 -31.072046 6.649927 10
7.537289 -30.988646 5.799277 10
8.268689 -31.291546 5.288827 4
8.548289 -30.381446 5.166167 10
8.484689 -29.800046 4.342487 11
7.638289 -30.336746 4.562607 13
7.322489 -31.161846 4.080307 4
6.756489 -31.957846 4.053557 13
7.456589 -32.657946 3.910797 11
7.930489 -32.003746 3.487477 5
7.309889 -32.552946 2.940027 10
6.444389 -32.989746 3.218757 15
6.777889 -33.607246 3.848717 4
6.316889 -34.339746 4.257837 13
5.617089 -34.779946 4.631517 15
5.781989 -35.661046 4.269997 3
6.356889 -36.392746 4.164387 3
7.030589 -36.538546 3.443787 1
6.831789 -37.373346 3.895267 4
7.515189 -37.722446 3.232007 1
7.791989 -38.080146 4.110257 4
8.300489 -38.432646 3.369127 4
8.615789 -39.165146 2.861337 10
9.106089 -39.865746 2.319337 10
8.598789 -40.216046 3.063837 7
7.917889 -40.424646 2.387907 10
7.368889 -40.529746 3.197137 8
6.490989 -40.591346 3.630867 1
6.693189 -39.648446 3.842097 4
5.880389 -39.686646 3.287257 10
6.073389 -39.048246 2.586477 1
6.887689 -39.016246 3.126847 4
7.444889 -38.960346 2.237627 10
7.361189 -38.071546 1.921167 7
8.241089 -38.352946 1.754857 10
7.785089 -38.272746 0.929807 6
8.660589 -38.828646 0.873447 10
7.998089 -39.114946 0.214217 4
8.233889 -39.915346 0.719177 10
7.651589 -40.328346 1.335887 10
7.698089 -41.318946 1.457527 5
6.758989 -41.512446 1.412017 7
5.920189 -41.225046 0.951257 6
5.233789 -40.501346 0.749717 5
4.410189 -40.924346 0.958927 4
3.591089 -40.988246 1.483337 9
3.779289 -40.067746 1.711727 1
3.584189 -39.273146 1.190957 10
2.876089 -39.401046 1.953337 3
3.394289 -38.699146 2.384627 1
3.923589 -39.434446 2.706637 9
4.803989 -39.675146 3.198407 1
4.973789 -39.381346 4.077837 10
5.580689 -38.753246 4.568287 4
4.850289 -38.875946 5.187627 7
5.474189 -38.945946 5.944677 13
6.063889 -38.462846 6.503157 13
6.320489 -39.443246 6.750087 1
6.464589 -39.635846 5.767357 4
6.628289 -40.349946 6.341387 13
7.523189 -40.907246 6.279947 1
7.532389 -40.001846 6.707817 4
7.312289 -40.211546 7.580647 10
8.005789 -39.696546 7.954637 7
7.735289 -38.802446 8.166458 8
7.399389 -37.948646 8.558607 13
6.811189 -37.517846 7.936507 10
7.741989 -37.144446 7.688487 11
7.468189 -36.882346 6.810757 10
7.627389 -37.257446 5.897577 4
7.473289 -38.206846 5.794377 4
7.604189 -38.092546 6.724987 8
8.185089 -38.878346 6.667257 4
8.772189 -38.513846 7.386957 3
8.741389 -37.530946 7.319897 11
8.516389 -36.914646 6.628137 11
8.691189 -37.657946 6.069177 4
9.501689 -37.867946 6.525647 6
9.644189 -37.531446 5.615057 1
10.177089 -38.033846 5.040277 13
9.218289 -38.147146 4.914057 4
8.586689 -38.648746 4.391637 4
9.404089 -38.993346 4.021607 7
8.732689 -39.729846 3.944697 4
7.885989 -40.189646 4.116797 1
8.459689 -40.930646 3.844547 6
9.085589 -41.528446 3.598997 5
9.721189 -41.649246 2.922217 5
8.963389 -41.091146 2.559727 10
9.202889 -41.655346 1.904677 10
9.034389 -42.376746 1.287617 5
8.945189 -41.516946 0.812597 15
9.892389 -41.417346 0.837597 13
9.583089 -40.496346 0.770007 10
9.404289 -39.750846 1.347627 10
9.674789 -39.532946 0.419167 15
10.117989 -38.851246 1.087737 10
10.585989 -38.100846 1.504487 9
10.323989 -38.636846 2.360787 10
10.200989 -39.515646 2.052327 10
10.521489 -39.758346 1.166707 13
10.923989 -40.221946 1.898557 10
10.427089 -40.267746 2.773307 10
11.212889 -40.619446 3.240777 9
10.871889 -41.343346 2.677627 15
10.825389 -41.245846 1.720207 10
11.283789 -41.879046 1.078087 1
12.225989 -41.653146 1.220927 4
12.313889 -41.144946 0.330687 7
12.799189 -40.322546 0.410937 4
13.714589 -40.110046 0.410257 7
14.403689 -40.069646 -0.307973 4
14.352189 -39.248646 -0.769283 1
14.076589 -38.584446 -0.046293 7
13.343989 -37.974146 -0.205673 12
12.504989 -37.570346 -0.498643 7
11.659689 -37.913546 -0.924483 1
11.594789 -37.438146 -1.842233 12
12.597589 -37.025446 -1.696133 10
13.308489 -37.555646 -2.050333 10
13.146489 -38.277046 -2.635733 3
12.406289 -38.140046 -2.033533 1
11.808489 -38.859346 -1.984033 10
11.962989 -39.443046 -2.771733 4
12.156789 -39.959246 -3.500133 10
12.018889 -40.003946 -4.478033 13
12.589589 -39.916446 -5.272933 9
12.045789 -40.456646 -5.785933 6
11.856789 -41.055946 -6.565833 11
12.669289 -41.221746 -7.038833 11
13.635689 -41.126046 -6.894333 7
14.225989 -41.325046 -6.086233 4
15.111289 -40.920646 -5.647633 7
14.631189 -40.158746 -5.427033 7
14.101589 -39.834346 -4.717733 14
13.708189 -39.138646 -4.100933 13
13.798089 -38.305346 -3.668833 14
14.297089 -38.120846 -4.478333 4
13.944189 -37.176146 -4.336833 10
14.850289 -36.983546 -4.016533 4
15.022789 -37.968046 -3.694933 10
15.379389 -37.742946 -4.530933 12
15.286789 -38.565346 -5.079233 13
16.084889 -39.164746 -5.091333 7
16.275689 -38.204846 -5.380233 12
16.962889 -38.119546 -6.000933 12
16.869489 -38.605546 -6.806033 10
16.479389 -39.252046 -6.086133 7
15.638489 -38.838846 -6.215733 7
15.806289 -37.905046 -6.521533 12
15.910389 -38.098546 -7.421833 4
16.361289 -37.880346 -8.320833 10
17.168089 -37.351946 -8.369533 10
18.034589 -37.612746 -8.566133 10
18.460689 -37.295946 -7.791733 4
18.980089 -36.715746 -7.257133 3
19.044589 -37.508346 -6.604333 1
19.842689 -37.728546 -6.050033 7
19.591089 -38.641646 -6.206533 1
18.782589 -38.483646 -6.669633 1
18.213589 -38.832846 -7.323933 10
18.268389 -39.507846 -6.670733 1
17.293389 -39.596746 -6.590133 1
16.624589 -40.238046 -6.470833 7
15.762689 -40.501646 -6.782933 7
15.457989 -41.399846 -6.776333 7
14.699989 -41.603246 -7.315133 4
14.439489 -40.824446 -7.859833 7
14.030589 -40.663146 -8.734833 12
13.395989 -41.160546 -9.249533 11
13.092389 -40.222346 -9.215433 11
13.621789 -39.727846 -9.849833 1
14.161589 -39.369946 -10.609333 14
13.879189 -38.479646 -10.944833 15
13.613489 -38.179546 -11.798633 10
14.337489 -37.924546 -12.387933 9
14.469789 -37.017746 -12.706033 1
14.749989 -36.062246 -12.631333 7
15.354789 -35.831646 -11.960033 4
15.771789 -35.650846 -11.083233 10
16.519789 -35.396046 -10.462733 5
17.443489 -35.738946 -10.371433 7
17.323389 -36.715646 -10.272833 12
17.192989 -37.633046 -9.791533 10
17.219789 -38.552046 -10.096733 10
17.325389 -39.356646 -10.548133 14
17.938089 -39.899146 -10.047133 15
17.311289 -40.527446 -9.752933 9
16.531489 -39.990546 -9.785833 7
16.582789 -39.141446 -9.277833 10
16.437889 -38.983646 -8.283433 10
16.048589 -39.864546 -8.178333 7
16.475689 -40.424546 -7.535633 7
17.087189 -40.120246 -8.229233 13
17.569489 -39.312746 -8.520333 10
18.246089 -39.243346 -9.190933 14
18.259089 -38.625646 -8.458933 10
19.086689 -38.704646 -7.956833 7
19.362689 -39.238646 -8.739933 13
20.009789 -39.973346 -8.481833 1
20.608389 -40.552946 -8.909833 1
20.922389 -41.342846 -8.531733 1
20.862689 -41.633646 -7.580633 1
21.774589 -41.495846 -7.327933 7
21.425989 -41.372646 -6.482233 10
21.989889 -41.891946 -5.884333 4
22.937189 -41.914646 -6.164033 12
23.099589 -41.179846 -5.598733 4
23.806689 -40.555146 -5.581333 7
23.840089 -39.620446 -5.395533 1
24.569689 -39.525446 -4.799933 1
24.854589 -40.416446 -4.581833 10
25.381889 -41.198046 -4.554133 6
26.233689 -41.390146 -3.935933 10
26.042389 -41.151946 -3.025433 12
26.861489 -40.600246 -3.348533 11
27.537189 -41.156546 -3.727133 7
27.793589 -41.261246 -2.744133 7
27.128189 -41.732446 -2.106733 1
26.144189 -41.977646 -1.882633 12
26.270689 -42.780446 -1.334133 4
25.476389 -43.051946 -0.854953 11
25.134589 -43.978546 -0.566553 10
24.781289 -44.812946 -0.917393 8
24.238789 -44.614046 -1.640633 7
23.520289 -44.805446 -2.258633 4
23.181589 -44.758646 -1.293733 11
22.628689 -44.111846 -0.718723 13
22.049889 -43.722646 -1.431833 7
21.511189 -43.166346 -0.888833 9
21.037889 -42.352946 -0.632933 13
20.645489 -41.512546 -0.525733 1
20.372689 -41.542846 -1.487533 10
19.893489 -40.895546 -2.053533 7
19.409489 -41.440846 -2.712233 14
18.803589 -41.024546 -3.327933 15
18.786889 -41.941546 -3.666833 10
19.595589 -42.094146 -4.110533 10
20.273089 -42.315346 -4.796633 7
21.026689 -41.725046 -5.017033 5
20.447089 -41.863646 -5.754033 1
20.234489 -41.945246 -6.693333 4
19.417789 -42.474846 -6.689533 4
18.604389 -42.424846 -6.103833 7
18.433989 -42.236246 -7.050033 1
17.417789 -42.047446 -6.832233 7
16.828289 -42.179946 -7.605933 7
17.593489 -42.607246 -8.047033 1
17.461589 -43.227046 -8.793533 6
17.151289 -42.474846 -9.336033 10
16.360189 -42.817446 -9.712133 1
15.481289 -42.594846 -9.411733 10
14.615789 -42.609846 -8.918633 1
14.465289 -41.956146 -8.217233 10
13.603689 -41.996446 -8.704433 16
13.018389 -41.506046 -8.104933 1
12.185889 -41.099546 -7.885433 11
11.884689 -40.274646 -8.274033 11
12.810289 -40.183646 -8.208633 11
13.617189 -39.760646 -7.946233 10
14.008189 -39.599846 -8.880533 14
14.474589 -39.047646 -9.521933 1
15.242589 -38.548346 -9.731233 10
15.305789 -37.974246 -10.522533 7
15.747789 -37.313546 -10.066033 10
15.226389 -36.752246 -9.551133 7
15.420589 -37.500646 -9.024433 10
15.658989 -36.926746 -8.290433 4
16.098189 -36.078846 -8.337933 7
16.992589 -36.382446 -8.495733 10
17.055689 -36.298946 -7.604233 14
16.872189 -37.059346 -7.035633 12
17.738089 -36.615046 -6.827033 4
17.563989 -37.230046 -6.055633 12
18.055789 -37.924846 -5.586233 7
18.145989 -37.488446 -4.693833 13
17.586889 -38.267946 -4.438833 10
16.864689 -37.670546 -4.036833 12
17.287189 -36.866046 -4.189233 1
16.491089 -36.371746 -4.095433 7
16.141389 -36.683246 -4.931133 12
15.534089 -36.324246 -5.583033 1
15.527989 -36.700246 -6.468333 12
14.767089 -36.116546 -6.621833 7
14.831889 -35.157646 -6.371933 9
13.868489 -35.452746 -6.411033 10
13.757189 -35.648146 -7.430933 15
14.039289 -36.526046 -7.244833 15
14.336089 -37.384646 -7.425733 1
13.431089 -37.279946 -7.209133 15
13.156089 -38.016746 -6.611833 7
13.479889 -38.877846 -6.196533 10
14.347589 -39.187846 -6.006933 1
15.021989 -39.549146 -6.672033 7
14.771189 -39.058146 -7.411133 4
15.091689 -39.961946 -7.525033 7
15.073389 -40.200046 -8.483533 15
15.540389 -40.961046 -8.872633 7
15.946889 -41.770146 -8.629833 1
15.732089 -42.052746 -7.697233 7
15.501589 -42.810546 -7.176833 7
15.644589 -43.435246 -7.931333 16
15.883989 -44.272046 -8.432833 1
16.470389 -45.051246 -8.668733 10
16.826089 -45.428046 -7.858633 12
17.800489 -45.443746 -8.239733 7
17.582189 -46.236246 -8.857033 12
17.616989 -47.128146 -8.462933 10
17.302289 -47.841546 -9.022833 1
16.423389 -47.644346 -9.420333 1
16.670989 -47.608646 -10.365033 12
16.274589 -46.905746 -10.904233 11
16.882989 -46.158346 -10.976433 7
17.428189 -46.400046 -11.734233 3
17.880889 -45.898946 -12.509533 7
18.903889 -45.985346 -12.766033 1
18.735189 -45.600146 -13.698133 1
19.553889 -45.592246 -14.187933 15
19.615889 -45.019446 -13.393133 7
19.847989 -44.618846 -14.276533 16
20.013789 -43.698846 -13.975533 12
20.279589 -42.790646 -14.255033 7
19.498689 -42.229346 -14.548533 4
18.958189 -42.721146 -15.180233 15
17.991489 -42.715246 -15.118933 7
17.093989 -43.009146 -15.371333 10
16.812989 -43.899846 -15.685033 1
16.021589 -43.785346 -16.288233 9
15.619989 -44.539946 -16.803033 12
14.661489 -44.479446 -17.066933 7
14.923589 -43.535446 -16.908133 5
14.068089 -43.684646 -16.515333 1
13.655189 -43.283846 -17.288033 15
12.839389 -42.701446 -17.497233 1
11.988289 -43.089346 -17.548033 1
11.663589 -42.666846 -18.429933 10
11.028589 -42.786246 -17.749533 1
10.760589 -41.856946 -17.555733 1
11.282789 -41.863446 -16.703933 7
11.311289 -40.896146 -16.636133 4
12.053389 -40.296346 -16.417533 1
11.998489 -40.769146 -15.543733 1
12.036289 -41.748746 -15.624833 1
12.077589 -41.821246 -14.591233 7
11.403789 -42.494746 -14.537333 7
11.938789 -43.266446 -14.461933 1
11.181989 -43.363346 -13.754333 12
11.854289 -43.192446 -13.051533 11
12.780389 -43.410546 -12.889133 7
12.934189 -42.801346 -12.199233 10
12.745489 -42.109246 -12.891033 7
12.129089 -42.117946 -12.150933 10
11.276889 -41.595346 -12.098633 15
11.561389 -40.732246 -11.675233 12
11.736489 -40.652746 -10.697633 10
11.215689 -39.824746 -10.530633 12
10.535389 -40.102046 -11.147533 12
10.633389 -41.040446 -10.952033 15
10.916189 -41.984346 -10.885233 15
11.753389 -41.741946 -10.462333 7
11.502189 -41.638146 -9.560133 11
11.909189 -42.483546 -9.547733 13
12.099289 -43.260046 -10.100133 7
12.928989 -43.734446 -9.805133 7
12.702989 -44.127946 -8.858433 9
12.882389 -43.668646 -8.051233 7
13.786089 -43.726946 -8.284433 7
14.303789 -42.980746 -7.770233 16
14.191989 -42.913546 -6.821533 16
14.021089 -43.006246 -5.887333 9
14.814589 -42.529246 -5.607733 13
15.577589 -42.063446 -5.719833 7
15.468889 -41.925746 -4.742233 16
15.495189 -41.136646 -4.248033 13
15.909689 -40.556246 -4.883933 7
16.745689 -40.280846 -5.356033 7
17.644689 -40.495246 -5.122333 1
17.682189 -41.446846 -5.206333 1
17.140789 -41.573646 -6.002433 7
16.524489 -42.214746 -5.530333 7
16.328889 -43.130946 -5.147033 12
16.198389 -43.677546 -4.411733 4
16.277089 -43.558546 -3.471233 14
16.280989 -44.349046 -2.833633 11
15.777989 -45.010346 -3.378333 10
15.136989 -44.329646 -3.115133 7
14.653889 -44.380346 -2.280533 16
15.432889 -44.651846 -1.826933 6
15.447789 -43.796346 -1.258733 16
15.500889 -42.914646 -1.566033 12
14.871389 -42.782946 -2.369633 15
15.307089 -41.971646 -2.133433 12
15.999989 -41.949346 -1.438133 11
16.241389 -41.063446 -1.174433 7
16.654689 -40.152346 -1.013733 7
16.654089 -39.577546 -0.231653 15
16.601989 -38.762046 0.402477 1
16.205389 -38.380346 -0.394963 12
16.241589 -38.146346 -1.388233 11
15.452289 -37.656746 -1.049733 4
14.814789 -36.981546 -0.887253 5
14.317089 -36.418746 -1.453433 4
13.632589 -36.628846 -0.854433 1
13.623789 -35.677546 -0.696713 7
14.167989 -34.927946 -0.753813 11
14.567189 -34.813946 -1.724533 7
14.066089 -34.078346 -2.048333 16
14.888989 -33.733046 -2.374033 10
14.753689 -33.036946 -2.992733 15
15.027889 -32.430046 -3.775933 9
15.734189 -32.782546 -3.264833 16
16.260589 -33.112846 -4.067333 10
15.786189 -32.549846 -4.734133 1
15.748789 -31.589346 -4.539933 10
15.858889 -31.064146 -5.301233 1
15.140089 -30.489746 -4.890433 15
14.532389 -31.195346 -4.706533 7
14.140489 -32.064346 -4.988633 14
13.792689 -32.647046 -4.258733 7
14.294989 -33.196046 -4.850533 16
13.401889 -33.707246 -5.025333 7
12.394489 -33.737846 -5.121133 10
11.821389 -34.097146 -5.825433 12
10.957489 -34.589146 -5.916633 7
10.110889 -34.601546 -6.429533 13
9.784189 -35.018746 -5.659133 12
9.705089 -35.931046 -5.993133 16
9.023289 -36.578746 -6.292033 1
9.229089 -36.370346 -7.241933 7
9.188389 -35.457946 -7.625233 7
8.239189 -35.009346 -7.679133 13
8.198489 -35.068246 -6.740433 1
8.797789 -34.298946 -6.811833 12
8.526489 -33.448346 -7.206233 7
8.204189 -33.798246 -7.986533 1
8.599089 -34.349046 -8.660833 1
8.819789 -35.375446 -8.684433 7
9.573289 -35.520246 -9.307933 7
10.000289 -35.331346 -8.433333 4
10.621589 -35.924446 -8.740533 7
11.296289 -36.447946 -8.298633 7
12.271989 -36.603346 -8.121033 15
12.586489 -37.376946 -7.597633 15
11.860789 -37.263546 -6.928833 7
12.531989 -36.971646 -6.337333 15
11.801289 -36.485546 -5.905833 11
11.568189 -36.232046 -5.013533 7
12.288089 -36.090746 -4.324933 16
12.638089 -35.681046 -5.125733 6
12.407489 -35.188446 -5.980533 9
12.102089 -35.801146 -6.678033 15
11.621689 -35.256746 -7.368133 10
10.668289 -35.456446 -7.469933 1
10.456089 -36.429046 -7.688033 7
10.386489 -36.980846 -6.854433 7
10.562889 -37.562146 -6.082533 1
10.545589 -37.848546 -5.087633 12
9.702589 -37.772246 -4.510533 16
9.210189 -38.533146 -4.926133 11
9.937689 -39.101546 -4.879533 16
9.691389 -39.063946 -5.825333 13
10.554489 -39.416646 -6.073333 9
11.123489 -39.922046 -6.626033 11
11.410089 -39.538946 -7.492033 11
11.071589 -38.735246 -7.017433 12
10.347089 -38.133646 -7.321233 7
9.290189 -38.084946 -7.145233 7
8.727989 -38.229646 -6.395733 10
7.912889 -38.131446 -6.798833 16
6.913989 -38.141946 -6.958433 7
6.880689 -38.243746 -6.020033 16
6.379689 -37.316246 -6.139933 5
6.310289 -36.274846 -6.036933 12
5.898589 -35.465546 -6.284833 16
5.189589 -35.428346 -5.568133 4
4.177189 -35.496846 -5.724033 12
3.557789 -34.781746 -5.696833 16
2.680589 -34.991046 -6.008133 14
2.153889 -34.508646 -6.747033 10
1.435689 -34.901346 -7.248733 7
1.368689 -34.357246 -8.004933 1
1.943789 -34.738846 -8.687933 1
2.503489 -35.387546 -9.055033 1
2.912789 -34.476446 -9.202433 7
3.024989 -33.640546 -8.655433 15
3.412189 -33.101746 -7.942033 7
3.057789 -32.980346 -7.044533 15
3.498089 -33.812446 -6.963933 1
3.906289 -34.739146 -7.241333 1
3.946789 -35.487046 -7.874433 1
4.904689 -35.712846 -7.940633 1
5.726089 -36.212246 -7.729933 10
5.815589 -35.225346 -8.105933 7
5.156589 -34.768046 -8.650933 16
5.738989 -34.107646 -8.392033 12
6.572589 -33.982746 -8.795033 1
6.837389 -33.880146 -9.706433 8
7.420889 -34.639646 -9.550233 13
7.639489 -35.565746 -9.791933 15
8.555489 -35.567846 -9.996433 7
8.521589 -36.516946 -10.249633 7
8.642689 -36.010446 -10.982833 7
7.987289 -35.323246 -11.324433 12
7.950789 -35.552846 -12.294933 13
8.001589 -35.917946 -13.166033 15
7.779489 -36.749046 -12.764833 5
8.672089 -36.588446 -12.394033 13
8.802189 -37.303246 -11.709933 7
8.848089 -38.092046 -12.221033 12
8.531189 -38.693346 -12.920633 16
9.503289 -38.617546 -12.911133 12
9.542089 -38.403546 -13.862633 11
10.235589 -38.861846 -14.367433 7
10.643889 -38.426446 -13.616033 12
11.480989 -38.411646 -13.960433 11
11.730489 -37.504946 -13.717633 1
11.352389 -37.050646 -14.456433 7
11.033789 -37.708046 -15.116733 9
10.673189 -38.023246 -15.918033 16
10.257489 -38.608646 -16.476233 12
10.474089 -38.421646 -17.373633 1
11.279389 -39.022846 -17.645833 7
11.889989 -38.478746 -18.117033 11
12.397489 -38.564446 -17.286233 1
13.220789 -38.072946 -17.204033 11
14.023589 -37.812546 -17.539133 7
14.554289 -37.420946 -18.207433 7
14.125989 -38.110046 -18.730533 9
15.008389 -37.988346 -19.085533 14
15.900689 -38.387146 -18.934833 16
16.186389 -37.515646 -18.662333 16
16.708989 -37.116846 -17.989033 7
16.196089 -36.409646 -17.625733 16
15.541189 -35.922946 -17.109633 7
15.668889 -35.937646 -16.110033 10
15.419389 -35.162946 -15.577533 15
14.649589 -35.136346 -16.186333 5
13.874889 -34.934346 -15.654433 7
14.172589 -34.663446 -14.790433 4
13.629189 -34.167646 -14.206033 7
14.593589 -34.238846 -13.932733 16
14.734889 -33.399746 -13.436333 1
14.866089 -33.153046 -12.536733 12
13.858489 -33.140546 -12.656033 7
14.222689 -32.310546 -12.286433 15
14.286989 -32.286346 -11.337433 11
13.716589 -32.771146 -10.761933 15
13.659489 -32.112146 -10.002333 7
12.969289 -32.751146 -10.098733 12
12.865389 -32.332946 -9.258833 10
12.747889 -33.276646 -9.029733 7
12.965389 -34.183046 -9.176333 1
13.659389 -34.811946 -9.418833 7
13.470589 -34.885746 -8.493933 1
12.838589 -35.526346 -8.086333 15
12.534789 -35.889346 -8.904333 1
11.697089 -35.645646 -9.412633 7
12.242889 -36.020846 -10.164233 13
12.113189 -36.942146 -10.453833 12
11.324389 -36.383846 -10.499533 7
10.479189 -36.161146 -10.927433 7
11.112589 -35.664146 -11.385533 16
11.551089 -35.684146 -12.245033 16
11.742189 -36.257846 -13.056533 1
11.359189 -36.817446 -12.337333 7
11.941489 -37.644346 -12.424333 16
11.499289 -38.503046 -11.945333 12
11.783489 -37.959646 -11.266433 6
11.745889 -38.858946 -10.924533 12
12.724589 -38.890146 -10.812033 13
12.725189 -39.228946 -9.889233 11
12.427389 -38.331946 -9.690133 15
11.650189 -38.924146 -9.669033 11
10.915589 -38.455846 -10.093133 12
11.256989 -37.481246 -10.085633 7
12.001289 -37.292946 -9.511033 15
11.389689 -37.573846 -8.767433 7
11.890889 -38.464046 -8.655133 11
11.404089 -38.480346 -7.852933 7
12.114089 -38.613646 -7.198133 9
12.307689 -39.259746 -7.855033 11
12.964389 -38.625646 -8.111233 15
13.162489 -39.225746 -8.871533 8
13.799689 -38.533846 -8.925033 4
13.626289 -37.715846 -8.380433 16
13.274689 -37.025546 -9.110633 15
14.079289 -37.198146 -9.625033 1
13.568689 -36.510146 -10.016933 1
13.951089 -36.447546 -10.914533 1
13.945689 -35.463146 -10.964933 7
13.977189 -34.440546 -11.126833 1
13.477189 -34.896146 -11.785633 16
12.803389 -34.320446 -11.446733 7
13.119189 -33.963446 -10.558333 1
12.441189 -34.585546 -10.525833 1
11.913089 -34.166746 -9.832233 1
11.112989 -34.663946 -9.980733 7
10.590089 -35.026546 -10.771333 11
9.757089 -34.951946 -10.225033 7
8.948589 -35.061846 -10.751633 1
9.600889 -35.567146 -11.301933 7
9.479789 -35.495446 -12.254633 14
9.923789 -36.270346 -12.694033 5
10.165789 -36.543146 -11.808633 7
9.913889 -37.498746 -11.664033 7
10.720989 -37.714446 -12.111233 7
10.300789 -38.597646 -12.276333 12
10.317589 -39.577946 -12.113833 12
10.242089 -40.543446 -12.023733 15
10.929789 -40.187746 -12.595733 12
10.584889 -40.931146 -13.086833 16
10.612089 -41.863746 -12.841533 15
10.216289 -41.900946 -13.744633 16
10.241989 -41.394146 -14.587933 7
10.618589 -40.654846 -14.068333 11
11.505089 -40.328846 -14.371733 16
11.151489 -39.648846 -13.778233 12
11.806789 -40.238446 -13.332333 1
12.033789 -39.650446 -12.621033 12
12.480689 -38.821746 -12.613233 1
13.295289 -39.265646 -12.432033 7
13.098989 -40.202146 -12.299733 16
12.378489 -40.062646 -11.653633 12
12.738989 -40.278846 -10.753133 7
12.245489 -40.276346 -9.868833 11
11.376789 -40.318846 -9.308933 11
10.489089 -40.305146 -9.839133 15
10.346889 -39.327746 -9.858333 1
9.582989 -38.722946 -9.609633 16
8.897789 -38.489046 -10.283333 1
9.048789 -37.564546 -10.568033 13
9.484889 -37.068546 -9.903133 7
10.026189 -36.523646 -9.379833 7
10.409489 -36.821246 -10.220333 7
10.120989 -37.588346 -10.673733 7
9.729689 -38.421146 -10.943133 12
9.607989 -39.374746 -10.801433 12
9.003089 -39.741846 -10.188533 15
8.584589 -39.585646 -11.053733 12
7.796289 -39.395346 -10.516433 8
7.505489 -38.962346 -11.384833 9
7.164389 -38.053846 -11.303133 1
6.549989 -37.579546 -10.629833 8
6.799989 -37.411746 -9.693333 5
7.430189 -37.213146 -9.030733 16
7.766089 -36.340746 -8.802533 13
8.453089 -36.122246 -8.109333 7
8.789389 -36.967846 -8.244533 7
8.854989 -37.847146 -8.499233 11
9.565589 -37.247546 -8.793633 7
10.463289 -36.960146 -8.553333 7
10.434289 -37.912746 -8.411833 7
10.321389 -38.829646 -8.519233 11
9.790489 -39.573646 -8.811233 15
10.065589 -39.634846 -7.913233 1
10.676189 -40.205446 -8.336033 11
10.369589 -40.922946 -8.903433 15
10.309589 -41.095546 -7.952033 11
9.517089 -40.964146 -7.335633 1
9.487889 -40.595246 -8.243933 15
8.824689 -40.178446 -7.617333 7
8.868989 -40.215546 -6.728233 10
7.912989 -40.422346 -7.049033 16
7.396089 -39.590046 -7.185933 1
6.671289 -40.008446 -6.546933 1
5.968189 -39.597646 -7.036033 16
5.224489 -39.826546 -7.724033 12
5.408389 -39.804646 -8.695133 16
5.189489 -40.004546 -9.624433 1
4.886989 -40.844646 -10.077533 7
4.906089 -41.210446 -10.976033 16
5.647589 -40.675746 -11.172133 14
6.264789 -41.235146 -11.637033 1
6.702989 -40.449346 -11.893233 1
6.891789 -39.539246 -11.954133 1
7.074589 -39.687646 -12.857433 16
7.829589 -40.309446 -12.961633 15
8.771489 -40.209046 -13.239333 1
9.348589 -39.724846 -12.709333 12
8.514489 -39.748646 -12.087033 5
8.441389 -40.663946 -11.825533 12
9.273389 -41.154346 -11.669333 15
9.175389 -42.100946 -11.714833 15
8.926689 -42.543946 -12.589833 1
9.489889 -43.113746 -11.990033 12
10.085789 -42.713146 -11.341233 15
9.410489 -43.356846 -10.939133 1
9.089789 -43.548946 -10.024233 16
9.106189 -44.305446 -9.421533 16
8.525089 -45.073046 -9.588633 16
7.877689 -45.873646 -9.742933 1
7.492389 -46.267746 -8.973033 13
7.560589 -45.292946 -8.746933 16
8.464989 -45.578946 -8.451833 16
8.897289 -46.196346 -7.785733 11
9.688189 -45.658646 -7.911433 16
9.688789 -46.464246 -8.550033 11
9.238489 -47.161946 -9.014733 8
9.514089 -47.332146 -9.946133 8
9.750189 -46.390246 -10.152433 11
9.842389 -45.504846 -9.866633 16
10.020789 -44.618546 -9.624933 16
10.379389 -44.371746 -8.767333 16
11.211689 -44.831546 -8.656033 7
10.551989 -45.420146 -8.526233 16
10.748689 -45.528946 -7.544033 16
11.623589 -45.529146 -7.262433 11
12.544489 -45.350346 -6.876633 1
13.006589 -44.999146 -6.127033 1
12.069489 -45.308146 -5.901333 7
12.251189 -45.610046 -5.023333 11
11.614389 -46.269146 -5.325533 1
10.884689 -46.573046 -4.693833 16
10.049489 -46.233546 -4.394533 11
10.579089 -46.289446 -3.598933 1
9.985789 -47.099046 -3.381833 16
9.141789 -47.571846 -3.663233 16
8.326489 -48.078146 -3.527833 1
8.181889 -47.083546 -3.323333 1
7.388089 -46.859146 -3.871633 1
7.460689 -46.942046 -4.913433 1
8.198489 -46.500946 -5.371733 12
8.394489 -46.570646 -4.371133 11
8.966089 -45.925546 -4.624133 16
8.716889 -45.483546 -5.413133 15
9.717889 -45.607146 -5.482733 1
10.205089 -44.889446 -5.776633 12
8.927189 -45.030346 -6.991633 5
9.013189 -44.733846 -7.841433 16
9.397189 -44.091246 -8.431633 16
9.414489 -43.785446 -7.472233 16
8.733389 -43.999646 -6.861633 15
9.298489 -43.386746 -6.236133 5
8.733989 -43.571646 -5.476533 12
8.347289 -42.759046 -5.734633 7
7.914389 -42.244546 -6.455333 7
8.504989 -41.980946 -7.149233 1
9.170589 -41.991946 -7.834533 1
9.258189 -42.888746 -8.277733 16
10.014089 -42.459046 -8.613633 16
9.740189 -41.642846 -9.020333 15
8.793289 -41.300646 -9.020433 15
7.975289 -41.694846 -8.606833 13
8.253589 -42.642546 -8.706433 16
8.713489 -43.452146 -8.958933 16
9.199989 -42.706246 -9.415333 16
9.970089 -42.356146 -9.881733 15
10.870889 -42.478146 -9.585633 1
10.950989 -43.252446 -8.982233 16
11.874589 -43.050946 -8.556133 1
12.032389 -42.054046 -8.495533 11
12.789289 -42.434746 -8.080433 16
13.578689 -42.319246 -7.545733 1
13.004489 -42.398846 -6.763833 11
12.828589 -42.789446 -5.922733 16
12.323689 -43.349346 -6.467033 12
11.462189 -43.671446 -6.375133 1
10.557789 -43.935846 -6.008633 12
10.358989 -43.862546 -6.941133 16
11.078189 -44.612446 -6.995633 12
11.149389 -44.019546 -7.756133 16
11.742389 -43.208246 -7.547233 11
10.905289 -42.732346 -7.403133 16
11.056789 -41.833246 -7.765633 11
10.637889 -41.638046 -6.921233 11
10.804689 -41.250746 -6.028033 1
9.967089 -41.113146 -5.534433 8
10.167089 -42.004946 -5.802633 15
10.073189 -42.030546 -4.790533 7
10.274289 -41.878946 -3.860333 5
10.935589 -42.274846 -3.229833 5
10.686689 -42.613146 -2.296033 16
9.786389 -42.495446 -1.900333 15
9.088989 -42.395346 -1.228233 8
9.490989 -42.970546 -0.560513 1
10.430089 -42.825446 -0.539293 8
10.712189 -43.742446 -0.318493 12
9.838189 -44.298146 -0.148753 1
9.000689 -44.327746 0.313397 15
8.304889 -44.966546 0.296637 16
7.394789 -44.530946 0.038987 12
7.434489 -45.358146 -0.496263 12
8.040089 -45.687246 -1.186233 1
8.777389 -45.488146 -1.801833 1
8.321589 -46.317746 -2.042933 1
8.110989 -45.677746 -2.782533 16
7.874689 -44.684446 -2.932333 1
7.172489 -44.091946 -3.218333 16
7.600789 -43.724546 -3.981233 14
8.348989 -44.360346 -4.193733 1
7.449289 -44.654846 -4.649233 9
6.990189 -44.305846 -5.507533 16
6.129289 -44.858046 -5.704733 7
5.443689 -45.496746 -5.781733 13
5.336189 -44.825646 -6.377733 1
5.740589 -44.597546 -7.230933 16
6.662189 -44.643646 -7.446733 7
7.377989 -44.958846 -6.993933 5
8.082389 -44.615546 -7.527733 16
7.446289 -44.088446 -7.995633 16
7.707189 -43.575846 -8.775133 16
6.856289 -43.136046 -8.834233 8
6.719889 -42.889046 -7.912233 16
6.473289 -41.971546 -7.551533 15
5.807589 -42.719446 -7.479533 7
5.520389 -43.297046 -8.205833 5
5.828089 -43.575746 -9.127133 1
6.263789 -44.433446 -9.350333 11
7.212689 -44.362746 -9.009333 16
7.019689 -43.684646 -9.735833 16
7.374089 -43.328246 -10.553533 16
6.667189 -42.707246 -10.567533 1
7.124689 -42.333746 -9.827533 16
6.559489 -41.559746 -9.979333 11
6.493789 -40.514446 -9.652433 1
7.274989 -39.933246 -9.739433 12
7.825689 -40.578546 -9.262533 1
8.482189 -40.713946 -9.976633 15
8.816989 -40.539746 -10.844933 12
9.671289 -40.721446 -10.406733 15
9.271889 -41.463246 -9.922133 15
8.646889 -41.784746 -10.605433 11
8.351789 -42.738546 -10.697033 16
8.476189 -43.758346 -10.757733 16
8.223789 -44.307946 -11.474733 1
8.161189 -44.782746 -10.671133 16
7.474789 -45.449646 -10.589633 1
6.516189 -45.375746 -10.732033 1
5.834289 -45.216846 -11.349133 1
6.600089 -45.671846 -11.771233 7
6.782789 -46.562846 -12.118933 11
7.716589 -46.761546 -12.254533 5
7.903989 -46.419846 -11.352533 1
8.074789 -45.491046 -11.730833 7
8.844089 -45.245346 -11.265233 16
9.820689 -45.345346 -11.115033 16
10.071189 -44.839646 -11.898933 12
10.387089 -44.084046 -11.448433 16
10.962889 -43.815146 -10.736633 1
10.138689 -43.860846 -10.260133 16
