45.029299 0.497828 -2.797257 14
45.263999 1.453528 -2.412457 1
45.558799 1.949028 -3.234557 2
45.520099 2.878528 -3.263957 1
46.461799 2.720028 -2.933757 1
46.625899 2.138728 -3.738057 1
46.160399 2.237428 -4.603457 1
45.391899 2.694328 -4.303057 2
44.591799 3.076728 -3.875657 16
45.033699 3.890928 -4.151257 4
45.450399 4.360328 -3.419957 12
44.768799 4.472528 -2.776957 1
43.877899 4.516428 -2.207057 3
43.039599 4.429828 -1.804557 1
42.086299 4.347328 -1.696357 1
41.651799 5.052028 -1.195157 2
41.453699 5.525228 -1.994757 13
40.685099 6.104928 -2.144557 11
40.544599 6.983928 -2.079757 8
40.191399 7.372828 -2.951657 1
39.528099 8.070928 -3.121257 5
39.299199 8.930328 -3.531857 15
38.568199 9.407228 -3.879457 2
37.681499 9.051428 -4.025957 1
38.127299 8.646728 -4.775557 14
37.438999 8.753028 -5.436957 9
36.694899 9.309328 -5.703457 9
36.553499 8.924228 -4.812557 15
35.934999 8.482328 -4.114457 2
35.348899 8.097228 -3.441057 8
35.102099 9.058028 -3.427657 14
34.459699 9.696628 -3.710957 6
33.990699 9.824128 -4.551157 6
34.256699 8.991328 -4.973257 8
34.947499 8.454628 -5.345557 2
35.458399 7.625928 -5.297557 14
35.526599 7.535228 -6.175657 12
35.975699 6.750528 -6.547257 14
36.757899 6.313528 -6.933157 2
36.877499 6.068528 -5.963857 14
37.688099 5.758628 -6.447457 2
38.352699 6.244228 -5.994757 1
38.860099 5.480428 -6.233357 2
39.769299 4.963928 -6.047457 6
40.329499 5.831528 -5.934557 14
40.362999 6.629928 -6.446757 1
39.635399 6.924828 -6.957557 5
39.502599 5.944828 -7.298157 2
40.266699 6.090228 -7.803057 11
39.623299 5.434828 -8.185757 3
38.728499 4.932128 -8.049057 2
37.797199 4.742328 -7.943857 2
37.367999 4.150528 -8.601057 2
37.021199 5.051928 -8.429857 2
36.120899 5.049328 -8.102957 2
35.460499 5.091228 -8.743857 2
34.502999 5.155928 -8.384157 5
34.138499 4.321528 -8.684557 1
33.255199 4.671028 -8.950257 7
32.852599 5.177628 -8.130357 5
32.046899 4.804328 -7.704557 2
32.871199 4.620228 -7.173857 15
32.962599 5.557428 -6.890157 9
33.057199 5.515328 -5.906457 8
33.643499 4.905528 -5.353157 14
34.475799 4.411428 -5.373657 14
33.984899 4.080728 -4.575857 2
33.400399 4.539928 -3.958057 9
32.378199 4.545128 -4.226757 1
32.100599 4.779128 -5.089557 1
32.733799 4.147628 -5.536757 1
33.344299 4.205328 -6.368957 14
33.091799 3.562928 -7.016857 8
33.861699 3.983428 -7.485457 1
34.468599 4.688928 -7.355457 14
35.091099 4.314528 -7.959757 12
35.862599 3.761528 -8.007857 2
36.722399 3.413128 -8.297157 2
36.693899 3.161628 -7.417857 2
36.137499 2.921328 -6.671757 11
35.393899 2.776128 -6.023557 14
36.052399 2.635528 -5.406057 6
35.217499 2.122728 -5.212057 15
34.554499 2.483728 -4.562557 1
35.253999 3.124028 -4.662857 14
35.121199 3.176728 -3.653057 1
35.889299 2.591028 -3.456057 8
35.107199 2.034228 -3.247857 2
34.409199 1.572528 -2.732157 10
35.193599 1.106828 -2.514257 8
34.748999 0.461128 -1.887257 7
33.926799 0.855528 -1.527857 1
33.817799 0.231328 -2.253357 1
32.897199 0.608528 -2.132657 1
32.186499 1.006328 -1.632857 1
32.277599 1.281628 -2.580957 1
33.077099 1.798028 -2.741657 14
33.564399 2.588628 -2.363557 1
32.716999 2.772628 -1.927357 2
32.811299 2.892428 -0.933257 2
33.766999 2.845128 -1.051157 2
34.769699 2.981028 -1.273357 1
34.779099 3.842628 -1.737157 1
35.212899 3.665328 -2.552257 3
34.834299 4.506828 -2.883757 1
34.804899 5.178528 -3.574157 14
34.885999 6.108928 -3.905657 14
33.971499 6.304028 -3.607057 2
33.261599 6.381228 -4.236657 11
33.821699 6.158428 -5.003157 14
33.730999 6.679528 -5.811257 2
33.825499 5.929828 -6.379157 14
33.715999 6.378628 -7.325757 5
34.549199 5.923428 -7.618357 5
35.007299 5.608428 -6.815657 14
35.892599 5.676228 -7.224557 2
35.936699 4.730528 -7.126357 2
35.780599 3.915328 -6.586457 5
35.305099 4.738128 -6.313157 14
34.771499 3.903328 -6.324657 14
34.185199 3.130428 -6.195557 2
33.997499 2.250328 -5.854457 8
34.371399 1.449128 -6.252557 1
34.226499 1.931728 -7.012757 15
34.526699 1.249428 -7.629857 8
35.394799 0.877028 -7.934657 2
35.625499 1.798428 -7.751757 9
36.072199 2.611228 -8.187557 2
35.966899 3.254428 -8.938157 2
35.053999 3.263628 -9.226857 1
34.213999 2.866828 -8.986957 15
33.226899 2.985428 -9.189357 2
33.697399 3.314028 -9.959157 15
32.806999 2.908028 -10.151457 8
32.873799 1.934028 -9.778257 6
33.789299 2.265028 -9.889357 14
34.421399 2.481228 -10.558657 9
35.269799 2.805628 -10.510857 12
36.083499 2.826728 -9.964757 2
36.623899 3.336528 -10.496357 2
37.111999 3.024628 -11.283357 1
38.057799 3.173428 -11.500757 8
38.175599 2.753128 -12.330657 8
37.705499 3.430328 -12.911557 3
37.746699 3.888228 -12.095757 8
37.223099 4.299828 -11.422057 6
37.223599 5.233028 -11.285357 2
36.537399 5.758928 -11.644957 2
36.118499 6.541828 -11.303357 12
35.466799 6.575128 -10.576457 14
35.673899 5.652028 -10.475657 2
35.663399 4.738028 -10.701357 1
36.260199 4.420728 -9.964357 2
35.480999 4.695128 -9.637957 2
34.602499 4.969028 -9.610057 1
33.909399 5.613728 -9.660257 6
34.371799 6.285028 -9.119157 5
35.270099 6.183028 -9.537157 1
35.904199 6.306328 -8.847057 2
35.290499 6.977228 -8.770357 5
36.049099 7.362428 -9.152757 11
36.755499 7.037428 -8.577157 2
36.052599 6.913028 -7.866557 1
35.137099 7.011428 -7.747357 5
34.948699 6.809228 -6.837357 1
35.046999 6.486428 -5.981757 14
34.866999 6.757628 -5.041857 2
35.344299 5.943828 -5.011457 14
35.539999 5.027428 -5.093057 14
35.466599 4.288628 -4.472157 15
36.332999 4.676328 -4.588557 14
37.132499 4.278528 -4.384257 3
36.447499 3.776228 -4.850557 14
36.515699 3.531028 -5.842457 6
37.106699 3.703528 -6.656057 2
36.772699 4.595828 -6.525557 2
36.311299 4.728328 -5.691957 14
37.224199 4.989128 -5.365757 15
37.835099 4.740228 -6.039357 15
37.720099 4.586328 -7.012157 2
38.591899 4.330628 -7.230757 2
39.618399 4.521528 -7.137557 1
40.577999 4.513828 -6.961157 14
41.488199 4.541328 -7.039557 9
41.253099 3.623628 -7.093957 5
40.681399 2.766628 -7.238157 1
41.005599 2.847428 -8.265757 9
40.168999 2.999228 -8.680457 8
39.380299 2.460928 -8.859257 14
38.985999 3.304228 -9.058057 2
39.046999 3.188128 -10.061157 8
38.941199 3.380628 -11.002157 8
38.099799 3.392028 -10.393057 8
37.550399 2.822928 -9.902357 2
37.114999 1.978228 -10.024857 2
37.297699 1.083128 -10.053757 1
36.384299 0.995928 -9.782657 1
36.398199 0.608228 -8.924657 3
35.994899 -0.106572 -9.500957 1
35.173799 0.386428 -9.271157 2
35.438399 1.305728 -8.977857 4
36.259099 1.730628 -8.582857 2
37.124599 1.434628 -8.827957 2
37.931699 1.247128 -8.437257 3
37.773099 1.484628 -7.511457 2
37.984699 1.068928 -6.694257 1
38.913699 1.424828 -6.555357 7
38.422499 2.139828 -7.110957 14
37.615499 2.631228 -7.121357 2
36.915499 2.003028 -7.053957 2
36.273799 1.284928 -6.982357 6
36.816899 1.261928 -7.797357 2
37.278199 0.371728 -7.966357 14
37.182899 -0.570772 -8.285757 12
37.283399 -0.874272 -9.223757 6
37.223699 -1.869572 -9.333357 2
38.220199 -1.806672 -9.302957 8
39.177199 -1.610772 -9.256557 2
39.688499 -1.633372 -8.457157 8
39.513699 -0.733572 -8.658457 14
40.399599 -0.364972 -8.556157 1
41.361399 -0.120372 -8.702957 2
41.114299 -0.870772 -8.086857 10
42.026599 -0.865972 -8.375457 1
42.061799 -0.141872 -7.784557 3
42.275599 -0.070272 -6.850557 14
41.814499 0.735628 -7.004757 9
42.118499 1.514828 -7.497857 2
42.704799 1.464028 -8.318357 7
42.449599 0.778528 -8.951557 1
42.588799 1.580028 -9.413057 1
42.131499 2.090528 -10.101257 1
41.087199 2.222228 -9.996557 8
41.229699 1.852828 -9.138357 3
40.257699 1.828128 -9.246557 8
40.358599 0.885728 -9.117857 2
40.781099 1.070328 -8.282357 3
40.125699 0.512628 -7.885557 2
40.318099 -0.015272 -7.093957 1
40.603699 -0.474272 -6.285457 14
41.361699 -0.809972 -5.727257 12
41.871099 -1.002572 -4.930457 14
42.469199 -1.240072 -5.653057 2
42.486199 -0.283372 -5.604257 5
41.860999 0.495228 -5.438057 11
42.455499 1.087428 -4.998857 3
42.568699 2.042628 -5.333957 2
41.657999 1.826928 -5.201757 15
41.174499 1.595528 -4.397257 2
41.709099 1.233528 -3.611057 2
41.080599 1.496428 -2.919757 2
40.332999 1.600428 -3.455157 8
40.040599 2.087328 -2.671857 1
39.075999 1.999128 -2.751857 5
38.170999 2.363228 -2.464957 3
38.498099 1.723728 -1.785657 1
38.843799 2.494628 -1.330557 2
38.666599 3.451528 -1.162757 14
39.482299 3.240428 -1.673957 1
38.787499 3.338228 -2.351657 1
38.037099 3.890928 -2.404357 2
37.668799 4.659528 -1.997157 2
36.995699 5.225228 -2.307957 1
36.649399 4.930528 -3.157057 1
36.836599 5.346528 -3.989757 14
37.388999 6.046928 -3.813657 1
36.550899 6.414828 -3.353257 4
36.213499 6.509828 -4.255357 14
36.958599 6.629028 -4.923557 14
37.414299 7.422928 -5.284257 3
37.721799 7.743328 -6.123057 9
38.572999 7.410028 -5.827557 9
38.614899 6.935028 -6.685457 6
38.564699 6.630028 -7.604457 2
38.541599 7.483528 -8.035457 2
38.612999 8.472728 -7.881057 9
38.689699 9.359228 -7.854757 2
38.432299 9.208128 -6.948857 9
37.746599 8.593128 -6.717857 9
37.761499 7.951028 -7.347957 9
37.378499 7.133028 -6.925957 6
37.593199 6.338428 -7.451057 2
37.777899 5.741628 -8.126657 2
37.294699 5.906628 -8.999557 2
37.393999 5.540728 -9.861557 6
37.169799 4.657828 -9.644457 2
37.963099 4.375228 -10.139557 8
38.026499 3.931028 -9.312357 2
38.966799 4.301128 -9.196257 2
39.758299 3.830728 -9.403757 8
40.021599 4.698528 -9.555457 6
40.043999 4.776228 -10.528157 8
40.671299 4.912928 -11.233757 14
40.167899 4.645928 -12.005757 3
39.497399 4.297028 -11.266457 8
39.080499 4.819728 -11.969857 8
39.491999 5.605028 -12.428157 6
38.576499 5.670728 -12.247957 3
38.321399 5.809528 -11.332657 14
38.904499 5.194728 -10.755957 8
38.551599 5.281628 -9.911157 2
39.234899 5.504028 -9.221457 14
38.545999 6.006228 -8.757757 2
38.998399 6.841528 -8.780657 2
38.399499 6.912528 -9.543957 2
38.786999 7.526228 -10.132057 3
37.917699 7.955228 -9.959357 3
37.810099 7.956828 -8.983357 2
38.659099 8.420028 -9.026757 10
39.257199 9.217428 -9.150357 3
38.944199 9.442828 -10.031357 1
39.291099 10.312128 -10.021957 2
40.278099 10.227828 -10.131957 12
40.447899 10.010328 -9.253357 3
40.280999 10.587228 -8.418057 12
40.588399 11.148428 -7.650857 1
41.087099 11.708228 -8.303357 8
41.108799 12.239028 -7.514457 2
41.294799 13.145828 -8.020557 9
41.194799 13.794728 -7.238057 3
41.251299 13.828428 -6.277757 8
40.363699 13.885428 -6.493857 2
39.462799 13.593928 -6.787057 2
39.257399 14.548628 -6.767257 1
38.838099 15.413528 -6.892457 8
38.257099 15.546328 -6.139657 1
38.340799 16.378528 -6.555957 14
39.069899 16.855828 -6.849157 9
39.903899 16.401428 -6.488557 1
39.894999 17.378428 -6.464557 1
39.884099 17.110528 -7.397457 6
39.185799 17.781728 -7.374157 1
39.989099 18.241528 -7.709157 2
39.258099 18.577728 -8.281357 6
39.061399 17.999128 -8.980757 8
39.910899 17.585428 -9.312157 3
39.935699 18.311728 -9.986157 3
40.682999 18.516228 -10.528657 6
41.335599 19.220828 -10.465157 1
41.858499 18.481128 -10.809557 14
41.723399 17.493228 -10.588757 2
41.412399 16.552028 -10.367957 2
40.943399 15.988128 -11.044557 2
41.819899 15.442828 -11.083157 7
41.941599 16.161728 -11.710357 1
42.496899 15.829028 -12.431557 9
43.246799 16.364028 -12.452357 3
43.779699 17.145328 -12.647657 14
44.160999 17.346228 -11.776757 2
44.574699 16.449828 -11.527557 14
44.492399 15.574128 -11.975457 3
44.575099 14.712828 -11.529857 2
45.099199 13.853528 -11.492157 9
45.485099 12.995328 -11.595857 8
45.089399 12.187628 -11.674457 2
45.801299 11.480028 -11.854657 8
45.392599 11.066528 -11.090457 14
44.467699 10.926228 -11.275657 2
44.115799 10.449728 -12.035457 8
43.650299 11.312328 -12.093357 12
42.757099 11.021828 -11.850757 1
43.324399 10.729328 -11.144257 2
43.031099 9.948928 -11.795157 9
43.624899 9.313728 -11.293957 10
44.301899 8.831728 -10.756457 2
44.101299 7.848128 -10.911757 9
44.375499 7.637728 -11.804857 2
44.158499 7.128728 -12.620557 1
43.420299 6.544128 -12.829957 1
42.567899 7.012428 -12.808857 2
41.957799 6.446228 -12.346057 3
42.265099 6.045928 -11.528457 3
42.845199 5.509728 -12.120057 2
43.528099 5.153628 -12.629857 1
44.402599 5.388528 -12.948357 1
44.414399 4.464128 -12.655857 6
43.911299 3.752328 -12.265757 2
43.543799 3.003628 -12.726257 14
42.816299 2.672628 -12.131157 3
41.891499 2.762528 -12.259957 2
41.669599 1.912428 -11.957257 6
41.412099 2.251928 -11.129557 12
40.609099 2.784428 -10.804657 8
40.958499 3.600928 -11.203557 8
41.464699 3.662128 -10.464457 6
40.788099 3.850328 -9.675957 8
41.758499 3.710528 -9.519557 2
42.018199 4.208228 -8.712257 3
41.970199 5.126028 -8.714157 6
41.455499 5.492928 -9.434857 2
41.289099 5.772128 -10.390957 12
40.369999 6.064628 -10.548157 3
39.796399 6.610028 -11.133457 2
40.332499 7.361628 -10.750357 1
40.869899 7.552428 -9.998157 14
40.890799 8.571528 -10.080257 4
41.316999 9.236728 -10.563557 2
41.237299 10.158728 -10.952457 1
41.998199 9.603528 -11.295657 8
42.303899 9.703828 -10.421857 3
42.156399 9.740028 -9.407257 14
41.530599 8.969928 -9.258357 2
42.237299 8.925928 -8.645557 1
41.497099 8.781928 -7.921757 2
40.727599 9.233628 -7.693557 1
39.811499 8.944828 -7.305257 2
39.383599 8.947728 -6.449657 9
40.260499 8.492128 -6.389557 2
39.539699 8.017328 -5.854857 9
40.399099 7.612128 -5.578757 6
39.949299 6.800028 -5.440257 3
39.697499 7.222728 -4.671457 2
40.292799 7.033128 -3.954757 6
40.290999 6.014528 -3.860057 2
39.936799 5.878328 -2.999557 9
39.636999 5.228228 -3.637957 14
40.517899 5.027028 -3.910957 2
41.193999 4.614228 -4.459457 14
40.511399 3.972528 -4.182057 1
41.311799 3.478728 -4.197957 9
41.096499 3.422228 -5.116457 3
40.947199 2.839128 -5.948257 3
40.185099 3.312628 -6.162357 10
39.640799 3.150228 -6.897557 1
38.708999 3.310828 -7.270857 2
38.221899 2.774428 -7.967857 2
37.684599 3.087128 -8.729457 2
37.823799 2.202828 -9.032757 2
38.259799 1.902828 -9.819857 3
39.217199 2.170528 -9.943457 8
39.588099 2.599928 -10.743457 8
40.128099 2.243728 -11.407057 8
39.947499 1.343628 -11.647657 1
39.248199 1.635228 -11.037657 8
38.427799 1.187728 -10.773157 2
38.161799 1.691428 -11.608857 8
38.470499 0.803828 -12.084657 4
37.638299 0.146928 -12.144957 3
38.139299 0.408828 -12.979257 6
37.632899 0.862528 -13.677657 3
37.701299 -0.045172 -13.850357 14
38.720899 0.011428 -13.734957 14
39.584099 -0.148672 -13.318057 2
39.584299 -0.957972 -12.693957 7
40.453599 -0.810272 -13.159657 6
40.704299 -1.710872 -12.780257 2
40.663299 -2.038972 -11.890357 3
41.044999 -1.240572 -11.635657 14
41.878799 -1.579572 -11.263657 2
42.433899 -2.313552 -11.394857 3
42.589699 -3.261672 -11.398457 10
43.351499 -3.166902 -12.116257 2
42.903799 -3.281032 -13.000657 6
42.957999 -3.674252 -13.835057 5
43.084799 -3.637972 -14.768677 3
42.851699 -2.718922 -15.088527 3
42.205199 -2.561642 -15.795907 1
42.030799 -1.935972 -16.570967 13
41.060699 -2.174872 -16.953307 5
41.395799 -1.443772 -17.587437 2
40.867899 -0.725972 -17.259717 1
40.305999 -0.440772 -16.490917 7
40.621599 -1.108472 -15.845107 3
41.241599 -0.418972 -15.472407 3
41.952699 0.249028 -15.647497 2
42.586599 0.902128 -15.304227 14
42.759799 1.918928 -15.219817 9
41.857799 2.397628 -15.273227 1
41.888399 3.015728 -16.093567 1
41.711799 2.157628 -16.587407 3
40.877899 1.939028 -16.053647 1
40.756899 2.374128 -15.210307 1
40.466699 3.309428 -15.248387 3
40.313699 2.992728 -14.336967 3
40.970699 3.729728 -14.191237 9
40.567799 4.009328 -13.412857 3
39.777099 3.758528 -12.910357 8
39.384999 2.914128 -12.655957 8
39.211999 3.153128 -13.577157 10
38.382899 3.372828 -14.000857 9
37.560799 3.913828 -13.944857 10
37.829999 4.310928 -14.711097 12
37.197799 4.195828 -15.415107 9
37.018399 3.959428 -16.369217 14
36.988999 4.045928 -17.317247 5
36.701299 4.770628 -17.909217 1
37.505399 5.154228 -17.487667 3
37.648899 4.975928 -16.579057 2
37.947699 5.007828 -15.675427 9
37.116399 5.402028 -15.643657 2
36.682899 5.705928 -16.434107 3
36.238899 6.202428 -15.670657 3
36.545399 7.100828 -15.398667 13
37.177299 7.090728 -14.612157 4
37.651199 7.337228 -13.749357 3
37.524399 8.093128 -13.164457 1
36.606899 7.890928 -12.809757 3
35.843599 8.092028 -13.384057 3
36.424599 8.415028 -14.051057 10
36.682599 9.116228 -13.427257 8
37.522699 9.122828 -12.973357 10
37.447599 9.182528 -12.034357 1
36.658199 9.719428 -12.215857 2
35.740399 9.949128 -12.383657 3
35.822999 10.734828 -12.921457 3
35.671099 11.525728 -12.288357 7
34.911499 11.922728 -11.933757 1
34.847499 12.869228 -11.763357 1
34.573799 13.136228 -10.925957 2
33.612399 13.093228 -10.860457 6
33.704199 12.849428 -9.943157 6
34.589599 12.629028 -9.562757 12
35.080799 12.072528 -8.948257 9
35.404299 11.488828 -8.240757 3
35.429899 11.399328 -7.247557 3
34.620499 11.786628 -7.519257 3
34.026399 11.794528 -8.311857 8
34.209699 11.363328 -9.136257 9
34.434499 11.596728 -10.066857 6
35.111399 11.383328 -10.696657 13
34.240899 10.986928 -10.823757 6
34.767499 10.373028 -11.292357 9
34.380099 9.960228 -10.500557 3
34.098299 9.062728 -10.460357 6
34.282499 9.405528 -9.551257 4
34.323599 8.499228 -9.199857 5
34.377499 7.493328 -9.175757 5
34.984299 7.836328 -9.910857 3
35.817299 8.262528 -9.775257 14
36.199299 8.750728 -9.091957 8
36.097799 8.386628 -8.140257 5
36.764899 8.462828 -7.409057 9
36.982899 9.293028 -6.881057 9
36.344799 10.002328 -6.886657 3
35.454899 10.396528 -6.868857 3
34.674499 9.906728 -6.901957 3
35.113399 9.361528 -6.225357 10
35.636099 8.600328 -6.676357 10
35.441099 7.953128 -7.347657 5
35.157699 8.815028 -7.655857 14
35.570599 9.598028 -8.031257 3
35.490999 10.219728 -8.769357 3
35.838499 10.916828 -9.414357 1
36.158399 11.466828 -10.092457 1
36.121699 10.823028 -10.884657 3
37.094699 10.866728 -11.010957 4
37.578699 11.723028 -11.159057 9
37.453199 11.889728 -12.069457 1
37.665599 12.768228 -11.676257 1
38.337499 12.995028 -11.010757 3
38.721899 13.581228 -10.335457 1
38.480399 13.867328 -9.420957 1
37.906599 13.748928 -8.612057 4
37.270099 14.325428 -8.148057 9
36.596899 13.698928 -7.944757 1
36.535599 12.895728 -7.442457 6
36.217299 12.218328 -6.755257 3
36.403799 11.905028 -5.882557 3
36.499599 11.995128 -4.912057 10
37.136699 12.085028 -4.022157 15
36.317599 11.567728 -3.837457 11
35.672799 10.850928 -3.617057 6
35.968399 10.956128 -4.570157 6
36.179799 10.835528 -5.513457 3
35.872999 9.994628 -5.851557 13
35.028199 10.333228 -5.872457 3
34.692799 11.130928 -5.292357 6
34.305999 11.761928 -5.980157 3
34.047099 11.988028 -6.829257 3
33.235999 12.235728 -7.324257 13
32.613099 11.568228 -7.185157 9
33.411199 11.174128 -6.951357 3
33.876499 10.889728 -7.797757 3
33.400699 10.066628 -8.140357 4
33.675699 9.211528 -8.593457 4
34.240199 9.615528 -7.987957 3
34.045899 8.618628 -7.840157 5
34.300899 7.747428 -7.561557 5
33.635099 7.827528 -6.845157 9
33.651699 7.713828 -5.852957 3
32.958499 8.221828 -5.266457 8
32.665899 8.140928 -4.327857 8
32.067199 8.747428 -4.750957 12
32.096799 9.736228 -4.684057 9
32.634199 9.192028 -4.081257 1
32.959799 8.677728 -3.375057 6
32.347599 8.414228 -2.630757 3
32.006099 7.803828 -2.006757 6
32.909599 7.504628 -1.850757 3
33.371399 7.567428 -2.800057 5
33.997999 7.213028 -2.208257 1
34.913999 7.256128 -1.999557 5
35.624099 7.414628 -1.378957 1
36.328299 6.811028 -1.841957 2
36.839999 7.598528 -1.637457 1
36.496399 8.323428 -2.160057 5
37.331699 8.795828 -2.184757 10
37.567899 9.460728 -2.799157 3
36.882699 9.910028 -3.433657 1
37.109699 10.122028 -4.342157 3
37.233999 10.249028 -5.247657 9
38.067599 10.573628 -4.953457 10
39.026299 10.301928 -5.079957 13
38.804499 9.615828 -5.713457 3
38.612199 10.378428 -6.316057 9
38.190399 11.189028 -6.449757 14
37.327599 10.715028 -6.585357 3
37.577799 10.026828 -7.214257 9
36.869799 9.819828 -7.890357 3
37.532599 10.373228 -8.328957 9
37.676199 11.271928 -8.037657 13
37.007199 10.989828 -7.445957 3
36.328999 11.658328 -7.651957 3
36.147999 12.247928 -8.388357 9
35.691399 13.076128 -8.680857 3
36.143899 13.769728 -9.135457 9
36.152199 14.295028 -9.998357 1
35.394699 13.656928 -10.021757 1
34.392899 13.865828 -9.999757 4
33.518399 14.011428 -9.600557 6
33.588999 14.323528 -10.491557 3
32.724199 14.713928 -10.292457 6
33.471099 15.296228 -10.366957 8
33.099199 16.215828 -10.445957 9
32.883399 17.070428 -10.202857 1
32.381099 17.636728 -10.804357 1
32.695599 18.371728 -10.214057 1
32.241499 18.936528 -9.539057 4
31.519899 18.443328 -9.950757 3
31.678499 17.891528 -9.194957 3
30.961799 17.351028 -9.560057 10
30.561099 16.492028 -9.588957 3
30.654699 16.310928 -8.619757 5
31.259699 16.671328 -7.953357 1
32.065499 16.894228 -7.423957 3
32.112699 16.053328 -7.995557 8
32.072699 15.124528 -8.002357 5
31.788999 14.496028 -8.613357 5
32.114499 14.056728 -9.477257 6
32.591599 14.837228 -9.225857 3
33.366599 14.726028 -8.612157 9
33.184099 15.232628 -7.753557 3
32.771499 14.808528 -7.033257 5
33.451099 14.242928 -6.630257 11
34.048199 13.960428 -5.794657 3
34.149699 13.377728 -5.093757 3
34.438599 14.120728 -4.538057 9
33.544299 14.344928 -4.921457 3
32.619499 14.288728 -4.902757 3
31.817999 14.898728 -5.049157 15
32.537899 15.395528 -5.333757 1
32.316199 16.239528 -5.725657 14
33.288999 16.323328 -5.464757 12
33.456999 15.601928 -4.703357 4
33.721399 16.104128 -3.949257 10
34.401799 16.110928 -3.274457 3
35.103799 16.170828 -2.579157 3
34.224899 15.913428 -2.208257 1
33.881499 15.050628 -1.887357 3
33.311499 14.929928 -1.143457 8
33.715399 14.065828 -1.122657 3
33.479799 13.588428 -1.931957 13
33.836299 13.550928 -2.805657 9
34.327899 12.732128 -2.799857 6
33.474099 12.337328 -3.110557 6
33.585699 11.997128 -2.230357 3
33.793199 11.323828 -2.993057 6
33.473799 10.523928 -2.588357 4
32.833999 11.153328 -3.018557 6
32.383499 10.642428 -3.641757 5
32.834599 10.687228 -4.459957 6
32.367399 11.073428 -5.321657 3
31.630199 11.023128 -5.853357 9
31.817299 11.916628 -6.035157 9
32.405799 12.708028 -6.041657 3
32.714699 12.386628 -5.204757 3
32.073599 12.253028 -4.482857 1
31.369299 12.935628 -4.370057 3
31.114799 12.774928 -5.323857 3
30.394099 12.606028 -5.864557 9
30.207399 12.905028 -6.799857 10
29.250099 12.944028 -6.578457 1
28.997899 13.828428 -6.855857 1
29.027599 13.834828 -5.852557 3
28.149399 14.228728 -5.963457 1
28.644099 15.011028 -6.359857 13
29.502299 14.901028 -6.870357 1
30.368899 14.970928 -7.247857 5
30.796599 15.139428 -6.372557 9
31.470399 15.062428 -7.142257 5
31.845599 15.738328 -6.479757 4
31.981099 14.790528 -6.061857 8
32.485699 13.963428 -6.165857 3
32.651899 13.389528 -6.904057 5
33.407199 12.897828 -6.371057 3
33.771499 12.611128 -5.462557 3
33.955999 11.993928 -4.772657 6
33.600699 12.749228 -4.267357 6
32.668399 13.144328 -4.299457 3
32.433599 12.964628 -3.414357 9
32.256999 13.905028 -3.523157 8
31.435199 14.200328 -4.023657 4
31.256399 15.154528 -3.914357 3
30.456099 15.128828 -4.364057 15
29.752099 14.544328 -4.579157 8
30.321599 14.225928 -5.294957 13
30.397999 13.796728 -6.146757 3
31.110499 14.081228 -6.748357 5
31.429999 13.935028 -5.876357 3
31.470499 13.069028 -6.257757 13
31.291799 12.349928 -6.857257 9
30.627499 11.865428 -7.287957 9
30.306899 11.795228 -8.216457 3
30.893099 11.072028 -8.011857 9
31.164399 11.065028 -8.961457 3
31.448799 10.343128 -8.515457 14
31.517499 10.244428 -7.523257 9
32.197599 10.828728 -7.798657 9
32.605099 10.526628 -8.652957 4
32.850299 11.432628 -8.939157 1
33.083799 12.156528 -9.524657 6
33.372199 12.582028 -8.619657 3
33.919899 13.149728 -7.980057 10
34.527999 13.050228 -7.254957 3
34.768299 14.003828 -7.105757 15
35.470199 13.345228 -6.907557 3
35.951099 13.831028 -6.172557 6
36.616299 13.215328 -5.896457 1
35.721099 12.774228 -5.850957 3
34.998999 12.250328 -5.542957 3
34.814699 12.559828 -4.662457 6
35.477799 13.258328 -4.235257 1
35.405499 12.483428 -3.709057 6
36.193099 12.355328 -3.275457 10
36.086499 12.107628 -2.312457 1
35.500499 11.833328 -1.604757 3
35.909699 12.158528 -0.697657 3
35.827799 12.124928 0.242943 5
35.843799 11.298128 0.766143 10
36.277399 10.461228 0.518643 11
36.774599 10.198628 -0.311057 13
36.888399 10.385028 -1.229457 3
36.367199 10.072128 -1.946557 8
35.389899 10.156428 -1.995157 9
34.869099 10.754728 -2.562657 5
34.625599 10.950928 -3.440757 6
34.113099 11.046428 -4.296857 6
33.712599 10.595628 -5.045257 5
33.728099 10.813028 -5.959057 3
32.945899 10.266228 -5.885457 9
32.613499 9.500928 -6.465557 9
31.695799 9.557128 -6.786557 9
32.006699 9.015228 -7.442557 3
31.965999 8.392728 -8.219257 1
32.616899 8.341328 -8.961257 4
32.112699 8.481628 -9.701357 1
32.582999 8.828428 -10.521157 4
32.116599 8.820628 -11.354557 3
31.769199 9.508328 -11.913357 1
31.218599 10.198428 -12.345857 8
30.478099 10.390828 -11.742757 1
30.103499 10.772428 -10.828757 3
29.890199 11.310028 -10.041757 3
29.609899 11.678528 -10.817257 3
29.315499 12.298928 -11.522257 1
29.830299 11.962528 -12.321857 5
30.683699 11.881628 -11.723657 3
30.642799 12.825828 -12.022957 9
30.448499 12.731528 -11.053557 3
31.041999 13.470428 -10.846057 10
30.967799 12.807528 -10.143457 3
31.751999 13.284428 -10.038057 6
31.377299 13.138128 -9.145757 15
31.460499 13.336828 -8.103757 5
32.202199 12.811928 -7.741557 9
32.210099 12.475828 -8.626857 9
32.117699 12.356628 -9.534557 6
31.499999 11.568228 -9.754857 3
30.649599 11.768528 -9.470457 3
31.204899 12.123728 -8.811757 9
30.434199 12.741128 -9.067757 3
30.238099 13.684628 -8.918657 13
30.682599 14.535228 -8.971357 5
30.784199 14.196028 -9.841357 6
30.165999 13.491028 -9.978057 3
29.409399 13.992528 -10.445557 13
29.163199 13.112928 -10.627557 3
28.443899 13.181228 -11.229757 6
28.285399 12.174828 -11.400257 6
28.487899 11.177428 -11.349257 3
28.585299 11.062728 -12.268057 1
28.650299 10.336628 -12.810857 1
28.573999 9.713828 -12.103757 5
29.192799 9.255528 -11.604257 10
28.786899 9.819528 -10.932357 3
29.798299 9.777528 -11.008757 12
29.581799 9.439928 -10.193257 8
29.790699 10.256928 -9.830957 3
29.489299 9.982428 -8.959657 3
29.749899 9.009828 -8.673257 4
30.121499 9.741628 -8.164657 9
30.431199 10.069928 -9.066157 14
31.310199 9.772628 -9.374457 3
32.287699 9.907828 -9.585957 4
31.949099 10.701528 -9.977157 3
32.627299 11.437528 -10.133157 6
33.337099 10.929628 -9.861157 11
33.353199 10.002128 -10.348957 4
33.001699 9.744628 -11.203957 13
32.980799 10.403928 -11.878657 3
33.143799 11.293728 -11.508257 9
32.832799 12.281628 -11.513057 6
33.698499 12.080628 -12.004857 4
33.428399 12.922828 -12.396857 9
32.899499 13.751028 -12.142157 1
32.545999 14.083228 -11.299057 6
31.713799 14.521928 -11.516357 3
30.913199 14.910028 -11.853157 10
31.059099 15.084228 -12.742157 1
31.849099 14.662428 -13.071857 3
31.232599 14.015228 -13.416357 1
31.884299 13.516828 -12.878957 1
32.075199 13.081028 -12.025957 9
32.038699 13.178328 -11.085757 6
31.578299 12.325328 -11.211957 3
31.857499 11.435228 -11.609957 1
31.394899 10.864828 -10.954357 3
31.340299 9.959228 -10.582957 3
31.076199 9.055928 -10.462557 9
30.376799 8.367728 -10.534457 8
30.850599 7.803028 -9.860357 15
30.461799 7.465628 -9.051457 10
30.831799 7.250628 -8.184757 5
31.753399 6.945528 -8.344457 8
32.238899 6.332128 -8.881557 3
32.740299 6.482628 -9.710557 13
33.345399 6.750628 -9.004557 5
33.087199 6.906628 -8.061757 5
32.524099 7.489928 -7.571357 1
31.775299 7.473228 -6.999357 3
31.104399 8.170328 -6.978657 11
31.373899 8.657928 -6.202457 10
30.857199 9.568028 -6.068757 9
31.171199 9.036028 -5.292057 3
30.465299 9.596528 -4.958057 13
30.817499 10.399528 -5.443357 9
30.997299 10.426028 -6.448357 9
30.379099 10.853128 -6.991057 9
29.651799 11.161128 -7.492357 13
29.238599 11.191728 -8.388057 3
29.205199 12.135928 -8.004157 3
29.521399 12.998928 -7.696757 6
29.159099 12.985728 -8.590657 3
28.985899 12.775328 -9.562757 3
28.467899 13.486928 -9.947757 13
27.664599 12.984228 -10.152457 6
27.275799 12.192928 -10.626957 6
28.225099 12.076928 -10.380557 5
29.019899 11.817528 -9.966057 3
29.041299 11.065828 -9.361657 3
28.171899 11.038328 -9.712657 3
27.277399 10.957928 -10.010557 8
26.533199 11.549928 -9.885457 4
26.175799 12.108528 -10.544457 15
26.082999 12.595728 -11.317857 6
26.620699 12.464628 -12.072957 6
25.658699 12.276228 -12.216957 5
25.717899 11.871328 -13.067157 3
25.042099 11.609028 -13.652557 5
24.910199 10.723928 -13.427557 6
25.692899 10.447828 -13.978257 3
25.357499 9.721428 -14.537657 10
26.281199 9.765528 -14.953917 1
26.986699 9.143128 -14.599257 10
26.819299 8.531228 -13.895857 1
26.929799 8.358328 -12.960957 1
27.259299 8.685428 -12.099457 4
27.263699 9.498928 -12.533057 1
27.599899 10.113028 -11.791057 3
27.154599 10.645128 -11.121057 1
27.957599 10.422528 -10.672657 3
27.522999 9.827328 -10.056957 1
27.700299 9.748228 -9.129857 3
28.478899 9.376828 -8.869257 3
28.180399 8.646728 -8.360457 1
27.593799 9.040528 -7.642557 6
28.233599 9.725828 -7.887257 4
29.078999 10.017528 -7.893257 3
29.431799 9.915328 -6.967157 9
29.827999 9.277828 -6.291957 9
29.199399 8.833628 -5.721157 14
28.948699 9.703128 -5.442057 5
28.649899 10.499828 -4.993157 12
28.191999 10.941228 -5.685657 5
28.859199 10.614428 -6.337757 9
28.662699 10.752828 -7.275757 11
28.327099 11.306328 -7.946357 3
27.819399 12.120428 -8.085357 3
27.403299 12.965628 -8.246857 4
26.551999 13.522128 -8.239057 10
26.552099 12.947228 -8.987957 4
26.498799 13.440128 -9.836157 13
26.939399 13.716928 -10.712157 6
26.083699 14.117928 -10.982657 4
26.307699 15.007628 -10.704757 10
27.043899 14.856728 -11.333157 9
27.484499 15.669428 -11.016757 1
27.613499 15.112328 -10.223357 13
26.755299 15.362828 -9.947757 10
26.818799 16.317528 -9.876857 6
27.774799 16.439828 -9.999557 13
27.502399 17.003428 -9.268957 3
27.738499 16.169028 -8.836257 10
27.295799 15.952528 -8.015857 8
26.713499 15.198928 -7.811857 10
26.863299 14.609328 -8.551557 10
27.705699 14.783128 -9.012857 13
28.175699 13.984628 -8.962457 13
28.144899 12.939028 -9.102357 3
27.504199 12.144328 -9.210857 5
27.618399 11.266128 -8.760157 3
26.744399 11.444928 -8.268957 4
25.813499 11.515528 -8.012257 4
25.657499 10.704428 -7.508957 6
24.779299 11.207728 -7.533057 4
24.589899 10.261628 -7.368157 5
25.142899 9.797528 -7.937857 13
24.506399 9.684828 -8.640757 1
24.141699 10.553728 -8.491157 4
23.382799 10.171128 -7.929857 1
23.518199 9.688328 -7.092857 10
23.866099 8.937728 -7.593657 8
23.702199 8.057028 -7.230057 9
23.276399 7.616528 -6.512857 4
22.487199 7.237428 -6.256457 10
22.451399 6.231628 -6.045557 11
23.211899 6.325728 -5.484357 10
24.150599 6.013528 -5.331657 4
24.283999 6.365428 -4.398457 3
25.067099 5.832128 -4.630857 6
25.311899 6.136128 -3.752057 4
24.994599 6.694428 -2.955157 11
24.472399 5.943328 -2.594957 4
24.854399 5.250728 -3.172857 10
25.478899 4.579628 -2.791857 11
26.321999 4.897928 -3.188357 1
26.862799 4.380528 -3.705057 1
26.320499 3.738128 -4.358257 3
26.367299 2.774228 -4.252357 13
26.515399 2.222928 -4.990157 5
26.453999 2.536028 -5.868557 6
27.222899 2.534128 -6.459957 10
27.991299 2.283128 -6.895457 13
28.507099 1.639928 -6.375957 10
29.414099 1.959328 -6.546357 5
29.836999 2.865028 -6.507857 4
30.088899 3.566228 -5.929257 10
29.757799 4.392628 -5.647957 13
29.119799 4.978428 -6.008057 6
29.026899 5.538328 -5.191057 1
28.458899 6.271528 -5.480957 3
28.711999 6.609628 -4.601057 4
28.476499 7.403528 -4.166257 15
28.077099 7.875328 -3.481257 4
29.010699 7.918428 -3.350657 13
29.962399 8.090228 -3.128357 4
29.986799 9.053928 -2.808257 10
29.728699 9.870328 -2.358557 1
29.386199 10.221928 -3.189357 8
28.573199 10.828528 -3.055657 4
28.750299 11.603828 -3.623657 6
29.685199 11.930128 -3.908957 12
30.260199 11.855328 -4.670157 1
29.887699 11.366128 -5.434357 9
29.627899 11.421328 -6.346657 9
29.146899 12.198628 -5.913457 1
28.440599 12.853028 -6.026957 3
27.560599 13.049328 -6.266957 13
27.191099 12.445828 -6.908457 4
27.070799 13.353128 -7.230957 4
27.168199 14.243428 -7.553657 10
27.953599 14.683028 -7.894257 3
28.388299 15.527628 -7.588357 2
29.291899 15.400528 -7.989757 11
30.006899 14.807128 -8.252657 5
29.214699 14.326728 -7.934257 15
28.835599 14.824328 -8.717957 13
29.427999 15.144528 -9.437257 13
29.254999 15.934428 -8.882857 4
28.667699 16.334328 -8.262657 10
28.439599 17.229028 -8.654557 1
28.927499 17.677228 -9.362857 1
28.263999 18.310528 -9.116057 1
28.662499 18.683428 -8.324957 9
29.288299 19.201328 -7.910457 4
29.566099 20.117628 -7.970557 1
29.807599 20.192328 -8.853857 6
29.476699 21.072328 -8.941557 1
29.188699 21.969028 -9.198457 6
28.411899 22.220728 -8.638857 1
27.427199 22.410628 -8.915257 10
26.898399 23.099228 -8.540257 10
27.557699 23.562628 -9.066657 4
27.421899 24.011528 -9.978157 3
26.572299 23.731828 -9.356357 10
26.058899 24.229828 -8.686057 10
25.945899 24.635728 -9.560657 1
25.386399 24.445628 -10.277357 5
24.770699 24.783628 -9.645657 8
24.673999 24.057628 -8.990757 11
24.641699 23.122328 -8.865357 10
23.851599 23.087328 -9.434157 5
24.579699 23.095928 -10.062357 3
25.518399 23.222828 -9.848657 10
25.665799 23.189928 -10.813657 13
25.794699 22.511428 -11.518357 4
25.291799 22.376028 -12.313457 4
25.390999 21.373928 -12.426257 13
24.857899 21.688528 -13.186957 8
24.952799 21.474628 -14.119057 13
25.496699 21.725728 -14.879287 9
25.940599 21.103328 -15.619347 11
25.877399 20.184728 -15.931567 6
25.034699 20.611528 -16.075627 10
24.655799 20.218928 -15.252667 4
24.868299 19.910128 -14.387207 3
24.344499 19.544828 -13.658757 15
24.427699 18.791928 -13.005257 13
24.928499 18.875528 -12.169657 1
25.620799 19.155028 -11.543657 6
26.130099 18.362028 -11.337257 4
27.036699 18.405328 -11.029257 5
26.535999 18.076328 -10.264057 4
26.384399 18.996328 -10.428457 4
27.007099 19.508928 -10.965057 11
27.225499 19.564328 -9.987457 6
26.601299 19.597128 -9.323457 4
26.660799 20.481128 -8.836757 10
27.622499 20.286728 -8.860457 1
28.360099 20.834728 -8.658457 13
27.564599 21.369328 -8.469857 10
27.534299 21.326128 -7.514257 10
28.350799 21.025328 -7.150357 4
27.893499 20.675828 -6.255457 9
27.949599 19.782828 -6.567257 5
28.828699 19.389228 -6.687357 3
28.419899 18.559828 -6.422857 8
27.528099 18.412728 -6.770857 12
26.654899 18.361328 -6.253757 13
26.566199 17.930528 -7.105257 13
26.676899 17.169528 -7.661057 1
27.425199 17.266628 -8.252757 1
26.824799 17.983428 -8.699757 1
25.886799 17.739928 -8.822557 4
26.425999 16.794628 -8.925057 10
25.917599 16.926228 -9.700457 3
25.250399 17.584928 -9.594857 4
24.723099 18.356328 -9.531857 4
24.142699 17.936628 -10.253957 4
24.484199 18.108328 -11.204757 1
25.037699 17.414928 -11.516757 10
25.386199 16.471328 -11.501757 1
25.552799 15.959728 -12.337057 15
26.155699 16.679728 -12.440857 3
26.762199 16.768528 -13.235157 1
27.465199 17.271728 -12.735657 10
28.298499 17.205128 -13.173157 4
28.660399 16.406028 -13.531257 5
28.892199 15.443828 -13.704157 11
28.173499 14.955428 -13.279657 4
28.053799 14.242528 -12.685457 10
27.903999 13.951828 -11.747057 6
28.232699 14.090628 -10.776057 13
28.831999 14.724628 -11.120757 11
28.827299 15.384028 -10.457557 13
29.337399 15.608028 -11.283357 10
29.048799 16.123528 -12.032657 9
29.146499 17.013328 -11.748957 1
29.278099 17.353328 -10.835257 6
29.773099 18.056828 -10.426257 3
29.993499 18.918628 -10.691857 3
30.260099 19.758628 -10.337957 8
29.359999 20.355228 -10.120557 4
28.785799 21.167528 -10.260257 8
27.912799 21.394528 -10.455757 6
27.333499 21.597428 -9.719257 13
26.732399 21.695128 -8.963957 10
25.991999 22.104028 -8.429557 10
25.460799 21.416328 -7.951957 10
24.944799 20.622328 -7.577557 12
24.707199 19.815128 -7.968257 4
24.894899 19.042828 -7.354257 13
24.487699 18.798628 -8.158257 4
25.358299 18.823528 -8.553557 4
25.992399 18.319428 -8.037257 6
26.430399 19.147128 -8.129657 1
25.874799 19.737328 -7.524257 13
25.869399 20.296928 -8.287857 10
25.608699 19.695828 -9.023057 4
25.888799 20.322428 -9.766957 10
25.573199 19.909928 -10.543057 3
24.980799 19.292228 -10.066057 4
24.527199 19.129528 -10.942357 4
24.319499 19.760228 -11.674057 9
23.582499 20.101728 -11.208357 13
23.703199 20.895128 -11.815357 5
23.028099 20.511528 -12.336257 1
22.553699 20.198428 -11.562757 1
21.841399 19.824628 -11.969957 1
21.686199 19.764428 -12.927757 13
20.814199 19.500028 -12.498257 10
20.494299 19.571028 -13.453957 3
20.247799 20.462328 -13.634857 6
19.602099 20.039628 -12.941257 9
20.037199 20.253128 -12.068357 10
19.936199 21.319328 -11.989357 11
19.290599 21.516528 -11.303457 4
18.943099 22.397628 -11.389757 6
19.241599 22.965128 -10.713957 13
19.787499 22.269028 -10.465257 9
20.741499 22.018728 -10.335857 4
21.390799 21.782228 -11.108957 10
21.623999 21.029228 -11.672157 4
21.182399 21.786628 -12.197957 10
21.764199 22.129328 -12.791957 15
21.626499 22.958728 -12.196357 1
22.588299 22.974828 -11.947957 10
23.178699 23.470328 -11.397257 4
23.501299 22.688928 -10.880657 5
22.592199 22.357328 -10.856757 5
22.281199 21.363628 -11.001757 13
22.656199 21.533328 -10.163757 5
21.902499 21.481628 -9.518857 8
21.127299 22.069628 -9.331957 3
21.320399 21.445028 -8.635557 4
21.886799 20.679428 -8.230857 10
22.353099 19.849228 -8.118857 9
22.771999 20.469228 -8.813057 13
23.478299 20.105528 -8.276357 7
23.404099 19.477428 -8.968857 4
22.635999 18.924528 -8.748657 1
23.344599 18.762228 -8.176557 12
23.840099 18.425928 -8.915057 4
23.258999 18.199928 -9.690057 4
22.984799 17.869928 -10.565357 1
23.397099 17.001928 -10.345057 6
24.127799 16.550728 -9.972357 4
24.623799 15.763928 -9.788557 10
24.607899 14.894328 -10.195357 10
24.346699 15.221328 -11.060557 1
24.449399 15.037528 -12.036157 6
24.630699 15.360628 -12.925957 1
24.218999 16.002828 -12.337457 3
24.493099 16.772228 -12.851357 1
24.484999 17.490128 -13.509457 10
25.408999 17.732428 -13.675757 14
25.218699 18.496528 -14.281587 13
24.742399 18.693528 -15.098817 4
23.767599 18.772428 -15.067907 13
22.813699 18.443528 -15.075727 10
22.491999 17.785528 -14.475037 3
22.308199 17.136628 -13.754557 11
21.907699 16.380128 -13.282057 10
21.112399 16.830128 -13.036057 10
20.540899 17.118828 -12.324357 11
20.002099 16.368128 -12.364857 4
20.692599 15.804528 -12.170557 13
20.774199 14.940828 -12.590357 8
20.721999 14.092928 -12.146757 4
21.727399 13.912328 -11.812957 13
21.585699 14.794728 -11.624257 6
21.847899 15.611828 -11.146757 10
22.195599 15.407028 -10.244257 9
23.113099 15.081728 -10.027857 13
23.673999 15.068028 -9.198457 10
23.727699 14.138428 -9.701657 10
24.116599 13.506528 -10.372157 5
23.266299 13.721528 -10.757457 4
22.911299 12.865928 -10.996557 6
23.083199 12.477628 -11.920657 15
23.932399 12.053428 -11.721057 9
24.287399 11.302428 -11.139357 4
24.926999 11.490828 -10.429157 5
25.474199 11.288828 -9.703457 4
26.026399 10.841628 -9.048657 4
25.879899 10.248128 -9.772757 8
25.663499 9.935928 -10.649057 3
24.667899 10.019528 -10.440657 5
23.814099 9.877928 -10.902957 1
23.358499 10.576928 -10.507757 13
23.280299 11.039028 -9.696557 1
24.009899 11.537528 -9.144757 4
23.381399 12.149028 -9.568057 1
24.223299 12.321628 -9.990257 1
24.996199 12.343128 -9.331457 4
25.394899 13.229228 -9.610057 7
25.364699 14.205328 -9.572557 10
26.243999 14.261128 -9.193557 13
25.767099 14.976928 -8.720357 10
25.466399 15.888328 -8.870257 10
25.111499 16.797528 -8.987557 4
24.261999 16.366228 -8.951057 11
23.448099 16.781228 -8.735757 4
23.767499 17.556928 -8.184957 4
23.152899 17.841328 -7.524157 13
22.463599 17.119728 -7.708057 14
21.914599 17.915428 -7.756357 4
21.014199 18.235728 -7.980757 12
20.173599 18.374328 -8.461057 10
19.850499 17.678028 -9.024157 6
20.487799 18.157028 -9.500057 6
21.129299 18.836028 -9.299357 13
21.695699 19.336028 -9.781957 10
22.388799 19.685428 -10.367257 3
23.112799 20.040228 -9.760557 11
23.547299 20.798928 -10.172457 5
24.231599 20.257128 -9.877657 4
24.902799 21.037628 -9.907757 10
24.381899 21.285728 -10.702957 5
24.914499 22.026828 -10.908557 1
25.480899 22.204328 -10.084557 1
25.282399 22.221128 -9.163357 10
24.687499 21.512228 -8.729957 10
24.437899 20.542328 -8.707657 4
23.691999 21.179028 -8.525557 9
23.326199 21.946228 -9.006057 5
23.876699 22.298528 -8.254357 10
22.851699 22.195728 -7.988257 15
22.998999 21.284828 -7.494957 3
22.588299 20.608928 -6.935657 4
23.296899 19.959228 -6.897757 1
23.874999 19.500228 -7.483457 13
24.259099 19.491228 -6.632557 13
23.748099 19.942628 -5.927157 9
23.469099 19.562128 -5.053457 10
24.274499 19.140928 -4.836057 13
24.427599 19.648328 -4.079857 15
24.505499 18.713428 -3.737957 6
24.633399 19.161828 -2.817857 1
25.567799 18.938728 -3.092057 4
25.458699 19.336128 -3.976257 4
25.299199 19.350028 -4.927157 10
24.684499 19.435928 -5.676457 13
24.447199 20.296428 -5.357957 4
24.309699 21.271028 -5.696957 9
25.037799 20.775528 -6.268757 13
25.279499 21.631428 -6.654257 5
25.835099 22.131128 -7.333357 10
26.076999 22.962028 -7.705157 10
26.121599 23.861328 -7.684257 4
26.215099 23.712528 -6.679157 4
27.037299 23.515528 -7.199657 8
27.678599 23.028128 -7.667957 10
27.859499 23.184628 -6.731357 4
28.037599 24.101528 -6.934357 8
27.962999 24.969328 -6.445857 3
27.549799 24.913528 -5.504557 11
27.934499 25.579928 -4.941857 7
27.242299 25.181028 -4.438657 6
27.708899 25.665128 -3.631657 4
27.322699 26.293228 -3.013157 1
26.380799 26.417328 -2.990257 1
25.973099 25.538328 -2.764557 10
25.156799 25.140128 -3.177257 4
26.016399 24.794128 -3.755057 1
26.508499 23.887228 -3.639757 10
27.432999 23.620928 -3.773957 12
27.557399 22.997228 -4.581957 6
27.411299 22.128628 -4.929457 1
26.643799 21.670028 -4.675657 1
26.618699 21.191128 -5.542257 6
26.465399 22.023128 -6.081857 4
26.744199 21.602228 -6.942957 10
26.756199 20.646028 -7.038957 10
26.510599 19.738728 -6.606657 13
26.600899 19.385228 -5.703557 4
25.765199 18.871728 -5.772057 13
26.052499 18.092428 -5.223657 13
26.804499 18.549428 -4.768157 4
26.542799 18.126328 -3.890157 10
26.346499 17.238528 -3.557357 5
25.519599 17.635028 -3.195357 4
25.309399 17.353628 -2.278057 14
25.040999 18.122328 -1.691257 5
25.588399 17.620028 -0.991257 10
26.477899 17.390628 -0.688657 13
26.570199 16.496128 -1.112457 3
25.902499 15.830628 -1.005357 15
25.684899 15.301728 -1.847757 15
25.936999 14.501128 -1.399457 10
25.128299 13.883228 -1.193857 13
24.324099 13.490728 -1.662457 1
24.462999 14.478228 -1.876657 4
24.490599 14.315328 -2.823657 10
25.181199 14.859628 -3.190757 9
25.226699 14.095528 -3.832457 3
25.849499 13.816828 -4.538657 7
25.769399 13.470028 -5.449357 4
25.520999 13.816828 -6.280257 4
25.259999 14.473328 -6.945257 10
24.541799 14.527928 -6.305657 10
24.697699 14.432728 -5.283557 4
24.579699 14.716328 -4.369157 1
23.956999 15.041328 -3.705957 11
23.354899 15.752828 -3.679157 6
22.506399 15.213728 -3.636557 11
22.631399 14.964728 -4.560557 9
22.858599 15.419028 -5.399057 4
23.318799 15.874528 -6.067857 9
24.197799 15.551828 -6.102357 10
23.999699 16.159028 -6.767657 10
23.407799 16.797728 -7.155157 5
23.592199 17.523028 -6.464257 13
22.919599 18.132628 -6.180357 8
23.121999 18.999928 -6.529457 13
22.495399 19.385828 -5.801657 4
22.160899 20.211128 -5.400057 10
21.880599 21.153228 -5.006257 8
21.533599 21.941328 -4.523857 6
22.326599 21.847828 -4.041257 7
22.923199 22.579328 -4.243257 1
23.786299 22.617228 -3.847557 1
24.508399 22.762328 -3.205257 10
24.239299 21.856628 -3.282957 5
24.223599 21.229928 -3.998057 4
23.496899 20.839828 -3.570857 4
23.583999 20.067628 -2.974057 10
22.903299 19.582328 -2.385457 1
22.743799 19.193528 -3.244357 3
22.913799 18.392128 -3.807057 10
23.122199 18.652828 -4.664557 4
23.907499 18.107828 -4.840557 13
23.555799 17.148328 -4.750657 5
23.964799 16.448928 -4.209857 1
24.607699 17.150228 -3.842057 1
25.299599 17.278228 -4.493957 6
25.156799 17.216428 -5.478757 13
24.591799 17.735628 -6.192857 13
24.923299 18.568428 -6.375857 13
25.061899 18.023828 -7.111457 13
25.441299 17.376128 -7.751657 4
24.937299 16.493228 -7.588057 10
25.034399 16.955328 -6.647457 13
25.055299 16.208128 -6.043257 10
24.962799 15.732728 -5.155857 7
25.733099 16.279728 -4.969757 4
26.423299 16.915228 -5.019357 6
26.571999 17.152228 -5.931257 13
26.702999 16.458028 -6.588957 6
25.860999 15.960728 -6.666657 10
26.086099 15.050528 -6.851057 10
26.386299 14.249328 -6.435957 4
26.382699 14.853728 -5.671657 10
27.218699 14.869328 -5.187157 15
27.108399 13.975728 -5.585157 4
27.406299 13.504928 -4.737757 9
26.965499 12.840928 -5.301357 4
26.268699 12.284128 -5.661657 4
25.631099 11.654128 -5.386557 9
25.247099 11.574228 -6.216657 4
24.389599 11.341828 -6.566257 10
24.304199 12.298328 -6.253757 4
24.484799 11.937328 -5.311357 6
24.747499 11.958028 -4.348957 5
24.946399 12.739428 -4.909957 4
24.572799 13.528728 -4.514057 1
23.792999 13.878428 -4.990057 1
23.561299 14.105828 -5.832457 3
23.298799 14.287928 -6.804757 10
22.378699 14.182528 -7.017157 11
22.108999 15.005228 -7.518157 1
22.342699 14.219628 -8.068257 10
22.584099 15.030628 -8.614857 12
23.046799 14.926528 -7.805957 10
23.928699 14.813428 -8.212157 10
23.702999 15.780228 -8.184057 7
24.592999 15.671328 -7.985257 10
24.963799 14.817328 -7.840257 10
25.295199 14.095928 -8.448357 11
25.262799 13.606528 -7.644557 10
25.773299 13.064128 -7.080757 4
26.129599 12.270628 -6.788057 4
26.642199 11.320228 -6.676557 13
27.384499 10.683028 -6.588957 7
27.322899 9.733028 -6.532457 1
26.767899 9.880728 -5.627457 7
26.170399 10.725128 -5.552157 8
27.051199 11.049328 -5.261257 13
26.594499 11.615128 -4.668557 4
27.350599 11.990928 -4.097757 7
26.781199 12.653128 -3.702757 4
25.944499 12.375028 -3.446857 10
25.602899 12.027228 -2.559957 3
24.704299 11.695828 -2.525057 10
24.183999 11.704228 -1.715357 5
23.640699 11.239728 -1.043857 4
23.745799 11.898328 -0.377557 10
22.914699 11.986928 -0.862657 12
23.029899 11.885728 -1.790657 9
23.421499 12.744528 -1.499757 5
22.566799 13.048828 -1.815757 9
22.153599 13.117128 -0.912357 1
21.773799 13.138828 0.072943 1
21.081599 12.458428 0.294243 6
20.652999 12.881828 0.992143 10
20.690399 13.757428 0.719243 1
20.211199 14.559628 1.103043 4
19.353699 14.270528 0.928243 10
19.066899 13.314028 0.894043 13
19.462599 12.374228 0.985043 7
19.436099 12.536228 0.022243 10
19.346499 11.564928 0.210543 10
18.853499 10.747228 0.393043 4
19.436499 10.503828 -0.338257 13
20.094299 11.202628 -0.348757 15
20.616099 11.552328 -1.033957 13
20.013099 11.127428 -1.754957 4
20.898699 11.523928 -1.951457 5
20.553999 11.922428 -2.841957 3
21.233699 12.437628 -2.395657 13
21.912999 11.918228 -2.805457 4
21.484799 12.493728 -3.488357 10
22.125499 13.004428 -2.993657 15
22.929199 13.636428 -2.777457 11
22.206999 14.141328 -3.135657 11
21.809299 13.505328 -3.801657 1
22.195999 12.933628 -4.478057 4
22.343199 13.528828 -5.178157 1
21.636599 12.988328 -5.535257 7
22.099299 12.486028 -6.194457 1
22.746099 12.163128 -6.789257 1
22.893399 12.853828 -7.417957 10
23.631699 13.264628 -6.914257 10
24.555499 13.198028 -6.807257 4
24.221599 13.028928 -7.697557 10
23.965399 12.256128 -7.223457 8
24.395399 12.125028 -8.118557 4
25.313099 12.481828 -8.231957 4
24.775899 13.204928 -8.613657 3
24.300299 13.951328 -8.509957 10
23.716999 13.213628 -8.708557 10
23.145899 12.446228 -8.478157 9
22.607899 13.252428 -8.467657 10
22.101099 12.596328 -7.920257 7
21.684599 11.999128 -7.228657 5
21.708399 11.042528 -7.224057 10
20.832399 10.829628 -7.514657 4
19.841599 10.905528 -7.406357 7
19.011999 10.506328 -6.966257 5
18.531199 10.299828 -6.155457 4
18.596599 9.505428 -5.667357 6
19.167199 8.790928 -5.942557 10
19.714099 8.042928 -5.543657 4
18.878899 7.557828 -5.808157 10
18.260499 7.678228 -6.546557 6
18.585999 7.656828 -7.529657 13
18.632699 6.749328 -7.245657 1
18.673799 6.217328 -8.036657 7
19.199699 6.059328 -8.767057 4
19.694699 5.340028 -8.260657 10
19.230199 4.540828 -7.906857 9
19.365899 4.067828 -7.060457 1
20.268299 3.697828 -6.783957 1
20.902299 3.429828 -6.184957 3
20.429799 2.701328 -5.766357 13
21.034299 2.033128 -5.460957 13
21.962899 1.974628 -5.090057 1
22.365099 2.254328 -5.946457 10
21.794299 1.525528 -6.090957 1
21.653099 0.576428 -6.070957 4
21.590199 -0.279972 -6.598957 13
22.525499 -0.334472 -6.853357 4
23.196899 -0.151672 -6.126857 3
23.924099 0.233428 -5.523757 8
24.689999 0.008528 -6.137257 4
25.469899 -0.161172 -5.527557 7
25.778699 -1.010372 -5.215057 11
24.876199 -1.027272 -5.378357 10
23.950399 -0.989972 -5.111357 10
24.336099 -1.944672 -4.986857 8
25.883699 -2.760262 -5.218057 11
25.987499 -2.643022 -4.294357 4
26.319199 -2.705742 -3.420057 11
25.566399 -3.238072 -3.348757 4
25.562999 -4.091732 -3.664257 1
25.971999 -4.947832 -3.244257 4
26.570599 -5.481522 -2.731957 6
26.441499 -6.462082 -2.413557 1
27.341899 -6.603692 -2.929657 10
28.251799 -6.828862 -2.755757 6
29.036799 -6.466452 -2.340457 5
29.752199 -7.156382 -2.613757 4
30.548899 -6.658352 -2.965557 10
31.207099 -6.289612 -2.383157 5
31.898599 -6.859082 -2.786257 4
32.157799 -7.493402 -3.436957 13
31.838299 -7.983482 -2.691457 5
32.748099 -7.877822 -2.367057 7
32.972099 -7.030862 -2.675857 4
33.515799 -7.198672 -3.450057 10
33.346899 -6.496862 -4.078957 13
33.465399 -6.476932 -5.030557 13
33.910099 -7.314022 -5.161357 10
34.808799 -7.671422 -5.110357 10
34.308199 -6.030782 -4.600257 9
34.917699 -5.345092 -4.924757 15
35.456299 -6.135502 -5.072457 10
35.607899 -6.611462 -4.230657 10
35.025899 -6.170512 -3.606257 15
34.821699 -7.103772 -3.389457 10
35.118499 -7.482432 -2.562857 15
35.123999 -8.421422 -2.535157 9
34.619399 -8.295682 -3.361757 10
35.204999 -9.101802 -3.517657 7
35.966899 -9.781712 -3.316457 7
36.626899 -9.975892 -2.605757 7
36.143399 -10.004522 -1.773657 10
35.421099 -10.614892 -1.825957 1
35.757699 -11.300134 -2.448557 4
35.421499 -12.122018 -2.054957 7
34.677799 -11.47558 -1.882657 12
33.827899 -11.442429 -1.533057 4
32.993799 -11.620808 -1.145157 1
32.898299 -11.215712 -0.312057 3
33.430299 -10.458712 -0.016657 1
33.708799 -9.766112 -0.605757 10
33.082899 -9.095042 -0.864857 4
32.666499 -8.624552 -0.076257 12
32.719299 -7.661672 0.007743 7
32.845499 -7.940372 0.913743 6
33.520699 -8.600272 1.005243 4
33.777899 -8.347012 0.102443 1
34.565399 -7.759052 0.047043 11
35.000499 -6.935462 0.261643 13
35.594499 -6.952072 -0.518257 14
36.268599 -7.452912 -0.881357 11
36.758699 -8.059152 -1.389557 9
36.493399 -8.498252 -0.486657 7
37.411999 -8.703032 -0.282857 10
37.031199 -9.638912 -0.242357 13
37.132699 -10.150432 -1.091157 4
37.204399 -11.086342 -0.934157 10
38.167099 -11.246043 -1.067657 7
38.418199 -11.290748 -1.976057 10
38.989999 -10.615322 -2.406357 14
39.677599 -9.994242 -2.596457 12
40.230499 -9.836142 -3.440857 12
39.720099 -10.660872 -3.482457 12
39.091499 -11.460118 -3.400557 10
38.288499 -10.947462 -3.240957 4
37.412299 -11.269481 -3.668757 7
37.101099 -11.205642 -2.792957 7
37.148699 -11.589576 -1.825657 4
37.123999 -12.233234 -1.136857 4
36.864399 -13.109909 -0.731357 13
36.880199 -13.722432 -1.510657 12
37.801399 -13.816232 -1.506257 7
37.952399 -14.164112 -0.501957 10
38.827999 -14.033452 -0.111057 1
39.811199 -14.425492 0.129743 7
40.282799 -14.435892 1.040843 10
40.493299 -13.613822 1.436243 1
41.132699 -13.683972 2.243743 3
40.440099 -13.253512 2.836843 1
39.919199 -13.894102 3.281443 10
40.414299 -13.878022 4.102443 10
40.627899 -13.055108 4.723743 7
40.114299 -12.248854 4.665843 1
39.634499 -11.532669 5.077043 4
38.787099 -11.141462 5.206943 7
38.824499 -10.760442 6.103343 1
38.551199 -11.36994 6.779043 10
37.652299 -11.522764 6.979643 7
37.608099 -12.051827 6.184943 4
37.592099 -11.566406 5.367843 4
37.327599 -12.251713 4.724343 5
36.906099 -12.401926 3.777643 15
35.984899 -12.637955 3.586243 9
35.567699 -13.272822 3.027643 7
36.135899 -14.012772 2.673043 1
36.358099 -14.377672 1.795943 10
35.690099 -13.736912 1.554443 12
34.807099 -14.155622 1.678143 10
35.096099 -15.062612 1.393843 14
35.502199 -14.603712 0.574943 7
34.834499 -14.109772 0.060443 11
35.322299 -13.854202 -0.733357 1
36.343499 -14.098012 -0.697057 11
36.067499 -14.946132 -0.883857 10
35.488699 -15.250562 -1.612357 15
34.664999 -15.718412 -1.486957 14
34.651499 -15.284752 -2.343557 10
33.876499 -14.681822 -2.436457 13
34.264499 -13.889972 -2.927957 12
33.887399 -13.612972 -3.756157 9
34.661899 -13.525802 -4.335057 7
35.464599 -13.051245 -4.711757 10
36.311699 -12.504876 -4.683157 10
36.557399 -11.541727 -4.497957 7
36.097899 -10.734012 -4.698357 7
35.299499 -10.831762 -4.077657 7
34.499399 -10.425372 -3.552057 14
33.694099 -10.660012 -4.130557 10
32.930099 -10.624382 -4.665657 13
32.202199 -11.008662 -4.129357 7
31.450499 -10.457292 -3.739157 1
30.628099 -10.722552 -4.201257 10
30.491099 -9.744142 -4.011357 1
30.250199 -8.850692 -4.327357 7
30.238499 -7.909162 -4.561457 4
29.285999 -7.671012 -4.574457 10
29.679999 -6.914502 -5.005057 4
29.487699 -7.124612 -5.940457 1
29.923899 -6.837042 -6.799557 12
30.875099 -7.133312 -6.713757 1
31.518999 -6.667722 -7.302757 1
32.140399 -6.098582 -6.894657 7
33.003499 -6.320022 -6.526557 1
33.969999 -6.260982 -6.358257 10
34.229099 -7.118762 -6.669757 10
33.394799 -7.413012 -7.044357 7
33.625699 -7.974212 -7.790457 8
33.708699 -8.750282 -8.478457 12
34.210199 -8.049142 -9.043057 7
34.511999 -7.617762 -8.195057 6
35.438399 -7.545612 -8.486257 1
36.168099 -8.029932 -7.986157 11
35.838699 -7.786002 -7.112157 4
36.664699 -8.256012 -7.100657 11
36.930399 -8.945862 -6.367957 4
36.243799 -9.577132 -6.046057 12
35.462799 -9.332602 -5.460857 7
35.485999 -8.374162 -5.108557 10
34.783499 -8.589662 -4.536357 10
34.522599 -9.563592 -4.636557 7
33.813699 -8.875942 -4.339957 10
33.189699 -9.619712 -4.434057 9
33.380899 -9.029942 -5.236257 1
33.118199 -8.738022 -6.072757 13
33.189799 -7.829332 -5.805857 7
32.271799 -8.068932 -5.343757 10
31.926899 -7.144562 -5.567457 1
31.019399 -6.746972 -5.263357 15
30.751099 -6.244052 -4.416757 11
30.549499 -5.601512 -5.143557 7
30.603599 -5.395432 -6.067757 13
30.492899 -4.594022 -5.511357 5
30.762599 -3.594422 -5.503057 14
31.648199 -3.772742 -5.860557 10
32.360799 -3.622422 -6.473957 7
32.346299 -2.683742 -6.704257 10
32.653699 -1.787272 -6.797457 7
33.179199 -1.350472 -6.251657 1
33.496899 -0.460072 -6.543157 10
33.514599 -0.644772 -7.506757 4
33.492899 -1.592172 -7.548057 16
33.951499 -2.417442 -7.726957 6
33.833899 -2.548212 -8.692357 1
34.668199 -2.782212 -9.194057 1
34.646699 -3.486902 -8.511457 1
35.218299 -4.172452 -8.072157 1
36.025099 -4.496122 -7.657157 7
36.671399 -4.225292 -7.054857 4
36.302399 -4.866802 -6.438957 14
36.194599 -5.662242 -5.873157 1
35.767799 -6.558162 -6.018457 10
35.435399 -7.511012 -6.133357 10
36.284499 -7.958422 -6.144657 11
36.713399 -7.163382 -6.568957 11
37.127799 -7.139952 -5.752557 4
36.928399 -7.948202 -5.230257 11
36.321899 -7.934082 -4.514857 10
36.293899 -8.869252 -4.162657 7
36.164899 -8.189492 -3.466257 10
37.026799 -8.201502 -3.821357 7
37.347799 -7.526762 -4.379557 14
38.225099 -7.930332 -4.257057 10
37.971099 -8.489282 -3.480157 7
38.911999 -8.666672 -3.766757 12
39.759199 -9.020212 -4.084557 12
39.791099 -8.659142 -4.977257 7
40.206699 -7.811552 -5.272757 1
40.450099 -7.933892 -4.316657 7
39.982399 -8.009382 -3.468957 12
39.614899 -7.265852 -3.943157 10
39.326699 -7.209792 -3.015257 4
39.353599 -8.022842 -2.526657 12
38.414099 -7.962692 -2.606157 13
37.437499 -7.846502 -2.844157 10
37.118499 -8.576172 -2.306357 7
37.790399 -8.322982 -1.577757 9
37.931399 -9.207392 -1.938057 1
38.636699 -9.182342 -2.607157 12
38.032299 -9.545722 -3.311757 7
37.341899 -10.133442 -3.538057 7
36.657599 -9.800632 -4.096557 7
36.624699 -9.530892 -4.974957 7
37.476499 -9.766672 -5.309457 7
37.520099 -10.583062 -5.844757 15
37.195499 -11.348368 -5.443957 7
38.055499 -11.704078 -5.705157 15
38.032199 -12.195879 -6.500157 15
37.175699 -12.451899 -6.099157 1
37.481299 -12.534488 -5.172457 10
38.133899 -13.094201 -5.737657 1
38.361299 -13.288282 -6.636657 4
39.122099 -12.7854 -6.636457 15
39.804499 -13.384882 -6.505457 1
39.567599 -14.426702 -6.343457 12
40.133599 -15.084062 -6.861157 10
39.156699 -15.219282 -6.800057 7
38.292999 -15.387592 -7.281257 1
38.944099 -15.900092 -7.704557 1
38.780699 -16.399602 -8.561757 1
38.487099 -16.967622 -7.843757 1
37.754599 -16.815162 -7.172357 11
36.844699 -17.053822 -7.469957 12
36.419899 -16.202122 -7.782157 10
35.502299 -15.867032 -8.021057 7
34.987899 -16.201312 -7.311457 3
34.905199 -15.251952 -7.618357 7
34.357099 -14.432792 -7.487457 12
33.640799 -14.882492 -7.057457 16
33.798999 -15.137602 -6.001557 7
34.539999 -14.474142 -6.018257 10
34.716999 -14.351492 -5.098257 12
35.032499 -14.914642 -4.331557 1
35.286499 -15.679882 -3.675857 7
35.838699 -15.094482 -3.103457 15
35.688799 -15.852572 -2.516657 5
36.059499 -16.738322 -2.432257 7
36.312999 -16.670782 -3.442457 4
36.458799 -16.760252 -4.535257 7
36.866499 -16.384412 -5.375957 1
37.617299 -15.840432 -5.146857 16
37.645699 -16.709292 -4.689457 9
37.359899 -16.122912 -4.044457 12
38.228499 -16.433792 -3.791157 15
39.153299 -16.322072 -3.774957 1
39.323799 -17.225182 -3.581757 15
39.239199 -17.094382 -4.550457 1
39.696899 -17.966572 -4.935457 10
40.390599 -17.463122 -5.389957 7
40.870299 -17.008332 -6.112757 1
41.329199 -16.220542 -6.217057 1
42.059799 -15.573792 -6.478057 7
42.665099 -15.897862 -5.754357 1
42.061099 -16.052402 -4.963757 1
42.575999 -15.889442 -4.156657 1
42.293899 -14.961442 -3.896557 1
41.433399 -15.099322 -3.483357 1
40.588999 -14.960142 -3.934257 4
40.705199 -14.103162 -3.567657 7
40.324899 -13.175994 -3.467257 10
40.585899 -12.935887 -4.384557 7
40.545999 -11.999792 -4.417057 11
40.078199 -11.224112 -4.679257 12
39.477799 -11.073182 -5.407057 15
39.086399 -10.603882 -6.135957 15
39.398399 -9.951612 -5.480557 12
39.462299 -9.171722 -6.008857 10
39.957399 -8.389252 -6.360557 10
40.628299 -8.957162 -6.726657 7
41.297199 -9.520492 -6.322157 7
40.550599 -10.134042 -6.078857 15
40.852599 -10.146602 -5.155857 12
41.047399 -9.486262 -4.469457 12
41.406599 -9.032192 -5.228757 11
41.902099 -9.838302 -5.346557 16
41.830199 -10.782052 -5.411157 13
41.875499 -10.504862 -6.318957 9
41.876099 -10.316442 -7.289557 7
42.379199 -9.444322 -7.633557 7
42.096099 -8.699322 -7.071057 7
41.764199 -8.619072 -6.210957 9
42.747099 -8.584252 -6.224957 7
43.293599 -9.271052 -5.892357 7
43.290899 -10.226842 -5.784357 13
43.753499 -10.791782 -6.421257 13
43.175499 -10.217412 -6.981957 7
43.791299 -10.627342 -7.504957 16
42.928099 -11.131102 -7.447457 7
42.897999 -11.907958 -8.016057 16
42.828399 -11.249258 -8.701357 7
43.123199 -11.506075 -9.648457 10
44.058299 -11.391587 -9.967657 12
44.473599 -11.648677 -10.795857 15
44.626399 -10.862472 -11.342957 16
44.240799 -10.842292 -12.205057 11
44.135699 -10.633222 -13.131157 7
43.621599 -10.785862 -13.941757 6
42.956399 -10.791822 -14.674857 7
43.613899 -11.155882 -15.250347 14
44.232199 -11.385239 -15.929037 12
44.450299 -12.297833 -16.325867 16
44.906799 -12.333552 -15.470267 1
44.703499 -13.266532 -15.548247 1
44.007399 -13.963692 -15.336567 4
43.316499 -13.400522 -14.942117 7
43.090499 -14.311742 -14.651437 5
42.796599 -15.169182 -14.977247 12
42.495699 -14.468482 -15.688117 1
42.849199 -13.706222 -16.236477 12
42.304599 -13.683502 -16.965277 7
41.618299 -13.409452 -17.507707 11
42.249999 -13.433162 -18.221417 4
42.359999 -14.283732 -18.582827 11
42.412399 -14.064502 -19.525037 1
42.995899 -14.937632 -19.650977 4
43.483599 -15.279452 -18.921497 15
43.323399 -16.159482 -18.583037 7
42.981099 -16.483632 -19.419587 11
42.508399 -17.181522 -18.817427 7
41.783999 -17.500492 -19.416577 15
41.890499 -16.638862 -19.825417 16
41.897699 -16.264772 -18.864547 7
41.260899 -15.771752 -19.423617 7
41.024899 -14.928192 -19.096747 10
40.700299 -14.681382 -19.933567 14
39.935399 -14.226352 -19.571807 7
40.255299 -13.401292 -19.197017 1
40.388699 -12.903215 -19.966477 16
39.932899 -12.282197 -19.271347 9
39.630199 -11.556426 -18.746647 10
40.422399 -11.372876 -18.161237 10
41.310699 -11.070962 -18.012587 16
41.042399 -11.386615 -17.148387 1
41.822299 -11.225792 -16.563867 15
40.982699 -10.899192 -16.234687 7
40.852099 -10.018402 -15.895067 10
40.084599 -10.166102 -15.358297 16
40.138399 -10.679272 -14.561787 7
39.246399 -10.540392 -14.788527 12
39.583499 -9.847462 -14.207017 1
40.469699 -9.465332 -14.513727 7
40.507999 -8.624402 -14.017557 1
40.686699 -9.345102 -13.355157 12
40.840299 -9.897572 -12.626957 12
40.254599 -10.740742 -12.505657 1
40.246799 -10.685292 -11.526957 13
39.965999 -9.689232 -11.570957 1
39.656099 -9.034712 -10.996757 7
39.425899 -8.125292 -10.786257 13
39.726799 -7.612952 -10.030757 7
40.429899 -8.223352 -9.753257 15
40.732599 -8.253152 -8.897857 16
40.814999 -9.210092 -8.580757 7
39.927399 -9.416452 -8.752157 6
40.288099 -9.938742 -8.072957 7
41.077999 -10.490732 -7.829157 7
40.319499 -10.941502 -7.401757 15
40.155699 -10.888002 -8.282757 7
39.942199 -11.801345 -8.564657 4
39.061099 -12.273734 -8.396557 9
38.284299 -12.774716 -7.908657 7
38.068899 -11.806446 -7.826657 11
38.764399 -12.045903 -7.202457 15
39.229299 -11.196802 -7.112757 15
38.507999 -10.748932 -7.705057 7
39.160399 -9.973122 -7.540357 16
38.407099 -9.437182 -7.176257 1
37.680799 -8.687952 -7.213357 11
37.892199 -7.758372 -7.327957 11
38.729199 -7.772122 -7.791457 10
38.477099 -8.173612 -8.696057 1
38.059199 -8.965302 -8.351657 11
37.717599 -9.140022 -9.210557 12
37.602099 -10.077572 -9.643057 13
38.159199 -10.840112 -9.536457 12
38.923699 -10.262322 -9.399257 16
39.832699 -10.505892 -9.303457 7
40.391699 -10.057002 -9.939557 7
41.262099 -9.740472 -10.309957 9
41.498199 -9.531862 -11.314357 10
41.688099 -8.858052 -12.060557 16
42.434499 -9.244552 -12.503257 16
42.740899 -8.376642 -12.339157 4
43.333399 -8.429392 -11.544557 12
43.356999 -7.757502 -10.882757 16
44.065499 -7.333482 -10.335257 14
43.916799 -8.084722 -9.731157 1
43.506499 -8.191902 -8.809757 7
43.850199 -9.072772 -9.033757 10
44.392699 -9.713032 -8.420657 12
43.477299 -9.402472 -8.127857 7
42.758299 -9.370052 -8.679857 7
42.929599 -9.020062 -9.570657 16
42.035999 -8.912722 -9.410057 5
41.385099 -9.567352 -9.261657 1
41.792199 -9.783262 -8.422557 7
42.178699 -10.460602 -9.003957 7
42.080999 -10.403022 -9.934757 10
41.977099 -11.32294 -9.856057 1
42.271599 -12.319244 -9.805257 1
41.821099 -13.167473 -9.904157 15
40.841599 -13.133344 -10.139657 1
39.898699 -12.812305 -10.206357 16
39.406499 -12.089147 -10.648357 12
40.005099 -11.499509 -10.219757 1
40.631799 -11.341806 -9.386357 1
41.016699 -11.422062 -8.522257 7
40.638799 -12.026288 -7.828257 15
40.788899 -12.607117 -7.122357 1
41.782299 -12.57621 -6.826657 12
42.019899 -11.963169 -6.051857 13
42.176799 -11.362678 -6.733157 13
41.443399 -11.763976 -7.374757 7
40.956199 -11.626574 -6.587957 15
40.853499 -11.708146 -5.654857 8
40.079699 -12.198192 -5.742757 15
39.193099 -12.125486 -5.246557 5
39.269999 -12.959579 -4.708257 16
38.471599 -12.318819 -4.454857 13
38.367499 -11.3418 -4.409457 7
38.992999 -10.637122 -4.334057 12
38.177099 -10.082342 -4.376557 7
38.924599 -9.479782 -4.664257 12
38.237699 -8.899252 -4.942257 7
38.110899 -8.790132 -5.921257 11
38.814899 -8.511342 -6.556257 1
38.770299 -7.555972 -6.261157 7
38.003699 -6.983232 -6.533557 11
38.394199 -6.136752 -6.720657 12
38.845499 -5.790312 -5.901057 7
39.357599 -6.508682 -6.263157 16
40.031899 -7.032862 -6.033257 11
40.944099 -7.138372 -6.364657 7
41.705999 -6.669582 -6.193957 7
41.346699 -5.970482 -5.715057 1
41.605199 -5.134552 -6.197157 12
42.197899 -4.473852 -5.912957 1
42.866499 -5.091682 -6.484857 9
42.524599 -5.958622 -6.646457 11
42.772799 -6.928002 -7.053357 7
43.443699 -6.454182 -7.571157 7
43.713899 -5.558772 -7.233357 14
44.127599 -4.986222 -7.882157 10
44.300699 -3.997762 -7.830757 16
45.196699 -3.717102 -7.875357 7
45.138999 -2.935652 -7.269457 15
46.071299 -2.972372 -7.303257 4
45.685799 -3.773752 -6.964457 16
46.262499 -4.478622 -7.175457 16
46.778199 -5.311632 -7.158857 7
46.069499 -5.656712 -7.721257 9
45.418599 -6.158052 -7.255757 16
44.513699 -6.202582 -6.934857 7
44.907499 -6.846912 -6.441157 5
44.245699 -7.224722 -5.847657 7
43.824299 -6.408562 -6.151357 7
43.041299 -6.081382 -5.726757 1
42.533899 -5.361892 -5.243357 15
42.093699 -4.970562 -4.499557 7
41.219699 -5.445272 -4.494957 10
41.079099 -4.942402 -3.658057 1
41.441499 -5.795952 -3.437757 1
42.007399 -6.406752 -3.907857 15
41.217299 -6.794232 -4.330757 12
41.153699 -7.529222 -5.000057 1
42.086299 -7.361992 -5.424457 7
42.174699 -7.318212 -4.437557 15
42.242399 -8.226542 -4.634057 11
41.643299 -8.102252 -3.868557 12
41.495999 -7.931642 -2.940557 16
40.618299 -8.336892 -2.689757 12
40.929299 -8.413972 -1.694057 13
40.574199 -8.949862 -0.959657 7
39.610699 -9.152522 -1.018257 13
39.895499 -8.806332 -1.900157 12
39.834299 -8.037702 -1.218757 6
40.168799 -8.197152 -0.317557 7
39.187099 -8.166442 -0.461557 7
39.011299 -7.298012 -0.229357 1
38.865499 -6.980602 -1.098057 16
38.445599 -6.197492 -1.457657 12
38.262299 -5.544172 -2.154057 7
38.172299 -5.009772 -2.951257 16
37.898399 -5.984072 -3.178657 11
38.686199 -6.196382 -3.674357 15
38.567199 -6.885382 -4.318857 7
38.006399 -6.333502 -4.887057 8
37.265199 -6.113452 -5.438157 4
37.133599 -5.859012 -6.348757 15
37.417299 -6.304122 -7.119057 11
36.408099 -5.968052 -7.035357 12
35.452399 -6.052382 -7.227657 15
35.979599 -6.683592 -7.695757 16
36.603899 -6.457412 -8.405057 7
37.051599 -7.239962 -8.746257 11
37.882899 -7.223932 -8.275057 11
38.538199 -6.680672 -8.578557 15
39.337599 -6.474362 -9.037457 9
39.412599 -7.348212 -8.546457 7
39.523299 -8.346072 -8.300057 1
40.269399 -8.206522 -7.749557 1
41.182599 -8.181532 -7.495457 7
41.247199 -7.468742 -8.202457 1
42.113499 -7.601092 -7.819157 7
42.352599 -7.762242 -8.708657 7
41.795099 -7.765462 -9.527557 16
42.309099 -6.961172 -9.355757 1
42.668299 -6.756172 -8.488257 11
43.338299 -7.165372 -9.091757 7
44.288299 -7.141042 -9.003857 1
44.332099 -7.349112 -8.030157 7
45.245799 -7.255812 -8.419657 1
45.972299 -7.854172 -8.350957 1
46.501799 -7.733792 -7.526257 1
46.750599 -8.274592 -6.778257 5
45.854299 -8.030472 -6.497557 16
44.822899 -8.007992 -6.509057 7
44.923399 -8.675962 -5.810457 7
44.562899 -7.947882 -5.223857 15
43.925399 -8.707582 -5.104757 7
43.104399 -9.018102 -4.576257 16
42.797599 -9.843752 -4.118157 12
43.177399 -9.331862 -3.451157 12
43.690599 -8.493572 -3.548957 15
44.173799 -8.877592 -2.832857 7
43.468799 -9.399082 -2.493757 14
42.931099 -10.063432 -2.107857 12
42.866599 -10.360402 -1.117057 11
42.062899 -10.892352 -1.460857 16
41.183399 -11.204572 -1.740557 12
41.365799 -12.166355 -1.733357 13
42.264999 -11.991299 -1.340857 11
41.637699 -11.666493 -0.733857 15
42.075799 -12.365061 -0.191657 7
41.455299 -12.736556 0.427443 1
41.476599 -11.887411 0.928343 12
40.969699 -11.268045 0.336943 7
40.989299 -10.807952 -0.487757 16
40.467599 -10.073632 -0.902257 11
40.132099 -10.434372 -1.689657 12
39.456899 -11.164022 -1.418857 1
39.492699 -12.007833 -2.022757 1
40.321899 -12.024702 -1.444357 1
40.469399 -12.965808 -1.620757 16
41.408499 -13.288992 -1.863157 7
41.162299 -12.713605 -2.578957 16
40.511399 -12.039509 -2.588157 7
40.653799 -11.582358 -3.418357 12
41.478799 -12.150457 -3.403357 15
42.113299 -12.825693 -3.326857 9
42.197399 -12.438716 -2.408557 7
42.740099 -11.697624 -2.258257 1
41.969799 -11.500884 -2.797257 5
41.543499 -10.787342 -3.219057 12
41.826399 -10.239372 -3.968657 12
42.534399 -10.772972 -4.352957 8
43.415299 -10.472902 -4.708157 7
43.685799 -11.333515 -5.184857 13
44.269699 -10.557472 -5.636457 8
44.794899 -10.009672 -6.290257 1
44.347599 -9.201502 -6.636157 7
44.558199 -8.842672 -7.598057 11
43.839199 -8.210352 -7.475457 7
43.039299 -7.983542 -6.968557 7
43.077999 -7.480542 -6.116357 7
43.191899 -7.980812 -5.328657 11
43.131899 -7.440652 -4.594757 15
43.761099 -6.730492 -4.692057 15
44.336099 -5.965582 -4.783557 7
43.587099 -5.798552 -4.152457 15
44.366799 -5.432812 -3.595157 11
44.589199 -5.008182 -4.457957 1
44.336399 -4.074982 -4.591657 7
44.758899 -3.568462 -3.878457 11
45.111999 -3.235312 -4.680457 1
45.903699 -3.702902 -4.924557 12
46.797599 -3.553472 -4.910957 16
47.713299 -3.260342 -4.709757 1
48.142499 -3.378402 -3.834257 16
47.481699 -3.834302 -3.354057 1
47.111999 -4.616142 -2.849857 10
46.939399 -5.509272 -2.608357 16
46.675199 -5.858822 -1.689057 1
46.122899 -6.537252 -1.138357 16
46.747899 -7.044482 -0.480557 1
47.509799 -6.767912 -1.046057 1
48.328699 -6.845872 -0.476757 14
48.650899 -7.469932 0.215043 7
48.693099 -8.158232 0.882043 16
48.861399 -7.602282 1.634943 16
49.130099 -8.490162 2.053143 15
49.484599 -7.892422 2.706743 12
49.946099 -7.492442 3.503243 1
49.102599 -6.957822 3.454043 1
48.714199 -6.255732 2.751643 15
48.303799 -5.481822 2.400743 12
48.609099 -4.617072 2.057943 16
49.023399 -5.280022 1.502943 1
48.674099 -6.108152 1.161043 15
47.681599 -6.236922 1.269843 5
46.904399 -6.256232 1.860443 1
46.565999 -6.984322 2.387843 15
45.953799 -7.018042 1.643143 12
45.485299 -6.176352 1.524343 16
46.324599 -5.530762 1.294443 13
45.833899 -5.598482 0.474743 16
46.041099 -6.519632 0.254243 8
45.102899 -6.499522 0.172843 16
44.455199 -5.982172 -0.276557 16
43.612199 -5.801192 0.160543 16
43.309199 -5.234722 0.823643 11
43.745099 -6.069182 1.183643 16
44.480999 -6.582812 1.496043 16
43.913999 -6.303892 2.148243 7
43.480199 -5.385652 2.193543 11
44.467799 -5.511962 1.983843 16
44.916699 -4.799752 1.567943 16
44.058099 -4.465092 1.609843 8
43.139699 -4.599482 1.774543 11
42.838599 -3.805602 2.155743 1
42.381299 -3.363362 1.410443 16
42.911799 -2.473002 1.244643 1
42.215799 -2.260182 1.850543 1
41.930999 -2.466882 0.934843 1
41.832999 -3.211022 0.351943 7
41.852599 -4.144092 0.678443 1
42.113899 -4.445492 1.588743 11
41.417699 -5.087082 1.876343 11
40.888599 -5.650732 2.503543 1
40.332299 -6.364502 2.106643 1
41.302199 -6.591322 1.895043 16
42.194499 -6.274672 2.246543 11
42.434799 -7.072102 1.729643 1
43.174399 -7.073162 1.042543 16
42.324199 -7.036872 0.620743 5
41.388999 -7.351092 0.728743 1
41.784899 -7.805192 -0.025557 5
42.670499 -7.844942 -0.366357 16
42.264199 -8.062182 -1.197857 16
42.753799 -8.344282 -1.990057 16
42.527099 -8.698282 -2.809357 15
41.541099 -9.018152 -2.914357 12
41.152699 -9.797472 -3.256457 12
41.450899 -10.192302 -2.345857 12
42.081599 -9.482322 -2.160657 16
41.668099 -9.218412 -1.366457 7
41.805599 -8.828282 -0.481857 11
42.052499 -9.070632 0.440343 15
42.956199 -8.673532 0.396843 16
43.301099 -8.279642 1.230443 13
44.040599 -7.639312 1.345843 16
44.664299 -7.997792 0.794543 16
44.725099 -8.841042 1.361943 15
44.567799 -9.048622 0.407843 1
44.482399 -8.458652 -0.385657 16
43.704899 -8.121892 -0.803157 16
43.768399 -8.969892 -1.302257 1
43.744899 -8.111132 -1.809657 16
44.566499 -8.005002 -2.395457 1
44.762399 -7.484292 -3.198257 15
45.235999 -7.876192 -3.982857 7
45.095999 -6.939752 -4.161157 15
45.740299 -6.225442 -4.284057 16
45.640399 -5.312342 -4.632657 1
46.061599 -4.494982 -4.239957 12
45.369599 -4.932192 -3.698357 11
46.170199 -5.025152 -3.125157 12
45.908499 -5.808962 -2.502057 11
45.519899 -5.933262 -1.692657 16
45.863699 -5.072912 -1.686457 1
45.115899 -4.792672 -1.134657 16
45.561199 -3.873752 -1.468257 12
45.111599 -4.302612 -2.146757 11
44.180899 -4.329532 -2.107457 11
43.888799 -5.188192 -1.601457 16
44.573099 -5.709422 -1.306157 16
44.548799 -6.193702 -2.193457 11
45.027999 -6.960732 -2.045757 16
45.971599 -6.976262 -2.017657 1
45.940699 -7.430502 -2.944257 15
46.627699 -6.788842 -3.109657 1
47.081899 -6.956872 -3.943457 8
47.334299 -6.729122 -4.831057 16
48.304099 -6.538982 -5.029157 5
48.883199 -7.377992 -5.280657 1
49.829499 -7.247052 -5.555457 15
49.869499 -7.378682 -6.500257 16
49.995299 -6.449282 -6.388757 8
50.214499 -5.464802 -6.101357 1
50.816999 -6.129072 -5.732657 15
50.344599 -5.690472 -4.923457 7
50.868699 -6.306982 -4.410157 5
50.197499 -5.813832 -3.860057 8
49.436599 -6.294912 -3.495557 12
48.621299 -6.771262 -3.429557 1
48.594199 -7.312782 -2.645757 13
49.268899 -7.721052 -2.088157 7
48.419099 -7.783962 -1.729357 1
48.062999 -8.615052 -1.656657 12
47.631499 -9.307182 -2.260457 9
47.828599 -8.930882 -3.114057 1
47.867699 -8.234852 -3.836757 12
48.277199 -9.036552 -4.243457 16
47.399599 -8.988862 -4.720957 1
46.776199 -8.906322 -3.915357 16
45.929199 -9.050842 -4.365957 14
45.336899 -9.431092 -3.752857 1
45.329199 -8.792212 -2.919757 16
45.022799 -8.961632 -2.081357 1
45.388599 -8.522482 -1.259157 16
45.714699 -7.617442 -0.965757 16
46.364799 -8.258932 -0.541057 7
46.577599 -7.743482 0.225143 15
45.589399 -7.960902 0.115943 5
44.735499 -7.491282 -0.177557 16
44.001099 -7.049712 -0.581057 16
43.174799 -6.866352 -0.203457 16
42.502199 -6.524542 -0.814557 16
42.544899 -6.044042 0.064243 8
41.941499 -5.438482 0.478443 11
42.012399 -4.710672 -0.220357 7
41.464699 -4.296532 -0.865957 5
42.111199 -3.606492 -0.945257 16
41.929099 -3.809892 -1.924257 1
42.521299 -3.956182 -2.693157 16
43.092899 -4.634492 -3.057957 12
43.856399 -5.223492 -2.638557 11
43.484099 -6.105902 -2.780857 15
43.224099 -6.472102 -1.923857 16
44.079899 -6.848702 -1.592657 16
44.082999 -7.044532 -2.506657 1
43.633199 -7.516882 -3.259857 15
42.995799 -7.401402 -2.478657 16
42.281099 -6.852032 -2.944357 15
41.811599 -6.764662 -2.064557 1
41.195899 -6.517882 -1.375857 12
41.233399 -5.577692 -0.983457 1
41.765099 -5.554862 -1.801257 1
42.240799 -4.786532 -1.436657 11
43.085199 -4.974632 -0.997857 16
43.314899 -4.120362 -1.278157 7
44.181499 -3.814292 -1.132357 16
43.955799 -2.960502 -1.462157 1
43.340599 -2.930342 -0.751757 1
42.983099 -3.410202 -0.007657 5
43.701999 -4.127972 0.079943 16
44.397599 -4.618442 0.536443 16
45.103299 -4.960492 0.006743 16
45.955899 -4.862202 -0.424857 1
46.561299 -5.544132 -0.707457 12
47.089399 -4.914312 -1.103757 1
47.279599 -4.217982 -0.507657 11
47.547899 -4.535582 0.430843 1
48.389299 -4.991402 0.498643 7
