-30.075962 -16.598798 -4.215767 1
-30.683162 -15.868918 -4.606367 1
-30.368462 -15.379628 -5.420567 1
-30.742162 -14.591778 -5.164667 1
-31.143862 -14.268648 -4.360867 16
-31.553362 -14.967188 -3.687867 12
-31.952862 -15.393738 -2.965167 3
-32.503762 -15.878458 -3.550367 1
-33.170462 -15.812718 -4.232667 4
-33.348062 -16.762948 -4.157667 2
-34.129362 -17.276728 -3.991667 1
-33.538362 -17.416088 -3.282367 1
-33.153362 -17.142518 -2.480667 14
-32.531462 -17.272308 -1.739067 1
-31.924162 -17.934108 -2.026667 2
-32.604562 -18.610458 -1.811267 2
-33.196462 -19.384878 -1.676767 1
-32.627562 -19.855368 -1.050967 15
-31.749862 -19.521918 -0.883467 1
-30.845162 -19.377488 -1.251467 9
-30.282062 -19.877198 -0.637967 14
-30.278562 -20.802818 -0.919567 5
-31.092062 -21.362418 -0.732267 8
-31.779262 -21.486858 -1.426967 8
-32.026562 -20.682278 -1.891667 2
-32.390162 -21.048878 -2.770467 9
-33.253962 -21.082788 -2.433867 2
-33.901362 -20.635458 -1.805667 15
-34.799262 -20.901368 -2.090967 13
-35.054962 -21.739618 -1.816667 11
-35.152262 -22.021868 -0.877867 14
-35.864962 -22.494686 -1.340867 14
-36.803162 -22.814053 -1.740967 2
-36.774062 -22.634072 -0.783967 14
-37.145162 -23.260801 -0.210767 1
-36.810762 -23.975971 -0.750067 2
-36.651062 -24.116254 -1.683367 2
-36.206762 -23.532873 -2.354067 8
-36.327362 -24.178528 -3.134867 6
-36.701262 -24.979678 -2.793667 6
-36.159062 -25.596888 -2.140767 12
-35.755662 -26.232858 -1.481967 14
-35.560662 -27.226918 -1.339167 6
-34.802862 -26.614098 -1.286767 2
-34.706862 -26.023788 -0.549067 14
-33.811362 -26.261298 -0.243567 2
-33.581162 -26.214908 0.658033 5
-32.715862 -25.839298 0.353833 2
-32.058362 -26.311248 -0.087467 2
-31.886662 -26.186938 -1.054967 2
-32.640262 -26.771218 -1.288667 2
-32.920462 -26.916988 -0.402167 2
-33.686062 -27.215018 0.061733 5
-34.509162 -27.088238 -0.383567 2
-34.520662 -26.697198 0.470933 11
-35.379762 -26.990408 0.785033 3
-35.634762 -26.063268 0.804733 1
-35.589962 -25.634878 -0.097967 1
-35.227762 -24.835138 -0.552367 7
-35.874962 -24.319588 -0.147967 5
-35.722462 -23.76344 -1.017367 2
-34.985662 -23.850387 -1.569167 1
-34.893262 -23.06159 -1.006867 14
-34.205162 -23.668611 -0.871567 9
-33.730562 -22.872785 -0.682367 14
-32.754962 -22.546223 -0.482667 8
-32.145462 -22.501312 -1.193367 8
-32.042262 -22.305766 -2.175767 1
-32.787062 -22.641293 -2.595867 1
-33.584062 -22.907096 -2.047867 9
-34.463662 -22.575585 -2.027467 1
-33.813762 -22.061658 -1.372367 2
-34.116562 -21.242978 -1.000567 15
-34.676762 -21.402568 -0.178667 14
-35.556062 -21.807228 0.013733 14
-36.416262 -22.19204 0.193433 14
-36.803962 -22.808207 0.874333 10
-36.781462 -23.487592 1.537133 8
-36.019562 -22.955681 1.948633 12
-35.416062 -22.25529 1.748333 14
-35.342962 -21.642478 2.448933 11
-36.088162 -21.740948 3.049033 15
-35.727262 -21.944878 3.915233 2
-34.915462 -22.348523 3.582333 1
-34.552162 -22.758228 4.456433 1
-33.641762 -22.934571 4.292733 8
-33.494162 -22.372007 3.591533 2
-32.593762 -22.568381 3.969633 2
-31.854062 -22.027308 4.371733 6
-31.595762 -21.125538 4.500933 2
-30.618062 -21.133838 4.711033 1
-30.450862 -20.907788 5.637333 1
-29.895462 -20.186208 5.556533 7
-29.909562 -19.443258 4.875833 2
-30.179962 -19.573068 3.922433 1
-30.796962 -20.324598 4.002033 1
-30.963962 -19.926388 4.889733 2
-31.699462 -19.492258 5.241433 1
-32.614962 -19.694608 5.156333 1
-32.524362 -19.840578 4.181233 1
-32.858962 -18.972278 3.911033 1
-33.725062 -19.215788 4.314333 1
-34.330962 -19.957938 4.386033 3
-34.203062 -19.652008 3.384133 14
-34.199362 -19.610718 2.373333 2
-34.532462 -20.335718 1.729333 2
-35.304962 -20.845778 1.643433 14
-36.345562 -21.073978 1.890533 14
-36.956462 -21.131708 1.197933 14
-37.880262 -21.420578 1.114533 5
-38.288262 -22.267381 1.509933 2
-37.906762 -22.360162 2.373833 14
-37.985962 -21.496228 2.820233 5
-37.994562 -20.538098 2.623333 2
-37.220562 -20.651678 2.072333 11
-36.847162 -19.841518 1.702333 14
-36.767662 -19.450608 0.733633 14
-35.911062 -19.091228 0.330733 5
-35.826062 -20.020758 0.059233 14
-34.471462 -18.988138 0.292333 2
-34.267262 -19.278558 -0.687267 15
-33.472862 -18.817838 -0.295867 1
-33.438362 -19.485048 0.346133 2
-33.008562 -20.344348 0.057033 15
-32.407262 -20.895848 0.575333 8
-31.511162 -20.915598 0.232733 8
-31.366662 -20.118448 0.797333 1
-32.082362 -20.048498 1.475133 8
-32.834962 -19.492288 1.298033 2
-33.185662 -18.977288 2.078733 2
-34.068462 -18.581998 2.047433 2
-34.031062 -17.944748 2.838033 9
-33.263362 -17.295378 2.948333 15
-33.010262 -16.668958 2.257033 6
-33.492462 -16.142818 1.595633 9
-32.720662 -15.531868 1.495033 2
-32.720262 -14.523668 1.704633 14
-33.238062 -14.405548 2.496033 8
-32.988262 -13.795848 3.175933 2
-32.032862 -13.644898 3.056733 14
-31.412962 -14.345328 2.799633 3
-31.151062 -13.927118 1.948233 8
-31.479062 -14.399998 1.170133 12
-32.027962 -15.040388 0.727233 2
-31.971862 -14.402708 -0.027367 1
-32.893362 -14.443238 0.247133 12
-33.436162 -15.066828 0.754033 6
-34.268062 -15.207518 0.251033 2
-34.972462 -14.618518 0.126133 8
-35.333262 -14.271988 -0.713867 5
-36.049762 -14.565968 -0.124367 6
-36.916362 -14.125688 0.082933 1
-37.489462 -14.882878 0.143933 2
-38.413462 -15.057068 0.044233 11
-38.508962 -15.951088 0.366433 5
-38.549362 -16.629398 -0.325767 2
-38.212062 -17.575948 -0.415267 1
-37.756862 -16.999378 -0.993767 1
-38.247562 -17.561688 -1.541067 1
-39.114062 -17.795948 -1.901967 2
-38.705562 -18.613688 -2.112167 2
-39.063162 -19.391858 -1.629967 5
-38.139862 -19.444148 -1.369067 2
-37.788462 -20.385418 -1.461867 1
-37.245662 -20.669618 -2.217167 2
-36.474762 -20.898608 -1.614567 14
-36.001862 -21.244438 -2.417867 6
-35.774062 -20.366838 -2.181967 2
-35.193562 -19.622758 -2.307467 14
-35.347662 -19.266748 -1.474367 15
-36.263062 -19.066018 -1.620667 2
-36.725862 -19.825668 -1.285267 3
-36.603362 -20.518208 -0.591067 14
-36.249762 -20.965228 0.163033 14
-35.300762 -20.755078 0.443133 14
-34.565062 -20.259958 0.034833 15
-33.996162 -20.413408 0.773533 2
-33.754862 -20.972968 0.099633 15
-33.892062 -21.838588 0.451633 14
-32.967062 -22.062838 0.440533 8
-33.360062 -22.838706 0.895333 5
-32.889462 -23.500984 0.474033 2
-32.210862 -22.828168 0.701233 8
-31.699862 -23.331114 1.361633 9
-31.751262 -22.432573 1.704833 8
-31.004162 -21.835758 1.559833 8
-30.734462 -21.010638 1.158333 2
-29.766362 -21.075938 0.922833 9
-29.810062 -20.586158 0.119833 2
-28.994462 -20.112178 0.165433 14
-29.088662 -19.076828 0.180333 1
-28.483462 -19.300458 0.955733 2
-27.982662 -19.201658 1.854333 14
-28.645662 -18.469368 2.124433 1
-29.312062 -19.081538 2.334333 1
-29.891162 -19.792358 2.679133 2
-30.497162 -19.305098 2.090933 1
-30.341562 -18.624398 1.377833 3
-31.136862 -18.567018 0.840433 3
-31.562962 -18.950108 0.131933 14
-32.413262 -18.567868 0.498033 2
-33.004962 -17.961758 0.136133 1
-33.974562 -17.873428 0.359333 2
-34.115662 -17.583338 1.274733 2
-34.657062 -18.387048 1.153733 2
-35.260762 -18.770998 1.772733 4
-36.107662 -18.922598 2.434833 7
-36.774662 -18.574308 2.989833 1
-37.616562 -18.039698 2.762833 2
-38.027562 -17.440788 3.338533 8
-37.686462 -17.838908 4.134733 12
-36.922462 -18.094128 4.790133 2
-36.226362 -17.742398 5.360933 2
-36.310262 -17.478278 6.266933 14
-36.921362 -18.264098 6.212833 6
-37.656262 -18.971948 6.505933 1
-38.485562 -18.864248 7.034533 2
-39.080562 -18.639058 7.822733 2
-39.870162 -18.160698 7.929233 10
-39.910762 -18.541788 8.807733 6
-39.909562 -17.711618 9.295833 3
-39.894962 -17.180468 10.185733 1
-40.539662 -17.683748 10.646733 14
-40.837562 -17.538628 11.560133 8
-41.673862 -17.124738 11.827533 2
-42.503762 -17.636548 11.823693 9
-42.847662 -18.289318 11.155433 3
-43.370562 -17.494678 11.322833 1
-42.887662 -16.668288 10.973233 1
-43.127062 -16.662088 10.033833 1
-42.706962 -17.300788 9.400533 8
-42.136662 -16.779118 8.829433 14
-41.725762 -17.021928 8.031933 1
-42.444262 -16.745548 7.250933 2
-42.768562 -17.282668 6.473633 8
-42.538662 -18.186098 6.763633 7
-42.851662 -19.078148 6.599433 3
-43.017962 -19.985888 6.771033 14
-43.095762 -19.952938 5.802533 2
-43.462262 -20.895908 5.713133 2
-43.637462 -21.282848 4.848033 3
-43.380462 -22.043958 5.432333 2
-42.764562 -22.642908 4.996033 3
-42.981262 -23.547612 5.146233 15
-42.069962 -23.812707 5.206133 2
-42.052862 -23.243228 5.942133 1
-41.231862 -23.394118 5.516033 12
-40.641862 -23.766584 4.787733 2
-39.846762 -23.414913 4.380933 5
-39.663062 -22.983767 5.230233 14
-39.328762 -23.818758 5.380933 8
-38.746062 -23.501273 6.074133 2
-38.109262 -23.006557 5.595033 11
-38.440062 -22.387648 4.939833 5
-37.939462 -23.092223 4.535133 14
-37.390862 -22.279626 4.548133 1
-36.821462 -22.574892 3.737033 1
-36.529162 -23.091378 2.950433 2
-35.891762 -23.365542 3.634333 2
-35.874562 -24.043608 2.928233 4
-34.989562 -23.760064 2.600433 1
-34.970462 -23.503077 1.663233 1
-34.534062 -22.647641 1.216133 14
-35.455562 -22.560857 0.782933 14
-35.704662 -23.440148 0.781433 1
-34.884162 -23.598257 0.326933 14
-34.583362 -24.439858 0.736633 3
-33.876562 -25.143808 0.827233 1
-33.680262 -25.312248 -0.114167 2
-33.403462 -24.374218 -0.031367 6
-33.060862 -24.780278 -0.785267 2
-34.071462 -24.757908 -0.896467 9
-33.928262 -25.748118 -1.118967 2
-33.592062 -25.155868 -1.772167 9
-33.267562 -26.073978 -1.830067 2
-33.488662 -25.712418 -2.704667 9
-32.802362 -26.374738 -3.011667 2
-32.873462 -26.001788 -3.875667 6
-32.484162 -25.302348 -3.365367 9
-32.127562 -25.258398 -2.454667 2
-32.352762 -25.335278 -1.534967 2
-32.625762 -24.413118 -1.700867 9
-32.811462 -23.464181 -1.429667 9
-32.149962 -23.283228 -0.727267 6
-31.747962 -22.60866 -0.110567 8
-31.037962 -22.001088 0.110033 8
-30.140762 -21.629278 0.044333 2
-29.871962 -22.346548 -0.544967 8
-29.520362 -23.292584 -0.351767 8
-29.130262 -23.910549 0.289933 14
-28.518362 -24.472248 -0.189467 6
-29.381362 -24.344088 -0.557067 6
-29.604962 -24.910778 0.130633 8
-30.353562 -25.215008 0.586333 3
-31.206562 -25.462428 0.274033 2
-30.870262 -26.216288 0.731233 2
-30.352962 -27.046268 0.754833 8
-29.451762 -26.918068 0.159933 14
-30.131862 -27.249438 -0.513167 3
-30.912162 -27.556108 -0.054667 2
-31.444162 -27.084618 0.543433 2
-31.065262 -27.680548 1.240633 3
-31.910862 -27.333578 1.427733 2
-32.361262 -28.118808 1.532633 12
-33.125062 -27.731778 1.976633 10
-32.357462 -27.381548 2.354633 3
-32.666362 -26.666198 1.749833 2
-33.387662 -26.625468 2.400633 3
-33.363962 -26.109418 3.351533 2
-33.258062 -25.318598 2.932833 1
-32.332362 -25.078908 3.024533 12
-32.386562 -24.731778 2.074633 14
-32.617862 -25.412878 1.436133 2
-32.152962 -24.756598 0.873033 3
-31.831162 -24.327638 0.086433 2
-31.154462 -23.7907 0.480833 8
-31.132062 -24.505028 1.068833 1
-31.499062 -25.300778 1.484633 2
-30.728362 -24.862678 1.964833 1
-30.346462 -24.035705 1.764333 1
-30.296062 -23.086191 1.654033 14
-30.278862 -23.509173 0.856633 8
-30.060662 -22.596001 0.776233 8
-29.058062 -22.751026 0.884033 1
-28.102562 -23.047449 1.053633 9
-27.571362 -23.074388 0.303033 9
-28.237762 -23.092362 -0.346467 1
-27.846362 -23.052084 -1.244367 3
-27.489162 -23.648814 -1.941567 2
-28.353262 -23.849809 -2.283567 6
-28.673762 -24.724358 -2.446567 6
-28.337262 -24.526588 -3.292667 3
-27.571662 -25.007078 -3.048167 6
-27.161562 -24.11939 -3.213867 8
-26.610362 -23.699794 -3.853067 2
-26.342562 -24.565708 -4.282167 1
-26.489662 -25.021498 -5.139667 2
-26.644262 -24.00095 -5.291967 2
-27.281462 -24.616908 -5.708867 1
-28.154362 -24.151288 -5.898367 7
-28.309062 -24.892858 -5.285367 1
-28.634662 -25.794698 -5.445867 14
-28.710062 -26.520518 -4.780267 2
-28.589362 -27.158768 -4.055567 3
-29.304462 -26.739178 -3.548267 3
-29.954062 -27.113088 -4.203967 2
-30.319962 -28.005798 -4.006067 9
-30.066862 -28.890628 -3.726067 14
-30.876162 -29.165788 -4.201167 12
-31.010562 -29.230488 -3.255267 8
-30.916462 -30.174228 -3.487467 14
-31.779762 -30.327498 -3.036567 9
-31.996462 -29.506768 -3.519567 8
-32.855462 -29.398628 -3.008067 8
-32.883362 -30.164038 -3.661767 2
-33.835462 -29.946738 -3.729067 3
-33.833562 -29.044208 -3.441467 2
-33.525062 -28.190308 -3.833267 14
-33.177562 -27.419968 -3.322567 2
-32.404262 -27.291948 -3.891467 1
-32.251562 -27.286608 -2.953167 2
-31.777662 -26.520838 -3.309667 9
-31.192762 -26.692618 -2.628667 2
-30.896562 -25.700128 -2.805867 2
-31.078062 -24.867848 -3.225767 3
-31.630462 -24.864688 -4.077167 1
-32.473162 -24.415048 -4.019567 1
-32.660662 -23.488148 -4.261767 1
-33.305862 -24.093381 -4.663167 9
-33.354462 -23.173025 -5.164967 10
-32.786862 -22.399699 -4.867667 2
-32.061162 -21.788098 -5.169167 2
-31.869262 -21.320868 -4.383467 1
-31.409462 -20.679008 -3.892567 3
-30.552262 -21.113418 -4.060567 6
-30.738462 -21.964148 -3.713267 14
-30.661362 -21.239018 -3.089967 6
-30.167562 -21.468498 -2.331067 2
-30.185262 -21.877938 -1.519967 8
-30.101562 -22.790187 -1.911167 2
-30.261562 -23.332438 -1.112767 8
-29.684362 -23.958778 -1.642667 6
-29.808262 -24.530158 -2.420067 12
-29.534662 -25.097878 -1.591767 6
-30.389062 -24.734888 -1.157867 8
-30.965562 -25.431758 -0.747767 2
-30.353962 -25.998498 -1.230567 2
-29.551762 -26.286708 -1.781567 3
-29.132262 -26.060768 -2.636767 3
-28.606462 -25.966458 -3.408967 3
-29.013762 -25.403848 -4.053767 2
-29.634862 -25.897338 -4.734867 12
-30.547662 -26.005498 -4.453667 1
-30.795662 -26.253088 -5.379467 2
-31.024562 -25.595068 -6.125467 1
-30.699962 -24.907778 -5.513767 14
-30.336262 -24.179348 -4.911067 1
-30.627262 -23.383824 -4.450567 2
-30.736462 -23.036205 -3.550567 3
-30.924562 -23.264243 -2.611767 14
-31.185362 -23.482195 -1.754767 4
-31.189762 -23.749436 -0.832567 8
-31.497062 -24.625378 -1.299167 2
-31.504562 -24.396908 -2.193367 1
-32.067562 -24.151088 -2.937467 2
-32.761762 -23.682773 -2.488967 9
-33.581362 -23.50897 -2.888267 9
-34.429062 -24.074129 -3.072867 14
-34.352162 -24.788508 -2.420167 9
-34.537662 -25.273448 -3.267767 2
-33.804662 -25.537838 -3.808367 14
-34.283262 -26.238118 -3.309667 3
-34.790962 -26.907698 -2.938067 6
-34.244662 -27.090558 -2.093067 2
-34.625362 -27.898988 -1.746367 9
-33.654562 -27.890818 -1.684767 2
-33.908562 -27.878518 -0.687667 2
-34.175262 -28.212138 0.184433 1
-33.164462 -28.393708 0.364433 6
-32.472662 -27.836748 0.084133 2
-31.898762 -28.325008 -0.499567 2
-31.153062 -28.926468 -0.770967 3
-31.549962 -28.444308 -1.495267 8
-31.095162 -27.637518 -1.363667 1
-31.187662 -26.746058 -1.551067 2
-30.327762 -26.845458 -1.871867 3
-30.188162 -27.780088 -2.173367 3
-30.740362 -28.445478 -2.587967 1
-31.607462 -27.982848 -2.443667 8
-32.011862 -27.480358 -1.704467 2
-32.607062 -28.197828 -2.116067 2
-32.572662 -28.971908 -1.576667 8
-32.058962 -29.819798 -1.790367 10
-31.151962 -29.742178 -1.904667 8
-30.098962 -29.725398 -1.728867 14
-29.389162 -29.230958 -2.117167 14
-29.266562 -28.318948 -2.280467 3
-28.626362 -27.957718 -2.902767 3
-28.350362 -28.856338 -2.879367 2
-28.922762 -29.582538 -3.145267 14
-28.099762 -30.100808 -3.008767 2
-27.271062 -29.946938 -3.599267 4
-27.350462 -29.005738 -3.954367 8
-26.721062 -28.674278 -3.281667 2
-27.042162 -27.771608 -3.001567 7
-27.106262 -26.779018 -3.129567 3
-27.624062 -26.231528 -2.451267 3
-26.964162 -25.581578 -2.045267 6
-26.531562 -24.784068 -1.890567 6
-26.355662 -23.917962 -2.120667 2
-25.769862 -23.482173 -2.709967 1
-24.735662 -23.471585 -2.675267 7
-23.941162 -23.999677 -2.307967 2
-23.509162 -23.170111 -2.231367 5
-23.037562 -23.223725 -1.311067 3
-23.770762 -22.597271 -1.386567 13
-23.113362 -22.589402 -0.596567 3
-22.547862 -21.877758 -0.659567 3
-22.483862 -21.084988 -1.185767 5
-23.067762 -20.677718 -1.836767 10
-22.939162 -21.134818 -2.741867 6
-22.107562 -21.510038 -2.905667 3
-22.078662 -22.444502 -3.149067 1
-22.949362 -22.094768 -3.166467 2
-23.595262 -22.780914 -3.548667 10
-23.224562 -23.70211 -3.380067 3
-22.708162 -24.222698 -2.698367 8
-23.204262 -25.106598 -3.134167 9
-22.436262 -25.644318 -3.286967 8
-21.507562 -25.165508 -3.403167 1
-21.509462 -24.400118 -2.861567 1
-21.046262 -24.081919 -2.166167 9
-21.694362 -23.578841 -1.609067 3
-22.247162 -23.988301 -1.009467 3
-22.238662 -24.926398 -1.449067 9
-21.813562 -25.505068 -0.854567 1
-21.974162 -26.235198 -1.521967 3
-21.107762 -26.592758 -1.749567 1
-20.456362 -27.276318 -1.511167 14
-20.143262 -27.844398 -2.379867 1
-19.727562 -28.675278 -2.120367 9
-18.858862 -28.618658 -2.536467 3
-18.006662 -28.858708 -2.019267 3
-17.806462 -27.873218 -2.081767 5
-17.445762 -27.811388 -1.209867 14
-17.151762 -27.293658 -0.465467 2
-17.865362 -26.738188 -0.165767 3
-17.959762 -26.186658 -0.913067 13
-18.145262 -25.564998 -1.570867 2
-19.025462 -25.080518 -1.514067 9
-20.064262 -25.104928 -1.354467 4
-20.236462 -24.488088 -0.572667 10
-21.004262 -23.993902 -0.313967 12
-21.790562 -23.58428 0.103233 3
-22.501262 -22.963953 0.297433 3
-22.762162 -22.651469 1.125133 3
-22.438362 -22.946809 1.959033 3
-22.916762 -23.141042 2.767133 3
-22.763862 -23.402925 3.704633 1
-22.530562 -23.809465 4.569533 1
-21.598262 -23.550853 4.407533 7
-20.945162 -22.948469 4.151133 10
-20.329262 -23.152586 3.327733 6
-19.932662 -22.261462 3.405733 8
-19.102862 -22.160241 4.038833 10
-18.330962 -22.062758 4.606533 2
-18.068862 -22.614642 5.377233 1
-18.928862 -22.250769 5.542233 1
-18.550662 -22.326127 6.382633 2
-19.330262 -22.961257 6.611333 3
-19.653062 -23.003488 5.734033 9
-20.532162 -23.114007 5.380633 6
-20.781262 -23.931637 4.972133 13
-20.317162 -24.126293 4.164933 9
-20.458162 -24.202678 3.120033 6
-21.376062 -24.109604 2.829533 9
-21.832562 -23.239296 2.844033 6
-21.321062 -23.244345 1.985233 3
-20.514662 -23.786372 1.841833 6
-21.063662 -23.703293 0.938233 3
-20.485762 -22.91161 1.034433 3
-20.164862 -23.146195 0.170233 12
-19.902762 -23.289486 -0.741767 4
-19.695162 -22.991103 -1.639067 8
-20.473162 -22.412235 -1.793667 9
-20.970962 -22.858741 -1.099867 3
-21.331662 -22.016248 -0.886867 5
-21.300362 -21.479938 -1.660067 5
-20.781662 -20.727258 -1.693067 5
-19.846762 -20.519098 -1.845767 14
-20.371362 -20.363428 -2.625567 3
-21.144562 -19.848478 -2.393267 5
-21.019862 -19.091548 -3.039667 10
-21.133162 -18.153448 -2.969567 9
-20.145462 -18.124868 -3.289167 8
-19.940262 -18.926418 -3.795467 14
-19.421162 -19.335998 -4.505767 3
-20.048262 -18.704688 -4.814867 10
-20.973762 -18.789858 -5.137567 3
-21.228862 -19.439288 -5.851967 9
-20.539362 -20.014638 -6.221467 1
-19.712762 -20.175768 -6.696567 3
-19.754062 -19.316228 -7.243267 4
-19.103762 -18.766458 -7.667367 1
-18.279062 -19.127788 -7.332267 1
-17.960562 -19.120048 -6.393267 1
-17.561862 -18.466708 -6.905067 9
-16.942362 -18.071448 -7.541967 3
-16.445562 -17.232928 -7.663867 3
-15.901062 -17.489098 -8.537167 4
-16.777462 -17.181758 -8.710367 1
-16.220262 -17.080458 -9.550867 3
-15.812362 -16.205768 -9.644567 1
-15.845362 -15.234098 -9.631367 1
-15.817462 -15.223468 -8.530667 6
-15.810662 -14.330808 -8.906067 15
-15.853862 -13.550398 -8.155467 3
-14.890462 -13.668098 -7.919067 6
-15.203462 -14.554208 -7.973867 3
-15.568262 -14.166068 -7.121667 3
-15.552562 -14.067818 -6.216267 13
-15.399762 -14.546548 -5.349267 10
-14.724862 -14.738548 -6.022067 6
-14.870162 -15.186878 -6.846767 6
-15.792862 -15.284688 -7.017567 3
-16.543862 -15.202878 -6.476967 13
-16.918162 -15.812008 -5.765267 3
-17.093662 -16.773078 -5.548267 11
-17.722862 -17.253738 -4.916867 3
-18.100262 -17.032018 -4.035467 4
-18.650862 -16.299458 -3.730367 3
-17.877362 -15.716908 -3.551767 5
-16.973762 -16.029498 -3.211267 3
-17.325362 -15.669998 -2.328367 8
-17.345962 -16.000348 -1.408267 4
-17.575162 -15.995978 -0.430267 12
-18.373662 -16.023628 0.118233 9
-18.583962 -16.785648 -0.546767 3
-19.551362 -16.825418 -0.639367 1
-19.744562 -17.214578 -1.495567 3
-19.288162 -17.897558 -1.929467 8
-19.970162 -18.577898 -2.103267 9
-20.806162 -18.737278 -1.779567 5
-21.658462 -18.681928 -2.087767 9
-22.174462 -19.418328 -1.877467 5
-22.959862 -18.912868 -2.175267 10
-23.138562 -19.604918 -2.865267 1
-23.852562 -19.716898 -3.489467 2
-23.980562 -18.971658 -4.077967 3
-24.498962 -18.388048 -3.495267 1
-24.817262 -18.274298 -2.604867 1
-24.609762 -17.806338 -1.787067 3
-24.301062 -18.705768 -1.594367 1
-23.611962 -18.850048 -0.889267 3
-23.109662 -19.605668 -0.838467 6
-22.170162 -20.018218 -0.903267 5
-22.445662 -20.671768 -0.250867 5
-23.386262 -20.878358 -0.136667 3
-24.182162 -21.057168 -0.574367 6
-23.852162 -21.918018 -0.433267 3
-24.611862 -22.431424 -0.086667 9
-25.053162 -23.125822 -0.634267 9
-24.102762 -23.231241 -0.646867 3
-24.409962 -23.769446 -1.389067 13
-23.593562 -24.193338 -1.206767 3
-23.250262 -25.068768 -1.151867 14
-23.589562 -24.745958 -0.273767 3
-24.477462 -25.192218 -0.223567 10
-24.650562 -24.272768 -0.105167 9
-24.132462 -23.696332 0.380033 3
-25.039262 -23.498948 0.625333 9
-24.492362 -22.857306 1.046333 3
-25.247362 -22.374843 1.301033 9
-25.743562 -21.594488 1.572933 13
-25.816962 -21.059218 2.410133 4
-25.838562 -20.139008 2.669333 1
-25.962262 -19.409888 2.026533 6
-26.556262 -18.938688 1.477933 3
-25.860462 -19.021978 0.825533 1
-25.028062 -18.963998 0.393433 3
-25.095962 -18.521128 -0.383467 9
-25.248162 -17.569978 -0.627167 6
-24.707062 -17.153418 0.087733 8
-24.209062 -16.361218 0.402133 4
-23.244262 -16.315488 0.084933 1
-22.320762 -16.594558 0.163533 1
-22.155462 -17.270148 0.810033 3
-22.506562 -17.818748 0.158833 9
-22.098862 -18.724588 0.352733 1
-21.750662 -19.126708 -0.508567 5
-21.694062 -18.191078 -0.769467 11
-20.838762 -18.576878 -0.328167 3
-20.502062 -19.252498 0.344633 10
-19.748062 -19.734748 0.595033 3
-19.694962 -20.606788 0.890533 6
-19.707562 -20.492108 -0.051967 1
-20.529062 -20.242718 -0.428567 5
-20.800362 -20.985878 0.163133 5
-20.700862 -21.936198 0.417933 8
-21.176562 -22.663316 -0.061967 3
-21.906662 -22.103388 0.031833 3
-21.839462 -21.162018 0.322233 5
-22.150562 -21.733678 1.058133 3
-22.304962 -20.764748 1.142133 9
-21.543162 -20.670048 1.666133 12
-20.646562 -20.532368 1.760233 3
-20.830962 -21.533958 1.854033 8
-21.592562 -22.16142 1.963933 3
-21.704362 -21.447158 2.679233 15
-22.729262 -21.298368 2.973633 10
-23.253662 -20.789728 2.365233 3
-23.936362 -20.235688 1.966333 1
-23.030462 -20.081328 1.537333 1
-23.331562 -20.348478 0.707033 14
-23.389462 -21.207708 1.205033 3
-23.626562 -22.120058 1.267133 3
-24.092162 -21.717238 0.524933 3
-24.992062 -21.146548 0.456733 4
-25.855662 -21.642528 0.414933 9
-25.942562 -21.805978 -0.557767 9
-25.306662 -21.146798 -0.898367 4
-25.048062 -20.521408 -1.609567 6
-25.592662 -21.237798 -1.825067 3
-26.078462 -21.009438 -2.654067 6
-26.596462 -20.639088 -1.899767 3
-26.745462 -21.500858 -1.515167 5
-26.813162 -22.466208 -1.134767 13
-26.290562 -23.128356 -0.644767 9
-26.607362 -23.345583 0.253833 9
-26.857362 -24.087338 -0.332667 3
-27.569762 -24.359168 -0.918167 6
-27.880762 -25.305398 -1.120667 6
-28.532262 -25.541458 -1.781767 6
-28.280562 -27.466898 -2.077867 3
-27.778362 -28.031348 -1.499567 5
-27.020562 -28.403908 -1.067267 1
-26.912562 -27.952258 -0.161367 9
-26.645962 -28.719268 0.302433 1
-25.678262 -28.684538 0.622033 5
-25.233862 -27.806938 0.565933 1
-24.629162 -27.183948 0.993433 1
-23.851462 -26.606748 1.176933 10
-24.046362 -25.758398 0.815533 3
-23.492862 -26.377808 0.229033 13
-23.033662 -25.669318 0.695233 3
-22.806062 -25.335438 1.570933 3
-21.959362 -24.944188 1.196733 9
-22.221562 -25.186558 0.264133 1
-22.615862 -24.368968 0.450133 3
-23.246762 -23.626092 0.868733 3
-23.132462 -24.012467 1.728733 3
-23.226262 -24.711548 2.381333 8
-23.701562 -23.888533 2.550633 3
-23.602162 -24.347638 3.463833 6
-24.426862 -23.971961 3.802733 9
-25.370962 -24.348248 3.803233 3
-25.780862 -23.49785 4.349033 8
-25.553362 -24.193388 5.005533 4
-26.382562 -24.446598 4.478333 5
-26.955362 -23.754955 4.799733 8
-27.492962 -23.729879 3.993333 6
-26.705962 -24.039821 3.516933 15
-26.014562 -23.617621 3.034233 4
-26.484562 -23.422839 2.234833 9
-25.506462 -23.742693 2.075333 9
-24.639862 -23.444448 2.451833 3
-24.450462 -22.754262 3.108933 13
-23.549362 -22.418759 2.866133 3
-24.088562 -22.061058 2.189833 3
-24.859362 -21.563898 2.473033 4
-25.499962 -22.25044 2.318433 13
-26.344062 -22.401718 1.892333 9
-26.488862 -22.173375 0.999933 9
-27.361262 -21.745328 1.174833 3
-27.720462 -21.687378 2.083433 1
-28.149562 -22.546747 2.291633 5
-27.518262 -23.22713 2.388833 14
-27.336162 -24.022447 1.932033 9
-27.688562 -24.844468 1.580933 15
-27.686062 -24.227308 0.842133 6
-28.551062 -24.714358 0.992733 3
-28.586062 -25.425388 0.345633 6
-28.176062 -26.319288 0.475633 1
-28.133262 -26.111478 -0.482667 6
-28.601162 -26.892558 -0.849967 3
-28.211762 -27.708548 -0.489167 1
-29.144262 -27.807768 -0.554467 3
-29.683362 -28.361708 -1.065967 3
-29.824462 -29.176128 -0.598067 6
-29.993162 -29.709238 0.123233 10
-30.747262 -29.060618 0.353133 1
-31.713862 -29.302318 0.290033 10
-31.283162 -29.470618 1.150833 3
-30.581162 -30.097598 1.063533 5
-31.276762 -30.704328 1.391833 13
-30.918062 -31.392528 0.901333 9
-30.824862 -32.234878 1.311533 3
-31.546762 -32.658238 1.736933 11
-31.278762 -33.507088 2.168733 9
-30.968562 -33.568988 3.049233 3
-30.274862 -34.095188 3.399733 5
-29.965862 -35.015488 3.607133 3
-29.034262 -34.750588 3.532733 5
-29.231962 -35.734988 3.477333 10
-28.484462 -35.839688 2.776433 8
-28.153262 -36.761888 2.654833 3
-27.326662 -36.544488 3.089033 6
-26.890262 -35.911688 2.556433 6
-26.890362 -35.594588 1.547733 1
-27.019262 -34.621588 1.591033 1
-26.855662 -33.699888 1.907033 3
-27.546162 -33.308188 1.391733 3
-27.599862 -33.289488 0.412633 1
-27.028762 -32.450188 0.599233 3
-26.506462 -33.297588 0.713133 3
-25.879762 -33.292488 -0.060967 1
-25.318762 -34.177688 -0.016867 8
-24.308362 -34.102188 0.066733 9
-24.712862 -34.841588 0.735033 4
-24.272762 -34.864588 1.533233 4
-24.472162 -33.951788 1.588533 1
-24.709362 -33.098728 2.021833 9
-25.558162 -33.084898 1.713333 3
-26.028962 -33.539988 2.379333 3
-25.752562 -34.221388 2.976733 6
-25.161062 -33.487088 2.920733 5
-24.598562 -32.709648 3.199533 9
-23.812262 -32.170698 3.312833 9
-23.201562 -31.648918 3.863033 10
-23.972262 -31.862508 4.473933 3
-24.800062 -31.370258 4.356833 9
-25.741262 -31.301498 4.280933 5
-26.301962 -32.024708 3.994733 3
-26.897462 -31.230988 4.010633 3
-26.931262 -30.675958 4.882033 6
-27.101962 -31.501888 5.229033 9
-27.526662 -31.959548 4.520833 3
-28.034962 -32.746038 4.864033 15
-28.525662 -33.139628 4.152833 5
-28.170562 -32.883668 3.277333 3
-28.644162 -32.151308 3.724833 6
-29.020062 -32.316078 2.835233 13
-28.063462 -32.035688 2.643533 3
-27.172762 -31.925178 2.245033 3
-27.747862 -32.306608 1.536533 3
-28.283862 -32.459468 0.684533 10
-28.023162 -32.277358 -0.214767 6
-28.274162 -31.379058 -0.433967 3
-27.695162 -31.721048 -1.078767 1
-27.249862 -32.585998 -1.277467 5
-26.723162 -32.522278 -2.026167 13
-25.897462 -32.290498 -2.454367 1
-25.713162 -31.728838 -1.664267 6
-26.603362 -31.645778 -1.110667 13
-26.058962 -31.046528 -0.547667 12
-26.275162 -31.471698 0.302733 3
-26.881362 -30.754398 0.397333 3
-26.186862 -30.101708 0.242733 11
-25.958862 -29.605938 1.051533 3
-25.055862 -29.618408 1.490533 14
-24.774062 -28.815548 1.785933 6
-25.749562 -28.566218 1.798433 4
-25.601062 -27.903548 2.425733 3
-25.782862 -26.958448 2.746833 8
-26.375962 -26.975718 1.989933 3
-26.035862 -26.304378 1.431033 4
-26.153462 -25.359998 1.201733 9
-27.029762 -25.656698 0.803333 4
-26.892862 -26.119538 -0.023267 6
-26.523462 -26.839288 -0.535667 1
-25.652062 -26.486508 -0.875767 4
-25.067962 -25.706278 -0.981867 10
-25.811962 -25.665058 -1.622467 6
-25.540762 -24.722678 -1.355967 1
-25.716062 -25.080268 -0.478767 9
-26.501162 -24.890518 0.048933 6
-26.470062 -24.165028 0.859633 9
-25.555762 -24.291718 0.983933 9
-24.630862 -24.675498 0.908433 3
-24.260262 -25.079938 1.697633 3
-25.021162 -25.164198 2.279533 1
-25.321062 -25.729288 3.099133 1
-25.643962 -26.119318 3.964533 3
-26.370362 -25.704888 4.452333 13
-27.134262 -25.127118 4.450733 8
-27.461062 -25.780658 3.865633 15
-27.840262 -26.691728 3.901833 9
-27.112562 -27.416708 3.883733 10
-26.292962 -27.610728 3.415633 3
-26.828962 -27.760368 2.578933 1
-27.133162 -28.657248 2.480033 5
-28.127662 -28.657898 2.248033 1
-27.573662 -28.876098 1.491633 8
-27.541862 -29.744868 1.910733 5
-27.377862 -30.503558 1.320733 3
-26.848062 -30.950728 2.032233 3
-26.037962 -30.601528 2.403633 3
-25.603962 -30.063478 3.107733 5
-24.730762 -30.400998 3.095433 6
-24.274662 -30.903708 2.379733 9
-23.997862 -31.096108 1.503733 11
-24.191662 -30.671418 0.673333 13
-24.761362 -30.271708 -0.054567 13
-25.305862 -30.404498 0.723833 3
-25.286562 -31.375998 0.515633 13
-24.903662 -31.971048 1.260333 9
-25.961862 -31.935258 1.121533 3
-26.200262 -31.695448 1.968933 3
-25.311862 -31.454998 2.269233 9
-25.544562 -32.297858 2.712233 9
-26.472662 -32.528818 2.680233 3
-26.293662 -32.970378 3.539233 10
-27.267462 -33.299288 3.580133 3
-27.123162 -33.772088 4.389433 4
-26.647862 -34.202788 3.650533 6
-27.281362 -34.886288 4.113233 5
-27.280562 -35.561788 3.458533 6
-28.089262 -34.855388 3.268433 5
-27.852562 -34.076088 2.793133 3
-28.721662 -33.803988 3.260033 5
-28.469262 -33.382888 2.354733 3
-29.187762 -33.405488 1.723933 15
-29.940962 -34.043588 1.505133 6
-29.728862 -34.247988 0.549533 3
-29.989062 -33.367588 0.427233 6
-30.369362 -33.011728 -0.337767 3
-30.237662 -32.240858 -0.910167 8
-30.093162 -31.374638 -1.280767 6
-29.813262 -31.512998 -0.326467 1
-29.289062 -31.003028 0.323433 1
-28.876562 -31.519468 0.981233 3
-27.964262 -31.377458 0.676333 3
-28.011762 -30.450628 0.297833 10
-28.389062 -30.546238 1.180533 3
-28.792662 -30.027308 1.881833 1
-29.496662 -30.716558 1.761533 1
-29.026662 -31.466208 2.082433 3
-28.469362 -31.114518 2.802833 1
-27.482162 -31.177268 2.852933 3
-27.775662 -30.701818 3.672833 4
-28.220862 -30.356808 4.400533 10
-28.191262 -30.539438 5.315433 1
-28.651662 -31.037238 6.040333 1
-29.547362 -31.115778 6.458933 10
-28.899862 -31.058818 7.167333 3
-29.351262 -30.234388 7.342133 6
-30.261262 -30.521348 7.347533 9
-30.733162 -31.156788 6.842333 3
-31.315762 -31.872808 7.054133 12
-30.999462 -32.579138 6.470933 4
-30.212762 -32.868948 5.956933 9
-30.559962 -32.808008 5.118933 4
-29.666762 -33.183788 4.944233 5
-29.386062 -33.539788 5.795233 11
-28.965262 -34.383588 5.938933 3
-28.380962 -34.798588 5.245433 5
-27.463462 -34.967488 5.462433 9
-26.987062 -35.671688 4.937833 14
-26.345062 -35.474488 4.271033 6
-25.495362 -35.743388 3.889533 6
-25.213162 -36.644588 3.458533 10
-24.511562 -36.857688 2.860733 10
-24.363862 -36.948888 1.895133 4
-24.076562 -37.609888 1.250533 4
-24.222162 -38.012788 2.147933 10
-24.406762 -38.361088 2.929533 10
-24.315862 -39.166288 2.494833 3
-23.805262 -39.688188 1.825333 13
-24.655862 -40.176788 1.784233 9
-25.323562 -40.490388 2.445733 8
-24.394662 -40.342888 2.809733 13
-23.765162 -40.733288 3.373633 13
-24.323862 -41.331788 3.911833 1
-24.483162 -42.098988 4.546833 6
-23.751362 -42.688188 4.206033 1
-23.056662 -42.100288 4.514933 5
-23.116062 -42.191088 3.491833 4
-23.364462 -41.717588 2.687333 13
-22.634962 -41.284588 2.254133 10
-22.422662 -40.413388 2.662533 13
-21.782262 -39.955588 2.062733 4
-22.749762 -39.862588 1.874233 13
-22.943962 -39.242288 1.113733 3
-23.421462 -39.376388 0.367733 3
-23.396562 -38.424888 0.429633 4
-22.985762 -37.886088 -0.253467 4
-22.827162 -37.587888 -1.156067 1
-23.457962 -37.646188 -1.852567 5
-24.221662 -38.032088 -1.286567 11
-24.130762 -38.534888 -0.466567 4
-24.367562 -39.076288 -1.261167 3
-25.030662 -38.691788 -1.803067 9
-25.870962 -38.908388 -1.371867 10
-25.851062 -38.960988 -0.407767 11
-25.599862 -38.088888 -0.642467 6
-25.111162 -37.494788 -0.102767 4
-24.958762 -38.137788 0.558633 4
-25.693262 -38.759888 0.788633 8
-25.502462 -39.605488 1.217133 10
-26.081662 -38.882088 1.648233 11
-25.990962 -38.173688 2.269633 10
-25.856762 -37.770488 1.420233 4
-26.072262 -37.167188 2.183333 10
-25.573762 -36.403588 1.779433 4
-25.712562 -35.967388 2.644733 6
-25.148362 -35.315988 2.981133 6
-24.517762 -34.660388 3.043833 13
-23.789162 -33.944288 3.186233 1
-23.068062 -33.845788 3.867933 1
-23.302762 -34.693288 4.227433 3
-23.195462 -34.628688 5.198133 5
-23.225662 -35.551688 5.255733 1
-22.698162 -36.244888 4.932933 10
-22.451262 -35.592088 4.267333 10
-22.175162 -34.869288 3.729033 13
-22.174662 -35.385488 2.846033 5
-23.060762 -35.265588 2.586733 13
-23.237962 -36.157588 2.913033 10
-22.610762 -36.102788 2.142033 4
-22.072762 -35.533288 1.544633 9
-21.496262 -34.739188 1.645233 4
-21.025862 -33.878488 1.830833 12
-21.193162 -32.917588 1.712633 15
-22.070262 -32.827298 2.040833 1
-22.380962 -32.054218 1.522833 8
-23.226762 -32.116808 1.969633 9
-23.386462 -33.032538 2.091233 3
-23.242762 -34.022388 2.009133 6
-22.530162 -34.334588 1.414433 1
-23.009462 -34.842788 0.749933 4
-22.248262 -35.072588 0.194833 10
-22.854462 -35.770988 0.059533 13
-22.966662 -36.328388 0.780633 4
-23.388862 -36.640188 -0.056267 4
-23.697062 -37.118688 -0.862867 10
-23.759462 -36.415188 -1.623467 13
-23.660462 -35.814288 -2.382367 15
-23.912162 -35.362288 -3.209867 11
-23.857662 -34.436988 -3.292067 10
-24.761562 -34.629088 -2.937567 4
-25.614662 -34.371488 -2.442167 3
-25.616862 -35.293888 -2.619167 5
-26.475362 -35.585388 -2.931367 2
-27.008562 -34.933588 -3.346767 3
-27.526862 -35.491788 -2.723867 13
-27.738162 -35.110388 -1.832167 4
-28.290962 -35.831788 -1.487167 1
-27.444162 -35.580788 -1.012167 13
-26.806962 -35.256988 -0.157467 3
-25.908662 -35.583288 -0.246667 10
-25.480062 -36.214188 0.344933 4
-26.113662 -36.720388 0.905633 4
-26.907162 -37.037488 0.332733 6
-27.807962 -37.231788 0.676233 1
-28.704462 -37.108888 0.978333 10
-28.984062 -36.225688 0.892633 1
-28.833162 -36.650988 0.088733 1
-29.177562 -37.450188 -0.481767 6
-28.790262 -38.314488 -0.377867 1
-29.268762 -39.235588 -0.383167 10
-28.544562 -39.687888 -0.946667 9
-29.189862 -40.411288 -0.674867 1
-29.362562 -41.372488 -0.701867 1
-29.141862 -42.083388 -1.350167 8
-29.847962 -42.233688 -0.564467 10
-30.441462 -41.948688 -1.263067 11
-31.101562 -41.528588 -1.944767 13
-30.757862 -40.903188 -1.249767 10
-31.063362 -41.247888 -0.376067 4
-31.953662 -41.396188 -0.424767 13
-31.953462 -40.793388 -1.214967 8
-32.908762 -40.783388 -1.627367 5
-32.418462 -41.193988 -2.350767 5
-32.060062 -40.406188 -2.782267 4
-32.602262 -40.708488 -3.592067 1
-32.963562 -41.581888 -3.260767 3
-33.616762 -42.252888 -3.489067 10
-34.595562 -41.971088 -3.329967 13
-35.267962 -41.904088 -3.988767 4
-35.726762 -41.099288 -4.026467 9
-35.691662 -40.281788 -4.569467 4
-35.256062 -39.427688 -4.741967 3
-35.277362 -38.534888 -4.286767 5
-35.061162 -37.606888 -4.410767 15
-35.634862 -37.269588 -3.695767 6
-36.344762 -37.774388 -4.030467 13
-36.931462 -37.791888 -3.285267 11
-36.713762 -38.555088 -2.776367 4
-36.712862 -38.039288 -1.921667 1
-35.939662 -37.866088 -1.413467 10
-36.293762 -37.721188 -0.574467 11
-35.688262 -37.636688 0.163533 4
-35.658762 -36.663188 0.116433 6
-34.785162 -36.099888 0.256833 13
-33.815562 -36.058688 0.303233 8
-33.531462 -35.094188 0.230033 12
-33.672662 -34.616588 -0.588867 10
-32.755362 -35.029188 -0.856667 1
-32.212062 -34.489588 -0.263367 9
-31.488262 -34.735988 -0.821167 5
-31.324162 -34.893188 -1.793067 13
-30.450362 -34.931188 -1.361767 4
-29.909262 -35.660588 -1.795467 4
-29.857162 -36.045488 -2.664067 3
-29.337762 -36.727888 -3.096767 10
-29.265362 -37.096588 -4.011967 13
-28.776262 -37.627288 -4.600567 6
-28.102462 -37.613888 -5.262767 10
-27.672862 -38.393288 -4.880867 1
-26.961962 -38.143588 -4.237967 1
-27.310862 -37.321788 -3.946867 4
-26.399362 -37.189788 -4.287867 3
-26.284262 -37.547488 -3.428067 10
-26.043462 -37.011988 -2.633567 1
-25.885062 -36.492188 -1.805767 1
-25.085262 -36.297688 -2.278867 1
-24.635662 -35.911588 -1.532767 10
-24.408762 -35.790488 -0.596067 1
-24.509062 -36.488688 0.120733 4
-23.950862 -36.688388 0.904033 4
-23.846862 -36.049088 1.640633 4
-24.375362 -35.799688 2.386233 15
-24.221862 -35.861088 3.301233 3
-23.786862 -36.613188 3.694933 10
-23.441162 -37.415988 4.168633 10
-23.116462 -37.785588 4.933433 9
-22.807962 -38.716088 4.899133 1
-23.054662 -39.504888 4.414233 11
-22.687362 -40.029888 3.740933 13
-22.524762 -40.659488 4.476133 13
-22.023862 -40.171288 5.077433 6
-22.237362 -39.259988 5.524233 6
-21.522362 -39.648788 6.005733 11
-20.775262 -39.071688 6.060733 4
-20.985562 -38.448688 6.723433 3
-21.355362 -37.673288 6.287633 4
-22.016062 -37.546188 5.561033 5
-21.977062 -37.150688 4.674633 10
-21.325562 -37.654488 4.309833 8
-20.875462 -36.923488 4.671933 10
-20.487462 -37.800188 4.868233 8
-19.670362 -38.266088 5.219233 4
-19.501662 -38.099388 4.279233 3
-20.201162 -37.885988 3.622433 4
-20.826062 -38.580188 3.839033 6
-19.957962 -38.822788 3.336133 4
-20.506962 -39.189088 2.588833 4
-21.228362 -39.621988 3.051433 13
-21.766962 -39.481788 3.931433 13
-22.321762 -38.648388 3.928433 12
-22.630562 -37.707288 3.599033 10
-21.761562 -37.525188 3.245633 6
-22.531762 -37.103188 2.786333 10
-22.876262 -37.803588 2.303433 1
-23.051062 -38.258888 1.471633 4
-23.070562 -38.848588 2.263233 13
-23.240262 -38.742588 3.201033 13
-23.770762 -38.319188 3.858233 10
-24.466962 -38.480388 4.502733 1
-25.163662 -38.449688 3.742233 10
-25.622262 -39.278988 3.206333 4
-24.886762 -39.593588 3.741833 9
-23.964162 -39.492588 3.734833 13
-24.065162 -40.319488 4.292533 4
-24.675062 -40.248688 5.061433 1
-25.364762 -39.619288 4.860033 1
-26.122062 -39.056788 4.598733 5
-26.242062 -38.001188 4.595633 3
-25.638262 -37.503888 4.088533 10
-25.871962 -36.663588 4.463433 6
-25.399362 -36.560388 5.290333 11
-25.035862 -35.773488 5.703233 10
-24.717462 -35.081188 5.108933 15
-24.846662 -34.059888 4.995333 9
-25.791262 -34.520988 5.052833 6
-25.933062 -33.615988 5.327833 4
-26.356562 -33.051798 6.016233 10
-27.242362 -33.198988 6.345633 3
-26.817262 -34.152488 6.546633 4
-27.707662 -34.537788 6.656933 9
-28.504462 -35.020088 6.814333 13
-29.541062 -35.072188 6.844633 10
-29.588162 -35.664988 6.035533 4
-30.092762 -35.131888 5.379433 4
-29.832662 -34.182988 5.050833 5
-29.146262 -34.734788 4.632233 5
-29.226462 -35.716688 4.534133 7
-29.333862 -36.526688 5.094033 8
-28.598062 -36.217388 5.572033 4
-28.742162 -36.087588 6.523333 1
-28.915462 -35.793688 7.461233 9
-28.525662 -35.564888 8.309033 10
-27.846762 -35.278188 8.924933 3
-27.098562 -34.938788 9.513933 13
-26.769062 -35.066688 8.647433 4
-27.027962 -35.959688 8.826733 13
-26.497162 -36.437288 8.226933 5
-25.782062 -35.812088 8.495033 10
-26.049062 -35.500588 7.631933 1
-25.107962 -35.139788 7.648033 4
-24.546962 -35.732088 7.148933 1
-24.166562 -36.150088 6.330333 4
-23.477062 -36.688988 6.726433 1
-22.893362 -36.397588 5.947033 12
-21.913262 -36.493588 5.673133 10
-21.249262 -35.799888 5.774933 10
-20.516862 -36.403588 5.555733 1
-19.772562 -36.889088 6.119533 6
-20.109762 -37.568888 6.693233 1
-19.474162 -38.315488 6.615933 3
-19.698962 -39.212888 6.299833 4
-20.339262 -39.905488 6.487333 6
-20.286662 -39.994688 5.544133 10
-20.862362 -40.703388 5.475333 14
-21.178362 -40.616388 4.595333 13
-20.186762 -40.883088 4.582833 4
-19.931862 -41.748288 5.040833 11
-19.792062 -42.385588 4.333133 11
-19.759462 -42.624588 3.347433 10
-19.772262 -41.673988 3.545633 13
-19.895162 -40.748488 3.353633 4
-20.714562 -40.362088 3.506433 13
-20.581762 -40.210588 2.548233 4
-20.977562 -41.126488 2.763933 13
-20.816362 -41.951388 2.432433 3
-19.964162 -42.323688 2.203533 10
-19.083562 -42.422588 1.973333 10
-18.731062 -41.561888 2.371033 8
-19.196862 -40.728888 2.426433 4
-19.913462 -41.142188 1.922833 10
-20.319962 -40.567888 1.321833 4
-21.192262 -40.864888 1.645733 9
-20.921462 -41.541388 0.995833 10
-21.727462 -41.370888 0.567033 4
-22.149362 -41.452788 -0.301767 15
-22.722262 -42.075288 -0.924167 5
-23.710362 -42.066388 -1.197067 4
-23.690462 -42.101788 -2.195567 9
-22.748362 -42.211788 -2.286067 13
-22.895662 -41.761888 -3.123467 10
-21.962862 -41.815688 -3.207567 6
-21.746662 -42.707988 -3.370367 5
-21.970562 -42.421688 -4.242967 6
-21.405962 -42.146588 -4.949767 1
-21.611862 -41.190888 -4.772367 10
-20.875362 -40.644088 -4.456567 1
-20.760362 -39.985888 -3.731367 8
-21.632762 -39.711088 -4.018167 10
-22.108762 -39.348388 -3.278367 1
-22.639962 -38.556788 -3.453067 10
-21.866462 -38.139088 -3.083667 5
-20.957462 -37.896288 -2.826567 1
-20.355462 -38.696188 -2.811667 13
-19.463162 -39.072488 -3.088567 4
-18.942662 -39.092588 -3.898767 7
-18.339462 -39.662888 -3.440867 13
-17.470762 -39.690688 -2.913667 3
-18.022662 -39.162988 -2.415867 4
-17.384262 -38.420788 -2.762667 10
-18.287162 -38.321888 -2.962067 11
-18.549562 -38.028288 -2.086567 4
-18.084762 -37.184288 -1.898567 11
-17.943562 -36.899688 -0.965767 6
-17.507662 -36.067988 -0.988467 13
-16.966262 -35.286788 -1.241767 14
-17.245062 -34.580088 -1.902367 12
-17.299862 -35.490688 -2.226467 4
-16.296662 -35.275488 -2.151667 10
-15.476562 -35.632488 -2.482167 3
-15.146262 -34.841488 -2.915967 4
-15.460762 -35.350388 -3.703267 13
-15.521362 -34.444488 -4.135767 6
-15.208962 -33.771688 -4.754467 4
-14.579962 -34.393788 -4.521667 1
-14.047962 -33.622088 -4.458967 4
-14.106062 -34.030788 -3.576967 15
-14.726962 -33.847088 -2.836867 10
-14.389862 -33.474588 -1.931867 5
-13.649362 -32.830228 -1.845467 5
-13.485562 -32.578168 -2.817667 1
-14.355062 -32.491968 -3.174767 4
-15.136262 -32.618018 -2.632967 3
-14.973962 -31.566688 -2.795967 4
-15.670962 -31.491388 -2.141867 10
-16.104762 -32.202168 -1.630467 9
-16.964962 -32.383778 -1.309067 5
-16.728162 -32.843148 -0.541167 10
-16.266862 -33.644188 -0.032267 10
-16.397662 -34.018588 -0.862167 4
-17.368062 -33.839488 -0.636467 1
-18.269862 -34.349388 -0.638267 13
-18.417362 -34.147088 -1.573667 15
-19.014862 -34.810288 -1.303467 13
-19.285362 -35.628188 -1.841467 1
-18.838262 -36.448988 -1.516067 6
-19.382362 -35.793288 -0.862467 13
-20.317762 -35.749888 -0.574667 10
-19.829762 -35.535588 0.277333 13
-20.721962 -35.907388 0.490433 9
-21.237262 -36.500888 -0.005867 10
-21.897962 -37.133688 0.379033 4
-21.889662 -36.668488 1.202333 9
-22.260062 -37.531188 1.418833 4
-21.744162 -37.864288 2.115033 8
-21.085462 -38.589488 1.922233 4
-22.052762 -38.799688 2.091633 13
-21.699762 -38.993688 1.183333 4
-21.724162 -39.318988 0.289533 6
-21.358562 -40.039188 -0.183667 11
-20.688862 -39.847588 0.493433 4
-20.505862 -40.675088 0.084833 7
-20.338962 -41.587388 0.198833 10
-20.656062 -41.984688 -0.590767 5
-19.697162 -41.800588 -0.762067 10
-18.979062 -41.243588 -1.038767 8
-18.593562 -40.832388 -0.281967 10
-18.544262 -39.921788 -0.145767 3
-18.773562 -39.052388 0.269633 4
-18.812062 -38.557688 -0.533567 6
-18.089462 -38.199988 -1.046167 6
-17.921162 -39.157288 -1.276667 4
-17.637562 -39.923988 -1.786567 12
-16.767562 -39.465788 -1.847767 1
-16.594462 -38.820088 -1.129567 10
-16.276962 -37.998188 -0.724167 1
-16.077062 -37.479388 -1.544167 4
-15.231262 -37.000688 -1.495767 1
-15.508862 -36.841788 -0.543567 13
-15.191462 -36.520688 0.378233 1
-15.542062 -36.641688 1.298333 1
-16.396762 -36.393288 1.661633 10
-16.775262 -36.153888 2.571133 10
-16.109262 -36.646888 3.107633 10
-16.026062 -36.597188 4.029733 10
-15.598462 -36.301688 4.893833 13
-16.232762 -35.739488 5.367033 3
-16.692462 -34.936688 5.609833 10
-17.254362 -34.972388 6.501133 14
-18.064162 -34.536388 6.546133 4
-18.888662 -34.717988 6.134333 13
-19.672362 -34.861188 6.753533 15
-19.202162 -35.634488 7.133233 10
-18.411662 -35.963388 6.566733 4
-17.667862 -36.586388 6.512133 5
-17.980062 -37.390688 6.058933 5
-18.175462 -38.246188 6.409133 15
-18.329162 -39.207988 6.569233 4
-18.822162 -39.566088 5.720133 13
-18.356262 -39.496388 4.908133 1
-18.309562 -38.752688 4.232133 3
-18.480062 -39.629888 3.768333 6
-18.801462 -38.956088 3.096433 4
-19.344562 -38.819188 2.342233 4
-19.336062 -37.969488 1.877433 4
-19.551862 -37.085188 1.585433 9
-18.916062 -36.613388 2.080133 7
-18.443762 -37.450188 2.402433 4
-17.711962 -36.743588 2.313333 10
-17.686862 -35.946088 2.852233 10
-18.420862 -35.543388 2.347133 1
-18.375262 -35.180488 1.440233 10
-18.563162 -34.353188 1.777433 13
-19.364762 -33.881588 1.941833 11
-19.500762 -34.521888 2.664533 8
-19.343762 -35.071488 3.547033 10
-19.937062 -35.009188 4.346933 4
-20.596762 -35.610888 4.683033 10
-20.785662 -35.482588 3.715533 4
-21.631262 -36.026488 3.596933 10
-21.142162 -35.726988 2.764633 11
-20.347762 -35.435388 2.245033 9
-19.897862 -34.732288 1.702133 13
-20.567462 -35.111888 1.177733 9
-21.400862 -35.193388 0.725233 5
-21.001962 -34.872788 -0.119967 8
-20.363462 -34.199988 -0.384667 7
-19.472862 -33.974088 -0.679367 13
-19.724362 -33.927488 -1.648767 6
-20.243862 -33.499988 -2.321767 1
-21.089162 -33.465388 -1.792167 10
-21.623862 -32.617848 -2.000867 1
-21.669562 -31.948918 -1.378467 1
-21.297662 -31.570158 -2.154067 13
-21.098162 -30.644188 -1.942767 1
-20.553162 -29.821498 -1.983967 4
-20.154162 -29.453048 -1.093767 5
-19.694262 -30.256628 -1.313267 1
-19.423062 -31.183978 -0.953767 10
-20.244562 -31.630758 -1.027767 3
-20.214462 -32.547688 -1.106367 4
-19.328762 -32.778628 -0.653967 10
-19.708862 -32.596808 0.202533 5
-20.046862 -33.302188 0.859433 4
-19.566662 -33.982888 0.366133 13
-18.677362 -34.027088 0.213233 13
-18.174762 -34.846188 0.414733 13
-17.273262 -35.023788 0.983233 10
-16.858962 -35.866888 0.814233 10
-17.321162 -35.819888 0.007733 13
-17.959662 -36.596188 0.024633 6
-18.018462 -35.959488 0.766633 10
-18.857362 -36.478388 1.021933 7
-18.935462 -35.865888 0.270833 13
-19.191962 -36.707388 -0.106067 6
-19.589562 -37.580588 -0.128467 6
-20.433062 -37.689388 0.337533 4
-21.285362 -38.100688 -0.037067 4
-21.092462 -38.328388 -0.948067 13
-20.650262 -38.418488 -1.802567 10
-20.052462 -38.434288 -1.016867 5
-20.031362 -38.756588 -0.120767 4
-19.656062 -39.638188 0.049333 15
-19.832662 -39.333188 0.897433 4
-20.043362 -38.754288 1.669233 4
-20.300062 -37.827688 1.438133 4
-20.658362 -36.997888 1.157833 9
-20.818362 -37.265388 2.052833 4
-20.299662 -36.509288 2.321233 9
-19.909862 -37.027688 2.972233 4
-19.237762 -37.155688 3.726533 6
-18.261462 -37.140688 3.585633 10
-18.089062 -38.055288 3.219233 4
-17.197762 -37.731588 3.062933 10
-16.283462 -37.673088 3.269833 10
-16.561062 -37.487488 4.138833 10
-16.058362 -37.449988 5.015733 1
-16.895562 -37.966088 5.076333 11
-17.431462 -37.159388 4.776333 3
-17.100462 -36.228588 4.527533 10
-17.792162 -35.966888 3.892233 10
-17.815562 -35.185188 4.474733 11
-17.750662 -34.255488 4.320033 1
-16.754862 -34.030088 4.271633 7
-17.183962 -34.727288 3.670633 10
-17.169362 -35.167488 2.752033 10
-18.029262 -34.613888 2.694633 12
-17.455262 -34.698788 1.940333 10
-17.040862 -33.819288 2.091733 1
-17.197662 -33.809788 1.166333 7
-17.214762 -32.890608 1.491433 10
-17.424062 -31.896738 1.360033 4
-16.796562 -31.273028 1.679733 13
-16.495062 -31.690558 2.508133 8
-16.122862 -31.141388 3.123733 5
-16.312262 -31.029258 3.998433 7
-17.076262 -30.488898 3.844233 10
-16.552362 -29.872758 4.382833 1
-16.321962 -29.329468 3.636233 4
-16.262362 -28.411438 3.358233 3
-16.819762 -27.924898 3.968133 4
-15.813762 -27.627598 3.909433 4
-15.997062 -27.171288 4.741833 7
-15.971462 -27.166028 5.699733 13
-16.449562 -27.916028 6.051333 9
-16.434062 -28.644808 6.800533 10
-15.837562 -29.194128 6.284633 10
-15.030062 -28.645228 6.536733 1
-14.248162 -28.655708 7.052933 7
-14.116662 -29.537368 6.800533 6
-13.374762 -29.659358 7.605533 1
-13.167062 -30.520908 7.145933 10
-13.522762 -31.476988 7.249133 1
-12.887362 -32.186528 6.971233 5
-13.077462 -32.156548 6.026933 9
-13.919262 -32.324728 6.689333 12
-13.955162 -33.196988 6.237333 4
-14.286762 -33.338988 7.100633 4
-14.409762 -34.175688 7.549033 13
-14.214462 -35.129788 7.347433 10
-14.705562 -35.299088 6.480833 11
-14.039462 -35.979088 6.645633 13
-13.452062 -36.640288 6.181633 3
-13.664962 -37.112988 5.369033 15
-14.501162 -37.579188 5.388633 4
-14.709862 -36.693388 4.998333 11
-14.792162 -36.227188 4.112833 4
-15.253962 -35.693288 3.369533 10
-16.022462 -35.387688 2.856133 10
-16.386762 -34.497988 3.004933 4
-15.723962 -33.850688 2.788133 13
-14.999862 -33.511388 3.361033 15
-14.656462 -33.534688 4.353033 13
-13.681962 -33.837488 4.136133 5
-13.959862 -34.592188 3.567733 1
-14.310862 -34.405288 2.582733 4
-14.951662 -35.164488 2.389533 10
-15.512062 -35.201888 1.630333 10
-14.656862 -35.753888 1.636833 4
-13.817162 -36.195888 1.574833 1
-13.597762 -36.655088 2.390533 7
-14.572362 -36.789388 2.558333 10
-15.423262 -37.315988 2.426033 10
-14.874662 -37.648388 1.660033 4
-14.802062 -38.474788 1.188933 1
-14.795162 -39.074188 1.987533 8
-15.450862 -38.361188 2.235933 1
-16.335562 -38.650688 2.565633 3
-17.194762 -38.724288 2.089833 4
-16.763562 -38.102388 1.477633 10
-16.434762 -37.542488 0.820733 7
-17.127062 -37.028388 1.329633 10
-17.794462 -37.297488 0.765833 6
-18.474162 -37.856488 1.214533 4
-17.815262 -38.551388 1.126333 4
-17.741562 -38.666688 0.181133 6
-17.025162 -39.376788 0.080433 10
-17.546162 -40.152988 -0.050567 4
-17.569862 -40.344488 0.921233 5
-17.366262 -41.352488 0.674233 5
-18.016262 -42.099788 0.484533 10
-18.049962 -41.628188 -0.344867 10
-17.214462 -41.903788 -0.756067 7
-17.566462 -41.284588 -1.372767 9
-16.967562 -40.771488 -1.995067 13
-16.019562 -40.573088 -2.235467 13
-16.275662 -41.239688 -2.881067 1
-15.756962 -41.623288 -3.577367 1
-14.889962 -41.648188 -3.944367 1
-14.682662 -41.003488 -3.286667 13
-13.732862 -41.193588 -3.493867 4
-13.616562 -41.348588 -4.447567 10
-14.076862 -40.489288 -4.342767 1
-13.878162 -39.749688 -4.926767 10
-14.322162 -38.940688 -4.717067 7
-13.919462 -38.479088 -5.455167 9
-13.068662 -38.940588 -5.669867 3
-12.545162 -38.737088 -4.854867 1
-12.438262 -39.638088 -5.113267 4
-12.552962 -39.951488 -4.217067 3
-11.950762 -40.389688 -3.548467 8
-12.575862 -41.158188 -3.595567 4
-12.528762 -41.633088 -2.744967 10
-12.160462 -41.206188 -1.910467 7
-11.701662 -41.956088 -1.540367 4
-11.860062 -42.919688 -1.152167 4
-11.433862 -43.611988 -1.723667 11
-10.576462 -43.992288 -1.462967 11
-10.882062 -44.091888 -2.409267 11
-11.786462 -44.152088 -2.706967 13
-12.184562 -43.941488 -3.543267 8
-12.583262 -43.447188 -2.838167 10
-13.025962 -42.799788 -2.326267 4
-13.844962 -42.615688 -1.852167 10
-14.771662 -42.759088 -1.530067 6
-14.873762 -41.954688 -0.964467 1
-15.104062 -42.481888 -0.215367 13
-15.864062 -41.850788 -0.083667 4
-16.638962 -42.280388 0.289533 6
-17.144162 -42.803588 0.854733 10
-16.830562 -42.128388 1.526433 10
-16.539762 -41.340188 2.129233 5
-17.090162 -40.917088 2.757633 5
-17.507162 -40.208288 3.300233 7
-17.402962 -39.655488 2.523333 1
-17.859562 -39.449588 1.656733 4
-18.616362 -39.634688 2.216133 4
-18.367962 -40.425488 1.794933 5
-18.905062 -40.076588 1.122333 4
-19.208462 -40.998988 0.941833 10
-18.718862 -41.697088 1.205433 10
-18.881962 -42.582388 0.916133 10
-19.608162 -42.699788 0.279933 10
-19.559862 -43.143588 -0.646767 13
-19.693362 -43.210888 -1.650467 9
-19.288362 -42.337088 -1.678767 15
-18.546562 -42.555888 -1.137867 15
-18.684362 -42.815488 -0.189067 10
-18.180062 -43.637388 -0.339167 10
-18.841462 -44.224988 -0.756367 15
-19.631262 -44.323488 -0.164867 10
-20.147862 -45.103188 -0.300667 13
-20.268262 -45.331988 0.614133 10
-20.416662 -46.210188 0.373333 9
-21.326562 -46.380188 0.475533 7
-22.167462 -45.931788 0.419633 1
-23.173462 -45.979788 0.428333 10
-23.707562 -45.970888 1.248133 7
-24.115862 -46.649488 1.671633 3
-24.842662 -46.089788 2.094333 1
-25.023962 -45.638388 2.975733 10
-25.020062 -44.678088 2.822133 4
-24.686862 -43.809288 3.025033 4
-23.819462 -43.879488 3.388433 7
-23.118762 -43.382488 3.754733 4
-22.422262 -43.899988 4.129633 1
-22.978562 -44.529888 3.659033 12
-23.143762 -44.985788 4.516933 7
-23.675962 -44.399088 5.153933 12
-23.165162 -44.989588 5.787633 1
-23.094662 -44.388388 6.596933 7
-22.858962 -43.681388 6.064533 11
-22.563262 -42.706088 5.803433 7
-21.943262 -42.690088 5.027033 6
-21.241762 -42.147688 4.724033 11
-21.958662 -41.562788 4.238133 13
-21.790462 -41.674488 3.265833 13
-21.838462 -42.227388 2.492033 9
-21.862762 -42.383688 1.514633 7
-20.865862 -42.442988 1.427533 10
-20.582162 -42.818188 0.584233 10
-21.183562 -43.492388 0.244233 4
-21.121162 -43.812988 -0.749267 14
-20.771562 -43.705288 -1.563267 4
-21.050162 -43.096488 -2.287167 4
-20.169962 -43.562188 -2.559467 12
-19.866462 -44.380288 -2.979967 10
-19.393362 -45.018488 -2.475267 7
-18.750762 -45.787888 -2.395767 4
-18.042962 -45.776688 -1.741467 7
-17.957762 -45.930588 -0.833067 14
-17.119862 -45.571488 -0.592467 12
-17.518262 -45.844988 0.224933 12
-18.352762 -45.555288 0.575533 10
-19.257162 -45.903188 0.366833 10
-19.247562 -46.017288 1.363733 4
-18.620962 -46.856788 1.469433 12
-19.272162 -47.494288 1.211633 13
-19.209662 -48.341888 1.708633 7
-19.849062 -48.013688 2.335433 1
-19.775062 -47.286688 2.948833 10
-18.847562 -47.128888 3.132733 7
-18.628762 -47.904488 3.642033 1
-17.907762 -47.516788 3.184333 3
-18.107462 -46.751988 2.488633 7
-18.933362 -46.289588 2.441833 7
-19.797562 -45.868788 2.381333 10
-20.680362 -45.851088 2.085833 10
-21.615262 -45.936788 2.383933 4
-22.063662 -46.643988 2.933733 7
-21.237962 -46.773588 3.450133 1
-20.993262 -47.560288 3.942433 1
-21.464262 -48.039588 3.314733 10
-22.182262 -48.020688 3.949333 1
-21.944562 -48.883388 4.190433 1
-21.471662 -48.918288 5.025333 12
-20.686462 -48.371288 4.930433 7
-21.396462 -47.838488 5.189933 15
-22.061462 -47.335588 5.587433 7
-21.947262 -46.357688 5.729133 14
-22.253862 -45.471988 5.354733 4
-21.445762 -44.944488 5.473233 1
-20.902462 -44.224888 5.767433 5
-21.176662 -43.678088 5.020333 11
-21.360862 -43.913988 4.005833 4
-20.765662 -43.095088 4.083633 11
-20.821062 -42.889388 3.154833 9
-20.565162 -43.193488 2.246833 10
-20.412362 -44.068888 2.075533 10
-20.849662 -44.390788 1.248633 12
-20.038562 -44.115288 0.869833 10
-19.397562 -44.068688 1.621833 10
-19.558062 -44.500288 2.508533 10
-20.161162 -44.740888 3.263233 14
-19.634562 -45.609988 3.321233 7
-20.300062 -46.178188 3.690233 15
-19.601862 -46.938888 3.897333 14
-19.222362 -46.070888 4.331433 7
-18.262462 -46.164288 4.420133 7
-17.666362 -46.725588 3.927233 7
-17.058262 -46.793888 4.684433 9
-16.455362 -46.925988 5.387533 10
-16.848362 -47.342588 6.131133 13
-17.563462 -47.927188 5.831633 10
-17.697362 -48.517388 6.539633 7
-18.627362 -48.777188 6.942033 13
-19.289262 -48.515688 7.596633 1
-19.338962 -48.191288 8.558333 1
-19.957162 -47.444788 8.310733 12
-19.071062 -47.224588 7.911233 4
-18.761562 -46.822188 8.835533 7
-17.956862 -46.769088 8.336233 1
-17.368262 -46.898388 7.565533 10
-17.261562 -45.959388 7.768333 1
-17.879162 -45.358388 7.327133 1
-18.650662 -45.127988 6.780833 1
-18.328762 -44.277188 7.188133 7
-18.516762 -43.539088 6.635033 10
-19.133162 -42.795888 6.722833 4
-19.850762 -42.786088 6.080233 11
-19.742762 -43.548388 5.562933 11
-19.447862 -44.409688 5.970933 10
-19.836162 -45.069088 5.377433 4
-20.158362 -45.297388 4.456233 6
-19.285562 -44.840988 4.448133 4
-18.492362 -45.250288 4.110333 7
-18.410462 -44.269888 4.187133 1
-17.887162 -44.062888 3.325833 10
-17.428062 -44.924188 3.057733 8
-17.388562 -45.557188 3.835833 7
-17.203162 -46.005388 3.025333 7
-17.036662 -45.542988 2.095833 12
-17.711762 -44.763788 1.993433 10
-17.396562 -45.057088 1.138633 12
-16.730862 -44.478188 1.497533 1
-16.805162 -43.629688 1.840333 5
-17.816562 -43.544088 1.760333 10
-18.713862 -43.278888 1.629333 10
-18.285662 -42.991888 2.462733 10
-17.560462 -42.393588 2.536033 9
-16.716862 -42.678188 2.755233 15
-15.916562 -42.563288 2.259933 11
-15.787762 -43.316588 2.830033 7
-15.237962 -43.891788 3.348933 1
-15.029062 -44.862788 3.379033 13
-14.292162 -45.233988 2.760533 13
-13.433562 -45.452488 2.435733 7
-12.713962 -45.437788 3.103333 7
-12.049462 -44.811888 3.401433 14
-11.746662 -45.484588 3.913133 7
-12.659662 -45.413888 4.374933 10
-12.621562 -45.041788 5.292633 16
-11.987862 -45.623088 5.644933 1
-11.163962 -45.907088 6.134033 6
-11.865162 -45.453488 6.655833 1
-12.218262 -44.555388 6.669433 4
-12.180262 -43.873188 7.372833 10
-12.640062 -43.104688 6.936733 1
-12.883262 -42.149588 7.149533 7
-12.826162 -41.980788 6.165433 4
-13.632262 -41.630188 6.656533 10
-14.403762 -41.673088 7.238733 7
-14.900062 -41.188088 7.956833 1
-14.987562 -40.409488 7.340933 1
-15.169562 -40.149488 6.494233 11
-14.959262 -41.036088 6.193733 10
-15.855262 -41.041288 6.473433 11
-16.412762 -41.279588 5.621833 14
-16.809162 -42.130388 5.623733 14
-17.749562 -42.322788 5.731733 4
-17.537662 -42.179588 4.823233 7
-18.040862 -42.871888 4.327533 1
-18.992662 -43.131788 4.269133 11
-18.776662 -43.311888 3.357633 10
-19.080462 -44.199088 3.374833 10
-18.715062 -45.042188 2.976033 7
-18.209362 -45.549288 2.348733 7
-18.763562 -44.938588 1.752833 10
-18.380762 -44.218888 1.298533 10
-18.216462 -44.435988 0.352333 10
-17.289662 -44.591088 0.023333 7
-16.486962 -45.210188 0.182433 9
-16.456262 -46.200288 0.030733 12
-16.352662 -47.215888 -0.373067 12
-16.765162 -48.067088 -0.167567 7
-17.710662 -48.153588 0.014033 10
-18.054662 -47.269588 0.171333 4
-17.313562 -46.809788 0.513733 12
-17.110562 -46.940188 1.412633 12
-16.984762 -47.094688 2.465933 1
-16.585262 -47.952688 2.794533 13
-16.724362 -48.425688 1.984533 7
-16.058662 -47.891188 1.600933 12
-15.494362 -48.716888 1.719433 1
-14.903562 -48.098088 2.124233 7
-14.556362 -48.275288 2.962633 7
-14.439062 -49.132888 3.335833 15
-14.848362 -49.979188 3.617633 15
-14.687862 -50.329088 4.528333 15
-15.639862 -50.468188 4.705833 7
-15.065562 -51.218488 4.964833 10
-14.430362 -51.844688 4.651933 15
-13.821762 -52.538688 4.605233 7
-13.780262 -52.295588 5.565233 1
-13.436662 -53.184988 5.456933 4
-12.713162 -53.590888 5.867833 1
-13.093262 -54.482788 5.983633 7
-12.864662 -54.275488 5.054633 1
-12.422962 -55.090588 4.931533 7
-12.663062 -55.701888 4.216433 12
-13.010062 -56.100888 5.032433 16
-13.582862 -56.890688 4.927733 11
-14.371662 -56.568588 4.571433 7
-15.185362 -56.571288 4.094133 1
-15.935262 -57.184288 4.160133 1
-15.674562 -58.119988 4.239033 1
-15.542662 -58.657288 4.933133 3
-16.197562 -58.807788 5.686533 1
-17.110662 -59.161888 5.859433 10
-17.434162 -59.929488 5.311233 7
-17.907162 -60.493288 5.928033 10
-17.064362 -60.258688 6.351033 12
-16.741062 -61.132888 6.527433 7
-16.479262 -62.045088 6.293233 12
-15.546062 -61.961888 6.007333 15
-15.989762 -62.311388 5.164233 5
-15.456362 -63.098288 5.066933 1
-14.601462 -63.651188 4.977433 4
-13.991062 -63.867888 5.739833 7
-14.546062 -64.137488 6.500533 15
-14.807262 -63.299088 6.010633 9
-14.611062 -62.426588 6.112833 7
-14.090762 -61.985688 6.809133 16
-14.014462 -61.630588 7.664833 12
-14.730062 -60.931788 7.724033 12
-14.676262 -60.770388 6.812233 7
-14.279062 -59.848988 7.047833 10
-13.734862 -59.130788 7.433033 7
-12.764062 -59.247888 7.366133 1
-11.833162 -58.709988 7.630733 1
-11.359162 -58.088988 7.062133 1
-11.821462 -57.234388 6.936833 7
-11.553662 -56.868288 6.117733 15
-10.949562 -55.988688 6.226633 10
-11.258262 -55.259688 5.709833 1
-11.114762 -54.536588 6.303833 7
-10.458262 -54.257288 5.625233 4
-10.919462 -53.487288 5.961333 1
-10.462962 -52.664088 6.105533 1
-10.869462 -52.701488 5.231033 1
-11.679162 -52.255688 5.564733 1
-12.520962 -52.642288 5.370033 1
-12.109062 -53.029988 4.604533 1
-11.543062 -52.469888 4.060333 7
-12.467962 -52.157688 3.872533 10
-12.655462 -51.625588 3.124033 12
-13.308462 -51.100688 3.740633 15
-13.752262 -50.904388 4.585433 15
-13.824962 -50.832188 5.556633 7
-14.451062 -50.054388 5.501433 11
-13.775562 -49.492988 4.986233 15
-12.934862 -49.363088 4.722733 10
-12.461062 -50.168188 4.647433 7
-12.292362 -49.848988 5.591333 12
-12.759362 -50.403488 6.243633 12
-12.561962 -49.538588 6.683233 7
-13.143162 -48.871288 6.278433 10
-13.949862 -48.420688 6.276233 12
-14.247062 -47.749188 6.903333 11
-14.842762 -47.081888 6.443933 7
-15.416062 -46.326088 6.634633 9
-16.064962 -46.061788 6.000833 13
-15.138962 -46.144588 5.706833 9
-14.473762 -45.369388 5.552633 7
-13.844962 -45.819988 5.012933 16
-13.397962 -46.202488 4.188733 13
-12.474462 -46.328888 3.852133 7
-12.382962 -47.179488 3.410133 7
-13.263462 -47.194888 3.931133 16
-13.552062 -47.123088 3.012033 7
-14.055462 -46.327588 3.012833 13
-13.793762 -46.601688 2.157533 7
-13.103662 -47.169788 1.822733 7
-13.241562 -47.435588 0.950433 16
-12.856762 -48.095688 1.532233 7
-12.783462 -48.301988 0.569633 15
-12.084262 -48.972888 0.968933 1
-11.963662 -49.819188 0.646133 14
-11.942762 -50.499688 -0.040567 16
-12.660362 -50.807288 -0.533467 11
-12.625762 -51.239988 -1.365667 7
-13.017662 -51.625588 -2.123767 12
-12.653062 -52.379488 -2.536867 1
-12.052862 -52.260688 -3.337367 16
-11.830062 -52.516388 -4.237467 6
-11.013062 -52.089388 -4.099767 10
-10.071562 -51.882188 -4.052467 7
-10.099362 -51.250488 -3.305067 12
-9.383462 -51.487688 -2.648267 4
-8.598862 -51.361488 -2.187067 11
-7.973062 -51.790588 -1.602267 5
-8.103862 -52.607188 -2.096167 4
-8.761362 -53.278988 -2.369667 7
-9.157562 -54.065988 -2.793267 1
-10.055962 -53.865188 -3.055267 7
-10.358962 -53.549188 -2.162667 11
-10.139962 -52.660888 -1.995067 12
-10.320262 -53.030288 -1.111067 7
-10.823262 -52.385188 -0.580467 1
-11.655662 -52.258788 -0.240567 11
-12.491762 -52.245588 0.302933 15
-12.688862 -52.109588 1.231133 4
-12.188762 -52.692988 1.874333 7
-12.633362 -53.151188 2.660633 12
-13.273662 -53.311388 1.914033 16
-13.895162 -52.528488 1.783433 1
-13.698362 -51.713088 1.319533 14
-13.920262 -50.825788 1.145533 7
-13.974362 -50.109288 1.951933 10
-13.814962 -50.508488 2.866533 15
-13.480462 -49.599988 2.878733 15
-13.286062 -48.906988 2.215633 7
-14.204662 -48.957388 1.967533 7
-14.203862 -48.808888 1.046933 10
-14.605062 -49.730188 1.094533 16
-15.269162 -50.377588 0.772633 9
-16.194562 -50.154688 0.907633 1
-16.816162 -49.707988 0.327533 10
-17.284462 -49.881388 -0.488867 16
-16.559362 -50.406788 -0.844467 1
-15.626262 -50.409988 -0.574967 7
-15.403462 -49.522188 -0.497267 10
-15.647862 -48.579588 -0.300367 1
-15.489962 -47.653688 0.015833 12
-15.102962 -47.079688 0.753633 12
-14.491362 -47.266188 1.473833 7
-14.770662 -46.431688 1.851833 7
-15.526262 -45.888688 2.039933 13
-16.022962 -46.611188 1.719833 12
-15.840962 -47.055088 2.636533 7
-15.693062 -46.934388 3.532233 1
-15.093662 -46.521788 4.140833 13
-15.330562 -47.067088 4.937733 1
-14.853462 -47.850488 4.589333 16
-14.175762 -48.371588 5.044133 15
-13.268762 -48.386288 4.700833 4
-13.607462 -48.991888 4.044633 15
-13.581862 -48.488188 3.159833 7
-12.712362 -48.608288 3.510033 7
-12.647062 -49.517888 3.762833 15
-11.764662 -49.375888 3.299633 6
-12.088262 -48.821788 2.608733 15
-11.858262 -48.019788 2.040133 7
-11.945462 -47.193888 2.438833 7
-11.179062 -47.541488 3.001233 16
-10.464262 -46.913688 3.053733 9
-10.833262 -46.301288 2.446633 7
-10.981062 -45.450588 2.860233 7
-10.508962 -44.666688 3.221133 11
-10.896662 -44.545988 2.331633 7
-10.584162 -43.643588 2.647533 1
-10.633562 -42.891488 2.014833 13
-10.106962 -43.181788 1.277633 9
-10.836962 -43.504088 0.775633 16
-11.080262 -43.141988 -0.092567 11
-10.688862 -43.057788 -0.979267 11
-10.010062 -42.760188 -0.326467 12
-10.148362 -41.831088 -0.261067 16
-10.468262 -41.164088 0.385433 7
-10.385962 -40.220088 0.590233 12
-9.484762 -39.959388 0.534533 11
-9.649762 -39.126488 1.004333 10
-10.223062 -38.663588 0.409633 1
-10.029662 -37.800188 0.760733 7
-10.889262 -37.496188 0.853633 1
-10.645462 -36.605288 0.569333 5
-9.909562 -36.621788 -0.066367 16
-10.125062 -36.481688 -0.996267 10
-9.199862 -36.482688 -1.138267 16
-8.844062 -36.748088 -0.269767 4
-8.599762 -35.821988 -0.353167 14
-9.493662 -35.668188 -0.041367 12
-9.175162 -34.845788 0.193733 16
-10.135962 -35.034988 0.150633 7
-10.645562 -34.400488 -0.380367 10
-10.302662 -34.781488 -1.195767 12
-10.454462 -33.903088 -1.533067 7
-10.734762 -33.014198 -1.913467 7
-9.996962 -32.702658 -2.405867 16
-9.502462 -32.686698 -1.561867 16
-9.510762 -31.856168 -2.109667 1
-8.629062 -31.743138 -1.818867 1
-7.689762 -31.535388 -1.762167 1
-7.024662 -31.400578 -2.431167 15
-6.856962 -31.879828 -3.324767 12
-6.437062 -31.041358 -3.228867 15
-6.757962 -30.202278 -2.891067 1
-6.647562 -29.333848 -2.403567 7
-6.368262 -29.126748 -1.519567 7
-5.674202 -29.497288 -0.793567 10
-6.503062 -29.534278 -0.253667 7
-7.292562 -29.989418 -0.023567 1
-6.660262 -30.681718 -0.408767 1
-6.696762 -31.654728 -0.523667 1
-6.014162 -31.591358 0.200333 12
-5.072812 -31.842558 0.504033 13
-4.610622 -32.187378 1.307233 7
-5.231642 -32.943028 1.233333 7
-5.404442 -33.253888 0.341533 13
-5.339102 -34.129388 0.758733 15
-6.037962 -34.661188 1.197333 7
-6.305362 -34.506888 0.321333 16
-6.072362 -35.445088 0.599833 13
-5.647662 -36.327788 0.501133 5
-4.738412 -36.719288 0.639033 12
-5.060372 -37.246988 -0.149667 7
-5.779302 -37.855388 -0.355467 15
-6.056762 -38.392688 0.393033 12
-6.108462 -39.393988 0.281033 8
-6.904262 -39.123588 0.796833 11
-7.541462 -39.730288 1.143733 1
-7.627362 -40.673988 1.479933 11
-7.220962 -41.277988 2.069833 1
-8.083562 -41.566488 2.423933 7
-7.754162 -42.234488 2.960833 12
-7.736762 -42.843988 2.164633 11
-8.493962 -43.383788 2.175733 9
-8.933962 -44.263788 2.004733 12
-8.981062 -45.127788 1.662733 7
-8.908962 -45.909488 2.223233 7
-8.125262 -45.946688 1.626033 11
-8.138362 -45.392788 0.822833 1
-8.321862 -46.284488 0.672533 7
-8.608762 -45.575588 -0.012267 16
-9.422862 -46.038088 0.025033 7
-9.227962 -46.386388 -0.876667 16
-8.843462 -47.128488 -0.377167 16
-9.433462 -47.062288 0.395933 7
-9.106162 -47.640388 1.089833 16
-8.842362 -47.030688 1.804733 7
-8.864762 -47.197788 2.778133 4
-8.731562 -46.413188 3.382733 15
-9.667562 -46.059488 3.247533 7
-10.052162 -46.487588 3.967033 5
-9.491062 -47.258788 3.758333 16
-10.002562 -47.866788 3.192533 9
-10.220262 -47.761388 2.251133 7
-10.916462 -48.440888 2.591733 10
-11.015362 -48.797488 1.661933 14
-11.274262 -48.076588 1.078733 7
-11.064762 -47.277088 0.624133 7
-11.001162 -47.758288 -0.183867 15
-11.901862 -47.541088 0.117133 7
-12.033362 -48.089988 -0.701467 15
-11.530062 -48.916088 -0.280467 7
-11.773162 -49.775188 -0.630067 10
-12.407062 -49.834488 -1.417267 1
-12.610562 -49.103488 -0.831367 1
-13.052062 -48.339288 -1.087967 15
-13.847062 -48.531788 -0.600267 11
-14.619962 -49.051088 -0.798667 1
-14.931162 -48.077388 -0.893967 12
-15.209762 -48.702988 -1.651267 1
-15.789962 -47.985688 -1.969667 12
-15.919362 -48.437688 -2.800167 11
-15.938762 -48.634188 -3.743767 1
-16.901762 -48.710088 -3.771267 7
-17.421562 -49.505988 -3.970067 16
-17.099262 -50.406388 -4.127667 7
-17.032862 -50.539988 -3.175767 13
-17.639962 -49.874988 -2.936367 7
-16.884262 -49.391788 -2.468567 6
-17.298962 -48.568988 -2.463267 13
-16.929062 -48.213788 -1.615467 16
-16.641962 -47.317388 -1.372567 12
-17.150962 -46.469888 -1.678367 12
-16.709062 -46.204888 -2.462167 16
-16.201962 -46.822188 -2.966067 7
-15.776462 -46.629088 -2.041067 12
-14.771462 -46.420588 -2.293567 4
-14.195762 -47.183088 -2.391267 15
-13.565062 -47.211488 -3.156467 15
-13.214162 -47.394888 -3.985667 9
-13.029662 -48.257688 -4.412667 7
-12.177662 -47.982288 -4.860367 11
-12.188862 -47.117888 -5.271767 16
-12.983462 -46.785288 -4.747267 11
-12.727862 -46.019488 -4.360767 8
-12.551562 -46.615888 -3.726467 7
-12.564962 -46.968388 -2.809067 15
-12.721362 -46.542488 -1.960367 15
-12.682862 -45.812488 -1.326067 12
-12.431362 -45.007388 -1.775267 7
-12.314362 -44.051488 -1.359067 11
-12.691162 -43.575288 -0.573067 1
-13.206262 -42.938988 -0.080267 1
-13.261162 -42.545188 0.877533 1
-13.330162 -42.501388 1.857833 1
-12.445262 -42.273888 1.478733 1
-11.999762 -43.116788 1.863933 1
-12.069262 -43.763288 2.648933 16
-12.496462 -44.616188 2.465633 1
-12.196362 -45.542588 2.259233 7
-11.900162 -46.356788 1.880933 7
-11.437762 -46.345788 1.035433 7
-11.138962 -45.536188 0.594533 7
-10.974762 -44.598388 0.133233 11
-11.414562 -44.579588 1.032933 7
-11.855362 -43.765288 0.731533 1
-12.399662 -44.303088 0.108333 12
-12.902562 -44.789988 -0.566467 15
-11.981562 -44.906388 -0.661867 11
-12.139462 -45.591888 0.086433 7
-12.477162 -46.396788 0.631933 7
-12.907162 -46.665788 -0.271467 16
-12.905962 -47.179388 -1.132267 15
-13.843362 -47.136088 -1.390967 5
-14.537462 -47.070188 -0.667667 12
-14.037262 -47.069088 0.174233 16
-13.679062 -46.333888 0.581233 7
-14.642362 -46.061588 0.777533 7
-15.592762 -45.960288 0.770033 12
-15.168162 -45.143588 0.543333 16
-15.174462 -45.165588 1.511833 14
-14.299662 -44.660988 1.580433 7
-14.202262 -44.190388 0.787733 11
-13.955262 -43.908488 -0.050767 15
-14.533462 -43.443688 -0.651367 12
-15.315162 -43.402588 0.006933 1
-15.750162 -43.649288 0.877233 16
-15.355362 -43.613788 1.737433 12
-14.799462 -42.939488 2.261233 13
-15.155162 -42.304988 3.086533 1
-14.868062 -42.449488 4.007033 1
-14.406562 -43.132288 4.550533 7
-14.345062 -43.979488 4.136733 12
-13.790162 -43.829588 3.412733 11
-13.215962 -43.837788 2.567933 1
-13.074762 -44.004688 1.686033 16
-13.009662 -44.974588 1.518233 7
-13.087062 -45.443388 0.692433 7
-13.571362 -45.469688 -0.177267 13
-14.522562 -45.545988 -0.328667 5
-15.439062 -45.542988 -0.623467 12
-15.014462 -46.272188 -1.231567 12
-14.047062 -46.083388 -1.271167 15
-14.205162 -45.292488 -1.817967 16
-13.813062 -45.679088 -2.582267 7
-13.955162 -45.718988 -3.509967 9
-13.497762 -45.238588 -4.222167 8
-13.262962 -44.525088 -3.616867 12
-12.986162 -44.663588 -2.662667 1
-12.370162 -45.342988 -2.829467 7
-11.585762 -45.436488 -3.368667 8
-11.399762 -46.332188 -2.985967 15
-11.245662 -45.620388 -2.344767 11
-11.037762 -45.687288 -1.336667 11
-11.518862 -46.516288 -1.302567 7
-11.169462 -47.170388 -1.890067 15
-10.349662 -47.268688 -1.305767 1
-10.500862 -46.558388 -0.574767 7
-10.735362 -45.645488 -0.342167 7
-10.633762 -44.854688 -0.865667 11
-9.915962 -44.970888 -0.231567 11
-9.137762 -44.689988 0.354433 15
-9.886762 -44.558788 0.903733 1
-10.171962 -45.421288 1.099533 7
-10.369262 -46.241188 1.566633 7
-9.933862 -47.080188 1.334833 7
-10.090062 -48.014888 1.016533 16
-9.703062 -48.723288 1.598433 16
-9.017862 -49.371588 1.345933 1
-9.284362 -50.362588 1.546233 12
-8.831462 -50.576488 2.312233 1
-8.099562 -50.272388 1.840333 7
-7.931362 -49.932688 1.003233 16
-8.110662 -50.855388 0.642033 1
-8.418962 -51.417388 1.395933 1
-9.393262 -51.387288 0.961433 16
-10.002562 -51.099188 0.320833 1
-9.410262 -50.410488 -0.001267 10
-10.281562 -49.959888 0.174433 14
-9.755962 -49.304688 -0.252967 1
-9.275962 -48.711588 -0.902967 16
-8.303962 -48.646388 -0.652567 12
-8.730162 -47.853488 -1.082967 16
-8.903962 -47.965788 -2.016567 16
-9.785362 -48.419188 -2.005167 12
-9.729662 -49.126288 -2.715467 1
-10.617162 -48.753488 -2.781267 1
-11.328662 -48.289588 -2.268667 15
-10.997162 -48.841888 -1.537967 12
-11.850762 -49.060288 -1.844767 16
-12.632062 -48.584688 -2.068067 15
-12.401162 -48.173488 -2.855267 15
-12.276162 -48.764888 -3.640967 1
-11.443662 -48.270188 -3.769267 1
-10.431362 -48.358388 -3.846467 5
-10.668162 -47.434488 -3.617067 15
-10.161362 -46.799488 -4.210667 16
-10.736862 -46.160888 -3.777667 8
-10.159262 -45.985488 -2.979967 16
-10.249562 -46.109288 -2.046267 11
-10.187462 -47.012488 -2.473167 8
-9.266562 -47.136688 -2.634967 16
-9.235662 -47.550288 -3.504267 16
-8.971862 -47.159088 -4.471667 13
-8.307762 -47.003188 -3.821567 16
-8.415462 -46.623388 -2.968767 16
-9.007862 -46.134988 -2.508767 16
-8.818462 -45.798588 -1.660667 16
-9.269262 -45.058088 -1.943267 11
-9.604062 -44.527588 -1.244767 11
-8.763662 -43.953888 -1.065767 7
-9.628362 -43.438888 -1.298867 11
-8.941262 -42.746088 -1.167167 1
-9.735262 -42.283788 -1.520767 11
-10.045162 -41.392788 -1.705867 1
-10.072462 -40.736488 -1.009167 16
-9.855262 -40.073988 -1.712767 1
-9.208962 -40.637488 -2.313267 1
-9.283262 -39.680088 -2.436367 16
-8.817562 -38.965088 -1.963867 1
-8.616962 -39.335388 -1.064167 1
-8.098562 -38.655888 -0.756567 7
-7.652962 -39.293188 -1.332567 11
-7.578162 -39.408588 -2.337867 1
-7.639362 -40.357588 -2.420567 16
-8.034362 -40.358388 -3.284567 1
-7.434762 -40.880788 -3.800067 15
-8.156662 -41.528788 -4.124867 11
-8.025062 -42.209888 -3.428967 12
-7.242262 -41.643888 -3.014667 5
-7.185462 -42.467088 -2.579267 12
-7.331762 -43.242888 -2.067067 12
-6.673862 -43.650788 -1.499467 7
-6.894762 -44.519688 -1.149167 16
-7.780762 -44.431288 -1.593167 5
-7.857062 -45.345488 -1.346867 16
-7.642862 -46.263988 -1.670367 16
-7.727162 -46.906188 -2.388867 16
-7.219362 -47.662788 -2.825167 16
-6.419362 -48.114288 -2.799367 1
-5.458942 -48.283888 -2.468667 15
-5.910042 -47.880288 -1.633667 16
-5.940682 -48.372788 -0.828167 7
-6.657862 -47.765288 -0.876467 16
-7.325462 -47.552188 -0.215467 13
-7.627562 -47.274588 -1.064767 16
-7.788062 -47.797788 -1.878667 16
-8.155462 -48.607388 -1.651767 15
-8.892062 -49.085188 -1.834867 1
-8.581862 -48.755188 -2.780567 16
-8.590962 -49.350288 -3.671567 1
-8.629462 -50.143488 -4.312067 16
-8.809562 -49.792188 -5.240767 1
-7.849162 -49.769288 -5.198367 15
-7.631162 -48.764088 -4.935667 1
-7.243862 -48.496988 -4.087167 15
-7.470962 -47.612488 -3.789267 16
-7.501462 -47.353288 -4.751967 11
-7.371462 -46.455188 -4.549967 16
-7.780962 -45.706688 -4.950967 1
-8.222462 -45.146588 -4.322967 1
-8.304362 -45.892588 -3.667367 16
-8.960462 -45.406188 -3.227167 16
-9.822162 -45.033188 -2.894667 11
-9.193162 -44.414688 -3.243467 11
-8.244962 -44.471688 -3.356467 12
-8.489662 -44.568988 -2.438867 16
-8.259462 -43.572388 -2.423367 12
-8.659762 -43.204488 -3.199267 12
-9.512462 -43.084488 -2.786867 11
-10.272462 -43.555988 -3.093767 11
-10.379762 -43.547788 -4.122167 15
-11.017962 -43.317688 -4.898167 1
-11.440862 -43.877588 -4.206467 1
-11.262262 -44.788788 -4.226567 8
-10.389762 -44.832088 -4.512067 16
-10.832862 -44.990888 -5.323367 1
-11.633662 -44.755288 -5.836367 16
-12.058862 -44.915888 -5.073167 8
-12.528262 -45.750088 -5.353867 15
-11.649062 -46.057588 -5.558967 8
-10.680262 -46.274988 -5.406867 5
-9.749762 -46.309188 -4.990367 15
-9.280962 -45.548588 -4.862967 5
-8.917162 -44.815888 -5.373267 7
-9.635062 -44.266588 -5.691967 12
-9.991862 -43.752188 -6.472467 7
-9.983562 -42.817188 -6.614267 1
-9.973062 -42.934788 -5.685067 1
-9.388962 -43.058588 -4.936067 13
-8.498662 -43.198688 -4.878367 1
-7.855862 -43.738388 -4.233367 12
-7.124062 -43.476888 -4.942667 1
-6.254462 -43.942988 -5.198667 1
-5.865412 -43.462288 -4.462467 1
-6.545462 -43.824788 -3.836367 12
-6.687162 -44.669688 -3.467267 16
-7.374562 -45.459988 -3.351767 16
-6.754262 -45.764088 -4.020367 16
-6.143362 -46.049088 -4.645167 9
-5.755722 -46.936488 -4.559267 14
-6.205162 -46.643088 -3.756467 16
-6.529462 -46.864188 -2.865567 16
-7.007862 -46.184688 -2.359267 16
-6.999562 -45.197188 -2.400467 16
-6.677662 -44.302788 -2.341767 15
-5.912482 -44.384688 -1.866267 7
-5.855722 -45.339488 -2.105667 16
-6.015362 -46.259788 -2.000767 16
-5.089492 -46.519388 -1.760967 5
-5.077412 -46.627688 -2.730667 7
-5.312282 -46.142388 -3.469767 16
-4.868362 -46.810788 -3.935967 11
-4.281762 -47.519688 -4.366567 1
-3.317122 -47.495988 -4.226967 8
-2.811682 -47.669288 -5.169467 5
-2.675562 -46.966288 -5.815867 16
-1.797822 -46.952488 -6.161867 15
-1.711652 -46.445788 -5.286567 1
-1.747672 -46.495488 -4.327467 1
-1.143362 -47.145588 -3.949867 16
-1.548762 -46.550488 -3.297367 11
-1.316832 -45.662388 -3.047067 16
-1.592882 -45.048988 -2.429267 12
-2.497772 -45.245088 -2.743567 15
-3.209302 -45.055288 -3.351267 1
-3.072532 -44.124788 -3.619767 12
-3.614522 -44.060888 -2.796567 15
-3.731592 -44.223788 -1.878467 16
-3.040432 -44.849088 -1.714367 11
-3.812782 -45.410288 -1.426967 1
-4.750312 -45.345688 -1.161967 1
-5.696422 -45.263888 -0.963967 16
-5.650682 -46.042588 -0.459567 1
-6.191062 -46.640388 -0.946267 16
-7.074562 -46.474988 -0.692967 16
-7.390862 -45.534088 -0.443767 16
-6.996562 -45.669988 0.448433 11
-6.449262 -45.255888 1.132033 5
-6.110562 -46.161488 0.903533 16
-5.433682 -46.006788 1.620833 7
-4.572492 -46.051088 1.174733 1
-4.197062 -45.963088 2.049733 1
-4.444562 -46.171388 2.981033 1
-4.674912 -47.139688 3.014033 12
-4.290682 -47.697488 2.210833 7
