-7.51114 1.455714 0.446176 1
-8.11784 1.717954 -0.249694 1
-7.94934 2.696174 0.094486 1
-7.71174 3.670944 0.064326 1
-6.90534 3.401894 0.577626 2
-6.09774 3.254624 1.155456 1
-6.08804 2.530144 1.743056 14
-5.99784 2.303044 2.662326 2
-6.58484 1.779164 3.168376 16
-6.23604 1.866984 4.084796 12
-7.14174 1.677124 4.298976 3
-6.97634 1.656684 5.209206 1
-6.86914 0.658544 5.314086 1
-6.90364 -0.293256 5.397696 4
-6.93764 -0.705786 6.303196 1
-6.77764 0.118694 6.858586 9
-5.81964 0.287824 6.536666 1
-5.11844 0.419354 5.892976 2
-4.97274 1.249764 6.338426 15
-4.34734 1.567964 5.648616 5
-4.52904 2.442554 5.864576 2
-5.18854 2.825854 5.300016 15
-5.27414 3.767904 5.660116 2
-4.85214 4.641674 5.852566 13
-5.70314 5.173794 5.680926 9
-6.07724 5.831494 6.328446 14
-6.44364 6.681194 6.137926 1
-5.54384 6.983294 6.359386 11
-5.34644 7.650094 6.994676 8
-5.89294 7.779494 7.746664 8
-6.81344 7.680194 7.703506 14
-6.96494 7.507294 8.582241 2
-6.20184 7.406794 9.171077 2
-6.43434 6.512094 8.897478 6
-5.53244 6.792894 8.760457 8
-5.27874 6.069594 8.162862 6
-5.10394 5.309794 7.601004 14
-4.84164 4.391054 7.658982 1
-4.76244 4.440414 8.640718 14
-4.13424 3.957074 9.237907 2
-4.94634 4.028394 9.792436 14
-5.37484 4.879894 9.333676 6
-6.00604 4.856414 10.013456 12
-6.25334 5.366894 10.853856 14
-6.57444 6.175094 11.270086 2
-6.87304 6.755194 11.918606 2
-6.99904 7.671494 11.651296 2
-6.92994 7.876694 10.711046 2
-6.95884 8.817894 10.428526 2
-7.36264 9.527094 11.025716 2
-8.08224 9.941494 10.572586 5
-8.96124 10.382494 10.872996 5
-9.66234 10.288194 11.507956 11
-10.01954 9.460294 11.021896 2
-9.55174 9.637794 10.239166 3
-9.56424 9.883994 9.266286 5
-9.54964 10.116894 8.372986 7
-8.87684 10.286894 7.713356 1
-8.41084 9.637994 7.157376 2
-7.58974 9.862394 6.648036 1
-6.93744 9.204594 6.424176 14
-6.28514 9.729594 6.944656 8
-6.16534 10.530694 6.401526 1
-5.42894 10.509094 7.030766 2
-6.22554 10.560594 7.502911 15
-6.38834 11.396994 7.967746 1
-5.46154 11.382294 7.916706 9
-4.63914 11.040794 8.275643 14
-5.16604 11.509694 8.988038 1
-4.65674 11.610194 9.831546 14
-3.76604 11.604094 9.323886 14
-3.93484 12.014194 8.423294 2
-3.04004 12.436094 8.417153 8
-2.97774 13.121294 7.731572 9
-3.46624 13.271394 6.866326 1
-3.72714 13.994394 6.257696 15
-4.71244 13.874794 6.479276 2
-4.67464 14.840194 6.543146 14
-3.80604 14.803594 7.224736 10
-3.48144 15.306394 7.982253 14
-2.90664 14.925994 8.61102 2
-2.69564 15.886794 8.656249 8
-1.98694 15.981294 9.336206 2
-1.83524 15.809094 10.213086 6
-1.20974 15.156894 10.395216 11
-0.64164 15.840694 10.941356 8
0.28386 15.931794 10.806026 12
0.81966 16.473494 10.246996 1
0.24266 17.203494 10.545996 1
-0.27264 17.315294 11.396556 2
-1.19904 17.348094 11.780156 1
-1.13784 17.688994 12.673136 1
-1.17644 16.831494 13.021216 1
-1.86064 16.164594 12.680726 1
-1.47784 15.190894 12.504286 2
-2.30584 15.377294 13.091136 3
-1.88274 14.472094 13.148156 14
-2.61994 13.916494 12.858606 7
-3.07264 14.583194 12.283936 1
-2.16944 14.591794 12.002326 2
-2.16284 14.798994 11.026146 1
-2.95934 14.212494 11.174156 2
-2.44284 13.935594 10.354526 1
-3.25404 13.529994 9.924356 1
-3.15694 12.779294 10.493846 1
-2.62914 12.439494 9.800686 14
-1.81734 12.007494 9.623016 2
-2.53254 11.371094 9.922296 2
-3.14824 10.740694 9.541186 14
-3.70074 10.028094 10.023716 14
-4.18534 9.458094 9.452116 5
-3.39724 9.848694 9.122989 14
-2.63254 10.182194 8.779819 14
-2.15864 10.882794 8.345814 5
-1.35934 11.222394 7.875805 11
-1.89934 10.509594 7.328535 2
-2.91054 10.545794 7.542845 14
-2.86214 11.553894 7.49344 2
-3.82714 11.263594 7.603971 14
-4.49804 11.427094 6.981616 5
-4.20584 11.814594 6.085976 6
-4.79624 11.250194 5.650456 1
-5.33304 12.122494 5.403466 9
-5.67304 11.575294 4.696856 8
-6.18494 11.913394 4.004446 2
-5.23254 11.588494 3.794676 15
-4.61824 12.202994 4.255576 2
-4.41954 11.232694 4.259406 8
-4.92694 10.315394 4.125706 15
-5.09914 9.547294 3.698126 1
-4.66544 9.287494 4.489996 2
-5.24254 8.578194 4.052046 15
-4.51064 8.635894 3.457356 2
-4.12374 7.928894 2.886856 8
-3.62524 7.619694 3.637816 2
-3.12424 7.155294 4.347786 1
-2.86914 7.380594 5.284696 2
-3.70804 7.936794 5.304226 9
-3.96354 8.820894 4.972546 6
-4.36444 8.686594 5.828056 12
-4.63184 8.873994 6.810176 8
-3.93674 9.529394 6.676586 12
-3.93734 10.082994 7.473001 14
-4.12804 9.783494 8.438548 14
-5.08294 9.979994 8.475034 2
-5.22964 9.563994 7.594748 8
-5.87334 8.972794 8.115312 8
-6.82734 8.821294 8.198584 3
-6.43844 8.348794 8.876316 2
-6.63384 9.086994 9.414416 2
-6.99544 9.986394 9.479956 1
-7.87874 9.909994 9.190476 5
-8.70134 9.415594 9.157909 5
-7.82474 8.832194 9.090726 2
-7.97034 7.995194 8.64685 6
-8.19594 7.287694 9.219038 1
-7.45634 6.939194 9.810846 2
-6.60964 7.188994 10.126056 2
-5.87144 6.543994 10.278066 1
-5.41994 7.362994 10.247886 2
-4.55804 7.002994 9.778936 5
-3.89354 6.341694 9.546726 11
-3.33704 6.965994 9.993696 2
-2.64584 7.308894 10.594546 1
-2.04674 7.787594 10.020756 1
-2.30014 8.757694 9.994546 14
-3.15534 8.924794 9.891326 14
-3.12424 7.918494 9.727736 15
-2.69134 7.354694 9.136698 2
-2.18084 7.064894 8.379437 2
-1.62474 7.444794 9.111712 15
-1.72344 8.401294 9.106454 14
-1.67844 9.297194 9.386866 14
-0.73284 9.510394 9.057801 6
-0.59764 9.449794 8.105304 3
-0.39914 8.579094 7.805379 2
-1.34634 8.595094 8.139838 15
-2.04164 9.213394 7.989257 14
-2.71044 8.435994 8.003138 14
-3.35664 8.379494 7.204976 2
-4.07494 7.738094 7.236116 8
-3.95074 7.934694 8.129117 8
-3.67664 8.707094 8.717288 14
-4.41884 8.346394 9.204039 1
-5.20794 7.978294 8.770992 8
-5.55994 8.824994 9.218492 2
-5.09144 8.537694 9.970876 2
-4.22114 8.221494 10.425156 14
-4.05454 7.589694 11.138706 9
-4.31844 6.631494 11.165656 2
-3.30914 6.604294 11.109236 8
-3.67904 6.066294 11.819846 9
-3.89194 5.124024 11.645826 5
-4.64114 4.503424 11.694076 2
-5.23894 3.832184 12.061646 1
-6.09854 4.099414 12.568776 1
-6.37084 4.887764 11.958466 2
-6.72874 4.413604 11.194356 1
-7.44884 4.829724 10.647486 3
-7.38744 5.762194 10.966556 2
-8.25534 5.390494 11.337266 1
-8.33824 5.112604 12.234376 2
-8.68894 5.942794 12.026586 1
-8.01334 6.466694 11.673136 2
-8.25254 7.374394 11.497316 2
-9.10714 7.061394 11.229176 4
-9.81544 7.661994 11.551086 14
-10.33254 8.293194 12.062006 7
-10.49714 8.442894 11.171096 2
-10.90624 8.899294 10.358286 3
-11.40074 8.186994 9.992756 14
-11.08944 7.234094 9.999806 6
-10.57534 7.881294 9.456776 12
-9.60284 7.704294 9.499266 14
-9.67204 7.434494 8.592398 8
-9.13354 6.658394 8.590654 6
-9.37924 5.968394 9.261136 8
-9.01884 6.674294 9.899586 1
-8.23414 6.647594 10.461086 3
-7.96494 7.727494 10.436386 2
-7.92794 8.704094 10.166706 2
-8.82054 8.821494 10.624536 1
-8.87334 8.220694 11.316866 2
-8.76514 8.827994 12.118706 2
-8.95194 7.916594 12.447716 10
-8.57704 7.358594 13.080296 2
-9.46154 6.923194 13.362616 1
-9.63784 7.530294 14.080736 1
-10.58414 7.807994 14.410666 3
-11.06044 7.016294 14.059966 7
-10.79114 7.457994 13.312206 2
-11.66964 7.271194 13.052296 1
-12.51674 6.978994 13.335366 8
-12.63254 7.760894 13.959746 14
-12.68744 8.733194 13.723336 1
-12.26674 9.618394 14.019346 2
-11.63594 10.159794 13.538186 8
-11.68094 11.048194 13.912066 14
-11.90074 11.852094 14.300626 3
-12.51704 11.896694 13.558176 9
-13.11454 11.587994 12.832976 2
-12.60614 10.997194 12.180426 15
-13.12324 10.885894 11.427656 2
-13.16664 9.997894 11.064026 11
-12.24944 10.176794 10.730746 8
-11.69184 10.953894 10.485846 2
-10.67664 10.805594 10.509146 1
-10.52634 10.663394 9.529106 3
-9.61574 11.013594 9.402516 5
-9.04074 11.385994 10.209306 5
-8.27454 12.031794 10.384226 14
-8.79124 12.824394 10.649236 12
-8.15554 13.452394 10.987016 3
-7.71434 14.219894 10.672436 2
-6.79154 14.432194 10.711096 2
-6.58184 13.497094 10.877016 4
-6.26294 12.808094 10.227826 1
-5.66384 12.121394 10.617406 1
-5.17484 12.204894 11.414596 1
-4.25294 12.063994 11.077056 3
-3.91924 11.230594 11.493966 14
-4.75184 11.276294 12.019006 1
-4.87534 10.899294 11.094816 14
-5.51704 11.018194 10.422506 2
-5.31014 10.467494 9.655096 1
-4.59704 10.192294 10.290346 14
-5.23804 9.675094 10.779636 1
-6.04344 9.126694 10.685406 2
-5.68664 8.280894 11.053426 2
-4.74934 8.521694 11.230326 14
-4.46974 8.034794 12.041646 9
-5.05544 7.580294 11.390806 2
-4.80654 6.961794 12.087276 9
-5.44864 6.429594 11.494156 2
-4.99134 5.464894 11.428846 6
-5.18534 5.536794 12.345886 2
-4.73124 5.352694 13.188476 9
-5.65714 5.549094 13.356936 6
-5.10264 6.394394 13.174596 9
-5.93404 6.805694 13.132786 2
-5.90604 7.082694 12.229006 2
-6.04674 7.995594 11.965026 2
-5.74724 7.814994 12.881326 9
-5.28724 8.343194 13.580996 9
-5.75074 8.649594 14.416256 6
-5.34594 8.518794 15.176266 8
-5.32104 9.041494 15.939556 3
-4.41594 8.602494 15.838896 8
-4.62644 8.916694 16.688766 14
-4.34574 7.990094 16.620436 8
-4.70954 7.100894 16.623696 8
-5.36094 6.754794 17.301986 3
-5.66814 6.967694 16.372366 8
-6.35254 6.917994 15.743666 14
-5.85244 7.620794 15.436966 8
-6.61264 8.214694 15.046166 6
-6.97244 8.259694 14.130806 6
-7.50424 8.103394 13.275606 2
-7.36504 7.069394 13.554216 2
-6.96884 6.481994 12.895096 2
-7.83634 6.208794 12.904216 2
-8.50744 6.056094 13.583786 1
-9.37854 5.789394 13.333456 3
-9.44934 5.429394 14.245596 12
-8.88764 5.963194 14.821246 3
-8.15474 5.939594 15.446346 2
-8.11614 4.920254 15.510386 3
-7.85374 4.141844 15.965886 2
-8.83144 3.936364 15.858006 14
-9.19124 4.112914 14.992816 3
-8.52964 3.967284 14.331186 2
-8.01124 4.365824 13.564376 12
-7.72644 3.823244 12.853466 10
-7.22804 4.611844 12.536716 2
-6.77194 5.331594 12.899476 2
-7.04704 5.364494 13.951706 1
-6.56214 5.341994 14.728576 1
-5.69384 5.794194 14.927636 8
-6.25304 6.237694 14.144476 14
-6.18604 7.239094 14.401716 1
-5.25114 7.076094 14.632306 8
-4.67144 7.776294 14.219226 9
-4.16494 8.260994 14.799376 2
-3.94074 9.214794 15.035576 1
-3.94314 9.827394 14.309716 3
-4.60414 9.828994 13.581656 2
-4.95654 10.424394 14.179266 8
-4.78504 11.281894 13.679586 2
-5.58254 11.696894 13.420266 1
-6.03434 11.226094 14.045316 9
-6.42144 10.768694 14.780936 3
-6.40494 10.225494 13.957636 6
-7.13034 10.838494 13.856376 1
-8.07414 10.863794 14.166356 7
-7.58234 10.038494 14.425436 6
-7.38604 9.299894 13.798136 6
-6.52094 9.139694 13.446166 1
-6.53474 8.600694 12.590526 2
-7.43144 8.331094 12.267256 2
-7.47564 9.297894 12.023816 2
-7.62354 10.233194 11.899696 8
-8.12354 11.012394 11.463536 2
-7.60234 11.416994 12.105956 14
-6.77194 11.312094 12.624636 3
-6.56574 10.764494 11.915726 1
-6.26654 9.750394 11.862026 2
-5.56364 9.113194 11.851306 2
-4.69354 9.456494 11.621366 14
-4.25414 9.967094 12.329526 3
-3.60044 9.376794 11.866436 14
-2.65844 9.459194 12.118646 2
-2.10954 9.054394 12.867686 12
-2.76474 8.358494 13.123796 2
-3.68794 8.264994 13.234506 3
-3.60064 7.240794 13.274596 9
-4.21894 6.779294 13.880386 9
-4.21804 6.917394 14.825316 8
-3.96844 6.838294 15.716976 8
-3.66404 7.739294 15.751096 8
-2.66584 7.449394 15.538286 14
-1.97174 7.145894 14.979646 1
-1.24584 7.657594 14.351116 2
-0.45844 7.817094 14.853766 10
-0.15454 8.100194 15.720196 3
-0.31844 9.015394 16.015236 3
-0.00354 9.982094 16.198976 9
0.25206 10.161994 17.150066 1
-0.07334 9.376194 17.517266 1
-0.27424 8.400194 17.452766 2
-0.58594 7.773894 18.066286 1
-0.42894 7.977394 18.993476 9
-1.10044 8.605794 18.849976 1
-1.98684 8.766394 19.091476 2
-2.54004 8.014894 18.997076 2
-2.91654 8.230394 18.126056 2
-3.55234 7.814994 17.566346 8
-3.23424 8.235194 16.704076 14
-3.55434 9.178494 16.864356 6
-3.44924 9.227294 17.866146 2
-3.03354 10.118994 17.848656 6
-3.59144 10.103094 18.750676 2
-4.37804 9.632394 18.429076 12
-4.30244 8.711494 18.627176 2
-4.67064 8.678894 17.739096 8
-5.46044 8.279394 17.303646 8
-6.36484 8.235494 17.108566 3
-7.30274 8.080694 17.300686 3
-7.27504 8.797994 16.705836 2
-6.93244 9.035094 15.795106 6
-7.17674 9.912894 15.412016 6
-7.92554 10.560594 15.592696 12
-7.67744 10.863394 16.483986 1
-7.02694 11.065794 17.095856 2
-6.09494 10.830894 17.337096 8
-5.49664 11.528894 17.699686 3
-5.59954 11.449094 16.683546 14
-5.63254 10.723194 16.081686 1
-4.70514 10.686694 15.834836 2
-4.16984 10.529394 16.619296 2
-3.61014 11.036694 16.058066 1
-3.70614 10.316994 15.497556 14
-2.86874 10.169194 14.976986 2
-1.91684 10.242994 14.697686 4
-1.53734 10.797194 14.067056 3
-2.08974 11.436594 13.545976 1
-1.98244 12.110094 12.847706 3
-2.13044 11.845994 11.896576 2
-2.65384 11.151294 11.435646 9
-2.89654 10.475594 10.760656 14
-2.86614 9.503394 10.856256 14
-2.31874 8.695794 11.080196 1
-3.06674 8.418694 11.579116 2
-2.75014 7.739994 12.242806 9
-2.01074 7.125294 12.463936 2
-2.14624 6.169894 12.450016 2
-2.99154 6.578394 12.674646 9
-2.91144 5.901994 13.287126 6
-3.32474 6.358194 13.991106 2
-3.97824 5.584194 13.925746 9
-3.93274 5.024884 14.695986 6
-4.61154 5.723694 14.807586 10
-4.25164 5.678594 15.698186 8
-5.05474 5.546094 16.108246 8
-4.84664 5.496894 17.035826 3
-4.28324 5.824094 17.789826 3
-3.90464 6.652894 17.656096 8
-4.00364 6.737894 18.587776 2
-4.87754 6.675094 18.255076 3
-4.89994 7.542994 18.726176 8
-4.55494 7.919494 19.617876 2
-3.98724 8.743394 19.679376 2
-3.16354 8.370494 19.905076 2
-2.71564 8.696994 20.658876 1
-3.38184 8.624494 21.434676 2
-2.68054 8.431494 22.088276 1
-2.51004 9.463894 22.123176 3
-3.12214 9.784494 22.797176 6
-3.57254 10.230594 22.111876 3
-3.61234 10.475594 21.209476 3
-3.74524 11.235494 21.781276 14
-4.71944 11.046894 21.630276 8
-5.27674 11.162294 20.837976 14
-5.93914 10.704494 21.388476 7
-5.44354 9.788194 21.296976 3
-4.68024 9.895094 20.691176 14
-4.45654 9.108694 21.225676 4
-4.47964 8.159694 21.573276 2
-5.10794 8.009394 20.880176 2
-4.95104 7.185994 20.420676 6
-4.14584 7.091494 20.913976 2
-3.78094 7.335594 19.960076 2
-2.90374 7.223894 19.563276 2
-2.22784 6.839794 20.118676 10
-2.74354 6.079794 19.693076 7
-3.51944 5.666394 20.070076 3
-2.78474 5.192894 20.390476 5
-2.97894 4.341184 20.765376 5
-3.51934 4.239184 21.561776 3
-2.86204 3.814204 22.094876 3
-2.69824 2.956864 22.345876 1
-1.93364 2.386564 22.723776 13
-1.63624 2.196024 23.648076 6
-1.54614 3.121164 23.947676 2
-1.53884 3.588614 24.845276 3
-1.14864 4.346374 25.162376 1
-1.29204 4.953484 25.886276 9
-1.75194 5.116864 25.043576 9
-2.28284 5.769294 25.460976 10
-3.19744 6.113794 25.656376 8
-3.42794 5.462094 26.328176 8
-4.17544 4.835694 26.503276 1
-3.34524 4.266624 26.399076 3
-4.07824 3.929304 25.937776 1
-4.56664 4.560894 25.370776 3
-5.25944 5.196494 25.655676 9
-4.98924 5.952494 25.014976 1
-5.37234 6.356894 25.825876 14
-6.34264 6.320794 25.350276 3
-6.07314 6.909694 24.693276 1
-6.94044 7.436294 24.703676 3
-7.55904 8.080494 24.276876 2
-8.48944 7.992594 23.867576 2
-9.16174 8.220994 23.191176 1
-10.08184 8.521494 23.238576 3
-10.77614 7.931394 23.578176 3
-10.52834 7.306694 24.231876 9
-10.04414 6.536694 24.565876 14
-10.14584 6.202894 25.536076 10
-10.79194 6.939594 25.775576 3
-11.65874 6.553894 25.602576 4
-12.43244 6.074394 25.988376 12
-12.93294 5.520694 25.380476 5
-12.76634 5.725294 24.455076 13
-12.23884 5.378394 23.763676 3
-11.23604 5.233094 24.072376 9
-10.22434 5.170594 23.977176 10
-10.12154 4.229864 23.729176 10
-11.00254 3.738414 23.639276 1
-11.92124 3.861234 23.134376 2
-11.80284 2.914994 23.076876 8
-11.90714 1.980824 22.948376 1
-12.17034 1.670694 22.119976 2
-12.14044 2.423454 21.514076 6
-12.78484 2.046424 20.863176 1
-12.28604 1.677994 20.152176 3
-11.36064 1.649564 19.830676 3
-11.49404 1.935524 20.730476 3
-11.12444 1.848154 21.565276 3
-10.44794 2.107854 22.239076 1
-10.17304 2.955304 21.763876 7
-9.39124 3.520684 21.501376 9
-8.67164 2.878864 21.756076 3
-8.03134 2.639404 22.425676 6
-7.46304 1.987434 22.972676 6
-8.15754 2.379694 23.576076 9
-8.99094 1.915944 23.608076 12
-8.67804 1.519434 22.818076 3
-9.37484 1.520104 22.200176 4
-9.80644 1.656114 21.342676 3
-9.53614 1.638014 20.446876 3
-9.00864 2.335114 20.035176 9
-8.45004 2.569454 20.815476 13
-7.81264 2.225074 21.455076 6
-7.40184 1.487814 20.937576 6
-8.39314 1.553254 20.897676 8
-7.99454 1.820594 20.098576 5
-8.21414 2.476884 19.394876 9
-8.08544 1.675694 18.736076 5
-7.10594 1.856664 18.786576 3
-6.81654 2.395204 18.070656 3
-7.65864 1.916994 17.890106 14
-8.09254 1.074494 17.673176 5
-8.35894 1.866544 17.209756 10
-8.79164 2.166954 16.375436 10
-9.65454 2.251964 16.705386 8
-10.45014 1.706794 16.627696 9
-10.50374 1.581324 17.613296 3
-10.78924 2.534634 17.470016 14
-11.49054 2.181834 18.056036 3
-12.02674 2.866624 17.632276 5
-12.07304 3.656854 17.164776 4
-12.78924 3.231824 16.572726 1
-12.76004 3.968834 15.903286 1
-13.55394 3.955704 15.353806 3
-13.75984 3.385474 16.113206 4
-14.44104 2.688124 16.198446 3
-14.21854 1.754474 16.216896 1
-14.96234 1.024594 16.251026 1
-14.54664 0.938364 17.174756 1
-13.81224 0.732914 17.811216 9
-13.60224 0.043004 18.457076 1
-12.76094 0.202584 18.925776 3
-13.14164 1.013504 19.285876 3
-13.54504 1.459554 18.574676 9
-14.30864 1.763824 18.149746 1
-14.56844 1.225534 18.893976 15
-14.51554 0.272344 18.976576 6
-14.52394 0.469854 19.889276 11
-13.57334 0.319644 20.104776 6
-12.67044 0.443284 19.990376 3
-11.83474 0.039564 19.737176 3
-11.66974 -0.334726 20.574976 3
-11.92004 -0.040186 21.523476 3
-11.45564 -0.890686 21.499176 13
-10.55924 -0.890366 21.430576 6
-9.77144 -0.786536 21.887876 13
-10.00494 0.079274 22.109876 6
-10.97174 -0.023126 22.131376 10
-11.03434 0.789544 21.487776 3
-10.70884 0.171374 20.773676 3
-10.00374 0.432014 20.111276 3
-9.58134 0.167864 20.918476 8
-8.70204 0.149164 20.650776 9
-8.40254 0.346214 19.771376 5
-8.77204 1.149694 19.486676 5
-9.31274 1.883814 19.155676 3
-10.05724 1.840054 18.496976 3
-9.67894 2.709644 18.458876 9
-9.75564 2.988664 17.577306 8
-10.24604 3.789154 17.182436 4
-9.80404 3.751054 16.293556 12
-10.81274 3.681704 16.325976 3
-10.38614 4.545004 16.165156 1
-10.78364 4.873564 17.058216 9
-11.67834 5.061284 17.432006 4
-11.03154 5.265494 18.082506 5
-10.84414 5.930394 17.365066 6
-10.52614 6.314794 18.145386 1
-11.43974 6.476094 18.256976 5
-12.26694 6.177894 18.714976 10
-12.34604 5.817494 19.617076 6
-13.25334 5.877794 19.179176 1
-14.10984 6.483694 19.230676 1
-13.58754 6.377694 20.025176 3
-13.48824 5.580794 20.482676 1
-13.31744 5.021774 19.724076 3
-12.96684 4.222774 20.067476 5
-12.07914 3.767154 19.845076 3
-12.30624 3.316974 20.705076 3
-12.05804 4.269964 20.767476 2
-11.88124 3.836514 21.576676 9
-10.93574 3.912044 21.354576 13
-11.25924 3.521264 20.555076 3
-10.39174 3.093024 20.639376 9
-10.74734 2.314064 20.219276 3
-10.82344 2.385574 19.288876 3
-9.97724 2.748274 19.556876 9
-10.63384 3.373314 19.687276 3
-10.19354 4.048094 20.270176 9
-9.84924 3.962404 19.322476 9
-10.32714 4.800974 19.007676 10
-11.18964 4.324254 18.965776 14
-11.45954 3.353424 18.987076 3
-12.33144 2.895614 18.831976 13
-11.89674 2.074234 18.948776 3
-12.52704 1.834574 18.298776 1
-12.11704 1.645294 17.398506 6
-11.90734 1.015024 18.102446 3
-11.59864 0.782814 17.192546 1
-11.85084 0.117314 16.577356 4
-12.53054 -0.429776 17.033746 1
-12.59454 -1.398226 17.219236 1
-12.40994 -1.611766 16.351126 8
-11.77734 -2.357356 16.579356 1
-12.70084 -2.685006 16.650416 3
-12.33764 -2.748696 17.496126 9
-11.96144 -2.466876 18.420376 6
-11.70074 -1.530096 18.315776 4
-11.34924 -0.667286 18.760276 9
-11.30444 0.211024 18.895676 3
-11.04174 0.713524 19.622776 3
-10.33954 0.426664 19.088676 3
-9.82694 -0.361986 19.382076 3
-9.13804 -0.074216 18.806476 5
-9.54204 -0.914076 18.348876 8
-10.33314 -1.133186 17.953636 9
-10.16134 -0.324896 17.521826 11
-9.21254 -0.382506 17.449186 3
-8.54164 -0.323196 18.075436 5
-8.26704 -1.177606 17.801386 10
-7.44394 -0.930826 18.340376 5
-6.50434 -0.760996 18.018416 1
-7.02644 -0.807306 17.187186 5
-6.08254 -0.883356 17.075576 6
-6.49704 -1.743066 17.021736 3
-7.06154 -1.449536 16.246156 1
-7.44724 -0.550036 16.074906 4
-7.53914 0.429824 15.804806 12
-6.76334 0.746224 16.318576 3
-7.65344 1.309284 16.440266 8
-7.75214 2.232264 16.112526 10
-7.10974 2.938164 16.288516 3
-7.01534 3.691774 16.946756 3
-7.17034 4.545314 16.573676 1
-7.38614 5.351094 17.049936 3
-8.07124 4.624414 17.224506 3
-8.20184 3.684094 17.322926 14
-8.68904 3.279964 18.149816 9
-7.80234 3.142334 18.162706 15
-6.93274 3.439344 17.925896 3
-6.37964 4.026834 18.612776 3
-7.29624 4.035574 18.855076 3
-8.29204 4.027554 19.015476 9
-8.77354 4.123004 19.815976 9
-8.30844 3.354914 20.077876 9
-7.33164 3.561724 19.982976 3
-7.38644 3.006124 20.775676 13
-6.82264 2.312094 21.105476 6
-6.11544 2.123474 21.698676 6
-6.29094 2.034274 22.653676 6
-5.83454 2.412324 23.361076 5
-5.66194 3.419194 23.476276 4
-6.42494 3.379454 22.861576 3
-5.85004 3.049824 22.234876 6
-4.95804 2.872464 21.922976 6
-4.33234 2.747074 21.201776 10
-3.54154 2.549164 20.681976 3
-2.93404 3.266714 20.415776 5
-1.98904 3.055574 20.183576 1
-1.67224 3.104884 19.260076 3
-1.42564 4.033694 19.475576 9
-1.84354 4.760054 19.087376 5
-1.55354 5.373394 19.835276 1
-0.64544 5.264394 20.041976 1
-0.11294 5.340594 19.317876 13
-0.30934 5.716794 18.393476 3
-0.45164 5.242994 17.603996 3
-0.62904 4.333854 17.280296 1
-1.47534 4.049004 16.901206 9
-2.05804 4.527224 17.494026 1
-3.13644 4.456794 17.365096 3
-3.48264 5.338794 16.995956 3
-3.09344 6.208794 17.028046 8
-3.16134 6.366494 16.048756 8
-2.41754 6.040894 15.509026 5
-1.77474 5.728294 16.128176 15
-1.92034 4.850264 15.677466 3
-1.10854 4.347494 15.669356 3
-1.30734 3.798524 14.944556 6
-0.63994 3.203374 14.527896 8
-0.61274 2.647694 13.666596 3
-1.32914 2.204484 13.143046 4
-2.08954 1.783594 13.652926 9
-2.33474 1.082874 12.883276 6
-2.85784 1.853204 12.975616 4
-3.80674 1.665654 13.317356 9
-3.52544 0.614194 13.114256 3
-3.54974 0.571154 14.098986 9
-2.78334 -0.102496 14.218876 13
-2.61264 0.774774 14.573036 9
-2.27054 0.374634 15.339896 3
-1.58304 0.093334 14.742696 4
-1.43564 0.991434 14.493896 3
-0.62254 1.398714 14.884276 1
-1.13954 2.176654 15.151846 5
-2.12604 2.141974 15.335336 3
-3.03884 1.752114 15.565606 9
-3.02794 1.375894 16.399806 14
-3.37344 2.273274 16.681726 9
-3.54214 2.192754 17.618266 13
-4.42444 2.430754 17.932126 3
-4.87834 1.993814 18.610276 3
-4.58064 1.173494 18.248596 1
-4.23214 0.757454 19.109476 10
-3.52534 1.086784 18.464276 3
-2.90324 1.831394 18.382576 15
-3.72044 2.044024 18.920776 1
-4.48694 2.450804 19.466076 3
-4.71934 2.061094 20.340176 10
-5.28734 2.134584 21.100176 6
-5.21124 1.261864 21.333076 6
-6.00274 1.167394 21.968076 6
-5.93624 0.314704 22.318876 1
-6.55664 0.886654 22.808276 6
-7.36304 0.536654 23.173676 3
-8.11384 -0.002566 22.951976 11
-8.07924 0.544774 22.166876 13
-7.45544 -0.105156 21.883276 3
-7.09954 0.646104 21.425476 6
-6.99574 0.422764 20.540276 3
-7.27444 -0.024206 19.702876 5
-6.57414 0.630814 19.599776 8
-5.76604 0.678604 20.049576 6
-5.14534 1.206044 19.485676 3
-5.19664 0.317774 19.176076 9
-5.96944 0.061914 18.591876 10
-5.64834 -0.580126 19.277476 9
-6.65324 -0.650756 19.235476 3
-7.12914 0.001204 18.731776 5
-7.12714 0.944394 18.409676 5
-6.24624 1.187574 18.342376 3
-6.12394 0.882864 17.426086 1
-6.28264 1.704524 16.939486 3
-5.42964 2.157074 16.753456 3
-5.45554 1.375094 16.132796 1
-5.83464 1.338634 15.205906 1
-6.42884 1.939964 14.743036 1
-5.81824 2.718814 14.760206 4
-5.44754 2.564184 13.907106 9
-5.15384 1.683474 13.756466 9
-5.78334 1.894824 13.072266 3
-6.42084 1.199524 12.736816 8
-6.24004 0.563424 13.514126 1
-5.28424 0.317324 13.531626 4
-5.48454 0.327824 14.523636 3
-4.76174 0.913644 14.907696 9
-4.15294 1.355694 14.238976 9
-3.79304 1.950084 14.888546 9
-4.18664 1.718504 15.712626 9
-4.37204 2.110534 16.617216 15
-4.78094 2.971614 16.730456 5
-5.25354 3.037824 17.567326 3
-5.94694 3.058844 18.192356 3
-5.73044 2.546704 18.947976 3
-6.19594 1.787384 19.264276 10
-6.78694 1.553714 19.961676 5
-6.19394 2.255954 20.246776 6
-6.39394 3.207534 20.026676 3
-5.50124 3.515104 20.188276 6
-5.75744 3.618564 19.245976 3
-4.92814 4.084154 19.403276 3
-4.82734 4.266914 20.347676 5
-5.70644 4.547274 20.312676 3
-5.45794 4.104984 21.094176 6
-6.06764 4.785924 21.244776 1
-6.79054 4.737814 21.877676 13
-7.66754 4.848114 22.330876 1
-7.44044 3.898454 22.213176 13
-6.76344 3.581994 21.560476 6
-6.79034 4.100224 20.754476 3
-6.96734 4.974994 20.518676 3
-7.74794 5.433794 20.969676 10
-8.64894 5.569694 20.852076 5
-8.69924 5.402294 21.800676 6
-8.44804 6.104294 22.437976 3
-8.21404 6.417194 21.499876 4
-7.27694 6.135394 21.636176 13
-6.51774 5.845494 21.036076 11
-6.57254 6.289694 20.118776 4
-6.54444 5.414394 19.646776 3
-6.87454 4.985364 18.872776 3
-7.69164 5.144994 19.341176 14
-7.80094 5.359494 18.333476 3
-8.68324 5.105514 18.453276 6
-8.64714 6.090194 18.626976 12
-8.49784 6.936794 19.138476 3
-8.62504 6.313794 19.880276 9
-9.42374 6.634794 20.198976 4
-9.51584 7.054194 21.079076 8
-10.38694 7.191994 20.878876 3
-10.61634 7.876794 20.231076 1
-10.24904 7.985794 19.394076 6
-10.18344 7.317894 18.594276 4
-9.29094 7.646594 18.805876 9
-8.45724 7.567094 18.290176 10
-8.11184 8.421894 18.377076 3
-7.28514 8.655294 18.692076 6
-7.06104 8.987094 19.629276 9
-7.46154 8.097994 19.538076 6
-6.75864 7.522094 19.175176 9
-5.98664 7.484594 18.583176 1
-6.17984 6.569894 18.347676 3
-6.07694 5.806694 18.841176 3
-5.52774 6.502694 19.256276 1
-5.11124 5.698894 19.059076 1
-4.88294 4.983774 18.476576 3
-4.30244 4.945474 19.235976 5
-3.84334 5.756594 19.018876 10
-3.49524 5.230094 18.255976 3
-3.02614 4.937864 19.142376 5
-3.13724 4.191474 18.423976 1
-3.48554 3.789664 19.165676 5
-4.18774 4.069534 18.550276 3
-4.33144 3.584714 17.707636 3
-3.77994 3.365604 16.956416 8
-3.57944 3.784454 16.115156 9
-3.21214 4.382064 15.370646 13
-2.99354 4.569544 14.418146 1
-2.77174 3.791354 13.862266 15
-2.53154 3.364124 14.693236 8
-3.25134 2.704314 14.552226 9
-3.20434 2.692954 13.559836 9
-3.96104 3.381104 13.675416 10
-4.84504 3.357254 14.084446 6
-4.34654 3.094264 14.890866 9
-4.83904 2.728164 15.639846 9
-5.75694 2.862984 15.948966 11
-6.06624 3.700694 16.372986 3
-5.50714 4.488904 16.223366 13
-4.97784 4.086944 16.930196 13
-5.31784 4.707724 17.508306 3
-6.03724 4.849844 18.086156 3
-6.30134 5.085734 17.182216 3
-6.28894 5.590494 16.336536 13
-6.23034 6.141994 17.168886 3
-7.17904 6.385494 17.139496 3
-7.61184 7.206494 16.864046 6
-8.12394 7.931294 16.488686 5
-8.13034 7.945094 15.575996 6
-8.49364 8.826894 15.865446 5
-8.62264 9.412194 15.140656 6
-8.82474 10.002894 14.385336 5
-8.96724 10.638994 15.139446 3
-9.28264 10.370094 16.053076 4
-9.62644 10.144894 16.932466 3
-8.86564 10.040794 17.475616 15
-8.92874 10.948794 17.176686 6
-9.01784 11.859294 16.951456 3
-8.46794 12.332194 17.467186 8
-8.82864 11.977994 18.282576 6
-9.20414 11.207194 18.733476 1
-10.11244 11.348094 19.041976 1
-10.57184 10.783494 19.636976 1
-10.19564 11.440194 20.240776 3
-10.60564 12.297494 20.337176 1
-10.04094 12.627294 19.669876 4
-10.03994 13.386394 19.125276 3
-10.71464 13.858994 18.676176 1
-11.46794 14.089194 18.100726 3
-11.59194 15.078994 18.259876 10
-12.11234 15.443394 19.058576 10
-12.99154 15.259194 18.641376 1
-13.88674 15.177594 18.857576 3
-14.39544 15.822194 18.258576 1
-14.93594 15.047894 18.230166 3
-15.48794 14.364594 17.903916 6
-16.17454 14.657694 18.478676 4
-16.36634 13.739094 18.364576 3
-17.22204 14.164094 18.183056 5
-17.59604 13.609094 18.894176 9
-18.11654 12.958294 18.453776 12
-18.25964 12.022694 18.700076 9
-17.99744 11.765594 17.779226 14
-17.17104 11.893794 18.171026 10
-17.18594 11.541294 19.024376 3
-17.99494 11.491794 19.582076 5
-17.80854 11.370694 20.507776 11
-17.78074 12.257594 20.843776 3
-17.44354 12.696194 20.054076 9
-16.60494 12.773694 20.717676 4
-16.06964 13.514894 20.988476 4
-15.55674 15.353194 20.937576 3
-16.54824 15.279694 20.843376 10
-16.82044 15.232394 21.812876 9
-16.99284 15.246594 22.792776 6
-17.79644 15.615594 22.383176 10
-18.57644 15.034794 22.889076 6
-18.34404 15.882094 23.204276 4
-18.56274 16.383494 24.017976 8
-18.56454 16.394694 24.995476 13
-18.04624 16.420994 25.847276 13
-17.33574 16.134294 25.301076 13
-17.29634 16.107694 24.309776 1
-17.12324 15.198794 24.293076 10
-16.61154 14.533794 23.785876 4
-16.95674 14.094094 23.022776 6
-17.03104 13.130894 23.199676 3
-16.65784 12.825194 24.033176 5
-16.46364 13.306494 24.836376 3
-17.14314 12.631694 24.930576 10
-16.58254 12.317794 25.645876 4
-16.28414 13.022094 26.209876 5
-16.93354 13.191594 26.934976 13
-16.61094 13.027794 27.827176 1
-17.10114 13.515894 28.505576 4
-17.09654 13.989094 27.599576 1
-17.99954 14.151994 27.718876 4
-17.53414 14.744994 27.030876 13
-18.21954 14.643794 26.384776 13
-18.99994 14.175894 26.743176 11
-19.67554 14.812394 27.018176 3
-20.21834 15.619894 27.284776 10
-19.98524 15.057794 28.034076 4
-20.89684 15.074594 27.785676 10
-20.98224 14.259894 28.244776 10
-20.09854 13.985294 28.352276 4
-19.90824 13.036094 28.540376 8
-19.02164 13.244094 28.101876 4
-18.59334 12.349594 27.915276 10
-17.98034 13.084994 27.807676 4
-18.06524 13.033894 26.745976 9
-18.46794 13.127594 25.924676 11
-18.97674 12.930994 25.091776 11
-19.57614 12.479494 25.679076 6
-20.29404 11.818894 25.833076 5
-19.83704 11.050694 26.219076 13
-19.73604 11.117394 27.265176 13
-20.30384 10.964394 28.033576 4
-21.05574 11.451994 27.669076 1
-21.83184 10.913194 27.481276 5
-22.58204 11.077294 26.939576 10
-22.90034 10.236394 27.344176 1
-22.90074 10.389894 28.310376 3
-22.36764 10.359394 29.146676 6
-21.66124 10.675494 29.687976 10
-21.79634 11.223694 30.621176 10
-21.17954 11.875394 30.354176 13
-21.83664 12.605294 30.368976 6
-22.33584 12.897594 29.649676 1
-23.19204 12.931594 29.259076 12
-23.58814 13.755794 29.616776 9
-23.44334 13.627094 30.563676 4
-23.52414 13.217594 31.446976 4
-23.41034 12.471394 30.829676 6
-23.10334 11.827794 31.433176 15
-23.04034 12.510294 32.151576 4
-22.37614 12.069394 32.685676 10
-22.53284 11.615894 33.510676 3
-22.91414 10.744394 33.567176 13
-23.33054 11.385094 33.043176 9
-23.57914 12.375694 32.983376 4
-24.08304 12.251494 33.844776 1
-24.53564 11.498794 33.530676 8
-24.83044 10.699394 34.007576 1
-24.06674 10.221894 34.329576 4
-24.30804 9.355694 34.797376 3
-25.03604 9.351494 35.461876 10
-25.96694 9.547194 35.254476 4
-26.83644 9.096294 35.300576 10
-27.28794 8.311294 35.656976 3
-26.67664 7.950994 36.364076 13
-25.99614 8.087294 37.148376 13
-25.70314 8.148894 38.033576 4
-25.69644 8.915894 38.574576 11
-26.20644 9.152794 39.374876 15
-25.89774 8.357394 39.729776 13
-26.07764 7.516594 40.066776 2
-26.80234 7.073594 40.502776 5
-27.48634 7.245794 41.112076 1
-27.82624 6.633694 41.723776 1
-26.93414 6.382794 41.447776 4
-27.42234 5.942594 40.794976 10
-28.23934 6.214394 40.347976 9
-29.03274 5.745994 40.168876 1
-28.74254 4.839584 39.966776 10
-28.06544 4.651944 40.623476 1
-27.81124 5.061174 41.520776 10
-26.96274 4.719494 41.659376 6
-26.14954 4.503104 41.254176 1
-26.26944 5.130414 40.483876 6
-25.96354 4.370924 39.333476 4
-25.05694 4.132764 39.333576 3
-24.08714 4.023524 39.489776 1
-23.27654 3.902264 40.013176 5
-23.07604 4.588764 39.371776 13
-23.43314 5.551594 39.373476 13
-23.11504 6.367494 39.674176 8
-22.90054 7.176594 40.222976 4
-22.00924 6.796194 39.789676 10
-21.63234 7.468694 40.437976 1
-22.17674 8.149794 40.077476 13
-21.64974 8.930594 39.994576 8
-21.57044 9.655794 39.381576 3
-21.67184 10.554394 39.099976 10
-21.51174 9.908494 38.404076 5
-20.78054 10.304894 37.838476 4
-20.08844 10.822394 38.294076 10
-19.59664 11.439194 37.750976 11
-19.40674 10.725794 37.164476 4
-20.11724 10.264694 36.667376 6
-20.63734 10.407694 35.805576 11
-21.18564 11.186794 35.801476 9
-21.58324 11.774694 36.418176 1
-22.21714 11.325494 35.822776 13
-22.80794 12.023194 35.595476 3
-22.46064 12.606194 34.857176 15
-23.38044 12.676394 34.679776 10
-23.21854 13.076894 33.815676 4
-22.32314 13.402994 33.903976 11
-22.39634 12.997894 33.002376 4
-21.71144 12.884794 32.261976 5
-22.02684 13.048794 31.366076 6
-22.48544 13.828894 31.876176 4
-21.48324 13.935594 31.582576 6
-22.17604 14.663094 31.373076 8
-22.71154 15.288694 30.971676 4
-23.06164 16.074394 30.406076 1
-23.72564 15.900694 29.712076 13
-23.43164 15.714394 28.843176 10
-22.61794 16.128694 28.691476 10
-23.07524 16.986894 28.904576 13
-22.82704 17.888494 28.793876 3
-23.60734 18.467994 29.109676 9
-23.54624 17.757694 29.850676 4
-23.47304 18.015294 30.787276 5
-22.50274 17.910794 30.565676 10
-22.30004 17.051894 31.029676 13
-22.82204 17.536894 31.818776 12
-22.48084 16.530794 32.013776 1
-21.96424 16.846194 32.741476 15
-22.03744 16.112494 33.340476 3
-22.75694 15.696694 33.885376 1
-23.18014 15.333794 33.054776 10
-23.30504 14.545894 32.442476 4
-24.10914 14.040394 32.120976 4
-24.94944 14.439094 32.353276 1
-25.05964 13.534394 31.963576 4
-26.05184 13.589794 31.929576 1
-25.80924 14.444794 31.622476 10
-25.29984 14.455694 30.810876 4
-25.76224 15.233594 30.427676 1
-25.91904 15.896494 29.691376 3
-25.72074 15.728394 28.679876 1
-25.28054 16.601294 28.424976 4
-24.56734 16.712194 27.835476 11
-23.71164 16.390994 27.927076 10
-23.16714 16.374894 27.177976 5
-22.70084 15.699894 26.702376 10
-22.04364 15.012594 26.321776 10
-22.00344 14.613094 25.452276 13
-22.64754 14.830594 24.758976 3
-23.22104 15.258794 24.082976 13
-24.14084 15.416294 24.351476 6
-24.13824 16.043094 23.638676 9
-24.52864 16.590294 22.906276 6
-24.96864 15.718094 23.132076 4
-25.67284 15.172094 23.646276 1
-25.98564 15.531794 24.536176 11
-25.08174 15.694094 24.787776 4
-24.78404 15.475294 25.740576 8
-24.08114 15.582194 26.376076 4
-23.65524 15.102294 27.063776 10
-23.71454 14.733794 27.922576 10
-24.46214 14.464194 28.437076 13
-25.32024 13.985294 28.477576 3
-24.97124 14.031094 29.327576 8
-24.80104 13.521494 30.075576 4
-25.65504 13.126394 29.842676 6
-25.31284 12.835394 30.723476 10
-24.48294 12.573294 31.119176 4
-24.24344 11.684694 30.624276 13
-25.02244 11.088294 30.757176 12
-25.92694 11.320994 30.781876 6
-26.47394 11.243694 31.644676 13
-26.57494 12.140694 31.980376 5
-26.05504 12.369994 32.817476 9
-25.08534 12.352594 32.676576 4
-25.18794 13.152394 33.226376 3
-24.22354 13.106594 33.271676 4
-24.19184 13.313194 34.213276 1
-24.72204 13.976594 33.713576 1
-23.76404 14.169894 33.459276 4
-23.76414 14.839494 34.180276 13
-23.70224 15.706194 34.740076 13
-23.52184 16.514394 35.214276 1
-24.30824 17.002694 35.542276 10
-25.13684 16.584694 35.227876 1
-25.14094 17.465394 34.888376 10
-24.45514 17.785994 34.305376 4
-23.70074 17.634794 33.800976 11
-24.03044 17.947594 32.916876 6
-24.80694 17.293494 33.050176 9
-24.31984 16.506394 32.978376 10
-24.17714 15.950994 32.226776 13
-23.62114 15.415794 31.702676 3
-24.37604 14.872394 31.427076 4
-24.07554 14.735994 30.537976 4
-23.20104 14.866594 30.071776 15
-22.32524 14.638794 29.837876 6
-22.24334 15.063094 28.966176 9
-22.05204 14.793094 28.103276 10
-21.84684 15.368494 27.347276 10
-22.18464 16.254194 27.506876 10
-22.50284 17.153294 27.587676 7
-22.55484 18.129494 27.804076 1
-21.64864 17.803494 27.994376 8
-21.78044 16.871294 28.336276 10
-21.08424 16.597094 28.949876 10
-20.64514 17.407294 29.308676 3
-19.72464 17.267994 29.610876 5
-19.90584 16.388394 29.211076 4
-19.88374 16.155594 30.194276 13
-19.21144 16.759494 30.436576 9
-18.37694 16.457994 29.953576 4
-18.33544 17.461494 29.925676 5
-18.47154 17.404594 28.913776 5
-18.75004 16.538994 28.965776 4
-18.67544 16.256994 27.954976 13
-19.06854 15.487694 28.436576 4
-19.79144 16.098094 28.118476 1
-20.53284 15.734494 28.614476 10
-20.91854 14.920794 29.102476 4
-21.26284 15.734294 29.468176 10
-21.24154 15.231894 30.283276 1
-20.39854 14.916894 30.031776 4
-20.97084 14.142294 30.292976 6
-21.14934 13.349994 29.787776 6
-21.02534 13.171294 28.875176 12
-21.97704 13.395294 28.794776 3
-22.30064 12.857394 28.088876 1
-22.46994 13.614494 27.491176 10
-23.45494 13.546194 27.434876 1
-23.21304 13.497394 26.520976 1
-22.94254 14.246594 26.030276 4
-22.18964 13.827094 26.441876 10
-22.19064 12.886694 26.259076 3
-21.18754 12.655694 26.256376 8
-21.35314 13.106894 27.159176 14
-20.51384 13.701794 27.204976 10
-19.85154 13.136894 26.799876 4
-20.37644 13.479094 26.007476 11
-20.94014 14.214494 26.135976 10
-20.04424 14.567894 26.198076 11
-19.39024 15.276494 26.092576 13
-18.59534 15.603594 26.538676 13
-18.58584 15.052194 27.388276 4
-17.90124 15.805294 27.333276 13
-17.45044 16.479594 26.794376 13
-16.94884 16.866594 27.595176 5
-17.54644 16.513594 28.328676 15
-17.40704 15.531594 28.228276 13
-18.07614 14.882394 28.439976 4
-18.68974 14.708394 29.140776 4
-19.13244 13.907394 29.104276 4
-19.58914 13.231794 29.687676 9
-20.07044 12.443794 29.945376 10
-19.97524 12.994294 30.734476 6
-20.27474 12.820594 31.652176 6
-19.36384 12.511094 31.909676 5
-19.05584 11.792194 31.361876 9
-18.16964 11.877794 31.755476 10
-17.79794 11.036094 31.607876 10
-17.31884 11.707494 31.182276 4
-18.05544 11.575494 30.587076 13
-17.26254 11.531594 30.079976 1
-16.23644 11.507294 30.089476 3
-15.78704 10.723994 29.666776 10
-15.59494 10.327794 28.833976 7
-15.85314 10.263294 27.891376 10
-16.33954 9.463694 27.701776 13
-16.59944 9.413894 28.581176 5
-17.36084 9.883694 28.103476 8
-17.19234 10.806294 28.007076 4
-17.79544 11.521294 28.238176 10
-17.71554 12.326094 28.826876 1
-18.09494 12.882594 29.487176 4
-17.65664 13.351694 30.318876 1
-17.18534 13.837094 29.547276 1
-17.71874 14.587794 29.450576 4
-17.12004 15.125394 30.052476 11
-17.53004 14.893594 30.856776 14
-18.21184 15.109794 30.191876 4
-19.01424 15.321994 30.616976 10
-19.44124 14.691694 30.082676 4
-19.77274 14.787294 31.019976 6
-19.31884 13.937994 30.844576 11
-18.47144 13.401594 31.026576 13
-18.55044 14.224794 31.434576 4
-19.49554 14.382494 31.909976 6
-19.49024 15.286994 32.156076 13
-19.20444 15.968994 31.527376 12
-18.44204 15.780294 31.980376 10
-18.46014 16.032294 32.909076 3
-17.89914 15.364394 33.384376 10
-17.50534 15.924894 32.624076 3
-17.27784 16.737694 33.153376 10
-17.72084 17.418994 32.567276 4
-16.88194 17.490094 32.010176 5
-16.50504 16.762194 31.500676 1
-16.89194 16.463494 30.697376 1
-17.27614 16.423994 29.837276 4
-17.22014 17.318494 30.054276 5
-16.39074 16.900594 29.812176 10
-15.63644 17.163794 30.465076 4
-15.76394 17.748194 29.674276 15
-15.75254 18.740694 29.561776 10
-16.47204 18.677494 28.982976 9
-17.25814 19.064094 28.684376 5
-16.72794 19.447594 27.851476 4
-16.55264 18.768594 27.175676 4
-17.09944 17.955694 27.010876 9
-17.84224 17.487194 26.769976 13
-18.46114 17.347494 26.012676 13
-19.40914 17.597894 26.231876 6
-19.76724 17.995194 25.433976 15
-19.96334 18.870194 25.081676 1
-19.91404 19.813394 25.273676 10
-19.14004 19.580594 24.693376 10
-18.21764 19.036194 24.365576 9
-17.92134 18.266194 24.855876 13
-17.63194 18.113494 25.746376 13
-17.15854 18.892994 26.161676 4
-16.40694 18.702394 25.531876 1
-15.59514 18.631794 24.958676 3
-14.64674 18.615794 24.873576 13
-14.63444 18.980994 25.812176 10
-15.46954 18.624194 26.165876 8
-15.78394 19.377994 26.679176 4
-15.11784 20.036694 26.327376 6
-15.18054 20.975494 26.550776 11
-15.96664 21.460194 26.276276 10
-16.39554 20.837194 26.822976 4
-15.95974 20.199294 27.374576 4
-15.09924 19.834294 27.643376 8
-14.36394 20.366594 27.413776 5
-13.92754 19.638694 26.959776 4
-13.71104 19.929594 25.966776 10
-13.38014 19.035394 25.839476 7
-13.45154 18.721094 24.903176 10
-12.50584 18.888994 24.927876 4
-11.78344 18.319394 25.217376 6
-11.33714 19.022594 24.694676 13
-11.03244 19.592994 25.433276 4
-11.74694 19.429494 26.105676 10
-11.18914 18.737994 26.321176 1
-11.22264 19.162694 27.130376 1
-10.98034 18.271694 27.429276 10
-10.80464 17.713994 28.307476 10
-10.53024 17.295094 29.151576 6
-11.17474 16.968394 29.734376 12
-11.66674 16.864794 28.919176 1
-10.98174 16.579994 28.268976 1
-11.72944 16.349194 27.724076 1
-12.67994 16.445694 27.856476 10
-13.62454 16.070394 28.063176 5
-13.25154 15.237594 27.840076 10
-13.47434 15.294494 26.887776 15
-13.46454 14.437694 27.314576 4
-14.43324 14.351094 27.484376 3
-14.75484 15.085394 26.934076 5
-15.66904 15.355394 27.298376 13
-15.73644 14.519494 27.761376 15
-15.75114 14.272594 26.757376 4
-15.56184 13.829394 25.893776 14
-16.52754 14.216294 25.808476 10
-16.47144 15.101694 26.108976 13
-17.06114 15.050194 25.329676 13
-17.46174 14.137494 25.235076 4
-18.48234 14.160294 25.046876 11
-18.53824 13.455894 24.382176 4
-18.14504 13.690294 23.620176 6
-18.23824 13.831894 22.659176 1
-18.10394 12.975594 22.149476 9
-18.34924 12.153194 21.862176 4
-18.97814 11.458494 22.289476 7
-18.98564 12.035694 23.037076 1
-19.37494 12.905694 23.071376 10
-19.47934 12.628294 22.160076 4
-20.01154 11.863694 21.872376 13
-20.90394 12.295694 21.773276 10
-21.10934 12.914994 22.537576 4
-21.70514 13.598394 22.918776 10
-21.40514 14.338994 23.337776 3
-20.52404 14.816794 23.449176 9
-19.87674 14.615794 24.155276 8
-19.61524 14.667194 25.090776 11
-19.30414 15.605394 25.108076 13
-20.08164 16.225894 25.247876 13
-20.89014 15.930394 25.661876 10
-21.21444 15.851494 24.767976 7
-21.79304 16.472594 25.292676 10
-22.18644 16.862894 26.070376 5
-22.64804 16.073694 25.782776 10
-23.19404 16.965494 25.638376 9
-24.07244 16.671694 25.947776 4
-23.97714 17.384894 26.642876 8
-22.97584 17.533594 26.798976 6
-22.08974 17.823294 26.971776 4
-21.44444 16.972894 27.072676 10
-21.18994 17.102294 26.097076 1
-20.68584 16.431694 26.725476 10
-19.77634 16.691794 26.825076 13
-20.39394 17.089594 27.598876 10
-19.50124 17.435994 27.881676 3
-19.49914 18.295494 28.464076 5
-19.26784 19.160894 28.621076 4
-18.60704 19.076294 27.921676 4
-18.29694 18.499194 28.608676 5
-18.72164 18.017794 27.864076 1
-17.78044 18.220594 27.752376 4
-17.37284 17.549094 28.296476 1
-16.48564 17.315494 28.562776 1
-15.82744 16.782694 27.985676 1
-16.07014 16.558594 27.107776 10
-16.61214 16.193794 26.342476 13
-16.02234 16.865094 25.918676 13
-15.22124 17.028594 25.278476 6
-15.33364 16.158694 24.954176 4
-15.29094 15.278494 25.270376 13
-14.40154 15.364294 24.848676 10
-14.75684 14.946894 24.056176 6
-14.70694 15.002794 23.101976 7
-15.14194 15.663294 22.583276 10
-15.80904 16.218994 23.064476 13
-15.71324 16.636894 23.912576 6
-16.29314 17.320494 24.155076 4
-16.48554 16.978594 25.032176 13
-16.84054 17.830794 24.987876 13
-16.44234 18.338394 24.226976 6
-16.34274 19.250094 24.570976 4
-16.56284 20.168794 24.775676 9
-16.91104 20.201894 25.679776 4
-17.73084 20.485294 25.242376 10
-17.74344 19.532294 25.257376 9
-17.95944 19.573494 26.187976 4
-18.81204 19.311794 25.968676 10
-18.42634 18.707794 26.601976 4
-19.36914 18.663294 26.765176 5
-19.69304 19.284694 27.562176 4
-19.79084 20.267294 27.261676 4
-19.56084 20.033394 26.311976 4
-19.88744 20.714794 25.716676 10
-20.56604 20.086194 25.948376 15
-21.12134 20.844294 26.236576 12
-20.81874 21.415594 25.574576 10
-21.22864 22.188494 25.953376 11
-20.44934 22.434994 25.397376 10
-20.08644 21.619394 24.952176 10
-20.20484 21.495994 24.059376 10
-20.52964 22.076094 23.409376 11
-20.93154 21.821794 22.592576 1
-20.97844 20.990994 23.110776 1
-21.25964 21.039194 24.037276 10
-22.01364 20.489894 24.300376 7
-21.59584 20.987594 25.039076 10
-21.61724 20.160694 25.471776 1
-21.19324 19.308494 25.456676 3
-21.16884 19.762094 24.575776 10
-20.84134 19.765394 23.667076 8
-20.16724 20.440994 23.635076 10
-19.85514 20.353994 22.680976 4
-19.58544 20.996494 21.976476 5
-19.05144 20.778294 21.213476 13
-18.35864 20.132994 20.997076 13
-17.57084 19.922394 20.523776 7
-17.17644 19.484494 19.762476 1
-16.39574 19.104794 20.231676 3
-16.47004 18.649394 21.162976 4
-15.58884 18.855094 20.819976 4
-15.21994 19.730894 20.867776 7
-14.65184 19.311694 21.557876 10
-14.56634 20.193494 21.775176 4
-13.76704 20.168394 21.234476 7
-13.75514 19.781694 22.173376 7
-14.30104 20.106194 22.847176 10
-14.73654 19.408394 23.292076 1
-15.69164 19.367894 23.370676 5
-15.69514 20.368994 23.255176 1
-16.59284 20.725694 23.035676 10
-17.26644 20.051394 22.786176 9
-16.87764 19.222494 23.206176 6
-17.36514 18.776494 23.860476 9
-17.37574 17.814494 23.795176 4
-16.75124 17.722494 23.100476 12
-16.63264 17.589694 22.139876 10
-17.55714 17.664894 22.221376 13
-18.49334 17.761394 22.169576 1
-18.81014 18.654494 21.985076 4
-17.86204 18.861194 22.133076 3
-17.80524 19.767594 21.768076 13
-16.88024 19.847094 21.341376 4
-17.30834 20.712394 21.318576 13
-17.04994 21.523994 20.846176 13
-16.32704 21.799994 21.409876 11
-16.67904 21.778894 22.274076 10
-16.05624 21.906994 23.015776 4
-16.34734 22.594494 23.717776 15
-16.76374 22.004694 24.364976 15
-17.42184 22.152494 25.092176 10
-16.87954 22.928194 24.863876 4
-17.57354 23.486094 25.320876 10
-16.80354 23.604494 25.882076 11
-17.31174 23.301194 26.684976 5
-18.06414 23.832594 27.158376 1
-18.33284 23.158494 26.484476 10
-17.74984 22.513494 26.001076 10
-17.84994 21.838394 26.716276 10
-17.18954 21.415894 27.339376 4
-17.07354 22.411894 27.514776 1
-16.14704 22.691094 27.172176 1
-15.34444 22.189094 27.418676 4
-15.49504 21.937194 28.357976 4
-15.37224 21.187394 28.937476 7
-15.80084 20.501994 28.396976 4
-15.27074 19.906394 28.958376 10
-15.89354 20.004894 29.712176 3
-15.03784 20.008994 30.193976 8
-15.12034 20.237794 31.107276 1
-15.38574 21.181994 31.151476 7
-16.20204 21.561594 30.971876 7
-16.72754 21.896594 30.252976 10
-16.73104 21.136094 29.764976 6
-16.51254 21.010994 28.820476 4
-17.06294 21.589794 28.350076 4
-17.05664 22.453594 28.792076 10
-17.41214 21.927794 29.507276 6
-17.93404 21.135794 29.728376 10
-17.53474 20.702494 29.003076 4
-17.21554 19.894494 29.353776 9
-17.27304 19.054894 29.862876 5
-16.75824 18.257194 30.112776 5
-16.04944 18.364594 30.827976 10
-16.06784 19.099794 31.526876 10
-16.33604 19.311594 32.448176 4
-15.50744 19.328594 32.941076 13
-15.21834 19.771694 33.809276 7
-14.36904 19.553594 34.226176 13
-15.15644 19.834294 34.824276 1
-16.00544 20.156294 34.532776 1
-16.51784 20.977094 34.674776 1
-15.64504 21.195494 34.474476 3
-16.22974 21.706894 33.924976 1
-16.89394 22.343794 33.968276 13
-17.71374 21.927894 34.317576 9
-18.35624 22.223794 34.882376 10
-19.08174 21.899094 34.266276 1
-18.52434 22.684694 33.882276 4
-18.94634 22.051294 33.227976 10
-19.70104 21.771794 32.764276 11
-20.45474 21.309794 32.445776 7
-20.31514 20.949694 31.575676 11
-20.13214 20.131394 31.073476 3
-20.00664 20.740394 30.231376 11
-19.13984 21.044994 29.830876 8
-18.97834 20.374094 29.074576 4
-18.98564 21.212694 28.408476 4
-19.24344 22.079194 28.536976 13
-19.20464 22.609094 27.697376 8
-19.23264 21.849194 27.071976 10
-18.83894 20.999194 27.332976 4
-18.91324 21.099394 26.361676 10
-18.11914 20.571094 26.333276 10
-17.65894 20.407694 27.190476 4
-17.94144 20.022194 28.007876 4
-18.14144 19.570594 28.848876 1
-18.18224 19.870094 29.754376 10
-18.31434 18.910594 29.634176 5
-18.84224 19.140794 30.500176 1
-18.98084 18.181294 30.619876 5
-19.21234 17.518794 31.358176 6
-19.56364 18.340194 31.601876 7
-20.06704 18.560194 30.841076 6
-20.52554 18.606794 30.018176 4
-20.01314 18.660294 29.218376 5
-20.73294 19.247394 28.962076 10
-21.02614 19.447694 28.045976 13
-20.25504 19.913594 28.359776 4
-20.03034 20.760994 28.080676 4
-20.08594 21.585194 27.507976 9
-20.53054 22.125994 26.843076 10
-20.99544 22.928294 27.000676 15
-20.38614 23.379094 26.361976 13
-19.63734 22.851894 26.070276 10
-19.41454 22.403794 25.186076 10
-19.08634 21.504894 25.314276 10
-18.47394 22.261294 24.995376 10
-17.92934 21.700994 24.411676 15
-18.54854 20.991894 24.631076 10
-18.52224 20.243694 24.129576 9
-19.03844 20.826694 23.610776 10
-18.23154 20.749694 23.063276 13
-18.46234 21.618594 23.378476 10
-17.95514 22.364894 22.836276 15
-18.02894 23.346594 22.994276 12
-18.94234 23.504594 22.763776 4
-19.53534 23.948794 22.216676 7
-20.32394 24.387994 21.854576 7
-20.72804 23.495494 22.184576 7
-20.83374 23.002294 22.970276 3
-21.12244 22.724894 23.816576 10
-21.05374 23.130794 24.821976 10
-22.02594 23.202294 24.668276 1
-22.52944 22.796994 25.409576 1
-22.49664 22.121994 26.151676 4
-22.98014 21.315794 25.945176 7
-23.72584 21.278794 25.335076 1
-23.24554 21.174494 24.507676 12
-23.82904 21.431294 23.739376 4
-24.01074 22.311294 23.646076 7
-24.94034 22.488194 23.778976 11
-24.51254 22.955194 24.584276 4
-24.62374 23.905394 24.871076 6
-24.34754 24.665094 24.367976 10
-23.99564 24.596994 25.285676 13
-23.86254 25.392094 25.853076 11
-23.13244 24.770694 26.013376 4
-22.66834 24.051594 26.304076 13
-21.94074 24.495994 25.903476 14
-21.63184 25.270394 26.348776 1
-21.27584 25.688394 25.554176 7
-21.62604 26.122894 24.719076 9
-21.51414 25.401494 24.117776 10
-20.86244 25.301494 23.353776 7
-20.51314 25.409694 22.379676 7
-20.38484 26.305894 21.964276 10
-19.40954 26.113494 21.853576 7
-18.42324 26.451594 21.810876 14
-17.98374 26.394694 22.705676 12
-17.07684 26.429994 22.526776 12
-17.06064 26.921694 23.376276 4
-16.93634 26.453594 24.206976 7
-16.60464 25.549694 24.114776 4
-17.17514 24.818494 24.055176 12
-17.84594 24.510994 23.466576 12
-18.43994 24.701094 24.151376 10
-18.05494 24.485994 25.103776 13
-18.24724 24.205894 26.008476 10
-17.55334 24.845594 26.001776 4
-17.17124 24.347494 26.618576 1
-17.26554 25.219594 27.074676 7
-16.46224 25.568394 27.519276 1
-15.63344 25.048294 27.522876 10
-15.86564 24.584394 28.330176 1
-16.56554 25.007594 28.905176 1
-16.77364 25.331794 29.803776 10
-17.58964 25.694594 30.124876 7
-17.58084 26.556494 29.688776 3
-18.13854 27.156294 29.137476 1
-18.99404 27.423194 28.731376 10
-19.28114 28.275994 28.411276 4
-18.75414 29.032594 28.769776 7
-17.83434 29.051094 28.608376 7
-17.09344 29.114694 27.939976 10
-17.95314 29.054594 27.573676 4
-18.72844 29.327094 27.128176 14
-19.39884 28.675594 27.240676 10
-19.22234 27.843394 26.791776 10
-18.61774 27.591794 26.041676 7
-17.83234 27.084494 26.451576 11
-17.32784 27.870194 26.881876 5
-17.19564 27.286494 27.629276 12
-17.00764 26.450094 28.171776 9
-18.01314 26.246194 28.187876 4
-18.11164 25.347394 28.249676 7
-19.04374 25.315894 27.937576 1
-18.91984 24.520294 27.289176 1
-19.72434 24.532394 26.828076 11
-20.21304 24.367794 25.992976 15
-19.30864 23.936694 25.905276 10
-19.14494 24.153194 24.972576 10
-19.88954 24.862794 25.041976 14
-20.06794 25.646794 24.621876 14
-19.92344 24.915594 24.025676 7
-19.57134 25.381294 23.267676 7
-18.70204 25.905894 23.238976 13
-18.39384 25.116894 22.797176 12
-19.08044 24.539494 23.130076 7
-19.10994 23.749594 23.822276 9
-19.02534 22.965294 24.404076 10
-18.59424 22.723794 23.588776 15
-19.53874 22.484494 23.424476 10
-19.91104 23.376994 23.275176 7
-20.31844 23.688494 24.035876 10
-21.04654 23.911694 23.440676 7
-21.34674 24.096694 24.306976 1
-22.22464 23.982294 23.829376 12
-22.41154 24.119694 22.925076 1
-21.85764 23.695594 22.200176 7
-22.04194 23.195694 21.321976 7
-22.55204 22.684794 21.992076 10
-22.43384 23.007694 22.925276 1
-22.28794 22.521894 23.750576 13
-21.99274 21.693394 24.130276 10
-21.89714 21.491594 23.231776 1
-22.77354 21.114994 23.066476 1
-23.02144 21.815794 22.448476 1
-23.86514 22.292294 22.551476 4
-24.72544 22.250694 22.016876 4
-25.47754 22.228394 21.424376 12
-25.82224 22.256094 20.556376 7
-25.15194 22.895794 20.163576 11
-25.14614 22.515894 19.276376 1
-25.41394 22.420194 18.340776 4
-24.50814 22.651694 18.433076 7
-24.30084 23.455694 17.951466 10
-23.66244 23.014594 17.356946 10
-24.11664 22.151494 17.246596 7
-24.83314 22.140394 16.630166 8
-25.19294 22.188294 15.778626 4
-25.85144 22.671194 16.314376 11
-26.25684 23.417794 16.848106 12
-25.29064 23.628694 17.226816 10
-25.33294 23.972394 18.126976 6
-25.65914 23.922194 19.070676 9
-25.11094 24.510694 19.571676 11
-25.03774 25.213494 18.961776 14
-24.30494 24.616194 18.950776 13
-24.30594 24.632894 18.003076 10
-23.58384 24.993494 17.377376 10
-24.21304 25.289194 16.657516 5
-23.95984 24.582494 16.059826 10
-24.55204 24.099194 15.506986 1
-24.37934 23.257394 15.958256 7
-24.44054 22.688694 15.195776 1
-24.43774 21.940694 14.610266 7
-24.67954 21.137194 15.135516 7
-23.83414 20.798294 14.973586 15
-23.72224 19.917594 15.217476 13
-24.14804 19.009394 15.400416 7
-24.67404 18.292094 15.557176 4
-25.59794 18.516394 15.834056 6
-25.09704 18.238994 16.581486 1
-24.45884 18.616294 17.202736 4
-23.57594 18.827094 16.882486 1
-23.51534 19.603494 17.409386 7
-24.24234 20.267994 17.291696 1
-23.45234 20.866694 17.463206 1
-22.58744 21.152594 17.267486 1
-23.16184 21.837594 17.615686 16
-22.21884 22.143994 17.915996 10
-22.56854 22.492094 18.718276 10
-22.33364 23.178094 19.354876 7
-23.11194 23.356194 18.799376 10
-23.38164 23.130894 19.672076 11
-22.80854 23.516294 20.338276 7
-23.56944 24.095894 20.019076 11
-23.23864 24.511094 19.206876 7
-22.83004 24.907494 18.392876 10
-22.28834 24.062994 18.385976 10
-21.71884 24.746594 18.732576 7
-20.87594 24.605294 18.154536 1
-21.59934 24.746794 17.616506 11
-22.28604 24.098494 17.360396 10
-23.02304 23.702194 16.911266 10
-22.98304 23.625194 15.936366 14
-22.55764 22.797094 15.880996 4
-22.10244 22.798594 16.718926 10
-21.65284 23.523394 16.248626 14
-21.08534 24.275794 16.335986 7
-20.55154 23.510594 16.520356 12
-20.12794 23.876394 15.717876 4
-19.81854 23.078594 15.079926 13
-18.94004 23.410794 14.955446 7
-18.78924 23.674794 13.933516 12
-18.29574 24.296094 14.459676 7
-17.41584 24.741894 14.732446 12
-18.18754 25.189194 15.063536 1
-17.44424 25.533794 15.611616 12
-16.56264 25.931694 15.913346 12
-17.04944 26.161094 16.730006 10
-17.60084 26.658994 17.301666 9
-18.52344 27.016294 17.232606 10
-18.94654 26.968094 18.130246 1
-19.90804 26.828494 18.230456 15
-19.47534 26.136294 18.715376 1
-19.87704 25.418994 19.187576 7
-20.73874 25.650494 18.811976 1
-20.90704 26.590094 18.965676 15
-21.65414 26.425494 18.377976 1
-22.43654 25.897494 18.798676 15
-22.21114 25.464594 19.684676 7
-21.35424 25.050994 19.679976 7
-20.92964 25.929394 19.891076 15
-20.62454 25.225594 20.427876 7
-20.27384 24.394194 20.799176 7
-19.69814 23.866694 20.313176 7
-18.80204 24.200494 20.429176 10
-17.83724 23.770094 20.411576 4
-17.80424 23.984994 21.309476 10
-17.06974 24.541994 21.703476 12
-16.86244 24.019494 20.889876 1
-16.59704 24.852994 20.611776 16
-15.84854 25.554194 20.773776 7
-16.59054 26.004294 21.172076 1
-16.35224 25.571394 22.021776 12
-16.42434 25.405694 22.955976 12
-15.71854 25.308694 23.616476 7
-15.27994 26.051494 23.116176 10
-15.20124 26.805794 23.778676 1
-14.93594 27.408394 23.071676 11
-15.73544 28.005994 22.916076 7
-15.66214 27.368794 22.169976 3
-15.33034 27.803194 21.335976 1
-16.11114 27.217294 21.270376 12
-15.26094 26.677394 21.311576 1
-15.46884 26.600494 20.366376 9
-15.24044 27.139894 19.610976 4
-15.07224 27.231094 18.660776 7
-14.30304 27.833194 18.630076 7
-13.40944 27.670694 18.757076 7
-13.28944 28.119594 19.631076 1
-13.84994 27.268594 19.682076 16
-13.98754 26.621794 18.998776 10
-13.41514 25.989494 18.653076 15
-12.91624 26.893994 18.436276 7
-12.71384 26.676394 19.378376 5
-12.82914 27.110794 20.173076 12
-12.16794 27.331194 20.899976 15
-11.42324 27.739194 20.371076 7
-11.24734 26.830694 20.130276 1
-11.13014 26.291794 20.896376 1
-10.82584 25.564994 21.403776 1
-10.47734 25.240694 22.216376 1
-9.50274 25.286094 22.358976 1
-9.12554 25.036094 21.523376 7
-8.52794 24.567994 21.006276 1
-9.05664 23.852694 21.218676 7
-9.66394 23.130494 21.422076 15
-9.07174 23.008894 22.167976 10
-9.96944 23.181094 22.443176 1
-10.84964 23.239894 22.680976 4
-10.65974 22.268694 22.718576 1
-11.58534 22.478594 22.892076 1
-12.28034 23.295494 22.708976 10
-12.44994 23.011494 21.781276 10
-13.37284 23.099494 21.354176 7
-13.41574 23.836294 20.825876 15
-14.22684 24.260094 21.368876 11
-14.97834 24.425394 21.982476 12
-15.05794 23.789494 22.731976 7
-14.97134 22.990594 23.302076 7
-15.31734 23.193294 24.216276 15
-16.16264 23.618994 24.337476 12
-15.67444 24.487994 24.224776 10
-16.23014 24.376194 23.453276 11
-17.00454 24.552594 22.884976 12
-16.81084 23.710094 22.585676 12
-16.99854 22.793494 22.855476 15
-16.68334 22.835494 22.009376 9
-17.69134 22.795694 21.943976 7
-17.84394 21.859094 21.643876 13
-18.82564 21.748994 21.610976 13
-19.68784 22.298694 21.649676 7
-20.49064 22.132094 21.301176 9
-20.95294 22.863894 20.895876 7
-20.64074 23.537794 20.362376 7
-20.82414 22.669994 19.899476 16
-20.33894 23.290894 19.327076 7
-20.07574 22.342094 19.230076 13
-19.28674 22.551894 18.725576 16
-19.25134 23.385594 19.195376 16
-19.25434 24.368094 19.281376 7
-19.95454 24.100794 18.679476 7
-19.21224 23.990494 18.085616 11
-18.73104 23.479894 17.335646 16
-19.44924 22.970794 16.907476 6
-19.12024 22.442794 16.022806 12
-18.60984 21.669594 16.062676 12
-18.90244 21.114994 16.813436 7
-19.49154 20.433794 17.222336 14
-19.86754 19.892994 17.964666 4
-20.47094 19.151794 18.150206 1
-21.23814 19.369994 18.663776 10
-21.93424 19.460594 17.973736 15
-22.78524 19.554394 18.403876 1
-23.12864 20.137794 19.006576 7
-23.60334 20.953694 19.206376 16
-23.87194 21.879994 18.834576 7
-24.03704 22.423094 19.622376 11
-24.56184 21.926294 20.138376 1
-24.22854 22.258194 21.012676 11
-23.28164 22.178794 20.709976 4
-22.51804 22.405594 20.132376 7
-21.94524 22.120594 20.850176 7
-21.37924 21.522694 21.369876 5
-22.25994 21.006794 21.166376 15
-22.75034 20.371794 21.774876 7
-22.63844 19.824994 22.593676 12
-23.14124 19.219694 23.251476 4
-24.00354 19.362694 22.847076 11
-24.15774 19.599494 21.906676 7
-24.90644 19.174394 21.371076 1
-24.84764 18.579294 20.671676 12
-25.67724 18.209694 21.017076 15
-25.85464 17.273094 20.956476 16
-25.88134 16.375594 21.320376 10
-25.02424 16.178694 21.804976 7
-24.33454 16.318394 21.204176 1
-23.31614 16.080594 21.238876 1
-23.46074 16.526694 20.436176 14
-22.52954 16.011394 20.514776 16
-21.78274 15.636994 20.961676 10
-21.04444 15.927494 20.430876 15
-20.37054 16.592594 20.089176 7
-19.86894 17.370394 20.140476 9
-19.37044 17.252694 20.930876 7
-18.40494 17.381394 20.796276 10
-19.04214 18.248094 20.813976 16
-18.79814 19.098894 20.662476 1
-19.12964 19.889394 20.203776 1
-18.39494 20.511294 19.986276 13
-18.51044 21.448794 19.708776 13
-18.98184 21.886294 20.569776 12
-18.79494 22.630294 21.065576 1
-18.89194 23.470994 21.448876 7
-19.36874 24.361294 21.270376 7
-18.95824 25.229294 21.217376 7
-17.96774 25.043294 21.501976 12
-17.72804 25.001494 20.570876 16
-17.79194 24.574794 19.700676 1
-18.50544 25.198194 19.826876 7
-18.26484 26.129494 19.846076 12
-18.94934 26.754794 19.624576 10
-19.84064 26.785694 19.893976 15
-19.79894 26.000694 20.526476 7
-20.38674 26.645894 20.932076 15
-20.97364 25.930294 21.129676 7
-21.56554 26.605594 20.765476 15
-22.40774 26.150694 20.592976 7
-22.81684 26.859394 19.989676 15
-22.75734 27.010394 20.972576 9
-23.36244 26.269294 21.041776 4
-23.48504 25.674494 20.382876 11
-22.76394 25.002894 20.328976 7
-23.02464 25.213394 21.328876 6
-22.62424 24.992494 22.225076 16
-21.99224 24.675394 21.671276 7
-21.07904 24.990294 21.539176 7
-21.57054 25.591394 22.070876 9
-21.89834 26.145394 22.800376 10
-22.17424 27.117194 22.847776 16
-22.81494 26.901994 22.187176 11
-23.62364 26.497294 22.620976 16
-24.43754 26.810194 22.277476 1
-24.98734 26.258494 22.822676 7
-24.94004 25.419594 22.295576 12
-24.56084 25.086794 21.439876 7
-24.43494 24.223094 21.174076 11
-25.00674 24.034194 20.398876 11
-25.44194 23.582194 21.215876 12
-25.74894 24.346894 21.679876 13
-26.25864 25.182894 21.638176 7
-26.48314 25.744594 22.333176 1
-25.85914 25.133794 22.708576 16
-25.66304 24.135694 23.011476 14
-24.87524 23.668294 22.640676 4
-24.33624 23.296694 21.819076 10
-23.60854 23.914694 21.848376 16
-23.01114 24.112994 21.141976 1
-22.12364 24.205794 20.757876 7
-21.29974 24.239394 20.274976 7
-21.24104 23.766694 19.408976 7
-21.23224 22.892394 18.851076 12
-21.62324 23.235694 18.061546 10
-21.25104 23.595194 17.263376 5
-20.62564 22.841094 17.312126 12
-20.21714 21.897894 17.362876 16
-20.35394 22.002094 16.372056 16
-20.95854 21.257094 16.208996 1
-20.52154 21.751494 15.462956 10
-19.95654 21.732694 14.638176 1
-19.06934 21.299394 14.697946 16
-18.23514 21.307394 15.190556 15
-17.67644 20.669794 14.621826 1
-17.04724 20.249294 15.352276 1
-16.64134 21.132594 15.149056 1
-15.99034 20.570794 14.640606 7
-15.74124 21.294894 14.121906 1
-15.18434 21.155694 13.406266 7
-15.37164 21.816594 12.625526 7
-15.52194 22.633494 12.271416 15
-15.13204 22.211994 11.415486 1
-14.50844 22.922394 11.486206 12
-14.48784 22.807194 10.553706 16
-14.27404 22.380194 9.708636 12
-14.93304 23.008294 9.374566 7
-14.26034 23.725994 9.108229 15
-14.43584 24.776694 9.224807 13
-15.18474 25.179494 8.67913 7
-15.25624 26.188194 8.758022 12
-16.15024 25.924794 8.380441 15
-17.04024 25.542594 8.158795 8
-17.91334 25.252494 8.051996 7
-18.04344 24.322394 7.909424 13
-17.79094 24.662894 7.069276 13
-18.68304 24.924594 6.886946 5
-18.66954 25.878994 7.028676 12
-18.03024 26.566094 6.681086 7
-17.24384 27.026294 6.784076 11
-16.89874 27.576794 6.118046 7
-16.54774 28.396794 5.799816 12
-16.19524 29.269394 5.645246 16
-16.55944 29.594294 6.506086 7
-17.00734 29.232694 7.327187 1
-17.07914 28.467994 7.961357 7
-16.25734 28.529594 8.449491 12
-15.82034 28.318994 9.294676 11
-15.17894 28.310894 10.034946 1
-14.39734 27.796494 9.850656 11
-14.45134 27.654394 10.771146 1
-15.36454 27.401594 10.997576 9
-16.09064 28.030694 10.889946 7
-16.92644 28.446694 11.185016 11
-17.73224 28.186794 10.703176 7
-17.36854 27.186294 10.702586 16
-17.28574 27.221194 11.776486 16
-16.95644 27.802094 12.465636 5
-16.72784 28.694794 12.843656 9
-15.95784 28.804494 12.263696 10
-15.25484 28.198194 12.083186 7
-14.70494 27.583794 12.456986 4
-13.81964 27.464994 12.837146 16
-13.96734 28.261994 13.384626 7
-14.12594 27.527094 13.975316 15
-13.56824 27.909594 14.657066 7
-12.67884 28.101194 15.047586 16
-12.34154 28.227994 16.026986 7
-11.45934 28.262294 15.528956 14
-10.78784 27.631594 15.827336 1
-11.29184 27.114294 16.455706 7
-12.02314 26.907694 17.094276 10
-12.74164 27.448094 17.265856 7
-13.41144 27.119494 16.649086 7
-13.80574 26.827994 15.832126 15
-13.17814 27.592994 15.699656 7
-12.65764 26.971194 15.195576 1
-11.67544 26.977494 14.986506 1
-11.99794 26.694894 14.104866 1
-12.36304 25.861394 14.234386 12
-13.26674 25.827194 14.677266 15
-14.16234 25.816994 14.343526 15
-14.11734 25.542294 13.340176 11
-15.06864 25.528094 13.410196 12
-15.52114 26.221294 12.929606 13
-16.21744 26.975494 13.078726 1
-16.55454 26.138094 12.792306 7
-17.50114 25.965994 13.001606 13
-16.92474 25.807694 13.735586 12
-16.76884 26.585094 14.269356 12
-17.61844 26.101894 14.513426 12
-18.19884 26.633794 15.241716 16
-18.84954 26.656694 14.502736 7
-19.73314 26.865594 14.211736 7
-20.32114 26.544094 15.016046 16
-19.91234 26.662894 15.846736 11
-19.92074 27.458894 15.349386 16
-19.62884 28.412594 15.234776 6
-18.69764 28.525094 15.432866 7
-18.22554 28.572394 16.258986 4
-17.49394 28.722594 15.637606 16
-16.67294 29.077494 16.106076 11
-15.74174 28.867794 16.098106 9
-15.04074 28.147694 16.067536 7
-14.17214 28.520794 15.852946 7
-14.50304 28.493094 14.955586 12
-14.97924 29.273994 14.558086 15
-14.98044 29.474494 15.505806 15
-15.31484 29.838494 16.357446 7
-16.19094 29.808094 16.765776 11
-16.94384 30.331994 16.444636 11
-16.46504 30.346794 15.634406 15
-15.63714 30.780794 15.761116 15
-15.38934 31.229894 16.536716 8
-14.94964 30.897694 17.349206 1
-14.63834 29.948394 17.197036 7
-13.73644 30.215694 17.030436 1
-13.78774 29.293794 16.661676 7
-12.87754 29.261094 16.925816 7
-12.91114 29.398994 15.982486 1
-12.72354 30.314894 15.937776 1
-12.22694 30.974094 15.584226 1
-11.85844 30.739194 16.555606 1
-12.74944 30.671294 16.930896 11
-12.83494 30.890894 17.844556 16
-13.14644 30.662594 18.797076 1
-13.25354 29.693994 18.773476 7
-12.66284 29.168494 18.232366 7
-11.91874 29.767594 18.161536 1
-11.27984 29.369494 17.527856 16
-11.06614 28.879094 18.356376 12
-11.30784 27.965094 18.398876 11
-12.18134 28.156294 17.987886 12
-13.14984 28.316294 17.772706 7
-14.10194 28.390894 17.545156 7
-14.53644 27.804094 16.983256 7
-14.83714 27.076694 17.467216 7
-15.51064 26.325094 17.551176 14
-15.46504 25.480894 18.100356 5
-15.43474 25.205794 17.171726 15
-16.13454 24.830694 16.599436 12
-15.26634 24.588094 16.267866 16
-14.55034 25.187294 16.139226 16
-14.87074 25.168694 15.155486 15
-15.70974 24.866094 14.791946 12
-16.47694 24.603894 14.373836 12
-16.93334 23.751594 14.314156 11
-16.08714 23.293994 14.033916 16
-16.57534 23.000694 13.234836 7
-16.91354 22.494194 13.942646 11
-17.15614 22.494394 14.864956 1
-17.24834 23.261294 15.428506 12
-17.10044 22.552194 16.091246 1
-16.13034 22.811094 16.078696 1
-15.19834 23.201894 16.304056 7
-15.12094 23.765194 17.056176 13
-14.29184 24.127394 16.650486 16
-14.01044 24.335494 15.748386 1
-13.24054 24.907894 15.894636 15
-13.18774 24.284694 16.641166 8
-12.98654 24.869294 17.377136 8
-13.31534 25.605994 16.841506 5
-13.27124 26.324394 17.621026 7
-14.05634 26.394094 17.057286 7
-14.77684 26.373094 16.402556 13
-15.50534 25.792394 16.266636 1
-15.65824 25.729694 15.329736 12
-14.82764 26.375094 15.076176 15
-15.00044 26.744494 14.225656 7
-15.39014 27.366894 14.814206 16
-16.10024 26.632394 14.958746 12
-16.39044 27.495194 15.353636 12
-15.95614 27.775494 16.241706 9
-15.76664 28.251394 17.004896 7
-15.70084 29.016394 17.569466 7
-16.42854 29.688694 17.717386 11
-16.73594 28.809294 17.901756 11
-16.15084 28.089494 18.350176 7
-16.29844 28.549294 19.167476 11
-15.43014 28.624294 19.525976 15
-14.82344 28.639294 18.832376 7
-14.66064 29.130594 18.027826 7
-15.35374 29.676294 18.475376 11
-14.83414 29.905994 19.197476 15
-14.00884 29.475394 19.369076 7
-14.21484 29.757594 20.301776 1
-14.86994 29.791394 21.069176 15
-14.68384 29.893294 21.983576 7
-14.65424 28.960894 22.225276 1
-15.23154 29.452894 22.833476 1
-15.31244 29.541794 23.819776 1
-16.25864 29.664794 23.995276 7
-16.40474 29.822394 23.049476 1
-17.38644 29.819094 23.159276 12
-18.25884 29.534694 22.840076 1
-18.17834 30.102594 22.044976 1
-18.98794 30.375994 21.620276 1
-19.51984 30.848994 20.951076 16
-19.99604 30.529094 20.188776 16
-20.26424 30.957794 19.348076 16
-21.00954 30.399994 19.211076 10
-20.19334 29.863494 19.023176 16
-20.68534 29.342694 19.642076 14
-21.47014 28.893894 19.918176 16
-20.87564 28.154894 19.943676 15
-20.10074 27.785694 20.358776 15
-19.80104 28.752094 20.610876 16
-20.38114 29.246194 21.224476 5
-19.89164 28.787494 21.938176 1
-20.70544 29.242694 22.231176 1
-21.67664 29.058494 22.192376 12
-21.45444 28.180994 21.764476 15
-21.26974 28.182694 22.739776 1
-22.23084 28.437094 22.816476 16
-22.74104 29.137094 22.381776 12
-22.68284 29.975794 22.799776 15
-22.06574 30.625394 22.304976 16
-21.33504 30.095394 21.894376 12
-21.24114 30.944794 21.399576 1
-20.82424 31.034494 20.563276 13
-20.80344 31.918794 19.995776 16
-21.16034 32.763894 19.961276 11
-20.24964 32.712794 19.805576 16
-19.75864 33.210994 19.138476 8
-19.24724 32.332694 19.317976 16
-19.39284 31.459394 19.017776 16
-18.77354 30.953094 18.428476 16
-17.89304 30.763994 18.474776 11
-18.10254 30.511794 19.342976 16
-17.20124 30.177194 19.330376 11
-17.64214 30.034294 20.126176 8
-18.54674 30.117594 20.445576 7
-18.73944 31.060294 20.103076 16
-18.70314 32.021794 20.252076 16
-18.27354 32.443094 21.034076 1
-17.41004 32.086394 21.151176 1
-17.60004 31.116294 20.877976 1
-17.43824 31.220294 19.889976 16
-16.55404 31.548994 19.955576 1
-15.82064 31.940894 20.398476 1
-15.36784 31.882994 19.527676 1
-15.18964 30.875494 19.637276 1
-15.80284 30.164394 19.493576 11
-16.18334 30.926094 19.038476 1
-16.80354 30.550094 18.416176 11
-16.95404 31.370594 17.950696 11
-17.16034 31.840894 18.791176 16
-17.22484 32.745794 19.043676 7
-17.82344 32.551794 19.796876 16
-18.15364 33.460994 19.500776 15
-17.81994 34.073294 20.189276 1
-17.08544 34.444394 19.762176 12
-17.52614 34.537494 18.907376 16
-17.61144 34.082794 18.055326 12
-18.38754 33.564394 18.390676 15
-18.29184 32.699594 18.834676 16
-18.03404 32.086994 18.139746 16
-17.82164 31.521494 17.436046 5
-17.07484 31.259594 16.835016 11
-16.89534 31.930894 16.093086 5
-16.95214 32.658694 16.819126 7
-17.82074 32.791094 16.556396 12
-18.54534 32.387294 17.170126 16
-18.60794 31.504494 16.657086 16
-18.28844 31.585694 15.742586 1
-18.41134 30.611794 15.451766 16
-19.32804 30.211294 15.292546 15
-20.00224 30.634894 14.825916 1
-20.16814 31.128994 15.710876 1
-19.68204 30.984194 16.518286 16
-19.88284 30.047294 16.197046 7
-20.79064 30.366094 16.249456 16
-21.55034 29.910694 16.082396 15
-21.53084 30.189894 16.977846 16
-21.72854 30.040494 17.883266 13
-20.69134 29.963894 17.895226 16
-20.45814 29.042794 17.762826 1
-20.22814 28.385894 18.418476 15
-19.58134 28.430294 17.676206 16
-18.68784 28.319494 18.056376 12
-17.94114 28.849094 17.828426 11
-17.53574 27.978094 18.030076 1
-17.33374 28.677494 18.798276 11
-17.86254 28.597394 19.621276 16
-18.39524 28.816594 18.861876 12
-18.55414 29.763394 18.622876 11
-19.47984 29.665694 18.351376 16
-19.67044 30.090294 17.482966 16
-19.11224 29.394794 17.293506 12
-18.20194 29.724394 17.531136 11
-18.04204 30.111594 16.676016 11
-18.70894 30.583394 17.314586 1
-19.40374 31.288294 17.437096 16
-20.13914 31.771394 17.819846 16
-20.65394 31.901194 16.951386 16
-21.44474 32.064594 16.420646 15
-21.81294 31.198794 16.523756 5
-22.51904 30.496294 16.133516 12
-23.39404 30.448294 16.492036 1
-22.69274 30.490294 17.203146 5
-22.69814 29.654294 17.698196 8
-22.09854 28.939794 18.142986 1
-21.90774 28.086994 18.551776 16
-21.43644 27.507894 19.146476 15
-21.82934 27.621294 19.968176 15
-21.98754 28.298294 20.638676 7
-21.80424 29.085394 21.097576 8
-22.52274 29.719594 21.111276 8
-22.71984 29.457794 20.183876 1
-22.77554 29.078394 19.334176 1
-23.47034 28.583494 18.930576 14
-23.93204 28.342894 19.699576 12
-24.40634 28.240194 20.465976 1
-24.55414 29.230294 20.178176 13
-24.05074 29.924394 19.649976 16
-23.48974 30.488894 20.274176 1
-22.89564 31.144694 20.646976 1
-22.80304 30.886694 19.647476 1
-22.49204 31.105594 18.756276 7
-22.41044 31.516094 17.915186 9
-21.49734 31.196594 17.512636 16
-20.86834 31.257094 18.293876 16
-21.33234 31.428794 19.073976 12
-21.96324 31.888794 19.562076 1
-21.39264 32.435594 18.943876 16
-21.82174 33.301694 18.913576 11
-21.38804 33.399094 18.032886 16
-20.84914 34.166594 17.811746 5
-21.22564 33.985294 16.976496 1
-21.23314 33.140494 16.446376 7
-20.53874 32.963094 17.096396 16
-20.16174 32.684794 17.880336 16
-19.37204 33.119494 17.648716 16
-19.71464 33.898494 17.222686 15
-18.86174 33.689594 16.822556 8
-19.59654 33.216494 16.317776 16
-19.08434 32.888694 15.475066 5
-19.77034 32.276494 15.902046 16
-19.85794 32.220794 14.949866 7
-19.32694 32.779194 14.351896 1
-18.58694 32.212394 14.188726 12
-18.70964 32.426294 13.258156 16
-18.32994 31.730794 12.776126 15
-18.61694 30.929594 12.229526 16
-17.69084 31.088494 12.118736 11
-17.73594 30.513494 11.332596 1
-16.97014 29.857994 11.603476 16
-16.24604 30.033694 12.270686 12
-16.62664 29.869494 13.189186 16
-15.85094 29.980594 13.759876 15
-15.02974 30.429494 13.961586 15
-14.49144 29.879994 13.419336 11
-13.70744 29.274194 13.113366 1
-12.96744 28.843194 12.580626 1
-12.49014 28.808894 11.736096 1
-11.96374 28.474994 12.491946 16
-12.16184 27.673594 11.888746 16
-11.98244 26.775294 12.003086 5
-12.89514 26.625494 11.891186 16
-13.47484 27.156294 11.169716 1
-13.21514 27.502494 10.339676 7
-12.38804 27.668094 9.851636 1
-12.15504 26.644894 9.952976 1
-11.30274 26.242994 10.175396 16
-11.35744 25.625194 10.867716 16
-11.97614 25.506594 11.581786 1
-12.74654 25.024094 11.902486 11
-12.20254 25.306594 12.601126 7
-12.58724 25.144194 13.432266 12
