-0.60677 -17.159665 56.961881 1
-0.43707 -17.624975 56.116281 1
-0.13057 -18.127715 56.853381 4
0.25663 -18.907565 57.249981 1
-0.33107 -19.661525 57.079481 3
0.31163 -20.323245 56.751381 16
0.72233 -19.868035 56.018681 1
1.29863 -19.335425 56.629581 2
1.69943 -18.965465 55.819381 1
0.88543 -18.435765 55.803581 1
1.29873 -17.871135 55.116881 14
1.93263 -17.265715 55.479981 12
2.31123 -16.422845 55.734581 2
1.95613 -16.094195 54.954881 1
1.40173 -15.297275 55.053681 1
0.63783 -15.532205 54.476381 9
1.12173 -15.233715 53.645981 15
2.07533 -15.501165 53.576381 8
2.17363 -16.395275 53.304481 15
1.20923 -16.425075 53.459881 9
1.19873 -17.358505 53.207181 2
1.50773 -17.668745 52.334381 2
1.08653 -17.745045 51.498781 5
0.85013 -17.639575 50.540481 8
1.30283 -17.740275 49.649781 1
1.17673 -16.860655 49.377281 14
1.67073 -16.299035 48.785481 13
2.63283 -16.493365 48.567281 1
2.63313 -16.819345 47.658381 11
3.47693 -17.250385 47.416381 2
3.51163 -17.904355 46.583081 2
3.16783 -17.384935 45.726881 14
2.92943 -18.205975 45.293081 2
3.52433 -18.172885 44.483481 14
4.09103 -17.793695 45.213081 2
4.08393 -16.849845 45.396481 14
4.90723 -16.424985 45.305281 2
4.35463 -15.754785 45.765881 8
4.13653 -15.084185 45.079681 6
3.44153 -15.469685 44.582581 6
3.41043 -16.155575 44.003581 14
4.11243 -16.101675 43.451381 14
5.16053 -15.992505 43.549781 12
5.71313 -15.256745 43.364181 1
6.45803 -14.969055 42.815881 6
6.02653 -15.461595 42.091581 1
6.54643 -15.493165 41.292281 5
5.66233 -15.379355 40.858781 1
4.76143 -15.776755 40.814481 7
4.24413 -16.360555 40.162681 11
4.26323 -17.278245 40.015081 2
3.93963 -18.154635 39.846781 2
4.82333 -18.162695 40.132781 2
5.24893 -18.238485 40.958581 5
4.56873 -18.900595 41.242981 2
3.98893 -19.008245 40.474181 2
4.15093 -19.809405 40.905581 2
3.24993 -19.701365 40.510281 2
2.33333 -19.618085 40.821581 3
1.86023 -20.503861 40.602581 5
0.97743 -20.270395 40.494781 8
0.66673 -20.060515 41.446881 1
-0.08807 -20.053765 42.173281 14
-1.03477 -19.677675 42.387681 1
-1.04127 -20.213465 43.164681 9
-0.33087 -20.413743 43.779881 15
-0.29857 -19.648305 44.288181 14
0.31033 -19.168675 43.678181 9
-0.24517 -18.541535 44.073181 1
0.21183 -17.833475 43.628481 8
0.81783 -18.028795 42.919681 2
1.85453 -18.147565 42.693281 14
2.61763 -17.517915 42.704981 14
2.44023 -17.344595 41.755281 1
3.06413 -18.012115 41.413581 2
3.04013 -18.543455 40.628781 2
2.20913 -18.656055 40.151681 8
2.64893 -18.119585 39.512381 2
2.46013 -17.148895 39.620281 2
1.41613 -16.903405 39.626181 11
1.55723 -16.345105 40.339481 10
1.10523 -17.120855 40.589081 14
1.47913 -16.837265 41.447381 12
1.32353 -16.890015 42.425381 1
0.35813 -16.707125 42.694681 14
-0.51007 -17.036545 43.081481 15
-1.04327 -17.205465 43.832281 6
-1.44767 -17.241855 44.746281 1
-1.69267 -16.339395 45.125681 8
-2.03037 -15.643095 45.697181 2
-1.21517 -15.384865 45.233481 1
-1.04667 -14.782175 44.525281 1
-0.25017 -15.265985 44.639281 1
-0.13737 -14.718145 45.400481 2
-1.01047 -14.340525 45.606681 7
-0.64087 -13.681615 46.159681 1
0.25993 -13.359675 46.196981 1
0.69853 -14.089275 45.886081 1
0.90603 -13.727755 45.017981 3
1.23673 -14.008085 44.116281 1
1.10423 -13.665655 43.246881 2
1.48493 -14.245045 42.571181 1
1.95453 -15.125705 42.550381 2
2.56543 -15.821015 42.210481 14
3.15053 -16.418535 41.720581 1
3.73773 -16.993375 41.227381 2
3.89973 -17.004605 42.240681 14
4.53243 -16.477625 41.773381 11
4.85023 -17.186695 41.130281 2
5.82963 -17.115885 41.359781 5
5.91223 -16.833065 42.276881 5
5.75053 -17.081135 43.164281 14
6.05483 -17.798005 43.804181 2
6.14893 -18.233385 42.767781 5
5.30453 -17.985185 43.243281 14
4.62303 -18.110745 42.537681 14
3.87953 -18.110415 41.992181 2
3.64443 -17.718305 42.920381 14
3.55513 -17.329155 43.724281 14
4.33703 -17.255625 44.293081 14
4.97183 -17.858725 44.696181 15
5.99093 -17.761875 44.793081 1
6.63373 -18.557945 44.681981 2
6.58663 -19.251185 44.075881 2
5.76613 -19.594885 43.770781 15
5.56223 -19.483115 42.867181 15
6.35283 -19.960955 42.876681 1
7.13533 -19.763045 42.421681 6
7.21653 -20.367845 41.665681 2
6.79503 -20.537048 40.853781 9
7.44073 -20.402225 40.083481 8
8.16353 -20.659032 39.531381 8
9.05323 -20.645556 39.861281 2
9.15983 -21.574379 39.692981 8
9.95263 -22.002587 39.309681 2
9.24173 -22.010902 38.607981 8
8.63243 -22.626665 38.155881 14
7.96983 -22.750545 38.833581 2
7.21373 -22.188893 38.796581 8
6.61923 -22.952745 39.000881 12
6.42303 -22.959985 39.943181 2
7.31133 -22.557085 39.851781 1
7.89733 -21.753337 40.054581 8
8.51253 -22.578425 40.280081 6
8.07593 -22.735545 41.169081 2
7.13253 -22.900925 41.311681 9
7.11913 -21.925469 41.120681 12
6.33123 -21.555787 41.524781 14
6.04973 -21.140344 40.675981 3
5.84723 -20.092015 40.650481 2
5.88803 -19.279115 41.156281 1
6.30273 -18.372555 41.315981 5
6.77063 -18.533625 40.489681 5
6.34343 -18.520425 39.625881 5
5.38773 -18.778725 39.308581 2
4.40243 -18.888955 39.395181 2
4.15963 -19.795445 39.664481 2
3.38123 -20.294705 39.533781 1
3.85453 -20.811126 40.145681 1
3.48973 -21.07576 40.973981 11
3.63163 -20.356925 41.698881 2
4.35903 -20.937566 41.949581 1
4.10333 -21.316733 42.802081 6
3.73003 -20.505792 42.968081 2
3.63283 -20.045645 43.822281 1
3.56073 -19.099235 43.836981 14
4.33283 -19.337795 43.331281 15
4.18683 -19.409785 42.376481 2
3.66313 -18.718005 42.913481 14
3.14843 -19.456905 42.517581 2
2.57923 -18.826415 41.963481 2
1.77693 -19.168115 41.569581 15
1.42703 -19.307015 42.509681 3
2.09163 -19.029065 43.162581 14
2.10963 -18.743355 44.114381 6
2.35483 -17.872885 44.526981 14
1.62553 -17.349745 44.164381 2
2.54953 -17.145965 43.789781 14
1.98993 -16.771365 43.155281 14
2.29403 -15.856375 43.224181 15
2.88243 -15.155765 43.306581 8
3.24023 -14.304335 43.599681 1
3.85983 -14.008505 42.818081 14
4.03813 -13.477965 41.987281 9
4.18293 -14.043855 41.187381 1
4.80163 -14.087955 40.465581 2
4.95533 -14.429105 39.526981 8
4.67673 -15.284255 39.914581 9
5.17753 -15.866865 39.281281 14
5.28793 -16.822725 39.428281 2
5.85613 -17.503015 39.282281 5
5.65853 -18.091145 38.502681 2
5.86613 -18.989225 38.393781 2
6.64723 -19.541225 38.665281 8
6.61303 -20.345265 39.162881 8
5.83513 -19.821135 39.504581 2
5.05393 -20.303195 39.795881 2
5.12653 -21.151146 39.369781 1
4.35083 -21.040947 38.839981 3
4.75133 -20.515573 38.176081 2
4.02243 -20.949031 37.723481 3
3.26913 -20.428823 37.532381 4
3.11353 -19.753285 38.129881 1
3.90993 -19.238115 38.625781 2
3.71063 -18.363045 38.857681 2
2.89563 -18.888655 38.592381 2
2.61803 -19.724205 38.980081 1
1.77593 -20.158365 39.102881 14
0.98873 -20.191945 38.584081 7
0.16193 -19.960425 38.204681 1
-0.23827 -19.058525 38.248781 8
-0.22957 -19.116625 37.318081 2
-1.20437 -19.216635 37.429881 12
-1.91177 -18.944365 38.067681 14
-2.50817 -19.664915 37.805481 6
-3.49007 -19.697525 37.990281 6
-4.20227 -19.671415 38.638881 3
-4.94107 -20.195135 38.577281 14
-5.69117 -19.616465 38.497181 2
-6.16747 -19.012695 39.079281 8
-5.68857 -19.052845 40.035581 1
-4.86107 -18.689595 40.326181 1
-5.32737 -17.919905 40.604281 2
-4.58507 -17.278835 40.661781 2
-5.04747 -16.983085 39.861081 10
-4.04717 -16.851235 39.956481 8
-3.96897 -17.848225 39.946581 3
-3.15277 -17.554145 40.411481 2
-3.00617 -16.967715 41.147981 9
-3.31747 -16.114215 41.176181 1
-2.39487 -15.947235 41.448081 7
-2.39827 -14.994905 41.760281 2
-2.23187 -14.651055 40.809481 1
-1.30697 -14.700975 40.454781 14
-0.48827 -14.527965 40.032581 3
-0.38447 -15.480325 40.148781 14
0.20293 -15.137995 39.406781 1
-0.37947 -15.034625 38.570781 2
-0.51357 -16.024185 38.387981 8
0.30303 -16.077655 38.902781 1
0.13233 -17.088585 38.861981 11
0.87823 -17.159605 38.233381 14
1.74013 -17.487365 38.655981 2
1.97583 -18.385015 38.379581 2
1.44773 -19.111765 38.132281 15
1.99303 -19.416185 37.396981 3
2.64113 -18.607845 37.631181 2
2.01393 -17.890935 37.465081 2
1.15293 -17.605745 37.260381 1
1.05403 -17.945635 36.352181 3
1.54243 -18.628105 35.864981 8
1.94763 -19.405475 35.422681 12
2.51723 -18.683175 35.076181 5
3.18563 -17.951435 35.022581 2
3.94323 -18.416765 34.678981 5
4.31863 -19.135215 34.133281 2
5.23723 -18.833025 33.943481 14
5.36433 -18.136035 33.354181 4
4.67473 -17.635215 32.924381 3
4.18113 -18.443625 32.883481 1
5.00473 -19.030505 32.776581 2
6.02113 -18.994205 32.879781 14
6.60673 -19.286715 32.205481 1
7.65583 -19.266295 32.257381 1
7.35523 -19.031395 33.258481 14
8.22823 -19.434265 33.318981 1
8.37043 -18.784975 33.971381 2
7.38813 -18.673765 34.199381 14
7.09773 -17.854325 34.691181 1
6.99533 -16.957095 34.417781 1
6.63503 -16.726625 35.285981 9
5.70493 -17.069975 35.237581 6
5.09683 -17.796295 35.473981 6
5.47763 -18.250575 36.288281 2
6.21003 -18.701345 36.561681 2
6.71743 -18.036595 36.031281 9
6.23743 -17.653375 36.776881 2
6.54793 -17.106045 37.465381 9
6.28503 -16.350525 36.957181 9
5.77773 -16.939135 36.345981 9
5.13983 -17.218005 37.027781 2
5.03203 -17.429745 37.986581 2
5.54163 -16.635325 38.054981 6
5.82053 -15.731145 37.826681 9
5.23093 -15.072185 38.132081 2
4.71843 -14.231645 38.205781 8
4.32333 -14.926085 38.740881 6
3.78783 -14.173495 39.002581 8
3.27943 -14.762315 39.545881 3
3.03973 -14.957245 38.601581 2
2.23033 -14.728325 38.970381 14
1.84513 -13.839415 38.949681 8
0.97683 -14.053215 38.703081 2
0.82103 -13.930175 37.658281 6
1.75363 -13.724985 37.900181 3
1.96413 -12.955655 38.500181 14
2.92363 -12.849505 38.146581 8
2.44323 -13.214865 37.391181 2
3.19183 -13.787275 37.388181 8
3.69483 -14.432265 37.941581 8
3.33483 -15.071185 37.276681 3
2.63713 -15.656655 37.103981 2
2.78473 -16.547165 37.406381 12
3.34443 -16.753325 38.146681 2
2.62483 -16.676605 38.809881 2
3.37293 -16.088485 39.104781 12
3.09433 -16.425255 39.925981 2
2.93593 -15.514285 40.142681 14
2.41483 -14.709265 40.301881 3
2.67603 -14.767275 41.206981 1
2.52343 -14.072965 41.911681 2
2.48343 -13.147515 42.201481 3
2.93973 -13.279915 41.325581 2
3.81483 -13.082865 41.007781 3
4.59803 -12.976405 40.534381 10
3.84543 -12.555185 39.979681 1
3.52323 -13.221755 39.303181 8
4.09753 -12.496805 38.973381 8
3.21933 -12.098745 38.728881 1
3.29633 -11.529765 39.622981 2
2.34263 -11.460775 39.622881 1
1.93783 -10.619755 39.874481 9
2.11053 -9.856455 39.237381 14
1.49923 -9.252455 39.663181 2
0.88653 -9.928655 40.011081 1
0.04583 -9.481055 39.912681 1
-0.93397 -9.667555 40.106081 3
-1.09927 -8.735355 40.392981 2
-1.92807 -9.386555 40.418281 9
-2.26107 -8.914155 41.214081 8
-2.91257 -8.945155 41.893981 6
-3.14157 -8.694455 42.828081 7
-2.65977 -7.855955 42.995681 1
-2.46457 -7.204255 43.708981 1
-2.97177 -7.471755 44.553881 2
-3.86247 -7.234755 44.882681 6
-4.03027 -6.392255 44.396481 8
-3.24537 -6.127855 43.815781 3
-3.49007 -6.522055 42.996881 2
-3.22567 -6.037755 42.226881 6
-2.57437 -5.231255 42.294481 14
-2.72937 -4.300655 42.354481 3
-3.07117 -4.011755 43.218981 2
-2.33867 -3.455955 43.374481 1
-1.58247 -3.343155 42.733081 2
-1.11857 -3.277455 41.851881 8
-1.39547 -4.120155 41.428781 12
-1.29997 -4.037255 40.426881 9
-0.53807 -4.508855 40.072081 3
-0.45497 -5.501555 39.956281 8
0.44173 -5.154355 40.063781 14
0.25923 -5.568955 40.908381 14
-0.30037 -5.971155 41.534881 2
0.08503 -6.213055 42.465681 2
0.31003 -6.729255 43.247481 8
-0.16097 -7.602255 43.540681 14
-0.07187 -8.556855 43.384781 2
0.19863 -8.992055 42.590081 9
0.81793 -9.621555 42.128281 2
0.59123 -9.578055 41.177881 3
0.22253 -8.770155 40.865381 1
0.39653 -7.873655 41.105081 2
0.63773 -6.939355 40.989481 9
1.25693 -7.406655 40.430281 3
2.08433 -7.191855 40.794481 2
2.89383 -7.751455 40.844781 10
3.21323 -6.872955 40.485681 9
3.31763 -7.447655 39.654381 1
4.28033 -7.377355 39.718481 2
4.75743 -8.134355 39.959981 2
4.58253 -8.926455 40.463281 1
4.24713 -9.378255 41.293081 3
4.43233 -10.338055 41.356381 1
4.43413 -10.786955 40.511181 2
4.78653 -11.705075 40.659781 1
4.76413 -11.754665 39.696481 3
5.71393 -11.705285 39.617281 2
6.47383 -12.026885 39.092081 6
6.49563 -12.982585 38.812481 6
5.69523 -13.506605 38.582281 8
4.96523 -13.230565 37.963081 8
4.97213 -12.817375 37.111881 2
3.95343 -12.654495 37.314881 8
3.94103 -11.706425 37.287681 12
2.96343 -11.527345 37.066981 6
2.33053 -11.330955 36.390481 2
1.36273 -11.361555 36.562381 14
1.68673 -12.215965 36.195581 3
1.16533 -13.028715 36.198281 2
1.78933 -13.671855 35.857181 6
1.97813 -14.316495 35.196381 1
1.97153 -15.163875 34.804481 14
2.59733 -14.742615 34.190581 1
2.15013 -15.669235 33.875681 1
2.55743 -16.515255 33.750881 3
2.07093 -17.360405 33.920581 14
1.60743 -16.690695 34.520381 2
1.92133 -16.038145 35.220881 8
2.63353 -16.516715 35.528781 1
2.59273 -17.163725 36.223281 4
2.82643 -17.868285 36.816181 12
3.44193 -17.598015 37.506481 2
3.99513 -17.580515 38.268981 2
4.29943 -16.822835 38.705481 2
4.63373 -15.972045 38.271481 3
4.49413 -15.747065 37.354181 2
5.31153 -15.896145 36.880381 9
4.85193 -15.722025 35.993481 9
4.40023 -16.539145 36.403781 2
4.24763 -17.538795 36.439681 1
4.42573 -17.944085 37.344581 2
4.66373 -18.854245 37.192881 2
5.05553 -19.466395 36.608281 9
5.92483 -19.906275 36.393981 3
6.69413 -19.642285 35.801081 6
6.95323 -19.409055 34.895281 14
7.64103 -20.113925 35.186581 2
8.22593 -20.407235 34.537681 14
8.16303 -21.062011 35.285781 6
8.51883 -21.832222 35.758681 9
8.28043 -22.31905 36.535381 3
8.23143 -21.548718 37.154081 1
8.59863 -21.406875 38.002981 8
7.60533 -21.524734 38.085881 8
7.46773 -22.381006 37.748781 10
7.00853 -22.964475 37.050881 1
6.29233 -22.708725 37.642881 3
6.27523 -21.776749 37.887781 2
6.19663 -21.277453 38.640281 8
5.81183 -20.445957 38.540681 2
6.02423 -20.142685 37.670581 8
5.36393 -19.428845 37.596481 2
4.40583 -19.589765 37.851481 2
4.03923 -19.855045 37.002181 3
3.38093 -19.193255 36.786481 2
3.84573 -18.802175 36.083281 3
3.29983 -19.472385 35.614881 7
3.85963 -19.976865 35.059081 3
3.46783 -20.903302 35.258481 8
3.77703 -21.276359 36.131381 2
4.70173 -20.872723 35.878381 3
4.64203 -20.700298 34.818881 6
5.52623 -20.728675 35.233081 2
5.71693 -19.895675 34.767981 14
6.45943 -20.250405 34.177481 14
6.68913 -19.984415 33.275581 14
7.34863 -20.584036 32.879081 3
7.51193 -20.377515 31.943481 2
7.59333 -20.981143 31.228681 4
7.42593 -20.602713 30.376381 6
7.70013 -21.149337 29.527781 1
8.27823 -20.777845 28.703581 3
8.09783 -21.59383 28.166781 1
8.36833 -21.979649 27.345181 7
8.45853 -22.816545 27.831681 3
7.54523 -22.498505 27.768281 6
6.64733 -22.676435 28.115481 3
6.68103 -23.381525 27.483481 5
7.48823 -23.960345 27.582781 2
8.20193 -24.042435 28.150281 13
9.03033 -23.830345 27.559081 2
9.74873 -24.474705 27.302881 3
9.72123 -25.342975 26.835281 2
9.33893 -26.263955 27.105381 10
8.68073 -25.886545 27.682881 5
9.38683 -26.366205 28.195981 3
9.62163 -25.359905 28.173881 3
9.73723 -25.382805 29.093381 14
10.71823 -25.361775 29.279381 1
11.04663 -24.482305 29.103181 1
11.70973 -24.228925 29.820281 9
12.11533 -23.988005 30.597281 9
12.41993 -23.051245 30.908681 10
11.58233 -22.553955 30.898081 1
10.47243 -22.698075 30.975681 1
10.30593 -21.901783 31.545881 8
9.97163 -21.167862 30.928981 9
10.99973 -21.134727 31.139481 3
11.93573 -20.902326 31.281881 3
11.54603 -20.570753 32.091481 8
11.57963 -19.649655 32.308681 1
10.59673 -19.704785 32.448981 13
9.93643 -19.054785 32.659581 4
9.95413 -18.073915 33.028681 2
10.85423 -18.430925 32.964881 9
11.13803 -17.504735 33.139981 3
10.60943 -16.732835 33.644381 5
10.70523 -16.967085 34.549281 3
10.58583 -16.351235 35.362181 10
11.42683 -16.215485 35.825981 2
11.75113 -15.416765 36.189981 12
11.34173 -14.885085 36.859281 3
10.75753 -15.356815 37.463481 3
10.77003 -15.838835 36.602581 9
10.54433 -15.322635 35.815581 14
10.32243 -14.872395 36.614781 3
9.51173 -14.316845 36.880281 3
9.69553 -13.355805 36.916281 6
10.38063 -12.739955 36.412881 1
11.09703 -12.331855 36.102381 7
10.41013 -11.764465 35.686981 10
9.86833 -12.354335 34.926281 8
10.53073 -12.948405 34.718481 1
11.47093 -12.838515 34.346681 10
11.41113 -13.456115 33.643581 1
10.88113 -13.944325 34.306281 2
11.13443 -13.852295 35.233981 2
10.39743 -14.341675 35.688881 1
10.62963 -13.734455 36.496781 3
11.12233 -13.413595 37.221481 3
11.87283 -13.072425 37.736481 6
12.82283 -13.252725 37.766581 8
13.33503 -14.047775 37.491081 6
12.55373 -14.225025 38.035081 4
12.69793 -14.305885 39.019081 9
11.78553 -14.188575 39.367181 9
11.87143 -14.805095 38.597281 13
11.15283 -14.150555 38.487381 3
11.20953 -13.173055 38.581281 9
10.37903 -13.380925 38.183081 3
9.40093 -13.089975 38.159981 6
9.09623 -13.701155 38.841081 3
8.18813 -13.867745 38.566881 3
7.36403 -13.430425 38.584981 6
6.68983 -14.084715 38.203681 12
6.59843 -15.080185 38.057681 9
6.28013 -14.979855 38.963681 5
7.23353 -14.812775 39.078981 14
7.72123 -15.647455 39.379281 3
7.22393 -16.435695 39.582681 5
6.37903 -16.398225 39.038081 9
6.08623 -16.154315 39.980981 8
6.69803 -16.695065 40.450781 5
7.13163 -15.855985 40.671781 5
8.05443 -15.621945 40.372481 3
8.00303 -14.706915 40.621381 14
8.42623 -14.538965 39.793681 3
9.36533 -14.534975 39.840381 3
9.14083 -15.060455 40.597081 10
10.14283 -14.664595 40.719181 10
9.94283 -13.794535 40.252881 3
10.83213 -13.692585 40.660581 9
10.83673 -14.373045 39.991981 9
10.84023 -14.941995 39.254881 3
11.59813 -15.574245 39.127481 1
11.53813 -16.533105 38.953681 3
12.48993 -16.769825 39.088681 1
12.33493 -17.606205 39.434481 3
12.94083 -17.800875 38.771081 4
13.62303 -18.463875 38.475981 1
13.88383 -19.445465 38.438381 1
13.75863 -19.443895 39.389281 1
14.27653 -20.315645 39.352881 1
14.30763 -20.731513 38.451181 4
14.10643 -21.4709 38.958081 1
14.18553 -21.541626 40.039081 3
13.57133 -22.096172 40.472781 15
13.31713 -21.10102 40.738881 10
13.21133 -20.213185 40.382881 6
12.70523 -19.798505 39.745681 6
12.02443 -19.196595 39.900181 6
11.43673 -18.340035 39.979581 3
10.72263 -18.583895 39.296581 3
10.82533 -18.684265 38.308481 11
11.73903 -18.990905 38.217881 13
11.90433 -18.049435 38.314181 3
11.09693 -17.643645 37.928181 6
10.62463 -16.944625 38.395481 3
10.94473 -16.588005 37.504281 13
10.11413 -16.269445 37.733881 3
9.69363 -16.424305 36.841081 3
9.31103 -16.433195 35.864881 5
8.76233 -15.718295 35.694781 9
9.32363 -15.240935 36.339681 3
8.93243 -14.387075 36.066781 8
8.59923 -14.589365 35.161381 4
8.02663 -15.207675 34.599381 1
7.23463 -15.368295 34.074381 12
6.61153 -15.695235 34.788281 4
6.90463 -14.839425 34.957681 3
6.41113 -14.876145 35.770981 9
5.45753 -14.837005 36.105181 9
5.04823 -14.600005 36.958981 8
5.21653 -13.755385 36.433281 3
5.56703 -12.949375 35.975281 5
5.76303 -12.239695 35.354281 1
6.51583 -12.600075 35.741781 1
6.78113 -11.699595 35.722781 2
6.79153 -12.075805 36.657781 1
6.63473 -12.717635 37.501381 5
7.62303 -12.787105 37.617581 6
7.54783 -12.794905 36.696181 5
7.75963 -13.603485 36.154581 10
8.17813 -13.861965 36.952981 5
8.73153 -13.681095 37.691581 6
9.48973 -14.229695 38.012781 3
10.00643 -14.939355 38.371181 3
9.84163 -15.126025 39.270181 3
9.94753 -15.596525 40.105881 1
9.68453 -16.194975 39.402381 3
9.39533 -15.708825 38.554381 3
8.57133 -16.116825 38.663481 3
7.83783 -15.923355 38.141181 9
8.67113 -15.383025 37.888481 3
8.64643 -15.657555 36.998581 3
8.14943 -14.868455 36.963281 13
7.35503 -15.341075 37.228081 9
6.95223 -14.375825 36.900481 10
7.38913 -14.899175 36.219381 3
7.05903 -15.812695 36.330081 9
7.89033 -16.307545 36.188181 9
8.47193 -16.910135 36.734081 3
7.78143 -17.532885 37.055581 9
8.07213 -18.238235 37.573281 14
8.90203 -18.558855 37.996481 13
8.86903 -17.629365 37.898581 3
9.11283 -17.698715 37.004581 1
9.80173 -17.264885 37.507081 3
10.47363 -17.130755 36.883281 4
10.07813 -17.408865 36.122981 1
10.92543 -17.533155 35.642081 4
10.29293 -18.124715 35.276381 1
9.73033 -18.316085 35.943681 6
10.12523 -18.595815 36.819281 3
10.45023 -19.259285 37.422381 9
10.67473 -20.104905 37.999281 1
10.05173 -20.874623 38.245681 8
10.74093 -21.031514 38.922381 9
10.42083 -20.674049 39.779681 1
11.30163 -20.623371 40.227881 6
11.03713 -19.699245 40.425481 1
10.43173 -18.940395 40.635581 3
9.80433 -19.555975 40.268281 3
9.05943 -19.820735 40.709481 11
8.83923 -18.942465 40.453281 3
8.05483 -19.338095 40.893281 5
7.53473 -19.188275 40.038781 8
8.21183 -18.897015 39.284381 10
8.26603 -18.107405 38.738481 6
9.15533 -17.699065 39.220281 3
8.69963 -17.865845 40.059181 3
7.83353 -17.911165 40.408481 5
7.06363 -17.547555 40.911381 5
7.69383 -17.302645 41.653081 5
8.36093 -17.207695 42.372481 9
9.10653 -17.790855 42.389481 8
9.39313 -17.642355 41.521781 1
9.94133 -17.896915 40.753781 3
10.54603 -17.695185 39.992381 3
10.58193 -17.013705 40.659481 3
10.35573 -16.658225 41.511381 15
10.99023 -16.040865 41.128181 9
11.51473 -16.363365 41.821981 10
11.50633 -17.045915 41.117081 3
11.92753 -17.647105 41.711481 3
12.27353 -17.184515 42.426481 1
13.22303 -17.322435 42.643781 12
13.20163 -18.253785 42.593481 3
13.11953 -19.259955 42.406581 14
14.08793 -19.606445 42.345581 4
13.72753 -19.721115 41.426781 4
12.87433 -20.162445 41.435481 6
12.26073 -19.462255 41.728981 6
11.81643 -18.626545 41.713781 3
11.61833 -19.084395 40.899881 6
11.24973 -19.680915 41.531081 6
10.66073 -18.931495 41.787481 3
9.82903 -18.671235 41.974281 9
10.43533 -17.876455 42.024281 3
10.58233 -18.228915 42.916381 9
9.92833 -18.017075 43.509381 6
9.71923 -18.972555 43.811981 13
8.97023 -18.882685 43.189081 3
8.18843 -18.253255 43.060281 9
7.32943 -18.319635 42.635881 5
6.93673 -17.647125 43.158181 3
6.87283 -16.800555 42.669981 5
7.56423 -16.225195 42.951681 10
7.71503 -15.311945 43.176681 13
7.89973 -14.500085 43.727681 3
8.67683 -14.564285 44.374381 1
9.04903 -15.323715 43.969281 1
9.84713 -15.800375 43.597081 1
9.53263 -15.895125 42.659881 9
8.84453 -15.223175 42.416581 1
8.34633 -16.015165 42.301081 1
7.90503 -16.050245 41.415681 5
8.73183 -16.458505 41.288981 9
8.98193 -16.229195 40.401181 3
8.52443 -16.604985 39.658381 3
7.95003 -17.281095 39.492281 5
8.35583 -17.058765 38.588981 3
7.51713 -17.140595 38.102181 9
7.26853 -17.877865 38.671081 6
7.51823 -18.757015 38.424781 6
7.58193 -19.627735 38.023381 8
7.68543 -19.451985 37.001581 4
7.77523 -20.308375 36.635381 15
8.05823 -20.433735 37.523981 3
8.02333 -20.574622 38.549081 8
8.68973 -19.886335 38.824381 8
9.29733 -19.297685 39.193781 3
9.71073 -18.510845 38.751781 4
10.10453 -17.702345 39.107281 3
10.47013 -16.849485 39.424681 3
11.07103 -16.144895 39.853381 13
11.44643 -15.274615 40.120181 9
12.03183 -16.035285 40.330181 3
12.15693 -15.333805 40.905381 9
12.50133 -15.130805 41.892681 14
12.12423 -14.285745 41.584481 9
11.38853 -13.762325 41.554781 9
10.52973 -14.157285 41.812681 13
10.04153 -13.304925 41.549281 3
9.35363 -13.987215 41.612781 5
8.78173 -14.116325 40.872081 3
8.10563 -13.500565 41.290481 1
7.85523 -13.319585 42.165881 4
7.35983 -12.642845 41.625181 3
6.41863 -12.582945 41.835881 9
6.36653 -12.695465 40.890581 1
6.99703 -13.374395 40.444781 10
7.74093 -13.641355 39.832381 3
8.02283 -12.821535 39.474181 6
8.02593 -12.854115 40.466381 3
7.38543 -12.057185 40.418281 10
8.14483 -11.870455 39.838181 3
8.30613 -11.695155 38.858681 6
8.23013 -11.865345 37.909381 6
7.56583 -11.387255 37.394481 1
7.48893 -10.480455 37.762981 3
7.51043 -11.146855 38.472581 6
7.45773 -10.500255 39.224581 1
7.21533 -10.994455 40.077681 15
8.06833 -10.954955 40.496581 3
8.17673 -10.966155 41.452181 3
7.44233 -10.258155 41.117581 6
7.31443 -10.315755 42.105281 9
7.17543 -10.443155 43.115381 3
7.67633 -10.975655 43.800581 5
7.14133 -10.669355 44.476281 8
6.61673 -9.996955 44.051881 5
6.91953 -9.083855 44.026981 9
6.39243 -8.743755 44.886581 6
6.56313 -7.949355 45.631981 10
7.41983 -8.312055 45.319581 5
8.25523 -8.385155 45.769781 13
7.98883 -9.308455 45.559481 3
8.33373 -8.965455 44.688081 11
8.77583 -9.262555 43.862981 3
9.53923 -8.889955 43.453281 4
9.21113 -9.711255 43.097481 1
9.74373 -10.349455 42.439281 9
10.01623 -10.244655 41.451581 3
10.09503 -11.118455 41.518381 3
10.14543 -11.468295 42.420881 1
10.21973 -10.943755 43.224181 8
11.08013 -10.611155 42.930381 1
11.50103 -11.467115 42.800881 4
11.08973 -12.055885 42.148481 3
10.92953 -12.299115 43.130781 9
10.04263 -12.448385 42.650181 3
9.13353 -12.148715 42.614181 1
9.10843 -11.680805 41.802481 3
8.83203 -12.532315 41.681081 1
9.21953 -12.849425 40.886281 3
9.15203 -12.375945 40.069981 3
9.13793 -12.468355 39.057581 6
9.84713 -13.045375 39.400881 3
10.76043 -13.305145 39.646081 3
11.75583 -13.331705 39.944181 9
12.65443 -13.728735 39.883181 9
13.40223 -13.455145 40.454881 10
12.90423 -14.282515 40.782381 9
13.50373 -14.539375 41.478681 5
14.06843 -14.438765 42.217381 3
14.68513 -14.199285 42.966781 5
14.90643 -13.289115 43.384381 6
14.57313 -12.914225 44.270881 15
13.64483 -13.139085 44.352581 9
12.72763 -12.914895 44.573581 13
12.94323 -12.260765 43.895681 5
13.84223 -12.017625 44.066981 13
13.77023 -11.496905 43.213481 3
14.42383 -10.834655 42.826081 10
13.52323 -10.477355 43.116481 1
12.90123 -10.687655 42.387881 3
12.49173 -10.987355 41.545481 6
12.43283 -11.527565 40.732181 1
11.56623 -11.485085 41.152881 5
10.65943 -11.710265 40.758181 3
9.67443 -11.702325 40.717381 3
9.19183 -11.354855 40.066381 3
9.17213 -11.313355 39.121181 6
9.69383 -10.787155 38.485281 6
10.34473 -10.047755 38.264881 14
11.09053 -10.226455 39.013781 4
10.40873 -10.846355 39.403381 3
11.08493 -11.074955 39.975481 3
11.53033 -10.460755 40.571681 13
12.26653 -10.215455 40.080881 4
12.15093 -9.295855 39.881481 12
12.90143 -8.871055 39.364081 6
13.86983 -9.036955 39.436481 4
14.79913 -8.823855 39.566381 3
15.23813 -9.658955 39.385581 9
14.85143 -9.934955 38.538981 3
14.04723 -9.941655 38.050581 3
13.47063 -10.023955 37.325281 8
13.30773 -10.942955 37.545781 11
12.73903 -11.532665 38.057681 4
12.32453 -12.174825 38.678081 9
13.10453 -11.898175 39.147181 6
13.23263 -12.719025 38.654281 10
13.42293 -13.410495 39.377881 9
14.16463 -13.874175 38.977581 3
14.55423 -14.555115 39.492181 1
14.18473 -15.285045 39.991381 1
13.39343 -15.587955 39.522581 9
13.32733 -16.339715 40.090581 1
12.62993 -16.952765 40.435081 3
12.10393 -17.736835 40.662281 3
12.97483 -18.146225 40.957181 6
13.54223 -18.085955 40.262981 1
13.82933 -18.961915 40.645281 6
14.27273 -18.695415 41.452581 5
14.91543 -18.713815 42.176181 13
14.68613 -17.852305 42.507781 10
15.64693 -18.229385 42.633581 5
15.58243 -17.259535 42.757881 3
15.73623 -16.690465 43.554881 9
16.51193 -16.346805 43.083381 8
16.32483 -16.194255 42.146081 3
15.85223 -16.931615 41.773281 1
16.21043 -16.368145 41.096181 8
16.40893 -15.502555 40.748381 5
16.30333 -14.701765 41.243281 3
15.40473 -15.020335 41.207181 1
15.15733 -14.110605 41.411781 3
14.51753 -13.480485 41.677581 15
14.28343 -12.576675 41.676181 10
13.61863 -11.916055 41.387581 13
13.02163 -12.518915 41.021881 9
13.27283 -13.146305 41.681781 3
12.35043 -13.177095 42.051181 9
11.99143 -12.312555 41.799081 13
11.19913 -12.647005 41.131281 3
11.86153 -12.392835 40.392481 9
11.08463 -12.166915 39.952581 3
11.62493 -12.508045 39.309981 9
11.52343 -11.601135 39.122681 13
10.96743 -11.309855 38.351781 11
10.27923 -12.057575 38.527781 3
10.06923 -12.472615 37.712181 6
10.43573 -11.655655 37.473381 3
9.71723 -10.952755 37.361181 6
9.73133 -11.698445 36.643281 5
9.33183 -11.481445 35.813481 15
8.36993 -11.608895 36.273881 5
8.80563 -11.467225 37.167081 6
9.03973 -10.728055 36.567281 3
8.85973 -9.784655 36.697881 8
9.06993 -9.954155 37.638681 6
8.45173 -9.843455 38.312481 4
8.49953 -10.201855 39.178481 6
9.03723 -10.317455 39.958181 3
9.54133 -9.766055 40.587281 3
8.98353 -9.721955 41.405681 3
9.27753 -8.946355 41.818881 5
9.82873 -8.347855 41.240681 6
10.48913 -7.986455 40.641881 1
10.95633 -8.825355 40.493381 1
10.70103 -9.713955 40.765081 3
10.44363 -9.831955 39.737581 3
10.29823 -9.287055 38.942081 1
9.34943 -9.302855 39.321281 4
8.79203 -8.522155 39.053581 1
8.60033 -7.592755 39.037881 10
7.84413 -7.010555 39.030281 3
7.31933 -6.276255 39.441181 1
7.46213 -5.513155 40.002681 1
7.00483 -4.879755 39.469981 1
7.69543 -4.683755 38.731981 3
7.33513 -5.109555 37.944481 3
7.12403 -5.805055 38.626981 10
6.94793 -6.761855 38.465981 12
6.85463 -7.201455 37.541081 3
6.54823 -7.409955 36.681781 3
7.09073 -8.160955 36.869181 11
6.73163 -9.020255 36.517981 10
5.79373 -8.911855 36.350581 9
5.86453 -8.429155 35.527781 4
5.51613 -7.568255 35.443481 6
5.23443 -6.691455 35.081681 14
4.44233 -6.290355 35.478181 3
3.86973 -6.057955 36.157681 9
4.23303 -5.125955 36.212981 4
4.54873 -5.055255 35.306681 9
3.86593 -5.446555 34.795781 5
3.29773 -4.675455 34.970081 5
2.64553 -4.183655 35.542781 1
1.88313 -3.697955 35.522281 10
1.08943 -3.681055 34.952281 3
1.96353 -3.240955 34.577981 6
1.29733 -3.129355 33.779481 13
1.58643 -2.466255 33.007181 8
1.28583 -1.643255 32.582981 6
0.73713 -1.707655 33.318381 10
0.64773 -0.827055 33.685381 13
0.93573 -0.139855 34.250181 10
1.32293 -1.041555 34.570081 4
1.13393 -1.166555 35.456181 9
1.86593 -0.511655 35.677181 4
2.52403 -0.909855 36.272181 13
2.32673 -1.475255 37.024081 10
1.80353 -0.708155 37.065381 4
1.98663 0.262345 36.844581 5
1.37603 0.430445 37.614581 4
0.78083 0.211545 38.337481 3
0.10803 0.429345 37.620981 13
-0.48147 0.774145 37.000381 5
-0.17887 1.048645 36.107281 4
0.10063 1.922545 36.330281 13
0.57403 2.303745 35.519581 1
-0.02267 2.328645 34.766081 10
-0.81637 1.892445 34.340881 4
-1.58167 2.203245 33.842681 1
-1.87197 3.038345 33.594681 6
-2.60957 2.429245 33.534881 13
-3.50007 2.731545 33.530281 3
-4.09637 2.521145 32.819381 11
-3.98077 1.571045 33.161881 10
-3.57167 1.229645 33.983781 11
-2.77267 1.236845 34.427281 4
-3.16507 1.996945 34.979981 10
-2.49177 2.478245 35.482281 4
-2.08927 3.327645 35.228881 11
-1.53607 2.678245 35.732481 10
-1.05537 3.514345 35.616381 8
-1.08427 4.090745 34.840381 10
-1.76077 4.414845 35.429881 4
-1.19977 5.078545 35.677781 6
-0.68397 5.928245 35.379381 3
-1.13797 6.185445 36.203781 9
-1.02727 7.204545 36.193881 4
-1.69037 7.785845 36.631881 1
-2.01377 8.345445 37.312481 5
-1.67127 8.138345 38.137081 4
-2.16917 8.666345 38.768781 5
-2.43287 9.124645 37.943981 13
-3.03637 9.867045 38.035381 1
-2.40597 10.517845 38.389181 3
-1.85447 10.881645 39.159381 1
-1.13057 10.776745 39.729681 6
-0.15267 10.653245 39.948681 10
-0.13197 11.545445 40.183081 6
0.80193 11.894045 39.865181 10
1.27533 11.096145 40.017681 10
0.98063 10.251445 40.331281 13
1.53843 9.430345 40.543981 13
2.09693 9.118045 39.834681 13
2.12873 9.320545 38.863381 4
2.87183 8.671945 38.950181 8
3.49173 9.172445 38.401281 3
4.25423 9.667345 38.051281 1
4.82703 10.258945 38.501381 1
4.83393 10.869545 37.729981 9
4.54493 11.741745 38.038081 4
3.65833 11.695145 38.116881 12
3.06423 11.837145 37.399381 9
3.15573 12.757245 37.395981 15
2.72903 13.572845 37.152781 4
2.61293 13.048245 36.342481 4
2.89553 12.385245 35.642881 10
3.44943 12.203145 34.863881 6
2.64553 11.595845 34.870081 13
2.39633 12.489645 34.618181 1
3.05493 13.133945 34.705181 4
3.34873 13.852445 33.981281 2
3.54083 14.283945 34.878281 4
3.62343 14.946445 34.208781 10
3.43813 15.513245 33.417781 10
4.24103 15.392845 32.733981 5
3.57153 15.118245 32.142581 3
3.73683 14.201545 31.962681 15
3.46513 13.704345 31.177681 3
2.99563 14.430245 30.756981 13
2.21543 14.108245 30.178581 11
1.79903 13.446645 30.675781 13
2.12923 13.644845 31.581081 4
2.60203 12.849945 31.879281 4
1.66913 12.806245 32.155481 1
1.89993 13.633345 32.621081 1
1.63573 14.312345 33.247981 6
1.85503 14.666445 32.310981 9
2.28393 15.296145 32.907981 10
1.71903 16.086445 32.446381 1
1.78833 16.288545 33.384081 10
1.52083 16.993745 32.718281 6
0.74973 16.510745 32.955881 10
-0.14287 16.268545 33.336881 1
-0.24147 16.788345 34.101381 1
-0.47797 16.540745 35.102881 1
-0.28437 15.647045 35.388381 3
0.18653 15.324545 36.131881 4
-0.39887 14.569645 36.034281 13
0.34453 14.441945 36.700281 4
-0.54497 14.204345 37.132181 3
-1.16917 13.497845 36.741281 5
-1.73457 14.284645 36.568581 10
-2.56767 14.628845 36.322581 8
-2.48787 14.035645 35.481081 8
-3.15027 13.721345 36.128181 1
-3.86127 13.281945 36.621481 13
-3.79427 13.943245 37.425181 10
-3.10137 13.488545 37.944881 13
-2.49677 12.962445 38.454481 5
-3.23427 13.023145 39.029081 10
-2.43807 13.356845 39.373981 4
-3.09637 13.748645 39.890781 11
-2.62937 13.042345 40.440181 6
-3.62547 12.661145 40.530481 13
-3.60997 13.263845 41.314481 11
-3.38617 12.369845 41.609781 6
-3.38287 11.477345 42.120981 9
-3.20177 11.731445 43.055781 15
-2.38077 12.150345 43.447681 10
-1.57807 11.581445 43.712281 4
-0.65797 11.749645 43.854681 4
-0.17687 11.375045 44.527681 4
-0.01557 10.662045 45.118481 1
-0.01247 11.291745 45.867181 3
-0.63947 11.923345 45.700781 4
-1.20387 12.194345 46.488481 11
-2.07377 12.174045 46.824481 5
-2.50017 12.088545 47.674581 1
-3.25607 12.585545 47.850381 8
-4.18337 12.583445 47.810881 5
-3.87037 13.332145 47.286581 10
-3.44117 14.178345 47.520881 10
-2.61987 13.705145 47.844881 13
-1.99257 13.323245 47.135281 3
-2.45687 13.596245 46.353881 12
-2.47677 14.111545 45.507181 9
-1.55417 14.256545 45.274581 4
-1.14847 14.398745 46.120981 6
-0.71887 13.767745 46.671181 13
0.12963 14.328345 46.532081 10
-0.03477 13.832045 45.752881 13
-0.66567 13.137945 45.514881 4
-1.50757 12.995245 45.948481 10
-1.47637 12.614445 45.075881 4
-1.34667 12.555845 44.147081 4
-2.27987 12.559445 44.344781 1
-2.12667 13.569845 44.270081 4
-3.10357 13.759245 44.136781 1
-3.79467 13.918245 44.755181 1
-4.11197 13.009445 44.877081 1
-5.00517 12.787645 44.543681 3
-5.26257 11.937445 44.900281 10
-4.79987 11.473745 45.654381 1
-3.82207 11.602545 45.754181 3
-3.00837 12.248445 45.524981 1
-3.53187 12.759945 46.029481 15
-3.08827 12.238945 46.646881 4
-3.89967 11.793745 46.853581 13
-3.70877 11.526645 47.747781 10
-3.21177 11.172545 48.513581 9
-3.41617 10.319445 48.095881 6
-4.15987 10.013545 47.513581 5
-3.56197 9.255745 47.446981 11
-3.19247 9.411345 46.556581 6
-2.81947 9.224945 45.676081 11
-2.05547 9.707645 45.928281 1
-1.51347 10.117545 46.667181 13
-1.75127 11.066645 46.477581 3
-1.95817 11.081645 45.532381 4
-2.92947 11.100245 45.540181 10
-2.45557 10.443445 44.961181 10
-2.00347 10.813445 44.264881 4
-1.40607 10.440945 44.925181 4
-1.09187 9.571645 44.684681 12
-1.05827 8.960745 43.936081 3
-1.12557 9.657745 43.286881 4
-1.44927 10.414845 42.910181 4
-1.69897 9.917545 42.121181 10
-1.27537 10.639745 41.663781 6
-0.61567 9.887845 41.783481 8
0.05013 9.219445 41.447081 13
0.05203 10.085745 40.942681 13
0.56853 10.922345 41.080881 10
-0.13457 11.542445 41.278881 6
0.63903 11.686445 41.845281 10
0.77053 10.976445 42.425181 4
0.99773 10.057645 42.448181 8
1.17133 9.100245 42.276081 13
0.88943 8.704545 43.094781 4
0.66463 7.814845 43.357681 1
0.72283 7.025445 42.806181 1
1.41833 6.581945 42.409381 4
1.15403 5.719545 42.883181 4
0.24873 5.403145 42.836981 3
0.01873 5.812945 42.008281 10
-0.78817 6.255045 41.867481 1
-0.71587 7.000245 42.541281 10
0.00433 7.706345 42.353981 5
0.73163 8.215645 41.949781 9
1.05033 8.759545 41.189581 13
0.90703 7.769745 40.910681 13
0.02523 8.052045 41.057781 1
0.09863 8.212945 40.126181 13
-0.50407 7.486245 40.385681 9
-1.26247 7.542645 40.961581 15
-1.21247 8.085645 41.731381 10
-1.48717 8.981345 41.559781 4
-1.52787 8.556845 40.719581 3
-2.37967 9.003245 40.891281 4
-2.52477 9.864145 40.497381 10
-2.65597 10.796145 40.838381 11
-2.22957 11.637745 40.905381 6
-1.86057 11.610045 39.968281 6
-2.72237 11.761645 39.512881 9
-3.37437 11.669745 40.165381 4
-3.85817 12.210745 39.517781 10
-4.66107 12.361345 39.016981 10
-4.34717 12.067745 38.124381 4
-3.46177 12.075145 37.702481 13
-2.53367 12.285045 37.623381 3
-1.64857 12.624945 37.072881 5
-1.34997 12.115645 37.841181 5
-0.79427 11.474045 38.305081 13
-0.50497 10.630645 38.768281 10
-0.53077 10.676545 37.817881 4
-1.10037 10.687445 37.018981 5
-1.96077 10.326045 37.033181 10
-1.54267 10.172745 36.167981 8
-0.91337 10.467845 35.504481 9
-0.73217 9.490045 35.325381 7
0.09853 9.974945 35.457981 1
0.55323 9.169145 35.309881 4
0.38783 8.428545 34.746981 6
-0.49957 8.036545 34.529981 4
-0.35587 9.065145 34.472681 4
-0.39157 10.039245 34.383881 1
0.33283 10.443645 33.851181 12
0.42713 10.361645 32.889481 1
1.32723 10.121845 32.851581 1
2.32043 10.242545 32.996281 3
2.85093 9.477245 33.253981 1
3.10363 9.158345 34.096681 4
2.94513 8.519445 34.755381 10
2.64833 7.591745 34.606581 10
2.00523 7.996045 35.185281 10
1.70683 7.216545 35.654681 1
1.93673 6.880345 36.508081 6
1.50033 7.610945 37.062981 11
1.40753 6.709345 37.482481 3
1.75133 7.427745 38.088081 10
1.44063 7.063345 38.906581 4
0.94473 7.708445 39.331081 13
0.02633 7.984345 38.984781 14
0.46053 8.845745 39.294381 13
-0.46277 8.929945 39.127881 4
-0.16457 9.669045 39.591681 13
0.43203 9.973245 38.936481 10
1.20143 9.589145 39.444881 13
1.41033 10.468545 39.059281 10
1.73343 10.217845 38.175581 4
1.58793 10.729345 37.334481 11
1.28183 10.657745 36.458681 8
0.70203 11.346345 36.120281 4
0.24403 12.029945 36.718981 5
-0.02297 11.732745 37.589281 5
0.69523 11.430045 38.164881 10
1.12613 12.248545 38.445481 15
1.55663 11.674545 39.148481 10
2.35973 11.815845 38.487981 9
2.67453 11.635245 39.400681 10
3.10603 10.792945 39.410681 4
3.07063 9.867245 39.703381 13
4.04493 9.712745 39.924881 6
3.99383 10.035445 40.810381 4
3.51933 10.358045 41.657781 6
3.97493 10.940945 42.272581 4
3.62463 11.679545 42.809781 9
3.42073 12.634945 42.768381 5
3.66483 13.016045 41.914981 1
2.64233 12.900945 41.732681 10
2.37523 13.066645 42.705281 10
3.07703 13.563845 43.083281 7
3.51573 13.620645 43.868381 1
3.89283 12.651645 43.811381 13
4.50023 13.212145 44.182881 4
4.95433 12.621645 44.854281 3
4.03133 12.888745 45.080981 8
3.40473 13.539245 45.347481 1
2.51463 13.225145 45.088381 13
1.81813 13.529945 44.432081 10
0.92013 13.325945 44.828481 1
0.04933 13.378845 44.440781 4
-0.46887 12.951345 43.731181 4
-1.25037 13.422745 43.427281 4
-2.10517 13.713645 43.154081 13
-2.88487 14.291845 43.166481 12
-3.39387 14.364645 42.386781 10
-4.12977 14.890845 42.027281 3
-3.87887 14.899845 41.144981 11
-3.18917 14.540645 40.653381 11
-2.39987 14.261845 40.976081 14
-1.67027 13.598045 40.879881 6
-1.10007 13.076945 41.460581 6
-1.51057 13.168545 42.342081 4
-1.80437 14.082345 42.158681 10
-1.15417 14.280745 42.909381 4
-1.51707 15.157245 42.665981 13
-2.10557 15.278045 43.437481 3
-2.25177 14.827245 44.229481 10
-1.35577 14.500145 44.013581 4
-1.17467 15.382045 44.457481 5
-0.56667 15.676945 45.142881 5
0.01013 14.936345 45.340081 15
-0.43317 14.595145 44.532681 4
0.22703 14.992545 44.022881 4
1.08213 15.088345 43.535681 10
2.01473 15.060045 43.314581 10
2.80773 15.325645 43.873281 5
3.69533 15.070545 43.570881 9
4.56743 14.626945 43.500581 1
4.63623 14.909945 42.618681 1
3.93703 14.160945 42.400981 10
4.67583 14.221445 41.785181 13
5.12943 13.620945 41.065881 13
4.80283 12.736745 41.193681 15
5.51693 12.836345 40.523581 13
6.02393 12.236145 40.008481 10
5.53883 12.718745 39.296481 4
5.81563 13.641245 39.308781 13
6.72483 13.459645 39.088881 9
7.25883 13.480245 39.893781 10
6.56113 13.314445 40.520881 1
6.89543 13.685945 41.328181 4
7.57293 13.145545 40.970181 6
8.23973 12.552245 40.568681 4
8.77603 11.905945 39.973281 1
8.79523 10.979845 39.986981 9
9.41383 11.415445 39.333481 11
9.89683 10.854645 40.026381 8
9.69723 10.950945 40.938281 5
9.58543 10.470045 41.748081 10
9.78573 11.078645 42.544181 4
9.03013 11.147945 43.186881 8
8.01923 11.307845 43.479981 10
8.21293 12.255545 43.592681 7
8.13173 12.050145 42.649481 10
7.81963 12.607745 41.837381 6
7.58073 13.277945 42.578081 3
7.48583 14.189545 42.843781 4
6.57823 14.082145 43.036381 4
6.01183 13.883445 43.837681 13
5.77733 13.032045 44.249981 4
5.83023 12.137145 43.897781 10
6.33223 11.735245 44.579481 1
6.83083 11.344145 45.404281 10
7.46493 10.611245 45.426681 13
7.77593 11.143045 44.711581 10
7.07813 11.236545 43.932481 1
6.31303 10.648845 43.982081 4
7.02623 9.998345 43.780381 6
6.69413 9.511045 43.034581 4
7.30983 8.761345 42.682281 1
7.31473 8.063945 42.044281 12
7.23573 7.899245 41.056781 1
7.14263 8.880745 40.814181 1
7.66223 9.343345 41.476881 6
6.97563 9.843345 41.861481 10
6.11613 9.373945 41.803081 3
5.69033 9.856845 42.521881 4
5.92743 10.502745 41.881781 14
5.40413 10.264345 41.116281 13
4.72393 10.857145 40.667681 15
3.84083 10.966345 40.316281 15
2.96633 10.617345 40.590381 13
2.11783 11.123645 40.606081 10
2.08373 10.343245 41.175981 13
1.82993 11.149545 41.625081 10
1.75173 11.355845 42.577381 5
1.18173 11.940645 43.087081 4
1.42793 12.889845 43.027381 10
1.37153 12.736345 43.944581 4
2.31473 12.592745 43.692481 5
2.05843 11.677845 44.168981 10
1.10753 11.490745 44.118381 4
0.72733 11.853945 45.009081 4
1.45313 11.261345 45.297881 7
1.81653 10.965845 46.253681 13
1.56233 10.063145 46.336181 4
0.61623 10.089445 46.567981 10
0.52643 10.528345 47.429681 3
1.47223 10.305545 47.623281 1
1.96913 9.681345 48.201681 11
2.11863 9.099445 48.957981 6
2.68123 8.828045 49.677381 1
3.41553 8.403445 50.168981 4
3.73493 9.121145 50.661981 10
3.34193 9.993145 50.379181 9
3.50663 10.649245 49.692381 4
4.31553 10.256245 49.408581 13
5.09433 10.767645 49.480781 8
5.94693 11.100045 49.377681 6
6.26803 10.187845 49.432181 10
5.72003 9.484945 49.175181 11
6.31873 8.847045 49.664881 10
6.82473 7.978645 49.721381 13
6.43943 7.483045 49.011781 8
6.44443 7.132645 48.020181 10
6.15703 7.995145 47.793381 9
7.12463 7.914345 47.539581 5
7.02693 7.959045 46.595981 7
7.62163 8.658445 46.450881 9
7.61123 8.479945 45.498781 4
8.21053 8.388345 44.708681 10
7.36703 8.540645 44.260681 13
6.62963 7.940145 44.000281 10
5.91083 8.170445 43.452381 1
5.14943 8.318645 44.145781 5
4.53703 7.770245 43.683181 4
4.80023 7.220345 44.344481 1
5.09293 6.378345 43.960081 4
4.74033 6.030945 43.175681 3
5.29253 6.607045 42.564081 10
6.08753 6.143945 42.203181 5
5.66223 5.788845 41.384881 4
5.49843 5.225245 42.158781 1
4.57033 5.404845 41.957581 1
4.78483 5.311145 41.041881 1
4.13533 5.950445 40.960881 10
3.58103 6.245145 40.265481 13
3.88193 7.045745 39.904881 6
3.59793 7.888445 39.617681 4
2.85823 8.286045 39.965181 10
2.05463 7.868945 39.706881 13
2.28763 7.005845 39.865281 7
2.08103 7.268445 40.789881 13
2.83433 7.655345 41.254381 13
3.43213 7.009245 41.612381 10
2.99933 7.486845 42.349881 4
3.29663 8.365845 42.157381 6
2.82783 8.643745 41.354781 13
1.95713 9.203945 41.489781 13
2.31333 9.613345 42.304681 6
2.29673 9.548245 43.292281 9
1.93133 10.410545 43.660881 10
1.00363 10.507045 43.783781 4
0.08313 10.372945 44.109081 4
0.13283 9.673945 44.727481 5
0.17403 9.119545 43.971281 9
0.22243 9.622545 43.184381 10
-0.25527 10.406445 43.055281 4
-0.73047 11.204545 42.876381 4
-1.41607 11.496045 42.329381 15
-1.23337 12.098245 41.612881 6
-0.47217 12.268545 42.172781 4
0.04283 12.307545 42.977981 4
0.62973 12.867145 42.475081 10
0.41803 13.244545 43.338681 4
0.99183 13.914545 42.859181 11
1.93833 14.219945 42.692681 10
1.85473 14.481345 41.759481 10
2.56923 14.972045 42.266581 10
3.25953 15.642045 42.232781 11
3.58463 16.567045 42.148781 7
2.83083 16.592945 42.747881 3
1.98083 16.016945 42.698381 10
1.05393 16.118645 42.929081 10
0.74463 16.974445 42.528981 1
0.22713 16.264345 42.276781 12
0.87433 15.794245 41.721081 10
1.85643 15.550045 41.611881 10
2.12943 16.407045 41.544181 1
1.35343 16.657345 41.062181 1
0.65323 15.977245 40.665381 7
0.68303 16.194345 39.748081 4
0.61553 16.598945 38.874781 4
0.52733 17.569245 38.740681 10
1.25533 18.155745 38.524281 13
1.68993 18.296445 37.663381 3
2.42943 18.021645 37.060181 7
2.19413 17.553145 36.256581 10
1.37643 17.556345 36.774281 13
0.86703 16.671145 36.741881 7
0.15393 16.351645 37.380281 1
0.72623 15.915245 38.032381 4
0.66523 14.977245 38.061881 4
0.25483 14.141145 38.440081 8
-0.09057 13.516145 37.825681 5
0.81553 13.731645 37.496781 9
1.44003 14.419245 37.263181 4
2.01883 15.084845 36.902681 4
2.72023 15.662745 37.223881 10
3.66373 15.865345 37.444281 5
4.56523 15.732345 37.809881 12
4.37963 16.630245 38.130981 10
3.58763 17.194445 38.058681 9
3.85393 17.653345 38.891981 1
4.80213 17.448545 39.140881 7
4.64513 17.385545 40.063481 10
5.32223 16.558645 40.202681 1
6.05683 16.072445 39.800481 6
6.08053 15.141345 39.543581 1
5.38083 14.576845 39.787281 13
5.81503 14.204145 40.526381 13
6.17613 14.957545 40.972781 4
6.33623 15.559445 41.768881 15
5.84093 16.152045 41.172781 11
5.00783 15.672245 40.920381 15
4.10163 15.401245 41.362781 13
3.60863 14.628745 41.533081 10
3.60863 14.737545 40.506681 10
4.23223 14.462945 39.837581 13
3.81633 15.292145 39.574481 5
3.00463 14.873345 39.220181 10
2.24443 15.208145 38.619181 4
1.61923 15.347445 37.906081 4
1.64003 16.215045 37.407281 11
1.54753 16.793245 38.232081 3
2.33083 16.376445 38.454581 4
2.65783 17.050445 39.006381 3
2.93033 17.912845 39.496281 1
2.32033 18.122845 40.213581 1
2.21403 17.147645 40.083681 1
1.89453 16.470145 39.537981 4
2.87553 16.277545 39.715781 8
2.79183 15.375445 40.148881 10
1.88913 15.488745 40.531081 10
1.87723 14.558645 40.396881 10
1.74553 14.839245 39.447481 4
0.80973 14.814845 39.297081 4
0.66923 14.298945 40.154381 10
-0.12687 14.831645 40.058781 7
-0.54537 14.009645 40.169181 1
-0.74687 13.089045 39.877181 6
-0.97727 13.129145 38.930881 5
-1.75357 12.452345 39.095281 9
-0.99527 12.097345 39.646281 6
-0.18747 12.002545 39.068981 10
-0.38427 12.655945 38.373881 5
0.26683 13.256045 38.800081 7
0.67573 13.226345 39.651381 7
1.02753 12.804545 40.448081 10
0.81143 12.751245 41.400981 10
0.22223 13.410745 41.753181 4
0.12893 14.172545 41.207181 10
-0.50517 14.329445 41.939081 4
0.11663 14.420845 42.644581 4
0.85613 14.278645 41.929381 10
0.24693 15.045245 41.855081 10
-0.51667 15.602145 41.814581 13
-0.76107 16.450845 41.480081 1
-1.31997 16.907245 40.868981 1
-1.15357 16.523945 39.964281 7
-0.56657 16.415045 39.221781 4
-0.92377 15.516545 39.500381 13
-0.85567 15.263845 38.601881 4
-1.54817 15.480345 37.905781 9
-1.63687 15.789945 36.997281 1
-0.99477 15.922645 36.293381 1
-0.59987 16.808145 36.189181 3
-0.45667 17.509045 35.580881 1
0.33383 17.121545 35.889081 13
1.10733 16.625945 35.612781 10
1.30123 15.840845 36.157481 4
1.71683 15.388245 35.446681 7
2.40223 14.869145 35.873981 4
2.79753 15.782945 36.148781 8
2.64213 15.805645 35.125781 10
2.45963 16.581545 34.527481 10
1.52923 16.414045 34.527581 13
1.13993 15.633345 34.057781 11
0.45903 14.953145 33.884781 8
0.33953 14.056645 34.224681 11
0.95493 14.227345 34.937181 3
1.81853 14.142445 35.331281 4
2.53483 14.536545 34.826181 4
1.78273 14.683845 34.256681 10
1.83403 13.697245 34.274281 11
1.16633 13.108445 34.018681 13
0.57343 12.648645 34.659181 6
-0.28827 12.581245 35.150481 7
-0.54717 12.604645 36.134681 5
-0.07187 13.345345 35.830581 1
0.26243 13.211945 36.703981 5
0.92483 13.657345 36.195581 4
0.98933 13.241245 35.336981 6
1.90683 13.187945 35.631781 4
1.74443 12.277645 36.032881 10
2.01623 11.978245 36.945481 1
1.68373 12.799345 37.307681 5
1.87603 13.605445 37.760981 4
2.40813 13.761545 38.540681 4
1.89203 13.766245 39.258781 10
1.85603 12.817545 39.100681 15
2.61293 12.977745 39.601381 10
3.51113 13.298645 39.811881 10
4.15553 12.911745 40.464581 15
4.15153 13.783545 40.792981 13
3.22763 13.883245 40.987181 10
2.26223 13.803945 41.099281 10
1.95083 13.333345 40.341881 10
1.78803 12.809845 41.102881 10
2.31833 12.040345 41.165681 10
3.18573 11.680545 41.255581 9
3.03823 11.859245 40.298781 10
3.63633 12.225145 39.629281 15
3.74903 12.637945 38.769181 9
4.44273 13.294045 38.968781 13
3.95033 13.542145 38.115481 12
3.43973 14.357145 38.146181 4
3.52623 14.857845 37.356081 1
2.93533 14.528545 36.668381 4
3.68923 14.271245 36.126381 4
4.34743 14.779145 36.562081 7
4.41133 15.043745 35.601981 3
4.26683 15.822145 35.080281 10
4.06593 16.321645 35.896081 12
3.34953 16.791545 35.346081 10
3.15383 17.614245 35.841381 1
3.45313 17.716345 36.777381 7
3.46913 18.599045 37.221381 1
4.17193 19.180245 37.426381 7
4.60323 19.625945 36.694081 7
5.37473 19.243545 37.128081 13
5.21723 19.555645 38.010481 4
6.13443 19.746845 38.281381 11
6.80873 19.722645 37.642581 7
7.02453 18.823145 37.796181 14
6.90433 18.657245 36.834281 13
7.69143 18.218445 36.496281 9
8.07403 18.739545 35.798281 11
7.31183 18.430745 35.147381 7
7.02813 17.479445 34.961981 6
7.49953 16.679345 34.554781 10
7.05173 16.403945 35.391781 4
6.26333 16.647945 35.821881 1
6.16963 15.937845 35.141281 7
5.27213 15.876745 34.730381 10
5.16993 16.750645 35.182381 4
4.27623 16.820045 34.635381 10
4.12183 17.609945 35.159981 7
4.04083 18.434345 34.561781 13
4.84043 17.950245 34.210681 7
4.98933 18.483445 33.322481 14
5.67993 18.835345 32.828881 12
5.81323 19.620045 32.229281 12
6.30803 20.534645 32.277081 4
5.26643 20.663745 32.167081 10
4.56073 20.002045 32.129381 12
4.12273 19.261345 32.533781 12
3.47283 19.046545 33.197281 4
2.94563 18.281745 33.551381 10
3.03733 18.660345 34.452381 7
2.51023 19.168145 35.124381 3
1.93363 18.440245 35.287381 7
2.39023 17.639845 34.957981 10
1.50333 17.355345 34.865081 10
0.58663 17.518645 34.479881 4
1.14303 17.514145 33.645381 7
1.63993 18.426745 33.761781 10
1.58023 19.085145 32.946781 1
1.05843 19.415145 33.751781 1
0.19813 19.913545 33.646281 1
-0.02607 20.931845 33.755181 7
0.46983 21.696845 33.450381 1
0.30163 22.141245 32.639881 7
-0.40117 21.697345 32.174081 10
-1.34217 21.730745 32.214381 1
-1.83487 22.545345 32.473981 7
-2.78017 22.759345 32.475981 14
-3.39147 22.489945 33.217281 4
-3.61647 21.747245 32.587781 9
-2.74857 21.416745 32.014281 10
-2.04747 21.049545 32.481781 1
-2.89347 20.644045 32.726381 1
-3.45617 19.877645 32.485181 10
-3.87307 20.077445 31.690981 15
-3.17007 20.495645 31.270281 7
-3.12137 20.059445 30.235081 5
-3.51757 20.939045 29.911981 4
-3.70557 21.836745 30.225781 11
-2.93077 21.962445 30.825681 12
-2.60187 22.324745 29.957281 11
-2.03787 21.609145 30.363781 7
-1.16167 22.094745 30.302381 7
-1.45547 22.952845 30.593081 10
-0.99947 23.342045 29.833581 15
-1.39047 23.839145 29.139981 7
-2.31807 23.826745 29.192781 10
-2.74687 24.128945 28.423781 14
-3.05637 24.389645 27.543881 10
-3.12707 23.371145 27.492481 7
-4.05057 23.682045 27.624081 9
-3.98187 22.884545 27.102381 10
-4.03927 23.113345 26.184981 14
-4.55647 24.068145 26.142681 13
-4.01797 24.560445 25.544181 12
-4.77007 25.087845 25.211181 10
-5.51497 25.683545 25.360481 13
-6.49167 25.433145 25.414181 1
-6.89257 24.462845 25.445681 7
-7.72007 24.090745 25.256081 1
-7.45397 23.393245 25.921481 1
-8.06967 23.068345 26.685081 4
-7.78797 23.578245 27.476581 4
-7.18087 24.342745 27.322481 10
-6.30577 24.420245 27.692281 1
-6.49757 24.404045 28.679081 1
-6.96857 23.603645 28.989181 7
-6.76597 22.881345 29.560681 1
-6.39067 22.154345 30.033681 10
-6.61287 21.413145 29.441281 12
-6.73507 20.478945 29.215381 7
-6.00667 19.996045 28.681181 10
-6.01057 20.769545 28.060781 4
-5.09257 20.576945 28.067081 7
-5.22857 19.612245 28.113781 12
-4.31627 19.444045 27.772381 1
-4.15587 19.060545 26.918181 10
-4.13117 19.538845 26.035081 11
-3.13537 19.248345 25.867881 4
-3.31137 20.047145 25.349181 6
-3.03257 20.717045 25.984181 12
-2.97097 21.192145 26.787181 10
-2.16157 21.640745 26.606281 11
-1.34387 21.562045 27.140981 7
-1.16337 21.542345 28.117881 8
-1.63357 20.955145 28.722381 7
-0.97587 20.433545 28.279281 5
-0.57457 19.722345 27.711081 15
-0.29027 19.694645 28.613681 1
0.03373 18.785545 28.487081 14
0.74763 18.556545 29.140081 10
0.46013 17.663845 28.857081 10
-0.24707 17.454745 28.214281 7
-0.53127 17.260245 29.169081 1
-0.04887 16.786545 29.957881 11
-0.93757 16.388545 30.141881 7
-0.50637 15.690545 29.628281 13
-0.64077 16.009845 28.724381 10
0.01143 15.470545 28.280481 9
-0.82437 14.925345 27.990081 7
-1.40677 15.267145 27.185681 13
-1.32237 16.062345 27.767781 4
-0.71717 16.709945 27.469681 6
0.21833 16.686745 27.705881 1
1.12623 17.045945 27.973081 10
0.92113 17.979245 27.686981 16
1.08013 17.760545 26.799881 1
1.24513 17.878945 25.799681 1
1.94853 17.295645 25.658481 4
2.65413 17.126245 26.292481 1
3.46263 17.053545 26.917881 7
3.04323 17.698445 27.436281 7
2.12293 17.653645 27.759681 10
2.31443 16.735145 27.535581 1
2.20773 16.898345 28.441581 10
3.17113 17.071445 28.517681 7
3.09163 16.432245 29.236781 7
2.13433 16.319045 29.471681 10
2.54793 15.455745 29.762681 1
2.44673 15.446645 28.719181 10
3.43643 15.635245 28.796181 7
3.21093 14.703345 28.498081 11
2.28463 14.326845 28.395681 11
1.60493 14.935645 28.617981 10
1.30463 14.158045 29.111481 14
1.64733 14.835045 29.700581 4
1.24863 15.707045 29.488081 10
1.29853 15.704145 30.450181 7
0.72403 16.419645 30.875881 14
1.21803 16.921745 30.263281 11
1.03243 17.717445 29.701681 10
1.81573 18.120945 30.046881 12
2.10933 17.388845 29.528681 10
2.44073 16.860945 30.276781 9
3.21323 17.438945 30.496081 4
3.73453 17.359345 29.715381 12
4.67113 17.445145 29.574281 7
5.56333 17.519845 29.288481 7
5.50823 18.084245 30.104881 7
4.82743 18.817545 30.169881 12
4.42913 19.069545 30.995281 12
4.04023 19.785145 30.645281 13
3.44863 19.050945 30.842581 12
2.56523 19.513945 30.511581 10
2.67073 19.339845 29.613781 1
3.14563 18.549945 29.776981 1
2.53353 18.450145 29.095481 10
3.22213 18.160745 28.465881 1
4.08733 17.855145 28.765081 7
4.99823 17.470545 28.528281 7
4.81823 18.263345 27.973481 7
4.25823 18.960345 28.121081 4
4.31183 19.775345 28.584281 15
4.79073 19.538445 29.387581 7
4.96843 20.439345 29.014881 15
4.72903 21.414245 28.964281 7
4.20993 22.249545 28.955181 15
3.28023 21.898445 28.908881 7
2.75353 22.565445 29.347881 1
1.81323 22.779445 29.184981 15
1.75023 21.930345 29.573781 1
2.10503 21.579945 30.381581 1
2.84693 21.028845 30.614081 16
3.25523 20.501745 31.266181 12
2.80353 20.435545 32.109381 1
3.18613 19.539445 31.881881 7
3.18633 18.533645 31.894881 1
4.08603 18.399945 31.685381 12
4.22883 17.498345 31.506081 12
3.69713 17.415345 32.351181 7
2.99603 17.120845 31.747081 11
3.14073 16.159245 31.793481 1
2.87753 16.156645 32.730281 3
2.88193 16.636145 33.608381 10
3.83303 16.639845 33.605881 10
4.44083 17.331345 33.272281 7
5.41613 17.473545 33.092081 5
5.25003 17.794545 32.208081 12
6.02133 18.165445 31.821681 12
6.77073 18.427945 31.224181 1
6.27243 17.742545 30.803381 7
6.72643 16.973445 30.447681 7
7.35143 16.551145 31.132981 9
8.18123 16.219745 30.680981 15
8.69043 16.023845 31.529981 16
8.83993 16.916245 31.778281 1
9.66783 17.394945 31.590181 4
9.95683 18.198445 32.055881 15
10.01303 18.958545 31.536381 7
10.23123 19.860845 31.902781 7
10.46263 20.382445 32.708281 10
11.41643 20.356845 32.630481 15
12.19943 20.208845 33.098381 10
12.53483 19.389145 32.653581 1
13.05993 18.603945 32.481381 1
12.86063 18.265045 33.332081 1
12.97253 17.551345 32.727081 7
12.14533 17.047245 32.547981 1
11.66743 17.796645 32.763781 1
11.06063 18.559345 32.756881 1
11.28203 18.874645 33.626081 1
10.59803 19.498545 33.420381 1
10.00393 18.734745 33.255881 7
9.12083 19.031245 33.037381 7
9.14393 18.065645 33.016381 4
8.35033 17.998945 33.550881 1
7.37943 17.835145 33.848081 15
7.01453 17.475345 32.979581 15
6.42193 17.046345 32.371181 7
5.72903 16.497945 32.048381 12
5.25943 15.706945 31.630181 10
4.89473 16.362545 30.973381 7
4.66513 17.223445 30.616481 12
4.62213 16.567145 29.959981 7
4.03103 15.905345 30.222781 15
4.06623 14.897945 30.183181 10
3.93413 13.991645 29.760081 11
4.63463 13.540745 29.202281 10
3.89863 13.867645 28.687081 11
4.77013 13.763345 28.241781 12
4.76043 14.735745 28.351881 12
4.64333 15.674945 28.622681 7
4.84133 15.053745 29.341881 9
5.04033 15.581545 30.155481 16
5.81623 15.946145 29.782781 7
6.35973 16.699345 29.440381 7
6.60563 16.335445 28.549681 13
5.93813 16.959345 28.370781 7
6.70903 17.351145 28.749981 7
7.67523 17.312145 28.528281 13
8.42143 17.642645 28.034681 16
7.60363 17.455645 27.403081 9
6.93163 16.934345 27.845381 13
6.44443 17.616545 27.373481 7
6.36943 18.415845 26.861581 16
5.50843 18.665145 27.285681 7
5.44303 18.159245 26.452081 15
5.63093 17.511045 25.776681 16
6.00363 16.533145 25.853281 4
5.61523 16.477045 26.707381 7
6.07133 15.694745 26.845281 11
5.86913 14.751745 27.061381 12
5.44103 14.221345 26.355081 12
5.03923 13.798245 25.596181 10
4.29373 13.260745 25.515681 7
3.53823 13.809345 25.354481 14
2.78133 13.288645 24.960581 16
1.96093 13.727045 24.902781 1
1.64433 13.126045 25.586081 1
1.34733 13.296045 26.478581 7
2.12443 13.610445 27.097281 6
2.99153 13.926245 26.811781 11
2.77853 14.815345 26.501481 15
2.67233 14.711445 27.453181 11
2.32463 15.617145 27.603581 4
3.26483 15.575945 27.556181 4
3.81873 16.206845 27.930981 7
4.78603 16.434045 27.945481 7
4.97553 15.519045 27.546381 12
5.02963 15.192845 26.620581 12
4.12733 15.272345 27.012181 11
4.38083 16.214245 26.731981 1
4.63973 17.104545 26.670781 7
4.41013 17.986345 26.996981 7
4.47493 18.406445 26.134681 5
4.31483 19.314445 25.772581 1
3.84033 18.701145 25.246081 10
4.28713 18.961245 24.276481 14
4.75183 19.886945 24.398881 10
5.49493 19.768945 24.912781 16
5.66173 20.572545 25.455481 16
6.48993 20.159245 25.225081 7
7.16163 19.816245 25.866281 1
7.68193 19.489145 26.695481 9
7.69433 20.125345 27.443581 16
8.46663 20.312945 27.997181 10
7.89513 20.857645 28.659581 1
7.40983 20.051845 28.756181 15
7.02333 19.274845 28.266181 15
6.84863 18.504045 28.808481 7
5.99463 18.789345 29.153681 7
6.16303 19.193845 30.053881 1
5.81423 19.028245 31.033181 12
6.69463 19.335945 30.840081 7
7.43653 19.603845 31.413781 10
7.82373 19.286845 30.577481 12
8.66333 19.250345 30.991081 1
8.61183 18.295245 30.901581 12
8.73653 18.227645 29.946381 7
8.12243 18.659945 29.257781 16
7.63263 17.824945 29.424581 7
7.62833 16.804845 29.470281 13
7.79233 15.941145 29.824081 1
8.44643 15.840845 29.146381 7
8.77753 16.558445 28.588481 1
8.77053 15.729245 28.121281 13
9.13203 14.848445 27.912181 7
9.83693 15.456045 27.835981 9
10.74193 15.271245 27.551481 15
10.30073 14.940745 26.825881 7
9.98343 15.068345 25.970681 7
10.32483 14.627345 25.185881 6
10.96163 15.298045 25.477281 4
11.11873 14.404545 25.904181 7
11.88233 14.743545 26.381381 15
12.25463 14.825445 27.305381 15
12.02863 15.644945 27.852881 7
12.28213 16.290145 28.486581 11
12.14593 15.454545 28.893081 15
12.32983 15.692545 29.833681 7
13.24683 15.644145 30.344481 16
14.01233 15.079045 30.501281 1
14.05283 14.158945 30.690481 12
14.75413 13.586745 30.876881 1
15.00413 13.441845 29.928481 16
15.78403 14.039245 29.916081 16
16.30703 13.963745 30.795381 9
16.52863 14.515845 31.553081 7
17.31743 13.827745 31.386281 10
17.68393 14.714645 31.336081 11
18.13553 15.432845 30.845581 11
17.84013 16.322645 31.097281 7
17.39273 16.404845 30.237881 7
17.03863 15.551345 29.846181 12
17.18683 16.284645 29.124381 13
17.21103 16.490945 28.122281 11
16.84973 16.781545 27.329081 16
16.64383 17.455445 26.581681 12
15.77773 17.655545 26.239981 7
15.85153 18.431545 25.689581 10
15.82373 18.047345 24.814181 14
15.20413 18.745745 24.781081 16
14.87233 19.622845 24.596381 16
15.33663 20.478745 24.734981 7
15.86643 21.312545 24.638181 5
15.43853 22.061545 25.059281 4
14.40983 22.054045 25.311481 10
14.41353 21.506545 26.121281 1
14.65023 20.742145 26.548581 12
13.71853 20.618545 26.611981 16
13.62293 20.995045 27.488881 7
13.40423 21.138745 28.398981 1
12.58863 21.576345 28.500481 15
11.73553 21.285545 28.875381 1
11.01183 20.786345 28.488881 7
10.40953 19.969545 28.232481 1
10.22483 18.992445 28.227981 7
11.16623 19.034645 28.243781 10
11.38113 18.600545 27.403881 15
10.80413 17.799345 27.364681 16
11.40463 17.001645 27.103181 1
10.70963 16.418245 26.724781 1
9.85333 16.892145 26.527081 1
9.47003 15.988845 26.700381 7
9.33633 16.450045 27.536281 12
8.73583 16.610945 26.837581 1
7.86683 16.334645 27.186081 13
7.87323 15.441545 27.541781 13
8.17333 14.496845 27.364881 7
7.28353 14.210145 27.543881 12
7.73243 13.661345 28.201681 7
7.40373 13.030545 28.799981 15
8.07033 12.781745 28.132581 7
7.35123 12.149145 28.138581 5
7.09463 12.849845 27.531581 7
6.28283 12.660745 27.124281 12
5.94333 11.888045 26.758781 12
5.50323 11.409345 27.430781 16
5.14413 11.773745 28.266281 15
4.33913 11.504445 28.594881 8
3.65723 12.193545 28.475681 13
3.27303 13.010045 28.858981 11
3.61333 12.601645 29.735881 7
2.71273 12.923945 29.791681 11
1.83453 12.922945 29.379281 1
2.22363 13.277845 28.541881 11
2.18983 12.330945 28.406481 12
2.48983 11.800045 29.229281 9
3.32983 11.405245 29.442281 7
3.76553 10.635545 29.712581 1
3.90653 9.692945 29.715781 1
4.75183 9.903745 29.246081 7
5.55543 9.973045 29.728281 7
6.55393 9.807345 29.497981 16
7.43833 9.505645 29.429681 12
7.69283 10.240845 28.860181 11
8.51873 10.473445 28.466881 10
8.31553 11.239245 27.953681 7
8.30423 10.960945 27.025181 7
8.77093 10.183545 27.368081 16
9.44723 10.825245 27.208681 15
9.32343 11.030745 26.287481 7
10.10693 11.101945 25.715581 7
10.94333 11.210345 25.144681 5
11.31703 12.039545 24.768281 4
11.83813 12.678345 25.124081 9
12.48273 13.108545 24.460981 7
11.75283 13.204945 23.829481 16
11.06063 12.890545 23.235581 14
10.22803 12.711845 23.769781 16
9.94413 11.898145 24.114481 16
9.24783 11.927945 24.830681 7
8.92503 12.404445 23.991081 1
9.09523 11.493545 23.680481 12
8.95683 10.963445 24.492681 15
8.87523 11.135045 25.438681 7
7.98053 10.867345 25.519381 7
7.79903 10.407745 26.290581 12
6.89203 10.025045 26.030381 15
5.96933 10.048045 25.874681 1
5.49433 10.075345 26.766281 10
5.05633 9.901345 27.648881 15
5.93353 9.909445 27.889381 1
6.69503 10.428245 28.012681 11
6.87463 11.169445 27.440781 1
7.28453 11.672245 26.634881 7
7.61043 12.573245 26.395681 7
6.78053 12.989945 26.201581 12
6.31633 13.776245 25.796081 12
7.02573 14.475345 25.774981 16
7.40893 13.973045 26.444081 7
8.16613 14.559445 26.329281 7
7.82623 15.515345 26.095981 16
7.13393 16.149145 26.439981 13
7.03053 15.949845 25.512481 6
6.38873 15.948245 24.776281 1
6.46083 15.998645 23.807081 16
6.42453 15.126145 23.451181 11
7.31243 14.892345 23.293781 13
8.06343 15.412845 23.219381 7
8.83253 14.997245 23.755781 12
9.40703 14.405645 24.282781 16
8.92583 14.633045 25.049381 15
9.12063 14.147645 25.838981 7
9.05673 13.649445 26.725781 7
9.80263 13.997545 27.277381 7
10.43003 14.396245 27.911981 15
9.85083 14.323845 28.625881 12
10.75073 14.482745 28.869481 15
10.47303 14.541845 29.796681 9
9.80263 13.854445 29.994781 8
9.64423 13.010245 29.424781 4
10.47083 13.104045 28.871581 11
11.28723 12.934345 29.160681 11
11.86823 12.190745 29.063781 11
12.60843 12.739345 28.828481 15
12.65073 12.873145 29.797881 1
12.23303 13.320045 30.523381 11
12.09993 14.089445 31.118781 1
12.51303 13.362045 31.665781 7
13.08373 13.362245 32.502081 1
13.01413 14.169345 33.040881 7
12.13663 13.837945 33.186981 16
12.06953 14.626845 33.804581 7
12.68963 15.128945 34.406581 1
11.87333 15.569945 34.182781 1
11.21553 16.280045 34.260281 7
10.67483 15.531045 34.019681 1
10.08593 14.716445 33.902381 1
10.19163 13.794745 34.394281 1
9.25943 13.435745 34.229981 7
8.63953 13.446545 35.097381 14
8.46503 12.801445 34.439181 16
7.49963 12.855045 34.031681 15
6.79453 12.414545 33.528881 7
6.03223 12.439845 32.990781 12
5.49893 11.601145 32.771681 5
5.20463 10.840445 33.272781 16
5.82873 10.127645 33.564781 12
6.74643 10.347845 33.827381 7
7.49293 10.642045 34.382581 16
8.36183 10.998245 34.473881 7
8.09673 11.760145 33.975481 11
8.47583 12.374345 33.335881 7
7.84613 12.991545 32.967581 12
7.72633 13.892345 32.729081 15
8.24663 14.068445 31.863481 15
7.28323 13.740345 31.593681 1
7.40433 14.525445 30.938881 1
6.93193 14.005945 30.281581 1
7.65943 13.363645 30.114881 16
8.60133 13.454745 29.921281 11
8.64253 13.464645 28.911481 7
8.50633 14.420345 28.760481 7
7.58543 14.480445 28.960681 1
7.18613 15.222645 28.416681 13
6.48553 14.694745 28.125581 16
5.80023 14.114845 27.821681 12
5.42523 13.403445 27.320081 12
4.60383 13.381845 26.820881 12
3.99793 13.300545 27.557181 11
4.23753 12.439345 27.602581 9
4.73903 12.289645 26.800881 12
5.03203 11.473845 26.266481 13
5.70923 11.744645 25.659781 8
5.85183 12.743845 25.285181 12
6.12353 13.039845 24.345881 16
7.02333 13.212045 24.346981 1
7.74003 13.468645 24.954081 7
7.70643 12.510745 24.779081 12
8.50793 12.410545 25.426781 7
9.20073 12.970745 24.954381 8
9.43483 13.146745 25.873581 7
10.36683 12.870345 25.848981 7
11.10443 13.431245 25.537481 5
11.74263 13.602245 26.268581 15
10.90623 13.223845 26.632581 7
10.66843 13.161245 27.577081 1
11.20543 13.719945 28.158381 15
11.89703 13.127845 28.262881 11
12.13853 13.955845 27.748681 15
11.31333 12.346745 27.110081 11
10.47223 11.961345 26.670881 7
9.93623 11.761645 27.356381 1
9.12563 11.769145 26.937081 7
8.76203 12.610545 26.556881 7
8.95303 12.711945 27.485081 7
9.70413 13.003245 28.047781 7
9.96773 12.167045 28.435881 11
10.44213 11.283445 28.315781 11
9.60703 10.914045 28.561881 1
9.68163 11.018145 29.543181 1
10.35323 10.372045 29.940281 7
10.37293 10.833545 30.753681 10
11.02193 10.927845 31.365281 16
11.90413 10.874145 31.073981 12
11.43783 10.703645 30.273481 1
12.15323 10.119245 30.431781 16
12.94503 9.679845 30.068381 14
13.73653 10.168145 30.219081 1
14.60323 10.158345 29.755281 16
15.44103 10.346745 29.994181 16
15.78913 9.940245 29.235581 16
15.86513 9.017145 29.118081 1
15.15293 8.336345 29.238181 1
14.43973 8.899745 29.492581 5
13.64963 8.362045 29.315581 12
13.51543 7.652845 28.662381 1
13.17213 8.595545 28.455081 1
13.68753 9.457545 28.389281 15
14.40423 10.103145 28.393781 16
13.98583 10.534845 27.677481 1
14.76663 11.088945 27.947281 16
14.90273 11.898145 27.434181 16
14.21973 12.520045 27.336681 12
13.70753 13.296245 27.090881 15
13.78993 13.902245 26.380881 15
13.93603 13.146145 25.840581 1
13.64003 12.349845 26.418681 12
12.74653 12.694345 26.626081 15
13.01843 12.133945 27.432281 8
13.11403 11.852345 28.333881 11
13.49963 12.294045 29.131181 16
13.18283 11.738045 29.815481 7
13.18143 11.502945 30.771781 16
13.75163 12.265845 30.664781 16
13.95573 12.277545 31.613481 11
14.65003 11.699145 31.347281 16
14.65043 10.794945 30.840081 13
14.98223 11.293445 30.080181 16
14.25933 11.518845 29.492481 16
13.83693 11.075045 28.698981 16
12.84263 10.877045 28.698281 8
11.97453 10.719245 29.058681 16
11.48273 11.255545 28.489881 11
11.29603 11.411745 27.483381 11
11.29973 10.522145 27.239381 1
12.22793 10.720245 27.012481 1
11.77743 10.588945 26.184481 1
11.62833 10.491845 25.223081 1
12.34003 11.165945 25.239981 7
13.10473 10.954145 24.701381 1
13.75403 10.538345 25.202881 1
14.34193 10.928445 25.773781 11
15.08953 11.103445 26.376681 16
15.59863 11.490845 25.711281 1
15.50573 12.052445 26.571081 16
16.44133 11.738745 26.664281 16
17.21843 11.949045 27.224581 11
17.82273 12.325845 26.558281 1
16.98213 12.718945 26.342481 15
16.45943 13.074445 27.034781 16
17.19583 13.780445 26.918581 12
17.90443 14.518945 26.830881 12
18.63443 14.967745 27.191781 16
18.09153 15.593445 26.670081 7
18.13003 16.563845 26.789381 16
17.50183 16.530645 26.035781 11
17.25423 15.670745 25.718281 5
16.95263 14.910045 26.320781 5
16.71183 15.117145 27.181781 12
16.30863 15.739545 27.698981 16
15.43323 15.139445 27.677181 1
15.02003 14.325045 28.101981 16
14.14593 14.503545 28.376481 15
14.37993 13.877145 29.092181 16
14.00323 14.664945 29.415481 1
13.03143 14.660345 29.370281 15
13.25223 13.811945 29.673581 1
12.92453 13.718245 28.654981 15
13.77773 13.434045 28.196481 15
14.65663 13.087445 28.314181 16
14.75913 12.760745 29.237081 16
15.29363 11.972945 29.357481 16
15.93393 12.004245 30.060981 16
16.16813 11.262145 30.616481 13
16.42853 11.144845 31.514581 1
16.64233 11.735845 32.284281 1
16.44593 12.665845 31.947981 16
15.88433 12.311445 31.315581 7
15.60073 12.995645 30.611081 16
16.54803 12.917045 30.444881 16
17.46443 13.206645 30.553381 12
18.26843 13.561145 30.905781 11
18.71263 13.729445 30.098681 11
18.97333 14.613645 29.824881 11
19.50243 15.192445 29.262681 16
19.01633 15.861545 28.588681 1
19.27743 15.084545 28.033781 1
18.60843 14.315445 28.159081 12
18.00873 13.663545 28.558481 12
17.75083 13.494545 29.499481 11
17.04073 12.888445 29.355981 16
16.60183 13.796745 29.397481 16
17.36163 14.360945 29.279181 11
16.80243 14.855045 28.608281 12
15.99653 15.080745 29.130981 8
15.53593 15.949345 29.024081 8
15.26273 16.862345 28.905481 1
14.63163 16.390545 28.365381 16
14.36573 15.665845 27.716481 1
13.52953 15.201645 27.612381 15
13.40243 14.758445 26.778081 15
13.80293 15.101545 25.987181 5
14.64383 15.528545 25.564081 7
15.07603 14.856745 25.091581 1
15.15503 14.277045 25.926181 5
15.29403 14.216945 26.908281 15
15.34203 13.237645 26.937481 8
15.67003 13.301445 27.863681 16
16.42903 13.102545 28.568481 16
17.14633 13.337545 27.832181 12
16.99503 12.341645 28.090481 16
17.95763 12.563945 27.993381 1
18.58513 12.014545 27.550481 14
19.14393 12.583545 28.026181 16
18.95703 12.855145 27.031281 12
19.60923 12.147145 26.883981 1
20.59393 12.283945 26.966381 1
21.21683 12.751245 27.489281 1
20.81913 13.013445 28.342281 7
20.24113 12.209345 28.387481 13
20.12273 12.354145 29.438481 1
20.90373 11.865345 29.892081 1
20.15733 11.606545 30.509981 9
19.48183 11.510145 29.756281 16
18.69993 11.798745 30.104381 5
17.96773 11.188245 30.031781 11
17.01523 11.421145 29.780581 16
17.06643 11.052645 28.934081 16
16.78203 10.308645 28.439881 5
15.84713 10.564145 28.239781 16
15.51063 10.147745 27.453681 16
15.13753 9.255345 27.244081 8
15.50913 8.400445 27.463281 15
16.07693 8.281245 28.337781 16
16.17383 7.545645 28.939881 1
16.90123 7.160045 28.470081 7
17.57793 6.572745 28.180381 16
17.22163 5.837145 27.597881 7
18.13983 5.658645 27.640881 1
18.22143 6.379445 26.903081 15
17.85763 6.042445 26.020181 16
18.13803 4.662245 25.505081 16
19.10723 4.721045 25.399581 11
19.42053 4.457545 24.543981 12
19.71663 3.842545 23.900181 16
20.67463 3.759845 23.845081 1
20.40853 4.621945 24.088081 12
21.20973 5.039345 23.891181 15
20.95513 5.954045 23.780581 1
21.10953 6.604145 24.479781 11
20.26263 6.975245 24.603781 15
19.89213 7.771045 24.216181 16
19.72353 8.460345 23.635781 16
18.73253 8.461145 23.672581 1
18.24003 9.282645 23.925081 1
18.07803 9.677545 24.837481 1
17.26513 9.271245 25.155281 1
17.39653 9.315545 26.072181 7
18.34043 9.143845 25.918181 16
18.27043 9.666745 26.737681 7
18.47153 10.005645 27.651881 12
17.71853 9.623945 28.096781 5
17.41543 10.268545 27.412481 11
16.77743 10.959145 27.341081 1
16.49553 11.391145 28.128081 16
15.52183 11.595245 28.363681 16
15.51343 12.557345 28.494581 16
