23.712602 -22.246161 -31.694182 4
24.414802 -22.853961 -32.066782 12
24.876102 -22.780661 -32.880882 1
25.470402 -23.377661 -33.264482 2
25.460802 -23.443461 -34.264282 1
24.952802 -23.831061 -35.020082 1
24.947602 -23.461161 -35.977082 1
25.654502 -23.072561 -36.560182 14
26.498502 -23.089061 -36.171282 1
27.084802 -22.343761 -35.896182 1
27.786202 -21.616261 -35.780382 3
28.051802 -21.190861 -34.924682 1
28.946402 -21.051961 -34.805982 2
29.161502 -21.910761 -35.100582 1
29.044502 -21.812261 -36.010782 16
29.959502 -21.592061 -36.110282 8
30.015502 -20.877561 -36.708682 13
30.588302 -20.342761 -37.344882 11
30.116202 -19.828761 -38.117582 14
29.209702 -19.447661 -37.898282 2
28.845702 -19.370461 -36.983682 5
29.629202 -18.772561 -36.603282 15
29.651002 -17.938761 -36.085982 15
30.541302 -17.622561 -36.277682 9
31.416402 -17.164861 -35.966382 1
31.061602 -16.607061 -36.714982 2
31.557502 -16.057761 -36.149182 1
31.422802 -15.270961 -35.526282 8
30.677302 -15.877461 -35.207382 2
29.998102 -15.364561 -35.753482 9
29.840602 -14.427661 -35.752182 2
29.373302 -13.862361 -36.373182 6
29.237202 -12.940461 -36.252282 2
28.263402 -12.729661 -36.398082 14
28.148702 -13.737561 -36.418882 14
28.193502 -14.706561 -36.508082 1
28.292302 -15.673461 -36.813482 2
29.122802 -15.236861 -37.030282 6
28.652202 -14.776561 -37.771982 6
28.366802 -13.887261 -37.518882 14
27.502402 -14.366261 -37.229582 8
26.755002 -13.769661 -37.108882 14
25.762502 -13.732561 -37.244882 12
25.189502 -13.723161 -36.504282 14
24.525202 -13.122761 -36.987682 2
23.565702 -13.245961 -36.967782 2
23.553502 -13.931461 -37.657782 5
23.098802 -13.156161 -37.829982 2
22.775902 -13.405961 -38.679282 1
22.718602 -12.846761 -39.420482 11
22.611102 -11.988961 -38.991682 7
22.957202 -11.970961 -38.094182 2
23.730102 -12.211561 -38.727682 2
24.356802 -12.348961 -39.475382 5
24.374102 -11.716861 -40.283582 3
24.195002 -11.081161 -39.450482 2
24.460802 -10.846961 -38.588082 1
23.764702 -11.256361 -38.000682 2
24.620202 -11.733861 -38.064182 2
25.540802 -12.046261 -37.822382 5
26.292802 -12.623561 -38.093382 1
26.581802 -12.707361 -37.111582 14
27.128702 -12.053861 -37.537182 14
27.520502 -11.908961 -38.424482 15
26.804202 -12.047261 -39.001982 9
26.317802 -12.626761 -39.654382 8
27.258502 -12.758061 -39.769882 1
27.076302 -12.509661 -40.688182 1
27.222902 -11.757861 -41.345282 14
28.094502 -12.114261 -41.621282 9
28.524002 -11.847161 -42.409782 2
27.831502 -12.343461 -42.929082 14
27.435102 -11.403661 -42.736382 8
26.674102 -11.594261 -42.172782 1
26.382102 -11.016061 -41.379982 2
25.597402 -10.575361 -41.040182 6
24.777902 -10.152561 -41.398382 8
25.272402 -9.420261 -41.720582 2
25.477402 -9.776961 -42.538582 10
25.223602 -9.084261 -43.284882 12
26.036202 -8.741261 -42.865882 2
26.723502 -8.246461 -43.363782 1
27.349502 -7.605561 -43.709282 11
28.197702 -7.977061 -43.698182 15
28.777002 -8.623461 -43.248282 14
27.987302 -8.875061 -42.764282 8
28.406602 -8.143861 -42.318582 1
28.344302 -7.705361 -41.420882 14
28.852502 -7.133561 -40.771182 2
28.613102 -7.357661 -39.880482 2
29.074202 -7.357961 -39.066482 1
29.534502 -8.020761 -39.642182 1
30.361802 -8.070961 -39.173582 1
29.605802 -8.373761 -38.595282 2
29.015402 -8.511461 -37.893582 1
29.077202 -8.449861 -36.925782 2
29.704502 -7.750761 -36.727182 1
30.141402 -8.616761 -36.743882 2
30.922302 -9.095661 -36.650682 1
30.586102 -9.198961 -37.584682 1
30.900002 -8.424261 -38.152382 1
30.677202 -8.960661 -38.941082 3
29.839802 -9.434361 -38.763582 14
29.131402 -9.997961 -38.869982 1
28.879502 -10.583261 -38.185582 7
28.998802 -11.112461 -37.375782 14
29.173402 -11.738161 -36.652482 2
29.611602 -11.349561 -35.813982 2
28.820402 -10.919661 -36.079382 5
28.092102 -11.566461 -36.145482 14
27.414702 -12.117561 -36.555382 14
27.399202 -11.272861 -36.989482 14
27.263702 -10.692061 -37.768182 2
26.248802 -10.835161 -37.763782 5
26.623402 -10.564261 -36.887682 14
26.027902 -9.779961 -36.741282 2
26.181902 -10.430461 -35.968482 5
26.001802 -11.369561 -35.772182 14
25.142302 -10.921061 -35.666682 11
24.990702 -11.674161 -35.060482 14
24.077502 -11.752061 -35.377282 2
24.064502 -11.905061 -34.371482 8
24.433702 -12.617961 -33.775782 8
24.596402 -13.261661 -34.558582 2
25.015702 -14.193761 -34.331282 1
25.043602 -14.975561 -33.831082 15
24.816902 -15.880061 -33.966682 1
24.121202 -16.517361 -34.222782 9
23.898002 -17.277061 -33.747182 2
23.202902 -17.384561 -34.527282 15
22.622702 -16.751761 -35.060082 6
22.389802 -15.954261 -35.582282 8
22.641902 -15.171261 -36.098082 2
23.387202 -14.689861 -35.628282 2
23.591402 -15.319861 -34.910682 15
23.311502 -14.526561 -34.557982 2
23.890702 -14.702761 -33.814782 8
23.316602 -15.178061 -33.313882 12
23.526702 -14.446561 -32.737882 8
23.109002 -14.409761 -31.882682 14
22.617802 -14.987561 -31.330282 12
22.385402 -15.761061 -30.811182 9
21.669302 -15.544361 -31.379282 14
21.109402 -15.381161 -32.181282 2
21.121502 -14.816161 -33.016182 6
21.272502 -14.035661 -33.644682 3
22.186102 -14.380861 -33.563482 1
23.123602 -13.983461 -33.569782 8
22.581402 -13.442061 -34.141382 2
21.929102 -13.665461 -34.853182 2
22.218802 -14.606961 -34.639082 1
21.343002 -14.657361 -35.002382 1
22.125502 -14.354661 -35.566182 2
22.140302 -13.512761 -35.862682 2
21.189302 -13.250661 -35.706782 6
21.434802 -13.175661 -36.620982 1
21.848602 -14.101261 -36.736782 2
22.369902 -14.224261 -37.494982 2
22.928602 -14.837761 -38.101882 5
23.125902 -15.677961 -37.676782 11
23.226102 -14.965561 -37.009682 2
24.217102 -14.989661 -36.692682 5
24.913302 -15.209961 -37.249682 5
25.357502 -15.923661 -37.814082 1
25.608902 -15.160361 -38.384282 1
26.211102 -15.907861 -38.578482 2
26.319302 -16.752661 -39.097082 15
25.890802 -17.371761 -38.458682 6
25.593902 -17.674361 -37.606982 14
26.209902 -17.070861 -37.281782 3
26.645302 -16.203961 -37.434382 14
26.699502 -15.325361 -37.000582 2
26.217402 -14.809561 -36.438582 15
26.841302 -14.234361 -35.967582 14
26.808602 -14.944061 -35.340482 2
26.518102 -14.080761 -35.011182 15
26.671802 -13.050761 -35.287482 14
26.610702 -12.290961 -35.953382 14
25.673602 -12.329061 -36.160882 14
24.854602 -11.847661 -36.062482 2
24.678402 -11.842561 -37.012482 2
25.440002 -11.314161 -37.189882 14
24.658102 -10.795861 -37.453182 5
24.389502 -10.772061 -36.561782 1
24.196902 -9.965261 -36.116482 9
23.997802 -9.476261 -35.264282 2
23.925002 -9.291961 -34.382682 1
23.529302 -10.139861 -34.189182 14
24.096802 -10.769261 -33.753582 8
24.782202 -10.816261 -33.111282 2
24.637802 -11.644661 -32.588882 8
23.823202 -11.442861 -32.152982 8
24.268202 -11.822761 -31.336882 2
24.499102 -12.794661 -31.347782 9
23.489202 -12.982761 -31.575482 8
22.625102 -12.714561 -31.166582 2
22.183702 -12.474061 -32.009182 1
22.066702 -11.510961 -31.887282 1
22.539502 -11.265161 -31.096282 1
22.697102 -10.345161 -30.829482 2
22.823002 -9.976261 -31.708382 14
22.738002 -10.641761 -32.410282 2
22.691702 -11.404061 -33.015582 1
22.950502 -11.334561 -33.872982 4
22.947302 -11.710061 -34.779582 2
22.125202 -11.789061 -35.292382 2
21.408902 -11.248161 -35.558682 3
20.821602 -12.049961 -35.507882 3
21.335602 -12.048161 -36.413082 7
22.208102 -12.430361 -36.143882 2
23.035602 -12.923261 -36.098682 2
23.849202 -13.520061 -36.060582 2
24.661402 -13.693561 -35.634482 1
25.371302 -13.125861 -35.394882 14
24.554602 -12.680461 -35.567682 1
23.642402 -12.678061 -35.292482 2
23.499602 -12.847261 -34.369982 2
23.489002 -12.824361 -33.343782 8
23.074702 -12.361561 -32.658182 8
22.189702 -12.331061 -33.048482 6
21.354402 -12.564561 -32.715082 10
21.146902 -12.724661 -31.759782 6
20.781102 -13.302461 -31.054082 12
19.857302 -13.037061 -30.939382 14
19.084402 -12.581261 -30.535282 3
18.723902 -13.428561 -31.065482 1
17.759202 -13.547661 -31.119882 2
18.096902 -12.766761 -31.655982 8
18.136102 -12.526661 -33.369982 3
18.128002 -13.088361 -34.181682 7
18.386202 -12.580361 -34.931882 8
18.551002 -12.457361 -35.902582 1
19.248702 -12.277761 -36.625582 1
18.707102 -12.356861 -37.362782 14
18.373002 -12.020361 -38.222482 9
19.031202 -12.209561 -38.872782 14
19.755402 -12.101861 -39.525282 2
20.114302 -11.693661 -38.720982 2
20.739302 -12.420161 -38.936982 3
21.537002 -12.345461 -38.465382 12
22.138402 -12.507761 -37.641882 2
21.910102 -11.728861 -37.208182 5
22.852002 -12.078461 -36.998582 2
23.556802 -11.477961 -36.830182 2
22.924602 -10.694761 -36.765482 3
22.346202 -11.088961 -36.074482 2
23.080102 -10.759461 -35.549482 2
22.746802 -10.031361 -34.965682 1
21.997302 -9.468661 -35.179682 11
21.545002 -9.418561 -34.262082 14
21.527002 -8.768861 -33.573282 3
22.449902 -8.604661 -33.382182 5
23.259102 -8.479061 -34.084482 15
23.661402 -8.553061 -33.208282 8
24.555702 -8.976561 -33.425382 1
25.210202 -9.308661 -34.053182 1
25.505702 -9.874461 -34.785582 1
25.822802 -10.776861 -34.744082 1
26.629302 -11.330961 -34.898082 14
27.024002 -12.259061 -34.610582 14
26.447802 -12.630761 -33.949682 3
27.106302 -13.323761 -34.125182 4
27.966302 -12.995361 -34.550182 14
28.870102 -12.857161 -34.630482 2
28.694402 -13.441961 -35.312282 2
27.717102 -13.645261 -35.384882 14
28.057702 -14.344661 -34.797182 1
28.778702 -14.708061 -34.235482 1
29.383102 -14.209761 -34.879582 2
29.911002 -13.617161 -34.311482 2
30.075402 -14.211361 -33.560582 6
30.395402 -13.467861 -33.046582 9
29.584002 -13.096361 -33.353082 2
29.360302 -13.384961 -32.444982 6
28.867502 -12.537961 -32.440782 9
28.440102 -11.654561 -32.478982 2
29.323402 -11.580261 -32.189782 9
30.202502 -11.480961 -31.987382 9
30.154202 -11.013461 -32.839082 6
30.074602 -11.609261 -33.559682 2
30.464402 -12.465661 -33.518082 9
30.813702 -11.858061 -34.229282 2
31.603302 -12.553461 -34.080582 2
31.425802 -13.408461 -33.653282 9
32.069102 -13.591261 -34.440382 8
32.494602 -12.808961 -34.834082 2
33.407802 -13.209461 -34.821482 3
32.973802 -13.802361 -35.442982 8
32.234002 -13.844561 -36.071082 8
31.794502 -13.272161 -35.505482 3
30.903502 -13.059961 -35.769882 2
30.248602 -13.383261 -36.453082 2
30.735802 -14.112261 -37.030582 8
30.461102 -15.036961 -37.027082 6
31.389202 -15.169261 -36.790782 8
31.280002 -15.651361 -37.602782 14
30.742802 -15.672961 -38.455082 6
30.943902 -15.158161 -39.284882 8
30.147602 -15.698761 -39.357882 14
29.346302 -16.094861 -39.748682 2
28.463102 -16.232861 -39.402382 12
28.002702 -15.889461 -40.170382 2
28.478502 -15.559261 -40.955782 3
28.899002 -16.266361 -41.466682 2
28.669102 -16.280061 -42.383082 10
29.011102 -16.563461 -43.261782 3
29.845702 -16.529461 -43.644182 2
30.164802 -16.552461 -42.752882 3
30.115002 -16.449961 -41.735382 2
31.061502 -16.638661 -41.813882 14
31.011602 -15.937861 -41.112082 2
31.756102 -16.147961 -40.547382 3
32.720202 -16.251161 -40.626782 12
32.796502 -15.303861 -40.536582 1
32.792102 -14.494761 -39.963582 1
31.960402 -14.140761 -39.643982 2
32.081302 -13.417061 -38.978382 3
32.259302 -13.814061 -38.112482 8
32.904402 -14.489661 -38.398182 1
32.954602 -14.192261 -37.515582 8
33.796502 -14.665861 -37.358682 2
34.509202 -14.373261 -37.869482 9
34.198302 -13.427861 -37.856382 1
33.329102 -12.969061 -37.942882 1
33.512602 -13.331261 -37.055282 8
34.280302 -13.647661 -36.490682 14
35.273802 -13.996661 -36.500682 2
35.701902 -14.892061 -36.814582 1
36.503202 -15.171061 -37.203482 9
36.311602 -15.933561 -36.696182 2
36.733802 -16.852861 -36.570182 2
37.015202 -17.465461 -35.843682 8
36.037702 -17.480961 -35.763182 6
35.537002 -16.790461 -36.182682 14
35.660802 -17.447161 -36.852682 1
35.599402 -18.379561 -37.114982 3
34.799102 -18.822461 -37.435682 6
33.909402 -18.621261 -37.841382 1
33.777502 -17.829661 -37.314382 6
33.635502 -16.954061 -37.691082 2
32.822202 -17.333661 -37.829682 2
32.447002 -17.171061 -36.922682 1
32.133502 -16.292261 -37.052882 7
32.653402 -15.586261 -36.721082 3
32.245502 -14.856961 -36.250782 8
32.988102 -14.997861 -35.643782 8
32.935002 -15.791961 -35.159882 2
32.932702 -15.812861 -34.234882 14
32.203002 -15.536961 -33.665582 9
32.715802 -14.597161 -33.553082 3
31.745402 -14.388561 -33.369682 3
31.332902 -14.578461 -34.244382 12
31.097202 -13.970561 -34.992882 8
30.749302 -13.128661 -34.670982 2
30.459502 -12.384461 -35.212082 2
29.469202 -12.355761 -35.332882 2
28.597802 -11.990161 -35.270882 14
27.754502 -11.480861 -35.010682 14
28.293302 -11.188561 -34.180982 9
29.108102 -11.708861 -34.090382 2
29.416302 -10.786061 -33.671882 3
29.199202 -10.686261 -34.594782 2
28.586702 -9.946661 -34.623182 10
28.260602 -10.222661 -33.706482 1
27.775102 -10.991961 -33.263682 1
27.454602 -11.552361 -32.608482 3
27.775102 -10.885361 -32.028582 2
28.544602 -10.844461 -31.488782 9
29.148302 -10.188561 -31.080482 9
28.577102 -9.407161 -31.095982 1
28.145202 -8.967661 -31.835282 2
27.925502 -8.074961 -32.143582 1
28.542102 -8.105361 -31.311482 1
29.555302 -8.137261 -31.563982 2
29.630402 -8.959161 -32.027182 8
30.205102 -8.774661 -32.803682 3
31.114902 -9.047061 -32.871082 6
31.624602 -8.228461 -32.746082 8
31.938402 -8.743561 -33.509182 6
31.314202 -9.116261 -34.155182 2
31.072402 -8.586661 -34.900082 14
30.199402 -8.620961 -34.433782 12
29.834602 -9.401461 -34.018682 3
30.706102 -9.821461 -33.598382 6
30.411202 -10.549261 -34.200882 2
31.053202 -11.007161 -34.801082 2
31.958702 -11.046861 -34.647482 2
32.116902 -10.077261 -34.344482 6
33.055902 -10.184161 -34.096282 8
33.492602 -11.042561 -33.841982 1
34.011502 -10.633061 -34.523382 1
34.173302 -11.398361 -36.229982 14
33.241402 -11.270961 -35.998382 3
32.641302 -10.490661 -36.023082 2
32.927602 -10.751961 -35.171482 12
32.563502 -11.647561 -35.232482 2
32.276602 -11.990161 -36.038382 2
32.989802 -12.476761 -36.521582 8
33.629002 -12.176061 -37.254782 1
32.865102 -11.944261 -37.721782 3
32.717602 -10.948961 -37.608782 1
32.352202 -10.068361 -37.267782 14
31.931702 -10.767861 -36.802582 2
31.079602 -11.192961 -36.740082 2
31.041602 -10.633361 -37.486482 1
30.565702 -10.830861 -38.282582 2
30.700802 -11.766561 -37.917682 9
29.761902 -11.760661 -38.040382 9
29.666202 -12.399161 -37.256982 2
28.836402 -12.985961 -37.308882 14
28.346102 -12.854261 -38.105682 14
28.849802 -12.720361 -38.980882 2
28.559202 -13.638161 -38.741182 3
28.036902 -14.478561 -38.918982 9
28.919002 -14.831461 -38.899382 2
29.521702 -14.194761 -38.425382 6
30.444502 -14.234861 -38.125982 6
31.229202 -13.899661 -38.614882 9
31.286102 -13.425361 -37.720582 8
30.438502 -12.986161 -37.928882 3
30.661502 -12.638661 -37.069882 2
31.336002 -13.262861 -36.726382 8
31.783802 -12.324861 -36.833182 8
31.203802 -11.998761 -36.127782 2
30.644302 -11.414461 -35.647182 2
30.599002 -10.398961 -35.693782 3
31.422702 -10.090561 -35.335082 2
31.957502 -9.652161 -36.008282 3
32.828502 -9.216161 -36.179982 10
33.249502 -8.569561 -36.715782 2
33.414402 -8.054661 -37.460882 1
34.013102 -7.953661 -38.220282 1
34.362702 -7.617561 -39.121582 8
35.089102 -6.963261 -39.415382 4
35.124102 -7.770161 -39.999782 3
34.203702 -7.947261 -40.490182 14
34.875502 -8.657461 -40.720182 3
35.457402 -8.550161 -41.421482 2
34.772602 -7.874161 -41.447082 6
35.232402 -7.612561 -42.283882 14
35.539702 -8.445361 -42.539482 8
35.908402 -9.423461 -42.542382 6
36.148602 -9.432261 -43.499082 2
35.307902 -9.724761 -43.864882 7
35.623102 -10.618861 -44.017482 2
35.909802 -11.176361 -43.253182 3
36.724102 -11.036361 -43.774282 14
37.431902 -10.648161 -44.413382 3
37.028802 -10.599361 -45.287382 5
37.859002 -10.488361 -45.741282 3
38.215602 -9.635461 -46.019082 10
37.986202 -9.599961 -46.915182 1
37.197302 -9.736861 -47.423682 13
36.443802 -10.175961 -47.960482 3
35.549302 -9.921661 -47.703482 6
35.305402 -9.909561 -48.621582 1
34.356002 -10.075661 -48.816682 3
34.814202 -10.787261 -49.351782 3
34.865102 -11.665861 -49.719582 2
35.133302 -12.588361 -49.679082 2
35.439802 -13.157261 -48.940382 5
35.829402 -14.020561 -48.867982 7
36.752902 -14.161961 -48.593982 2
37.414702 -14.907761 -48.467382 3
36.948202 -15.614361 -47.977882 14
37.634002 -16.327961 -48.225482 8
37.825902 -16.854761 -47.364282 1
38.290202 -17.540161 -47.884682 8
38.975602 -17.054861 -47.433482 1
38.865402 -16.516161 -46.526182 3
38.664802 -17.114761 -45.770182 9
37.740702 -16.759461 -45.699682 10
37.533402 -16.350961 -44.856082 1
37.183502 -15.695461 -45.483182 9
36.254902 -15.881061 -45.425282 1
36.130202 -16.129961 -44.499882 9
36.030202 -17.096961 -44.325482 3
35.131002 -16.662461 -44.208182 3
34.388502 -16.055561 -44.113182 12
34.248102 -15.689961 -43.215282 2
34.049702 -15.984061 -42.330582 9
34.570202 -15.417961 -41.771282 3
33.971802 -14.987661 -41.142982 1
34.654802 -14.243261 -41.077982 9
34.343302 -14.399861 -40.139682 3
34.366602 -15.210761 -39.513582 13
35.316902 -15.028961 -39.044782 14
36.039402 -14.426861 -38.867582 5
36.403102 -14.358361 -37.911582 2
36.625902 -13.426561 -37.860282 3
37.508102 -13.581661 -37.510982 3
37.597402 -14.424961 -37.053082 4
38.195602 -15.150161 -37.260082 10
39.048602 -15.275561 -36.890482 6
38.830602 -16.205161 -36.789682 1
38.621402 -16.655761 -35.858382 3
39.102002 -15.997761 -35.387282 10
39.144402 -14.976861 -35.475382 10
38.684002 -14.554961 -34.741182 1
38.810702 -14.702661 -33.759782 8
37.973202 -14.648661 -33.296882 2
37.550802 -14.117761 -33.985082 1
37.285202 -13.166761 -33.897682 3
37.320802 -13.734061 -33.099982 7
36.492802 -14.057761 -33.321182 3
36.303702 -14.017861 -32.333682 2
35.911502 -13.181061 -32.106882 1
35.448402 -12.563061 -31.462582 3
35.309802 -12.337861 -30.495382 13
34.435902 -11.915261 -30.754582 3
34.143802 -12.365061 -31.573682 3
34.668402 -12.895861 -32.176182 8
34.100302 -13.698061 -32.227882 12
33.223202 -13.580461 -32.510382 6
32.530802 -12.915961 -32.284882 9
33.109602 -12.373561 -31.696582 3
32.635102 -11.563061 -31.973682 3
31.830402 -12.089661 -32.018782 9
30.990902 -11.762561 -32.528182 9
31.802602 -11.831461 -33.034882 4
31.582702 -10.893561 -33.251382 6
31.866602 -10.673361 -32.359982 6
32.178602 -9.776961 -32.237282 6
32.795602 -9.747161 -31.444382 3
32.395602 -9.737261 -30.602082 3
32.416402 -9.687761 -29.579582 9
32.726002 -9.603661 -28.675682 5
31.961702 -9.602361 -28.127682 5
31.756802 -8.741361 -28.548482 5
30.931702 -8.150061 -28.593282 10
31.504902 -7.524861 -29.056282 10
32.162602 -8.115361 -29.451582 9
32.919202 -8.688361 -29.153782 5
33.599402 -8.620661 -29.799182 3
32.714202 -8.691161 -30.134782 3
32.232402 -8.060661 -30.592682 14
31.299102 -7.972461 -30.399682 8
30.574302 -7.631561 -30.918482 14
31.449202 -7.493961 -31.317082 1
31.589302 -6.697161 -30.873882 4
32.135002 -6.060761 -30.427482 3
32.877302 -5.551661 -30.758282 1
33.546602 -4.889061 -31.118782 4
34.385102 -4.884261 -30.740482 1
34.686302 -5.524761 -31.523082 1
35.506802 -5.055661 -31.715282 3
35.882602 -5.934961 -31.719582 1
36.212002 -6.773161 -31.152982 9
36.846102 -7.277561 -30.651282 9
37.613902 -6.666461 -30.766882 1
37.910302 -7.556661 -30.961482 3
37.370002 -7.875061 -31.707482 1
36.529602 -7.530061 -32.033582 3
35.535602 -7.500561 -31.881982 13
34.611802 -7.112561 -31.761982 11
34.079602 -7.968361 -31.922182 10
33.984602 -8.792161 -31.505682 3
33.643402 -8.734961 -32.425782 15
33.620802 -9.702361 -32.547882 3
32.925302 -9.473461 -33.222382 6
32.826502 -10.431661 -33.010182 6
33.144502 -10.622061 -32.087882 3
34.078602 -10.849761 -32.106082 3
33.671002 -11.236961 -32.859582 13
34.294002 -11.943261 -32.621182 3
34.881002 -11.952061 -33.466282 6
35.396002 -11.511961 -32.768882 3
35.903002 -11.279661 -33.613882 6
35.396202 -11.075961 -34.396882 9
35.231702 -10.502061 -33.654382 8
34.594502 -9.739061 -33.516582 4
34.226902 -8.823261 -33.766382 12
34.824702 -8.132061 -33.520782 3
35.477202 -8.500461 -32.879782 8
35.171002 -8.576161 -31.947082 4
34.911102 -9.447161 -31.655182 3
34.579402 -9.225061 -30.737382 3
35.198702 -8.497861 -30.616182 9
34.805202 -7.880961 -30.039582 9
34.287402 -8.063961 -29.258182 1
33.676802 -8.002061 -28.482282 5
33.879902 -8.500461 -27.709682 5
33.203802 -8.069461 -27.181682 3
32.853902 -7.430961 -27.835582 5
31.961902 -7.776561 -28.051882 3
31.277802 -7.937061 -27.386482 6
31.592902 -7.005261 -27.445882 10
32.462702 -6.805461 -26.979582 5
33.323302 -6.428461 -26.701782 1
34.071002 -7.036761 -26.787882 6
34.579602 -6.263761 -27.118382 1
35.547502 -6.621561 -27.125482 3
36.108202 -6.801561 -27.930182 1
36.753302 -7.348361 -27.560182 3
37.263902 -6.506561 -27.542582 1
37.757202 -6.836861 -28.251182 2
37.214602 -6.354161 -28.909382 3
36.313402 -5.975861 -28.838182 5
35.573902 -6.671461 -28.906982 3
36.009002 -6.706761 -29.744882 9
36.751802 -7.250361 -29.317682 13
36.086302 -7.992361 -29.309382 9
36.729402 -8.025161 -30.037982 9
36.277702 -8.568461 -30.710382 9
36.099602 -9.470561 -30.303882 3
36.218202 -10.463961 -30.226782 3
36.861902 -10.134261 -30.921082 10
36.343202 -9.876861 -31.703482 13
35.687602 -10.087361 -32.353382 14
34.954002 -10.453461 -31.837382 3
34.470802 -10.815261 -31.039982 3
35.178902 -11.082761 -30.389082 9
35.730702 -11.052961 -31.253982 3
36.604002 -11.429161 -31.088482 1
36.551402 -12.363661 -30.904882 9
36.330402 -13.269661 -30.645082 1
35.605602 -13.876461 -30.554282 8
34.836002 -13.847361 -31.190282 1
34.083402 -13.347861 -30.791282 3
34.321602 -12.737461 -30.064582 9
33.789102 -12.110261 -29.622282 3
33.161102 -12.560861 -29.000482 6
33.069502 -12.615261 -28.052582 6
33.916302 -12.227561 -27.790182 4
34.816502 -12.373061 -27.512982 3
35.661802 -12.007861 -27.026782 1
35.536802 -11.368861 -27.699482 4
35.490202 -10.806161 -28.414382 1
34.732602 -11.011761 -29.085082 3
35.003102 -10.319861 -29.663582 3
34.406802 -9.618561 -29.485482 5
34.275102 -10.059261 -30.333082 3
33.401102 -10.434061 -30.648482 3
33.417802 -10.032361 -29.657282 6
33.452402 -10.902461 -29.181382 3
33.733002 -10.164561 -28.633682 5
34.577602 -9.893261 -28.120382 5
34.885802 -9.001961 -27.721782 9
34.813102 -9.690661 -27.055882 10
35.563702 -9.684761 -26.420382 8
36.313202 -10.193761 -26.773682 1
35.631702 -10.824061 -26.466082 5
35.098302 -11.070161 -25.702682 11
34.235902 -10.737461 -25.779082 3
33.833502 -11.026361 -24.977382 9
33.757402 -11.609161 -24.201982 15
33.889202 -11.824661 -23.245982 12
33.653902 -12.782761 -23.283682 4
32.947302 -12.425561 -23.827382 10
32.325302 -12.886061 -23.215382 8
31.754302 -12.446161 -23.959482 1
31.906402 -11.918961 -24.731982 3
32.712702 -12.412461 -24.949582 3
32.782802 -13.379461 -24.891582 14
32.035702 -13.313661 -25.440582 3
32.462402 -13.119361 -26.340182 3
32.813002 -14.032261 -26.237782 1
32.208302 -13.956161 -27.005782 3
32.902202 -14.272161 -27.673782 6
33.766902 -14.406861 -27.996182 3
33.920802 -14.473961 -28.887582 9
33.190402 -14.028161 -29.439382 6
32.249002 -13.819161 -29.646282 6
32.737002 -13.202561 -30.086182 3
32.602102 -12.304561 -29.835382 3
31.762202 -11.916561 -29.630482 4
31.435302 -11.415161 -30.369982 9
31.449402 -10.472861 -30.813082 3
31.088302 -9.550961 -30.763882 6
30.560602 -9.722061 -31.602882 6
30.453702 -10.631961 -31.111082 9
29.984702 -10.064961 -30.434682 5
30.396902 -10.704261 -29.898282 13
29.624602 -11.275261 -30.071382 9
29.616502 -12.005261 -29.359582 3
28.952302 -12.667961 -29.066882 3
28.765802 -13.087761 -29.896982 5
28.230402 -12.511361 -30.443482 9
27.711102 -13.216661 -30.028782 5
26.975902 -12.697961 -29.660682 1
26.205302 -13.354161 -29.640982 1
25.262302 -13.567461 -29.590182 1
25.656102 -12.970861 -28.862282 1
25.768102 -12.096161 -29.290482 1
25.849102 -12.437761 -30.202482 10
26.159202 -12.791661 -31.030482 13
26.013002 -12.354061 -31.806082 3
25.468402 -13.176061 -31.722882 3
24.895702 -13.292761 -32.511082 8
24.100502 -13.741261 -32.082782 8
24.515702 -14.636961 -31.911982 3
23.868802 -14.851461 -31.215082 3
24.743202 -14.993661 -30.883782 6
25.253502 -15.333761 -30.136082 15
25.644402 -15.951761 -29.480882 3
25.645902 -16.607261 -28.730782 9
26.478802 -17.108661 -28.961682 4
27.206302 -16.375861 -29.062682 6
27.189302 -15.423661 -28.792682 8
27.766802 -14.999461 -28.002182 4
27.646902 -14.053361 -28.179382 3
28.553902 -13.746861 -28.151882 5
29.076802 -12.859361 -28.061582 3
29.913602 -12.466561 -27.773182 3
30.337702 -11.913761 -28.443282 3
30.978502 -11.551961 -29.084982 9
31.528102 -10.864261 -29.548782 13
32.417302 -10.850061 -29.942782 4
33.047902 -11.512261 -30.189182 3
32.516102 -11.869161 -30.935282 3
31.593402 -12.215361 -30.913982 9
30.718802 -12.703161 -30.837082 14
30.922702 -12.381961 -31.785882 9
30.595202 -13.269461 -31.945082 9
30.846902 -14.099761 -32.363282 13
31.770302 -13.879361 -32.433782 9
32.376702 -14.602561 -32.155682 1
32.077902 -15.211961 -31.422982 5
32.760102 -14.955161 -30.869482 1
32.224802 -15.415361 -30.173182 6
32.083102 -15.306761 -29.228782 10
32.362802 -14.585161 -28.565782 6
31.909202 -13.893861 -28.119682 1
32.096702 -12.942261 -27.767882 6
31.765202 -12.531661 -26.951982 3
30.986102 -12.459961 -26.363082 3
30.380902 -13.159361 -26.257882 3
30.554302 -14.049161 -25.828782 10
30.411002 -14.010461 -26.870682 3
31.215202 -14.122361 -27.339682 3
30.915902 -14.887861 -27.859482 6
30.999502 -15.286261 -28.757782 15
30.380402 -16.005761 -28.774782 1
29.989802 -16.130261 -29.673082 6
29.108502 -16.264161 -30.062082 3
28.664202 -15.476561 -29.629282 3
28.124802 -14.713761 -30.010082 5
27.983802 -14.838561 -30.925982 5
28.207902 -15.532461 -31.564482 13
27.397002 -15.087561 -31.842382 8
27.311602 -14.453961 -32.552282 11
28.303802 -14.303461 -32.431182 10
27.865602 -13.910961 -31.671882 3
27.336302 -13.445661 -31.045982 5
27.797202 -12.560461 -31.261282 9
27.214602 -11.987561 -30.765182 6
27.814602 -11.313161 -31.029682 3
28.635302 -11.232961 -30.521082 9
28.835802 -10.525461 -29.969582 1
28.041702 -9.932161 -29.863482 1
27.726702 -9.890461 -28.942282 4
28.026902 -9.765261 -27.964982 4
28.555002 -9.731361 -27.154482 9
29.328102 -10.388761 -26.962482 3
30.175702 -10.586161 -26.639382 3
30.953502 -10.868661 -27.119982 3
30.703502 -9.890961 -27.115182 8
30.322102 -9.039561 -27.197582 9
30.097302 -8.852761 -28.127782 1
29.751302 -9.566861 -28.755082 1
29.140402 -10.201161 -28.558982 1
29.875402 -10.895261 -28.533782 3
30.750102 -10.988861 -28.130582 3
31.709002 -10.727161 -28.433382 15
31.779502 -11.204261 -27.691282 3
31.872802 -11.988061 -28.248382 9
31.114002 -12.622461 -28.313682 3
31.770002 -12.857961 -28.973182 6
31.018502 -12.679461 -29.504582 3
30.191302 -12.706761 -29.952282 3
29.533802 -12.144861 -30.461582 9
29.785002 -12.393061 -31.380082 9
29.037602 -13.012561 -31.329582 5
29.714402 -13.652761 -31.081582 6
30.123202 -14.402661 -30.676382 10
29.469302 -15.094961 -30.382882 9
29.191102 -14.204061 -30.059782 5
29.920902 -13.975961 -29.497982 3
30.728302 -14.427861 -29.551382 13
30.650602 -13.930061 -28.786082 3
30.153902 -13.628661 -27.980582 3
29.734002 -14.450461 -28.396182 1
29.138602 -14.904761 -27.857182 6
29.252602 -14.351461 -27.053082 3
28.584602 -13.696361 -26.764382 3
27.862902 -13.055161 -26.736982 10
27.062002 -12.513261 -26.827382 6
26.116802 -12.701761 -26.818382 6
26.588702 -13.067861 -27.577882 1
26.211502 -13.888561 -27.926082 3
26.729002 -14.540861 -28.474782 13
27.469102 -14.572561 -29.208782 5
27.251802 -13.669661 -29.219482 5
27.939502 -12.981261 -28.781382 9
27.649202 -12.106561 -28.813482 11
27.636202 -11.146361 -29.113082 4
28.471002 -11.510261 -29.042582 3
28.513102 -10.993261 -28.243382 8
28.843202 -11.243561 -27.355182 3
27.850302 -11.286761 -27.397782 4
28.249302 -12.152861 -27.361782 12
29.173702 -12.160561 -27.229882 3
30.060302 -12.339161 -26.760482 3
29.299202 -12.594661 -26.215182 3
28.670702 -13.240961 -25.661882 6
28.997002 -14.112361 -25.808582 13
28.904802 -15.143261 -25.942282 14
28.039102 -14.753161 -26.190782 4
27.534502 -13.970161 -25.929882 3
26.614102 -13.632361 -26.059182 6
25.741102 -13.828161 -25.568682 10
24.831702 -13.881661 -25.233082 1
24.306802 -14.727561 -25.180282 4
24.320402 -15.049961 -24.278982 9
25.197802 -14.910061 -24.703082 1
25.607502 -14.065861 -24.535482 3
26.625302 -14.023061 -24.483582 9
26.850202 -13.129061 -24.878982 6
27.782102 -13.278761 -24.668282 6
27.748102 -14.219761 -24.831482 9
28.512002 -14.754661 -25.142782 1
27.935102 -15.413061 -24.790282 3
27.898202 -15.878261 -25.702482 1
28.858402 -16.076461 -25.465082 8
29.732802 -15.835961 -25.697782 5
30.604902 -15.466861 -26.070282 10
31.363102 -15.194061 -26.645382 1
31.489902 -14.714461 -25.841982 3
31.181102 -14.324661 -25.045082 15
31.368102 -13.464961 -24.651882 9
31.033102 -12.890161 -25.411982 3
30.186502 -13.055961 -24.944582 13
30.737802 -12.402761 -24.589082 3
30.259902 -11.623161 -24.716982 3
30.366102 -11.320161 -23.768182 5
30.759402 -10.539561 -23.203982 8
30.057802 -10.418261 -22.462882 1
29.584802 -10.149061 -23.224382 5
30.219602 -9.426061 -23.406782 3
31.184102 -9.521861 -23.139282 9
31.588202 -9.274561 -24.068182 3
31.347302 -8.615461 -24.736682 6
30.900202 -7.839161 -24.486982 3
30.777402 -8.094461 -25.400882 9
29.839702 -7.740061 -25.206382 13
29.606902 -8.552561 -25.651682 9
28.712902 -8.961361 -25.515182 3
28.710602 -7.956861 -25.605182 13
29.058302 -7.890061 -26.523082 9
28.216602 -7.505361 -26.330982 13
28.159902 -8.486561 -26.426682 11
27.870102 -9.352461 -25.961982 3
27.210602 -9.249461 -25.164582 10
27.527302 -10.146661 -25.238382 6
27.705002 -9.734661 -24.369782 15
27.858002 -10.456361 -23.663382 5
27.556802 -11.213661 -24.228282 6
26.906202 -10.672461 -23.558282 5
26.697802 -11.589061 -23.576082 3
26.864702 -12.267461 -24.185782 8
27.324402 -12.130961 -25.011982 6
28.304202 -12.278061 -25.264282 6
29.109202 -11.713961 -25.292582 3
28.719502 -11.537161 -24.459182 6
29.100902 -10.819061 -23.919582 5
29.449002 -10.854161 -24.841282 4
30.117202 -11.102661 -25.597182 3
30.538602 -11.520561 -26.410482 3
31.498902 -11.488261 -26.498282 3
32.479002 -11.273661 -26.557782 1
32.690602 -10.568761 -25.956482 1
32.063502 -11.154961 -25.576982 3
32.737402 -10.733361 -24.954282 1
32.738102 -10.929061 -23.961382 1
31.817802 -10.950061 -24.017882 1
31.217802 -10.795061 -24.820782 3
31.880902 -10.172761 -25.180882 3
32.533402 -9.803961 -24.403182 1
32.479202 -8.889061 -24.402682 4
32.445602 -8.250061 -25.096382 10
32.062002 -7.798561 -24.325382 1
32.530202 -8.035061 -23.530082 10
33.224002 -7.687061 -24.118082 3
33.218102 -7.450261 -25.056382 4
33.174902 -7.698561 -25.990882 9
33.103602 -8.637761 -26.181082 12
33.216002 -9.401761 -26.842382 4
33.264702 -9.671761 -27.777782 5
32.558502 -10.138061 -27.299282 10
31.827502 -10.125461 -26.603082 3
31.428202 -9.567261 -25.940382 3
31.168502 -8.768461 -26.275982 9
30.329502 -9.161161 -26.114682 9
29.793002 -9.817661 -25.541082 11
28.880602 -9.952261 -25.812682 5
28.261502 -10.717461 -26.082282 14
28.305702 -11.574661 -26.486582 3
27.538702 -11.888061 -26.038182 6
27.264502 -10.954761 -26.167682 6
27.273002 -10.024461 -26.563982 8
27.032602 -9.770061 -27.443582 4
26.644402 -8.901161 -27.299082 4
27.627002 -8.940761 -27.225182 1
28.432702 -8.602261 -27.697382 3
29.071202 -7.957861 -28.071982 10
29.557002 -8.306961 -27.298782 9
30.029002 -7.572561 -27.614782 6
29.761102 -6.966461 -28.331782 10
29.120902 -6.434061 -27.706882 10
28.742902 -6.576061 -26.829382 13
28.450502 -6.562561 -25.879782 13
28.478602 -6.162561 -25.049682 10
27.615302 -6.255661 -25.484282 13
27.494002 -5.529061 -24.779582 3
26.589302 -5.610561 -24.429482 4
26.466302 -6.538061 -24.246182 1
26.748902 -7.077161 -25.051082 13
26.707402 -8.010661 -25.074882 10
26.970102 -7.474061 -25.946782 13
27.144802 -8.296261 -26.485582 1
27.086002 -7.534261 -27.060482 13
26.759002 -8.033761 -27.876782 4
26.087302 -8.642061 -28.344782 4
25.423902 -9.240461 -28.810382 3
25.426702 -9.708961 -29.728282 6
25.841102 -10.444861 -29.215382 5
26.445002 -9.872161 -28.620882 4
26.878702 -10.053361 -29.442082 5
26.702302 -9.109661 -29.308082 4
26.713802 -8.830461 -30.210582 3
27.585202 -8.373161 -30.187882 11
27.644102 -8.705861 -29.268582 4
27.770102 -8.018961 -28.580882 4
28.536102 -8.582161 -28.740782 8
29.212502 -7.992561 -29.136882 10
28.659202 -7.485561 -29.870882 6
29.374902 -6.909461 -29.581382 10
30.063502 -6.751661 -30.248382 4
30.779002 -6.197261 -29.886182 9
30.240802 -6.408461 -29.116182 10
30.914002 -5.833961 -28.724782 10
31.429202 -5.318861 -28.086082 11
31.210202 -5.741261 -27.211682 11
30.601002 -6.482261 -27.300582 10
30.170102 -5.951061 -26.656982 5
30.234502 -6.371161 -25.787182 13
29.510902 -6.148061 -25.125482 13
29.388402 -5.764861 -24.188782 5
28.692002 -6.278361 -23.731082 10
28.095702 -6.681561 -24.334582 13
27.784502 -5.934761 -23.859182 6
27.228802 -6.242161 -23.073782 10
27.194802 -5.327861 -22.819682 6
27.562702 -4.804761 -23.524882 3
26.647002 -4.657661 -23.762282 1
25.871502 -4.243461 -24.197682 1
25.379402 -3.588161 -24.758182 4
26.215502 -3.066861 -24.971382 1
26.596702 -2.146061 -25.247982 1
27.083702 -1.542661 -25.784182 15
27.208802 -1.179661 -26.689082 13
26.401102 -1.651461 -26.845982 9
25.722402 -2.259961 -27.087882 8
24.813602 -1.924261 -27.099382 9
24.339902 -2.571561 -27.663382 4
24.467202 -3.541961 -27.800682 1
24.204702 -4.493061 -27.749082 6
24.847402 -5.090161 -28.154182 10
25.656902 -5.585661 -28.504882 4
25.169102 -5.045161 -29.107882 3
24.918102 -5.924061 -29.131182 12
25.341202 -6.601061 -28.583682 4
25.475802 -7.102961 -29.368082 4
24.855802 -7.389261 -30.029682 5
24.941302 -7.048861 -30.946382 3
25.163202 -7.406561 -31.840482 11
26.014702 -7.409261 -31.397982 4
25.962302 -6.558561 -31.028882 13
26.566402 -6.393361 -30.273782 4
27.201602 -5.786661 -30.702882 3
27.874202 -6.036061 -31.347982 10
28.489002 -6.285661 -30.532382 15
28.469802 -6.321061 -29.523782 10
27.584102 -6.005461 -29.664882 13
26.832902 -5.426961 -29.599782 4
26.424402 -4.647161 -29.993682 1
26.310102 -4.092961 -29.225282 2
26.720902 -3.321161 -28.725582 13
26.939202 -2.748061 -29.610782 1
27.149102 -2.322261 -28.692382 1
26.321202 -1.803461 -28.504782 3
25.912502 -1.431261 -29.270182 10
25.896902 -1.532561 -30.270582 1
25.763802 -2.354461 -29.627482 10
25.061902 -2.661961 -30.211682 1
24.583802 -3.193761 -29.611882 9
24.314602 -2.694161 -28.843182 4
23.500302 -2.330361 -28.465482 6
23.423302 -1.425161 -28.126682 1
23.761602 -0.817261 -27.545582 6
23.888602 -1.326461 -26.687582 1
23.675102 -2.110661 -26.234882 4
24.366102 -2.506761 -25.748182 10
25.279502 -2.364961 -25.908482 1
25.731002 -3.095561 -26.262882 5
26.518502 -3.666461 -26.113582 3
27.143402 -4.373761 -26.015082 4
27.864902 -4.263361 -25.352582 10
28.451502 -4.990461 -25.501682 13
28.760502 -4.809061 -26.451982 13
29.705202 -4.699861 -26.787282 11
29.596802 -4.355361 -25.885382 8
29.628002 -5.145661 -25.342982 13
30.135202 -4.536661 -24.708182 10
30.294902 -4.157261 -23.823582 8
30.502802 -3.277461 -24.044882 10
30.750702 -2.491361 -23.594882 4
29.801702 -2.348661 -23.854182 5
29.950202 -1.825761 -24.640382 4
29.253302 -1.111861 -24.613082 15
29.147302 -0.172661 -24.593982 13
28.893402 -0.375661 -25.482982 3
28.815502 -1.097361 -26.069182 4
28.855802 -2.059661 -26.444282 1
28.740402 -1.505061 -27.252982 6
28.516702 -1.292561 -28.193082 4
29.448602 -1.312361 -27.956182 4
29.532502 -2.252261 -27.665082 5
29.961402 -3.075661 -27.753882 9
30.249002 -3.897961 -27.360582 11
29.931802 -4.157461 -28.245282 6
30.703602 -4.598561 -28.551882 11
30.063102 -5.112961 -28.951882 10
30.404702 -4.682561 -29.730582 12
29.552302 -4.307861 -29.418382 3
29.019502 -4.515561 -28.632282 8
28.996902 -5.290561 -28.081982 10
28.791802 -5.559461 -27.168482 13
27.957402 -5.018961 -27.404882 6
27.901402 -5.941661 -27.442982 13
28.154102 -6.172861 -28.375982 10
27.538802 -5.395661 -28.695382 1
27.142502 -4.769061 -28.071982 5
26.724902 -5.635161 -28.134682 9
26.229802 -6.456661 -28.072382 4
27.094402 -6.661461 -27.640982 13
26.964002 -7.041761 -28.529282 4
27.692002 -7.026961 -29.091882 10
26.871902 -7.161661 -29.700582 4
26.114002 -7.612861 -29.951682 1
25.661702 -8.163061 -29.257982 4
24.854302 -8.413861 -29.605882 1
24.595902 -7.746161 -28.941982 3
25.055402 -8.198461 -28.248582 4
24.972902 -9.033161 -27.770482 4
24.526002 -9.745961 -27.369082 1
23.669302 -10.111861 -27.706382 10
23.268302 -9.268561 -27.878582 1
22.388902 -9.426461 -28.377082 1
22.457402 -8.845861 -29.095182 3
23.336402 -8.362061 -29.143782 10
23.020102 -7.891461 -28.336382 1
22.417002 -7.264461 -27.841282 15
23.013302 -7.274061 -27.127182 4
22.683002 -7.102461 -26.194582 3
23.207502 -7.665461 -25.661082 11
23.559402 -8.561261 -25.674782 5
23.923302 -9.267261 -25.139982 10
23.103502 -9.765061 -25.006182 11
23.842902 -10.435961 -25.187382 10
23.511702 -9.881861 -25.947782 4
22.556902 -9.965861 -26.078182 9
22.650202 -10.886861 -26.345582 1
23.626802 -11.072961 -26.597582 13
24.467902 -10.722161 -26.321582 10
24.569102 -11.738461 -26.569082 6
25.435202 -11.589761 -26.888482 6
26.298302 -11.482261 -27.391982 13
26.339102 -10.597561 -27.684382 4
25.960602 -10.707161 -26.805882 8
26.011702 -10.724561 -25.811582 6
25.871602 -9.770561 -25.717482 10
26.375902 -8.979561 -26.083382 10
25.674702 -9.150961 -26.688182 4
25.273402 -8.846761 -25.846782 10
25.409902 -7.864061 -25.594282 13
25.048002 -7.830161 -26.493482 4
24.251602 -8.325661 -26.836582 12
23.552902 -9.035661 -26.869682 3
22.623902 -8.843661 -26.546982 6
22.527002 -8.548961 -27.445182 4
21.564502 -8.272861 -27.400982 13
20.711102 -7.818361 -27.562782 8
20.091802 -7.673061 -28.306482 1
19.832302 -8.368361 -28.946382 1
20.116302 -7.634361 -29.522082 13
19.845802 -6.867161 -28.930482 1
20.458902 -6.301061 -28.434082 5
21.382802 -6.438161 -28.662282 10
22.299802 -6.541961 -28.682282 9
23.073802 -6.073161 -28.892082 13
23.485402 -5.971061 -28.020782 1
24.218602 -6.200861 -27.431382 4
24.202002 -7.050761 -27.853282 3
25.075802 -7.332161 -27.591382 4
25.979602 -7.111861 -27.252182 4
26.287102 -6.735861 -26.428482 10
26.825902 -5.981161 -26.292882 13
25.983202 -5.722061 -26.751782 4
25.312302 -5.094161 -27.040782 4
25.458502 -4.221661 -27.499282 10
25.283102 -4.157161 -26.479782 9
24.818402 -3.952861 -25.629882 10
24.314002 -4.798661 -25.534882 9
24.073402 -5.451361 -26.149182 13
23.520902 -6.216061 -25.821182 4
24.024102 -6.719261 -25.141582 6
23.486702 -7.338061 -24.649882 15
24.112002 -6.798761 -24.069282 3
24.818902 -6.246861 -24.488282 6
25.084602 -7.267561 -24.562282 11
25.440202 -8.221261 -24.416482 10
26.210502 -8.524061 -24.011182 10
26.963102 -8.001261 -23.697882 3
27.382702 -7.413061 -24.262582 13
28.220902 -7.814661 -24.449182 13
28.455202 -8.803361 -24.253482 5
28.883602 -8.250161 -23.647982 1
29.296102 -8.528861 -22.771582 8
28.679902 -9.231261 -22.786682 5
27.999302 -9.316561 -22.053282 10
27.404902 -9.611361 -21.337882 4
27.841102 -10.352861 -20.868382 4
28.118202 -10.425861 -21.754582 5
28.846002 -10.564961 -21.158882 4
29.664102 -10.062661 -21.037582 10
30.490602 -9.654461 -20.740482 9
29.823602 -9.210761 -20.211282 7
29.465402 -8.815061 -20.992082 4
30.429802 -8.521761 -21.089182 6
30.621402 -8.194161 -20.154682 12
31.162602 -7.424361 -20.178182 10
31.245402 -7.695061 -21.155982 1
30.710102 -7.046461 -21.628182 1
29.773602 -6.852761 -21.433382 1
29.903902 -5.962961 -21.135682 3
29.146302 -5.585761 -20.481882 1
29.242102 -4.734261 -20.943482 4
28.527302 -4.071661 -21.128782 10
27.571002 -4.010861 -21.506682 4
27.399102 -3.870461 -20.564382 1
26.719602 -4.436461 -20.004782 10
26.131002 -4.996361 -19.378482 6
25.526502 -5.754361 -19.081182 3
25.066902 -6.410361 -18.543382 14
24.934102 -7.382361 -18.457582 4
24.546302 -8.252461 -18.847582 10
25.322502 -8.684661 -19.345282 13
25.461802 -8.525661 -18.326582 10
25.323902 -9.420061 -17.818382 10
26.283502 -9.414461 -17.859382 11
26.194002 -9.310961 -18.786682 13
25.847402 -9.507461 -19.679282 13
26.694502 -9.972761 -19.715482 4
26.887602 -10.258961 -20.579982 4
25.972402 -9.989561 -20.871482 8
25.051002 -10.148961 -20.981582 13
25.431902 -11.015861 -21.288482 11
26.274902 -11.351161 -20.885682 4
26.017502 -11.778461 -21.613282 6
26.468802 -12.700761 -21.854782 15
26.921302 -11.852461 -22.171782 4
26.416502 -11.086661 -22.517282 5
26.037702 -10.431561 -21.909382 4
25.298202 -9.873261 -22.059282 13
25.317602 -9.227561 -22.755282 10
26.205402 -9.677161 -22.932082 9
26.920902 -9.894261 -22.286882 4
27.605402 -9.813261 -23.000882 5
27.242602 -9.215561 -23.646982 9
26.323802 -9.515561 -24.055182 10
26.337402 -10.221061 -24.620182 6
25.447602 -9.760861 -24.780282 10
24.932002 -9.003961 -24.931282 10
24.533702 -8.181961 -24.963482 7
24.222002 -8.661961 -24.199682 10
23.287002 -8.421061 -23.902982 4
22.684102 -8.487461 -23.152282 8
23.051702 -7.731861 -22.669882 4
23.307302 -6.768661 -22.841582 1
24.288102 -6.677561 -22.801382 13
25.132002 -7.074461 -22.838482 10
25.668902 -6.455061 -23.382582 3
26.001502 -7.301061 -23.571582 5
26.525802 -7.449561 -22.763482 1
26.344902 -8.098561 -22.156682 1
26.974402 -8.829561 -21.937782 1
26.200802 -9.101961 -21.324082 13
25.742902 -8.494461 -20.753882 13
26.554902 -9.078861 -20.408482 4
26.659302 -8.129961 -20.437382 10
27.356802 -7.880361 -21.098682 3
28.115202 -8.410561 -20.756282 4
28.082802 -7.842161 -20.035282 6
27.787602 -6.963861 -19.771082 6
28.006602 -6.834161 -18.834182 14
28.483402 -6.636261 -17.956682 13
28.888402 -7.556161 -18.056482 4
28.404802 -8.391061 -18.006882 11
28.346002 -8.384461 -19.033582 10
27.477802 -8.657761 -19.293982 12
27.513302 -9.613261 -19.159882 4
28.276602 -9.480661 -18.601782 11
29.060702 -9.303261 -19.231582 10
28.613702 -9.066061 -20.003782 4
28.542602 -10.031261 -20.158282 4
29.299902 -10.753461 -20.273582 15
29.506602 -11.355261 -21.050682 10
29.793502 -11.583361 -21.947582 5
30.467402 -12.192861 -22.318682 1
30.984702 -12.973861 -22.412782 10
30.542802 -13.821861 -22.782882 3
29.516702 -13.916961 -22.810482 5
28.886602 -14.704761 -22.976082 10
27.847402 -14.942961 -22.914682 9
27.343702 -14.230061 -23.288182 1
27.342302 -14.173561 -22.343582 5
26.369202 -13.970661 -22.627282 4
25.687902 -13.329561 -22.680682 15
25.410102 -12.943861 -23.547582 10
25.035802 -12.092761 -23.238382 9
24.551802 -11.394361 -22.731282 4
24.592702 -10.845561 -21.907082 13
24.274902 -10.796161 -20.960982 13
23.882902 -11.717261 -20.810482 10
22.950002 -11.420361 -20.600682 6
23.317502 -10.698961 -20.143282 13
23.076902 -9.750061 -20.397782 1
23.285802 -10.122261 -21.266082 13
22.408402 -10.296661 -21.704382 4
21.482902 -10.279061 -22.004482 4
21.600202 -9.486761 -22.548782 1
21.920802 -8.631761 -22.135682 9
21.508802 -7.870761 -22.578682 11
21.476802 -8.183861 -23.448782 8
20.880602 -8.610361 -22.851082 13
20.054002 -8.929861 -23.232582 8
19.452102 -9.530061 -22.921382 3
19.467202 -10.454061 -22.713982 6
20.231502 -11.030961 -22.665782 10
21.220802 -11.271661 -22.936982 4
21.496102 -11.531461 -22.061682 4
21.852802 -12.317861 -21.760282 4
21.894602 -13.255261 -21.518882 10
20.948602 -13.141261 -21.294682 10
20.314002 -12.807761 -21.968282 4
19.256302 -12.900061 -21.732482 7
19.141202 -12.048761 -21.245282 5
19.098502 -11.275461 -21.902282 12
18.234802 -11.520861 -22.311282 1
17.954002 -11.898561 -23.116082 10
18.384502 -11.437261 -23.790082 1
17.560602 -11.387761 -24.236482 10
17.185202 -10.632161 -23.678382 10
17.069202 -10.189261 -24.593782 13
16.443702 -9.433161 -24.415282 6
16.084002 -9.736561 -23.611582 4
15.965002 -9.858661 -22.692082 6
15.854302 -10.229861 -21.789282 1
15.310902 -10.741061 -21.141582 1
16.158902 -11.180761 -21.002882 4
15.990002 -11.945061 -20.561182 10
15.792902 -12.797561 -21.059582 1
15.705002 -13.706761 -20.877982 5
16.322802 -14.446961 -21.158882 4
16.407702 -15.377561 -20.737182 15
17.305602 -15.261361 -20.447882 5
17.091302 -16.021861 -19.955882 14
17.461502 -16.380061 -20.770182 13
16.775802 -16.154661 -21.393482 3
16.537602 -16.490561 -22.207682 4
17.106802 -17.187761 -22.237282 13
17.739802 -16.578061 -21.868582 15
18.286002 -16.982261 -22.615982 10
18.770002 -16.167961 -22.846882 10
19.051902 -15.290761 -22.354882 13
18.113102 -15.181261 -22.585982 4
18.189702 -14.285361 -22.937482 10
18.908002 -13.649261 -23.115182 7
18.779802 -13.289761 -23.964082 3
19.454602 -12.766161 -24.476082 6
19.844002 -13.464961 -23.879882 9
20.259302 -12.926061 -23.218582 4
20.914302 -13.608061 -23.275182 13
21.509502 -13.567761 -22.511482 4
22.241802 -12.964961 -22.762882 4
22.616202 -13.766261 -22.535782 1
22.268802 -14.252561 -21.807682 10
21.535202 -14.828561 -22.084882 10
20.993502 -15.255061 -21.471682 10
20.498002 -15.126161 -22.332882 4
19.983502 -15.496961 -21.605882 1
20.105202 -15.007261 -20.723482 11
20.967202 -15.014461 -20.364782 10
20.463902 -15.772261 -20.083482 8
21.154002 -16.152061 -20.668382 4
21.963202 -16.006961 -21.201882 5
22.873402 -15.638961 -21.027682 10
22.602402 -15.219761 -21.865182 10
23.221802 -15.862461 -22.191382 7
23.922802 -15.618361 -22.779982 4
23.649002 -15.079761 -23.537982 9
23.099102 -14.821161 -24.343382 9
22.910902 -15.430561 -25.075482 13
22.606102 -14.467061 -25.296782 13
22.508202 -14.787361 -26.207482 11
21.942902 -15.593661 -26.050082 8
21.892002 -15.351761 -25.146782 6
21.873002 -16.298061 -24.953082 5
21.013302 -16.795561 -24.874582 10
20.108502 -17.150961 -25.107882 1
19.328802 -16.866561 -25.501182 5
18.754102 -16.157161 -25.811882 1
18.935802 -15.237561 -26.126982 1
19.512202 -15.094961 -26.974782 1
20.387802 -15.154061 -27.345782 10
20.325602 -14.146061 -27.421382 4
20.731502 -13.620161 -26.700082 13
21.284602 -13.599261 -25.825382 3
21.610802 -12.878961 -26.456782 1
22.483102 -13.210861 -26.480882 4
23.195202 -12.828061 -27.103082 10
23.912102 -12.584261 -26.490382 4
24.655202 -12.823161 -25.992382 13
25.555302 -12.363761 -25.984282 6
25.951002 -11.799361 -25.287582 6
25.062802 -11.408061 -25.242882 4
24.808202 -10.676461 -24.744582 10
25.513102 -10.701261 -24.036382 13
24.923002 -10.186761 -23.425882 10
24.236202 -10.118261 -22.749882 13
24.302902 -9.284261 -23.247282 10
24.287902 -8.947661 -22.365682 13
24.826702 -8.381161 -22.814082 4
25.385802 -8.356461 -21.904582 7
24.714602 -8.759161 -21.375282 13
23.943702 -8.964861 -20.839682 13
23.428602 -8.379861 -21.432782 6
23.228702 -9.157861 -22.028582 10
22.983002 -9.978661 -22.460582 4
23.315102 -9.878661 -23.296182 6
23.646302 -10.510561 -23.953582 10
22.777902 -10.284861 -24.156682 15
22.196402 -11.079261 -23.876482 4
21.884002 -11.949461 -24.227282 10
21.772302 -12.670561 -23.640082 4
22.021502 -13.501261 -24.089782 5
23.000002 -13.432461 -24.421282 9
23.530602 -13.056961 -23.731382 9
23.084802 -12.256961 -23.726382 4
23.051202 -11.321361 -23.432182 4
23.176702 -11.288461 -22.546282 4
22.535402 -11.501361 -21.838882 4
22.837702 -12.266061 -21.346082 10
22.606902 -12.797461 -20.607282 10
21.947502 -12.133461 -20.705582 11
21.145902 -12.088261 -20.132582 10
20.202102 -11.882661 -20.337282 1
20.193302 -12.789061 -20.065282 3
20.604902 -13.677661 -20.434882 10
20.827902 -14.176661 -19.689682 1
21.670202 -14.236961 -20.119682 10
22.301102 -13.865261 -20.742782 10
22.638402 -14.486161 -20.119382 10
22.452502 -15.472561 -19.915182 12
21.865102 -16.127461 -19.513482 7
21.944002 -17.034661 -19.824782 11
22.334502 -17.777061 -20.304482 1
21.480602 -18.058561 -20.401682 5
21.381602 -19.021561 -20.109082 4
21.189702 -19.969061 -19.868082 3
21.353902 -20.862061 -20.147982 1
22.052502 -20.306561 -20.430382 7
22.379902 -20.876761 -19.704982 4
23.047002 -21.578961 -19.759982 4
23.763802 -22.044461 -20.174782 13
23.581902 -22.987761 -20.174782 10
24.173502 -23.644061 -20.702182 7
23.338402 -23.391261 -21.201482 7
22.554902 -23.059061 -21.677582 8
22.229902 -23.542361 -20.862282 10
21.474702 -23.371761 -21.406782 13
21.187502 -23.126461 -20.505282 4
20.668602 -22.969161 -19.736082 12
20.102002 -23.253061 -18.962982 9
20.086802 -22.960361 -18.058782 1
19.471002 -22.780361 -17.337882 10
19.365002 -23.726161 -17.255982 5
18.874202 -23.539661 -16.388182 10
19.261402 -22.749661 -15.877582 6
20.138402 -22.348261 -15.686882 4
19.827202 -21.801361 -14.902182 1
19.855502 -22.723761 -14.636582 9
19.843702 -23.656461 -14.493182 7
18.847102 -23.782261 -14.779782 13
18.521702 -24.336361 -14.113782 1
19.155502 -24.853261 -13.611282 10
19.891802 -25.366261 -13.263582 4
19.343602 -25.559461 -12.439582 11
19.908602 -24.825261 -12.009782 15
20.839302 -24.869661 -11.626582 10
20.896002 -24.021861 -11.038282 4
20.560102 -23.511961 -11.728782 5
20.816702 -22.772961 -12.416382 10
21.767902 -22.644261 -12.311182 3
21.528102 -22.098161 -13.098682 4
21.374002 -21.244061 -13.410182 13
20.588702 -21.705061 -13.123782 13
20.318802 -20.748261 -13.022882 15
19.392102 -20.982361 -13.188282 11
18.490502 -21.191561 -12.956582 13
18.081102 -21.221361 -13.828782 4
17.377002 -21.898861 -13.630982 10
16.536302 -22.071361 -13.056582 1
16.404202 -21.588661 -12.267182 10
16.883302 -20.836761 -11.767882 3
17.031102 -20.025261 -12.243482 10
16.681102 -20.131561 -13.146882 4
17.363902 -19.436461 -13.499482 8
17.825602 -18.580461 -13.351882 10
18.509402 -18.411861 -13.953482 4
19.211602 -18.238961 -14.510882 1
20.110702 -18.266461 -14.849182 4
20.111302 -17.514561 -14.264882 1
19.190002 -17.265461 -14.045482 1
18.580102 -16.862061 -14.716282 10
18.659102 -15.935561 -14.465782 4
18.304702 -15.070061 -14.567082 7
17.761502 -15.404861 -15.275182 4
18.458602 -15.109261 -15.787482 5
19.396702 -15.284261 -16.012882 4
19.470002 -14.571161 -15.258282 9
20.404302 -14.743961 -15.133782 4
20.866402 -14.904061 -16.013982 10
21.772702 -14.398761 -16.115082 10
22.120702 -13.835261 -16.788382 5
22.915402 -13.513461 -17.240382 7
22.913302 -12.809061 -17.862982 7
22.463102 -13.424861 -18.593882 10
21.879502 -13.153961 -17.814582 6
21.635602 -12.464161 -18.495682 6
21.839102 -12.499861 -19.411882 10
21.415502 -13.356661 -19.240182 10
20.776002 -13.194361 -18.459882 4
20.335002 -12.691861 -17.825982 9
20.345802 -11.858961 -17.377882 1
20.146902 -10.871961 -17.472782 1
19.347202 -10.288261 -17.277682 10
19.885202 -9.665061 -17.756482 13
20.166902 -10.356561 -18.397282 1
21.095302 -10.600361 -18.539182 1
21.465002 -9.900061 -17.993182 1
22.113502 -9.734161 -18.700682 3
22.595602 -8.832861 -18.827982 4
23.560302 -8.667561 -18.824582 10
23.907902 -8.387061 -19.694682 7
24.323002 -9.207061 -19.490982 13
24.100002 -10.118161 -19.206482 13
24.171402 -9.981061 -18.284582 10
24.617402 -10.807661 -18.363382 4
24.711402 -11.394661 -17.602182 7
25.152302 -10.619861 -17.133782 10
25.824402 -11.118961 -17.587582 11
26.034002 -10.387861 -18.285182 13
26.921302 -10.010761 -18.379182 11
26.950802 -10.882761 -18.803482 4
27.533202 -11.570261 -18.479982 8
28.308302 -11.184361 -18.113882 8
28.455202 -11.092161 -19.110982 4
29.172302 -11.801461 -19.579282 10
29.353402 -12.448861 -20.287382 3
28.536602 -12.634961 -19.849882 4
28.620402 -13.322461 -20.458782 11
28.313002 -14.211361 -20.536682 4
28.272702 -14.147961 -21.476682 7
29.063702 -13.584361 -21.654782 10
28.885602 -13.137861 -22.470482 13
28.653802 -12.982961 -23.436682 6
29.009602 -12.060961 -23.581582 6
28.434102 -11.364461 -23.237982 5
28.516402 -11.308561 -22.271282 5
28.025902 -11.430061 -21.421882 4
28.493302 -12.146661 -20.996682 10
27.758002 -12.281061 -20.464682 1
27.334702 -11.347861 -20.571282 4
27.507702 -11.638761 -19.639882 4
27.015102 -12.441761 -19.127482 1
27.159102 -13.333161 -19.451682 5
26.223902 -13.432561 -19.731982 9
25.754602 -13.721061 -20.539982 15
24.925002 -14.112761 -20.873282 10
24.047102 -13.830261 -21.171482 10
24.315602 -14.599161 -21.714982 13
23.580702 -14.156261 -22.125582 10
23.795402 -13.696061 -22.923982 9
23.547302 -12.830861 -22.599982 15
24.121102 -12.875961 -21.916682 10
25.091202 -12.916561 -21.546382 15
24.883402 -12.817461 -20.625382 10
24.268502 -12.512261 -19.943582 10
23.561602 -12.003261 -19.630482 13
23.362202 -12.981561 -19.768182 10
23.222602 -13.709561 -20.406882 10
23.681002 -14.509861 -20.192182 10
24.327302 -15.217261 -20.223282 7
24.209602 -16.193461 -20.442682 4
24.778602 -16.862061 -20.682382 1
24.235602 -17.275561 -20.023982 7
24.932002 -16.704661 -19.582182 1
25.699402 -17.355361 -19.238582 10
25.029702 -18.007861 -19.528882 4
25.474702 -18.740461 -20.042182 7
25.858202 -19.289361 -20.729982 4
25.317602 -18.932761 -21.517282 3
26.032802 -18.355861 -21.646482 12
26.765302 -17.754961 -21.379582 12
26.542402 -16.813861 -21.548782 1
26.775602 -15.980861 -21.034182 7
26.643802 -15.431061 -20.255182 1
27.307902 -15.125861 -19.662382 14
27.379402 -15.005861 -18.630282 10
26.439202 -14.946861 -18.827982 4
25.527402 -15.367761 -18.698882 11
25.876002 -15.164061 -17.833882 7
25.574602 -15.667161 -17.043682 7
24.934502 -14.983561 -16.699082 4
24.688702 -15.323661 -15.824882 13
25.526102 -15.887561 -15.991582 9
25.593102 -16.559561 -16.657082 11
26.482502 -16.236461 -16.779282 10
27.199802 -16.377861 -17.386682 7
27.648502 -15.538361 -17.652782 6
27.692502 -15.124361 -16.699082 13
26.998502 -15.221661 -16.009682 10
26.581002 -14.365461 -15.713682 12
27.031002 -14.173161 -16.500582 12
27.909802 -13.883361 -16.728782 4
27.204102 -13.223961 -16.868382 12
26.749602 -13.724461 -17.759482 10
25.923302 -13.969261 -17.259182 12
25.019002 -13.604361 -17.476882 7
24.864802 -13.541961 -18.392882 7
25.165102 -13.351861 -19.264882 10
25.522102 -12.587861 -18.775582 7
25.919402 -11.737061 -19.215982 4
25.693302 -10.811761 -19.241782 4
25.101002 -10.228261 -19.871882 13
24.691702 -11.092861 -19.889182 14
24.593702 -11.760961 -19.228382 1
24.359802 -12.554861 -18.647482 7
24.020102 -13.386661 -19.060882 10
24.223002 -14.346461 -19.230682 10
24.378602 -14.741961 -18.346582 4
23.734602 -14.402561 -17.644782 7
23.183702 -15.216761 -17.618282 1
22.567502 -15.781161 -17.930882 7
22.384502 -15.257561 -18.709282 1
22.803702 -14.460561 -18.356782 10
22.072602 -14.407661 -19.141282 10
21.434502 -15.128461 -19.007482 3
21.523702 -15.385761 -18.059482 1
20.707402 -15.908361 -18.071482 1
20.596202 -16.859261 -17.607582 7
20.581602 -17.486861 -16.729382 4
20.385102 -17.285961 -15.835182 1
21.048502 -16.687661 -16.070182 7
20.570402 -15.893461 -15.695282 10
21.391902 -15.627261 -15.210882 11
21.351302 -16.569861 -15.003382 4
21.778702 -17.394861 -15.217482 15
22.564002 -16.869561 -15.181082 11
23.492902 -16.380861 -15.277282 12
23.030902 -15.985661 -14.461882 14
23.557902 -15.245561 -14.858182 10
23.117702 -14.799761 -15.572882 5
23.203202 -13.870761 -15.894382 9
23.755702 -13.503261 -16.553082 7
24.682202 -13.267861 -16.221982 1
24.322102 -12.728661 -16.892582 7
23.887202 -12.228061 -17.668382 7
23.225402 -11.582561 -17.367382 7
23.472002 -10.700361 -17.277982 9
23.614402 -10.079461 -16.541182 10
23.505902 -9.255461 -15.984082 12
23.809902 -8.946261 -16.904382 10
23.388102 -9.401861 -17.656782 10
22.474102 -9.766461 -17.463282 13
21.796902 -10.105761 -16.914582 15
21.124102 -10.393561 -16.274182 14
21.688402 -11.125461 -16.665982 10
22.217402 -11.935761 -16.663182 7
22.138302 -12.641961 -15.981682 10
22.252902 -13.416761 -15.342682 14
22.853702 -13.256561 -14.620082 10
23.097302 -12.449861 -14.238582 1
23.931502 -12.189861 -13.712082 1
23.576902 -12.878761 -13.069882 1
23.632602 -13.571361 -12.404582 4
23.071302 -14.432161 -12.517982 7
23.078502 -14.623261 -11.601182 12
22.203402 -14.799861 -11.930182 7
22.546002 -15.298661 -11.116182 1
22.166502 -15.302161 -10.167682 1
21.488502 -15.191261 -10.730082 13
20.608202 -15.294161 -11.283282 7
20.284802 -16.004961 -11.847082 4
21.127102 -16.284361 -12.112982 1
21.717602 -16.745861 -11.566182 10
22.244402 -17.528261 -11.480382 12
22.267602 -17.085061 -10.609482 7
22.179902 -17.509761 -9.732882 11
21.687502 -17.542961 -8.923782 1
20.707602 -17.459961 -8.895982 4
20.223502 -17.877361 -8.180282 10
20.391302 -17.770261 -7.231882 6
21.296002 -17.513061 -7.146882 7
21.614402 -17.263861 -6.204482 7
20.768902 -16.679961 -6.224782 4
20.517602 -15.843861 -5.815782 10
19.681202 -15.300861 -5.653682 11
20.577402 -14.797461 -5.468382 8
20.381602 -14.488161 -6.414982 10
21.072202 -13.712061 -6.378582 12
21.781702 -14.053461 -6.874382 9
21.779102 -13.466661 -7.678982 7
21.426702 -12.649961 -7.956182 13
20.860602 -12.094861 -7.479282 10
20.445602 -11.585761 -8.143282 7
20.028502 -12.330361 -8.426882 1
19.508802 -11.558361 -8.622882 15
18.595602 -11.728961 -8.408182 13
17.820902 -11.707161 -8.987082 14
18.221202 -10.819161 -8.988982 10
18.087702 -9.935861 -9.366082 1
18.540302 -9.224161 -9.780982 10
19.362102 -9.675361 -9.587282 11
19.525602 -10.572461 -9.456082 7
20.369602 -10.804961 -9.113482 5
21.307502 -10.524561 -9.371582 1
21.941602 -10.046161 -9.882482 7
21.162802 -9.984261 -10.401382 10
21.288702 -10.563561 -11.184382 1
20.321802 -10.739261 -11.147582 6
20.698002 -11.575161 -11.412582 1
20.180802 -12.012161 -10.720182 4
19.967502 -12.378361 -11.624982 1
20.449102 -12.206861 -12.487082 16
20.205002 -11.481761 -13.072082 7
20.868802 -11.781261 -13.699382 7
21.661302 -11.474361 -14.243282 1
21.993702 -10.512261 -14.523182 10
21.978502 -10.505861 -15.494582 10
22.308202 -11.388061 -15.783182 4
23.093702 -11.577961 -16.222382 7
23.688002 -12.211061 -15.728482 7
23.327702 -11.349461 -15.246982 14
23.962902 -10.876161 -15.856082 7
24.696602 -10.385761 -16.288582 10
24.509202 -9.416261 -16.138382 10
24.997402 -8.640761 -15.970282 1
25.439102 -7.781061 -16.294982 10
24.581102 -7.930161 -16.558982 14
24.992602 -8.745861 -17.099782 10
25.878802 -8.356561 -17.394382 4
26.267502 -8.967161 -16.794882 10
27.193302 -9.383461 -17.156482 11
27.699202 -10.006361 -17.748982 11
27.611202 -10.897161 -17.462282 11
27.331302 -11.883361 -17.438382 13
27.443002 -12.728961 -17.897982 4
26.546602 -12.463761 -17.957982 1
26.175002 -12.537861 -17.105682 12
25.239902 -12.052861 -16.799282 7
25.765102 -12.451061 -16.110382 12
26.127802 -12.900261 -15.361782 12
25.758302 -12.901661 -14.479982 1
25.344402 -12.050861 -14.844582 7
25.583202 -11.426661 -15.458982 12
25.316702 -10.551661 -15.067982 10
25.200302 -9.599561 -15.285182 12
25.350002 -9.354461 -14.392982 9
25.916802 -9.100861 -13.597582 7
25.860102 -10.079161 -13.719482 10
26.648902 -10.626861 -13.594182 15
26.973102 -9.845661 -13.106182 7
27.888802 -10.130161 -12.926082 15
27.779002 -9.269061 -13.263782 7
27.570602 -8.409961 -13.653182 7
27.875202 -8.283161 -12.771082 7
27.660902 -8.486961 -11.837082 1
28.163002 -9.375161 -11.671282 10
28.683402 -8.942061 -12.289182 7
28.903502 -9.815061 -12.548082 15
28.747502 -10.563861 -11.962182 1
27.832402 -10.950061 -11.955082 7
27.977702 -11.339061 -12.830382 15
28.240902 -12.044961 -12.235582 1
28.059302 -12.600761 -13.001982 4
27.322402 -13.132161 -13.496382 7
28.120202 -13.725761 -13.660382 1
28.324902 -13.225961 -14.464082 7
28.212202 -13.876261 -15.251782 12
27.563302 -14.452061 -14.924782 12
27.753802 -15.279261 -14.394582 1
27.345702 -16.226061 -14.629582 3
27.634202 -15.799261 -15.395782 12
28.627602 -15.747261 -15.455782 10
29.508702 -15.888561 -15.067282 16
29.636602 -14.910961 -14.843882 1
30.224702 -14.688261 -14.142282 11
30.965802 -14.242261 -13.800782 1
30.697902 -13.344561 -13.942482 7
30.803202 -12.501661 -14.376882 10
29.816102 -12.293161 -14.546082 5
29.221302 -11.455961 -14.703082 7
28.526102 -11.622461 -14.019082 15
27.863802 -12.252061 -14.252482 9
27.515102 -12.466061 -15.134782 12
28.440502 -12.531961 -15.238582 10
27.941602 -12.717461 -16.024282 12
28.530802 -12.513761 -16.779382 7
29.085802 -13.071261 -16.162682 15
29.248702 -13.770561 -16.813782 4
30.070502 -13.276961 -16.775282 7
30.493602 -13.394561 -17.608782 7
31.337902 -13.177861 -17.206482 1
31.731802 -13.794261 -17.798782 1
32.669202 -13.494261 -17.755382 16
33.275202 -13.657861 -16.931182 1
33.736902 -13.601461 -17.750882 1
33.649302 -12.658161 -18.043682 1
34.079202 -11.850461 -17.640682 7
34.522102 -12.435561 -16.953682 4
34.399902 -11.679761 -16.313682 1
33.493702 -11.375261 -16.591982 1
32.620002 -11.234961 -16.354882 7
31.919002 -11.283061 -15.695482 1
31.299302 -11.271361 -16.397682 7
31.514502 -10.384861 -16.694682 1
30.571302 -10.562861 -16.533182 1
30.149202 -10.848861 -15.771882 10
29.213902 -10.521061 -15.556982 15
28.939102 -11.430861 -15.600482 1
28.604602 -11.331461 -16.459882 10
28.157402 -10.740661 -15.756582 11
27.605702 -11.186361 -14.995382 15
27.623102 -11.583161 -15.922682 12
27.225902 -10.956861 -16.510882 11
26.401902 -11.499861 -16.728282 12
25.864702 -10.762961 -16.308782 10
26.539502 -10.702461 -15.665682 12
26.246002 -9.741061 -15.877582 10
26.456702 -8.997461 -15.234982 7
27.296402 -9.482861 -15.179082 7
27.557202 -10.168561 -14.572582 15
26.596602 -10.215061 -14.639182 7
26.294002 -11.137761 -14.520282 12
26.919402 -11.732261 -14.129682 15
26.240402 -11.754161 -13.442582 16
25.438802 -11.385361 -13.083982 16
24.732402 -10.948961 -12.597982 13
24.107502 -10.547861 -11.949182 7
24.744502 -9.864961 -11.995682 16
24.947302 -8.939261 -12.156182 9
25.711802 -8.519561 -12.548282 7
26.130302 -7.868061 -13.163682 7
26.644502 -8.192261 -13.948782 7
26.719702 -7.644461 -14.817782 13
27.520502 -7.353061 -14.294182 7
27.399202 -6.562461 -14.759382 7
27.952202 -6.016361 -15.313682 9
28.095902 -5.910461 -14.343782 7
28.148402 -5.085461 -13.776482 13
28.773102 -4.642961 -14.379782 12
28.810402 -4.547961 -15.342582 1
28.648402 -3.647761 -14.880382 4
28.916502 -2.815961 -14.496882 12
29.108502 -2.046761 -15.138582 10
29.757302 -2.217261 -15.841982 7
29.444302 -2.890861 -16.555082 1
28.689802 -2.628561 -17.090882 14
28.210902 -1.869061 -16.719882 16
27.819402 -2.817561 -16.361982 11
28.338302 -3.722461 -16.480482 7
28.579802 -4.508761 -17.004982 16
28.966902 -4.997861 -16.317282 7
28.150102 -5.464161 -16.712382 6
28.658002 -6.109361 -16.257982 15
29.368702 -6.176461 -15.606782 5
29.626302 -6.317361 -14.651682 12
29.774402 -7.223561 -14.331082 1
29.130302 -7.846061 -14.145482 7
28.343502 -8.054161 -14.536282 7
29.030402 -7.763861 -15.148682 7
28.101802 -7.539061 -15.320582 7
28.494302 -7.806561 -16.168382 15
28.449402 -8.134261 -17.058082 11
27.546302 -8.448461 -17.091282 11
27.123402 -7.692661 -17.562182 4
26.724702 -6.998761 -18.076882 12
27.143102 -6.220561 -18.505482 4
27.617802 -5.577761 -19.067282 1
27.063902 -4.854261 -18.668582 11
26.601902 -4.237561 -17.985182 7
27.211702 -3.561761 -17.747382 10
26.448902 -3.039361 -17.413682 1
25.646402 -3.300961 -18.042882 14
25.948602 -3.528961 -18.949182 10
25.108802 -3.612761 -19.522182 9
25.136802 -4.577061 -19.508682 10
24.450002 -4.376961 -18.856582 15
24.236602 -5.203361 -18.354682 7
25.071902 -5.196461 -17.953882 16
24.734202 -4.619961 -17.211782 16
25.274502 -4.864261 -16.396482 1
25.116402 -5.279061 -15.454482 16
24.151902 -5.328261 -15.237082 7
23.827602 -6.342461 -15.222882 15
24.394102 -6.616361 -14.489482 12
25.296802 -6.751661 -14.320582 13
25.892702 -7.529561 -14.254882 1
26.637102 -6.880261 -14.040882 7
26.643902 -6.425861 -13.157482 7
27.498602 -6.351561 -12.700882 16
27.734402 -6.520061 -13.633482 7
28.573702 -6.531161 -13.155582 10
29.268702 -7.083261 -13.478182 7
29.858402 -6.391561 -13.267082 1
30.569702 -6.328461 -13.926482 1
30.457702 -5.530361 -14.391282 12
31.360402 -5.692161 -14.329982 12
31.750302 -6.565761 -14.485082 13
30.922802 -6.907661 -14.946782 1
30.748202 -7.886961 -14.838082 9
30.246302 -8.436661 -15.515682 6
30.338802 -8.966861 -14.733782 7
29.829202 -9.760261 -14.716282 7
29.498402 -10.458761 -14.174682 15
29.823702 -11.195761 -13.673482 4
30.072302 -10.358561 -13.297982 15
30.222202 -9.625961 -12.783082 11
30.442602 -9.275561 -13.628682 16
29.781902 -8.590261 -13.723482 7
29.288802 -9.469461 -13.781282 7
28.345502 -9.906061 -13.986082 15
28.161902 -9.036061 -14.394482 7
28.321102 -9.611861 -15.070182 15
28.401802 -8.729861 -15.438582 7
28.167302 -9.043161 -16.288882 11
29.083002 -8.759961 -16.181382 16
28.989602 -9.702761 -16.536682 11
29.803002 -9.813861 -17.073382 7
29.341202 -9.455261 -17.830082 11
29.893402 -10.247561 -18.047882 12
30.251602 -9.462661 -18.636282 9
31.114002 -9.724861 -18.902682 7
31.451902 -8.803561 -18.720482 1
32.213402 -8.540161 -18.146582 7
32.446802 -8.417961 -19.152282 16
31.808802 -8.218261 -19.813882 1
32.681702 -7.880161 -20.149882 12
32.726802 -7.131461 -19.450282 13
33.553202 -7.460161 -19.173282 10
33.702502 -8.381261 -19.486682 14
34.118502 -9.071161 -19.008682 4
34.332302 -8.243461 -18.588682 5
34.730302 -7.507361 -19.156482 16
34.437402 -6.660461 -19.534182 7
33.530502 -6.433761 -19.347382 10
33.833802 -6.073561 -18.467882 10
32.921102 -6.369161 -18.306182 7
32.012402 -6.730361 -18.600482 7
32.096302 -7.569761 -18.123482 1
32.240102 -7.710561 -17.219282 16
33.069302 -8.220561 -17.110682 16
33.670202 -7.500961 -17.335682 12
33.455102 -7.410661 -16.449182 12
32.817302 -7.891161 -15.865482 16
32.345602 -8.781961 -15.971682 15
31.585002 -8.479161 -15.361482 7
32.235602 -8.852261 -14.762182 1
32.155502 -9.132561 -13.738682 1
32.491102 -10.007461 -13.427282 15
33.219402 -10.640661 -13.504682 1
33.498002 -10.259761 -14.372082 16
33.894602 -10.847761 -15.008582 1
34.223302 -11.400361 -14.267182 7
34.167202 -11.369561 -13.278282 10
33.351202 -11.739061 -13.683982 1
32.508202 -11.459561 -14.050982 1
31.964502 -11.966161 -13.479282 12
32.261402 -12.621061 -12.824782 7
31.366702 -12.607961 -12.622882 1
31.098002 -12.379061 -11.748782 7
31.380002 -13.095061 -11.174182 5
30.619402 -13.347361 -10.639382 12
30.051502 -13.021261 -9.973682 15
29.739102 -12.471261 -10.706082 13
29.395902 -11.541961 -10.585882 12
30.044202 -10.773961 -10.545382 7
30.801902 -10.870661 -10.029682 8
31.070902 -10.083261 -9.502582 16
30.768302 -9.481961 -10.177882 13
30.722702 -9.479761 -11.180282 7
31.671902 -9.326961 -11.024082 7
31.598102 -9.650261 -11.939882 15
32.407602 -9.136561 -11.874982 12
32.557802 -8.409961 -11.220182 13
32.893302 -8.845061 -10.352682 16
33.463002 -8.118861 -10.518882 1
34.068202 -7.528461 -10.149482 7
33.856302 -8.140461 -9.439482 9
33.687802 -7.269461 -9.069282 11
33.770402 -6.668061 -9.771182 7
32.969802 -6.854261 -10.216482 7
32.203702 -7.317061 -9.843082 1
31.724902 -7.405161 -9.004282 11
32.196302 -6.664461 -8.615482 12
33.077702 -6.903961 -8.242782 1
33.145002 -6.186161 -8.962982 7
32.588102 -6.045561 -9.743082 12
32.552602 -5.181161 -10.238482 11
31.649202 -4.906761 -9.943782 11
32.295802 -4.778861 -9.229482 15
33.168902 -5.045061 -8.680482 7
34.017902 -4.826161 -8.321282 7
34.673402 -4.262161 -7.890482 14
35.495002 -4.765561 -7.640882 16
34.831002 -5.355461 -7.287382 9
35.217302 -6.237861 -7.544382 16
35.190402 -7.210261 -7.557182 5
34.505902 -7.837661 -7.540882 16
34.734402 -7.401961 -8.401382 7
35.291302 -8.175661 -8.119582 10
35.533702 -7.821361 -8.975482 7
35.761002 -8.457461 -9.658482 4
36.449602 -7.834361 -10.010582 16
35.731602 -7.301161 -10.053482 7
35.775402 -7.379561 -10.975982 15
35.016102 -6.824661 -10.626082 7
34.582302 -7.494861 -11.107882 1
34.255502 -7.051761 -11.867582 7
34.165702 -7.899561 -12.444182 12
35.069502 -8.146661 -12.069882 1
35.871602 -7.914861 -12.553582 12
36.403502 -7.466161 -13.222982 10
36.292902 -6.536861 -12.819382 11
35.278502 -6.681161 -12.608782 1
35.574202 -6.199861 -11.757582 15
34.697302 -6.082061 -11.268282 7
33.891502 -5.804161 -11.666882 7
33.265502 -6.447561 -11.947182 1
32.453402 -6.917061 -12.435082 15
31.641302 -6.860561 -11.871482 7
31.078502 -7.349161 -12.368982 1
30.178702 -7.058361 -12.270482 11
29.794702 -7.883761 -12.722882 13
28.791102 -7.894861 -12.617182 7
28.073002 -7.223261 -12.452482 7
28.361902 -6.540561 -11.848482 16
29.038102 -6.996261 -11.301482 12
28.368402 -6.612761 -10.681582 6
28.464202 -5.760561 -11.095582 16
28.522102 -5.170561 -11.847382 16
28.441402 -4.711161 -12.717382 7
29.221402 -4.567061 -13.339082 12
29.283902 -5.492861 -12.891782 13
30.152502 -5.149561 -13.175082 12
30.268402 -5.563161 -12.343982 7
30.009802 -5.239861 -11.501682 16
30.876402 -4.893661 -11.148182 11
31.133202 -4.203261 -10.545082 11
30.737502 -3.710761 -9.815582 15
30.783602 -3.098461 -9.148582 15
30.875302 -3.387861 -8.228082 15
31.420602 -3.321961 -7.404582 9
31.940002 -3.767661 -8.095782 15
32.615902 -4.479261 -7.819882 12
32.749202 -4.889261 -6.990182 11
33.262502 -5.719861 -7.140482 8
33.608902 -5.978661 -8.038682 4
34.277302 -6.417161 -8.704082 7
34.988302 -5.963861 -9.133882 7
35.708902 -6.542561 -8.889682 7
36.224502 -5.950961 -8.377282 16
37.031602 -5.439661 -8.547582 1
37.225402 -6.338961 -8.299382 1
37.176602 -7.035461 -8.960482 11
37.310802 -7.201361 -9.940982 1
36.755102 -6.378561 -10.203882 7
37.566302 -5.851961 -10.420182 1
37.662202 -4.891561 -10.291182 1
36.800902 -4.662361 -10.777182 7
36.070902 -4.775261 -10.215782 1
36.214402 -5.512561 -10.810382 7
36.049302 -5.073161 -11.683182 1
35.852902 -4.194061 -11.337182 1
35.188902 -4.358961 -10.681382 7
34.290202 -4.015061 -10.678182 7
34.820402 -3.227461 -11.076882 16
35.390802 -2.640161 -11.675682 15
35.111702 -2.085561 -10.904582 12
34.813402 -1.668261 -10.107482 11
34.030202 -2.032061 -9.725082 16
33.906802 -1.308261 -10.352882 16
34.199302 -0.422861 -10.564782 15
33.708402 -0.151661 -11.394282 12
33.532602 0.699739 -10.914082 5
33.406402 0.977139 -11.891582 7
32.706402 1.498139 -11.390282 14
32.812902 2.172839 -12.077482 12
32.276902 2.574039 -12.728182 7
31.800502 1.736939 -12.928382 7
32.281002 1.910239 -13.797982 13
32.664602 2.061439 -14.726682 11
32.724302 1.161339 -14.976882 16
32.429502 0.272439 -15.281682 1
33.312802 -0.116361 -15.294282 1
33.492302 -1.013961 -15.576982 11
33.149502 -1.837261 -15.180582 15
32.861402 -2.708661 -15.404582 7
32.024102 -2.725461 -15.804182 12
31.558202 -1.975061 -15.490182 1
30.868602 -2.632361 -15.585482 16
30.786302 -3.211661 -14.819982 7
30.509702 -3.746561 -14.132382 12
29.978802 -4.534961 -14.161882 12
29.692302 -5.189961 -14.912082 1
29.712702 -4.608761 -15.735982 7
30.469902 -5.178161 -15.942782 7
31.404502 -4.908761 -15.768082 12
32.151402 -4.715361 -16.258682 8
32.043402 -4.981861 -17.199782 1
32.357302 -5.695561 -16.616482 8
33.045502 -6.184661 -16.152182 7
32.225302 -6.037561 -15.459182 5
32.436102 -5.470761 -14.694382 16
32.074802 -4.979761 -13.992282 12
31.869302 -4.048761 -14.043982 12
32.658402 -4.348461 -14.679682 13
33.610002 -4.504161 -14.570082 7
34.120202 -4.973861 -13.908782 15
34.225302 -5.030161 -12.945782 9
34.251602 -4.714161 -12.028882 7
33.516402 -4.098261 -11.766882 15
32.568602 -3.925661 -11.478282 11
33.145702 -4.525761 -10.863782 11
33.638502 -4.789561 -10.089882 7
33.076602 -4.126461 -9.682282 11
32.565302 -3.645161 -9.046982 15
33.478602 -3.595561 -8.689682 7
34.406602 -3.843061 -8.891382 1
34.911402 -4.466461 -9.306282 1
35.013702 -5.211661 -9.892282 7
34.530102 -6.019861 -10.210782 7
33.565702 -5.850261 -10.297382 7
33.006002 -6.107561 -10.975982 15
32.060402 -5.888861 -11.182582 11
31.605502 -6.179061 -10.340882 1
30.783702 -6.462361 -10.618582 1
29.960302 -6.512261 -10.173182 7
29.185402 -5.839961 -10.351082 16
29.055802 -6.527961 -9.507982 12
28.963202 -5.563961 -9.339682 16
28.096602 -5.880561 -9.035882 16
27.622702 -6.478261 -8.412882 1
27.441902 -6.676861 -7.476882 1
27.917602 -6.825161 -6.634482 10
27.386602 -5.943161 -6.785982 16
26.567702 -5.686961 -7.037182 1
26.829402 -4.867561 -7.431582 1
27.225302 -4.613361 -8.307182 16
28.115802 -4.787161 -8.543682 14
28.123902 -4.316261 -9.405982 16
28.979002 -4.510861 -9.818282 16
29.302602 -4.194861 -8.983982 15
29.616602 -4.989261 -8.463982 1
29.674202 -5.945161 -8.713282 12
30.370802 -5.691261 -9.417982 1
31.051702 -5.121261 -9.038682 15
31.089402 -5.005661 -8.092182 1
31.208102 -4.847461 -7.196082 12
31.202402 -4.106961 -6.458182 1
30.352402 -4.255761 -6.861382 16
30.153702 -4.288661 -7.819382 15
29.234602 -4.517561 -7.558282 12
28.803402 -3.745061 -7.956482 15
27.927502 -3.401861 -7.979682 5
27.721002 -3.446261 -8.913182 16
27.089002 -2.863861 -8.387782 8
26.708602 -3.555961 -8.933082 16
26.152402 -4.375361 -9.090682 7
26.426402 -4.814961 -9.963082 11
27.275502 -4.582961 -10.222482 16
28.109002 -4.151561 -10.484782 16
28.080102 -3.252061 -10.745482 16
27.634202 -2.390961 -10.813982 11
26.881902 -2.937761 -10.834382 16
26.583602 -2.040561 -11.143782 13
26.005802 -2.745361 -11.560382 11
26.140102 -3.703461 -11.288982 16
26.477702 -3.941961 -10.410382 16
26.040502 -3.128061 -10.295382 8
25.830002 -2.117961 -10.103882 1
26.261702 -2.171861 -9.252382 1
25.759302 -1.674661 -8.592482 11
25.748402 -2.580961 -8.209882 1
25.598302 -2.915561 -7.238482 16
25.152602 -3.355561 -7.988782 7
24.131002 -3.440661 -7.914382 11
24.038402 -3.096761 -7.061282 1
24.542202 -3.829161 -6.731882 11
25.463802 -3.680161 -6.455282 16
26.375602 -3.905961 -6.781682 1
27.255902 -3.909661 -6.317682 1
28.086902 -4.148261 -5.948582 16
28.004702 -3.290661 -5.516782 1
28.706502 -3.208561 -6.207282 1
29.567202 -3.297461 -6.649982 12
30.179002 -2.919061 -7.407282 15
30.884302 -2.318661 -7.134682 7
31.517602 -2.209361 -7.850482 15
32.213302 -1.614261 -7.546782 16
31.711702 -1.186761 -6.774082 16
31.167702 -0.446261 -6.570182 5
30.798102 0.449939 -6.789082 11
31.210702 1.282839 -6.424482 16
31.164202 1.838639 -5.650382 5
30.250002 2.085339 -5.362482 12
29.415102 2.423839 -5.673282 16
28.824002 1.636739 -5.974682 1
28.841402 0.706639 -6.163382 16
29.101002 -0.147261 -6.549482 12
28.471902 -0.417661 -7.245282 16
27.866002 -0.239261 -7.977282 1
27.982402 -0.946261 -8.663782 16
28.873302 -0.943861 -8.243082 1
28.594602 -1.839261 -8.121082 1
29.429202 -2.247661 -8.130882 15
29.749502 -2.359661 -9.086682 15
28.811202 -2.454861 -9.200582 16
28.273602 -1.633761 -9.594882 13
27.963602 -2.504161 -9.803582 16
28.587302 -2.174761 -10.477782 7
29.355302 -2.798861 -10.214582 16
29.696502 -3.573761 -9.619482 15
29.860302 -4.215461 -10.343082 1
29.110502 -3.777861 -10.645882 16
29.504202 -3.872361 -11.530682 16
30.296502 -4.349861 -11.803482 11
30.834802 -4.622061 -12.561382 12
31.378702 -5.196961 -12.005882 11
31.282502 -5.973861 -12.612982 16
31.622202 -5.205661 -13.015682 12
32.541802 -5.410961 -12.734982 1
32.307202 -4.568861 -12.179682 11
31.955802 -3.681961 -12.433882 16
31.283602 -3.849561 -13.171382 12
31.673102 -2.918561 -13.336682 16
32.483902 -2.540261 -12.905882 1
32.857702 -2.603961 -11.989982 11
32.458802 -2.405361 -11.115782 16
31.811402 -3.165361 -11.235982 11
31.437602 -2.821461 -12.064382 7
30.577802 -3.212961 -12.354282 12
29.750602 -2.896961 -11.976982 16
30.090102 -2.636761 -11.089582 16
30.418602 -1.857461 -10.578482 5
30.830402 -2.735161 -10.282582 1
31.623502 -3.089361 -9.762882 15
31.710702 -2.186661 -9.935782 8
31.175202 -1.913761 -9.083582 15
31.472302 -1.035461 -8.956382 1
30.720802 -1.052961 -9.449882 8
30.504502 -0.249661 -9.932982 1
29.513002 0.025239 -10.102982 8
29.096602 -0.013161 -9.207682 15
28.734002 -0.681861 -9.779882 5
28.814302 -1.021061 -10.645282 1
29.022402 -1.567961 -11.403482 16
28.199002 -2.051461 -11.702182 16
28.018102 -1.426961 -12.503782 1
28.569002 -0.656261 -12.613282 14
28.885602 -0.046961 -13.280582 7
28.862202 -0.612661 -14.085182 16
29.548102 -0.097561 -14.595582 1
29.918902 -0.974761 -14.864082 1
30.149402 -1.054061 -13.880782 1
30.759202 -1.281261 -13.215482 1
30.290902 -1.706061 -12.452682 13
29.799702 -2.039661 -13.216282 9
30.102002 -2.967061 -13.589182 12
29.399702 -3.199261 -12.941582 12
28.652802 -3.219661 -12.284082 16
27.857602 -3.058261 -11.739082 16
27.756802 -3.734461 -12.339282 16
27.182102 -3.023461 -12.564882 5
27.527702 -3.301761 -13.434182 15
26.807802 -3.896461 -13.110982 5
26.686002 -4.157361 -12.232982 16
27.596902 -4.646761 -12.012882 16
27.891802 -4.866061 -11.103182 16
27.367502 -5.556361 -10.702382 16
27.047502 -6.431361 -10.727182 8
27.396202 -7.348261 -10.823582 1
26.752902 -7.107561 -11.466882 11
26.846602 -7.835461 -12.130382 7
26.380202 -7.054061 -12.406182 7
25.772902 -6.310661 -12.428082 1
26.331802 -5.909361 -11.644282 16
26.683402 -5.214361 -12.244282 16
26.269202 -5.412061 -13.062082 15
25.510702 -4.976461 -12.432682 11
25.659602 -5.163061 -11.356582 16
24.967402 -4.919361 -10.687582 12
25.105602 -5.432861 -9.884082 11
24.337302 -4.867261 -9.642082 15
23.937602 -4.821561 -8.784082 16
23.739302 -5.709661 -9.055582 1
22.839502 -5.668261 -8.659682 1
22.200102 -6.354961 -8.665082 12
21.929102 -6.288461 -7.731682 15
22.850302 -6.610361 -7.710182 1
23.258502 -7.156761 -8.384782 16
22.699102 -7.278261 -9.133482 11
22.675102 -8.190461 -9.397182 1
23.393002 -8.677861 -9.829982 5
24.056402 -7.968861 -9.932782 1
24.160802 -7.319761 -9.165782 1
24.989802 -7.937661 -9.214282 12
25.553702 -8.726161 -8.918382 16
26.407902 -9.272861 -8.917782 16
27.159502 -8.551061 -8.885882 7
27.279602 -9.231861 -9.502782 7
28.172302 -8.874761 -9.580282 16
28.221502 -8.989161 -8.649382 1
27.918102 -8.739461 -7.793782 1
28.037802 -7.754061 -7.473182 16
