-44.350889 24.219862 -28.14964 1
-44.388289 23.398362 -28.61694 1
-43.496789 23.912462 -28.79294 1
-42.763789 23.270762 -28.92784 16
-42.591389 22.603462 -29.55184 3
-42.825389 21.764062 -29.23324 4
-42.490089 20.928162 -29.65044 12
-43.330389 20.443762 -29.99094 1
-44.097889 20.054662 -29.60194 1
-43.633989 19.175662 -29.75514 1
-42.609889 19.277762 -29.72974 14
-43.240289 18.910962 -28.95974 2
-42.425189 18.561762 -28.57324 1
-41.779189 18.202762 -27.99664 1
-41.268989 18.223962 -28.76604 2
-40.860489 19.092662 -28.46994 1
-41.418689 19.880562 -28.60834 8
-40.775789 20.132962 -27.98564 1
-40.163089 20.539062 -27.35224 2
-39.455989 19.985262 -27.69394 11
-39.061889 20.809162 -27.51614 9
-39.585589 21.532162 -27.08564 14
-38.784789 21.749062 -26.59334 2
-38.424789 22.375562 -27.17074 15
-38.524989 23.235662 -27.73204 5
-38.276589 24.147362 -27.93644 2
-37.746489 24.891862 -28.16744 8
-36.876789 24.562162 -28.48064 15
-36.297989 24.618262 -29.19294 13
-35.735089 23.972162 -28.69354 9
-35.117489 23.941962 -29.47334 14
-35.675089 23.160462 -29.41074 14
-35.573889 22.267062 -29.05404 1
-34.613789 22.207362 -29.19304 14
-33.983589 22.685062 -28.58804 6
-33.846489 23.358662 -27.87084 2
-33.299489 24.025062 -28.26604 12
-33.474489 24.261462 -29.16434 2
-33.843889 23.360762 -29.35964 14
-33.767889 22.516862 -29.79344 14
-32.943889 22.738662 -29.23404 6
-33.124889 21.786862 -29.45494 2
-33.572089 20.967262 -29.02964 8
-32.729489 21.065962 -28.41344 2
-33.042489 21.774962 -27.80844 6
-32.573089 22.623262 -27.91194 1
-32.117789 22.042162 -27.34154 2
-32.097689 21.287762 -26.76374 2
-32.893989 21.867262 -26.53164 5
-33.118389 22.757062 -26.39334 11
-33.198089 23.683962 -26.07574 1
-32.241989 23.576662 -26.14434 5
-31.662389 22.822662 -25.94424 2
-31.560389 21.947162 -25.53534 2
-31.471289 22.658262 -24.88454 3
-30.632789 22.680762 -24.37024 7
-29.941759 22.367662 -25.06034 5
-30.582789 22.149562 -25.68304 2
-30.268189 22.655162 -26.54164 2
-30.982189 23.068662 -27.12554 2
-31.070689 23.995162 -26.88604 1
-31.740289 24.327262 -27.44674 14
-32.683189 24.500162 -27.46654 9
-32.729689 25.394862 -27.64594 2
-33.191189 25.100862 -28.49974 1
-33.424089 25.312662 -29.40164 1
-33.075389 26.173362 -29.72864 2
-33.168089 25.636962 -30.56114 1
-32.797689 24.758862 -30.78124 15
-33.784389 24.451162 -30.59264 14
-34.715889 24.174762 -30.46424 14
-35.227689 25.016462 -30.82814 8
-35.425489 24.289762 -31.33114 14
-36.385289 24.375762 -31.62574 9
-36.724489 24.196662 -32.51694 8
-36.674089 25.147062 -32.81364 14
-37.372989 25.797862 -32.72554 6
-37.452089 26.177262 -33.60454 10
-37.570789 27.052162 -34.07154 1
-37.090289 27.656662 -34.64984 1
-37.740489 27.901362 -35.31844 14
-38.674689 28.179662 -35.53304 2
-39.554589 28.147962 -35.18384 8
-39.317889 28.583962 -34.36584 15
-40.135089 29.079662 -34.01494 2
-40.674689 28.527462 -33.33584 2
-40.436889 28.629362 -32.43124 8
-39.513289 28.998562 -32.45744 11
-39.221889 29.910862 -32.42864 2
-40.039889 30.066862 -31.83364 12
-40.406089 29.206262 -31.35584 1
-40.015789 28.728362 -30.67654 3
-39.877789 27.996262 -30.04444 1
-40.661789 27.554262 -29.90554 14
-40.125789 26.981762 -30.42674 1
-40.975789 26.742562 -30.81674 7
-40.972089 25.999262 -31.34654 2
-41.707889 25.504062 -31.84274 1
-41.014189 24.952762 -31.45824 1
-40.121589 24.774162 -31.71044 1
-39.232089 24.819762 -31.99544 1
-38.804889 25.190762 -31.24864 2
-37.966789 25.708862 -31.27224 1
-37.371789 25.163862 -30.79554 1
-36.867489 25.317362 -29.93804 2
-36.472389 24.581762 -30.50694 14
-37.095889 24.030562 -30.10214 2
-36.904889 23.117462 -30.11964 5
-36.563189 23.421762 -30.96234 2
-35.775289 23.151462 -31.46294 14
-34.904989 23.346362 -31.06664 14
-34.165689 23.071662 -31.65984 14
-33.722089 22.253462 -31.60014 2
-34.145289 22.328862 -30.75424 14
-35.019889 21.956062 -30.44214 14
-35.697789 22.556762 -30.57634 14
-36.261489 21.887162 -31.10844 5
-36.014289 20.883462 -30.90954 2
-36.491089 21.417562 -30.20374 5
-35.991989 20.811962 -29.59124 11
-36.778489 20.274362 -29.82704 15
-36.610089 19.669262 -30.52584 2
-35.636489 19.919662 -30.45554 2
-34.998389 20.660662 -30.43934 6
-34.570389 20.359062 -29.66834 8
-34.877189 20.347862 -28.73244 8
-35.450989 20.043662 -28.02264 2
-36.293889 20.299662 -27.58784 9
-36.475789 19.510562 -27.00404 2
-35.533089 19.596662 -26.67344 15
-35.299789 18.731262 -26.32094 2
-34.669089 18.613962 -27.06694 1
-34.487589 19.170662 -27.84574 1
-33.505789 19.285862 -28.08354 8
-33.530789 18.513962 -28.58664 15
-33.717089 18.825662 -29.49574 8
-34.110789 17.960862 -29.67754 3
-34.543989 17.103862 -29.75994 12
-34.868489 17.521162 -30.65244 14
-35.027289 18.315562 -31.22634 2
-34.302289 18.388462 -30.60434 8
-35.005689 19.006062 -30.34844 2
-34.793389 19.385762 -29.45964 8
-35.257789 18.551662 -29.09834 2
-36.115689 18.426862 -28.50024 14
-36.135089 17.514862 -28.25254 12
-37.101589 17.723062 -28.33684 6
-37.254389 18.100962 -29.19444 9
-37.064089 19.021362 -29.46414 2
-37.274189 19.601762 -28.73414 1
-37.639189 20.412462 -28.33524 1
-37.869189 20.873062 -29.18814 2
-37.861089 21.789962 -29.46434 2
-38.089889 22.526462 -30.09064 5
-38.555689 21.867462 -30.52274 1
-38.423089 21.653262 -31.47584 1
-37.485889 21.614462 -31.70614 5
-37.325989 21.055162 -30.98574 5
-37.065689 20.277962 -31.55414 2
-37.449789 20.265462 -32.44794 6
-37.037189 20.036562 -33.35094 1
-36.382289 20.006062 -32.53334 2
-35.680489 20.667162 -32.28064 2
-36.398189 21.251362 -32.53354 11
-36.533389 22.186762 -32.47774 1
-35.665489 22.503962 -32.33864 14
-34.785489 22.558062 -32.59354 14
-34.982789 23.198062 -33.29374 2
-35.528289 23.930862 -33.14824 14
-35.358289 24.860462 -33.23774 15
-34.996789 24.655062 -32.41194 14
-34.652289 25.523862 -32.39074 2
-33.868389 25.128662 -32.03884 15
-33.724089 24.776862 -32.96604 2
-34.058889 23.923762 -32.58064 14
-33.502489 23.127362 -32.40074 6
-33.254689 23.676362 -31.61454 14
-32.506189 23.319562 -32.17674 15
-31.681389 22.814562 -32.33924 2
-31.509089 22.223962 -31.56074 3
-32.422289 22.293662 -31.33114 14
-32.370089 21.429362 -31.75124 1
-32.401189 20.468862 -31.59834 8
-33.310589 20.294962 -31.88484 9
-33.309189 19.956762 -31.02744 8
-33.075189 19.295562 -31.73674 8
-33.306689 18.745862 -32.44774 2
-33.123489 19.754362 -32.80764 5
-34.040689 20.195862 -32.90734 14
-34.235289 19.251762 -32.52174 2
-34.704689 18.969262 -33.35724 2
-35.205189 18.964962 -34.15954 1
-35.476089 18.092162 -34.62364 8
-36.117989 18.556162 -33.97934 9
-35.667289 18.793762 -33.17344 2
-35.137789 17.949262 -33.46544 2
-34.593389 17.405362 -34.06194 1
-34.574389 17.374662 -35.15804 1
-34.751189 17.500162 -36.10374 2
-33.935089 16.897762 -36.41164 3
-33.556489 17.607262 -35.92234 1
-32.945089 18.322262 -35.51324 2
-32.862789 18.315962 -34.51094 7
-33.474989 17.962662 -33.84544 2
-32.808189 18.570562 -33.48944 4
-32.099189 18.235062 -32.97434 1
-32.654889 17.522962 -33.24514 3
-33.251689 17.703862 -32.48554 2
-33.135989 18.172062 -31.63274 14
-34.073689 18.395662 -31.75024 2
-34.146089 19.314362 -31.39824 8
-35.027089 19.237962 -31.67674 2
-34.998089 20.166862 -31.66864 2
-34.275289 20.367062 -31.10064 8
-34.654489 21.200962 -31.33914 14
-34.422989 21.675362 -32.17194 14
-34.793589 21.544862 -33.02144 2
-34.474889 22.145962 -33.71334 10
-34.583789 22.849962 -34.43744 6
-34.516189 23.603562 -35.03684 6
-34.485289 24.518962 -34.58894 3
-34.929889 25.267662 -35.01564 2
-34.503489 25.562362 -34.20654 12
-33.529089 25.635462 -34.44884 1
-32.847289 26.295562 -34.69144 1
-32.848089 26.819062 -33.87374 1
-33.306989 27.601762 -34.22434 2
-34.050289 27.305162 -34.80584 2
-33.465989 27.237262 -35.53474 14
-32.802889 27.627162 -36.14794 1
-33.462089 28.373262 -35.96344 8
-32.587589 28.876362 -35.99354 2
-32.342189 29.012762 -35.07714 3
-32.361289 28.122562 -34.77204 7
-31.475089 28.079762 -34.42744 8
-31.058789 27.325562 -33.91944 3
-31.536589 27.822662 -33.23074 9
-31.862189 27.920962 -32.29644 14
-31.189789 27.713462 -31.66554 1
-31.092489 28.473362 -31.00204 1
-30.247689 28.046862 -31.26064 15
-29.769759 27.277362 -30.81644 5
-29.651289 26.806062 -31.76354 11
-29.030729 27.384962 -32.22414 2
-28.704289 28.233662 -32.41624 3
-28.956289 28.601862 -33.25524 8
-28.368969 29.328662 -33.43224 12
-28.352439 29.331862 -32.47234 5
-27.756909 28.748562 -32.03744 2
-27.471979 27.836762 -32.39054 1
-27.847659 27.899162 -31.45364 2
-28.120779 27.010662 -31.08384 14
-28.691159 27.538862 -30.50394 3
-28.871809 26.714562 -29.95324 2
-29.550069 26.106762 -29.61274 2
-29.618419 25.719462 -28.67794 2
-30.244889 26.443462 -28.71634 1
-31.129889 26.385962 -29.00624 1
-30.999589 25.448962 -29.24704 14
-30.797589 25.050562 -30.11164 3
-30.751289 24.171962 -30.53034 2
-30.109319 23.738562 -31.10824 14
-29.744529 24.025662 -30.25484 1
-29.524729 24.633862 -29.54724 14
-28.836609 23.868262 -29.72804 1
-28.985659 23.562262 -28.83634 1
-29.495769 23.182862 -28.11744 2
-30.375089 23.388562 -27.88234 14
-29.957539 24.091862 -28.42034 4
-30.003039 23.387962 -29.09214 1
-30.416889 22.599162 -28.68704 2
-30.332489 22.123662 -29.54104 2
-30.837489 21.575062 -30.13304 9
-30.643289 20.785862 -29.60814 2
-30.144509 19.994462 -29.41564 6
-29.524469 20.474362 -30.00384 9
-29.725889 20.902962 -29.14344 2
-29.924059 20.543862 -28.29914 2
-29.334309 19.897962 -28.71444 6
-28.541209 19.362162 -28.97804 9
-28.275419 18.682362 -29.65354 9
-29.148329 18.514062 -29.16384 6
-29.543289 19.036162 -29.85744 9
-29.655989 19.520562 -30.67284 9
-30.487289 20.089562 -30.94314 2
-31.404489 20.140062 -30.66534 8
-31.693689 21.115462 -30.79684 2
-32.416589 20.571062 -30.43674 8
-32.174389 21.044462 -29.59774 3
-32.773689 20.307162 -29.27354 8
-32.914989 19.670262 -30.00224 8
-32.451689 18.790762 -29.98844 8
-32.784189 18.168162 -29.29694 6
-33.129089 17.405262 -29.78184 14
-32.603989 16.729062 -30.28114 2
-31.685389 16.648862 -30.45914 14
-30.751889 16.842062 -30.55094 2
-30.587689 16.165162 -31.23534 6
-30.933289 15.237062 -30.85604 8
-31.720789 14.681262 -30.98494 3
-32.095189 15.373362 -31.51984 12
-32.576789 15.926962 -32.12854 3
-32.263689 16.581162 -32.74474 3
-33.307189 16.536762 -32.73904 2
-34.213689 16.694162 -32.60284 12
-34.408589 17.446362 -32.04364 2
-35.093489 17.302162 -32.63064 2
-35.588689 16.426562 -32.77984 3
-36.486189 16.935962 -32.43134 10
-36.390189 17.315162 -31.51134 14
-35.918189 18.111762 -31.68424 2
-35.986689 19.000162 -32.10554 2
-36.943089 18.746862 -32.51104 1
-36.811289 19.128262 -31.63834 2
-37.413289 18.435162 -31.41384 3
-37.673889 19.002462 -30.68844 1
-36.832689 18.588662 -30.53174 2
-36.086489 18.071762 -30.41454 2
-36.104189 17.059862 -30.36724 8
-36.730989 16.388962 -30.16804 1
-37.570189 16.411962 -29.71484 1
-37.905389 15.537762 -29.47804 9
-38.130089 14.960462 -28.74104 2
-37.976889 14.377062 -27.95694 8
-38.242989 13.876762 -27.12104 3
-37.779189 13.146062 -26.75024 9
-37.202889 13.472762 -26.05544 14
-37.378589 13.857462 -25.16204 1
-37.180589 14.862462 -25.31594 8
-36.243189 14.625362 -25.11504 1
-35.700989 15.371362 -25.29684 6
-34.716689 15.440762 -25.10814 14
-34.379589 15.500362 -26.07304 1
-33.448489 15.507262 -26.42974 2
-32.535689 15.864562 -26.59614 1
-32.079889 16.477662 -26.08074 3
-31.776789 17.251962 -26.43644 7
-31.930689 16.866562 -27.31444 8
-31.167889 16.956362 -27.88554 2
-30.941489 17.829162 -27.67904 3
-30.537389 18.611162 -27.87644 6
-30.052209 19.464662 -27.75584 6
-29.196639 19.893462 -27.29684 2
-29.244779 20.771562 -26.88304 2
-28.695459 21.407562 -26.34784 1
-28.176339 21.503362 -27.12544 2
-27.366279 21.548162 -26.52964 8
-26.483839 21.225962 -26.46424 8
-27.168379 20.559362 -26.30854 14
-26.332069 20.089162 -26.48084 14
-25.776219 19.558362 -27.14804 3
-26.233409 19.917862 -27.85974 3
-27.094769 19.476862 -28.25644 9
-27.519809 19.689162 -27.32824 14
-27.955379 20.525562 -27.35014 2
-27.383099 20.524162 -28.05044 8
-28.211559 20.047962 -28.33534 2
-28.372739 20.342862 -29.22844 9
-28.672369 21.194462 -29.01544 2
-29.107659 21.516162 -29.77364 12
-29.419159 21.778062 -30.57084 2
-29.947159 22.327962 -31.15984 1
-30.062569 21.862262 -32.05324 1
-29.706749 21.050262 -31.51034 2
-29.167549 20.230662 -31.53104 3
-28.582249 19.591162 -31.21324 9
-28.258649 18.867662 -31.75384 2
-27.607469 19.592762 -31.89874 3
-28.066109 19.755962 -32.72954 1
-28.929299 19.349762 -32.51744 1
-29.596879 18.722862 -32.41814 2
-29.586319 18.240462 -31.61824 9
-30.219589 17.520862 -31.46294 2
-31.119189 17.858462 -31.40064 1
-31.202089 18.067262 -30.47374 10
-31.393989 19.029262 -30.45004 8
-30.675789 18.719762 -29.81564 6
-31.077289 17.900562 -29.52774 14
-31.054389 18.346862 -28.68564 6
-31.702289 19.003662 -28.93284 8
-31.032689 19.490862 -28.35364 6
-30.945789 20.505562 -28.06144 2
-31.337489 20.064762 -27.24654 2
-31.989789 20.168062 -26.58504 12
-32.823189 20.435762 -26.97144 3
-32.310489 20.023862 -27.73604 3
-31.942889 19.929162 -28.62364 8
-31.546989 20.814462 -28.81464 2
-31.875689 21.671462 -28.60854 6
-31.217489 21.960062 -27.92044 2
-30.779989 21.282862 -27.38754 2
-30.969889 20.975362 -26.47104 2
-31.008589 20.178662 -25.97204 1
-31.842589 20.365462 -25.57164 1
-32.018089 19.908662 -24.70574 8
-31.672989 19.416162 -25.43324 2
-30.902589 19.735762 -24.87974 12
-30.135799 19.253262 -24.82154 3
-30.138729 19.496062 -25.72264 3
-29.874639 20.364462 -26.03064 2
-28.885289 20.233262 -26.11324 4
-27.962869 20.000562 -25.86944 14
-27.765519 19.220562 -25.37214 14
-28.733339 19.242162 -25.35584 1
-28.744739 19.272362 -24.39994 1
-28.775109 18.546562 -23.78054 2
-28.160199 17.797762 -23.59064 9
-28.603299 16.984162 -23.55704 2
-28.343919 16.251962 -22.93474 2
-28.104699 15.341562 -22.92844 6
-27.428439 15.850662 -23.29974 3
-26.765579 16.538062 -23.14174 9
-26.000049 16.963562 -23.64544 9
-26.094859 17.909162 -23.58904 9
-26.108429 18.741662 -24.09944 2
-26.037859 19.628262 -24.56934 14
-25.778599 20.101062 -23.75644 2
-25.926759 20.972562 -24.06774 6
-25.242469 20.836762 -24.70214 1
-25.902059 20.471562 -25.32864 14
-25.354319 20.903662 -26.11514 10
-25.209819 20.323362 -26.96074 3
-25.712839 20.696162 -27.64474 3
-25.688499 21.617762 -27.32064 8
-26.216489 22.229462 -27.86364 8
-27.152849 22.417162 -27.70604 8
-27.650609 22.095962 -28.63474 1
-28.539889 22.002062 -28.39524 2
-29.466219 21.735662 -28.38584 2
-29.888519 21.264262 -27.68934 2
-29.234989 21.773562 -27.30054 2
-28.697649 22.543362 -27.11374 1
-28.331509 22.805062 -26.31694 3
-27.860579 22.656562 -25.45974 2
-27.122499 22.828462 -26.05474 8
-26.416819 23.629962 -26.18934 14
-25.740039 23.147662 -26.69164 8
-24.901169 22.700862 -26.87994 2
-25.307419 22.733762 -27.74594 6
-25.272389 23.692762 -27.77884 7
-25.414429 23.726162 -28.75174 3
-24.412399 23.621462 -28.44504 2
-23.756379 24.061462 -29.01364 3
-23.012499 24.334362 -28.38214 3
-22.592639 24.713162 -29.25924 2
-21.669049 24.379662 -29.09594 14
-22.224549 23.596262 -29.00674 3
-21.419079 23.123662 -28.87114 14
-21.377739 22.167362 -29.27474 6
-20.702286 21.588262 -28.90034 4
-21.359859 20.883462 -29.21124 13
-22.262949 20.606362 -28.96504 2
-22.603599 19.725562 -29.05784 7
-22.859179 19.704262 -28.12534 2
-23.781359 19.987562 -27.95984 6
-24.170629 19.218362 -28.37914 3
-24.785309 18.750862 -27.90724 3
-24.530149 19.218162 -27.07544 3
-24.321269 20.043362 -26.58524 2
-23.373619 20.226462 -26.54644 10
-22.847699 19.611062 -25.94424 5
-23.448379 20.008962 -25.27194 3
-22.644169 19.684662 -24.79134 5
-23.006449 19.254462 -23.94134 1
-23.267269 20.181362 -23.97304 1
-22.572249 19.961862 -23.26404 14
-22.482769 20.645362 -22.59284 3
-21.866919 19.941662 -22.53214 1
-21.354639 19.099062 -22.65694 9
-20.628118 19.458862 -22.22154 9
-20.82123 20.343762 -22.44354 3
-19.878156 20.718962 -22.54434 8
-19.333708 21.519162 -22.77514 3
-18.919179 22.006562 -23.48084 9
-19.021839 21.268962 -24.12704 3
-18.615129 20.536562 -23.62874 1
-17.942479 19.905462 -23.93004 10
-18.165199 20.070462 -24.91424 1
-17.879649 20.241562 -25.81004 8
-17.817839 20.463362 -26.73614 1
-16.881599 20.397762 -26.91284 9
-16.892009 20.618162 -27.88204 3
-16.062459 20.838762 -27.49114 14
-16.569159 21.697962 -27.18214 2
-17.012219 21.930862 -28.07924 4
-17.288239 21.359762 -28.80944 1
-17.720039 21.410262 -29.69344 2
-18.411099 21.534762 -30.38584 3
-18.549969 22.412662 -30.74084 12
-18.270229 21.926862 -31.49274 13
-17.838759 21.073062 -31.44664 10
-18.738579 20.926562 -31.87304 3
-18.379679 20.072562 -31.38354 3
-18.399589 19.552762 -30.56114 5
-17.629429 19.270862 -30.04264 9
-17.132079 18.506562 -30.33534 8
-16.191709 18.844462 -30.27994 10
-16.233759 18.192262 -29.56884 7
-16.188299 18.969462 -28.93104 3
-15.344529 18.595162 -29.06304 1
-15.832869 18.206762 -28.31664 1
-16.597239 17.644362 -28.17814 10
-16.559499 18.342662 -27.49284 6
-17.362569 18.317462 -26.91434 3
-17.744479 17.949762 -27.73504 2
-17.748919 17.060362 -27.21034 2
-18.009359 16.656962 -28.02224 1
-17.728579 16.159062 -28.83824 3
-17.909989 16.220462 -29.77504 1
-18.631559 16.064762 -30.36434 3
-19.527134 15.680062 -30.39834 6
-19.998663 16.210462 -31.07044 9
-20.071373 16.819262 -30.36094 8
-20.715051 16.216962 -29.96064 12
-21.236919 16.647862 -29.21934 6
-22.118229 16.792862 -29.38954 6
-22.818709 17.318462 -29.76174 3
-23.156799 18.172762 -29.48194 3
-22.412129 18.739262 -29.08094 9
-23.253219 18.896162 -28.68514 3
-23.050789 17.975162 -28.39514 3
-22.085859 17.824562 -28.32854 4
-21.234428 17.389362 -28.12044 6
-20.84453 17.829662 -28.84844 9
-20.723672 18.506462 -28.19614 13
-20.870136 18.993762 -27.36854 8
-21.249139 19.018362 -26.47294 5
-21.834649 19.506062 -27.17064 10
-22.477169 18.752362 -27.22324 3
-22.364979 18.647362 -26.22774 5
-23.333589 18.496162 -26.36084 5
-23.412309 17.720662 -26.90024 3
-24.282939 18.119262 -26.59024 3
-24.649109 18.616962 -25.84054 10
-25.268769 19.333662 -26.31934 3
-26.089509 19.307062 -25.87994 14
-26.772989 18.786862 -25.39354 14
-27.105079 18.108562 -24.75774 9
-27.686469 17.796562 -25.42494 5
-27.363899 17.102562 -24.85744 9
-27.613189 16.508562 -24.09994 3
-26.729079 16.406662 -24.30374 9
-27.401399 15.895262 -24.95274 9
-28.167489 16.219662 -25.49154 1
-28.310609 16.877862 -26.13804 3
-29.262459 16.927662 -26.47484 4
-29.449979 16.536162 -27.34634 1
-29.228759 16.647362 -28.31194 1
-28.940859 15.769462 -28.51954 1
-28.239559 16.440062 -28.69424 1
-27.393969 16.393962 -29.08034 4
-26.561049 16.887462 -28.93874 1
-25.712189 16.958162 -28.43934 3
-25.984329 16.620562 -27.58304 1
-25.346689 17.387062 -27.47304 3
-24.560139 17.749862 -27.78354 3
-23.680899 17.395462 -27.92214 3
-22.956679 16.781862 -27.63894 11
-22.696999 15.755362 -27.50124 6
-21.857399 15.466862 -27.86304 6
-20.929324 15.187262 -27.73324 3
-20.963841 15.915962 -28.38614 6
-20.302419 16.650062 -28.23744 15
-19.430341 16.814862 -27.95284 13
-19.305783 16.777962 -27.00894 3
-18.962099 16.761462 -26.11284 3
-18.284159 17.322362 -25.82484 6
-17.731099 16.786162 -25.24744 13
-16.860179 16.936262 -24.77824 10
-16.234579 16.343562 -24.37644 3
-16.262569 15.340962 -24.44664 1
-17.029149 15.209462 -23.85604 9
-16.773779 14.500462 -23.23354 5
-16.180979 14.940962 -22.63304 8
-16.695739 14.666262 -21.85504 3
-16.500559 15.360762 -21.17174 3
-16.960379 15.893362 -20.53444 9
-16.684259 16.682962 -20.08974 4
-16.894499 17.218662 -20.83644 3
-17.533749 16.540062 -21.02604 12
-17.277789 16.846662 -21.83794 5
-17.921809 16.711662 -22.51974 9
-18.381569 15.843562 -22.56614 8
-19.184579 15.322462 -22.28974 3
-20.100094 15.367262 -22.57754 4
-20.060824 16.188262 -23.03604 6
-20.474863 15.742362 -23.80004 1
-19.655691 16.081962 -24.28254 2
-19.485517 16.986662 -24.65884 3
-20.467815 17.088662 -24.58644 1
-20.86982 17.985762 -24.78624 3
-20.986509 18.657662 -25.38684 5
-21.941529 18.393162 -25.17294 5
-21.886269 18.242962 -24.24774 1
-22.556519 17.713262 -23.72974 10
-23.030739 17.848162 -24.56834 5
-23.667659 17.992662 -23.89764 6
-23.240829 18.306962 -23.08584 3
-23.196799 17.423362 -22.69784 1
-23.368029 16.624462 -23.14984 3
-24.209859 16.902262 -22.84644 13
-25.105489 17.223662 -23.08044 9
-24.964009 18.127662 -22.63404 3
-25.082549 18.365062 -23.56134 9
-24.916649 18.629462 -24.44984 10
-25.653949 18.301362 -24.85654 9
-25.734329 18.120762 -25.84584 3
-26.588419 17.687962 -25.70204 9
-26.637419 18.399562 -26.31434 14
-26.518669 18.682162 -27.18714 3
-26.162439 17.919762 -27.61974 3
-27.145149 17.894462 -27.67764 13
-26.594769 18.103262 -28.52104 3
-26.071999 18.586362 -29.24234 3
-27.021069 18.565562 -29.40854 9
-27.616039 18.021562 -28.87174 1
-28.020599 17.656562 -29.68684 1
-28.699869 17.619262 -30.33764 9
-28.405739 16.690662 -30.77304 4
-27.759039 16.929662 -31.36924 6
-26.968349 17.508262 -31.19014 6
-26.558229 18.192762 -31.74154 4
-25.835839 18.584562 -32.26564 3
-25.344179 19.424662 -32.09834 1
-26.155659 19.837162 -31.67524 1
-25.469769 19.753762 -30.96444 3
-26.301849 19.401762 -30.55154 3
-26.802459 20.063162 -29.96674 9
-26.228949 20.479862 -30.60584 1
-27.149299 20.441262 -30.91504 8
-27.743019 20.455962 -30.12384 9
-27.633119 21.260362 -29.64254 10
-26.777429 21.671462 -29.23554 5
-26.412229 21.272062 -28.46684 8
-25.909409 20.523062 -28.79494 5
-25.800459 19.598162 -28.86494 3
-25.080849 18.981262 -28.81494 3
-24.787009 19.808562 -29.05214 3
-24.843449 20.801462 -29.43324 5
-24.545339 20.715062 -28.50414 3
-23.600659 20.638662 -28.69984 11
-23.455829 20.176462 -29.57014 5
-23.326119 19.487262 -30.20484 3
-22.812339 19.286662 -31.06204 6
-21.913199 19.497162 -31.30954 1
-21.977619 20.449962 -31.53324 10
-22.835709 20.815362 -31.77544 4
-23.699069 20.695362 -32.23094 9
-24.449289 20.559162 -31.69374 8
-24.337289 20.517362 -30.76084 1
-24.372439 19.662662 -30.32674 3
-24.016979 19.094162 -30.98354 12
-24.596379 18.639362 -30.35284 3
-24.202079 17.757062 -30.65354 15
-24.076659 17.959562 -29.75704 3
-24.998569 18.224162 -29.47184 3
-24.753649 17.341062 -29.16734 3
-24.494779 16.905162 -29.99904 1
-23.596479 16.738562 -30.04134 3
-22.911219 16.345462 -30.57394 14
-22.088429 16.008862 -30.14064 6
-22.830019 15.769062 -29.61544 6
-22.867139 16.407162 -28.89194 6
-23.547579 16.209962 -28.27964 3
-23.630819 15.277962 -27.79654 6
-24.066849 16.024062 -27.45864 3
-23.509049 16.264862 -26.64554 3
-22.521759 16.632062 -26.45124 9
-21.972689 16.962462 -27.20184 6
-21.148131 16.593962 -27.47564 9
-21.175219 16.842162 -26.53164 5
-20.328294 16.456062 -26.55284 13
-20.106746 15.545462 -26.32674 3
-19.514127 14.852262 -26.08414 9
-19.160439 15.239862 -26.94634 4
-19.115209 15.082762 -27.95694 3
-18.170929 14.837662 -28.23494 5
-18.338679 13.924862 -28.44804 1
-18.267719 13.140562 -29.06144 5
-18.498429 12.452562 -28.44594 9
-17.865299 13.027962 -27.95064 1
-16.956359 13.064062 -27.54244 1
-17.021029 13.121862 -26.59414 3
-17.237689 12.219862 -26.77934 13
-17.457879 12.295862 -25.70424 9
-17.249459 11.396162 -26.01804 1
-18.178229 11.287062 -26.23044 10
-18.662789 12.036062 -26.41224 3
-18.651019 12.383162 -27.32474 3
-19.420123 13.031562 -27.37764 1
-19.612771 13.554462 -28.12444 15
-20.20506 13.432162 -28.82534 8
-20.913023 14.068762 -28.90794 4
-21.660669 14.170262 -29.51214 3
-22.294989 14.813962 -29.53064 6
-23.009209 14.844162 -30.15314 5
-23.793529 14.266562 -29.87774 9
-23.647449 14.890862 -29.17644 6
-23.920089 15.635662 -29.76554 8
-24.221019 16.315762 -29.12314 3
-24.603469 15.655662 -28.55184 3
-24.622139 15.291862 -27.70424 4
-25.013279 16.133162 -27.23364 3
-25.511899 15.484762 -26.75754 8
-24.957399 14.647062 -26.78644 3
-25.316249 13.856662 -27.23614 13
-25.858729 14.271362 -26.53204 3
-26.070009 15.018262 -25.92714 9
-26.788869 15.613562 -25.95074 9
-27.557449 15.753462 -26.68144 14
-27.230819 16.644462 -26.27464 9
-26.646279 16.276562 -26.89224 4
-26.160129 16.886362 -26.30594 1
-25.269849 17.357762 -26.35584 3
-25.577109 17.157562 -25.48044 9
-24.845399 17.767862 -25.20624 13
-23.861489 17.907362 -25.48364 5
-24.212049 17.127062 -25.95374 3
-24.828769 16.425562 -26.18294 3
-25.616409 16.028562 -25.70444 9
-24.925779 15.458262 -25.46844 3
-24.189809 14.944962 -25.48414 3
-24.098719 14.421862 -26.31064 3
-23.591419 14.321062 -27.15344 6
-23.041619 13.583062 -26.73704 1
-22.803879 13.508662 -27.66674 6
-21.926329 13.248762 -27.31524 10
-21.668659 14.020962 -27.87254 1
-21.800999 14.675962 -28.55264 6
-22.713339 14.208462 -28.69214 6
-22.907919 13.366762 -29.04844 3
-22.634939 12.627762 -28.57964 10
-22.445879 12.168162 -29.50324 1
-21.847279 11.481562 -29.47234 15
-21.675079 10.724162 -29.98464 3
-20.832807 10.289962 -29.86794 10
-19.971776 10.409362 -30.42994 3
-19.941874 10.653662 -31.38474 6
-20.365331 10.823562 -32.31864 5
-19.550285 10.821362 -32.84524 3
-19.525842 11.849262 -33.10754 13
-20.119217 11.881562 -33.90564 11
-20.706801 12.410362 -33.32314 5
-21.503419 11.681462 -33.37704 9
-22.173169 11.682562 -32.62354 6
-22.850059 11.710062 -31.90824 8
-22.897439 12.371962 -32.64474 3
-23.844799 12.444562 -32.62304 9
-24.547199 13.142762 -32.61334 3
-25.317499 13.610162 -33.03104 5
-26.153369 14.131962 -33.04574 3
-26.719439 14.418262 -33.71084 1
-26.941149 15.353562 -33.68344 3
-26.005949 15.479162 -33.76114 3
-25.657879 16.035462 -33.05944 9
-25.592509 15.980362 -32.07504 1
-25.343819 15.778462 -31.15874 9
-25.666279 15.540862 -30.26784 3
-25.698989 15.687462 -29.28714 8
-25.920739 14.901562 -28.74244 1
-26.074849 15.033262 -27.82304 4
-26.690589 14.312662 -28.02084 4
-26.487759 13.503062 -27.60904 1
-26.033689 12.961462 -26.98274 1
-26.050509 12.695562 -26.03514 3
-26.781229 13.131662 -25.64624 5
-25.997509 13.544062 -25.37044 3
-25.955679 14.403862 -24.95554 9
-25.258309 13.734662 -24.68704 3
-24.865999 14.615362 -24.72744 3
-25.406729 15.259762 -24.39774 9
-25.806869 14.699762 -23.74354 15
-26.636039 14.963662 -24.17034 9
-27.425739 14.629562 -23.73124 6
-27.709489 13.736462 -23.81044 6
-27.784329 13.976062 -24.76034 9
-27.248929 13.203462 -24.64164 5
-26.324519 12.862662 -24.46084 3
-26.293479 12.815962 -23.47574 10
-25.792039 11.964662 -23.32864 3
-25.298909 12.598662 -22.83004 3
-25.710979 12.088962 -22.16014 1
-26.234749 12.162362 -21.34814 3
-26.930749 12.430262 -21.94464 13
-27.054389 13.409062 -22.04064 6
-27.455209 13.024662 -22.81254 6
-28.043079 12.409162 -23.12434 3
-27.968069 11.616062 -22.57164 13
-27.040669 11.738362 -22.85554 6
-27.555429 11.471662 -23.68854 1
-26.898599 11.820262 -24.30324 5
-25.953199 11.984862 -24.47844 3
-24.891959 11.925862 -24.39524 3
-25.070789 11.294062 -23.63684 10
-25.566989 10.525262 -23.84004 5
-25.776849 9.512162 -23.84924 14
-26.535589 9.041762 -24.21834 3
-26.355879 8.343262 -23.57264 11
-26.768479 7.517362 -23.35324 4
-26.955509 7.768362 -22.47484 9
-26.564939 8.484562 -22.03134 6
-26.891109 9.345962 -21.64974 3
-26.622349 9.626662 -22.52154 3
-25.902819 10.197662 -22.18634 4
-24.914329 10.408462 -21.98284 12
-25.299009 10.624362 -21.05604 3
-24.881899 11.234462 -20.42954 4
-24.270069 10.399262 -20.38204 13
-24.069969 10.979262 -19.62614 8
-23.896599 11.710862 -20.22114 3
-24.493159 12.344162 -19.83654 1
-24.174419 13.177562 -20.15974 1
-24.548049 13.820562 -20.80204 9
-24.170649 14.285062 -21.63374 1
-24.890189 14.958562 -21.78024 6
-25.822009 15.247762 -21.90174 10
-26.419739 15.506862 -22.57364 9
-26.652429 14.554462 -22.42954 6
-25.859749 13.916762 -22.50004 6
-25.247629 13.688662 -23.26294 3
-24.513019 13.853962 -22.67064 3
-24.070409 13.067462 -22.21384 1
-23.985069 12.090462 -22.33874 9
-23.681379 12.077862 -23.25234 4
-24.247329 12.830862 -23.60414 3
-24.345629 12.915962 -24.55864 3
-23.477899 12.459662 -24.59764 13
-22.829179 12.373962 -25.31724 9
-21.987559 12.396862 -25.76274 15
-21.627099 12.156862 -24.91534 5
-20.691046 12.374062 -24.76294 3
-19.874469 12.539362 -24.31794 10
-19.959827 12.936062 -23.45004 1
-19.872151 13.175062 -22.53144 3
-19.244149 13.821662 -22.21564 5
-19.720463 14.565562 -21.71514 8
-19.740975 14.519662 -20.73114 3
-19.96788 15.504962 -20.63344 1
-20.857643 15.472162 -20.94004 5
-20.872268 16.063662 -21.69044 8
-21.744459 16.299662 -22.08294 6
-22.495799 16.188962 -22.72614 10
-22.668619 15.276362 -22.25024 9
-22.352829 14.345662 -22.11484 13
-22.850819 14.556062 -22.99284 11
-23.120879 14.041762 -23.79224 13
-23.475349 13.585762 -24.60674 3
-23.810369 14.570362 -24.53584 3
-23.522509 15.011462 -23.72074 13
-24.479669 14.977562 -23.63614 3
-25.075739 15.488762 -23.20054 9
-24.323749 16.125062 -23.50394 3
-25.173189 16.398462 -23.81524 9
-25.703329 16.462162 -24.60744 9
-24.846649 16.506462 -25.09674 3
-24.182339 16.901462 -24.57684 6
-23.447479 16.307362 -24.63584 3
-22.580269 16.776162 -24.83054 6
-21.874679 16.963162 -25.59674 5
-22.148919 16.031962 -25.40384 4
-22.464999 15.684462 -24.53454 6
-23.152729 15.390762 -25.09784 3
-23.254389 15.298362 -26.11584 3
-22.756359 14.646562 -26.59564 6
-21.838279 14.847362 -26.83244 5
-21.177955 14.893862 -26.11744 8
-21.489989 15.098362 -25.26984 6
-22.158279 14.457362 -25.29814 3
-21.496659 13.674162 -25.11384 5
-21.665879 13.499962 -24.15614 15
-22.445499 13.490762 -24.63604 10
-22.551319 13.454262 -25.53234 3
-23.458719 13.307562 -25.86584 3
-23.603689 12.564262 -26.48724 1
-23.453659 12.435262 -27.46464 1
-24.108289 13.084562 -27.50604 1
-24.756689 12.334562 -27.57754 4
-24.859639 12.573762 -26.68354 1
-24.971329 13.198562 -25.96364 3
-24.359949 12.600062 -25.57264 3
-24.386269 11.675862 -25.82904 10
-24.890229 10.924262 -25.52384 1
-25.556789 11.599062 -25.52904 3
-26.138909 11.135262 -26.19104 1
-26.385679 11.885562 -26.66854 1
-27.230819 12.282362 -26.12564 5
-27.612689 11.912962 -26.89394 14
-27.478689 12.671562 -27.53324 4
-27.225459 11.987762 -28.17104 6
-26.814029 12.505262 -28.82934 9
-27.519539 12.027162 -29.32434 12
-28.028669 12.584862 -28.63504 9
-28.614889 12.251462 -27.90514 4
-29.059559 12.567262 -27.11924 3
-29.019079 13.396662 -26.56974 11
-28.414209 14.097362 -26.75244 3
-27.499969 13.856962 -26.40764 5
-27.941809 14.376962 -25.69204 9
-28.886489 14.319462 -25.35264 3
-29.552779 13.647562 -25.09224 10
-29.762839 14.009462 -24.24924 10
-29.543379 14.700062 -23.62934 6
-29.386659 15.472462 -24.22434 10
-29.778379 16.307162 -23.94864 13
-30.493489 16.934662 -24.01234 8
-30.321189 17.822962 -23.75014 13
-29.585189 17.814162 -23.15244 10
-30.091499 18.015062 -22.36734 6
-29.764209 17.623962 -21.55334 4
-30.430489 16.836562 -21.51084 13
-30.937089 17.250562 -20.82294 3
-31.737089 17.202762 -21.37534 10
-32.178489 17.145262 -20.51964 1
-32.442589 17.419562 -19.60234 4
-33.361989 17.483662 -19.88584 9
-33.516589 16.819362 -19.23794 4
-34.203389 16.239662 -19.22914 4
-34.913989 16.533062 -19.83664 6
-34.640989 15.561462 -19.87624 5
-33.779589 15.346362 -20.17864 1
-32.989289 15.826762 -20.18324 4
-32.490289 15.000462 -20.40904 1
-31.885989 15.475662 -19.81864 4
-31.364489 14.619362 -19.86544 13
-30.956489 13.849062 -19.67204 13
-31.470189 13.665562 -20.50164 13
-32.403189 13.844962 -20.64844 5
-32.430589 14.229562 -21.58094 3
-32.722589 13.278862 -21.54184 10
-32.352689 12.541362 -22.04364 3
-32.290989 11.633662 -22.05264 11
-32.358789 11.195062 -22.91134 10
-33.095189 10.996162 -23.49294 11
-32.327589 11.040862 -24.21344 4
-31.429289 11.285262 -23.95404 8
-31.610589 11.984562 -24.54744 4
-32.348789 11.588262 -25.15084 9
-32.206789 12.529962 -25.43774 11
-31.490389 13.179662 -25.50874 6
-30.815289 13.960062 -25.65624 10
-31.624489 14.423362 -25.81794 4
-31.753189 14.629962 -24.88464 3
-31.227689 14.002262 -24.35464 10
-30.823589 14.184962 -23.52454 4
-30.556489 13.234862 -23.57374 10
-30.850189 12.470662 -24.00994 10
-30.560789 12.183262 -24.89604 3
-29.813519 12.613062 -25.41754 10
-28.798599 12.417562 -25.47344 5
-28.513129 12.982162 -24.77464 5
-28.800129 13.492562 -24.05424 10
-28.458589 13.371862 -23.06474 6
-28.848599 14.076262 -22.45744 6
-29.715559 14.362062 -22.47474 1
-30.317589 14.152962 -21.79204 13
-30.859789 14.972262 -21.86094 4
-31.666089 14.942962 -21.25524 1
-31.351489 14.049562 -21.46704 13
-31.356789 13.559362 -22.29354 13
-32.239789 13.544762 -22.76784 1
-33.008889 14.125262 -22.87544 1
-33.835289 14.438062 -22.49094 9
-33.796789 14.893162 -21.72074 3
-34.615889 15.334362 -21.46734 15
-35.522489 15.256462 -21.14264 4
-36.014789 14.911262 -20.45084 1
-36.462889 14.796462 -21.26254 13
-38.048189 14.338262 -20.39674 12
-37.617589 14.505862 -19.59184 4
-37.268489 15.456062 -19.55444 9
-36.617389 14.645562 -19.19824 10
-36.011689 15.378262 -19.23064 6
-35.792989 15.807662 -18.40534 4
-34.861489 15.978162 -18.08825 4
-34.621589 15.535762 -17.2351 3
-33.880989 15.682462 -17.86708 3
-33.301889 16.205162 -18.49804 4
-33.603189 15.442462 -18.94694 2
-32.888189 15.002462 -19.37314 1
-32.087189 14.730762 -19.02874 13
-32.363589 15.507362 -18.51954 4
-31.829989 16.286162 -18.30064 4
-31.233589 15.633562 -18.07477 13
-31.041289 15.635162 -17.12248 11
-30.595089 16.396962 -16.61525 10
-31.003789 16.265462 -15.7048 10
-31.393289 15.693962 -15.07659 15
-31.301289 15.380462 -14.18667 13
-32.179789 15.310462 -14.39906 5
-32.696689 15.373462 -13.61112 1
-32.878389 16.305562 -13.56812 10
-32.943289 16.871262 -14.38315 1
-32.081389 16.995662 -13.83521 1
-31.438989 17.526462 -14.27228 9
-31.143989 17.104062 -15.06746 1
-30.918889 17.963862 -15.24542 10
-31.218789 17.701462 -16.08625 10
-31.970189 17.098462 -16.08698 1
-32.757789 17.276662 -15.51575 6
-33.625289 17.019062 -15.18759 1
-33.814689 16.059362 -15.28128 3
-33.922689 16.372262 -16.16687 4
-33.755589 16.999562 -16.88659 6
-33.257789 16.984562 -17.70163 4
-32.994689 16.089662 -17.426 3
-32.781589 15.559862 -16.58299 8
-32.369689 14.755362 -16.27754 10
-31.586889 14.592862 -16.79863 11
-31.219889 13.988962 -16.19353 5
-31.924489 13.356362 -16.40051 10
-32.826989 13.387862 -16.10794 4
-33.315189 13.911562 -16.82756 10
-32.547889 13.427162 -17.18238 5
-31.854189 13.551962 -17.90399 8
-31.368289 13.517662 -18.77214 13
-31.339389 12.526162 -18.57454 13
-31.823689 12.062062 -17.80752 4
-32.497889 12.713762 -18.03622 1
-32.366089 12.955262 -18.93544 13
-32.987489 13.655062 -19.18144 6
-33.696789 12.959662 -19.07124 4
-34.307989 12.197062 -18.92684 1
-33.897189 11.308362 -18.79084 13
-33.825589 10.889562 -19.64414 4
-34.256089 11.726962 -19.84624 6
-34.066089 11.259462 -20.67724 9
-35.023789 11.354362 -20.95554 5
-35.462189 10.808262 -21.66014 4
-34.875789 10.052262 -21.56794 15
-34.814389 9.432462 -22.30214 11
-34.798489 8.596062 -21.85554 4
-34.548089 8.541662 -20.89134 11
-33.657989 9.018062 -20.88474 10
-33.262589 9.255962 -20.06354 3
-33.146689 8.306262 -20.07974 8
-32.574389 8.724862 -19.38284 10
-31.711189 9.074462 -19.77064 12
-31.200089 9.821862 -20.04384 6
-30.435789 10.380662 -20.10234 10
-30.989289 11.123262 -19.80514 4
-30.645689 12.097762 -19.93294 13
-31.259889 12.354762 -20.60474 13
-32.124489 11.978962 -20.87114 10
-32.257489 12.881362 -20.37054 13
-33.246889 13.093462 -20.59204 4
-34.021089 13.350262 -21.08094 3
-33.797389 12.635262 -21.70804 9
-34.144789 13.277462 -22.40674 5
-35.113689 13.244862 -22.01254 1
-35.623789 13.896562 -22.65104 10
-35.946189 14.772262 -23.08714 1
-35.426689 15.327562 -22.44984 15
-35.111989 15.865662 -23.29684 1
-34.611789 16.081762 -22.51714 4
-35.165289 16.874762 -22.53864 3
-35.125189 17.554762 -21.85104 1
-35.572989 17.384162 -20.99074 1
-34.660489 17.614862 -20.82874 1
-34.708989 18.155462 -20.05734 4
-33.868589 18.403162 -19.67804 4
-33.853789 18.790862 -18.86974 3
-34.579289 19.302762 -18.40784 10
-35.000189 18.508862 -18.77034 4
-35.267889 19.344762 -19.25764 1
-35.778589 20.122162 -18.95704 1
-35.596389 20.314662 -18.00346 5
-35.305589 21.286362 -17.97666 3
-34.463289 20.869462 -17.77353 9
-33.519989 20.807262 -18.08368 6
-33.219989 21.283162 -17.26868 13
-32.786189 20.993662 -16.48548 4
-31.924489 20.488462 -16.22962 10
-31.648989 19.866562 -16.89039 13
-32.436589 19.607462 -16.50995 11
-32.588589 18.751462 -16.081 6
-31.703689 18.596962 -15.82757 10
-31.725489 19.510462 -15.42487 4
-30.806689 19.965162 -15.54127 11
-30.274989 19.681362 -16.34988 10
-30.123029 19.078762 -17.06786 10
-30.860789 18.597662 -17.338 10
-31.919789 18.625762 -17.14865 13
-32.776389 18.180062 -17.132 6
-32.336189 17.885162 -17.94954 4
-31.978389 18.609862 -18.45514 3
-32.703989 18.181462 -18.88554 13
-33.494789 17.738462 -18.54724 4
-34.301589 18.002062 -18.07884 4
-34.035889 18.020062 -17.19614 6
-34.935389 17.792162 -17.17532 12
-35.605889 17.516362 -17.87593 8
-35.190689 16.905262 -18.61474 4
-35.860589 17.234762 -19.14864 8
-36.693289 16.918662 -18.89234 10
-37.241289 16.623662 -18.19924 1
-37.144689 16.932362 -17.2687 3
-36.871389 16.784162 -16.32303 1
-36.363089 16.519662 -15.54875 4
-35.530589 15.928262 -15.74422 13
-34.988689 15.191862 -16.15638 4
-34.061589 14.966662 -16.21711 10
-34.460289 14.348962 -15.4852 1
-35.056589 13.885862 -16.03561 13
-35.738289 13.721662 -16.65742 4
-36.716489 13.894462 -16.70232 5
-36.441789 14.827662 -16.99351 10
-37.175589 15.371862 -16.85006 1
-37.694189 14.449262 -16.94046 13
-38.519989 14.941262 -17.01311 9
-38.596489 15.494762 -17.78137 10
-39.611089 15.352762 -17.86822 4
-40.400489 15.041562 -17.43273 9
-40.058989 14.867762 -16.54405 10
-40.789889 15.234962 -16.04556 11
-40.609489 14.879462 -15.17874 4
-40.074689 15.706762 -15.04958 13
-39.272489 16.080562 -15.40234 9
-39.921389 16.749062 -15.18023 10
-39.502389 16.942562 -14.32096 15
-39.400089 16.034162 -13.95369 10
-38.548189 16.083162 -14.38175 6
-37.736689 16.783062 -13.97816 3
-36.967489 16.240962 -13.80087 6
-36.841389 17.163362 -13.50716 4
-36.300389 17.897662 -13.8193 13
-36.116989 17.828762 -12.72225 5
-35.222989 18.198662 -12.65661 1
-34.322489 18.142362 -12.3639 3
-33.740289 18.716362 -11.90573 4
-33.222389 18.673662 -12.72832 7
-32.507189 19.260662 -12.96663 5
-33.038389 19.413062 -13.7505 10
-33.904089 19.150562 -14.04925 4
-34.476389 19.081962 -14.83352 8
-35.380589 19.240462 -14.89507 10
-35.973189 19.928862 -14.47057 13
-36.466689 19.217262 -14.89439 5
-36.594989 20.058762 -15.3438 4
-36.587889 19.522062 -16.11442 9
-36.022889 19.196562 -16.8838 10
-35.229389 18.906262 -16.30583 4
-34.376389 18.435262 -16.09173 6
-34.318789 19.409162 -16.00762 1
-33.606789 18.840662 -15.58353 6
-33.096589 19.676262 -15.54644 3
-33.099689 20.123162 -14.63737 12
-33.181289 20.861562 -15.32013 4
-32.401289 21.139462 -14.79058 1
-31.989089 20.493662 -14.27198 1
-31.824189 19.585062 -14.47349 4
-31.208589 18.882862 -14.38979 1
-30.586589 19.631562 -14.407 1
-30.323889 19.061062 -15.19734 10
-29.914929 18.183262 -15.60983 10
-29.863449 18.008762 -16.51782 10
-29.651969 17.130862 -16.81976 10
-29.354299 16.270562 -17.21794 14
-28.530609 16.371962 -17.75572 4
-28.249549 15.892362 -18.53714 4
-28.914409 15.229762 -18.56164 13
-28.954029 15.047562 -17.57933 4
-29.917809 14.965962 -17.68756 11
-29.938999 15.065162 -18.64124 13
-30.436889 15.720862 -19.17494 3
-30.292689 14.884062 -19.71844 13
-29.589879 14.833862 -20.37354 13
-29.623509 15.008162 -21.33874 8
-29.341989 15.688362 -21.91774 11
-28.525709 15.139262 -21.74074 10
-27.582919 15.030762 -21.99484 6
-27.112799 15.856462 -21.75634 5
-26.424969 16.435762 -22.01484 9
-25.534029 16.677862 -21.79114 9
-25.815159 16.562962 -20.88724 6
-26.085659 16.374962 -19.86734 10
-25.958879 16.467862 -18.97154 10
-26.368969 16.547562 -18.17785 4
-25.987459 17.362762 -17.85481 4
-25.076419 17.574062 -17.70792 5
-25.474499 17.995262 -18.52294 10
-25.461419 18.596862 -17.67128 13
-25.897589 18.151362 -16.96962 15
-26.405149 17.423262 -16.47576 4
-26.925389 16.524462 -16.43645 4
-27.311899 17.212762 -15.89855 13
-28.138999 16.828562 -15.54528 10
-28.250189 16.153962 -16.22189 4
-27.830179 15.716262 -15.49227 4
-27.459199 16.349762 -14.87249 5
-27.910599 16.721962 -14.17605 13
-27.463229 17.545362 -14.45099 3
-28.188719 18.251062 -14.5765 1
-28.772479 18.407562 -15.32411 10
-28.497529 19.266462 -15.64554 10
-28.044409 19.764162 -14.96824 1
-28.732839 20.132962 -14.39932 1
-29.288739 20.185062 -13.69813 1
-29.598969 19.306562 -13.90109 8
-29.351659 18.357162 -13.97629 7
-29.947339 17.695262 -14.34673 6
-29.520729 17.154762 -14.99433 10
-29.309679 16.439262 -15.58788 10
-29.114689 15.543162 -15.80928 14
-29.481069 14.863962 -16.48355 11
-28.476879 14.924862 -16.47546 4
-27.770849 14.528062 -16.89232 4
-27.840919 14.506062 -17.88963 4
-28.506949 14.122762 -18.55234 13
-28.074469 14.110262 -19.39404 12
-28.648849 13.758062 -20.02814 13
-28.509199 13.970762 -21.03684 3
-27.715149 14.116062 -21.48204 6
-27.115209 13.999562 -20.78384 4
-26.342269 13.606562 -20.24624 11
-25.802509 14.439162 -19.88974 1
-25.511859 15.194562 -19.29354 10
-25.406609 14.896862 -18.40914 4
-24.481599 14.849262 -18.65464 9
-24.569819 15.760162 -18.59044 10
-24.285339 16.208362 -17.84278 5
-25.223639 16.137562 -17.82902 4
-25.085669 16.802762 -18.52994 10
-24.182059 17.058462 -18.25564 5
-24.434979 17.237062 -19.15794 10
-23.567709 17.715462 -18.98474 1
-22.928589 17.253862 -18.37824 5
-22.623449 18.175762 -18.61124 15
-22.235269 18.996162 -18.30934 4
-23.073979 19.201962 -17.99283 3
-23.340839 19.898362 -17.32742 10
-24.284749 19.758862 -17.19853 10
-24.096069 20.427562 -17.93883 13
-24.475529 21.098362 -18.47714 9
-24.814659 21.872662 -17.99113 13
-25.377199 22.001462 -17.175 4
-25.057369 21.411462 -16.53438 15
-25.975779 21.340362 -16.07992 13
-25.695069 20.473362 -16.37303 13
-26.098439 19.707862 -16.6736 4
-25.477519 19.580862 -17.34316 6
-25.288609 19.603762 -18.32564 4
-26.080489 20.184862 -18.41124 9
-26.482289 21.028562 -18.07319 1
-26.822099 20.809662 -18.98284 1
-27.129269 21.622962 -19.46114 10
-27.905309 22.160362 -19.55234 4
-27.466299 22.424062 -18.71784 8
-27.228639 23.036562 -17.8887 4
-26.830079 22.268362 -17.60615 11
-27.034009 22.255162 -16.64038 6
-27.915609 22.555862 -16.68004 10
-28.328219 21.691462 -17.11411 3
-28.893359 21.294662 -17.79646 4
-29.314919 20.985262 -16.96685 5
-29.344429 20.100362 -16.54114 10
-29.013189 19.924362 -17.39469 7
-28.093469 20.209362 -17.13776 4
-27.681249 19.764262 -17.89407 8
-28.279829 19.078762 -17.64778 13
-29.246959 18.915762 -17.46512 10
-28.931889 18.199762 -16.90608 10
-28.272829 18.438962 -16.33729 10
-27.407619 18.629462 -16.71894 13
-26.909889 18.423562 -17.48286 4
-26.593779 18.324062 -18.41574 1
-26.947559 17.430362 -18.65854 4
-26.727709 17.720762 -19.61894 10
-27.202399 18.547662 -19.87854 1
-27.945809 18.435062 -20.58484 1
-28.827939 18.364162 -20.99374 6
-29.382629 18.612262 -20.25164 1
-30.054959 19.141562 -20.50034 1
-30.350589 19.397062 -19.64764 12
-29.566869 19.023162 -19.16994 6
-29.496069 18.195062 -18.74224 10
-30.387489 17.898362 -18.92674 15
-31.008289 17.590762 -19.54814 3
-31.672989 17.057362 -19.13694 4
-31.444389 17.429862 -18.25674 4
-31.532389 17.451662 -17.25792 5
-30.692489 17.680262 -16.92068 10
-30.628989 17.153562 -17.79553 10
-30.376789 16.749262 -18.67344 5
-29.728599 16.606162 -19.46424 13
-29.737319 17.445762 -19.94204 4
-29.095909 17.018862 -20.58004 14
-28.656329 16.315362 -20.06794 13
-28.017539 15.719362 -20.41604 15
-28.429769 15.057562 -19.79914 13
-27.792399 15.184062 -19.11794 10
-26.801519 15.380062 -19.03084 7
-27.207839 15.595262 -18.21114 4
-27.026199 16.066962 -17.41835 4
-27.770639 16.530462 -17.13159 4
-28.422989 17.264962 -16.95183 10
-27.991389 17.579562 -17.77794 4
-28.123489 18.279962 -18.51844 6
-28.350369 19.140362 -18.79144 1
-28.780939 20.001662 -18.92894 11
-28.499579 20.787362 -19.45464 13
-29.423469 21.031762 -19.44934 3
-29.008599 21.915262 -19.46834 10
-29.260319 21.725762 -20.42814 1
-29.292029 20.939162 -20.98584 9
-28.687959 20.428162 -21.51904 13
-28.834799 19.803462 -22.19664 4
-28.333729 19.197062 -22.82044 13
-27.809789 18.394162 -22.81324 7
-27.056339 17.826462 -22.77934 9
-27.356069 17.741062 -21.86954 11
-26.459819 17.684262 -21.59974 9
-26.582259 18.249562 -20.77674 8
-25.715909 17.903862 -20.41514 10
-24.898249 18.515562 -20.41724 4
-24.303689 17.792762 -20.70434 8
-24.696519 17.064162 -20.21834 10
-23.864249 16.589762 -20.03914 6
-23.389569 15.788762 -19.91604 5
-24.290239 15.603462 -20.18084 10
-24.094519 14.670762 -20.00884 1
-23.399299 14.132962 -20.52314 4
-23.067839 13.276162 -20.68814 10
-22.407889 13.793862 -20.16184 1
-22.172649 14.232662 -19.35064 1
-22.795679 14.867162 -18.98324 13
-22.516609 14.964362 -18.02195 10
-23.475749 15.372462 -17.93268 5
-24.053079 14.716362 -17.48498 10
-24.991249 14.607262 -17.20161 1
-25.930469 14.438962 -17.47805 4
-25.797429 13.934562 -18.30454 5
-26.586949 14.603762 -18.47394 4
-26.847339 13.820062 -18.97704 1
-26.850319 13.068262 -19.60214 3
-27.191419 12.955262 -20.56334 10
-27.861659 12.523662 -21.09934 6
-27.852449 11.865062 -20.38624 7
-28.477749 11.309062 -20.90954 10
-29.370369 11.534162 -21.25334 13
-30.122539 11.532862 -21.92924 4
-30.952489 11.990762 -21.79414 13
-30.755089 12.434162 -22.59054 10
-30.027969 12.688162 -22.00544 13
-29.148749 12.771662 -22.33624 6
-28.988909 12.631062 -21.39224 4
-29.236929 13.562862 -21.64714 6
-29.881319 13.385662 -20.91454 13
-30.619489 13.117562 -20.30044 13
-29.797619 12.736962 -20.00314 13
-28.992699 12.189362 -19.76644 6
-28.413769 12.413762 -18.93074 5
-27.541729 13.013162 -18.76104 9
-27.911499 13.446162 -17.97253 4
-27.758079 13.249662 -17.04859 4
-27.252369 12.546062 -16.6788 9
-26.737569 12.939762 -15.95987 10
-27.234859 13.733662 -16.38541 4
-26.264869 13.852762 -16.20942 10
-26.770029 14.693562 -16.26209 4
-25.826099 14.892062 -16.12773 10
-26.316259 15.566462 -16.69171 4
-25.430619 15.657962 -16.99154 4
-24.948399 15.500062 -16.1208 15
-25.655399 15.720762 -15.43882 4
-25.055129 15.104862 -14.92036 10
-24.950989 15.927262 -14.4284 3
-23.977429 15.790762 -14.5175 1
-23.883449 14.944562 -14.89074 1
-24.409959 14.204562 -15.15921 10
-24.631759 14.280662 -16.09811 11
-24.812349 13.354162 -15.87882 10
-24.224829 13.386462 -16.63479 7
-24.340049 13.546062 -17.55021 12
-24.975349 12.993262 -17.13874 11
-25.344799 12.497462 -16.40388 10
-26.009149 11.818862 -16.61371 1
-26.324839 12.038262 -15.77598 10
-26.747479 11.520062 -15.02665 10
-27.429319 12.107662 -14.58182 10
-27.946849 11.396262 -14.96066 7
-28.555679 10.737962 -14.57704 4
-29.234099 10.766362 -13.84102 13
-29.309239 10.281862 -13.04791 5
-30.099599 10.108162 -12.61669 4
-30.832289 10.232462 -13.32239 10
-31.063789 10.266862 -12.42477 7
-31.926289 9.954162 -12.76751 1
-32.478389 10.088262 -13.57177 3
-33.104789 9.451262 -13.92185 13
-33.054589 9.838862 -14.78806 4
-32.199989 9.676062 -15.20348 10
-32.703789 10.425362 -15.69158 8
-32.933389 10.746662 -16.61214 7
-32.846789 10.470962 -17.63998 4
-32.700689 9.514262 -17.85153 1
-32.353789 9.570962 -16.94917 10
-32.710789 8.690962 -17.06739 1
-32.204789 7.863362 -16.95975 7
-31.399489 7.605962 -16.51885 6
-30.688489 7.859062 -17.0787 12
-29.748929 7.873462 -16.75916 10
-29.306599 8.574362 -17.23315 1
-29.353249 9.193962 -16.45666 4
-29.246949 8.528362 -15.82267 4
-28.412839 8.760262 -16.18537 13
-27.504839 8.764362 -16.43185 5
-27.592969 9.605362 -15.94127 9
-27.430749 10.480862 -16.4344 10
-27.752099 11.369562 -16.78948 9
-28.250889 12.246562 -16.71227 15
-28.857929 13.027662 -16.83748 4
-29.446999 13.715462 -16.55373 4
-30.362989 13.200362 -16.64015 10
-30.923489 13.682562 -17.19444 11
-30.250389 13.804862 -17.87058 11
-30.148469 13.971262 -18.77894 13
-29.436699 13.331862 -18.95394 13
-29.069689 13.148262 -18.06279 4
-29.893629 12.734862 -17.91683 15
-30.056939 12.097962 -18.60824 13
-29.914239 11.206362 -18.24854 10
-30.728589 10.853062 -18.69314 3
-31.618089 10.992162 -18.34614 5
-31.564889 10.427762 -17.59462 10
-31.488089 10.759862 -16.67562 1
-30.775789 10.090062 -16.69866 7
-30.237889 10.754262 -16.24609 4
-29.712139 10.903362 -17.05303 10
-30.091999 11.765262 -17.05532 3
-29.204619 11.852362 -16.8398 1
-29.011569 11.848362 -15.96949 10
-28.570599 12.158562 -15.12649 1
-28.653269 12.815962 -15.7677 4
-29.262739 12.924462 -14.98298 1
-29.474679 13.939362 -15.02466 8
-28.791439 14.478362 -15.40189 4
-28.171109 13.780262 -15.11007 4
-27.422569 13.263862 -14.90382 10
-26.601259 13.580362 -15.21814 10
-26.681499 14.548962 -15.21567 4
-27.336969 15.140162 -14.81827 4
-27.367849 14.621662 -13.99744 10
-27.745619 14.611962 -13.1771 4
-27.546869 13.747062 -12.63206 9
-27.832299 13.543062 -13.5249 10
-27.821669 12.547462 -13.26303 7
-27.584089 11.870462 -12.51441 5
-26.968789 11.778762 -13.26009 10
-26.899129 12.578162 -13.76157 10
-25.978409 12.836962 -13.69451 10
-25.822999 13.093562 -12.77901 6
-25.939679 13.424162 -11.80824 5
-25.972759 14.381062 -11.75133 6
-26.697929 14.395662 -11.12166 7
-26.853639 14.676262 -10.21386 13
-27.684959 14.252062 -10.18715 1
-28.067269 14.911962 -9.47115 3
-28.377579 15.605862 -10.01319 10
-28.029689 15.119162 -10.79823 4
-29.056229 15.024862 -11.02862 10
-29.816409 15.177262 -10.49316 13
-29.879769 16.060462 -10.51554 7
-30.760089 15.885162 -10.09556 13
-30.072939 16.216662 -9.5481 1
-29.317419 16.832162 -9.56791 1
-28.495139 17.386262 -9.84285 4
-27.880429 17.045362 -10.57551 1
-27.121439 17.263962 -10.01114 9
-26.766949 16.757662 -9.197576 1
-26.900559 16.080662 -9.87908 4
-26.181569 15.422962 -9.88859 4
-25.737559 14.977962 -10.60812 10
-24.936559 15.243062 -11.03986 11
-24.574519 15.795162 -10.20972 4
-23.645909 15.687162 -10.2687 8
-23.143209 16.372862 -10.74085 10
-23.648859 16.203462 -11.51674 11
-23.666099 16.712162 -12.36363 3
-23.407729 16.615562 -13.3088 13
-22.818099 16.420162 -14.08448 10
-22.092239 15.903062 -14.461 4
-22.209409 15.175262 -15.08759 8
-22.173089 16.085662 -15.50279 11
-22.781019 16.782062 -15.7391 7
-23.428159 16.662262 -16.39629 5
-24.080699 16.119462 -16.88615 5
-24.947369 16.555662 -16.70431 4
-24.402599 16.992962 -16.07516 5
-25.176089 17.060762 -15.49577 4
-25.932589 17.448662 -15.14108 6
-26.276459 16.572962 -15.09689 4
-26.063369 16.985662 -14.22578 13
-25.846289 17.011462 -13.31705 1
-25.380469 16.262562 -13.01073 1
-25.191579 15.346262 -12.81 6
-25.517589 15.198362 -13.74186 10
-25.972639 16.000762 -13.75875 7
-26.437859 15.430362 -14.48485 4
-26.001429 14.518862 -14.31383 10
-26.405259 14.815062 -13.53432 9
-26.104309 14.347962 -12.73791 13
-25.852619 13.843162 -13.56077 10
-25.729919 13.496662 -14.447 10
-24.837879 13.352862 -14.81749 10
-24.016069 13.749662 -14.2998 10
-23.085779 13.917662 -14.3683 13
-22.371169 13.510362 -14.92178 15
-23.151239 12.847062 -14.57796 10
-24.148439 12.658262 -14.40171 10
-23.766449 12.034262 -15.09593 10
-23.013389 12.156062 -15.60558 9
-23.116219 12.563562 -16.46999 15
-23.976979 12.465062 -16.04875 10
-24.437729 12.100262 -16.77953 15
-24.551769 11.450562 -17.47911 4
-24.376459 10.522962 -17.18124 1
-24.514889 10.653662 -16.19977 7
-24.631319 11.224362 -15.40367 10
-23.951819 10.961462 -14.79873 10
-24.112889 10.120162 -15.2595 4
-23.957789 9.167962 -15.1611 12
-23.315589 9.016062 -14.50478 1
-22.524999 8.402662 -14.6335 3
-22.416829 8.207062 -13.70404 7
-22.307839 7.756362 -12.87992 7
-23.211999 7.639662 -12.52711 7
-23.195449 6.887862 -13.10717 4
-23.641879 6.205662 -12.55398 12
-24.373259 6.303862 -13.11574 1
-24.358139 5.443062 -13.45367 13
-24.907689 4.611962 -13.42051 11
-25.664099 4.197862 -13.78498 10
-26.436679 4.786962 -13.67942 11
-26.561099 3.820362 -13.50722 7
-27.353099 3.834062 -13.04591 9
-26.782809 4.318262 -12.31497 7
-26.197709 3.867262 -11.59638 14
-25.412949 4.448062 -11.74016 7
-25.787999 4.892062 -12.55481 4
-25.996269 5.557562 -11.768 6
-26.110389 6.352062 -12.25618 13
-26.456679 6.218662 -13.18762 4
-26.888089 6.964362 -12.74627 1
-27.387009 7.731462 -12.44553 10
-26.571189 8.251262 -12.66483 4
-25.691989 8.538062 -12.93394 12
-25.091159 8.922362 -12.26124 7
-24.481699 8.978362 -11.47368 7
-24.828239 8.623662 -10.63974 10
-25.054399 7.724362 -10.87002 12
-25.073959 7.852662 -9.89538 7
-24.256099 7.644862 -9.51493 13
-23.486489 7.648062 -8.881785 4
-24.161329 6.957262 -8.680213 10
-23.842769 6.433362 -9.44118 4
-23.978879 5.485562 -9.61726 14
-23.461819 5.811262 -10.44023 12
-23.736319 6.776762 -10.53452 10
-23.163869 6.887462 -11.30848 12
-23.706359 7.742062 -11.41827 1
-23.643679 8.541062 -12.01776 7
-23.141299 9.356362 -11.8208 7
-23.524259 10.207162 -11.73221 7
-24.354559 10.049962 -11.272 1
-24.973219 10.770762 -10.94617 3
-25.403649 10.145462 -11.64506 4
-24.853849 10.335562 -12.42571 7
-25.125919 10.248162 -13.39509 1
-25.351509 11.138462 -13.66758 10
-25.568079 10.876162 -14.59786 10
-25.833329 10.181562 -15.28323 1
-25.938419 11.087362 -15.61828 1
-25.663409 11.802762 -15.04694 10
-25.374459 12.444362 -14.44717 10
-25.286269 12.130062 -13.56327 10
-25.417469 11.858362 -12.60532 14
-25.707269 11.446662 -11.77996 1
-26.525199 11.176862 -11.3853 4
-26.347299 10.504062 -10.70205 12
-26.848819 9.691162 -10.93077 15
-26.636759 9.999362 -11.86056 11
-27.342609 10.528562 -12.28172 7
-26.495139 10.886362 -12.40984 1
-26.452569 10.809062 -13.45049 10
-27.033329 10.179062 -13.91737 9
-26.396339 9.509562 -13.81551 4
-27.008579 9.040262 -14.39796 7
-26.174929 8.569462 -14.26722 11
-25.407389 9.204162 -14.0924 5
-24.517089 8.770262 -14.01702 14
-23.980579 8.693262 -13.13741 7
-23.510049 9.507362 -13.35484 7
-24.202199 9.933662 -13.89016 15
-24.071279 10.856262 -13.83608 10
-23.937149 10.391762 -13.00372 7
-24.495999 11.232662 -12.96107 12
-24.228599 12.107462 -13.383 10
-24.417489 12.815162 -12.77153 10
-24.552709 13.711562 -12.39574 14
-24.301719 13.914162 -13.24432 10
-24.213039 14.824062 -13.52106 10
-23.686909 14.581062 -12.74236 7
-22.879079 15.021862 -12.45851 9
-22.251469 15.745262 -12.61081 13
-22.129429 16.547262 -12.0654 1
-21.309629 16.547662 -11.53594 12
-20.480856 17.000062 -11.12572 4
-19.984119 17.067462 -10.30018 1
-20.125862 17.200962 -9.36251 7
-20.796688 16.489462 -9.069881 1
-20.299067 16.727962 -8.240526 10
-19.97885 16.301162 -7.392486 13
-19.641298 15.575062 -6.84226 10
-20.063263 15.529962 -5.87923 1
-19.522458 14.936262 -5.42397 7
-19.135349 14.236862 -5.85503 7
-18.596119 14.790462 -6.5538 1
-17.657639 14.819862 -6.36337 4
-17.635679 13.895462 -6.1604 1
-16.969879 13.652162 -5.44105 6
-16.786509 14.003462 -4.59673 10
-17.084429 13.814762 -3.72847 1
-16.915579 13.779262 -2.73651 4
-17.536129 14.297662 -2.13782 8
-17.554299 14.341362 -1.1614 4
-17.171029 14.027162 -0.34579 7
-18.029689 14.320762 -0.08724 11
-18.704909 14.293262 -0.71295 10
-19.041249 15.161162 -1.03169 12
-19.807911 14.994562 -1.61215 7
-20.648339 14.479862 -1.77339 11
-21.044291 15.303062 -2.10603 12
-21.028062 16.017062 -1.46594 7
-20.49746 16.742062 -1.2039 10
-20.034419 17.135862 -1.9685 7
-20.50021 17.836962 -2.46393 13
-21.155032 17.849862 -1.80472 7
-21.937929 18.375462 -1.94461 14
-21.347779 18.902562 -2.53369 10
-21.679259 18.841162 -3.40625 10
-21.601049 19.822362 -3.33819 7
-22.423109 20.176262 -3.01704 1
-22.556519 19.502062 -3.66511 13
-22.855879 19.393962 -4.62625 10
-22.989189 19.204862 -5.60956 11
-23.916329 18.983162 -5.44455 15
-24.423159 19.483762 -6.19549 9
-24.176529 18.573162 -6.40592 5
-23.904869 17.643462 -6.53256 1
-24.628769 17.023462 -6.25556 10
-25.184719 16.232362 -6.03504 4
-24.701559 15.843462 -6.81335 10
-24.574899 15.064562 -7.379756 1
-24.624269 14.661762 -8.27381 1
-24.893029 13.741162 -8.147117 16
-24.427679 12.920262 -8.121562 1
-24.049959 12.003662 -8.028423 7
-23.891369 11.288162 -8.719671 10
-23.316079 11.547562 -9.44636 1
-24.183089 11.324162 -9.93614 4
-24.177189 11.676962 -10.79157 1
-23.233259 12.084062 -10.78986 7
-22.475739 11.649362 -11.36522 6
-22.484639 11.009162 -12.10298 7
-23.162099 11.281862 -12.68442 7
-23.130539 12.252262 -12.99587 10
-22.637659 12.521062 -13.78926 10
-22.011089 11.914962 -14.04195 11
-22.458339 11.121762 -14.10359 10
-21.556329 10.980762 -14.14673 11
-21.824459 10.946262 -15.0581 11
-21.401449 10.770162 -15.82777 14
-21.678799 10.821162 -16.74791 1
-22.104689 10.017862 -17.08551 10
-21.454899 9.272962 -17.03442 7
-21.842089 9.678962 -16.19916 10
-22.291659 8.830862 -15.94073 7
-22.767369 8.072362 -15.68265 14
-22.846099 7.114462 -15.51944 4
-22.660949 6.207062 -15.26142 9
-22.712179 5.644762 -14.45567 10
-21.976159 6.050162 -13.99306 10
-22.044829 6.540962 -13.13344 13
-21.588639 6.729862 -12.31634 12
-21.916519 6.949162 -11.45641 12
-21.494569 7.651662 -11.91164 7
-20.554563 7.576962 -11.88341 12
-19.664699 7.600762 -11.48319 1
-18.929359 7.073762 -10.98935 7
-18.345739 6.321362 -10.94341 12
-18.489719 6.006662 -11.87154 4
-18.866349 5.402662 -12.62251 7
-19.555564 4.932062 -12.15212 1
-20.150349 4.369262 -11.66192 12
-20.029976 3.418462 -11.34309 15
-20.667448 2.724262 -11.60476 7
-20.706897 1.955562 -11.08494 7
-19.773737 2.328562 -11.22642 15
-19.189659 2.104462 -11.9569 15
-19.703399 2.817362 -12.47429 10
-20.392827 2.276962 -12.77128 7
-19.948481 1.499162 -12.80729 4
-19.68909 0.967462 -13.61688 1
-19.165109 0.261662 -13.27754 7
-18.837659 0.817362 -12.52899 1
-19.357408 0.104062 -12.11603 1
-19.90505 0.888162 -11.9313 15
-20.831111 0.990862 -12.0172 7
-21.601249 0.967762 -12.56056 7
-21.361209 1.221962 -13.45455 1
-21.072599 1.313162 -14.38312 1
-21.887769 1.880662 -14.64805 1
-22.698619 2.290562 -14.93558 12
-23.430739 2.912862 -14.93328 10
-23.968449 3.718462 -14.64384 10
-23.987089 3.947962 -15.59031 3
-24.301849 4.926862 -15.36318 11
-23.571109 5.486362 -15.12674 7
-23.136399 4.637862 -15.00984 1
-23.228249 4.445262 -14.02069 16
-22.738289 4.103862 -13.21488 7
-22.698339 4.553162 -12.34991 7
-22.375249 5.170762 -11.6196 12
-23.229829 5.523562 -11.52254 12
-24.121949 5.488762 -11.12056 10
-24.764749 5.267562 -10.40881 4
-24.696269 4.348162 -10.71333 1
-23.742879 4.450162 -10.73907 12
-23.462289 3.555762 -10.61725 5
-22.588989 3.906162 -10.29875 12
-22.550219 2.981362 -10.36106 7
-23.364069 2.816262 -9.88659 16
-23.351369 2.055062 -10.50028 7
-23.714819 1.371862 -9.8676 1
-24.571999 0.909162 -9.88266 15
-25.094909 0.174562 -9.6391 15
-25.914089 0.629762 -9.72175 7
-26.856189 0.725862 -9.8879 9
-27.040459 -0.000738 -9.3275 7
-26.595269 -0.838038 -9.59304 15
-25.636049 -1.002938 -9.77394 1
-24.815189 -0.902938 -9.186374 10
-25.287719 -1.740438 -8.813613 1
-24.753219 -1.255938 -8.14689 1
-23.867599 -1.170638 -7.746091 1
-23.417329 -1.152938 -8.601365 1
-22.769399 -0.359138 -8.87309 1
-23.120089 0.539962 -9.146591 1
-22.151029 0.822862 -9.47055 1
-21.781979 0.982562 -10.38555 7
-21.698759 1.657162 -11.04335 7
-22.226989 1.993362 -10.35928 7
-22.282679 2.215262 -9.43352 1
-22.115409 1.953762 -8.447461 4
-21.745429 2.854862 -8.678142 10
-21.538039 2.876362 -9.64642 7
-21.173512 3.626162 -10.21749 12
-20.607575 2.850262 -10.2864 7
-20.322602 3.175862 -9.43038 10
-19.755787 2.422062 -9.61633 15
-19.57115 3.175462 -10.33533 15
-19.177119 3.967362 -10.81284 15
-19.031029 4.929562 -10.98523 11
-19.799996 5.447662 -11.22216 11
-20.742639 5.594562 -11.01662 12
-21.651679 5.272762 -10.81399 12
-21.977889 4.372062 -11.08412 12
-22.374619 3.465262 -11.23415 7
-23.096579 4.031962 -11.44124 10
-23.429989 3.079962 -11.50174 7
-23.333349 2.476962 -12.24092 7
-23.142779 2.876962 -13.01453 16
-22.660799 2.012162 -13.21082 13
-22.327509 2.266662 -12.38966 7
-22.302249 1.439162 -11.96331 7
-23.034489 1.134962 -12.56061 13
-23.832919 1.637662 -12.57092 9
-23.477439 1.631262 -11.6634 7
-23.887709 1.098862 -11.00876 7
-24.479709 1.305962 -11.75018 16
-24.569909 0.715962 -12.48107 13
-24.556629 -0.142638 -12.14086 9
-23.494189 -0.043238 -12.22492 16
-22.910209 0.284962 -11.52518 7
-23.113289 -0.576338 -11.09892 7
-23.640339 -1.308838 -11.41694 1
-23.293879 -2.158338 -11.31128 14
-23.696449 -2.179138 -10.47914 15
-24.088629 -3.085638 -10.53152 12
-24.965609 -3.502438 -10.25588 16
-25.652219 -3.306438 -9.61403 11
-25.601969 -4.034338 -9.081678 4
-25.806759 -3.569238 -8.231897 16
-26.211639 -4.050738 -7.479474 12
-26.966649 -3.862238 -8.035219 7
-27.223749 -4.656138 -8.504106 6
-26.903189 -5.395638 -8.034084 1
-26.512909 -5.563238 -7.1325 7
-25.625559 -5.333538 -7.13741 10
-25.416599 -5.937138 -6.45271 1
-25.780769 -6.835738 -6.52613 12
-25.186759 -7.580798 -6.76934 7
-24.172779 -7.726848 -6.92006 11
-23.713079 -7.119238 -7.49276 5
-23.330019 -6.556738 -6.70821 4
-22.620369 -7.038938 -7.19387 7
-22.436549 -6.821238 -6.28594 7
-21.657289 -6.218538 -6.22124 12
-21.867739 -5.414138 -5.63693 1
-21.364589 -4.625638 -6.16849 11
-21.918469 -4.221638 -6.85397 11
-21.247259 -3.665038 -7.221933 7
-20.737345 -3.928938 -8.000173 15
-20.333738 -4.708238 -7.766682 4
-19.723361 -4.270038 -7.209903 16
-19.268693 -3.676838 -6.58961 10
-19.845547 -2.987138 -6.25059 16
-20.194469 -2.285738 -6.90426 10
-20.424147 -1.511238 -7.379449 15
-20.780392 -0.851638 -7.953004 1
-21.435339 -0.785938 -8.705352 14
-22.115049 -1.181338 -9.24223 15
-21.342689 -1.590938 -9.9258 10
-21.283009 -1.080738 -10.75154 7
-20.34179 -1.177938 -11.01633 16
-20.160648 -0.253938 -10.86993 9
-20.901347 -0.216138 -11.40906 7
-21.370239 -0.176238 -12.24156 7
-20.522998 0.015262 -12.80853 1
-20.821392 -0.070038 -13.69092 1
-20.627747 -0.737438 -14.36475 7
-21.390349 -0.825838 -15.01967 13
-22.184399 -1.355238 -15.16057 1
-22.850239 -1.787238 -14.56787 7
-22.769939 -0.904438 -14.02295 16
-22.076279 -0.779738 -13.29393 12
-22.247319 -0.836738 -12.32813 7
-21.522079 -1.381238 -12.0633 10
-21.511019 -2.312038 -11.9743 1
-22.147779 -1.958038 -11.39235 12
-22.369399 -1.346638 -10.70886 7
-22.955649 -1.715238 -9.85304 12
-23.622889 -1.089138 -9.92879 13
-22.957919 -0.364338 -9.87875 1
-22.428699 0.176862 -10.47179 7
-21.857529 -0.118438 -9.71361 9
-21.373939 -0.023238 -10.5374 7
-21.005424 0.622262 -9.81289 7
-20.799442 0.651762 -8.88401 16
-20.300215 1.301362 -9.44408 7
-19.96937 1.610962 -10.29269 15
-19.83014 0.712562 -10.44084 7
-18.921629 0.811962 -10.1394 15
-18.135049 0.447462 -10.30362 11
-18.219639 1.354962 -10.61388 15
-18.293589 2.006262 -11.34871 15
-17.374049 1.805462 -11.22109 4
-16.754949 1.350062 -11.81695 6
-17.318909 1.084462 -12.58096 7
-17.710399 0.431562 -13.29975 9
-17.338589 -0.052538 -13.98148 12
-16.995179 0.662562 -14.62763 7
-16.164509 0.169162 -14.94545 11
-15.913399 1.048262 -14.55272 11
-16.020059 0.698962 -13.65342 1
-15.354799 0.016162 -13.30105 12
-15.561339 0.176762 -12.35268 11
-14.712479 0.754462 -12.21971 13
-14.617549 -0.224838 -12.133 1
-13.992819 -0.540238 -12.79354 16
-13.331599 -1.239238 -12.64545 7
-13.028179 -2.188938 -12.87842 16
-12.852259 -2.967238 -13.39699 7
-13.529559 -2.446338 -13.76515 10
-13.897749 -2.331538 -14.61201 1
-14.013219 -2.194538 -15.56596 12
-13.884469 -2.324738 -16.58057 10
-14.536329 -3.001038 -17.02029 4
-15.428009 -2.857038 -17.48008 16
-16.241389 -2.831838 -16.9636 7
-16.748029 -2.253038 -17.65652 5
-17.537639 -2.513438 -17.11666 14
-17.786459 -2.582238 -16.1829 10
-18.336049 -2.945238 -14.42366 12
-17.616299 -3.534638 -14.16648 16
-17.062419 -3.760238 -13.42573 7
-17.707059 -3.039038 -13.22508 16
-16.868339 -2.506838 -13.59954 7
-16.538929 -2.354638 -12.72124 7
-17.516759 -2.167338 -12.73987 1
-17.921139 -1.684338 -13.49143 1
-17.933489 -1.036738 -14.17206 15
-18.132669 -1.142138 -15.12362 1
-18.409459 -0.206138 -15.16168 1
-18.956479 0.521862 -15.38685 15
-18.502749 1.330562 -15.79372 7
-18.951079 1.817962 -16.56576 10
-19.501895 2.242862 -15.95519 1
-18.933939 2.362862 -15.12841 7
-19.871376 2.471162 -14.8816 12
-20.321137 2.496062 -13.96815 16
-21.096151 3.055762 -13.79733 1
-21.830769 3.149562 -14.46172 1
-22.013439 2.573162 -13.70526 15
-21.796209 3.027762 -12.88205 7
-21.707769 2.992262 -11.90804 7
-21.202144 3.709862 -11.57887 12
-21.640909 3.972662 -12.35912 7
-21.643329 4.093462 -13.31951 8
-20.84279 4.457262 -12.89883 7
-21.047624 5.299462 -13.45713 13
-22.083299 5.069262 -13.34222 5
-21.708269 5.496962 -12.54232 12
-21.586879 5.932762 -11.63665 12
-20.731066 5.876662 -12.06241 13
-20.173306 5.525262 -12.79969 13
-20.088661 6.478662 -12.92916 15
-20.522981 7.323862 -13.01248 16
-20.847102 8.201262 -12.81171 9
-21.773369 8.576562 -12.78597 7
-22.161209 9.281362 -12.25406 7
-22.039799 9.518362 -13.22457 7
-22.536889 10.281862 -13.53888 1
-22.427279 9.699862 -14.27656 12
-21.516099 9.820862 -14.08226 11
-21.216588 8.972862 -13.71358 7
-20.443525 9.457162 -14.17821 11
-19.785684 10.183462 -14.37261 11
-18.787929 9.947762 -14.35244 1
-18.893999 10.194662 -15.24889 16
-19.47629 9.416962 -15.16837 1
-19.957537 10.261762 -15.38249 11
-19.710997 10.028562 -16.24813 12
-18.920899 9.758362 -16.80666 9
-17.975579 9.704962 -17.00329 5
-18.298139 9.266962 -17.74155 15
-18.499899 8.441662 -18.14175 7
-19.29067 8.053762 -18.47754 16
-18.952579 7.298762 -17.87258 7
-18.635659 6.776562 -18.60594 14
-18.219629 5.977462 -18.84654 7
-19.015969 5.444662 -18.62374 16
-18.818389 5.135362 -17.66561 7
-18.517539 4.283762 -17.40115 16
-17.705309 4.581962 -16.97301 16
-17.952079 4.015362 -16.17368 7
-18.278749 3.048762 -16.08965 10
-18.335279 3.198662 -15.12073 4
-17.558399 2.720262 -14.71604 10
-17.899359 3.195062 -13.86381 7
-18.538469 3.081862 -13.15534 7
-18.625049 3.426262 -12.25189 15
-17.798089 3.733462 -11.96 12
-17.011469 3.270762 -12.17236 1
-17.075329 2.833662 -11.28684 1
-17.922089 2.773062 -10.76912 15
-18.530939 3.286262 -10.23498 15
-18.254959 4.258262 -10.27923 12
-17.518769 4.929362 -10.17621 7
-16.792079 4.267162 -10.49259 7
-16.792389 4.160062 -9.48842 1
-17.577269 4.416862 -8.945064 11
-18.429609 4.107462 -8.700991 1
-19.077149 3.487462 -9.045609 16
-19.827104 4.116462 -9.26389 11
-20.624483 4.347262 -9.75011 12
-19.923835 4.973762 -10.15072 12
-19.151719 5.333262 -9.75028 16
-19.180199 6.320262 -10.03873 1
-18.851359 6.198762 -9.153837 7
-18.115609 6.736062 -8.803575 12
-18.267869 6.929262 -7.859246 7
-18.456159 6.335762 -7.09926 16
-18.976959 6.472662 -6.33042 6
-18.920549 7.479662 -6.48062 7
-18.112779 7.837062 -6.27378 13
-17.698719 8.658862 -5.89558 7
-17.012039 9.314462 -5.49249 13
-17.272239 9.756962 -4.66424 15
-18.152439 9.805362 -4.12164 11
-18.415569 9.064862 -3.5532 11
-18.529959 9.495962 -2.66905 8
-19.230309 9.027362 -2.10484 11
-19.989116 8.430662 -2.05108 15
-19.863856 7.439962 -2.0855 7
-19.835489 6.436362 -2.12385 12
-20.339555 6.833062 -2.85552 7
-20.994499 7.583662 -2.73661 4
-21.796719 8.113462 -2.58067 15
-22.550399 7.600762 -2.29238 9
-22.541199 7.093462 -3.09977 16
-23.479419 6.750362 -3.32198 7
-24.085399 6.208862 -3.87622 15
-24.332639 7.191862 -3.9273 7
-24.388319 7.177362 -4.86191 1
-24.558119 7.287662 -5.79988 7
-25.165519 8.133862 -5.85935 1
-24.453269 8.903762 -5.80722 7
-23.665339 9.399062 -6.09874 1
-22.765699 9.718362 -5.98116 16
-22.477049 10.640262 -6.06606 1
-22.048229 10.784062 -6.90124 1
-21.077686 10.829062 -6.66 11
-21.451929 10.808062 -5.79768 1
-21.627179 9.961962 -5.42663 7
-21.954189 9.113662 -5.14968 1
-21.879489 8.758662 -6.01168 7
-22.529129 8.116162 -5.67545 1
-23.453629 8.045062 -5.84546 11
-22.993239 8.641762 -6.50035 5
-22.581009 9.200462 -7.13666 15
-22.324639 9.549262 -8.058382 16
-22.268689 8.910662 -8.78174 14
-21.438979 8.495962 -9.104599 16
-20.668016 8.799962 -9.65513 12
-21.086724 8.750262 -10.47974 7
-20.694142 7.969062 -10.95654 7
-21.217443 7.353362 -10.30404 12
-20.17721 7.335862 -10.13326 15
-20.397113 6.391262 -10.41321 12
-20.101692 6.123562 -9.53338 7
-20.057288 5.592462 -8.713647 16
-19.761095 6.430762 -8.47437 7
-19.773668 6.382262 -7.440017 1
-20.408373 7.017262 -7.641805 1
-21.266539 6.951962 -8.0914 11
-20.888118 6.864462 -8.968051 7
-21.540029 6.334562 -9.42734 12
-21.146565 5.904462 -8.605442 11
-21.486329 5.109362 -8.993094 12
-22.013969 4.420362 -8.558009 16
-22.786839 4.643162 -7.945896 1
-23.002269 3.728662 -7.98229 1
-23.854529 3.353762 -7.893036 16
-23.951609 4.271462 -8.217417 15
-23.479629 4.353962 -9.000841 7
-22.748439 4.659062 -9.49856 12
-22.860939 5.550162 -9.175283 13
-22.147249 5.618562 -9.93114 12
-22.618989 6.417062 -9.84366 16
-22.335059 7.131262 -10.43151 12
-21.958369 7.935362 -10.87738 7
-22.104229 8.492562 -10.065 9
-22.174459 9.438362 -9.9807 13
-21.729739 9.538362 -10.83965 7
-22.401329 8.974262 -11.03694 7
-23.277399 8.665862 -10.84529 12
-23.114189 9.497762 -10.54537 8
-22.788109 10.380862 -10.36122 7
-22.237709 10.642462 -9.62157 5
-21.451559 11.060462 -9.3661 1
-21.124837 11.200962 -10.30144 15
-21.295539 10.612962 -11.0192 8
-21.265679 9.893262 -11.70194 7
-21.798649 10.349662 -12.41989 7
-21.209837 10.963462 -12.88643 11
-20.177844 11.072162 -12.97581 11
-20.321505 10.363362 -12.2297 7
-19.658257 10.880862 -11.81228 15
-19.788934 10.396462 -10.97864 15
-19.696721 9.500962 -10.64932 1
-19.672881 9.157362 -11.57962 1
-20.392065 8.813162 -12.10643 7
-20.019821 9.088562 -12.91125 7
-19.653929 9.961762 -13.31648 11
-18.822259 10.251062 -12.90884 11
-18.344049 9.791962 -12.14468 15
-17.553559 10.275862 -11.87533 7
-16.766679 9.779762 -12.10905 1
-15.992349 9.179962 -11.86343 1
-16.209529 8.740062 -11.02489 7
-15.599279 8.585562 -10.28264 12
-16.328519 9.082962 -9.75853 16
-15.910879 8.720862 -8.958048 1
-16.574149 9.313862 -8.66189 16
-16.282119 9.739962 -7.752006 16
-15.954029 10.261562 -7.0013 10
-16.703589 10.180662 -6.38115 1
-17.415779 10.703962 -6.06158 1
-18.080169 11.320762 -6.45948 14
-18.902599 11.758562 -6.56412 16
-19.285612 11.288062 -7.412843 16
-18.523349 10.766262 -7.632665 1
-17.887089 10.785062 -8.447468 1
-18.246639 10.751262 -9.35216 1
-18.557749 10.464962 -10.21797 15
-19.440404 10.990262 -9.98523 15
-19.867426 10.170862 -9.64848 12
-20.540129 10.372162 -8.969922 1
-20.624558 10.705162 -8.0918 1
-20.643947 11.529462 -8.696393 5
-20.612042 12.461662 -8.922363 15
-21.249059 13.237262 -9.194062 16
-21.218312 12.859062 -10.14713 12
-20.603542 13.547562 -10.40232 16
-20.380912 12.518662 -10.51196 15
-21.039394 12.610962 -11.13434 12
-20.806328 13.473762 -11.39374 16
-21.086556 14.366162 -11.30905 16
-21.584869 14.415962 -12.16741 7
-20.853328 15.032062 -12.56757 16
-20.671475 14.246462 -13.05425 16
-21.14612 13.380562 -13.3632 8
-21.352119 12.721262 -14.10101 11
-20.4309 12.539362 -14.25421 11
-20.061091 13.171962 -13.69557 8
-19.780003 13.751962 -13.00944 16
-19.128199 14.019562 -12.26818 16
-18.292529 13.523162 -12.3414 16
-18.160309 12.848162 -12.93547 16
-19.004039 12.630762 -13.52168 16
-18.815759 11.877062 -14.21655 11
-17.846789 11.954762 -14.25657 13
-17.431299 11.097862 -14.02022 1
-18.329939 10.980362 -14.29637 11
-17.969199 10.658962 -15.08919 1
-17.668189 11.399162 -15.57491 1
-18.557669 11.606762 -15.39167 11
-18.616179 12.515962 -15.1383 16
-19.138069 13.197162 -14.75685 11
-18.772969 14.127262 -14.57305 1
-17.815209 13.841562 -14.73417 1
-17.688089 13.556562 -13.71431 16
-16.864989 13.125162 -13.55651 16
-16.698479 12.636862 -14.43661 1
-15.850859 12.307462 -14.339 1
-16.153549 11.449162 -14.60612 7
-15.959759 10.616562 -14.03012 1
-16.185049 9.688362 -13.7142 16
-16.977809 9.550162 -13.25886 5
-17.832519 9.853462 -13.06206 12
-17.977449 10.795162 -13.21865 12
-18.531079 11.485562 -12.95386 11
-18.582109 12.046762 -12.1776 16
-18.278349 11.212562 -11.82866 15
-17.948949 11.831662 -11.16778 16
-17.841229 10.851162 -10.88443 15
-16.903019 11.159562 -11.0986 1
-16.768769 11.787262 -10.32462 12
-17.051099 12.359862 -11.05697 16
-16.374949 11.949362 -11.5882 7
-16.741539 12.317362 -12.39752 16
-15.950489 12.673462 -12.08279 5
-16.652519 13.186562 -11.60122 16
-17.058619 13.544062 -10.82203 1
-17.557779 13.880062 -11.56377 16
-17.014079 14.481062 -12.06219 16
-16.905039 15.430562 -11.90303 15
-17.272359 16.209162 -11.50342 1
-17.553359 15.580762 -10.85149 7
-18.229729 14.883862 -10.84356 16
-17.384719 14.681662 -10.32229 13
-17.750969 13.933762 -9.78546 1
-17.182639 13.124162 -9.79113 1
-17.846899 12.501762 -10.118 15
-18.052339 13.114362 -10.82243 16
-18.661129 12.811762 -11.46541 16
-19.499854 12.268762 -11.40369 15
-19.587055 13.212562 -11.42735 16
-20.182334 13.068262 -12.22774 16
-20.759426 12.547262 -12.82596 11
-21.279579 11.918062 -12.36196 12
-20.355972 12.026862 -12.09904 1
-19.723536 12.012462 -12.77751 16
-19.815489 11.933262 -13.74484 11
-20.251396 11.233362 -14.31483 11
-20.319568 11.272362 -15.29 11
-20.67632 11.787362 -16.06472 16
-20.548633 12.486362 -15.40258 11
-20.929666 13.008762 -16.16542 12
-20.176779 13.543262 -15.92568 12
-19.990522 14.388162 -16.30464 16
-19.172439 14.716762 -16.6699 1
-19.583004 15.415062 -17.2738 16
-18.742529 15.672562 -17.75125 15
-18.246569 16.455062 -18.0305 1
-18.827809 16.860462 -17.42395 8
-19.570418 17.130962 -16.7942 15
-20.452825 16.863262 -17.00523 12
-21.445769 16.777962 -17.06861 1
-22.290949 17.014462 -17.35998 5
-22.346259 16.413662 -18.12034 5
-21.529369 16.107762 -18.48494 8
-21.735959 16.586962 -19.33794 1
-21.701669 17.189162 -18.56854 7
-21.219981 17.606662 -17.8452 15
-20.295508 18.043262 -17.72283 8
-20.186536 18.969862 -17.84067 16
-21.189676 18.985462 -17.8954 16
-21.179194 19.814262 -17.28933 7
-21.298699 20.661662 -16.74329 1
-21.268189 21.268062 -16.00515 1
-20.526291 20.962462 -15.47662 16
-20.853586 21.605762 -14.85302 9
-21.051483 21.255162 -14.01922 1
-21.187049 20.383462 -13.66639 12
-20.456578 20.558062 -13.00774 1
-19.924562 19.880962 -13.43412 13
-19.710597 19.419562 -14.26086 1
-20.495437 19.075162 -13.81063 14
-19.820544 18.452262 -13.53559 16
-19.195879 18.182562 -12.82507 12
-19.467327 18.042062 -11.92922 1
-18.490129 17.837262 -12.09723 7
-18.090549 18.183362 -13.00936 1
-18.601329 18.595762 -13.6991 16
-19.147199 17.841762 -14.04831 15
-19.674617 17.098262 -14.20983 7
-20.63186 17.073162 -13.89208 5
-20.42979 16.323562 -14.53198 16
-20.052996 16.327762 -13.73174 8
-19.56412 15.901862 -13.07278 16
-19.093639 16.452262 -12.36761 5
-18.955479 15.497262 -12.13361 16
-19.279554 14.784162 -11.63222 16
-20.22751 15.225162 -11.54776 16
-20.241202 15.447562 -10.55544 11
-19.944214 14.842062 -9.89417 16
-20.209235 13.942862 -9.49523 15
-19.624149 14.206462 -8.808663 11
-19.091209 14.482062 -9.56281 1
-19.115249 14.571862 -10.51152 16
-19.334532 13.658262 -10.27368 16
-18.892659 12.883562 -10.30516 12
-19.350847 12.055262 -10.3139 15
-19.188719 11.941962 -9.36265 15
-18.314529 12.212562 -9.178605 16
-17.425989 12.116462 -8.85061 12
-17.190139 13.096662 -8.708696 16
-16.363059 13.569062 -8.445211 1
-15.806129 12.859162 -8.706743 11
-15.417849 13.156762 -7.85481 1
-15.044559 12.408962 -8.274336 1
-14.770109 12.477362 -9.20691 1
-13.946859 12.265462 -8.843864 16
-13.777699 13.146962 -9.083575 1
-14.282199 13.846962 -9.50386 7
-14.458219 14.389662 -10.3148 5
-14.815919 15.106762 -10.89876 7
-15.005659 14.810662 -11.8894 1
-15.499059 14.418662 -12.57102 1
-16.145559 13.787762 -12.90995 16
-16.915439 14.387462 -13.19162 1
-17.846459 14.426362 -13.05747 16
-18.730259 14.820562 -13.01628 16
-18.827809 15.392662 -13.83378 11
-19.34712 14.594662 -13.8297 16
-20.189297 14.901462 -14.22449 12
