-38.93474 29.547277 -7.205949 14
-39.72024 30.016277 -7.581849 2
-39.76934 30.893877 -7.928349 1
-40.38624 30.886577 -8.661949 1
-40.90424 31.317477 -7.908949 16
-41.17954 31.513977 -6.993049 1
-40.43504 31.185977 -6.490349 1
-39.78294 31.474277 -5.861749 1
-38.79624 31.558577 -5.896449 2
-37.90734 31.840977 -6.164549 1
-37.05684 31.303377 -6.347249 1
-36.28924 31.201377 -5.729249 3
-35.59214 31.042477 -5.115249 4
-36.29064 31.540177 -4.577049 12
-36.45614 31.341177 -3.704649 1
-35.65894 31.869177 -3.326649 9
-35.48234 32.806977 -3.188249 1
-35.32614 32.716777 -2.196349 13
-35.05414 32.600477 -1.266849 9
-35.72024 31.913877 -0.962049 15
-35.87064 31.008677 -0.566349 2
-36.37494 30.286277 -0.147949 2
-36.68844 30.447877 0.845651 1
-36.14284 30.592677 1.680951 8
-35.46434 29.948677 1.875651 2
-34.55754 30.184477 1.658851 11
-33.86424 29.512477 1.311851 5
-33.83964 29.204777 0.352151 14
-34.65604 29.076777 -0.233549 15
-35.42794 28.717077 0.368251 8
-34.67494 28.418177 0.865951 6
-34.29984 28.181377 1.742551 14
-35.01794 27.437777 1.759351 1
-35.30964 26.869277 2.567651 8
-35.87544 26.111077 2.395351 2
-35.14704 26.269377 1.873951 2
-34.24104 26.609177 1.729651 14
-33.34584 26.931277 1.430351 6
-33.04684 26.996077 2.316851 14
-32.84494 26.070177 2.445051 2
-33.65154 26.421477 2.989851 14
-33.85624 25.726677 3.656851 2
-33.63204 25.413677 4.517251 12
-33.07524 26.164277 4.803851 6
-32.95454 26.507077 3.947351 14
-32.84584 25.568477 3.834051 1
-33.29514 24.661977 3.684051 2
-33.70594 24.162777 4.390051 11
-34.56104 23.896677 4.211051 2
-34.62414 24.894477 4.334651 2
-35.36764 24.580077 4.825451 2
-35.05724 24.599977 5.701551 1
-35.04154 24.305977 6.649951 5
-34.42404 25.004877 6.414351 2
-33.95254 24.199777 6.148251 7
-34.39684 23.390177 5.957551 5
-34.72954 23.192977 5.070751 2
-35.47364 23.599877 4.582951 2
-35.82624 23.033777 5.363251 3
-36.09314 22.427377 6.043751 5
-36.83294 22.464977 5.367951 14
-37.64534 22.880377 4.925251 14
-37.91764 23.091977 5.844151 1
-38.81154 23.212877 6.446851 2
-39.36984 23.901977 6.890051 1
-39.54964 24.745377 6.350551 8
-40.07864 24.914777 7.187851 8
-40.95934 25.143277 7.494251 9
-41.17154 24.817877 8.409851 14
-41.94794 25.141177 8.975551 1
-42.90294 25.002277 9.009151 2
-42.79464 24.122177 9.226851 1
-42.83784 23.146577 9.054351 9
-41.97464 23.344477 9.331251 15
-41.68214 23.123777 10.226651 14
-41.72624 22.159677 10.660951 10
-41.54954 21.726577 9.794251 14
-41.45904 20.755977 9.475051 8
-42.24414 20.656977 8.904651 2
-43.02324 20.580277 9.418651 1
-43.90864 20.920677 9.343451 14
-43.73234 21.078177 8.366251 11
-42.99054 21.089477 7.852651 12
-42.12634 20.664977 7.735451 8
-41.44454 20.355377 7.135651 1
-41.15704 21.192277 6.756751 15
-40.53484 20.826177 6.033451 2
-39.71634 21.098477 6.533151 2
-39.18684 21.236777 7.311451 2
-38.57354 21.050677 8.007451 6
-38.22174 20.159177 7.798451 1
-38.91194 19.509977 7.597951 1
-38.40574 18.646577 7.647051 14
-39.24704 18.134577 7.572851 1
-40.15734 18.519877 7.546151 7
-40.13624 19.397877 7.181151 1
-39.55024 19.866277 6.499051 2
-38.94604 19.374277 5.903451 2
-39.25194 18.572777 5.520951 1
-39.51474 17.577077 5.316351 1
-39.04094 17.730577 6.139751 1
-38.17354 18.081477 5.928851 1
-37.83864 18.907477 5.703651 2
-36.95154 18.478977 5.629551 3
-36.40414 18.687177 4.879651 1
-36.97944 19.452077 4.938151 14
-37.83204 19.369277 4.590451 5
-37.98704 20.161477 4.102151 14
-38.12694 20.836577 4.731051 14
-38.75014 20.093477 4.779251 2
-38.31834 20.165077 5.659051 2
-37.52614 20.727377 5.508551 14
-36.67084 21.140177 5.393651 14
-36.18264 20.938677 6.340051 5
-36.74644 21.677977 6.542851 5
-37.59184 21.786177 5.931051 14
-38.07994 21.588177 6.727551 11
-38.66954 21.171077 6.067851 2
-38.51584 21.748077 5.322851 14
-39.45124 21.576077 5.511551 2
-40.23604 21.228777 5.092851 2
-40.94244 21.821777 4.829651 2
-41.33844 22.683577 4.623151 9
-40.56574 22.785977 5.155951 2
-39.71164 22.732877 5.664951 2
-39.72104 23.695877 5.984951 8
-40.32824 23.939077 5.348051 8
-40.69644 24.118777 4.417551 15
-41.54034 24.598777 4.472251 15
-41.96474 25.439377 4.776051 8
-42.16434 26.193977 4.180251 1
-42.97924 26.694377 4.539451 2
-43.10654 27.629177 4.765451 1
-42.67434 27.309077 5.568451 6
-42.54484 26.427177 5.935351 15
-41.98974 25.573077 5.922551 8
-41.93074 25.082777 6.762051 1
-41.61404 24.202377 7.054851 9
-41.75844 24.140777 6.092651 8
-42.72594 24.132977 6.023251 12
-43.44624 24.704177 6.126751 14
-44.00024 24.375177 5.456251 2
-43.74374 23.773877 4.733851 14
-44.40914 23.059677 5.128551 2
-43.62184 22.443177 5.069051 6
-43.16104 23.196877 5.469051 12
-42.43154 22.558277 5.711651 3
-41.46974 22.364477 5.690251 2
-41.12354 22.419277 6.587751 2
-40.94354 23.232977 6.254951 8
-40.19444 22.764477 6.694051 2
-40.19344 21.918177 6.980051 2
-40.57764 22.349877 7.802551 1
-39.66924 22.532577 7.986351 1
-38.91714 22.654677 7.375951 2
-37.96664 22.808577 7.366651 1
-37.01354 23.037377 7.244751 11
-36.09564 22.696777 7.281851 5
-35.15224 22.577677 7.450851 5
-34.57974 22.331477 6.701551 5
-33.94504 22.085477 5.925151 1
-33.23724 22.825477 6.126551 2
-33.49404 22.969477 5.216951 6
-33.85764 22.882077 4.226851 2
-33.50074 22.139377 3.810651 1
-34.46214 21.856277 3.613351 2
-35.08484 21.097377 3.801551 14
-35.24314 21.848677 4.376551 2
-35.70754 21.491677 5.129151 3
-36.37524 21.574577 4.415851 14
-37.09434 21.492777 3.818751 14
-37.13914 20.705677 3.298151 14
-36.87444 20.008177 2.714051 2
-36.64434 20.675077 2.109151 15
-36.30614 21.404677 1.645151 6
-35.95424 21.609777 2.540451 14
-36.42424 22.407077 2.210551 2
-37.14374 21.865177 2.597451 15
-36.59444 22.073277 3.286951 14
-35.69514 22.281177 3.379751 15
-35.86164 23.270577 3.525351 2
-36.31574 23.964077 3.017351 2
-37.22954 23.875977 2.977151 9
-37.39914 23.201277 3.736551 5
-37.68844 22.288977 3.804351 14
-38.49354 22.102877 4.220451 14
-38.91764 22.700077 4.905651 2
-39.34054 23.587077 4.611351 8
-39.89374 23.114677 4.023651 2
-40.72034 23.373377 3.614451 9
-39.98014 23.931577 3.328251 1
-39.96544 24.581777 3.977251 1
-40.29424 24.981577 4.802851 8
-40.17504 25.285677 5.653651 8
-40.82694 25.456877 6.308451 8
-41.17884 26.245277 6.757551 2
-41.84644 26.862977 6.548851 7
-41.56764 26.907277 7.450351 4
-41.01744 27.520077 7.901051 2
-40.73434 26.626677 8.151851 1
-40.70294 27.024577 9.002351 1
-40.33324 27.953977 9.132751 2
-40.15294 28.414177 8.345951 1
-40.62344 28.393977 7.439651 3
-40.43194 28.094377 6.543451 3
-41.34534 28.450077 6.288751 1
-41.82994 28.344977 5.459451 2
-41.51074 28.753077 4.678051 14
-40.74904 29.045777 4.149151 2
-40.10934 28.680177 3.516451 2
-40.47414 27.817377 3.347051 14
-39.61494 27.586377 3.924951 6
-39.75034 27.819577 4.853251 10
-39.31564 27.880177 5.738851 1
-38.75694 27.217677 6.163551 2
-39.17744 26.500877 5.741651 8
-39.12484 25.535477 5.642151 8
-38.31754 25.415177 6.095151 12
-37.70614 24.989077 6.732051 3
-37.59814 24.033277 6.612251 2
-37.03404 23.809277 5.844351 6
-36.75384 23.479977 5.009751 14
-36.53314 24.516077 5.003551 1
-36.69404 24.452977 4.029351 2
-36.37564 25.197077 3.533351 2
-37.03034 25.712277 4.001351 8
-37.73614 25.812177 3.323551 3
-37.29274 24.980177 3.076951 2
-37.34784 24.752877 2.159151 2
-38.25114 25.001977 1.847051 3
-38.69874 25.822677 1.644051 8
-38.26804 26.850677 1.734951 1
-38.25624 27.816877 2.235551 1
-37.72314 28.401277 1.641851 1
-36.78184 28.384277 1.849851 7
-36.74464 28.467277 2.775651 9
-35.77664 28.391577 2.689251 2
-34.99174 28.013777 3.034051 14
-34.17764 28.135577 3.526951 14
-33.95244 28.676677 4.281051 1
-34.47514 27.920477 4.665751 5
-34.09104 27.161377 5.081451 11
-34.68514 26.704477 4.507151 2
-34.33504 27.013077 3.679151 14
-34.71764 26.217677 3.438051 5
-34.47784 25.630377 2.662151 2
-34.26324 24.780377 2.146551 2
-33.76924 24.116077 2.533851 2
-32.98984 24.399577 1.974851 2
-32.24624 25.015777 2.039751 15
-31.63324 25.117477 1.244051 12
-31.14424 25.327177 1.995151 3
-31.12524 26.287277 2.450151 1
-31.44454 26.209877 3.434651 8
-30.92174 27.100077 3.747651 3
-31.32504 27.346777 4.577451 1
-31.31784 28.285977 4.842651 14
-32.27664 28.150677 5.027051 1
-32.85204 28.221277 4.229551 1
-32.24784 28.064777 3.444151 14
-31.58184 28.528077 2.970251 2
-31.88404 29.470777 3.176751 4
-32.88894 29.432377 3.148651 2
-33.24384 28.547377 3.292251 14
-33.20714 28.180777 2.434451 14
-32.91514 28.353777 1.509951 1
-32.48704 28.502277 0.706551 1
-32.26534 27.840777 0.103651 3
-32.05444 26.910277 0.360351 2
-33.01064 26.836777 0.422751 1
-33.43094 25.997877 0.760351 6
-33.54794 25.311977 1.508751 2
-34.41544 25.133477 1.113351 2
-34.55774 26.048877 0.765451 6
-35.04894 25.834477 -0.029849 9
-35.75674 25.904477 -0.659249 9
-36.60654 25.457777 -0.665849 9
-36.83334 24.638077 -0.254349 2
-36.49854 24.470177 0.603451 6
-36.38254 25.146877 1.357451 2
-35.96894 25.821277 0.633851 9
-36.87784 26.002777 0.851951 9
-36.94014 25.925877 1.808751 2
-37.18184 26.696577 2.326551 9
-37.87644 26.965677 2.945751 2
-38.66494 26.698377 3.460751 3
-38.87974 26.454177 4.324051 8
-38.33344 25.868677 4.851651 2
-39.01854 25.271277 4.532451 8
-38.98894 25.620677 3.658951 2
-39.71104 26.304577 3.581451 6
-40.55304 25.827977 3.949151 8
-40.86034 26.435877 3.277351 2
-41.24734 26.883277 4.018151 14
-40.57924 26.677977 4.606751 8
-41.07594 26.873177 5.366651 6
-40.27564 26.494777 5.735951 8
-40.49144 27.063677 6.469751 14
-39.58474 26.899177 6.801051 8
-39.02204 27.363577 7.400551 3
-38.61754 26.503677 7.394551 2
-37.88164 27.025877 7.701351 12
-37.58374 26.418677 6.968351 3
-36.77214 26.430877 7.563151 1
-36.76574 25.728977 6.906751 3
-36.60954 26.100177 6.036651 3
-36.32914 25.322277 5.571551 2
-35.51614 25.809677 5.750351 14
-35.81674 25.903677 4.891551 3
-35.40424 25.541377 4.079351 12
-35.36424 25.294677 3.112151 2
-35.32174 24.339277 2.649751 2
-34.94154 23.673477 3.161851 2
-34.05324 23.490777 3.394351 2
-33.06814 23.546077 3.385951 10
-32.80494 23.050677 2.543951 8
-33.58544 23.200277 1.967251 2
-32.79854 23.040577 1.296351 1
-32.94674 23.730277 0.631951 2
-33.07224 24.591877 0.203351 1
-32.54824 24.850277 -0.591449 1
-32.34394 24.795977 -1.535449 2
-32.57094 23.957377 -1.815849 1
-32.86844 23.277277 -2.487949 1
-33.71234 22.791077 -2.159549 8
-34.41744 23.071477 -1.567849 8
-34.45714 24.076377 -1.467849 3
-34.73234 25.010977 -1.506449 14
-35.63964 25.036477 -1.222149 9
-36.21834 24.313677 -0.959149 9
-36.83774 23.647577 -0.637349 6
-37.67794 23.726077 -0.222749 2
-37.52834 22.807177 -0.020349 6
-37.88814 22.580977 -0.923349 3
-37.19284 21.915677 -1.020349 8
-36.34504 21.599477 -0.710449 6
-36.66124 20.721777 -1.049749 14
-36.97914 20.370277 -1.993449 7
-37.31594 19.381377 -2.141749 3
-37.97644 18.765977 -2.618149 2
-38.70374 18.942677 -3.255649 1
-38.17114 19.479777 -3.792549 1
-37.21004 19.676477 -3.924249 2
-37.61064 19.923877 -4.740549 2
-36.99944 20.540177 -5.173749 1
-36.27144 20.280577 -5.723149 12
-35.84194 20.751577 -5.012049 14
-35.62954 21.548177 -5.547949 9
-36.36364 21.445177 -6.185949 2
-36.06724 22.372477 -6.034349 3
-36.19814 22.483577 -5.058549 8
-35.46684 23.144877 -5.382849 2
-35.35784 23.975377 -5.862349 14
-34.56624 24.252677 -5.475949 9
-33.86314 24.348277 -6.198049 14
-32.99014 24.292777 -5.714849 2
-32.52274 23.593777 -5.264449 2
-33.42024 23.228877 -5.113149 8
-33.33974 22.275677 -4.848049 3
-32.69454 21.516977 -5.026049 8
-32.35104 21.796677 -4.164149 3
-31.71544 21.828077 -3.441149 1
-30.92344 21.359077 -3.875949 2
-29.96114 21.308777 -3.841349 1
-29.20854 20.773377 -3.574049 2
-29.46714 20.423677 -2.572649 9
-29.79034 19.610977 -2.075249 2
-29.35984 19.054977 -2.675249 10
-30.08724 18.680877 -3.184249 1
-30.51684 18.203177 -2.491849 2
-31.23874 18.417277 -1.803749 1
-31.75684 19.097977 -2.338149 2
-32.30824 19.716977 -2.806349 9
-33.28514 19.707677 -2.675249 3
-33.75684 20.587477 -2.700849 1
-33.07574 21.191477 -3.237449 2
-33.51414 21.946777 -2.846249 12
-34.46544 22.226677 -2.965249 2
-34.55494 21.641977 -2.207049 8
-35.15334 22.335477 -2.074649 14
-35.61944 23.194677 -1.977349 3
-35.70524 22.824777 -1.082149 6
-35.19984 22.073577 -0.928249 8
-34.47864 22.675777 -0.483249 8
-34.83014 22.758577 0.378051 3
-34.56264 23.381677 1.013651 2
-35.41374 23.197477 1.298651 2
-35.94294 22.579977 0.754851 6
-36.95584 22.385377 0.791851 6
-37.22154 21.715677 0.093351 6
-37.15344 20.712677 0.179451 4
-37.29234 20.758377 1.114851 2
-37.77134 20.470977 1.853651 1
-38.19824 20.436177 2.730551 14
-38.56694 19.558577 2.630651 3
-39.15944 18.768077 2.633851 1
-39.87254 18.717577 3.291751 8
-40.43334 18.225577 3.880551 12
-40.02794 18.979677 4.264351 1
-40.50554 19.596677 4.878851 3
-39.72044 20.009277 4.581551 2
-39.20774 21.018677 4.612951 2
-39.10154 20.528277 3.818751 14
-39.59384 21.385577 3.679351 1
-39.80164 22.212877 3.279051 2
-38.88184 21.955077 3.307651 14
-38.53744 21.419277 2.599251 14
-38.84844 21.378977 1.717951 3
-38.30014 22.190077 1.419551 2
-37.84124 22.926677 0.934451 9
-37.22064 23.454177 1.386951 6
-36.60304 23.757777 2.075351 2
-35.79994 24.204877 1.788751 2
-34.97194 24.298177 1.275651 2
-35.58974 24.045277 0.564551 9
-35.84834 23.659277 -0.254649 6
-34.98194 24.116077 -0.492549 9
-34.40604 24.239877 0.274751 2
-34.02064 23.665177 -0.362349 9
-33.39384 22.932977 -0.286849 1
-33.35484 21.929777 -0.434249 8
-33.10384 21.847477 0.466051 2
-32.65504 21.019677 0.520551 8
-32.96084 20.841477 1.439951 3
-32.39124 20.741677 2.147651 2
-31.45654 20.579877 1.929051 2
-30.90404 21.167377 2.454651 1
-30.67334 21.550077 1.583951 3
-30.60844 21.360877 0.614451 8
-31.27694 21.491777 -0.101449 3
-31.45854 22.133177 -0.852349 1
-30.78444 21.593177 -1.189649 2
-31.63484 21.289577 -1.429849 10
-32.40404 21.372277 -1.951449 2
-33.30764 21.198777 -1.689049 8
-33.79514 21.011477 -0.850249 8
-34.43914 20.968977 -0.120549 3
-35.05224 21.394777 0.514851 6
-35.12294 21.606877 1.500551 4
-34.95004 22.455877 1.902251 2
-34.81504 22.573677 2.860251 2
-34.35434 21.722477 2.548051 3
-33.68854 21.121277 2.973751 3
-34.31894 20.323577 2.840851 7
-35.30664 20.529377 2.919451 14
-35.51344 19.710777 3.455951 3
-36.34674 20.002977 3.814851 14
-35.93774 20.602277 4.573451 14
-35.09644 20.614477 4.911851 2
-34.86184 21.009977 5.810751 6
-34.71864 21.168177 6.714751 5
-35.20834 20.768777 7.382751 5
-34.93744 19.853577 7.392251 13
-34.16634 20.411877 7.542351 6
-33.37194 20.012977 7.288551 3
-33.45264 19.209477 6.756651 1
-33.50824 18.279877 7.139851 2
-33.59094 18.986577 7.860751 2
-32.94104 18.361877 8.104351 7
-32.60344 19.183577 8.480351 2
-32.85124 19.379977 9.412251 10
-33.35954 20.152777 9.784251 3
-33.88144 20.400177 8.994151 1
-34.77394 20.383677 9.384851 3
-35.23554 21.083877 9.767651 3
-35.76724 21.851277 9.947551 3
-36.65454 21.866877 9.564151 10
-37.44904 22.422477 9.666051 8
-37.85114 22.426877 10.531251 1
-38.33714 22.789977 11.204551 1
-38.72624 23.060177 12.077451 3
-38.54074 22.492377 12.793451 9
-38.33364 21.579477 12.915351 1
-37.51114 21.771177 12.322851 14
-36.83774 22.441477 12.251551 3
-37.12944 22.532677 13.138251 1
-36.22794 22.349477 13.055751 9
-35.95834 23.013377 13.690151 9
-35.89804 22.501977 14.489151 3
-36.25574 22.696677 15.370551 8
-36.84754 23.206377 15.975351 3
-37.73574 23.300877 15.648751 12
-38.16544 23.565677 16.526151 9
-38.83994 24.028277 17.028651 2
-39.05094 24.690977 17.681851 3
-39.81484 25.209077 17.427351 3
-40.60634 24.681177 17.192651 3
-41.37654 24.124377 17.240151 9
-41.77594 23.571677 16.480551 13
-41.10054 22.918377 16.469351 4
-40.91734 22.074777 16.004551 1
-41.43194 21.246877 16.370251 5
-42.03114 20.808377 15.718451 10
-42.77164 20.373577 15.189251 14
-43.12714 19.555977 14.865951 2
-42.49924 18.967077 14.336751 2
-41.61104 19.448877 14.145351 10
-40.97244 18.671777 14.125951 3
-41.37394 18.528477 13.326151 3
-40.49664 18.876477 13.123351 1
-40.72244 19.095577 12.179151 7
-40.89814 19.147377 11.230851 1
-41.67074 19.493877 10.947451 3
-41.87954 18.935077 10.206251 10
-41.56764 18.279377 10.799451 1
-41.48644 17.500277 10.254451 3
-40.91854 17.997177 9.645651 1
-40.75854 18.919377 9.636751 6
-39.86654 18.696577 9.547951 2
-39.54644 18.810077 10.484651 8
-38.84894 19.312477 10.918951 3
-38.49544 20.098777 11.320351 12
-38.79974 20.408177 10.510051 9
-37.76734 20.301577 10.220851 8
-36.89934 20.071877 10.335451 9
-36.93614 20.654777 11.132451 13
-37.08094 19.907377 11.761751 4
-36.26504 20.084777 12.158851 6
-35.56814 20.388777 11.579751 6
-35.03224 20.683677 10.817051 3
-34.26484 20.954877 11.268951 3
-35.02024 21.296177 11.879351 6
-35.47584 21.897177 11.379551 6
-35.06154 22.743777 11.168651 3
-35.45824 22.769977 12.024651 9
-35.77414 23.645677 11.708351 10
-35.51924 24.280377 11.021351 3
-35.98364 23.681277 10.391151 10
-36.28594 24.600477 10.247751 9
-37.09254 24.845577 9.788151 8
-37.45914 23.973077 9.623151 14
-37.49224 23.974477 8.701851 5
-37.15734 23.046677 8.542151 3
-36.68484 22.270077 8.382651 5
-37.51534 21.782477 7.946351 3
-36.92834 21.008177 7.910151 14
-36.28944 21.283277 8.564151 9
-35.72794 21.823177 8.009951 5
-35.02114 22.110577 8.585751 5
-34.60224 21.614077 9.304651 3
-33.88184 22.058877 9.834551 3
-33.50514 21.543777 9.070251 4
-32.56724 21.384677 9.248051 1
-33.15504 21.420977 10.054251 3
-33.69794 21.673777 10.812651 3
-32.77294 21.592777 10.961151 3
-32.21794 21.010677 10.377351 4
-31.75674 20.319577 9.921651 1
-31.38544 20.551477 9.088151 1
-30.52424 20.556577 9.506351 9
-29.69384 20.634377 9.942751 1
-29.96114 19.870277 10.444251 1
-29.01554 19.675877 10.747551 1
-28.57284 19.630377 11.644351 9
-29.45234 19.647677 11.956351 1
-28.91994 20.330777 12.436051 3
-29.23104 21.248877 12.311151 6
-30.12354 20.933777 12.215051 15
-31.04794 20.964177 11.996751 3
-30.51974 21.531277 11.441951 13
-31.35894 21.986277 11.579851 13
-32.24384 21.727177 11.826651 3
-32.47444 20.837377 11.586251 3
-32.15794 20.267577 12.409751 6
-32.96564 20.719577 12.738951 3
-33.46044 20.077477 13.285451 10
-34.28444 20.485877 13.000551 6
-34.48984 20.187677 12.144551 6
-33.48824 20.278677 11.850151 3
-33.26964 19.414177 12.090051 11
-33.25464 18.653177 11.470151 5
-33.39094 19.453977 10.972851 3
-34.19414 20.016677 10.646251 3
-34.43274 19.115277 10.864851 8
-34.52534 18.202677 11.145151 9
-34.14864 17.489477 10.615551 3
-33.73244 16.998877 11.303951 1
-34.41294 16.344077 11.241051 4
-35.37264 16.443377 11.240851 4
-35.15514 16.877677 12.139251 9
-35.45004 17.589177 12.704951 3
-34.89774 17.614677 13.478651 8
-35.42374 17.986477 14.203051 5
-35.29644 18.147577 15.150551 9
-35.36504 19.028577 15.554851 12
-36.09584 19.710477 15.753151 3
-35.91904 20.045677 16.673751 1
-35.44554 20.578477 15.958651 1
-35.13434 21.403977 16.430051 3
-34.84534 20.638577 17.041551 5
-34.34904 20.123377 16.407351 6
-33.43064 20.230277 16.457851 3
-32.65934 20.312677 15.823851 2
-32.95304 21.062777 16.267851 5
-32.95814 21.713677 15.584451 1
-32.53154 21.137877 15.041851 5
-31.67794 21.450677 15.389551 10
-31.26024 22.325577 15.580851 3
-31.45734 22.766377 14.680451 1
-31.17004 23.686077 14.868751 6
-31.39724 23.883077 13.924451 3
-32.01694 23.973077 13.247951 10
-32.87324 24.238177 12.824651 3
-33.65114 24.411577 13.363151 9
-33.84644 24.162777 12.415751 3
-34.34064 23.609577 13.026851 9
-33.40914 23.402577 12.905151 14
-33.18844 23.656077 11.918351 3
-33.82544 24.221477 11.333951 3
-34.69264 24.281677 11.728651 3
-35.19004 23.797977 12.481851 9
-35.33334 23.844277 13.464451 9
-35.84554 24.416377 12.972551 9
-36.35044 25.017877 12.358751 13
-36.74814 24.446577 11.626851 13
-37.54864 24.028977 11.859451 6
-37.72314 23.123477 12.235851 4
-38.03424 23.483777 13.010451 1
-37.21584 24.094577 13.087151 9
-37.74734 24.898377 12.980151 1
-38.53784 25.103577 12.342951 3
-39.48414 25.022077 12.597051 1
-39.46114 24.392677 11.814251 3
-40.22194 24.369777 11.228351 9
-39.57104 24.427877 10.464251 8
-38.83764 24.807577 9.972351 6
-38.69654 24.809077 9.006151 3
-38.71994 25.764877 8.729051 1
-37.75064 25.541877 8.798951 1
-36.85214 25.158977 8.688951 4
-36.89994 24.812477 7.752451 1
-35.95624 24.789177 7.709451 3
-35.55994 24.162877 8.286951 6
-35.51544 23.574477 7.551651 5
-34.78584 23.214577 8.130851 5
-34.05934 22.932577 8.707751 3
-33.96814 22.680977 7.743451 5
-33.56184 23.475677 8.011051 9
-32.79274 23.033277 8.480851 11
-32.13724 22.354477 9.817051 3
-31.43204 22.483277 9.159651 8
-30.80124 22.901077 8.553451 3
-30.44724 22.786877 7.675851 5
-29.81784 23.499477 7.861151 10
-29.89784 24.459377 7.808051 15
-30.24454 25.091177 7.041651 3
-31.03554 25.264877 6.575651 9
-31.69444 24.935077 7.179351 10
-31.73594 24.299077 7.886351 12
-32.04014 24.843477 8.671651 1
-31.65504 24.561277 9.517651 3
-32.39264 23.944477 9.386251 8
-32.84004 23.492677 10.074451 3
-33.50524 23.407577 10.793051 3
-33.61184 24.243077 10.320851 3
-33.47404 24.313477 9.389851 3
-33.05354 24.487877 8.536851 14
-33.98504 24.853977 8.303251 1
-34.67234 24.822477 9.090351 4
-34.54054 24.201577 9.801651 3
-34.90764 23.717677 9.105251 4
-35.45844 23.017877 9.413851 5
-34.82384 22.809077 10.076451 3
-34.09284 22.676477 10.704451 3
-34.32084 22.063177 11.504851 3
-34.62954 22.057677 12.412351 9
-35.50924 21.777477 12.623851 6
-36.19094 21.293977 13.046451 6
-36.30984 20.419377 13.386651 6
-35.50084 19.862577 13.704651 6
-35.00664 20.681577 14.012051 13
-34.72124 21.304377 13.285351 6
-34.75244 22.079777 13.865551 9
-34.03244 22.495477 13.345051 9
-33.70004 22.439377 12.390051 3
-32.78594 22.274477 12.476651 3
-32.76384 22.392477 13.455051 13
-33.01404 22.688177 14.318551 3
-33.64024 23.406677 14.404751 9
-33.60234 24.424977 14.556851 3
-33.53484 24.796177 15.453751 1
-34.35054 25.330977 15.542251 1
-34.77044 24.818277 14.902651 9
-34.86984 24.487077 15.788851 1
-35.46764 25.175977 16.150451 1
-35.66114 25.893477 16.778651 10
-35.04404 26.626977 16.666151 1
-34.99414 26.903077 15.750751 5
-34.16524 27.396977 15.349551 5
-34.19194 27.553477 16.300351 8
-34.12984 27.538477 17.341751 15
-33.46624 27.961477 16.918351 8
-33.65924 28.783277 17.362151 9
-33.02284 28.917877 16.641051 8
-32.08304 28.744477 16.882151 5
-31.71544 27.905677 16.553251 3
-30.79624 27.909177 16.143251 3
-30.89844 28.797377 16.448251 4
-30.14354 28.415377 16.904951 3
-29.70064 28.693377 16.044251 3
-29.37054 28.044077 15.398751 3
-29.71004 27.881577 14.469851 6
-29.61134 28.574977 13.790051 4
-30.13964 27.922377 13.335451 6
-30.20614 27.551377 12.448751 14
-30.56374 26.702477 12.307051 9
-29.77854 26.437577 11.698651 5
-30.40704 25.784977 11.794751 9
-31.21114 25.319977 11.416551 9
-31.74794 24.685577 10.846851 3
-31.89634 23.916077 10.299151 3
-31.45144 23.194177 10.840951 13
-32.40634 23.140777 11.044151 3
-31.84084 22.925777 11.765851 4
-31.45114 23.048277 12.680751 1
-31.27014 23.923077 12.175451 13
-32.15354 24.099677 12.015151 3
-31.91084 24.942277 12.445551 9
-31.42994 25.098377 13.315951 9
-31.18034 25.451277 14.153751 6
-30.39044 24.863677 14.414651 1
-29.73024 24.325977 14.862851 1
-29.48414 23.383377 14.965351 10
-30.10094 23.762877 15.597751 15
-29.52704 24.239777 16.294351 6
-29.91884 25.037577 16.641851 3
-30.49754 25.386677 15.970751 3
-31.23074 24.730877 15.979551 10
-31.43964 25.687577 16.082251 3
-31.11314 25.507177 15.163951 6
-31.16374 26.477077 15.606251 6
-30.65104 26.706077 16.403551 3
-31.52274 26.649377 16.866151 3
-32.40244 26.975577 16.777651 1
-33.29264 27.043977 16.352351 8
-33.36544 26.603377 15.504851 5
-32.50864 26.263777 15.957351 9
-32.31844 25.608277 15.310551 6
-32.30834 24.664677 15.042451 3
-32.12544 24.828977 14.117451 10
-32.69764 25.197877 13.312751 11
-33.30694 25.555477 12.654651 3
-34.16174 25.547977 12.980351 3
-34.38004 25.296277 13.854751 9
-33.44214 25.273177 14.050251 13
-33.50804 26.226477 14.298451 5
-32.62334 26.330277 13.886751 6
-32.91984 27.243277 13.485451 5
-33.50964 26.809177 12.784751 3
-33.10184 26.885177 11.954151 4
-33.15644 25.950377 11.658351 3
-32.36134 26.255477 11.284751 9
-32.43484 25.293377 11.041951 3
-32.04494 25.631577 10.201751 3
-31.46284 26.359377 10.347551 9
-31.08084 26.946077 9.693851 4
-31.32674 26.094777 9.336351 8
-32.00624 26.539577 8.810651 1
-32.65994 25.867977 8.522851 1
-33.06254 25.351977 9.266851 3
-33.81314 25.881277 9.122951 3
-34.02054 26.745977 8.807351 1
-34.55584 26.867077 8.000351 1
-35.47064 26.489177 8.186751 1
-36.05804 25.914377 8.745851 9
-35.20314 25.762677 9.161951 10
-35.24944 25.115177 9.929651 3
-34.90954 25.792677 10.435851 3
-34.84454 26.508077 11.086951 6
-34.93964 25.609377 11.389851 3
-35.00024 25.483777 12.346051 3
-35.37874 25.646077 13.258751 9
-35.09554 26.185077 14.062451 5
-35.52104 26.129077 14.929851 5
-36.51254 26.317577 14.960251 6
-37.42684 25.953377 15.175651 3
-37.29504 25.646277 14.143251 15
-36.51634 25.239877 14.498651 9
-36.33114 25.232677 13.502351 9
-36.19984 26.219977 13.514951 3
-36.64064 27.101277 13.317751 1
-35.75974 27.353077 13.740251 13
-36.11354 27.209077 14.646251 5
-36.70514 27.816177 15.119651 3
-36.36024 27.356877 15.859151 1
-36.91864 27.613077 16.723951 6
-36.54934 28.240477 17.323651 3
-37.09614 28.275577 18.138051 5
-36.89134 29.134677 18.545751 13
-36.17624 28.581477 18.497451 3
-35.55404 28.449177 19.219651 6
-35.39514 29.272777 18.734751 10
-34.75024 28.660877 18.325451 3
-34.46864 29.603577 18.478451 6
-33.56314 29.977277 18.126751 8
-32.93304 29.321077 18.385051 14
-32.35534 28.586077 18.068351 9
-31.77034 27.968677 17.703651 3
-30.88574 28.010777 18.233451 3
-30.56804 27.471477 18.961051 6
-29.91664 28.097577 18.772751 12
-29.05944 27.670377 18.839151 11
-29.40514 27.016777 18.193051 4
-29.89704 27.672877 17.609451 3
-29.06784 27.253077 17.307951 13
-29.06124 28.148177 16.972851 3
-28.40824 27.586877 16.477251 4
-28.93674 26.913777 16.038651 3
-28.12464 26.449877 15.836251 4
-27.51204 25.635477 15.763851 9
-27.42574 26.245077 15.068551 10
-27.92784 26.356477 14.316351 3
-28.07514 26.032277 13.429151 1
-28.88544 25.820777 13.985451 1
-29.91394 25.868377 13.900051 6
-30.56304 25.692477 13.195551 9
-31.24914 26.309177 13.637051 6
-31.94054 26.590977 13.040551 3
-31.94664 26.982977 12.202951 9
-32.67534 27.705177 12.393751 1
-32.94374 28.600477 12.103351 1
-33.01914 29.030877 11.271951 3
-32.22394 29.567777 11.249351 4
-32.61864 30.435177 11.340251 6
-33.08924 30.229977 12.203951 13
-33.26164 29.694677 12.976451 1
-33.21744 29.264277 13.847951 5
-33.23254 28.747977 14.669551 1
-33.32434 29.146377 15.534751 8
-33.63294 30.097477 15.689951 3
-34.24394 29.414877 15.377051 9
-34.15854 28.450777 15.331051 8
-34.23554 28.031377 14.413851 5
-34.64044 27.719777 13.576151 15
-34.21834 26.936177 13.848651 5
-34.63694 26.506977 13.076551 3
-34.94624 27.104277 12.384451 3
-34.11074 27.405477 11.877851 3
-34.67724 27.797977 11.201551 10
-33.79114 27.849477 10.809351 13
-33.06844 27.384777 11.096151 9
-33.44004 26.610077 10.599651 13
-33.99934 25.784077 10.870951 3
-33.41094 25.047977 10.921451 3
-33.09054 25.698377 10.246351 3
-32.79944 26.379277 9.665951 13
-32.58534 27.328577 9.976451 9
-31.90634 27.471077 9.288251 3
-31.95434 28.448577 9.160051 11
-31.10744 28.050377 8.805151 3
-30.80774 28.233777 9.711651 6
-30.17524 27.734677 10.163851 10
-30.76474 27.293677 10.796151 9
-30.99544 27.513777 11.683851 9
-30.99604 28.344577 12.196551 4
-31.62854 28.894477 12.691051 5
-30.90614 28.957977 13.344751 6
-31.87794 28.898677 13.701251 3
-32.02784 28.053277 13.296051 3
-31.16894 27.583477 13.362551 6
-31.33824 27.280977 14.282651 6
-32.21044 27.233977 14.771851 5
-32.52424 28.009277 14.320351 5
-32.23994 28.387577 15.154051 8
-31.31494 28.035777 15.157251 15
-30.63234 27.430077 15.049951 6
-30.11914 26.752977 15.529551 3
-29.59684 26.716477 14.752651 6
-29.54394 25.822977 15.187551 3
-28.63534 25.498677 15.058451 1
-27.92364 25.257577 14.460751 10
-27.67294 24.695677 15.279751 1
-28.34114 24.934777 15.886251 1
-28.82454 25.264077 16.652851 3
-28.25354 25.799177 17.230351 1
-28.92684 26.080177 17.891351 1
-29.68704 25.760977 17.414851 3
-30.07874 26.683077 17.308151 3
-30.56384 26.095177 18.006051 1
-31.16404 26.787777 17.908051 3
-32.08064 26.903877 18.189551 1
-31.93894 26.014377 18.572351 10
-31.93594 25.173377 18.214551 4
-31.51964 25.209577 17.330251 3
-32.49124 25.155677 17.415551 4
-32.79894 24.243977 17.145751 14
-32.74274 24.619677 16.266951 4
-33.55554 24.103577 16.316151 3
-33.74324 23.490277 15.597051 10
-34.49144 23.803177 15.053751 9
-35.13104 23.145477 15.261951 11
-35.52614 23.682177 14.544851 9
-36.04044 24.421777 14.950751 9
-35.96164 24.151477 15.916751 5
-35.67044 23.630777 16.671151 3
-36.10364 23.583677 17.518151 3
-35.36564 23.964577 18.024851 5
-36.23564 23.768877 18.503751 12
-35.71024 24.148677 19.241351 6
-36.51804 24.632377 19.029051 13
-35.89644 25.281377 19.420551 10
-35.80424 26.211877 19.048951 6
-36.39194 26.780577 19.551651 8
-36.38674 25.964577 20.110951 10
-37.05414 25.804277 20.780351 4
-37.56704 26.252977 21.478751 10
-37.28754 27.129277 21.678651 3
-38.14164 27.557877 21.496451 13
-38.25394 27.133277 22.319551 10
-39.06404 26.562477 22.434451 1
-39.36114 25.661277 22.779351 6
-39.30174 24.859677 22.173451 9
-40.13904 24.288077 22.199351 4
-40.37144 24.470277 21.298151 13
-41.17974 24.909777 21.409451 13
-41.36084 24.192677 20.869251 4
-41.06594 23.474077 21.533351 6
-40.26554 23.103277 21.025251 10
-40.30944 22.183677 20.706051 13
-40.58164 21.282077 20.750751 3
-40.73604 20.658377 21.473451 1
-40.86604 19.905777 20.826951 4
-41.36224 19.290277 21.431851 4
-41.49054 20.048877 22.064151 13
-42.10934 20.104077 21.335151 4
-42.74884 19.956877 20.641851 1
-43.11094 19.967777 19.689751 5
-42.41074 20.271477 19.155251 3
-41.46424 20.002877 19.011451 5
-41.11494 19.341577 19.596851 4
-40.19954 19.468077 19.253951 6
-39.38984 19.983677 19.273351 3
-39.27704 19.295277 19.986551 8
-39.93834 18.625777 20.096851 4
-39.45054 17.928277 20.559751 9
-39.47934 16.975777 20.868751 10
-40.00324 16.164577 21.051151 10
-39.53264 15.280077 21.309351 4
-40.13504 14.536277 21.189451 11
-41.02704 14.397877 20.750751 11
-41.49264 15.246377 20.757051 10
-41.69924 14.676577 21.471651 11
-41.33464 14.869377 22.325351 10
-41.38124 15.663477 22.860651 4
-42.13584 15.407277 23.401051 13
-41.68174 16.151777 23.899751 4
-42.04964 15.857477 24.812751 1
-42.86024 15.323577 24.885351 1
-42.30914 14.844377 25.541301 3
-41.66834 13.973777 25.597051 10
-42.39984 13.337177 25.470731 6
-42.16614 12.741477 26.191751 5
-42.40594 12.097277 26.960481 13
-43.15264 12.017777 27.572101 10
-43.87074 12.623977 27.730571 1
-44.64014 12.804177 28.253741 13
-44.50864 13.776777 28.133021 10
-44.47774 14.663677 28.569501 6
-44.02134 15.444677 28.693011 5
-43.16164 15.655577 28.259851 9
-42.22624 15.684377 28.103971 8
-42.11804 16.527777 27.692861 1
-42.26454 17.427677 27.483321 1
-43.25884 17.153377 27.431451 4
-43.19974 18.070877 27.210761 13
-43.47274 18.124977 26.250851 15
-43.94394 17.313077 26.534351 4
-44.84114 17.024777 26.729621 9
-45.46594 16.482677 27.301651 6
-45.32864 15.504177 27.302301 12
-44.60044 15.179977 26.688861 4
-45.07944 15.324877 25.880121 3
-45.19764 15.770877 25.006351 4
-45.88804 15.671677 24.293851 10
-45.80274 16.634477 24.449051 3
-45.78314 16.871777 23.489451 5
-45.81514 16.192577 22.832951 11
-44.93884 16.369277 22.572451 2
-44.00484 16.571077 22.269151 13
-43.81534 17.151377 21.503951 13
-42.89994 17.670477 21.455751 4
-42.85114 17.253477 22.358451 13
-43.67124 17.678177 22.308051 3
-43.34414 18.565977 22.190151 1
-42.64844 18.824677 21.539951 10
-41.81924 18.445477 21.216251 4
-41.26224 17.695977 21.202651 4
-40.52874 17.182977 20.974151 10
-40.22714 18.127977 21.296351 15
-40.35764 19.085877 21.374351 4
-39.83824 19.075177 22.202051 1
-39.66654 19.132277 23.155651 1
-38.81984 19.087077 22.782951 1
-37.92434 19.251877 22.455851 10
-36.97874 19.174277 22.569951 4
-37.05614 18.398277 21.959351 6
-37.41934 18.228077 21.103251 3
-38.02604 17.703177 20.479051 6
-38.27334 18.649077 20.710851 1
-38.72294 18.251377 21.525551 1
-39.05254 17.371077 21.745651 10
-39.13114 16.817577 22.561451 10
-39.49454 17.128877 23.488951 9
-38.52964 17.473577 23.439751 1
-39.18024 18.091277 23.125851 8
-39.95854 17.742277 22.676951 10
-40.54844 18.111377 23.330751 1
-41.41684 18.053777 23.008951 4
-42.06474 18.684777 22.611251 4
-41.86194 19.072977 23.477351 5
-42.55864 18.707377 24.044551 8
-42.49784 17.950777 23.409551 11
-43.08334 17.181377 23.471751 13
-43.35804 16.300377 23.890451 13
-43.97224 15.655877 23.603851 10
-43.24674 15.203877 23.241751 13
-42.77834 14.588077 23.799551 5
-42.40514 13.755277 24.017351 3
-42.77584 13.200077 23.318451 10
-42.05134 13.095677 22.739451 9
-41.25494 12.927277 22.186751 4
-40.49164 12.835277 21.592751 11
-40.90804 12.397077 20.894051 13
-41.37614 13.245377 20.961451 11
-42.24234 13.504777 20.585551 10
-43.12234 13.821877 20.289751 4
-43.59124 14.687377 20.057051 6
-43.87134 14.154077 19.219851 15
-44.64434 13.665377 18.910451 5
-45.10984 14.014377 19.626051 1
-45.01614 14.915177 19.455651 3
-44.30274 15.362977 19.012951 6
-45.12704 15.500277 18.504051 4
-44.44844 15.281877 17.791451 4
-44.99974 14.706177 17.227751 10
-45.36374 15.109677 16.401351 8
-46.30224 14.898077 16.251851 5
-46.88994 14.329377 15.708551 13
-46.86034 14.508577 14.711151 10
-46.24304 14.772777 13.980851 4
-45.44074 15.041277 13.444451 13
-44.54054 14.702477 13.366251 12
-44.05654 15.422777 12.959551 1
-43.09044 15.576577 13.033951 13
-42.71354 16.458477 12.698051 4
-42.36934 16.926477 13.423751 3
-41.62974 16.445777 13.082851 6
-41.41354 16.273977 12.115151 10
-40.66934 16.468377 11.491451 9
-40.62054 16.973977 10.697551 1
-39.63664 16.988977 10.443351 1
-39.65944 16.183777 11.148051 3
-39.69404 16.878377 11.790151 10
-39.75194 16.768877 12.740951 4
-40.38994 16.700577 13.391751 1
-40.87114 15.823277 13.500951 3
-41.29694 15.438477 14.276651 4
-40.78744 14.725877 14.621151 1
-40.24874 14.062577 15.050851 15
-40.50924 13.769677 15.969751 4
-40.60324 12.785277 15.839051 10
-41.08474 12.853677 16.701351 1
-40.89934 13.241677 17.616751 1
-40.55784 12.514977 18.092851 4
-41.26984 12.777877 18.755451 4
-41.50404 13.420177 19.366651 1
-40.69544 13.804677 19.718851 11
-40.24174 14.636977 19.855451 5
-40.25304 15.416477 20.472551 10
-40.90234 15.671077 19.852651 10
-41.84904 15.692077 19.716251 11
-42.70454 15.318077 19.995751 6
-42.84494 15.652277 20.925051 13
-43.06154 16.589477 20.675951 13
-43.68164 16.915877 20.030751 6
-43.71514 17.711277 20.576251 9
-43.59764 18.566577 20.169651 10
-42.68674 18.668077 20.344651 4
-42.64744 18.801577 19.427651 3
-41.87914 18.396477 19.854851 4
-42.21734 17.908877 19.014651 10
-42.75744 17.982877 18.135851 13
-41.73064 18.303977 17.985951 12
-41.91474 18.765977 17.142951 4
-40.94574 18.550777 16.859251 8
-41.13454 17.600577 16.885751 4
-41.38834 17.218277 17.759851 3
-41.34344 16.242277 17.887351 10
-41.86484 15.607477 17.351151 13
-42.11524 14.803277 17.743951 6
-42.50384 14.469277 18.549851 6
-41.67624 14.863277 18.768051 4
-40.76884 15.001777 18.984551 8
-40.04264 15.568077 19.359751 10
-39.29804 15.078077 18.981051 4
-39.12734 14.297677 19.515051 13
-38.44094 14.289977 20.220351 1
-38.08164 14.548377 21.065851 5
-38.61694 15.284277 20.888051 10
-38.28794 16.211177 20.732451 10
-37.47434 15.874977 20.402351 13
-37.29854 14.918877 20.141651 1
-37.28764 13.980477 20.324951 9
-37.54754 13.700877 19.447051 13
-36.85944 13.073677 19.101151 1
-36.72924 13.931377 18.771251 4
-37.40444 14.538677 18.501651 3
-37.80334 14.293177 17.708951 4
-38.54404 14.946577 17.491951 1
-38.87844 15.792377 17.013651 9
-39.76624 15.582877 17.384151 4
-40.33434 16.069477 17.981451 10
-39.41724 15.902577 18.283051 9
-39.62464 16.422877 19.051151 10
-40.03834 16.972277 18.407251 3
-40.24324 17.351877 19.303751 10
-41.11094 17.806777 19.089251 13
-41.13174 17.658877 20.097151 4
-41.33544 16.731277 19.903051 10
-42.31184 16.761477 19.797851 4
-42.81544 16.164677 19.358351 6
-43.65924 16.127177 18.848451 11
-44.39164 16.574877 19.322151 6
-45.21414 16.175677 19.613751 15
-45.91684 15.665577 20.039551 4
-45.95834 15.219977 20.881051 3
-46.91754 15.108577 21.119251 9
-46.75274 14.205877 20.701351 4
-47.12344 13.879177 21.523851 10
-47.86184 14.322177 21.131051 5
-48.34014 13.480877 21.311851 4
-48.02144 12.795477 20.651251 10
-48.05774 11.909577 20.357751 8
-48.17024 11.349877 19.538051 13
-48.12294 12.248177 19.150551 5
-47.45364 11.748077 18.481851 7
-47.89344 12.288277 17.792251 5
-47.32864 11.736877 17.319551 13
-46.37494 11.779677 17.309151 1
-45.60764 11.530177 17.776851 3
-44.88574 11.115577 17.247151 6
-44.14464 11.108277 17.955751 4
-43.57544 11.115277 18.732151 1
-43.84774 11.970877 19.078051 4
-44.40924 12.046577 19.774251 6
-43.78534 11.543877 20.300851 1
-43.32924 11.993377 21.057651 10
-43.43164 11.387277 21.856951 4
-43.28804 10.914577 22.690951 10
-43.58914 11.765377 22.950751 1
-44.37804 12.317577 23.065951 1
-43.99314 13.204077 23.055551 10
-43.49884 14.024577 22.997851 12
-43.51084 14.444077 22.180251 1
-43.54784 14.982077 21.349051 13
-43.45304 15.433077 22.216051 13
-42.50044 15.436177 22.253551 13
-41.82814 15.779377 21.579051 10
-42.02444 16.773877 21.465151 4
-41.95624 16.431377 22.388251 13
-41.07064 16.448977 22.054251 10
-40.91154 17.341577 22.335051 4
-40.44254 16.810177 23.014951 14
-39.97684 15.970777 23.018851 8
-39.83474 15.735177 22.136251 10
-40.33464 15.088277 22.741151 4
-40.42474 14.105977 22.767051 11
-39.51284 14.158777 22.551451 3
-39.82094 13.548277 21.893951 11
-39.42544 12.832377 22.557951 6
-39.82954 12.442777 23.376451 10
-39.13234 11.726877 23.146851 13
-38.44774 11.079777 23.294951 5
-38.49134 10.248677 23.866151 4
-37.85654 9.845577 24.419451 10
-36.93294 9.519777 24.685051 6
-37.25354 9.692677 25.573271 4
-37.55774 8.792877 25.698451 10
-38.48384 8.600577 25.296181 15
-38.03454 7.887177 24.868251 4
-37.17834 8.286777 24.590751 4
-36.27954 8.035377 24.829451 9
-35.77594 7.644777 25.560911 9
-35.97714 8.023677 26.437261 5
-35.81024 8.307177 27.305311 10
-34.88174 8.241377 27.196401 7
-35.09884 8.897077 26.531481 1
-35.09674 9.471577 27.317321 4
-35.81804 10.128277 27.548001 3
-35.20364 10.757977 28.071321 8
-34.96874 11.351777 27.303331 10
-35.75984 11.826177 27.537991 4
-35.11194 12.196277 28.079951 13
-35.06444 13.114677 28.278651 1
-34.10024 12.838977 28.373171 1
-33.29094 13.391377 28.474391 10
-33.00254 13.007977 27.676641 13
-32.08784 12.565677 27.781431 5
-32.18844 11.946877 27.069421 1
-31.39684 12.453077 26.864031 10
-31.37634 12.251177 25.894531 6
-30.57184 12.679477 26.326021 4
-30.51954 13.609277 26.227511 12
-30.97614 14.268477 26.744281 6
-31.18444 14.706877 27.544001 4
-30.65354 14.876277 28.475441 13
-30.96804 15.271677 29.214971 14
-31.30674 15.475077 30.113571 11
-30.85394 14.720977 30.495391 11
-30.30644 15.519677 30.432001 13
-29.98914 16.234377 29.856601 3
-29.35684 16.894677 29.884551 10
-28.46504 16.942077 30.148001 4
-28.16494 16.068177 30.546591 4
-29.13674 15.972877 30.714921 1
-29.00314 16.750577 31.285141 4
-29.61654 16.045977 31.641881 10
-29.28804 16.359977 32.486031 5
-28.43424 16.372977 32.842871 5
-28.08614 15.546077 32.820791 10
-28.74564 14.877177 33.093271 10
-29.22944 15.121477 33.937601 1
-30.14204 14.709477 34.104731 4
-30.67944 14.640577 33.275411 9
-29.99884 15.435777 32.985531 5
-30.79504 15.907777 32.870331 15
-31.40434 16.590677 32.610511 3
-32.03494 17.306077 32.566561 4
-31.44664 18.024877 32.958481 10
-30.80304 18.459577 32.376901 13
-30.44904 18.304677 31.446951 1
-29.64794 18.900877 31.528981 15
-29.03534 19.708977 31.662391 4
-29.03204 20.159177 30.778591 4
-29.71514 20.212377 30.048381 13
-29.86964 19.406377 30.584001 4
-30.53824 19.634177 29.951881 13
-31.10554 19.565277 30.758591 10
-31.84254 18.970977 30.786001 9
-32.15694 19.101977 29.882861 10
-32.07484 18.136277 29.544561 9
-31.68714 17.232077 29.455501 6
-32.19554 16.428477 29.280861 13
-32.82654 16.485677 29.949841 1
-33.15024 16.874277 30.839951 4
-33.20034 16.612477 31.764171 10
-33.52974 15.784577 32.081951 8
-34.09304 16.071077 31.407311 6
-34.57474 15.538177 30.802771 11
-33.86914 14.969777 30.527071 7
-33.87324 14.023977 30.299651 4
-34.40264 13.445777 29.723711 8
-33.45924 13.249177 29.637831 4
-33.16954 14.100077 29.376051 4
-32.22834 14.241177 29.145731 10
-31.66584 13.729977 29.790031 13
-30.87874 13.812877 29.278751 3
-29.95624 13.891677 28.831481 10
-29.24954 13.284477 29.029951 5
-30.15674 12.926677 29.101451 1
-30.05024 12.268577 29.817821 4
-29.74664 12.368277 30.805261 1
-30.22804 13.201677 30.924451 10
-29.99724 13.130377 31.835611 6
-30.03284 14.091677 31.859241 12
-29.44244 13.842877 32.566481 1
-28.58874 13.745277 32.992671 10
-28.34784 14.152977 33.768251 4
-27.69704 14.876277 33.720421 10
-27.26934 15.150677 34.506389 1
-26.36534 14.986077 34.485393 1
-25.60694 15.558377 34.497715 6
-25.22374 15.018277 33.886101 13
-26.05084 14.966977 33.485711 10
-25.46874 15.695177 33.183911 13
-25.99194 15.330777 32.460741 10
-26.42654 16.032677 31.922501 4
-25.55104 16.312777 32.026751 13
-26.04874 17.080077 32.380171 4
-26.25384 16.786977 33.266551 3
-26.66644 16.061477 33.892851 10
-27.62914 15.953677 33.718571 13
-28.33054 16.651977 33.902291 5
-29.15664 16.943277 34.258627 5
-29.72214 16.475477 34.906695 10
-30.65994 16.695777 34.790486 14
-30.77544 15.917777 35.520354 4
-30.20054 16.161077 36.255421 15
-31.01824 16.327177 36.765521 15
-30.96064 17.272477 36.718371 4
-31.42104 18.074277 37.073571 1
-32.32764 17.988277 37.433721 7
-33.05214 17.315277 37.427221 1
-33.99704 17.030877 37.926051 6
-34.18054 16.469877 37.137121 10
-33.78334 15.736277 36.626851 9
-33.74044 16.189977 35.734515 4
-33.67524 16.824377 34.975188 11
-34.16644 16.148577 34.525554 10
-33.67314 15.554877 33.875091 13
-32.89194 15.251377 33.393531 4
-32.81114 14.530677 34.057831 4
-31.89774 14.417277 34.341384 3
-31.32894 13.679977 34.544898 10
-31.44654 12.791377 34.055841 11
-31.15764 11.862777 34.104011 13
-31.81194 11.266077 33.766651 4
-31.44684 10.739877 33.095591 9
-31.26524 11.514177 32.518301 7
-31.34774 12.323777 31.970351 4
-31.95944 12.368077 32.664031 10
-31.52404 13.205877 32.364091 13
-31.56144 13.761677 31.594441 9
-31.69884 14.681977 31.702001 10
-31.79044 15.583777 31.291461 8
-31.19674 16.332377 31.054291 6
-31.46874 17.176977 30.637691 5
-30.63074 17.672177 30.617201 10
-29.63474 17.736677 30.668721 8
-29.32924 18.333877 29.975101 4
-28.84374 19.024777 29.633421 4
-28.41264 19.359277 28.836801 1
-29.28314 19.763977 28.542671 13
-29.08804 20.050177 27.635411 3
-28.69284 20.186277 26.755291 1
-28.78724 20.254877 25.813781 10
-29.69954 20.374377 26.037531 1
-29.54204 20.884577 25.262481 1
-30.54954 20.827777 25.308371 4
-31.50414 20.622077 25.163521 5
-31.96124 21.374477 24.716251 10
-31.57974 22.146577 25.014751 5
-31.81784 22.349777 25.926021 10
-31.91104 22.923177 26.694031 1
-31.35954 22.251677 27.077671 6
-31.00404 23.124777 27.326501 13
-30.13244 23.527177 27.438881 10
-30.09724 22.600477 27.295841 10
-30.40964 21.805877 26.893751 4
-30.30554 20.938277 27.276831 13
-31.25574 20.906677 27.116491 6
-30.90784 20.010177 27.047211 13
-31.75574 19.830777 27.497801 6
-32.40274 20.394377 28.022111 4
-32.19394 19.909277 28.904621 10
-31.23304 19.936477 28.771521 13
-30.87984 19.197877 28.269721 13
-30.10614 19.251877 28.766531 13
-29.62224 18.404677 28.752771 7
-28.81644 18.068277 28.398311 4
-29.11774 17.176677 28.641341 10
-28.32294 16.856777 29.090231 4
-28.21424 15.909577 28.847291 15
-28.26014 15.446177 29.651231 9
-27.63324 14.761577 29.505021 10
-27.28464 15.463177 30.037651 4
-26.42154 15.444777 29.686051 9
-26.13524 15.571977 28.831771 10
-26.96124 15.985277 28.976091 5
-26.73574 16.914977 28.937011 4
-27.42474 17.633477 29.143361 4
-27.83504 17.632777 28.285481 6
-27.85324 18.509777 28.681631 4
-27.32054 19.225077 28.916991 4
-27.58254 20.134977 28.738301 10
-27.14754 20.258077 27.865861 12
-27.77144 20.982377 28.144201 10
-28.38444 21.338377 27.545951 1
-28.99374 22.043177 27.834401 10
-29.10734 22.013877 26.843381 11
-29.28554 22.647377 26.151511 10
-29.93974 23.026277 25.547971 1
-29.58534 23.593177 26.347221 10
-29.95064 24.130277 25.630751 7
-30.84404 23.838977 25.553101 11
-31.72404 23.822977 26.031571 10
-31.85554 24.831977 25.981031 3
-32.45184 25.167877 25.218141 10
-33.26344 25.636577 24.861551 1
-33.77934 26.380277 25.382081 7
-34.38184 25.724377 25.878831 8
-34.84614 26.355077 26.447061 1
-35.10224 26.552277 27.354661 10
-35.59264 25.703877 27.466641 7
-34.77864 25.194777 27.762981 4
-34.05974 25.391177 28.315921 4
-34.47684 26.151777 28.711551 13
-34.72424 25.757677 29.569661 3
-34.73934 25.998477 30.603031 10
-35.50914 26.502877 30.892771 13
-35.11424 25.972077 31.556691 5
-34.18264 25.740677 31.501011 7
-34.71944 24.949077 31.213611 4
-34.22674 24.113677 30.914361 4
-33.32954 24.431377 31.212271 10
-32.82874 25.210777 31.293111 12
-32.37444 24.443877 30.873751 7
-31.73484 23.823077 31.194451 9
-30.80934 23.710777 31.164981 5
-30.44544 23.953077 30.279441 6
-29.78134 23.167977 30.445821 10
-29.87094 23.026777 29.439641 10
-30.74514 22.755777 29.406921 1
-31.24254 21.885677 29.497001 4
-31.04344 20.916077 29.549671 13
-31.89054 20.846377 30.080411 1
-32.36374 21.749477 30.017781 1
-32.45904 22.279477 29.309831 4
-32.77554 21.368077 29.036031 9
-33.37704 21.579177 29.709181 15
-33.62414 20.867077 29.150211 10
-34.07984 21.507477 28.617991 4
-33.32704 22.023977 28.354621 5
-32.38394 21.940077 28.133421 3
-31.52474 21.435777 28.245961 15
-30.67194 21.200177 28.554731 13
-30.67814 22.137577 28.285001 11
-29.77084 21.845977 28.431151 10
-29.59514 20.891077 28.509661 13
-29.05534 20.564977 29.242751 13
-28.53084 21.434577 29.245141 10
-28.23624 20.691577 29.887171 11
-28.03724 19.707777 30.118291 4
-27.58384 19.132477 30.786931 4
-27.95014 18.909277 31.632261 4
-27.78014 18.296977 32.476931 7
-27.72894 17.321677 32.350701 1
-27.06874 16.963977 31.730391 4
-27.28864 16.344777 32.362771 10
-27.86304 16.177277 31.665851 4
-27.43774 15.353277 31.962301 10
-27.52004 14.954477 31.041971 4
-27.55964 14.088077 31.512151 10
-27.22474 13.396977 30.899541 1
-28.15514 13.366877 30.700461 3
-27.87654 12.918377 31.534331 8
-27.72144 12.383177 30.654151 10
-27.60404 11.503377 30.269161 1
-26.66624 11.330177 30.671901 1
-26.36394 11.512877 31.559271 9
-26.44134 11.471277 32.537861 4
-27.13624 11.516677 33.232471 10
-27.90424 11.248177 33.867071 4
-27.59504 10.523877 33.432541 5
-27.46834 10.245177 32.516361 10
-28.33554 10.542777 32.251231 4
-28.04954 11.469377 32.591181 7
-27.42654 12.214177 32.264341 6
-27.56314 12.586277 33.083661 7
-27.46334 13.492177 32.858431 10
-26.92294 14.298677 33.240201 10
-26.75374 14.579577 32.356271 10
-26.03774 14.091077 32.139951 6
-26.08344 13.989277 31.245931 1
-26.23734 14.886577 31.130081 3
-25.89154 15.825577 30.986601 4
-25.39744 15.149377 30.571961 7
-24.69904 15.522377 31.091111 13
-24.36674 16.128177 30.393211 1
-25.11184 16.490877 30.791831 10
-25.41584 17.320977 30.432301 4
-24.70974 17.493377 31.152831 13
-24.54924 17.684977 32.156351 10
-23.99034 18.470277 32.265541 9
-23.53764 17.717877 32.727651 1
-23.46604 16.954677 32.174801 13
-22.96754 17.660477 31.603011 1
-22.27754 18.039077 30.983661 1
-23.12524 18.103577 30.627731 11
-23.48104 17.724177 29.833531 4
-23.51694 18.496077 29.232161 10
-24.12274 19.128177 29.616421 11
-24.44014 19.404077 28.735911 13
-24.60744 18.586377 28.235511 7
-24.92114 18.241277 29.033741 10
-25.81004 17.827277 28.892131 4
-25.48434 17.214177 28.206521 8
-24.82074 16.625377 27.807021 3
-24.18204 16.415077 28.480591 11
-24.66004 16.409477 29.402621 10
-25.62134 16.370777 29.583511 8
-26.38904 16.526477 30.265181 4
-27.02834 17.052477 30.649031 4
-27.54994 17.673177 30.203061 4
-28.27944 18.132077 30.562881 4
-28.62694 18.182777 31.444121 4
-28.88914 17.800177 32.297831 5
-29.69634 18.017777 32.857561 7
-30.42224 17.420677 32.844811 1
-30.16304 16.667677 33.348631 5
-29.98474 17.516677 33.830681 5
-30.73194 17.890777 34.439914 10
-30.22824 18.724677 34.576442 1
-29.50814 19.304377 34.372489 6
-29.75644 19.241977 35.289609 4
-29.04264 19.875977 35.181809 10
-29.56574 20.592577 34.895137 13
-29.97654 20.754177 34.061041 6
-29.78644 21.724877 34.065601 9
-30.22164 21.672577 33.170971 15
-30.48334 21.786977 32.269361 10
-29.94714 21.635677 31.443401 13
-29.99394 22.113577 30.572121 9
-29.18754 21.950677 30.061491 10
-29.02054 21.120777 30.555011 13
-28.30124 21.662277 30.367271 15
-28.07974 22.231777 29.570781 10
-28.09074 23.021477 29.026271 10
-28.48684 22.972277 28.162931 10
-28.05394 22.481477 27.421671 10
-27.54704 22.961377 26.760161 15
-28.09814 23.625677 27.333691 10
-28.59094 23.888377 26.535071 10
-28.53284 23.666577 25.589541 1
-28.20704 24.528477 25.382271 4
-27.42554 25.114177 25.061151 12
-26.56534 24.695177 25.208001 7
-25.94544 25.379177 25.006151 7
-26.26674 25.518677 24.135951 4
-25.94864 25.369377 23.235951 1
-25.78524 25.938277 22.458151 3
-25.00804 25.922577 23.124051 7
-24.74064 25.564077 24.025551 1
-24.00324 26.144877 24.534751 7
-23.08164 26.268677 24.343951 4
-22.68014 26.053577 25.254311 12
-23.12254 25.289577 24.801651 10
-23.00604 24.716077 25.600301 10
-23.38504 23.960777 26.089291 7
-23.57394 23.179477 26.735821 6
-23.82944 22.477177 27.378071 13
-24.55224 22.049777 26.983191 1
-24.80474 21.290477 27.522131 7
-24.13474 20.868377 28.031981 14
-24.65704 20.946877 28.864001 13
-25.41574 21.283177 29.375371 10
-24.91454 20.708177 30.001801 11
-25.03594 20.075777 29.317411 7
-25.43364 19.367877 29.835101 10
-24.82684 18.849477 30.480491 11
-25.38744 18.379177 31.175901 9
-26.23874 17.967077 30.968451 4
-26.44664 17.862477 31.914111 4
-26.03944 18.294977 32.765791 7
-25.57494 19.132377 32.968961 12
-25.24684 18.710277 33.746541 10
-26.13904 18.992077 33.846061 13
-26.26614 19.851977 33.279971 12
-26.70954 19.229377 32.738001 14
-27.35564 19.668577 32.110571 4
-27.38974 20.697877 32.191081 12
-28.34584 20.442277 32.321041 4
-28.78354 21.392677 32.112991 12
-28.05684 21.123777 31.511461 4
-28.23334 22.044477 31.517231 7
-28.27164 22.722277 30.836841 10
-27.70054 23.439177 31.153961 7
-28.47314 23.833677 30.574121 10
-28.56094 24.210877 31.464921 7
-28.11774 25.007577 31.747081 7
-27.87194 25.543977 32.519081 1
-28.38044 26.286577 32.102991 1
-28.56124 26.500777 31.164211 1
-29.11904 25.763377 31.405831 4
-28.65024 25.283377 30.739001 7
-28.58334 25.840477 29.964491 1
-28.21644 24.872677 29.893821 7
-28.35474 23.990277 29.477991 10
-29.01674 23.534677 28.920751 10
-29.43724 23.953777 29.702311 10
-29.97524 24.714077 29.654521 1
-29.90784 25.285777 28.852991 10
-30.37764 25.343877 27.958281 3
-30.91414 25.421277 27.211711 1
-31.06984 26.297177 26.888601 7
-31.75354 26.363577 27.576891 4
-31.44514 26.044977 28.390451 12
-32.15584 25.742377 28.909011 1
-31.93954 24.893377 29.206921 14
-30.96044 24.856977 29.056981 5
-30.64634 23.932377 29.003371 15
-29.88804 24.044777 28.399371 10
-29.10844 23.876977 27.860131 10
-28.92034 24.557977 27.152341 11
-29.25114 25.320377 26.602411 7
-30.18764 25.281477 26.326421 11
-30.20524 25.520177 25.410851 9
-29.37014 25.900177 25.649601 4
-28.71934 25.592577 25.017151 12
-28.20414 26.093777 25.608041 7
-28.82344 26.857277 25.758261 10
-28.82804 27.334877 26.585911 9
-28.49214 26.800877 27.338871 15
-28.43804 25.790577 27.579241 14
-28.21684 25.127077 28.196661 10
-27.55264 25.766377 28.308261 14
-27.59574 25.990277 29.262481 10
-26.63274 25.826177 29.270571 13
-27.19374 25.231577 29.837291 7
-27.11764 24.267377 29.810841 7
-27.30514 23.641277 29.040371 10
-26.82834 24.021377 28.220931 10
-27.17634 24.169177 27.334211 7
-26.47574 23.608777 27.044401 1
-26.59794 22.685877 27.440511 10
-26.11004 22.281877 26.737241 1
-26.47094 21.622677 26.198231 7
-26.33454 20.812877 26.676891 1
-26.45314 19.903377 26.673971 13
-27.46654 19.945777 26.688401 7
-27.91034 19.224577 26.264151 7
-27.77224 18.872277 27.160691 12
-27.07194 18.542977 26.637931 10
-26.19014 18.707177 26.974861 1
-25.72574 19.042677 27.769601 1
-25.98764 19.094077 28.748101 1
-26.49224 18.672777 29.446121 4
-26.75164 18.628977 30.356711 4
-26.07804 19.289877 30.611621 4
-25.41724 19.856677 31.087651 1
-24.73244 20.589677 31.368761 11
-25.16504 20.835477 32.181921 12
-25.63754 21.712077 31.972061 4
-25.52914 22.345377 32.642681 12
-25.85514 23.107977 32.056821 7
-26.00834 22.729577 31.177411 6
-25.68474 22.017177 30.634791 11
-26.62074 21.998577 30.752611 7
-27.09414 22.156777 29.939981 10
-27.22254 22.596177 29.086961 10
-26.65824 23.180377 29.611091 10
-26.75134 23.169277 30.586301 8
-26.75434 24.006577 31.072751 7
-25.81414 23.932277 31.064761 7
-25.15304 23.786977 30.367201 13
-24.70064 23.565077 31.242691 15
-24.50914 22.555077 31.250531 11
-23.61094 22.602877 31.556581 1
-23.44204 23.494777 31.855041 10
-23.07604 24.230677 32.199051 5
-23.29584 24.881477 31.413241 9
-24.02984 24.801077 32.120141 1
-24.63164 25.529277 32.126651 10
-25.45404 25.002077 32.448201 14
-25.75824 24.920077 31.461771 7
-25.96024 25.696677 31.928481 13
-25.56524 26.359777 31.307741 10
-26.07664 25.852577 30.639261 7
-25.65674 25.864377 29.735911 10
-25.72424 24.940377 29.476941 7
-26.01244 24.029377 29.622861 7
-25.67274 23.098777 29.623901 10
-24.90374 23.594877 29.378371 7
-24.01904 23.467477 29.887181 4
-23.36824 23.848077 30.500391 1
-22.83024 24.459077 30.063261 10
-21.92394 24.561877 30.326241 1
-21.76164 25.347977 29.745501 1
-21.77584 24.547277 29.174651 4
-21.55974 23.640877 28.649691 6
-21.27784 22.744077 28.507141 1
-21.72664 22.734977 29.303031 1
-22.20964 23.447277 29.807541 16
-22.77164 22.666177 29.805551 7
-22.79984 22.061877 30.644061 7
-23.70954 21.979077 30.309741 11
-24.33594 21.516277 29.691601 11
-24.84114 22.337277 29.490471 7
-25.30604 22.606077 28.732851 10
-25.88234 21.948777 28.321141 10
-26.84774 22.104277 28.376841 10
-26.82294 21.311277 27.759521 14
-26.40814 21.149777 28.593351 10
-26.26184 20.495877 29.257071 1
-26.46194 21.135377 29.829171 10
-26.34214 20.512377 30.559321 11
-26.95384 19.945177 31.005081 4
-26.46674 20.026077 31.832211 14
-26.11574 20.616877 32.534631 12
-26.45044 21.512577 32.726861 12
-26.97964 22.237677 32.206401 10
-27.08934 23.181477 32.061901 7
-26.93534 22.920677 32.998121 13
-26.98514 23.876777 32.897431 7
-27.82024 24.496377 32.982481 7
-27.99824 23.897577 33.730201 10
-28.66034 23.181077 33.764151 9
-28.10114 22.451177 33.589851 4
-27.53844 21.619277 33.632191 12
-27.76174 20.779577 34.010781 12
-28.28004 20.135077 34.436811 1
-27.53944 20.076377 34.958532 1
-26.96314 20.014877 34.134366 12
-27.15044 19.210177 34.675165 1
-27.12004 18.406177 35.251184 1
-26.28954 17.922777 35.633389 15
-25.76414 17.464377 34.963774 10
-24.95914 17.877577 35.266706 7
-24.00834 17.922177 35.347847 7
-24.06414 18.775577 35.894837 15
-23.43014 18.126577 36.168461 7
-23.61294 17.467177 36.799381 7
-24.08494 17.579677 37.619581 1
-23.87974 18.419777 37.196241 7
-23.33864 19.158777 37.210941 7
-23.37764 19.626277 36.354991 15
-24.04264 20.269677 36.058684 15
-24.65104 19.747277 36.670211 4
-25.54794 19.445677 37.012181 1
-25.29304 18.579377 36.889721 7
-25.42864 18.565177 35.917324 7
-26.05694 19.007277 35.392068 1
-25.27174 19.192477 34.898563 7
-25.59334 20.032077 34.411494 1
-26.00654 20.745877 33.943991 12
-26.42594 21.634277 33.771191 12
-26.66824 22.206677 34.618371 12
-27.18194 22.220677 35.369787 11
-27.88864 22.334877 36.009554 10
-27.53834 22.885377 36.826671 1
-27.69114 22.617577 37.705971 3
-28.49404 23.057877 37.431461 10
-28.31194 23.025477 38.424951 16
-28.80784 22.640477 39.184711 7
-28.75594 23.178677 39.968201 5
-28.89194 22.322377 40.431761 9
-29.55294 21.578377 40.698321 10
-30.42104 21.163877 40.758001 15
-30.79034 20.272077 40.968731 1
-31.10914 20.879377 41.661751 1
-31.92654 20.244777 41.672041 12
-31.00084 19.943977 42.045531 4
-31.43004 20.475877 42.704221 7
-30.99734 21.346077 42.966201 15
-30.36954 20.648677 43.012121 12
-29.55674 21.266077 43.180651 16
-28.90714 21.388277 42.515531 7
-28.52364 22.231777 42.508821 7
-27.66594 22.643877 42.205081 1
-27.14024 23.461077 42.398161 7
-26.16344 23.507977 42.310371 4
-26.51924 23.696977 43.132581 15
-26.87804 24.655077 43.043721 10
-26.32414 25.017677 42.331631 7
-25.67944 24.854177 41.630311 1
-25.54444 24.107477 41.086191 1
-25.88234 24.439477 40.183301 1
-24.93484 24.427877 40.052921 7
-24.74654 23.575377 39.684981 1
-24.65114 22.710777 39.257151 1
-25.02244 22.752377 38.295621 1
-24.38824 23.347177 37.749061 1
-24.08684 23.300477 36.790421 1
-23.79204 22.411977 36.587761 12
-23.49014 21.728177 36.035678 15
-24.46574 21.435477 36.046168 10
-25.19664 21.858877 35.588499 12
-24.62584 22.242577 34.854354 7
-24.74714 21.847377 33.903621 12
-24.97434 20.894177 34.066941 12
-24.53604 20.381977 34.771452 7
-23.59974 20.568277 35.058635 15
-23.83824 21.234377 34.418877 11
-23.15564 21.870877 34.162133 10
-22.73814 21.952677 34.964799 7
-22.28734 21.103077 35.230611 15
-21.43184 20.999377 35.670379 11
-21.91954 20.526677 36.441411 10
-21.60314 19.730477 36.846571 16
-22.01844 19.109477 37.343281 7
-21.24524 18.653677 37.170301 16
-21.67244 17.877777 36.877601 7
-21.41624 18.415777 36.131251 16
-21.84144 17.916177 35.460289 7
-22.38064 17.153677 35.316605 7
-23.08594 17.092977 34.655767 7
-24.00414 17.012277 34.120306 13
-24.32014 17.257577 33.259001 9
-24.62114 16.421477 32.822351 13
-23.80724 15.899877 32.422601 13
-23.01174 15.956877 31.805451 7
-23.67764 15.292877 31.502511 9
-22.86204 15.281477 30.983271 7
-22.68734 16.140277 30.671351 12
-22.14974 15.541877 30.178961 14
-21.28564 16.048277 30.302701 11
-21.63434 16.858777 30.039091 10
-20.95544 16.635577 29.344241 7
-20.03864 16.501377 29.620631 16
-20.09844 17.309477 29.096961 1
-19.87964 17.510777 30.063921 15
-20.24014 17.750577 30.893951 4
-21.19974 17.884177 30.876431 6
-21.23584 17.011877 31.179721 16
-21.22714 17.516577 32.051441 1
-21.61374 17.887377 32.824411 12
-21.95294 17.032677 33.285041 7
-22.80594 17.214277 33.706111 7
-23.16264 18.045177 34.127805 7
-23.26724 19.004577 34.036551 4
-23.90004 19.740777 34.196625 15
-24.48874 19.454277 33.464301 12
-24.33444 19.891777 32.610511 1
-23.64584 20.520877 32.824821 7
-24.46654 20.972277 32.991241 12
-24.34864 21.640177 32.319551 4
-23.77214 21.249777 31.571981 11
-22.80724 21.439477 31.647331 5
-23.04754 20.468277 31.883701 7
-23.46894 20.062077 31.187461 11
-24.13474 19.567177 31.657531 11
-23.28444 19.340077 31.960831 7
-22.85874 19.529977 32.803301 1
-22.39954 20.241577 33.402601 15
-22.83604 21.083177 33.371561 16
-22.00494 21.212177 33.815611 15
-21.54524 21.871477 34.383978 14
-21.42064 22.598977 33.727691 10
-20.73354 23.147977 33.313341 10
-20.59914 24.056677 33.455311 16
-21.31424 24.789077 33.366391 9
-22.24524 24.752077 32.972591 1
-22.96604 25.367977 33.131221 1
-23.35654 25.410877 34.044711 7
-24.35994 25.756077 34.194462 7
-24.98084 24.940177 34.390822 16
-25.42934 24.158177 33.837271 10
-25.60254 23.701977 32.920081 7
-25.06294 23.040177 33.487571 16
-25.79224 22.457577 33.748401 12
-25.62244 22.797277 34.638091 1
-26.09534 22.642577 35.547432 7
-26.33164 21.663377 35.489468 12
-25.99664 20.781477 35.194248 12
-26.50314 20.340377 35.924614 7
-25.92624 20.769177 36.477561 1
-25.22354 20.834877 37.240771 7
-24.25134 20.567877 37.402711 13
-23.38184 21.074177 37.540941 1
-22.70294 21.447677 38.064691 13
-22.15984 21.165077 38.861921 10
-22.45814 21.119677 39.745181 7
-23.47574 21.284177 39.645041 1
-23.69894 20.448577 39.100421 15
-23.82364 19.480977 38.960881 4
-23.70384 18.728377 39.514191 9
-23.99584 18.392077 38.678461 6
-23.24204 18.045077 38.195841 7
-22.55804 17.462877 38.014901 11
-22.35824 17.152577 37.130541 7
-22.55234 17.585477 36.336771 7
-22.46634 18.518477 36.227831 7
-22.37654 19.489577 36.085594 16
-22.39464 20.062177 35.261626 15
-22.49204 19.558077 34.540108 15
-21.95874 18.797877 34.827267 7
-21.67924 18.708077 33.968181 7
-21.13674 19.477677 33.874961 15
-20.85514 19.703277 32.939131 1
-20.21394 19.974377 32.226541 7
-20.54524 20.836877 31.891211 12
-20.83294 20.148277 31.265161 11
-21.70224 20.071277 30.857601 1
-22.31034 20.333577 30.136751 16
-23.20254 20.012877 30.084221 11
-23.97894 20.302777 29.546941 11
-23.24184 20.783677 29.075151 9
-22.60604 21.368077 28.778221 10
-22.40084 22.244677 28.332811 16
-23.10174 22.554977 28.863641 12
-23.67594 23.324377 28.829341 7
-23.81934 23.760777 27.918721 7
-24.41064 23.932077 27.156021 13
-24.94574 23.160877 27.420461 16
-25.31004 23.697977 28.291021 10
-24.88254 24.547377 28.579731 7
-25.13874 25.461277 28.305481 16
-25.43674 25.116977 27.481041 4
-26.00014 25.803577 27.904851 12
-26.57914 26.443477 27.502831 1
-26.88624 27.084677 28.155011 10
-26.74804 28.058677 28.368671 5
-26.76354 27.768977 29.305411 16
-27.25284 27.508477 30.010951 16
-27.98684 26.921277 29.924461 14
-27.69854 26.218277 30.512991 12
-27.11584 25.512477 30.829461 7
-26.80544 24.847177 31.454201 7
-26.80794 25.083177 32.377061 7
-26.48674 25.699377 33.177351 1
-26.03744 26.126677 33.928901 10
-26.80104 25.993377 34.523092 7
-27.01444 25.092777 34.171145 15
-27.69304 24.613377 34.730913 1
-27.89774 24.157977 35.585109 1
-28.41094 23.347877 35.38395 1
-29.16414 22.801177 35.056026 1
-29.27424 22.207177 35.926634 1
-29.51734 21.238577 35.845575 16
-28.93744 20.944077 36.610911 12
-28.11784 21.213477 36.201601 15
-27.76774 20.840677 37.087831 7
-28.31534 20.088477 37.088741 1
-28.73054 19.237977 36.812551 12
-27.93194 18.762377 36.630601 8
-27.30534 19.145077 37.235401 5
-27.24164 18.129677 37.295381 12
-26.76924 17.507277 37.924621 15
-26.20714 17.980277 38.496211 16
-25.62674 17.313677 37.956981 13
-25.09944 17.494377 37.184321 7
-25.11624 16.479077 37.098091 12
-24.34464 16.873577 36.518431 7
-24.60504 16.418877 35.730935 15
-23.98054 16.286277 34.993272 7
-23.62794 15.879777 34.149911 13
-22.74834 15.719877 33.903161 7
-23.25214 15.364877 33.128731 13
-22.50564 14.988677 32.521231 1
-22.27734 14.776177 33.424711 11
-21.64134 14.764477 34.141425 12
-21.90134 15.529077 34.723629 7
-21.90254 16.202877 35.373988 7
-22.57184 16.373877 35.983296 7
-23.12844 16.391177 36.787431 11
-23.66454 16.555377 37.592281 11
-23.78384 16.891477 38.478771 12
-23.25194 16.662677 39.196441 1
-22.38394 16.946177 38.908431 11
-22.38444 17.561877 39.811061 16
-22.30924 18.018777 38.949031 9
-22.33344 18.637477 38.197471 7
-21.42384 18.374077 38.422271 1
-20.56354 17.877677 38.543641 7
-19.68134 18.352077 38.801231 9
-19.36404 18.286977 37.871541 7
-19.77494 18.834977 37.196481 16
-18.96674 19.433377 36.914061 4
-19.74944 19.847577 36.574231 16
-20.11524 19.698077 35.637868 16
-20.51854 18.817777 35.39655 7
-20.92574 19.623677 34.921256 15
-20.49474 20.474877 34.825748 10
-19.58364 20.221877 34.617506 5
-19.92224 19.313377 34.366033 14
-20.38244 18.676977 33.754301 7
-20.31914 17.674977 34.019041 7
-20.11564 17.755377 33.127271 16
-19.26704 17.377677 33.105791 1
-19.61254 16.674577 32.626661 1
-20.30414 16.360477 31.899561 10
-20.56994 16.269877 32.813131 12
-20.45134 16.705277 33.609441 1
-21.16094 17.154377 34.083111 7
-21.30054 16.996377 35.059547 7
-21.14644 16.108377 34.722345 7
-20.54284 15.468577 34.357175 15
-20.09414 15.600777 33.515331 11
-19.17874 15.456377 33.840371 1
-19.05424 16.388677 34.128671 15
-19.33484 17.333677 34.214122 7
-18.43024 17.486077 34.635799 15
-18.04014 16.780377 33.920051 12
-17.22444 16.436177 33.506071 13
-17.71834 15.912177 32.877241 16
-18.08774 15.021877 32.650001 7
-18.08214 14.323577 32.001471 16
-18.84244 13.764877 32.430481 6
-19.81874 13.838677 32.790991 1
-20.58304 14.012777 32.222841 11
-21.46914 13.853677 32.671041 7
-22.07084 13.682377 33.447661 12
-22.70134 14.102077 34.088071 12
-22.78714 14.844277 34.668328 7
-23.63644 14.731877 34.288332 12
-24.36104 15.260177 34.524039 13
-24.41394 14.579677 35.142772 16
-23.59694 15.107377 35.361313 7
-23.41504 15.792977 35.967419 7
-23.89874 15.486477 36.766351 4
-23.36274 15.523377 37.598541 11
-22.89304 14.958877 38.250351 15
-22.89744 15.672277 38.844651 11
-22.11074 15.935077 39.339561 12
-22.01014 15.032977 39.054591 15
-21.24314 14.568677 39.385331 7
-21.07544 14.612877 38.406981 8
-21.46714 13.727077 38.519731 15
-21.11044 12.957577 38.908131 7
-20.31974 12.923277 39.614571 9
-20.04624 12.040877 39.680781 15
-19.10374 12.395877 39.798341 16
-18.62704 13.226477 39.893851 11
-18.62194 14.105977 39.369521 7
-19.04194 14.870577 39.744871 1
-18.88184 15.749577 39.352121 1
-19.78344 15.678277 39.153911 1
-19.73354 16.559677 39.542231 7
-20.61584 16.731177 39.302191 1
-20.99834 16.303477 38.548701 1
-20.49124 16.554577 37.756551 11
-19.85464 16.985077 37.233411 1
-20.58574 17.139577 36.584931 7
-20.18774 17.989677 36.387471 16
-20.60874 17.586977 35.602466 7
-19.97384 17.970477 35.025698 7
-19.40134 18.749577 35.444225 1
-18.48354 18.523477 35.725044 1
-19.11014 18.205577 36.472471 16
-19.15104 17.243477 36.142241 14
-19.71314 16.555477 35.785684 7
-20.01274 15.731577 35.299416 7
-19.59064 14.835077 35.577232 5
-19.90674 13.951777 35.26303 15
-20.77714 14.227077 35.053749 12
-21.59524 14.457377 35.499024 7
-20.95534 14.421777 36.181021 7
-21.38284 13.672077 36.552321 16
-22.12084 13.023377 36.911601 15
-22.19854 12.006577 36.997661 16
-22.11984 12.337677 36.038536 12
-22.85654 12.906877 35.929561 11
-22.15134 13.497977 35.665607 12
-22.55494 13.884177 36.439561 15
-22.98944 14.174577 35.649255 7
-22.87354 13.549677 34.903247 12
-23.29654 12.677177 34.868861 12
-23.95094 12.093377 34.543726 1
-23.84384 11.174077 34.111741 11
-24.14364 10.614077 33.471751 1
-23.81314 9.834577 33.182491 13
-23.05584 10.334377 33.487841 11
-22.36064 10.474877 32.848811 16
-22.97054 11.000477 32.349491 1
-23.43464 11.065577 31.545141 7
-24.00524 11.646477 32.119081 16
-24.15184 12.222377 32.884201 1
-23.48574 12.777377 33.389121 12
-23.01254 13.608377 33.228101 12
-23.55384 14.434377 33.329221 5
-24.35634 14.577477 32.735801 13
-24.30574 13.701477 33.177201 12
-24.67794 13.065377 33.773641 7
-25.27024 13.645177 34.242873 8
-25.83974 12.959577 34.852836 9
-26.78834 12.892677 34.808728 7
-27.04004 13.156177 35.757865 7
-26.48584 13.980677 35.253018 15
-25.95174 14.384077 35.985583 1
-25.96364 14.656777 36.940271 8
-25.53874 15.271577 37.544931 7
-26.10864 14.665277 38.003381 12
-26.92824 14.861377 38.472311 16
-26.76614 14.129477 39.045711 11
-25.85104 13.935977 39.255451 7
-24.91134 13.538477 39.206141 1
-24.09794 13.883677 38.731431 11
-23.42664 13.774577 38.040961 15
-24.14284 14.129877 37.644881 1
-23.44264 14.213977 36.999281 15
-23.06534 14.971577 36.602201 7
-22.47414 15.545177 37.087641 11
-21.80184 15.828577 36.331771 7
-21.84964 14.882777 36.463441 7
-21.58594 14.925477 37.411811 15
-21.57544 15.818977 37.717961 11
-21.15944 16.263877 36.977041 7
-20.81714 15.398677 36.624971 7
-20.33494 15.439377 37.453441 12
-19.41474 15.600777 37.601521 16
-18.59364 15.341277 38.059891 10
-17.77834 15.914977 37.933471 1
-17.38654 16.828777 37.845351 16
-17.85384 16.745777 37.029881 1
-17.35034 15.880077 36.909501 1
-17.81734 15.154977 36.450941 7
-17.41634 15.842977 35.875252 16
-17.46874 15.384277 34.985271 1
-17.48964 14.421377 35.013563 14
-18.16924 13.821077 34.749683 16
-18.17094 13.844777 33.738591 1
-19.09454 13.998677 33.518981 1
-19.57974 13.123377 33.546741 16
-19.77814 12.970477 34.415061 1
-19.99634 12.202977 33.858791 15
-20.43454 12.030277 34.736623 16
-20.48254 12.495977 35.674164 16
-20.95844 12.955977 34.895281 12
-21.29454 12.776077 34.042821 12
-21.78474 12.609377 33.251711 15
-21.79724 12.862677 32.313881 5
-21.80864 11.998977 31.912081 1
-22.56014 11.865377 31.341071 16
-22.02394 11.166377 30.993091 1
-21.50444 10.411677 30.609591 15
-21.57864 9.952477 31.444191 12
-21.42844 9.323377 32.178511 15
-21.31654 10.078077 32.854351 1
-21.53854 10.830277 33.423801 11
-20.63794 10.748277 33.649001 8
-20.40664 11.021877 34.558545 16
-21.08914 10.261777 34.582134 11
-20.52844 10.235577 35.360933 16
-21.13344 10.446677 36.067399 16
-20.97864 10.499377 37.001141 16
-20.20234 9.964077 37.272641 16
-19.53114 9.384777 37.599961 8
-19.61894 8.800877 38.384221 11
-20.38144 8.204877 38.197811 13
-20.44454 8.960277 37.536311 16
-21.39054 8.821877 37.359871 16
-21.57094 8.292277 38.115301 7
-22.15274 8.031477 37.395381 16
-21.96924 7.228777 37.844001 1
-22.46804 6.370777 37.854251 7
-22.01394 5.780777 37.219551 1
-22.83994 5.314377 36.965401 11
-23.52314 5.359377 36.174091 16
-22.73494 5.331977 35.652924 1
-22.44774 6.299977 35.729682 1
-22.80834 7.130377 35.464715 1
-22.71874 8.019577 35.964632 16
-23.16534 8.861377 35.881254 16
-23.28724 9.737377 35.662557 1
-22.64364 9.587077 35.001521 11
-23.10294 9.523077 34.160984 11
-22.60394 8.710977 34.211146 1
-21.79794 8.745577 34.8249 1
-21.45134 8.896577 35.669286 16
-21.73934 7.949277 35.767645 11
-21.07124 8.306977 36.429751 16
-20.70234 7.531377 36.012089 15
-19.89054 7.802577 36.426591 12
-19.74284 7.691777 35.519279 5
-19.67804 8.615377 35.25012 15
-20.43364 9.157177 35.515581 1
-19.88754 9.568177 36.268461 16
-18.94794 9.384777 36.443871 5
-18.63764 10.190277 36.108469 12
-18.59724 10.824777 35.371475 7
-19.58884 10.673777 35.407561 16
-19.49694 11.529577 35.806977 16
-19.22174 12.447977 36.128091 12
-19.42524 12.230077 37.089491 1
-20.06594 11.774377 36.597881 16
-21.01314 11.381177 36.613611 16
-21.26164 11.486977 37.472381 16
-20.83924 12.360577 37.806991 1
-21.70194 12.752477 37.997441 1
-22.54104 13.192377 38.062811 15
-22.81614 12.299577 37.716861 15
-22.64014 11.329577 37.442851 16
-22.86844 10.410977 37.346121 16
-23.20244 10.804877 36.454911 1
-22.98504 11.700077 36.456931 16
-23.61474 12.117977 37.060941 15
-24.37334 11.540977 36.999771 7
-23.92234 10.854677 37.503831 13
-24.30904 10.338777 36.760371 1
-24.24004 10.997377 36.035597 12
-23.80974 11.218877 35.239274 11
-22.89824 11.427177 35.364458 16
-22.81924 11.875577 34.523211 12
-22.51704 11.246977 33.843331 11
-21.91564 11.908777 34.021771 12
-22.05504 11.266777 34.726046 11
-21.72734 11.328977 35.604488 16
-22.22694 10.495877 35.374139 11
-21.97444 9.843077 36.031 16
-21.96654 9.788577 37.044181 16
-22.71714 9.292577 37.342141 1
-22.14214 9.503377 38.082021 16
-22.71094 9.079577 38.801231 11
-23.60714 8.951177 39.261811 8
-23.28424 9.657777 39.771861 16
-24.21024 9.799377 39.827911 7
-25.04084 9.964477 39.302181 5
-25.36684 10.741277 38.799501 5
-24.90304 11.387977 38.300521 15
-25.83114 11.550577 38.212531 1
-25.53894 12.347177 37.712901 8
-24.82384 12.824677 37.264091 12
-24.04024 12.930477 37.865991 15
-24.42574 12.665377 38.700951 15
-24.55564 12.607777 39.662401 1
-25.36714 12.099977 39.893521 16
-24.95994 12.176377 40.766761 1
-24.58324 11.350877 41.075121 8
-24.00574 10.704977 41.505391 9
-23.71524 11.590077 41.680731 14
-22.81414 11.373277 41.392171 12
-21.89094 11.719277 41.242281 1
-21.08114 11.244077 41.069341 1
-21.04204 10.499277 41.654561 7
-20.94574 10.839477 42.581471 1
-20.64384 10.564077 43.485901 16
-20.23504 9.692177 43.118411 1
-19.54094 9.053477 43.016311 16
-18.96154 9.508777 42.363131 12
-18.40244 9.159477 41.636821 13
-17.54324 9.368577 42.025791 1
-17.52154 9.662777 41.056211 1
-18.36904 9.963977 40.670721 16
-18.30434 10.558077 39.831251 7
-18.96104 9.818177 39.735051 16
-18.82744 9.305477 39.018461 5
-18.12184 9.607477 38.418871 5
-18.44014 10.030277 37.647391 8
-19.26224 10.310177 37.239461 16
-19.17704 11.191677 36.825341 16
-18.31204 10.955377 37.185671 11
-18.02474 11.838777 37.426191 7
-18.43704 12.056477 38.341161 15
-19.36564 11.648977 38.093281 16
-20.31014 11.655477 38.390521 1
-20.89764 10.897377 38.234741 16
-20.14444 10.335477 38.240171 16
-20.40044 9.602477 38.863091 16
-21.25764 9.160277 39.120701 1
-20.53164 9.069977 39.740851 12
-20.73494 9.602777 40.588141 1
-21.62234 9.903877 40.772621 11
-21.45514 10.597877 40.036871 1
-20.94244 10.299477 39.297231 11
-21.79314 10.341277 38.853631 16
-22.02454 11.220477 38.595781 16
-22.88894 11.614177 38.801291 15
-23.63504 10.981277 39.000101 16
-23.67084 11.895877 39.364031 15
-23.35874 11.674677 40.234761 16
-22.74244 12.374477 40.229941 1
-22.14794 12.635777 39.436541 12
-22.76804 13.315577 39.573891 15
-22.67184 13.655977 40.449161 1
-22.91634 13.228477 41.307621 16
-23.03024 13.259877 42.206371 1
-22.93184 12.843877 43.061301 16
-22.07554 12.520877 43.184001 7
-22.01454 12.714477 44.142681 1
-21.55494 12.469377 45.028221 1
-21.29924 12.027477 45.912351 5
-21.24574 11.068977 46.178351 16
-21.46334 10.080177 46.107651 11
-20.82124 9.483977 45.656751 12
-19.93534 9.902377 45.362751 16
-19.07144 9.555477 45.287351 7
-18.83164 9.585977 46.222751 1
-19.21034 8.672777 46.211751 16
