-53.743183 30.506121 -9.872712 1
-54.015083 29.589221 -9.713042 2
-53.377283 28.993621 -9.227472 1
-53.893983 28.628621 -8.482932 1
-53.156283 28.042721 -8.116252 16
-53.129983 27.080621 -8.366902 1
-53.024783 26.189861 -8.639242 1
-53.168183 25.232721 -8.490302 1
-53.976783 24.886031 -8.850692 2
-53.594183 24.909041 -9.759822 3
-53.091783 25.317391 -10.513792 12
-53.023683 25.315721 -11.476872 14
-52.627183 24.822071 -12.205452 4
-52.500283 25.590741 -12.739552 1
-52.873383 25.182561 -13.527492 1
-53.307483 25.058071 -14.413592 2
-53.343383 25.719511 -15.086422 2
-52.982783 25.030541 -15.709522 15
-52.925083 25.281671 -16.671122 14
-53.757583 25.941751 -16.714122 2
-53.728483 26.730741 -17.292022 11
-54.057183 27.634521 -16.951422 8
-54.302383 27.426121 -17.883922 1
-55.057683 27.102221 -17.435922 13
-55.807583 27.525521 -17.877222 8
-55.065883 28.157921 -17.756722 1
-55.250583 28.966121 -18.305822 15
-56.084583 29.005621 -18.758522 5
-55.992283 28.129421 -19.100222 9
-56.312883 28.234821 -20.014722 9
-56.502983 28.929821 -20.606722 12
-57.396583 28.801121 -20.921622 14
-57.178083 27.885921 -21.119222 6
-57.851983 27.201521 -20.961122 1
-58.059683 26.870271 -21.847922 8
-57.762383 26.116591 -21.287022 14
-57.532983 25.198341 -21.430022 14
-56.665483 24.961701 -21.057022 2
-56.550883 25.111471 -20.115222 14
-55.667683 24.690111 -20.291922 6
-55.638283 23.730751 -20.081522 2
-55.894383 23.306811 -19.218422 2
-56.455983 24.031541 -19.636922 14
-56.550283 23.275351 -20.327022 2
-56.079283 23.436171 -21.175922 6
-55.490183 22.728221 -21.246922 5
-54.945483 22.057671 -20.826422 2
-54.568983 22.456531 -20.046722 2
-54.820583 23.302121 -20.456222 2
-54.119483 22.840701 -20.927622 7
-53.744883 22.899221 -21.758222 2
-53.946583 22.244701 -22.386122 5
-53.288683 22.681401 -22.942322 2
-52.948483 23.321591 -23.541222 2
-52.980783 24.264811 -23.263422 2
-52.122983 24.792971 -23.074822 1
-52.800383 25.267171 -22.561622 5
-53.238883 26.104561 -22.730722 1
-54.204983 26.083111 -22.839622 11
-55.118983 26.176261 -23.138722 3
-54.756183 26.999321 -22.646922 8
-54.616883 27.187521 -21.722022 15
-54.566983 27.055821 -20.776322 1
-55.163483 26.949821 -20.021622 9
-54.724483 26.462981 -19.234922 2
-55.242683 25.688991 -19.030522 1
-56.226383 25.696411 -19.015022 2
-57.101383 25.710221 -19.378722 14
-58.022783 25.526631 -19.235022 14
-58.418283 24.715251 -18.945222 14
-58.511683 24.641221 -17.983422 9
-58.503983 23.965011 -17.345722 8
-57.813083 24.484161 -16.868622 14
-56.847383 24.368431 -16.868022 1
-56.928083 24.285461 -17.756022 1
-57.151883 23.988271 -18.666822 14
-56.936883 23.124721 -18.287022 2
-57.170483 22.283791 -17.869422 8
-56.939583 21.727951 -18.651322 2
-57.611883 21.129181 -18.280722 8
-57.859383 20.253351 -18.415722 10
-57.501983 20.510911 -19.318622 2
-56.902083 20.142831 -20.028322 2
-57.249183 19.227521 -19.979622 1
-57.765783 18.504671 -19.999322 1
-57.785383 17.763363 -19.319422 15
-58.658583 17.772854 -19.824922 12
-58.638083 16.756656 -19.673422 11
-58.824183 17.030819 -20.609222 6
-59.771183 17.326331 -20.757522 14
-59.919483 18.263311 -20.745522 1
-59.588083 18.829001 -21.440422 7
-59.173483 19.403971 -22.113622 1
-58.428083 19.944671 -21.857722 1
-57.740983 19.281731 -21.409522 1
-56.848383 19.553091 -21.927622 1
-56.682483 20.336281 -21.376222 2
-56.949083 21.164851 -21.849022 2
-56.697083 22.039371 -22.267422 3
-56.759883 22.263991 -23.252122 1
-57.625083 22.028541 -23.341222 1
-58.127583 21.517011 -22.621322 14
-58.655083 21.187811 -21.867222 1
-58.949783 20.653181 -21.036522 1
-57.943183 20.785181 -20.945122 2
-58.017683 21.609951 -20.453122 2
-57.682283 21.852801 -21.316822 2
-58.198583 22.490541 -21.822822 11
-58.345883 23.407791 -21.776022 2
-58.551683 24.381931 -21.672922 14
-58.417583 25.234031 -22.282922 14
-59.344483 24.871221 -22.129622 5
-59.681483 25.155801 -21.369122 14
-60.228283 24.407661 -21.311322 2
-60.162383 24.605211 -20.327322 14
-59.452383 25.360641 -20.287022 14
-60.170983 25.299311 -19.530522 14
-60.634883 24.485571 -19.204822 5
-61.452783 24.728471 -18.800122 5
-61.285183 24.074761 -18.044822 14
-61.828583 23.361331 -17.727622 2
-61.631383 23.421381 -16.808122 2
-61.099283 22.586001 -16.764222 1
-60.583983 22.036831 -16.174622 2
-60.043883 21.276691 -15.795722 9
-59.126283 21.082361 -16.009422 15
-58.982883 21.237381 -16.927922 8
-59.454783 22.077791 -16.550022 2
-58.617283 22.504721 -16.707322 8
-57.660183 22.396261 -16.605322 8
-57.391983 23.235811 -16.848222 6
-56.500483 23.001401 -16.993022 2
-56.346383 23.289401 -16.119122 15
-56.320283 22.962951 -15.227622 15
-56.060983 22.088731 -15.787822 1
-56.436783 22.028261 -16.697822 8
-56.172183 21.141571 -16.581322 12
-56.646983 21.048461 -15.665082 12
-57.431283 20.771581 -16.243922 6
-58.155483 20.183411 -16.428322 14
-58.133483 20.632381 -17.316822 8
-57.438383 20.002861 -17.513222 1
-56.659983 20.487891 -17.444522 3
-56.470583 20.441631 -18.313222 2
-55.417383 20.490881 -18.213622 9
-55.473283 21.287051 -18.766122 2
-55.318683 20.609331 -19.422322 2
-54.399583 20.977101 -19.569522 2
-53.501183 20.674091 -20.032522 8
-52.938583 20.466041 -19.186222 14
-52.361883 21.229871 -19.066922 5
-53.016783 21.088041 -18.359722 6
-52.878483 20.503401 -17.667322 1
-53.835583 20.364091 -17.488422 2
-54.245583 19.469391 -17.409222 5
-54.070683 18.493071 -17.731522 11
-54.249683 18.912231 -18.628722 1
-54.853783 19.332031 -19.322122 5
-54.891483 19.617451 -20.287522 1
-55.029883 20.608081 -20.398222 2
-55.951783 20.886701 -20.259722 2
-55.862783 21.681251 -20.801222 2
-56.644383 22.129601 -21.085922 2
-57.294283 22.799741 -21.486622 1
-57.043883 23.754001 -21.695422 1
-57.432783 23.706871 -20.843522 2
-57.925383 24.506261 -20.622322 14
-58.514183 25.021661 -20.024022 14
-58.639683 25.942711 -20.153422 14
-58.763783 26.932861 -20.331822 15
-59.360383 26.877401 -19.557622 2
-58.593483 27.096721 -18.882822 2
-59.012883 26.348311 -18.471922 14
-58.862883 26.964221 -17.772522 6
-59.709583 27.556021 -17.825922 15
-60.348283 26.710971 -17.885322 14
-59.922783 25.858531 -17.788522 3
-59.755583 24.940101 -17.539122 15
-59.607383 24.838111 -18.453522 14
-59.499483 23.835381 -18.556722 2
-59.443483 22.838711 -18.551822 2
-59.046483 22.317271 -17.845322 8
-58.468283 22.340691 -18.571822 8
-58.007083 22.524051 -19.483322 2
-57.654183 23.347111 -19.678322 2
-58.402183 24.005491 -19.799022 14
-58.344883 23.286551 -20.428522 2
-59.178483 23.425371 -20.079222 14
-60.059783 23.436731 -19.869722 9
-60.779083 22.965131 -20.306222 8
-60.799583 22.155751 -19.713422 9
-60.027883 21.589531 -19.810222 1
-59.899583 20.670591 -19.880822 1
-59.492783 19.911201 -19.376622 5
-59.102283 20.657971 -18.959022 8
-59.129583 21.549821 -19.161222 1
-58.231683 21.242201 -19.416422 14
-57.358583 21.710841 -19.621022 2
-56.482383 21.865271 -20.013222 2
-55.993083 22.025811 -19.173522 2
-55.142383 22.525781 -19.089022 2
-54.338283 22.902181 -18.816522 3
-54.192483 23.434861 -19.604122 3
-53.567183 24.167821 -19.694422 2
-52.734283 23.772041 -19.437922 7
-52.198183 23.597531 -20.248322 1
-51.731183 22.781581 -20.597322 4
-51.187783 23.608131 -20.707222 1
-50.798583 23.860231 -19.860522 2
-50.782783 23.040411 -19.326522 1
-50.212383 22.910921 -18.504922 14
-49.593183 23.638601 -18.443622 2
-50.068583 24.570251 -18.255622 3
-50.615683 25.317711 -18.090122 1
-51.420283 25.362681 -18.646822 14
-51.616983 25.529291 -19.576322 8
-50.631383 25.598381 -19.510022 6
-49.662783 25.581441 -19.394122 12
-49.445583 24.932351 -20.074822 10
-48.684283 24.379381 -20.055522 2
-48.073083 24.478461 -19.277922 1
-47.281083 24.456941 -18.657222 8
-46.433383 23.935151 -18.900922 2
-45.544183 24.345981 -18.859822 2
-46.283883 24.947741 -18.801422 6
-46.156683 25.122191 -17.851622 2
-46.880183 25.721551 -17.525722 9
-46.825083 26.027471 -16.647822 2
-46.837483 26.474861 -15.837322 1
-46.177083 25.966041 -15.279332 8
-46.514883 26.513911 -14.513852 7
-47.167083 27.025921 -14.867502 1
-47.291183 27.333121 -13.865282 3
-47.744283 28.186521 -13.959542 1
-48.214383 27.377221 -14.379632 2
-48.969683 27.684021 -13.781962 14
-49.684083 28.269621 -13.859872 8
-49.734083 29.100321 -14.360712 1
-49.647283 29.088021 -15.360472 14
-49.305483 29.978521 -15.417942 3
-49.667483 29.754921 -16.315422 12
-49.618683 28.813921 -16.400522 2
-48.635683 28.597621 -16.134122 5
-48.002183 28.433721 -16.913222 3
-47.344483 28.981121 -17.354222 15
-46.500783 29.622821 -17.391222 14
-46.568683 28.904921 -16.794922 8
-45.841183 28.237421 -16.989022 3
-45.419183 27.402321 -16.817622 1
-45.886583 26.644731 -17.139722 11
-45.794683 26.368431 -16.209322 2
-44.886883 26.736971 -16.154922 5
-44.918083 25.848521 -16.526322 2
-45.093083 24.990881 -16.087122 2
-44.684783 24.121901 -15.948622 2
-44.983783 24.509561 -15.106232 1
-44.802383 25.428071 -14.681632 14
-45.334983 25.993431 -14.027732 2
-45.380483 26.731521 -14.701322 1
-45.729683 27.567421 -14.987922 14
-45.143083 27.897421 -15.691822 1
-44.409083 27.928721 -15.096432 1
-43.730983 28.606121 -15.114882 2
-43.743783 28.930821 -14.250682 3
-42.807783 28.732021 -13.960692 14
-43.019183 27.915321 -14.357472 4
-42.687883 27.299721 -15.028092 1
-42.366583 26.456591 -15.293392 2
-41.829183 26.112251 -14.566902 14
-40.893883 25.948231 -14.716952 1
-40.749983 25.008301 -15.054202 2
-39.893483 25.292291 -15.434612 2
-38.945283 25.141551 -15.647232 6
-38.648683 24.250121 -15.911522 9
-37.942583 23.655821 -16.179522 9
-37.273183 24.060471 -15.635472 2
-37.537383 23.143901 -15.443012 9
-38.168083 23.381921 -14.727332 9
-38.192883 24.315731 -14.494382 6
-39.123483 24.182881 -14.392752 2
-39.581183 24.372151 -15.258642 2
-40.284883 24.350071 -15.877822 6
-39.544983 23.760701 -16.161522 9
-39.782583 22.946311 -15.688622 9
-40.338083 23.488981 -15.128422 2
-41.106683 23.636281 -14.650722 2
-41.910783 24.094591 -14.959552 3
-42.076383 23.151061 -14.882122 8
-42.882883 22.688841 -15.080002 8
-43.159683 22.026401 -14.496582 8
-43.514983 21.562751 -13.701332 6
-43.825883 22.460651 -13.775022 8
-43.880583 23.415441 -13.796652 8
-44.094183 24.212841 -13.213972 14
-43.487083 24.051551 -12.498112 2
-43.031983 23.876811 -13.401562 8
-42.251783 24.149991 -13.887272 14
-41.274283 24.455721 -13.927582 2
-41.031583 23.951241 -13.027832 3
-41.358183 24.176141 -12.072372 6
-40.796083 24.937101 -12.508872 14
-40.402883 24.981281 -13.439742 2
-39.566183 24.526541 -13.408332 2
-38.750383 24.683461 -12.960172 3
-39.088483 25.461951 -13.397572 2
-38.601883 25.847051 -14.177252 3
-39.350583 26.043741 -14.788452 2
-39.681183 26.872101 -14.998082 3
-39.772183 27.741221 -15.408912 12
-40.034583 27.923921 -16.294022 2
-39.529083 27.137621 -16.460222 2
-40.128183 27.532621 -17.151022 12
-41.038683 27.152421 -17.070822 1
-41.433583 26.303431 -17.279022 3
-41.120083 25.729301 -18.027722 10
-41.995483 25.450851 -17.740722 1
-41.718883 24.611921 -17.289422 2
-40.840383 24.435021 -16.778222 1
-40.833783 23.467391 -16.762122 9
-41.158583 22.854981 -16.084522 1
-41.446283 22.419111 -15.230762 8
-40.732783 21.714361 -15.311952 14
-41.460883 21.197001 -15.725222 1
-41.658783 20.695651 -14.898372 9
-42.217883 21.049341 -14.206742 8
-42.158183 21.201581 -13.283872 3
-41.329583 21.535361 -13.746372 8
-40.895483 21.918541 -13.022472 2
-41.105083 22.233621 -12.128482 1
-41.588683 21.704061 -11.373952 2
-41.342383 20.959421 -11.918422 6
-42.071183 20.274921 -11.952652 2
-42.887083 19.811591 -11.896202 8
-43.312883 20.675831 -11.877442 14
-43.961183 20.705481 -11.004712 2
-44.860283 20.376361 -11.028532 1
-45.208483 20.480521 -11.935702 3
-45.705483 19.710191 -11.650172 7
-46.463283 19.812631 -11.097612 6
-47.417383 19.667241 -11.361522 2
-47.674583 19.855401 -12.224872 2
-47.176483 19.378061 -13.032442 6
-46.628883 18.509421 -12.941442 1
-45.836283 18.379451 -13.440152 3
-45.522483 19.286221 -13.423452 1
-45.515283 20.176891 -13.684862 2
-45.612983 21.140781 -13.693682 14
-44.727883 21.160581 -14.137762 14
-44.254083 21.789751 -14.762482 8
-45.244183 21.886461 -14.831902 3
-44.742883 22.411731 -15.505942 8
-45.174583 23.111331 -16.058522 2
-45.897783 22.581231 -16.152122 9
-46.148983 23.188341 -15.505362 2
-45.267583 23.486861 -15.093372 2
-44.809083 23.441571 -14.314512 8
-45.232483 24.349921 -14.033652 9
-44.955583 24.890041 -13.304752 14
-45.604783 24.651581 -12.615592 12
-46.303883 24.056571 -12.980432 3
-46.398683 23.842571 -13.935942 1
-46.233083 24.006221 -14.879852 2
-46.198483 24.964101 -14.729132 9
-46.131183 25.093581 -15.696322 2
-46.923283 25.038651 -16.252922 1
-47.379283 24.519301 -16.897522 3
-46.383483 24.299851 -16.990622 2
-45.826183 23.453061 -16.935922 2
-45.389783 22.988411 -17.697922 2
-45.794383 22.324241 -17.090222 10
-46.686083 22.680111 -16.886122 9
-46.776583 22.012731 -17.576722 1
-46.430583 21.134711 -17.769322 1
-45.626583 21.301361 -18.206022 3
-45.839983 22.022151 -18.746622 1
-44.890283 22.222101 -18.621122 2
-43.997483 22.111161 -18.199622 6
-44.054383 22.958451 -17.718722 2
-43.225583 22.451791 -17.457622 6
-42.558083 22.634491 -16.828622 12
-42.644983 21.894331 -16.228722 8
-42.681283 21.036331 -16.666422 6
-42.265883 20.547781 -15.919422 2
-43.065683 21.112221 -15.682022 8
-43.915083 21.222991 -16.218322 14
-44.601283 21.304771 -17.008222 6
-44.534483 22.127351 -16.485022 3
-43.857183 22.843741 -16.575922 3
-43.624483 23.242141 -15.761022 8
-43.605783 23.868791 -16.581122 2
-43.314983 24.247751 -15.749622 4
-43.080183 23.844061 -14.926222 8
-43.279683 24.631391 -14.498322 14
-43.365183 25.546131 -14.706872 14
-43.967783 24.917381 -15.167542 1
-43.581083 25.319531 -15.971422 2
-43.120283 24.718891 -16.693922 1
-43.118983 25.434341 -17.355222 1
-43.873483 25.293651 -17.969622 2
-43.669783 26.170091 -18.271822 12
-43.878183 26.617411 -19.127522 2
-44.789783 26.686651 -19.558422 3
-45.051383 26.111871 -18.844222 3
-45.451883 25.903511 -17.994022 1
-45.148383 25.198571 -17.495522 2
-45.259083 24.405011 -16.945822 2
-44.691383 24.212291 -17.738822 2
-43.867283 24.069411 -18.274122 3
-43.033383 23.709831 -18.563522 1
-42.401183 23.083531 -18.068422 6
-41.925183 22.222741 -18.216022 6
-41.173283 22.512331 -17.624022 14
-40.445683 21.820761 -17.504422 2
-39.819783 21.915701 -16.723122 9
-39.056483 22.204401 -16.178422 9
-38.733283 22.046821 -15.302082 9
-39.119583 22.690891 -14.688192 9
-39.733583 23.322021 -14.312712 2
-40.100283 23.555961 -13.417922 2
-40.826083 23.009631 -13.327602 14
-41.775783 22.998241 -13.640802 8
-42.481183 22.466481 -13.198812 8
-43.247683 22.150541 -12.610962 3
-42.843283 22.612101 -11.863252 2
-43.408183 23.262891 -11.343522 3
-42.890983 24.079641 -11.365592 1
-43.081883 24.317631 -10.484412 2
-43.225483 23.996441 -9.603852 2
-42.206783 24.162531 -9.512862 8
-41.314383 24.554751 -9.282132 2
-41.893383 24.943951 -10.005672 3
-42.298283 25.198841 -10.888692 8
-42.945483 25.552871 -10.354472 10
-43.928583 25.536481 -10.338772 2
-44.333883 24.710281 -10.349102 1
-44.103083 23.809731 -10.512902 2
-45.053483 23.599631 -10.549122 7
-45.795483 24.183681 -10.413252 3
-45.338483 24.477901 -11.212182 3
-44.682183 24.847021 -11.836982 8
-44.696083 25.709911 -12.317942 6
-43.856183 25.522851 -12.871192 14
-43.268283 25.849241 -13.621682 14
-42.894483 25.751861 -12.703122 2
-42.060683 25.910721 -13.218322 14
-41.503083 26.324621 -12.544172 3
-41.698483 25.466821 -12.334442 6
-41.228583 25.771961 -11.521762 4
-40.789883 25.187581 -10.917712 3
-40.646083 24.186861 -11.122982 2
-40.976683 23.631591 -10.337352 5
-40.472283 22.946551 -9.890972 3
-39.975583 22.777901 -9.097242 2
-39.516983 22.354251 -9.858852 6
-38.909883 22.017121 -10.556852 2
-38.049983 21.644711 -10.319832 3
-37.714883 22.389981 -10.794312 10
-36.843483 22.469121 -11.075362 7
-36.558583 23.406351 -10.894262 3
-35.840083 23.134861 -10.309082 1
-35.347483 22.752911 -10.999582 3
-35.817083 22.875461 -11.835702 5
-36.362483 21.987671 -12.067172 13
-36.034483 21.300431 -12.691602 2
-36.883083 21.334491 -13.074282 1
-37.239483 21.208621 -13.948962 14
-37.061083 21.060371 -14.847262 1
-37.938283 21.005971 -15.111802 10
-37.668583 20.793251 -16.038322 1
-37.956683 21.388961 -16.685222 9
-37.507783 22.072341 -17.130322 9
-37.800483 22.069261 -18.078522 3
-37.879783 22.162731 -19.039322 3
-37.368483 21.385501 -18.747022 3
-36.953683 21.403231 -17.911722 8
-36.455583 21.549551 -17.095422 9
-36.320183 22.328301 -17.602722 3
-35.736983 23.108351 -17.684622 1
-35.115783 23.003811 -18.407322 8
-35.132883 23.519701 -19.220522 1
-35.570183 22.937401 -19.897022 2
-36.421483 22.902611 -19.421522 3
-37.398483 22.957021 -19.403822 3
-37.027483 23.788361 -19.751822 13
-37.834783 23.909721 -19.259322 3
-37.830183 24.564721 -19.954822 1
-37.845483 24.203101 -20.849122 3
-38.264683 25.072231 -21.199022 4
-37.642783 25.221021 -21.959522 12
-36.678283 25.117121 -21.867222 2
-36.040983 25.774001 -22.008422 5
-35.433783 25.085241 -21.808122 14
-34.697883 25.115071 -22.434722 10
-35.248683 24.323711 -22.524322 9
-34.982883 23.494231 -22.886022 9
-35.692683 23.003321 -22.423022 2
-35.138483 22.985461 -21.521422 3
-35.792583 22.710231 -20.938922 10
-36.430583 21.955501 -20.695622 3
-36.886983 22.027221 -21.515422 3
-37.018783 22.531791 -22.345722 1
-36.455183 21.833421 -22.659422 10
-36.615883 20.835851 -22.449422 1
-35.801483 20.516681 -22.695922 1
-35.519883 19.968881 -21.974422 6
-34.492683 19.778471 -21.748722 8
-34.826083 20.614151 -21.306822 1
-35.465083 21.186441 -20.872622 2
-35.524283 21.654811 -20.016822 7
-35.918783 21.963441 -19.219822 3
-36.409883 21.169921 -19.017522 3
-36.019083 20.277221 -18.913322 8
-35.680683 19.770211 -19.641322 9
-35.868283 19.903941 -20.596922 6
-36.451783 19.182151 -20.445422 6
-36.896683 18.304421 -20.221922 13
-36.921583 17.66655 -19.478122 9
-36.905983 17.315042 -20.428522 12
-37.380283 17.655235 -21.208422 9
-36.978283 17.856883 -22.050022 6
-37.786283 17.408979 -22.188522 3
-37.842483 18.334591 -21.962722 6
-38.266683 19.165871 -21.583322 3
-39.183583 18.829051 -21.477622 4
-39.448583 19.541051 -20.945522 3
-40.049983 20.275101 -20.801122 5
-39.232583 20.715011 -21.061822 3
-39.683683 20.715431 -21.905122 3
-40.623583 20.734221 -21.642222 5
-41.039083 21.247381 -22.338922 9
-41.004183 22.037951 -22.956922 10
-41.559483 22.820661 -22.901422 8
-41.910883 23.688221 -22.979522 14
-42.744983 23.677841 -22.476622 3
-43.166883 22.789511 -22.753222 9
-43.189483 21.980581 -23.247222 14
-42.379383 21.528391 -22.957922 3
-42.306383 20.845601 -22.223122 10
-41.766583 20.510711 -21.454822 5
-42.072283 19.909111 -20.778822 5
-42.808983 20.027961 -21.481622 1
-43.407983 19.421541 -21.100622 1
-44.016683 19.376931 -21.924822 1
-44.331983 18.469231 -22.092222 4
-44.195983 18.431751 -21.101422 3
-44.018983 17.549279 -21.446122 1
-43.576783 17.548359 -20.589022 1
-43.414083 16.614177 -20.852122 1
-42.843283 15.836041 -20.973222 9
-42.217083 15.064521 -20.803222 3
-41.377383 15.345271 -20.439522 1
-40.470683 15.635781 -20.497922 9
-40.753983 16.240467 -21.145422 3
-39.832583 16.559726 -21.267622 4
-39.199383 16.046255 -20.694122 3
-39.025783 16.91649 -20.254022 6
-38.884983 17.565032 -21.014722 10
-38.349283 18.104131 -20.301722 15
-37.951983 18.927261 -20.574822 13
-37.450183 19.596181 -21.115622 6
-38.134583 20.222691 -20.841222 3
-38.015083 19.891661 -19.933122 13
-38.564083 20.616621 -19.666022 3
-37.821783 21.238211 -19.634822 3
-37.214883 20.520221 -19.811222 11
-36.684683 20.733511 -20.578122 6
-37.324483 21.471791 -20.683522 3
-37.066383 21.052831 -21.494922 6
-38.010583 21.111241 -21.531522 3
-38.925383 21.597581 -21.487022 3
-39.725083 21.792301 -21.911222 9
-40.539083 22.138401 -21.691122 5
-41.437683 22.459181 -21.440822 3
-41.374983 21.502371 -21.162122 5
-42.292383 21.656461 -21.483122 1
-42.307483 22.311141 -22.161422 3
-43.209583 22.037261 -22.042922 9
-43.046483 22.629151 -21.312422 3
-44.041883 22.527851 -21.406722 4
-44.888083 22.925351 -21.018522 8
-45.099083 22.454651 -20.170622 3
-45.640683 23.255821 -20.075422 12
-46.579083 23.057051 -19.926722 4
-46.412783 23.741541 -20.557022 8
-46.772683 24.585031 -20.991722 9
-45.880283 24.919631 -20.868522 1
-44.887183 24.784891 -20.651522 6
-44.127483 24.897661 -19.962422 1
-43.316683 25.281311 -20.306722 3
-43.342083 25.276601 -21.327922 5
-42.771883 24.801631 -22.040522 1
-43.009783 24.028651 -21.586122 3
-43.402983 23.787101 -20.714822 2
-42.462283 23.863681 -20.768222 3
-42.252083 22.940031 -20.606922 3
-41.983683 22.117401 -20.195422 5
-42.400283 22.712861 -19.505422 6
-42.173183 23.618171 -19.744222 10
-41.326183 23.197211 -20.059222 5
-40.801083 23.732951 -19.501722 1
-40.007283 24.094161 -19.884922 13
-39.256883 23.493451 -20.220522 3
-38.719783 24.113921 -19.649522 3
-38.915683 24.279281 -18.673222 10
-39.052283 24.660161 -17.795022 9
-39.609283 23.988081 -17.497922 9
-39.997683 23.455211 -18.168522 13
-39.158783 23.296681 -18.551022 3
-38.869483 23.189971 -17.615222 9
-38.784783 23.077161 -16.692522 9
-37.899483 23.086061 -17.110322 9
-37.127483 22.847031 -17.728822 3
-36.910383 23.393861 -18.535222 3
-37.003783 24.313431 -18.481522 14
-37.904083 24.205021 -18.165822 3
-37.480483 24.335411 -17.324622 9
-36.632183 24.663881 -16.918022 8
-37.129983 25.432491 -17.365322 6
-37.860683 26.095421 -17.157322 1
-37.854283 26.436311 -16.321022 3
-37.243083 26.906811 -15.774222 1
-36.288883 26.708601 -15.994322 3
-35.783283 27.468021 -16.032922 9
-36.476883 28.099321 -16.105222 1
-37.121183 28.913121 -16.404822 1
-37.849583 29.355921 -16.807822 3
-38.281483 28.656421 -17.309922 6
-38.720383 27.851721 -17.677122 4
-38.929583 27.424021 -18.539022 4
-39.379783 28.004621 -19.174922 1
-39.838583 28.144221 -20.062422 3
-40.669383 27.638521 -19.889922 5
-40.440883 26.668591 -19.724622 9
-40.935183 26.792021 -20.516522 8
-41.833183 26.420851 -20.873222 1
-41.134583 25.802411 -21.149422 5
-41.049883 25.233191 -20.385322 3
-40.979683 24.202651 -20.617422 10
-40.689583 23.401031 -21.107222 5
-39.726483 23.206331 -21.267622 6
-39.804383 22.393081 -20.723622 5
-38.848183 22.534481 -20.355222 3
-37.983883 22.220951 -20.086622 3
-37.271983 22.662651 -20.515322 3
-37.287183 23.145671 -21.322222 11
-38.248883 23.324371 -21.310522 3
-38.655683 23.205931 -22.240322 15
-39.409083 22.683011 -22.501122 10
-38.697983 22.094261 -22.235622 3
-37.864283 21.651851 -22.446622 3
-38.329083 21.560371 -23.299622 12
-38.959983 21.638221 -24.048322 9
-38.914083 20.793181 -23.555822 3
-39.887583 21.091931 -23.426622 4
-40.335883 20.246391 -23.146822 3
-41.080583 19.811371 -23.588022 14
-41.275383 18.844371 -23.581822 1
-40.510183 18.349691 -23.815822 3
-40.588983 18.040131 -22.949922 8
-41.004483 17.904963 -22.104422 1
-41.021283 18.861671 -22.271722 3
-40.235083 19.050471 -21.705222 5
-39.512583 19.564011 -22.113822 3
-39.062683 20.012811 -22.913422 3
-38.964983 19.170521 -23.287822 13
-38.171583 19.333571 -22.710622 6
-37.899783 20.222671 -22.545622 3
-37.296283 19.644221 -22.068122 6
-36.361383 19.479051 -22.332222 6
-36.142483 18.470931 -22.313022 6
-35.814083 17.660726 -21.869922 9
-36.211283 17.945291 -21.017922 6
-35.941783 17.517914 -20.133822 9
-35.776483 16.625064 -20.377322 4
-35.227883 16.879644 -19.553422 9
-34.536183 16.462621 -19.031922 3
-34.893883 15.678891 -19.446722 3
-35.827183 15.817651 -19.651922 9
-36.407683 15.652551 -20.364022 1
-37.106983 15.046911 -20.483422 1
-37.962283 14.435391 -20.489722 1
-37.223883 13.773821 -20.312822 9
-37.702783 13.315391 -21.036122 10
-38.199683 13.820581 -21.765322 1
-38.249583 13.354631 -22.641622 5
-37.768983 12.461871 -22.604922 3
-37.244083 12.924311 -21.905722 13
-36.919083 12.047121 -21.898922 3
-37.091483 11.506491 -22.748122 1
-36.516583 11.316381 -23.487722 5
-36.015183 10.512471 -23.330222 6
-35.757583 11.024611 -22.581122 8
-36.341883 10.663711 -21.951322 3
-36.779883 11.178811 -21.347922 4
-37.724283 11.304221 -21.012522 3
-37.672883 12.010521 -20.315122 9
-37.726183 11.039201 -20.073022 5
-37.138183 11.096431 -19.222222 3
-36.583883 11.835521 -18.977622 6
-37.297283 12.245591 -18.357722 4
-37.024183 13.167721 -18.315422 8
-37.110383 13.895501 -17.702822 15
-36.368383 14.540241 -17.482922 8
-35.847783 14.496401 -16.690022 3
-35.906483 15.456031 -16.930322 3
-36.783983 15.462861 -17.331022 9
-36.914983 16.291451 -16.867822 9
-37.588583 15.935344 -16.323122 3
-38.106583 16.740399 -16.199422 3
-37.335483 17.235007 -16.531322 5
-36.725583 17.899358 -16.524322 4
-36.467983 17.289091 -17.277222 9
-36.481083 17.332863 -18.274022 9
-37.079283 17.954531 -17.740422 3
-37.338883 18.197121 -18.659622 13
-37.965983 18.863951 -18.396722 13
-38.212383 19.289531 -17.553822 3
-39.122283 19.064761 -17.585122 1
-39.774483 19.238871 -16.807122 9
-40.280183 18.442981 -16.972422 14
-41.137483 18.880281 -17.007322 1
-41.325383 19.655501 -16.459222 10
-41.462683 19.321461 -15.584482 3
-42.389883 19.093511 -15.264572 1
-42.546483 18.228871 -15.578882 15
-42.798883 18.438621 -16.506622 3
-43.711483 18.085251 -16.572422 6
-44.044083 18.913841 -16.875622 1
-44.032783 19.608861 -17.487122 3
-43.940083 18.907561 -18.227122 10
-43.142183 18.649891 -17.813522 6
-42.804683 19.496031 -17.560322 3
-43.020683 20.429051 -17.721922 6
-43.894283 20.503191 -18.091222 3
-43.288783 21.108591 -18.472322 6
-42.918083 20.410591 -18.973922 10
-42.692383 21.125891 -19.526822 5
-42.287683 21.392121 -18.775822 6
-41.248283 21.598081 -18.924722 13
-41.103883 21.497951 -19.889222 5
-40.334483 22.024851 -19.780722 5
-39.555983 22.566811 -19.534422 3
-40.044783 22.454571 -18.740222 6
-39.545983 22.475181 -17.951322 9
-38.785583 22.273331 -18.559222 3
-39.488183 21.605661 -18.607122 3
-39.151083 21.196371 -17.681122 9
-38.277783 20.784011 -17.615622 3
-37.294483 20.473941 -17.456622 11
-36.542483 19.947421 -17.101522 8
-36.606483 19.265771 -17.848322 1
-36.312783 18.530941 -18.303922 9
-35.402083 18.704211 -18.371922 9
-34.716183 19.311081 -18.618322 4
-34.064483 18.676081 -18.822322 1
-33.208183 18.232061 -19.018022 4
-32.644483 17.41698 -18.935422 3
-32.736583 16.652788 -19.484622 3
-31.836833 16.430146 -19.868822 1
-31.441923 16.361761 -18.949322 3
-31.595243 16.973216 -18.221022 3
-31.245923 17.490533 -17.458222 1
-32.062883 17.966131 -17.233622 1
-31.772893 18.842071 -17.630122 8
-32.667783 19.156321 -17.637622 3
-32.630283 19.364461 -16.630522 9
-32.707683 19.635351 -15.722422 3
-33.433283 19.392101 -15.181452 10
-33.875983 18.610281 -15.567372 6
-33.593483 17.708081 -15.138482 6
-33.421883 16.818333 -15.571552 9
-33.094783 16.646363 -16.496922 3
-32.669183 15.923841 -15.948222 3
-32.933683 15.252941 -15.380852 5
-32.919783 14.830501 -16.298122 3
-32.119083 15.324201 -16.631122 3
-31.180853 15.218681 -16.387522 9
-31.323453 14.417791 -15.946322 9
-31.512693 15.221841 -15.376272 15
-31.875883 14.781691 -14.562322 5
-31.497713 15.040631 -13.784152 1
-32.144483 15.734841 -13.884992 13
-32.824783 15.766261 -14.535882 5
-33.457583 16.521678 -14.201872 1
-33.920183 16.809729 -13.445442 13
-34.180883 17.339574 -14.139202 3
-34.951283 17.764791 -14.546132 6
-34.960383 16.882172 -15.037332 6
-34.639883 16.003028 -15.367882 5
-34.773883 15.902521 -16.316422 3
-33.901483 15.438291 -16.423122 3
-34.040783 15.333221 -17.407522 3
-34.424983 14.603211 -17.856922 3
-34.870083 14.267761 -18.625622 10
-34.679483 14.469261 -19.554122 6
-33.967583 15.112851 -19.275522 3
-33.470483 14.739071 -19.983022 4
-33.178683 14.822361 -20.903122 6
-33.605283 14.997301 -21.690822 3
-34.093383 15.337141 -22.477322 12
-33.408083 15.250371 -23.105922 11
-33.468083 16.192036 -23.435522 14
-32.699183 15.938387 -22.841922 3
-32.239083 16.830154 -22.784722 4
-31.931283 16.591934 -21.871322 4
-32.806483 16.790955 -21.422722 13
-32.885783 16.106659 -20.733522 8
-33.292483 15.745081 -19.938122 9
-33.356683 15.967946 -18.946922 3
-33.475683 16.160621 -17.995922 3
-33.009383 16.842403 -17.565022 3
-33.318783 17.597146 -17.157622 4
-33.710383 17.783945 -16.256522 6
-34.545783 17.72612 -16.706922 10
-35.300083 17.211178 -16.355122 6
-35.497083 16.821547 -17.180422 9
-35.002083 16.003365 -17.340422 3
-35.288483 15.188711 -17.766622 3
-35.638883 15.300151 -18.626922 1
-36.489483 15.729361 -18.810022 9
-37.149283 16.411641 -18.570222 9
-37.762683 15.786001 -18.111622 6
-38.195583 16.28203 -18.981322 1
-38.050083 17.178538 -18.567722 1
-38.021383 17.668199 -19.346822 1
-38.746783 18.277481 -19.314922 13
-39.421383 17.682816 -19.674922 8
-40.263383 17.59844 -20.000222 9
-41.107483 17.898665 -20.415122 1
-41.841083 18.215851 -19.882422 1
-41.718383 18.861921 -20.622622 10
-40.977683 19.388891 -20.127022 5
-41.948483 19.554051 -19.802422 3
-41.656583 20.486281 -19.576222 5
-40.816483 20.083471 -19.356122 8
-40.307283 20.735621 -19.795122 5
-39.483983 21.031451 -20.046522 3
-39.420183 20.834591 -19.140122 3
-38.831983 20.016391 -18.920022 15
-38.012683 20.143411 -18.398622 3
-37.367083 19.588311 -18.771922 13
-36.730583 18.980661 -19.193322 13
-35.913983 18.742761 -19.594922 10
-35.074783 18.262781 -19.864722 9
-34.812183 18.516011 -20.779422 6
-34.075583 18.139401 -20.353322 3
-33.990683 17.208254 -20.187522 11
-34.185983 17.72153 -19.339222 3
-34.810083 17.6821 -18.614722 9
-35.472583 16.948764 -18.482522 9
-34.666883 16.707687 -17.951422 3
-34.102283 17.410779 -17.743622 3
-33.978683 18.376581 -17.720122 13
-34.433783 18.927601 -16.980522 3
-35.365683 18.567891 -16.881322 9
-35.425083 18.597221 -15.955222 6
-35.224683 18.627211 -15.042922 6
-35.530783 19.235241 -14.297702 4
-36.329483 18.899271 -13.919682 3
-36.385583 18.050711 -14.341032 6
-36.307083 17.083211 -14.417422 5
-36.474383 16.872486 -15.372172 6
-35.971083 16.069654 -15.261352 3
-36.256183 15.358191 -15.826822 8
-35.403583 14.844991 -15.781122 3
-34.746483 14.721071 -15.019382 5
-34.084583 14.711231 -15.738222 3
-33.791183 14.221891 -14.960212 5
-34.347483 13.465181 -15.109812 15
-34.153783 13.086621 -15.999022 6
-34.549583 13.963831 -16.282922 3
-34.701883 13.858651 -17.201822 3
-34.401283 13.368081 -17.897722 1
-33.612283 13.125531 -17.403922 10
-33.491983 13.978161 -17.816222 3
-33.215383 13.410911 -18.554422 10
-33.049583 14.255161 -18.991422 3
-32.238683 14.488211 -18.417922 1
-32.426283 15.307281 -18.906822 3
-31.530693 14.978531 -19.158022 1
-30.918253 15.175241 -19.962322 1
-30.848633 15.469481 -20.884722 1
-30.152483 15.900101 -21.404622 1
-30.200003 16.393593 -20.639222 1
-30.261993 16.990894 -19.878622 4
-29.841113 17.651022 -20.416322 5
-29.107823 18.121931 -19.943922 12
-28.863073 17.365342 -20.506222 9
-28.492013 16.78966 -19.799822 4
-28.692263 17.21186 -18.971022 14
-29.579453 16.70996 -19.045622 5
-29.622233 15.762711 -19.024922 6
-30.056983 14.935821 -18.738822 11
-30.446983 14.828961 -17.885722 9
-30.065313 15.721051 -17.847322 10
-30.384383 15.530781 -17.002022 9
-31.115043 16.128838 -17.179922 4
-32.056783 16.252528 -17.406322 3
-32.300983 15.400471 -17.900822 3
-32.711983 14.667511 -17.365422 3
-31.830553 14.393131 -17.300622 4
-31.986883 13.512221 -17.469822 10
-32.740283 13.178811 -16.888122 10
-32.922283 13.786641 -16.191422 3
-32.587083 14.158391 -15.319442 6
-31.882883 13.356391 -15.446632 8
-31.198353 13.907711 -15.009742 6
-30.857163 13.531281 -14.240872 13
-30.717943 13.053461 -13.399532 1
-30.256543 12.268331 -13.675162 13
-30.618893 11.408461 -13.788692 10
-30.220123 11.591151 -14.603542 13
-31.074073 11.503971 -15.103882 4
-30.700043 10.653551 -14.906642 9
-31.003293 10.228401 -14.033692 10
-31.651833 9.929761 -14.709442 4
-31.975783 10.727991 -14.286242 4
-32.431783 11.434781 -13.766682 1
-31.939083 12.211321 -14.051562 13
-32.096683 12.397511 -13.095192 6
-32.108883 13.387801 -12.929092 1
-32.635183 13.770921 -13.688152 5
-33.515183 13.686081 -14.051212 5
-34.082983 12.899901 -13.778492 13
-34.288683 12.186731 -14.429482 4
-34.199483 11.899651 -15.282902 3
-33.497083 11.599671 -15.835722 10
-32.680983 11.478651 -15.304572 4
-31.999383 12.205561 -15.149152 13
-32.454783 12.639341 -15.939322 3
-32.215583 12.225241 -16.817722 10
-31.420543 12.077271 -16.059622 8
-31.377513 11.202431 -16.343022 4
-32.345483 11.395081 -16.217022 6
-32.850683 10.655051 -15.899022 4
-33.206483 11.032711 -16.762822 10
-34.107383 11.365621 -16.577422 10
-34.867183 11.235921 -15.928422 9
-34.242283 10.904831 -15.238852 11
-33.730283 10.163831 -15.490482 4
-34.406783 10.243601 -16.190222 11
-34.409483 10.391871 -17.128322 10
-33.818983 9.661821 -17.384822 11
-32.965883 9.514711 -17.030622 4
-32.775083 9.110801 -17.942222 3
-31.943283 9.495061 -17.596622 1
-31.398743 8.709041 -17.452822 5
-31.127223 7.963551 -18.022922 13
-30.342143 8.353421 -17.683322 5
-29.538873 8.803161 -18.196722 3
-29.406613 7.875041 -18.548122 6
-29.197383 7.110381 -19.124922 1
-29.699693 6.392521 -18.768022 13
-30.091393 6.000621 -18.030522 10
-30.278953 5.109421 -17.505722 1
-30.642143 5.602021 -16.715322 4
-30.356093 4.914621 -16.171822 10
-30.165263 4.997621 -15.271602 6
-31.148863 5.091521 -14.946712 13
-31.933283 5.556321 -15.224032 10
-32.894783 5.288321 -15.469512 4
-33.351983 6.136321 -15.468312 9
-33.233883 6.017021 -14.512742 8
-33.225883 6.953471 -14.686142 1
-33.425583 7.839401 -14.708162 4
-34.031283 8.380871 -15.249742 4
-34.346583 7.404381 -15.079412 12
-34.424383 7.037671 -14.226842 3
-34.186983 7.754701 -13.571982 4
-34.466383 7.091731 -12.878282 13
-35.400183 7.398251 -13.206112 10
-35.739583 8.329431 -13.258182 15
-36.661283 8.184911 -12.962642 6
-36.715683 8.944461 -13.577842 9
-35.986283 9.437541 -13.927762 1
-35.055683 9.238491 -14.129072 4
-35.059983 8.458401 -14.633022 4
-35.848383 8.905521 -14.830822 3
-35.914183 7.951261 -14.827552 11
-35.607183 7.677311 -15.677022 10
-36.391483 7.970891 -16.198822 13
-36.529183 8.306711 -17.107822 3
-36.470783 8.469941 -18.101422 13
-37.346483 8.848401 -18.341322 15
-37.592783 9.650741 -18.718522 1
-36.624383 9.538711 -18.918622 4
-35.710783 9.685711 -18.571922 5
-35.409083 10.359531 -17.951322 2
-34.959083 11.219231 -17.799822 10
-35.228183 11.577621 -16.950022 13
-34.403983 12.085831 -17.254022 10
-33.679283 12.140331 -17.940822 10
-33.500283 12.112211 -18.881522 4
-32.573683 11.895471 -19.144822 1
-31.543993 11.818201 -19.163822 1
-31.287123 11.661671 -20.054922 1
-30.978153 12.077061 -20.852622 3
-31.474253 12.808291 -20.477822 4
-30.950623 13.663831 -20.610122 1
-30.306713 13.227111 -20.100622 1
-30.954843 13.579291 -19.478722 6
-31.197263 13.816441 -18.553022 6
-31.569113 12.924741 -18.267722 10
-30.752703 13.150971 -17.654522 1
-30.912693 13.284221 -16.636522 9
-30.038923 13.041811 -16.268522 8
-30.537413 13.158171 -15.495082 13
-30.313503 12.250801 -15.537292 13
-30.460783 11.576031 -16.188422 5
-30.605553 10.600901 -16.161022 8
-31.238333 9.981951 -16.619622 5
-32.221683 10.248631 -16.454022 4
-32.241783 10.784191 -17.326222 3
-32.819283 11.582711 -17.551722 10
-32.946783 11.072261 -18.388722 10
-33.614583 10.461931 -18.847022 13
-34.347183 10.318801 -18.256522 10
-34.607183 9.461331 -17.941622 11
-34.339583 9.176331 -18.905222 1
-33.977083 8.500891 -19.542222 4
-33.506683 8.285951 -18.643222 15
-34.331883 8.344801 -18.062622 6
-33.641183 8.151041 -17.393522 10
-33.257383 8.690961 -16.676522 4
-33.923683 9.031711 -16.062122 4
-34.307583 8.339061 -16.597522 5
-33.696483 7.729571 -16.092222 4
-34.614283 7.429281 -16.056622 9
-34.505583 6.594721 -16.436022 3
-35.414183 6.153621 -16.219222 11
-35.076683 5.375521 -15.856622 11
-35.054683 5.697721 -14.957902 13
-35.981183 5.508621 -14.844052 4
-36.861083 5.204721 -14.725182 1
-37.407483 5.100621 -13.943342 6
-38.288383 4.855221 -13.668862 12
-39.192083 4.976621 -13.463122 4
-38.967083 5.718121 -12.863012 13
-39.408383 6.386321 -13.382182 1
-39.611883 7.418711 -13.363672 10
-39.205483 8.345641 -13.267322 5
-38.613383 8.880011 -12.682202 6
-37.843783 8.589451 -12.112452 13
-38.238183 8.512141 -11.229432 8
-38.631283 8.309501 -10.374392 10
-39.095783 9.078381 -9.979702 4
-38.257283 8.799391 -9.630812 10
-37.478283 8.401741 -9.291112 9
-37.900583 7.508321 -9.120312 13
-38.267083 7.399331 -10.020682 3
-37.565283 6.970011 -10.527702 4
-36.636283 7.278431 -10.524262 4
-36.296183 6.368921 -10.636092 1
-37.041883 5.953221 -10.992192 3
-36.805383 5.021621 -11.120112 4
-35.967283 4.582421 -10.952442 1
-35.825083 3.632221 -10.601292 15
-35.516983 2.754821 -10.785952 3
-34.735083 2.239621 -10.914322 10
-34.653283 1.307421 -10.592812 4
-35.034383 1.028821 -9.790582 10
-34.378183 0.706721 -9.090542 1
-34.118583 0.691921 -8.122792 1
-34.487483 1.006121 -7.215882 1
-34.818683 0.161421 -6.947612 1
-34.848883 0.186721 -5.960008 11
-35.160983 0.875221 -5.337805 13
-34.838383 1.619221 -4.865969 6
-34.314183 1.700321 -5.720308 1
-33.900083 0.865221 -5.821251 11
-33.503783 1.460821 -5.128725 4
-32.589983 1.625721 -5.430659 3
-32.066383 2.235721 -4.721833 6
-31.540313 2.980221 -4.663342 4
-31.771233 3.826521 -4.277062 10
-32.103983 2.989321 -3.867082 10
-32.464283 3.332621 -2.934202 9
-31.954783 3.004521 -2.291792 13
-32.926383 3.214721 -2.013702 5
-33.507083 3.770221 -2.484082 10
-34.449883 3.907721 -2.212882 6
-34.348283 4.800121 -1.915892 12
-33.451983 4.949221 -1.468512 4
-33.469783 5.194721 -0.551222 13
-32.757483 5.827121 -0.642712 10
-33.270183 6.372221 -1.286422 4
-33.443183 7.114871 -1.873442 10
-33.409783 6.867221 -2.806912 13
-33.803383 6.111421 -3.224632 3
-34.596083 5.599421 -3.544672 6
-34.281683 6.264421 -4.158712 8
-34.512183 6.043521 -5.015504 8
-34.115483 5.268121 -5.392113 4
-33.356683 5.374721 -4.886806 10
-32.997083 5.439421 -5.81717 4
-32.144383 5.651221 -6.133392 1
-32.319683 4.731321 -6.446876 10
-32.594283 5.320521 -7.168802 1
-31.604113 5.244221 -7.139412 4
-31.983383 5.173721 -8.012062 3
-31.849213 5.264321 -8.977212 10
-32.048683 6.075621 -8.545312 4
-32.511883 6.800721 -8.991342 5
-32.316983 7.630731 -9.427102 9
-31.541223 8.066941 -9.116672 13
-30.952843 8.616061 -9.628362 13
-31.736983 8.216041 -10.114262 13
-32.595683 8.060271 -10.517062 4
-32.759183 8.980371 -10.738232 1
-32.384983 8.931431 -11.605332 1
-31.754233 9.672051 -11.886762 10
-32.132283 10.571321 -11.790612 11
-32.151583 11.045001 -12.618822 9
-32.981283 11.487621 -12.288042 10
-33.376583 11.291751 -13.279492 13
-33.160383 10.742111 -14.087312 4
-33.765383 10.015891 -14.335672 4
-34.350183 10.690161 -13.909642 10
-34.802183 10.458931 -13.050762 3
-34.801083 10.092471 -12.211412 9
-34.547083 9.362191 -11.544472 15
-33.820683 9.576581 -10.899392 6
-34.404683 10.417101 -10.921532 10
-34.060183 10.927821 -10.128712 6
-34.726583 11.548211 -10.631232 4
-35.669883 11.334761 -10.507352 13
-36.372983 11.512391 -11.161062 4
-37.383483 11.733451 -11.219702 13
-37.472083 12.403131 -11.949282 1
-36.896883 11.898481 -12.513142 10
-35.940083 12.164501 -12.591132 4
-36.295283 12.845821 -12.020022 8
-35.518283 13.227011 -12.512642 3
-35.082183 13.829141 -13.200932 5
-35.294883 14.708731 -13.521052 4
-34.631583 15.353391 -13.910702 5
-33.675583 15.100431 -13.768042 5
-33.459683 14.574991 -12.954462 9
-33.535883 15.481811 -12.549422 10
-34.410083 15.680971 -12.095242 7
-33.789983 15.448281 -11.417302 10
-34.284483 14.591661 -11.637882 3
-34.232883 13.952141 -10.917062 1
-33.424383 13.446011 -11.049802 6
-33.864583 13.126201 -10.306422 1
-33.383383 12.355271 -10.635462 1
-33.090683 11.445961 -10.754142 6
-32.271283 11.617241 -11.225682 12
-31.423383 11.837601 -11.780092 1
-30.772023 11.142081 -11.766812 10
-29.925313 11.196261 -11.289742 4
-29.685313 10.549331 -12.023132 10
-28.705353 10.294991 -12.015712 4
-28.460823 10.826051 -11.243062 4
-28.288553 11.822571 -11.154142 1
-27.973063 11.429731 -10.238252 10
-28.900023 11.381601 -10.361542 11
-29.056043 10.608871 -9.729152 14
-29.964473 10.319841 -9.326032 13
-30.120163 9.479091 -8.927812 13
-29.438013 9.579811 -9.592122 3
-29.566613 8.664451 -9.211952 4
-30.054663 8.583431 -10.017642 13
-29.239663 8.023991 -10.151382 10
-28.505033 8.149941 -10.821452 11
-28.479363 8.862791 -10.174262 4
-27.860483 8.622811 -9.437202 13
-27.066713 8.708231 -9.889692 8
-26.909713 9.597051 -9.674312 4
-26.807143 10.595521 -9.282372 10
-26.686023 11.355631 -8.714692 10
-27.388563 11.664771 -8.182402 10
-28.135333 11.793871 -7.653132 15
-28.233643 11.047051 -8.231712 10
-29.116843 11.028521 -8.724532 4
-28.933703 10.299061 -8.117932 5
-29.352533 9.403771 -8.204282 6
-29.799853 8.661981 -7.789242 13
-29.792883 8.149181 -6.900662 4
-29.119423 7.815561 -6.262601 5
-28.939543 8.664621 -5.776925 4
-29.704253 9.219961 -5.505222 9
-30.020343 8.379521 -5.81777 6
-30.008743 8.119681 -4.924426 9
-29.591213 7.264531 -4.67565 4
-29.325123 6.744721 -3.967312 3
-29.272453 6.293821 -4.792102 10
-28.925753 5.394821 -4.664392 8
-28.016033 5.525421 -5.006335 4
-28.090933 6.192321 -4.292422 7
-27.525983 6.947791 -4.171142 1
-27.693873 7.429441 -5.022708 1
-27.046743 7.799191 -5.630087 4
-26.472783 8.540091 -5.528962 13
-26.755623 9.404961 -6.006972 1
-27.179103 9.572651 -6.845772 13
-28.113063 9.719741 -6.664555 1
-28.066503 10.227781 -7.444272 10
-28.011263 9.786661 -8.316262 5
-27.889913 10.299531 -9.154832 10
-28.209173 10.034631 -10.010182 4
-27.452093 10.617961 -10.045552 10
-27.538033 10.427751 -11.013812 4
-27.428983 9.769211 -11.674212 4
-26.871083 9.091621 -11.458432 4
-26.856933 8.115681 -11.457512 6
-27.247833 7.268411 -11.392632 12
-27.891903 6.657321 -11.759172 13
-27.328983 6.056321 -12.140542 11
-26.978633 5.241921 -12.540192 14
-26.327153 4.550221 -12.267282 11
-25.483703 4.089121 -12.216412 10
-25.855233 3.481821 -11.605672 6
-25.427523 2.645421 -11.687352 3
-25.761923 1.783121 -11.332812 13
-25.942423 1.567121 -10.429902 10
-25.821903 2.305721 -9.783962 5
-26.213863 2.471621 -8.870262 15
-26.976993 3.039021 -8.934112 1
-27.644183 3.522121 -8.532842 4
-28.502783 3.529921 -8.039422 5
-28.668593 2.856521 -7.332642 10
-28.271563 2.317421 -6.651339 10
-28.012243 3.022521 -5.940318 9
-28.741973 3.492621 -6.223354 1
-28.460933 4.332521 -6.552194 4
-29.257573 4.366821 -7.038882 10
-29.958913 4.453621 -7.681542 5
-29.984143 4.279321 -8.562762 4
-30.534493 5.065421 -8.610622 3
-30.809333 5.849721 -9.108112 1
-30.405353 6.692421 -8.854362 15
-30.383943 7.652151 -8.969932 13
-30.705783 7.824121 -8.079752 10
-31.393193 8.247731 -7.521082 13
-32.186683 8.447521 -7.035132 1
-32.346083 7.895231 -7.840312 6
-31.962883 8.609541 -8.366082 13
-31.504893 9.449721 -7.857562 4
-30.614693 9.406181 -7.553202 13
-31.092743 9.878931 -6.771822 4
-31.062963 9.019111 -6.274257 10
-30.993033 9.559111 -5.386767 9
-31.227053 10.017871 -4.614682 9
-31.995583 10.563081 -4.898969 4
-32.615483 10.013351 -4.287302 6
-32.607083 10.611181 -3.493522 13
-32.835383 11.290441 -4.120822 8
-32.973483 11.186491 -5.101775 4
-33.722483 10.706691 -5.600122 4
-33.839183 9.805911 -5.965004 3
-34.861583 9.634911 -5.861607 11
-35.401183 10.426891 -6.022648 10
-35.243283 11.104501 -5.380333 10
-34.953483 11.957181 -5.085097 5
-34.958983 11.706151 -6.015347 8
-34.095683 11.687151 -5.665191 4
-33.914283 12.135591 -6.566085 4
-33.592683 12.411831 -7.506582 7
-33.092383 12.818131 -8.239992 10
-33.589583 12.616001 -9.068682 6
-32.736983 13.051411 -9.239792 1
-31.939183 12.698691 -8.890912 10
-31.816673 13.235651 -9.698882 4
-30.901173 13.378761 -10.183852 1
-30.231563 13.041781 -9.655822 6
-29.926553 12.613921 -10.499982 1
-29.133753 13.171421 -10.377402 1
-28.174003 13.102591 -10.315002 4
-27.714733 12.388841 -9.829072 10
-27.132173 12.341971 -9.060432 10
-28.080143 12.554321 -8.790882 13
-28.241493 13.474891 -9.119092 1
-28.105053 13.599681 -8.167452 12
-27.213373 13.254671 -8.173942 10
-27.152473 13.639891 -7.275202 13
-27.190203 12.809501 -6.670302 5
-27.180243 12.139061 -7.312862 10
-27.992773 12.721721 -7.461522 14
-28.781293 13.133361 -7.027652 15
-29.539663 12.778051 -6.565982 4
-29.204153 11.975791 -6.954522 4
-29.563033 11.092481 -7.327402 15
-29.994673 11.786231 -7.745122 4
-30.569703 10.984781 -7.917512 5
-31.129483 10.358821 -8.389262 10
-31.135483 9.623801 -9.043612 13
-32.054383 9.819271 -8.733042 10
-32.896383 9.291991 -8.737032 13
-33.196183 9.609911 -9.580142 3
-33.312883 10.558671 -9.204862 6
-33.030283 10.314361 -8.309862 10
-32.370583 10.149121 -7.607212 10
-32.146683 10.017281 -6.711452 4
-32.579383 9.192161 -6.543794 11
-32.904183 9.337051 -5.649042 4
-32.001083 9.624101 -5.445297 4
-31.816663 8.955941 -4.737777 7
-31.028343 8.269031 -4.676917 9
-31.067253 7.514831 -5.294728 10
-31.144293 6.683521 -4.828123 1
-31.957083 7.102321 -4.498362 1
-32.006283 7.956561 -4.014552 13
-32.027083 8.344511 -3.077912 4
-31.649993 8.824631 -2.240862 3
-30.714223 9.056421 -1.937152 8
-30.956343 9.966231 -1.797682 6
-29.897103 9.922501 -1.944642 5
-29.898043 9.217071 -2.606512 11
-30.503433 8.473161 -2.955752 13
-30.236583 10.106601 -3.925772 9
-30.620773 11.053341 -4.040492 8
-30.889653 11.014581 -4.978207 9
-30.960183 11.592301 -5.774674 4
-30.731853 12.511311 -5.840854 4
-31.057283 13.412091 -5.78784 13
-30.486263 14.195951 -5.560757 10
-29.534973 14.399231 -5.391849 10
-29.681003 15.176721 -6.076267 7
-30.104183 15.358621 -6.959522 4
-30.317723 15.516971 -7.957292 5
-31.192593 15.819981 -8.199662 10
-31.855563 15.120661 -8.119442 1
-31.801863 14.664851 -7.261572 1
-32.657683 14.288351 -7.467852 4
-32.070983 13.693081 -7.926902 1
-31.802693 12.881631 -7.550362 10
-31.079963 13.033721 -6.920912 5
-31.002443 12.217021 -7.403502 4
-30.905963 12.360121 -8.362102 3
-31.305773 11.534901 -8.480162 10
-30.556533 11.251631 -9.114152 13
-31.247253 11.539291 -9.717132 1
-30.880623 11.239951 -10.525142 1
-30.136553 10.593881 -10.340082 13
-29.377033 10.132611 -10.763452 4
-30.181973 10.034171 -11.297612 10
-31.037133 9.976281 -10.871992 13
-31.601353 9.535201 -10.287712 13
-32.090583 10.259131 -10.741722 6
-32.204283 10.156711 -9.697202 13
-32.409683 11.094691 -9.925662 6
-32.441183 11.689951 -9.067922 10
-33.134683 11.460581 -8.501122 10
-34.035483 11.326371 -8.891542 6
-34.301983 10.530361 -8.430962 13
-34.721683 10.355171 -7.587942 7
-34.067983 10.743051 -7.066752 13
-33.112783 10.524221 -6.852142 4
-32.780283 11.134701 -7.568652 10
-32.578883 11.856101 -7.050452 4
-32.598083 12.348641 -6.18282 4
-31.981783 12.318351 -5.46752 6
-32.079483 11.447681 -5.747829 4
-32.162383 11.059341 -6.603773 4
-31.725663 11.258651 -7.404512 10
-31.063333 11.170041 -6.771262 4
-30.350023 10.742231 -6.302845 4
-29.610203 10.879181 -5.731909 9
-28.703173 10.654731 -5.600402 5
-28.000263 10.325351 -5.028105 15
-28.793993 9.759661 -5.167082 10
-29.281003 9.756191 -4.349682 9
-28.539923 9.341451 -3.831132 4
-28.962233 10.053461 -3.330352 7
-28.630003 10.930181 -3.108222 1
-27.987673 11.413561 -3.646492 10
-27.714583 11.364671 -4.586492 11
-27.977553 11.451221 -5.544712 3
-27.706303 11.108651 -6.404065 1
-27.181183 10.664941 -7.094692 10
-26.422043 10.105501 -7.569772 10
-26.359253 9.638251 -8.530712 1
-26.072433 10.507601 -8.446262 10
-25.714383 11.430491 -8.437952 10
-25.050193 11.879991 -8.999072 11
-26.018173 12.004321 -9.232942 10
-25.856953 11.729191 -10.141372 10
-26.006733 11.692221 -11.111582 12
-26.720813 11.006631 -11.247122 4
-26.303563 10.820301 -10.412602 10
-26.606023 9.966881 -10.744922 4
-25.710673 9.674851 -10.788162 5
-25.520763 10.005161 -9.933152 10
-24.939043 9.240151 -10.004492 13
-24.924063 9.238401 -9.014022 7
-24.339873 8.572821 -9.436462 3
-23.895513 8.836041 -10.221562 1
-22.965523 8.428031 -10.380952 4
-22.887533 8.321921 -11.324322 7
-22.142954 7.827401 -11.029072 13
-22.034068 6.882421 -11.250042 8
-22.424555 6.674521 -10.429282 4
-22.992263 5.926821 -10.485962 7
-22.532121 5.171121 -10.671322 1
-23.169793 4.495221 -10.755202 9
-23.807683 4.719521 -11.466052 10
-24.268083 4.557421 -10.652812 12
-24.977323 4.821621 -10.001932 6
-24.797813 4.665321 -9.066462 9
-25.701063 4.465821 -9.262142 4
-26.424473 4.260521 -9.870092 5
-26.646313 5.255021 -9.974052 10
-27.546123 5.067021 -9.490192 1
-28.273363 5.091021 -10.148592 1
-29.033633 5.208721 -9.556992 4
-29.422293 4.667821 -10.306842 13
-29.002433 5.261021 -10.969072 7
-29.707733 4.780021 -11.454542 10
-30.552183 4.790121 -10.961082 11
-31.234533 5.410721 -10.750832 15
-31.400443 6.338221 -10.533102 3
-31.006153 6.849821 -11.343282 15
-31.258183 7.739461 -10.949322 13
-31.246323 8.023011 -11.828642 11
-30.330863 8.399441 -11.887542 10
-29.979183 8.154701 -11.026152 13
-29.962053 9.120851 -10.902042 13
-29.200573 9.025281 -11.514792 4
-29.819053 9.408251 -12.199832 10
-29.098283 9.103931 -12.800302 10
-28.351733 9.297641 -12.133952 4
-27.906303 8.761221 -11.358752 4
-28.370753 8.005011 -11.864892 5
-29.027213 7.613701 -12.465932 7
-29.266553 8.017071 -13.275622 10
-29.863993 8.339651 -13.984982 10
-30.557203 7.905131 -13.536452 8
-31.121603 8.190881 -12.831662 10
-31.202593 9.189611 -12.754072 10
-31.983983 9.593571 -13.070932 4
-32.823783 9.321481 -12.621392 1
-33.766883 9.492751 -12.504792 1
-33.519283 9.480561 -13.429702 4
-33.393883 8.534271 -13.286602 1
-32.973583 8.731971 -14.123452 1
-33.266383 9.275111 -14.838772 4
-32.366483 9.137811 -14.956642 4
-31.765983 9.011601 -14.231412 3
-31.234423 8.233931 -14.440442 10
-30.600923 8.866281 -14.962822 10
-30.338433 8.770841 -15.884222 5
-29.775473 8.358231 -16.536322 5
-29.073563 8.693481 -15.929122 10
-28.288813 8.152621 -15.986022 4
-28.158463 8.066701 -16.988722 9
-28.372393 7.094821 -16.704322 10
-27.853803 6.810721 -15.922622 4
-27.345693 6.493421 -16.694922 7
-26.669783 6.148021 -16.101622 10
-25.833543 6.376721 -16.333722 6
-25.046743 7.030681 -16.401822 4
-24.702413 6.905721 -17.366722 7
-25.191003 6.354821 -17.978322 6
-24.869853 6.891221 -18.697622 1
-24.071163 6.514521 -19.139522 13
-24.459583 5.751821 -18.707322 3
-25.015703 5.010721 -18.924422 13
-24.710563 4.350221 -18.338522 13
-23.830313 4.240021 -17.848122 4
-24.252533 3.502421 -17.314322 1
-23.737883 4.184921 -16.802522 4
-24.418273 4.814021 -16.613722 9
-23.741633 5.478321 -16.757822 10
-23.429053 6.304121 -17.135222 1
-23.210183 6.351621 -16.165222 7
-23.901743 6.353921 -15.570802 1
-23.536583 6.282321 -14.697142 10
-23.435483 7.074031 -14.116062 1
-24.219983 7.402741 -14.631632 10
-25.094773 7.748171 -14.779002 4
-25.814923 7.108831 -14.890232 13
-26.409963 7.482951 -14.268462 8
-26.337763 7.424021 -13.298262 8
-26.500523 8.153971 -12.662962 4
-26.499523 8.609731 -13.466952 7
-25.769953 8.945781 -13.938272 11
-25.047773 8.444691 -13.660772 10
-25.214533 8.995661 -12.821462 3
-26.125233 9.425631 -12.659082 4
-26.176183 10.288741 -13.192342 11
-27.014633 10.130351 -12.726762 4
-27.524693 9.933201 -13.632992 11
-28.375933 9.686261 -13.294872 10
-27.979203 8.830591 -13.320762 4
-28.050703 8.062591 -13.896832 10
-28.413233 7.334041 -14.460892 1
-28.725733 8.190681 -14.773072 10
-29.525323 7.730541 -14.905462 6
-29.765173 7.309941 -15.721422 1
-30.734723 7.461391 -15.892422 5
-31.494773 7.932591 -15.533672 6
-32.438883 7.636241 -15.797222 4
-31.744303 7.507411 -16.445222 5
-32.375783 8.063691 -16.871122 13
-32.136183 8.748911 -16.284622 4
-31.288393 8.970471 -16.052422 5
-31.861793 9.661471 -15.640102 4
-30.899013 9.762851 -15.441582 7
-30.346543 9.695961 -14.582792 10
-29.770733 10.133031 -15.158612 10
-29.415803 10.869001 -15.736522 13
-28.831613 11.327881 -16.299922 9
-28.175103 10.692761 -16.540022 10
-27.973963 9.753061 -16.604422 13
-27.281363 9.096241 -16.522522 9
-27.823663 9.367211 -15.680822 15
-28.439873 9.298171 -14.881982 10
-28.245023 10.249401 -14.773962 15
-29.040003 9.946281 -14.238092 10
-29.783703 9.492391 -13.801562 10
-30.369813 9.858781 -13.203132 10
-30.438513 10.763101 -13.005762 10
-30.692933 11.652681 -12.736852 15
-30.766363 12.564561 -12.443192 7
-31.224033 12.949141 -11.660672 1
-30.853353 13.746131 -12.218852 4
-29.936113 13.984331 -12.409612 10
-29.986823 14.813371 -12.012732 1
-29.506573 15.605751 -12.099832 12
-28.978903 14.765691 -12.176412 4
-28.423713 14.110121 -12.542272 7
-28.200543 13.818841 -11.605452 3
-27.705633 13.217321 -12.108012 7
-27.669003 12.774271 -11.214222 1
-27.049293 12.020301 -10.848412 10
-26.825933 12.297161 -11.771362 12
-27.304733 12.082831 -12.662262 7
-28.191323 11.908451 -12.348792 4
-29.028583 11.402721 -12.263102 1
-29.318713 11.251531 -13.138942 10
-28.808253 10.774831 -13.751792 10
-28.131773 10.915111 -13.112462 4
-28.083803 11.758741 -13.548852 7
-28.926983 11.766761 -13.962972 14
-28.976463 12.558601 -14.464982 13
-28.002783 12.429471 -14.379112 7
-28.250293 11.582631 -14.918252 13
-27.503963 11.154601 -15.400632 4
-26.980253 11.266951 -14.531622 7
-26.937693 10.391811 -14.981692 11
-26.115483 10.250141 -15.460092 9
-25.850203 9.435321 -15.005742 11
-25.331663 10.183271 -14.512532 6
-25.719173 11.025201 -14.855212 10
-26.087713 11.786581 -14.362822 7
-25.777793 11.985391 -13.405422 12
-26.418423 11.247461 -13.188522 7
-26.545003 11.132621 -12.253702 4
-25.613093 10.896621 -12.104252 12
-25.219943 10.052911 -11.766122 4
-24.596643 10.540521 -12.283352 14
-24.273623 11.266651 -11.651652 10
-25.007473 11.963931 -11.371402 12
-24.258023 12.166931 -10.833022 7
-23.481143 12.030291 -11.386292 10
-22.915773 11.870061 -12.215292 13
-22.673865 11.625351 -13.140152 12
-23.220893 11.806211 -13.978632 4
-22.791416 12.077141 -14.826232 10
-22.019677 11.948141 -15.405722 1
-21.875735 11.708621 -16.467822 7
-21.36458 12.438411 -16.209522 7
-20.718343 13.088491 -16.586422 3
-20.411893 13.376121 -15.677122 10
-19.447413 13.397121 -15.377882 7
-19.112623 12.537381 -15.278302 4
-19.868263 12.110281 -15.846822 1
-20.613103 12.377871 -15.229972 1
-20.034923 12.937061 -14.620292 10
-20.386503 12.488751 -13.837912 1
-20.463643 13.172541 -13.110532 7
-20.452023 14.097401 -13.354272 10
-20.616823 14.437391 -14.259932 1
-19.728453 14.598401 -13.840382 4
-19.263173 13.733651 -14.024892 11
-19.028883 13.072291 -13.301152 4
-18.094533 12.951491 -13.152612 10
-17.262223 12.749541 -13.655092 15
-17.032983 12.945031 -14.572772 11
-16.023713 12.944281 -14.481842 14
-16.194943 12.562291 -15.395502 1
-15.531663 12.513721 -16.052422 7
-14.543543 12.900871 -15.933822 9
-14.586513 13.784791 -15.912722 12
-15.003173 14.541201 -15.478812 7
-15.046493 14.308141 -14.553672 1
-14.920513 14.725051 -13.645162 5
-14.759783 15.394731 -12.960902 10
-15.668743 15.749511 -13.139062 10
-15.202043 16.565521 -12.812082 7
-15.918543 16.521895 -12.076922 10
-15.579333 15.906441 -11.422192 15
-14.603173 16.136161 -11.228122 10
-14.847273 15.290301 -10.758642 7
-14.522333 15.889051 -10.078872 9
-15.186213 16.421418 -9.622122 14
-15.574643 15.875481 -8.875862 10
-15.671903 14.866501 -8.851152 7
-16.566583 14.921881 -8.695492 12
-17.509263 14.528351 -8.657272 7
-17.142183 15.000531 -7.795852 13
-18.107103 14.833471 -7.784642 14
-18.828303 14.289551 -7.440572 10
-18.209493 13.627481 -7.903972 1
-18.638493 13.528201 -8.758702 13
-18.619893 14.533331 -8.762822 1
-19.499363 14.737191 -9.141712 1
-20.203383 14.643481 -8.477582 4
-20.310443 14.111341 -7.693322 10
-21.129366 14.549061 -7.469892 12
-21.420689 15.457531 -7.557002 7
-22.28461 16.029118 -7.733232 1
-22.821206 15.633881 -7.021222 1
-23.460713 15.703411 -7.791062 7
-23.811673 15.004071 -7.226292 10
-22.979743 14.516651 -7.534922 1
-22.41592 14.371011 -6.812342 4
-22.866539 13.522171 -6.966322 7
-22.360084 12.898731 -7.433702 8
-23.162563 12.586261 -7.839512 7
-23.503533 12.761581 -8.788122 11
-24.433813 12.908031 -8.619082 11
-25.313923 12.774211 -8.236262 10
-26.080803 13.231791 -7.719562 10
-25.494403 13.867301 -8.184772 4
-24.692503 13.526981 -7.745982 1
-23.960123 13.189611 -7.201502 7
-23.852813 13.205361 -6.24037 7
-24.162953 14.101421 -6.18913 10
-24.619233 14.808451 -5.605844 12
-24.199243 14.413111 -4.828969 4
-23.497103 13.845411 -5.189437 6
-22.52898 13.521231 -5.150279 12
-22.905133 12.540711 -5.188092 10
-22.80875 11.772851 -5.820379 7
-21.976229 12.147751 -6.171269 13
-21.144857 11.581141 -6.227469 15
-21.084071 12.190321 -6.988842 1
-21.807035 11.974331 -7.595582 13
-22.625607 11.563421 -7.174962 7
-23.553313 11.598511 -7.505792 7
-24.484493 11.696731 -7.894752 11
-25.430853 11.858081 -7.574122 10
-26.141123 12.258411 -7.120542 10
-25.574833 12.722901 -6.452319 9
-25.940703 13.230961 -5.66554 14
-26.397963 13.179451 -4.814975 1
-25.871893 13.933851 -4.941708 5
-25.459193 14.760921 -4.563202 7
-25.413073 14.214851 -3.815302 6
-25.106603 13.354221 -3.920212 1
-24.814483 12.481511 -3.711752 16
-24.323583 11.663461 -3.790482 1
-23.859053 11.716041 -4.673735 1
-24.242313 11.233171 -5.382477 4
-23.900153 11.984481 -5.903718 7
-24.293983 11.801461 -6.786682 7
-25.159853 11.374601 -6.639998 10
-25.338373 11.392461 -5.758226 1
-26.295903 11.080671 -5.805759 1
-26.078473 11.002771 -6.708212 10
-26.178303 10.037451 -6.590476 4
-25.221903 10.093371 -6.634927 10
-25.185913 9.467161 -5.879507 14
-24.765123 9.370421 -4.982773 4
-24.095023 10.125891 -5.134181 10
-23.324593 10.646191 -5.397147 7
-23.147803 10.104841 -6.195592 7
-23.854883 9.894011 -6.767812 14
-24.346893 10.695391 -7.179032 10
-24.110453 10.697211 -8.163822 11
-24.974243 10.632831 -8.606412 10
-24.643303 10.957271 -9.472612 10
-23.913053 11.336251 -9.869152 11
-23.175053 10.853461 -9.594342 7
-22.490846 11.467551 -9.502402 1
-23.121973 12.146411 -9.655852 11
-23.052793 12.981101 -10.145772 10
-23.018033 13.390451 -11.048922 7
-22.297786 12.960661 -11.541032 13
-21.596771 13.654611 -11.498162 12
-22.081348 14.443921 -11.550952 7
-22.142316 14.365881 -12.457832 9
-22.090229 13.482031 -12.925852 10
-22.101099 12.537971 -13.096952 7
-22.952873 12.890131 -12.892082 10
-23.676883 12.934541 -12.247022 1
-24.402953 13.460761 -12.489322 12
-25.048323 12.845011 -12.095122 12
-24.813533 12.019411 -12.604112 12
-24.121013 12.437661 -13.204202 4
-24.277613 13.004511 -13.939302 12
-24.404963 12.341891 -14.616152 1
-25.261593 12.587501 -14.217522 1
-26.181783 12.742251 -14.008302 7
-26.421333 13.402761 -14.789112 7
-26.549583 14.238211 -15.233282 15
-27.383253 14.102591 -15.760322 7
-28.270523 13.765381 -15.778322 7
-28.294923 13.989031 -14.846372 7
-27.961673 14.879121 -15.134932 10
-27.151473 15.262221 -14.992052 15
-27.879473 15.884111 -14.700552 1
-27.904423 16.17141 -13.730942 4
-27.364003 15.374681 -13.786502 15
-27.335373 15.716181 -12.887382 1
-26.880633 15.011201 -12.418962 7
-26.442233 14.822771 -13.231262 15
-25.494253 14.803701 -13.359162 12
-25.434663 15.889131 -13.262182 10
-24.612793 15.535821 -13.638532 1
-24.409383 15.645761 -14.585622 16
-23.451033 15.911141 -14.838542 12
-22.831649 15.286411 -14.353572 1
-22.532875 14.598531 -15.020862 7
-21.633574 14.769191 -15.264002 1
-21.055986 15.297421 -15.857222 3
-20.471633 16.05893 -15.636782 11
-21.391429 16.394067 -15.327532 10
-21.961565 17.012879 -15.851422 7
-22.846827 16.714036 -15.915322 12
-23.709663 16.8263 -15.393282 1
-23.866033 17.52632 -16.042822 7
-24.776483 17.197877 -16.174222 1
-25.688203 16.830265 -16.618122 16
-25.961083 15.869861 -16.860922 7
-25.420603 15.581091 -16.090422 4
-25.837933 15.230641 -15.244292 15
-25.049633 14.581271 -15.025972 5
-25.897453 14.426511 -14.486422 15
-25.546043 13.813131 -13.801122 12
-24.585883 13.900651 -13.493582 12
-23.905503 14.402551 -13.071932 7
-23.856363 15.171371 -12.546092 1
-23.968143 14.336001 -12.039122 7
-24.776703 14.721671 -11.761842 9
-24.720163 15.309281 -11.048602 7
-25.235483 15.218701 -10.229172 10
-25.451253 15.643821 -9.383192 1
-25.644303 16.124029 -10.231382 1
-25.523293 16.768654 -9.474672 10
-24.714163 16.893037 -9.055622 15
-25.159793 17.600777 -8.604622 7
-25.071623 17.686414 -7.645562 4
-25.967623 17.342716 -7.942762 7
-26.691773 17.744398 -8.421002 1
-27.609533 17.446625 -8.544412 7
-27.820373 16.631087 -8.113332 1
-27.248763 15.999695 -7.635652 1
-26.517993 15.483131 -8.056472 1
-26.577543 14.500531 -7.994912 1
-26.580893 14.662251 -8.979762 1
-27.325093 14.309581 -9.461722 1
-27.269833 13.363571 -9.519712 10
-26.502293 13.788861 -9.884012 10
-25.742993 13.576991 -10.473312 12
-25.517203 13.081061 -9.634672 10
-24.686593 13.285641 -9.890212 11
-24.519473 13.381961 -10.904982 15
-25.161603 13.776401 -11.517012 12
-26.101883 13.778371 -11.706652 12
-26.005343 13.022581 -12.360882 12
-26.686753 12.827951 -13.003352 7
-26.854173 13.725561 -13.340562 15
-27.211253 13.135201 -13.985412 7
-28.054333 13.530101 -14.037632 7
-27.964033 14.395901 -13.751082 15
-28.941513 14.289851 -13.834652 11
-29.179213 13.526481 -14.430512 13
-29.978953 13.883481 -14.866412 13
-29.560073 14.580321 -15.548222 7
-29.541913 14.320311 -16.444722 9
-29.728903 14.002921 -17.394322 9
-29.161843 14.209841 -18.176422 16
-28.621143 14.491711 -17.433122 16
-28.461413 13.807471 -16.809322 7
-28.527023 12.862171 -16.961522 7
-29.087783 12.425701 -16.243122 13
-28.378643 12.644851 -15.629862 7
-27.461993 12.253871 -15.657602 7
-26.756223 12.928131 -15.726622 7
-25.883203 12.475571 -16.009222 16
-26.460743 11.824701 -15.582112 7
-26.258133 11.329191 -16.379922 6
-26.629443 11.840331 -17.058422 14
-27.506413 12.269961 -17.107422 7
-27.545623 13.143861 -17.531922 7
-27.551193 13.539311 -18.411522 16
-26.792963 14.003441 -17.996222 16
-25.936923 14.392691 -18.116922 4
-25.689723 13.467991 -18.599522 12
-25.018623 14.169181 -18.849222 11
-25.212453 14.348601 -19.831422 1
-24.320803 14.190631 -20.115022 1
-24.718953 13.316041 -20.116722 15
-24.025853 13.184361 -20.852722 12
-24.557543 13.937251 -21.306422 10
-24.558233 14.640211 -21.950822 7
-24.818203 15.349601 -22.521622 1
-23.851863 15.125811 -22.630222 7
-22.972853 14.818691 -22.361622 5
-22.381763 15.269631 -21.730322 12
-22.655029 15.435691 -20.815222 11
-21.807983 15.262501 -20.478622 7
-21.502448 15.897431 -19.790722 7
-21.595703 16.985547 -19.680522 11
-21.026562 17.707056 -19.283022 4
-20.157163 18.079741 -19.057922 11
-19.997253 18.697921 -18.237422 1
-20.082513 19.421151 -17.602822 4
-19.276293 19.980011 -17.465722 15
-18.518553 19.895061 -16.892622 12
-18.429433 19.420281 -15.958222 7
-19.324573 18.998831 -15.717122 1
-19.595033 18.077121 -15.686922 10
-19.701183 17.392861 -16.419322 7
-19.555943 16.462775 -16.465822 10
-18.615933 16.373452 -16.684522 14
-18.933103 15.775761 -17.301222 15
-18.334223 16.410164 -17.744822 9
-18.286613 17.296471 -18.134622 16
-17.741873 17.531076 -17.299422 1
-17.127823 17.384426 -16.593422 10
-16.410503 17.992241 -16.167522 7
-17.087283 18.056021 -15.453492 15
-16.513373 17.445441 -15.002212 16
-15.628983 17.142731 -15.320002 7
-14.883653 16.689762 -15.699022 16
-14.368913 15.940448 -15.179402 12
-13.578083 16.351939 -14.832582 13
-12.947073 15.704351 -14.471922 7
-12.139683 15.741191 -15.019852 1
-11.594683 15.631071 -15.905322 7
-11.194783 16.048534 -16.694422 1
-11.108883 15.114881 -16.890322 16
-10.718283 14.790991 -16.091922 13
-11.580983 14.350211 -15.887922 7
-12.526303 14.490391 -16.050622 10
-13.225523 14.561481 -15.359862 1
-13.271123 13.757881 -14.848032 1
-13.865173 13.202471 -14.351182 12
-14.814553 13.174091 -14.550092 12
-14.920163 12.254241 -14.932242 7
-15.552283 11.811791 -14.468592 9
-15.575193 11.127251 -13.856822 7
-15.092113 10.267621 -13.835372 15
-14.567323 10.864951 -14.328312 6
-15.223323 10.586101 -14.977022 11
-14.348813 10.047271 -14.985092 15
-13.448253 10.237141 -14.672232 7
-13.530593 11.144341 -14.361972 4
-13.639623 10.873671 -13.451272 7
-14.592823 10.849661 -13.167112 16
-14.152373 9.984781 -13.282012 15
-13.525143 10.006601 -12.597782 7
-12.631753 9.706471 -12.586102 7
-13.179163 8.961841 -12.881682 7
-14.112573 8.874111 -13.153152 15
-14.480163 8.314271 -12.448662 16
-14.672963 8.296261 -11.437022 11
-13.939823 8.510391 -10.868112 13
-14.470273 8.903581 -10.180072 12
-13.716313 8.454851 -9.797662 11
-13.608023 8.100691 -8.908972 12
-13.408453 8.428691 -8.064372 7
-12.624133 8.567911 -8.679032 11
-11.950983 8.664301 -7.984392 9
-12.557773 9.416941 -7.821672 16
-13.091963 9.951431 -8.466322 7
-12.659773 9.680241 -9.243002 1
-13.087833 9.294251 -10.045262 1
-12.514273 9.216191 -10.843652 7
-12.150353 8.379071 -10.477372 10
-12.190223 8.435731 -11.388472 7
-11.728583 7.604841 -11.505432 12
-12.253903 7.172001 -10.816142 12
-13.136493 6.732421 -10.933402 10
-13.454323 5.820821 -11.178312 7
-14.118843 6.253021 -11.792482 10
-14.320983 6.279321 -12.752602 16
-15.255043 6.352321 -13.046312 16
-15.916893 6.288021 -12.336792 14
-15.453893 7.109021 -12.256032 16
-15.637713 7.894081 -11.716402 4
-16.350233 7.912721 -10.902282 7
-16.481523 8.671751 -11.540212 1
-17.145913 9.402891 -11.296522 16
-16.759963 10.281541 -10.974932 5
-15.851903 10.297951 -10.663162 1
-14.919173 10.543611 -10.371922 1
-14.293953 10.141771 -10.841332 16
-14.028813 9.443431 -11.552642 7
-14.773023 9.671111 -12.051442 15
-14.362903 10.456631 -11.765502 1
-13.595103 10.944661 -12.135362 7
-12.742733 11.131831 -11.738762 7
-12.705523 12.058311 -11.290232 1
-12.995263 12.903231 -11.726582 10
-12.406853 13.156631 -10.994812 15
-12.276023 13.829451 -10.260682 1
-12.076253 12.968921 -9.809342 1
-12.961653 12.799331 -9.530922 12
-12.865163 12.010991 -9.017692 1
-12.416213 11.168021 -9.332552 7
-12.019383 10.756471 -10.160472 13
-12.845973 10.499541 -10.633212 5
-11.954383 10.571041 -11.186632 7
-11.439583 11.372671 -10.951482 12
-11.018183 11.234361 -11.822542 15
-11.890223 11.607531 -12.266582 7
-11.731683 11.243201 -13.173192 7
-11.509483 12.052611 -13.607022 13
-11.430683 12.997011 -13.740022 15
-11.788683 13.712561 -14.279172 13
-11.122183 13.478951 -14.975902 12
-10.512183 12.953771 -14.401782 16
-10.350183 11.993471 -14.127822 8
-9.837683 10.868191 -14.858562 7
-9.538383 10.098791 -14.342092 11
-8.760983 9.540961 -14.139632 11
-8.608883 10.424641 -14.051532 11
-8.518983 11.325591 -13.936912 12
-8.992483 11.860071 -13.277362 1
-9.644383 11.865641 -12.599002 12
-10.318983 11.120171 -12.711112 1
-10.893283 10.385811 -12.883432 7
-10.174283 10.145601 -13.461622 11
-10.522583 10.475001 -14.235892 16
-11.327883 10.715511 -13.817342 9
-12.080213 10.120241 -13.441002 7
-12.591243 10.744981 -13.992332 7
-12.612733 11.151291 -14.865862 1
-12.568963 10.315281 -15.316252 7
-13.155503 10.915061 -15.871022 9
-13.012523 10.041131 -16.249122 5
-13.399043 9.356921 -16.819822 16
-13.235113 8.986741 -15.951722 10
-12.877543 8.815281 -15.062712 7
-13.055803 8.835691 -14.104112 7
-13.869283 8.514361 -14.646222 15
-14.151313 7.705351 -14.067092 16
-13.732893 7.925471 -13.216782 16
-13.209823 8.071151 -12.425852 7
-13.693463 7.240121 -12.409152 16
-12.968683 6.655821 -12.585142 4
-12.399183 7.488051 -12.420402 7
-11.823083 6.760921 -12.781472 14
-11.159583 6.819121 -12.146672 12
-10.238283 7.115281 -12.471932 15
-10.004083 7.953571 -12.776632 15
-10.530083 8.763211 -12.696052 7
-9.668583 9.113711 -12.577622 11
-8.965383 9.285061 -11.952852 1
-9.009683 10.221511 -12.136632 1
-9.916983 9.994731 -11.909932 1
-10.887083 9.912651 -11.975962 7
-11.247683 9.728741 -11.155952 1
-11.990163 9.447171 -11.813452 7
-11.185183 8.817071 -11.918812 7
-10.382183 8.288241 -11.604702 15
-10.974983 8.003791 -10.873132 12
-10.478383 7.551571 -10.263552 10
-10.520183 6.584521 -10.003942 12
-9.780183 6.806921 -9.487282 1
-9.673383 5.888521 -9.294682 13
-8.875583 6.254021 -9.706302 7
-8.481783 6.913521 -9.142232 7
-7.806683 7.540761 -9.232002 13
-7.133583 8.105301 -8.908122 12
-6.277483 7.706211 -8.798582 7
-6.244283 8.146181 -9.612982 16
-5.700483 8.770521 -10.141952 16
-5.465283 7.836681 -10.416502 12
-4.966283 7.199151 -10.845912 16
-5.148383 6.939731 -11.821582 11
-4.493283 6.748821 -12.463832 7
-4.379983 7.693821 -12.475862 6
-4.870383 8.382361 -12.008082 4
-5.305483 7.957511 -12.784122 8
-5.707983 8.855151 -12.945822 7
-6.232083 9.307081 -13.589392 15
-7.155583 9.143321 -13.702682 11
-6.830183 9.126911 -12.811022 12
-6.314283 10.047241 -12.756782 7
-7.146283 10.677271 -12.866022 16
-7.949483 10.207411 -12.599042 9
-8.082583 9.468291 -13.267422 11
-7.866083 8.607951 -12.890672 7
-8.850983 8.804161 -13.150122 11
-8.854483 7.977921 -12.641322 15
-8.586183 7.137891 -12.307412 15
-9.320883 6.511521 -12.148932 15
-9.789783 5.961321 -11.470942 7
-9.643183 4.973621 -11.494572 7
-9.788583 4.678321 -10.566612 1
-10.203583 3.832121 -10.373162 1
-10.214783 4.499521 -9.692042 1
-10.051783 4.018621 -8.937552 1
-9.258383 4.327721 -8.425572 1
-9.317783 3.981321 -7.543032 1
-9.587383 4.713821 -7.028942 7
-9.969083 5.511521 -6.567933 7
-10.484983 5.728221 -7.346522 11
-10.890283 5.058521 -7.904332 7
-11.697583 5.403721 -8.357052 16
-12.489813 5.173321 -8.833732 1
-11.838183 4.436521 -8.752022 1
-12.041583 4.728421 -9.709082 7
-11.487883 5.502621 -9.965832 5
-11.856683 5.845321 -10.716672 12
-11.298683 5.721721 -11.475842 12
-10.709383 5.768821 -12.323382 15
-10.778583 5.426321 -13.264392 15
-11.688183 5.250721 -13.674262 14
-11.842383 6.170421 -13.708212 12
-12.576303 6.823821 -13.826112 16
-12.005153 7.531241 -14.084242 7
-12.888383 7.858401 -14.400482 7
-13.383113 7.065061 -14.529502 16
-13.943263 6.173021 -14.314362 16
-13.848293 5.380521 -14.862692 11
-13.204123 4.853021 -15.296982 7
-13.159303 5.184521 -16.166222 13
-12.264133 5.091321 -16.413322 11
-11.559283 4.659821 -15.842022 12
-11.834883 3.765021 -16.048722 7
-11.338183 3.439421 -16.823322 1
-11.014783 2.648021 -17.225922 16
-10.475783 2.336221 -17.967922 1
-9.563683 2.581921 -18.200922 11
-8.687483 2.148221 -18.125622 7
-8.482383 3.044421 -18.218322 12
-7.981183 3.243521 -19.009322 16
-8.209683 3.111121 -19.928222 1
-8.906183 3.451021 -20.568522 12
-8.748883 4.165521 -19.937222 15
-8.297883 4.714421 -19.284722 1
-8.675083 4.524321 -18.357422 7
-8.049483 4.933421 -17.770922 16
-7.853083 5.431721 -16.952122 7
-7.619383 6.321421 -16.748122 12
-6.938883 6.385121 -17.475322 12
-7.774583 6.428621 -17.939622 13
-8.573783 6.597321 -17.333022 8
-9.443283 6.323221 -17.721722 1
-9.828883 7.302061 -17.804922 5
-10.453183 7.990971 -17.865722 7
-11.277583 8.031941 -17.412122 9
-11.560483 8.880231 -17.124422 8
-11.804083 8.690591 -16.212622 12
-11.740183 9.189631 -15.324352 7
-10.859583 9.737191 -15.389392 15
-10.490083 9.264421 -14.560152 11
-11.323983 9.290761 -14.019222 7
-12.262863 9.127631 -13.519282 7
-11.596283 8.443741 -13.368762 7
-11.208983 7.557081 -13.256332 1
-10.403283 7.051971 -13.622822 15
-10.559683 6.480321 -14.365602 1
-9.585083 6.649821 -14.144532 15
-9.376483 7.414531 -14.634572 7
-9.227583 8.291471 -14.175962 11
-10.072183 8.377901 -14.509182 11
-10.486083 8.171301 -15.379492 7
-10.141483 8.011251 -16.293622 15
-10.005283 8.960641 -15.956222 7
-9.627883 9.829221 -15.796222 11
-9.150883 10.357541 -16.404722 12
-9.537283 11.279361 -16.246422 1
-9.284583 12.109041 -15.843522 10
-8.582383 12.048791 -16.541422 1
-7.712883 12.407121 -16.395122 1
-8.156283 13.231241 -16.512422 16
-7.324083 13.285361 -17.031722 1
-6.405083 13.237141 -16.629922 1
-6.047583 12.815901 -17.462622 1
-5.603683 11.979291 -17.428122 16
-4.802083 12.428881 -17.152722 14
-5.109283 11.700681 -16.562622 16
-4.461983 11.863101 -15.845122 16
-4.424683 11.054721 -15.314432 7
-4.800083 10.211451 -15.614642 16
-5.253083 10.257331 -16.441422 16
-5.119083 9.369391 -16.667022 16
-4.741083 8.568701 -17.136622 1
-3.869283 8.854571 -16.975522 16
-3.034883 8.332321 -16.599422 15
-2.036683 8.157881 -16.458522 12
-2.249083 7.384131 -17.061522 1
-2.552683 6.981181 -16.262222 15
-2.964383 6.501721 -16.963322 1
-3.643583 6.306321 -16.214522 15
-4.554083 6.533321 -16.365822 15
-5.425483 6.276221 -16.567122 12
-6.046783 7.002471 -16.970822 12
-5.724183 7.340061 -17.826822 1
-5.964583 8.278691 -17.396522 5
-6.905983 8.417061 -17.256622 16
-6.658183 9.115141 -17.825622 11
-5.877983 9.443561 -17.385422 8
-6.288283 9.931611 -16.696122 16
-7.066583 10.647051 -16.499522 16
-8.076683 10.907011 -16.673022 7
-8.468283 10.953161 -15.773222 11
-7.879883 11.593931 -15.253502 8
-7.896683 10.638761 -14.996122 11
-7.032483 10.566611 -14.597592 13
-6.178683 10.206961 -14.945532 16
-6.159283 10.565651 -15.796322 16
-5.390083 11.158741 -15.702222 16
-6.194983 11.749651 -16.019022 16
-6.278683 12.531051 -15.369652 16
-5.370283 12.785381 -15.153872 11
-4.776083 13.425851 -14.653102 1
-3.732383 13.487241 -14.754172 1
-3.189583 12.931711 -14.224902 1
-2.297783 12.484301 -14.207022 1
-1.588883 12.180741 -13.529612 1
-1.985283 11.367541 -13.073192 11
-2.375683 10.548081 -12.691162 7
-2.357483 9.560781 -12.576302 16
-2.970483 9.184911 -13.267472 1
-3.749783 8.647011 -13.212692 11
-3.932683 9.162941 -14.020732 1
-4.482483 8.670621 -14.533362 1
-4.733583 9.229111 -15.190902 16
-4.643483 8.580971 -15.888022 16
-4.635683 7.662831 -16.176622 15
-5.557383 7.748781 -16.371722 12
-6.453583 7.950051 -16.059322 12
-6.204183 8.828921 -16.453022 16
-6.862883 9.420151 -15.953622 16
-7.644183 9.876181 -15.599072 11
-8.133383 9.864611 -16.450722 15
-8.287683 10.042031 -17.363022 7
-7.288983 9.803481 -17.292522 1
-6.711683 10.605941 -17.524722 16
-6.347183 11.391691 -17.843022 16
-5.963483 10.871201 -18.622922 5
-5.183083 10.654721 -18.189122 5
-4.896483 11.081351 -17.392622 16
-4.054783 10.692961 -17.670822 12
-4.464183 9.969881 -17.141822 16
-3.550583 10.192201 -16.847022 16
-3.082783 10.997621 -16.730522 1
-3.384983 11.485061 -15.954422 16
-3.531183 10.539501 -15.745522 16
-3.889883 10.323691 -14.882312 13
-3.371383 9.558661 -15.314302 16
-3.356283 8.624241 -15.016112 1
-3.616283 7.737621 -14.985302 15
-3.127483 6.943531 -15.114162 15
-3.419283 6.722321 -14.236952 1
-4.181783 7.353351 -13.836822 1
-4.752483 6.813221 -14.321872 7
-4.741483 6.086521 -14.964332 15
-4.802483 5.577321 -15.766022 16
-5.738783 5.856121 -15.750222 12
-5.577883 5.147821 -16.475522 11
-6.497883 4.760221 -16.380922 16
-6.694883 5.317421 -15.633772 11
-6.665083 6.194321 -15.253652 12
-7.201583 6.869421 -15.695822 12
-7.604683 7.711631 -15.681422 16
-8.186683 8.356141 -16.152022 1
-8.730483 9.060221 -15.848722 11
-8.367783 8.964781 -14.972882 11
-8.278783 7.949311 -14.875412 16
-7.345283 7.776931 -14.693702 1
-7.279383 8.756391 -14.773642 11
-6.341583 8.868151 -15.105442 16
-5.566183 8.415791 -15.287742 16
-5.174783 7.540761 -15.034332 15
-5.967883 7.081301 -14.663792 12
-6.811783 6.729421 -14.339052 1
-7.711083 6.330921 -14.287692 16
-8.096283 6.458421 -13.381172 8
-8.948883 5.949521 -13.365742 15
-9.332183 5.435121 -12.649522 15
-9.742783 4.948221 -13.349082 1
-9.431183 4.717121 -14.186182 8
-9.325983 3.779421 -14.332052 16
-9.103183 2.856421 -13.974992 5
-9.479483 1.944921 -13.849402 8
-9.867383 2.189521 -13.036832 5
-10.434883 1.445921 -12.877852 7
-11.055383 2.209021 -12.690182 1
-10.571083 2.903621 -12.292762 1
-11.254683 3.332121 -11.763722 9
-11.896123 3.588521 -12.501342 13
-12.484893 4.139421 -13.008092 1
-12.709783 5.026821 -13.420142 12
-13.465793 5.683221 -13.515802 16
-13.874853 5.184521 -12.852072 16
-14.249513 4.299421 -12.990662 1
-15.052853 4.565221 -13.423482 7
-15.444063 5.162621 -12.769002 16
-15.994263 4.500921 -12.374912 1
-16.668083 3.707721 -12.250262 1
-17.170213 3.624321 -11.397762 12
-16.568833 2.910921 -11.170982 1
-15.870623 3.421921 -11.602232 14
-14.949873 3.485821 -11.797502 11
-14.912933 2.933921 -12.591712 16
-15.248243 2.954721 -13.481072 5
-16.034533 2.757521 -13.117522 7
-16.033843 3.441821 -13.896242 16
-16.655043 4.056621 -14.236242 15
-16.064743 4.780921 -14.557492 8
-15.683663 5.514821 -14.002592 16
-16.229663 5.882421 -14.835662 7
-15.591193 5.314021 -15.329642 16
-15.421513 5.940221 -16.047122 5
-14.753493 6.665521 -15.932922 16
-14.462973 5.955021 -15.372582 1
-15.067793 6.113921 -14.651272 16
-14.808213 6.698521 -13.852762 16
-15.130383 7.546871 -14.068902 16
-14.895483 8.398151 -13.624612 15
-15.537073 9.060071 -14.086382 15
-16.492263 8.983251 -14.192882 12
-17.108843 9.631141 -13.824652 1
-17.477803 10.407661 -13.462662 1
-17.134533 9.927051 -12.725422 11
-16.290433 9.455371 -12.706242 15
-15.946643 8.616741 -13.099692 1
-15.669703 7.709641 -13.139922 16
-16.371143 7.132611 -13.005692 16
-17.081443 7.167181 -12.373262 11
-17.379123 7.357201 -13.271772 12
-16.940123 7.258501 -14.115932 16
-16.273053 7.545671 -14.751612 1
-15.659773 6.872421 -15.023772 16
-15.253233 7.573001 -15.662332 16
-15.924833 7.051791 -16.258422 7
-16.617623 7.366411 -16.826522 5
-17.490033 7.065261 -16.858122 16
-17.487453 6.810621 -17.806622 1
-18.454353 6.370321 -17.975622 1
-19.207413 5.717021 -17.939122 12
-19.470993 5.460621 -17.041622 11
-20.367153 5.824321 -16.920822 16
-20.813763 6.597121 -16.606122 1
-20.000353 7.220481 -16.580322 7
-19.760383 8.144471 -16.177822 1
-19.025463 8.253491 -16.750122 16
-19.052593 9.176671 -16.429422 1
