18.02847 -4.176668 -16.95058 3
17.78257 -3.298188 -16.59038 4
16.84367 -3.464638 -16.78408 1
17.05737 -3.807388 -15.95698 1
17.64687 -3.768518 -15.08588 1
18.44097 -4.301208 -14.91108 1
18.37457 -5.110318 -15.44018 1
18.56867 -5.851658 -15.99128 1
19.41877 -6.182848 -16.16608 14
19.71677 -5.941298 -17.02578 2
20.33087 -6.611148 -17.20838 16
20.89547 -7.030978 -16.48638 2
21.13557 -6.185328 -16.08368 1
21.82477 -6.394758 -16.70808 12
22.01307 -5.900588 -17.49358 1
21.96017 -6.438888 -18.33258 9
21.97297 -5.526118 -18.74038 15
22.41437 -4.937558 -19.41688 13
22.67057 -4.056558 -19.73638 9
22.62867 -3.161548 -19.33638 5
22.88437 -2.212248 -19.13098 2
22.05727 -1.722208 -19.14268 14
22.49007 -1.051418 -19.66978 15
23.28547 -1.109578 -19.19068 8
23.05947 -0.246998 -18.69738 1
23.39017 0.141072 -19.53578 1
23.43877 0.939232 -18.99978 8
24.00857 1.665032 -19.30198 2
24.40647 0.851932 -18.99758 11
24.15167 0.953732 -18.01828 2
23.76697 1.613832 -17.33308 6
22.77537 1.737032 -17.32088 2
22.56167 0.810932 -17.35388 1
23.44207 0.734932 -16.90348 6
23.89207 -0.034468 -16.62988 2
24.30457 0.695932 -16.21728 6
24.65577 0.068772 -15.50978 14
24.94547 -0.799428 -15.38148 8
24.09937 -1.257828 -15.36218 14
24.20647 -1.275438 -16.33918 12
23.29227 -1.525938 -16.17088 2
23.29837 -0.638098 -15.85488 14
22.92577 0.278402 -15.62778 14
22.73957 0.383512 -14.63698 14
22.16237 0.401292 -13.87958 2
21.25877 0.586032 -13.51668 2
21.07157 -0.036488 -12.78598 2
21.34347 0.225552 -11.82608 2
20.47357 -0.176368 -11.75658 1
19.60717 -0.038918 -11.39468 3
19.49877 -0.973878 -11.53028 5
20.17777 -1.579488 -11.37118 11
19.41787 -2.196008 -11.41348 1
19.59827 -2.006968 -12.35488 5
20.08627 -1.263668 -12.75318 5
19.96537 -0.258448 -12.84608 2
20.39427 -0.103808 -13.65268 2
20.74497 -0.856438 -14.11348 7
21.06407 -0.015778 -14.39078 2
21.24227 0.607132 -15.06288 2
21.75727 -0.130748 -15.45058 1
21.93117 -0.780488 -14.71758 2
22.97267 -0.875448 -14.43888 14
23.30407 -1.846968 -14.20698 1
24.11787 -1.375818 -14.02598 15
24.47547 -0.480718 -14.06358 14
25.30367 0.047132 -13.88048 9
25.54557 0.939732 -13.49778 14
25.12507 1.777032 -13.23078 8
25.69367 1.462832 -12.58808 1
25.89997 1.996532 -11.82468 1
25.50327 2.806932 -12.35578 8
25.80927 3.318932 -11.53558 9
25.99547 4.237132 -11.79858 2
25.79317 4.953532 -11.08648 14
25.88837 5.511832 -11.97158 6
26.58497 6.165232 -12.02358 2
26.00607 6.174432 -12.83668 10
26.30487 6.202532 -13.76008 14
25.40357 5.882132 -14.00358 12
24.69177 5.308932 -14.21888 8
24.25777 5.353332 -15.12358 1
23.75577 4.647832 -14.63218 8
22.95407 4.936132 -15.23568 1
22.04737 5.125832 -15.41228 14
21.10537 5.262732 -15.62478 15
21.17907 4.545832 -14.94218 2
21.59117 3.622032 -14.80338 2
21.20157 3.155632 -15.55128 2
20.83437 3.992232 -15.92578 11
20.00187 3.655532 -16.22508 1
20.57077 2.933632 -16.51648 1
20.29667 2.292332 -15.89808 1
20.49247 2.658132 -15.00788 2
19.60737 3.075032 -15.21698 2
18.68807 2.976832 -15.53028 1
18.72157 3.306132 -16.48078 14
17.69487 3.041032 -16.26028 3
17.37317 2.354732 -15.70308 1
17.37037 1.482632 -16.08458 1
16.84357 0.830232 -15.63238 1
15.87847 0.810432 -15.72948 7
15.60377 1.172432 -14.92728 1
15.65057 1.322132 -14.01118 2
15.78187 2.078832 -13.40268 1
16.18607 2.009032 -12.43588 14
15.97227 1.308332 -11.73408 2
16.49487 0.996132 -12.53418 14
16.90917 0.114672 -12.40448 2
17.48677 -0.718748 -12.47098 11
18.07307 -1.333198 -11.95698 5
18.48477 -0.493298 -11.75098 2
18.39807 -0.140568 -12.60898 5
17.84197 0.664732 -12.59328 14
17.86657 0.384502 -11.61298 5
17.49947 1.314532 -11.53718 14
17.61347 2.288332 -11.56618 14
16.99747 2.800132 -11.10908 2
16.77957 2.706032 -12.07958 14
16.56487 3.664332 -11.85948 14
15.93997 3.011332 -11.43418 2
15.22137 3.497132 -11.10648 8
14.76527 3.030732 -11.88178 2
14.02367 3.189732 -11.20218 15
13.98407 3.895332 -11.90938 15
13.28667 3.419432 -12.33358 1
12.65517 2.845232 -12.77638 9
11.91127 3.337132 -12.65068 8
11.46077 4.002732 -13.10678 8
11.33627 5.038732 -13.04278 2
11.57287 5.171832 -13.97458 2
12.03227 5.916932 -14.35988 6
11.90797 6.087532 -13.45158 15
12.31597 6.903632 -13.12428 1
12.73707 7.379332 -13.80538 2
11.71627 7.130832 -14.00808 2
11.07937 7.090032 -14.77848 3
10.24467 6.628132 -14.88238 14
9.82617 5.905632 -15.37118 6
10.16557 4.999432 -15.52008 8
9.97217 4.134732 -15.77078 12
9.23087 4.775432 -15.88658 9
8.63047 5.434032 -16.21638 8
8.33637 5.095832 -17.04488 2
7.45457 4.769832 -16.97238 12
6.81077 4.144332 -17.35228 2
6.41307 3.753432 -16.58438 2
7.01527 2.980432 -16.53068 8
6.21647 2.500932 -16.62458 1
5.85047 2.513332 -15.77228 14
5.13892 1.936732 -15.60418 11
5.52597 1.218432 -16.12668 2
4.61753 0.874532 -16.30658 1
4.90822 0.143112 -16.89818 1
4.61507 -0.274288 -16.03228 1
5.39457 -0.565698 -15.49018 2
6.25927 -0.992968 -15.26598 2
6.16787 -0.073608 -15.00138 5
6.92387 -0.281078 -15.56888 2
7.49437 -1.141798 -15.40798 6
8.41997 -1.213318 -15.30018 5
8.36107 -0.474728 -14.73268 1
9.33057 -0.447818 -14.42028 1
9.20667 -0.464148 -13.47988 2
9.82727 0.129502 -13.15598 5
10.34647 -0.706258 -13.08948 14
10.84857 0.145782 -13.19888 2
11.56407 0.600132 -13.69478 15
11.96107 1.033832 -12.93548 6
12.11907 0.608332 -12.03548 14
12.94507 0.648932 -12.56158 2
13.77347 1.022232 -13.02918 3
14.42267 1.570732 -13.53648 2
14.75957 2.323032 -12.97578 15
14.93667 3.235632 -13.20568 14
15.36987 4.107632 -12.93768 2
16.29227 4.134432 -12.75358 14
16.26557 3.551532 -13.55208 14
16.56737 2.895832 -14.15458 15
16.88927 2.607232 -13.25218 14
17.32257 2.123332 -14.00788 2
17.32237 1.318732 -14.59368 9
17.53067 0.866932 -13.72998 8
18.09667 1.551132 -13.34908 14
18.55177 0.646032 -13.64848 1
19.48657 0.674532 -13.89918 2
19.87477 0.126902 -14.63858 2
19.86997 -0.848668 -15.01088 9
19.56917 -0.979148 -15.89508 2
18.57917 -1.098398 -15.97438 1
18.55467 -2.043538 -16.06398 8
19.11987 -2.122058 -15.27748 5
19.70077 -2.946758 -15.12938 8
19.31307 -3.032188 -15.99848 14
19.91827 -2.274768 -16.00878 8
20.80827 -1.956398 -15.86038 14
21.68017 -1.639118 -16.05268 3
21.36117 -2.055288 -16.86518 2
21.12577 -1.243458 -17.27688 1
20.52727 -0.638688 -16.72058 1
19.93547 0.095782 -17.12148 1
20.26657 1.026432 -17.02178 1
20.01837 0.987332 -16.09018 3
20.90887 1.310032 -15.94368 4
20.88267 1.599332 -15.03888 2
20.66587 2.031632 -14.19448 2
20.99337 1.587732 -13.41418 2
21.23337 1.074732 -12.60768 2
20.89057 1.471432 -11.78048 7
20.21197 1.852532 -12.40018 2
19.39887 1.979432 -11.99368 14
19.47307 1.204032 -12.44898 1
18.84407 0.861132 -11.70938 14
18.81707 0.550632 -10.77008 2
18.17417 0.586132 -10.03118 2
18.36327 1.537432 -10.13998 12
17.71117 1.795432 -9.41418 8
18.13707 1.231732 -8.80478 6
18.84597 0.658532 -9.18078 3
19.75487 0.590632 -9.73738 10
20.33397 -0.070048 -10.14208 2
19.62227 -0.802588 -10.03588 1
19.76077 -1.681348 -9.66028 6
19.71887 -2.345698 -8.91118 8
20.59707 -2.669348 -9.12708 2
21.06497 -3.495388 -9.13958 7
21.95417 -3.847428 -8.94958 1
21.92837 -3.945048 -9.90598 3
22.33237 -4.744708 -9.47168 2
22.46637 -4.992338 -10.40258 8
22.27427 -5.005018 -11.38468 9
21.78147 -5.767018 -11.72808 2
22.08747 -5.168808 -12.47528 8
21.72697 -5.389928 -13.44758 14
21.49877 -4.492748 -13.54368 1
21.79927 -3.627398 -13.91658 14
22.06247 -2.659398 -13.76508 2
21.57167 -2.324228 -14.60508 1
21.02837 -2.811798 -13.96398 3
20.64177 -3.574778 -13.44238 1
20.07487 -2.870908 -13.21658 12
19.21397 -2.950888 -13.78618 11
18.92317 -2.055468 -13.30268 5
18.07097 -1.709128 -13.06858 5
18.03067 -0.841018 -13.43058 8
18.77037 -1.177298 -14.05628 3
18.21467 -0.899788 -14.78988 3
18.50927 0.020182 -15.05788 14
18.21117 0.950432 -15.36188 2
19.05587 0.936432 -14.94388 1
19.71147 1.625432 -14.61368 2
19.83337 1.652132 -13.70598 2
18.92477 1.920432 -13.95698 15
19.29347 2.308232 -13.13928 2
19.27087 3.288832 -13.32038 2
18.70127 4.148732 -13.45458 1
17.71197 4.240532 -13.46718 14
17.75547 4.984132 -14.03288 2
16.98267 5.001332 -14.60178 3
16.75547 5.777532 -14.04858 1
16.73627 6.716532 -13.75468 1
16.41707 6.789032 -12.75748 4
16.77667 5.978732 -12.49768 1
16.91987 5.081132 -12.71448 1
17.55777 4.493432 -12.18708 14
18.52007 4.342332 -12.26388 2
18.38677 3.420632 -12.67038 14
17.93657 2.606132 -12.67048 14
17.92217 2.975032 -13.55098 1
18.55637 2.952032 -14.24188 2
19.30417 3.665332 -14.46128 2
19.49727 4.361832 -15.08658 2
19.04557 5.154032 -14.80048 6
19.22277 5.800832 -14.03168 6
19.22397 6.283932 -13.18248 9
19.14487 5.455632 -12.68368 9
19.72887 4.873632 -13.26798 9
20.30547 4.619132 -14.05888 2
20.72137 4.845532 -13.17748 9
21.39817 5.214032 -13.83848 2
20.92967 6.083932 -13.69968 9
21.36307 6.225132 -14.51768 6
21.80787 6.774932 -13.87188 2
21.88807 5.960632 -13.26368 9
22.55797 5.781032 -13.97648 2
23.14077 6.290732 -13.52398 3
23.55877 6.093132 -12.67798 2
24.39247 5.631032 -12.97928 8
25.28757 5.123432 -13.03668 14
25.91627 4.622732 -13.57328 2
25.39057 3.864632 -14.02038 8
24.43187 3.720232 -14.04058 8
24.18897 3.383332 -14.92678 8
24.02627 3.654832 -15.89368 3
23.84287 2.674232 -15.65048 6
24.55657 2.459932 -15.06228 8
24.53417 1.495332 -15.47088 6
24.26727 0.829132 -14.79598 14
23.82247 1.513832 -14.21268 8
22.98257 1.178832 -14.04818 2
23.00627 0.595132 -13.28008 2
23.57877 -0.015038 -13.75258 14
23.61287 -0.207138 -12.80208 10
23.24917 -1.138448 -12.56928 3
22.70327 -0.581448 -13.29198 2
22.05277 -0.830858 -12.61188 2
21.48397 -1.360088 -12.01298 3
22.03317 -0.640838 -11.67998 3
22.44087 0.251112 -11.62628 2
22.96687 -0.242978 -10.95768 12
23.77387 0.077362 -10.56368 1
24.22237 -0.256758 -11.39008 2
25.13627 -4.8e-05 -11.49028 2
26.06187 0.040862 -11.22858 12
26.97867 -0.249918 -11.26188 3
27.96797 -0.215888 -11.52978 1
28.17907 0.782232 -11.73018 14
28.51517 1.470832 -12.34738 1
27.96787 1.925532 -13.05088 3
27.32637 2.323532 -13.67598 1
26.36267 2.440332 -13.44428 1
25.91407 2.997432 -14.12138 8
25.30607 2.300632 -14.38118 8
25.89217 1.530532 -14.46438 1
26.56967 1.235432 -15.08758 2
25.88717 1.757432 -15.54348 2
25.30827 1.503032 -16.24928 9
25.07287 0.955732 -17.05778 9
25.99647 0.920732 -16.95728 8
26.39667 1.847932 -16.72028 2
26.02617 2.744632 -16.50108 3
25.34857 3.374832 -16.16268 7
25.61547 4.161132 -15.63898 8
24.85967 4.453532 -16.20488 2
24.64067 4.408732 -17.17548 2
23.64967 4.581332 -17.09118 1
23.66277 3.893432 -17.75768 3
23.14997 3.132332 -17.44438 1
22.49077 3.316532 -16.80608 1
21.90017 2.517332 -16.72958 14
22.82257 2.411532 -16.37068 6
22.66557 1.565032 -16.03138 6
21.90917 1.536832 -15.43498 2
22.53937 1.881632 -14.86148 2
23.44337 1.821632 -15.16038 6
23.32807 2.657132 -14.75158 8
22.42867 3.091132 -14.92218 2
22.65537 3.961432 -15.24918 14
22.23567 4.230832 -14.42788 2
22.80847 4.670932 -13.84048 8
22.79097 4.967132 -12.84768 14
23.21027 4.409932 -12.17068 2
23.16457 4.026232 -13.06568 8
22.19067 4.164132 -13.17758 2
21.65937 4.580732 -12.55648 14
21.07327 5.349732 -12.39228 9
20.61167 5.932432 -11.76728 9
20.68867 6.184432 -10.86038 3
21.37827 5.780032 -10.43688 3
21.29417 5.373532 -11.30258 12
21.97367 4.766532 -11.38618 1
21.44567 4.088032 -10.94188 1
22.19257 3.489032 -10.83208 1
21.73647 2.729432 -11.04048 3
22.14957 2.424932 -11.86408 2
21.96237 1.419732 -12.10778 2
22.80807 1.206432 -12.42758 2
23.46887 1.244932 -11.73848 10
23.89807 1.703732 -11.03738 3
24.82357 2.074432 -11.25798 2
24.74147 2.387732 -10.34368 9
23.91397 2.623532 -9.88368 1
24.45557 2.634332 -9.03198 1
24.28667 3.459932 -8.57178 2
24.22787 4.125132 -7.89728 9
24.29817 4.763232 -8.61258 6
24.55647 5.745932 -8.57148 12
24.18067 5.579132 -7.61568 2
23.20357 5.731832 -7.70398 8
22.41887 6.179732 -7.53758 2
21.49497 6.402832 -7.10298 3
21.71677 6.826732 -6.20298 6
22.24947 6.853532 -5.43218 6
23.06057 7.321132 -4.96398 6
23.26787 7.848032 -5.73258 8
23.34447 7.045632 -6.32438 2
24.18137 6.454432 -6.43508 14
24.11917 5.476032 -6.28098 8
24.02467 4.620532 -5.92748 3
24.81657 4.322932 -6.39248 2
24.43607 3.432232 -6.32788 1
23.67827 2.815032 -6.23818 8
23.28597 2.540432 -5.37988 2
22.33137 2.500732 -5.62128 2
22.09417 3.373232 -6.02678 14
21.65837 2.800132 -6.67618 2
22.48707 2.298832 -6.68448 1
22.14517 2.360432 -7.54568 2
21.52727 2.946432 -7.90688 14
21.58797 3.786832 -8.47888 1
21.86857 3.915432 -9.39248 1
22.19547 4.614132 -8.86288 12
22.29757 5.447432 -9.22268 4
21.39677 6.021832 -9.20298 3
20.99837 5.152332 -9.16218 3
20.95337 4.691832 -10.06698 6
20.00927 4.991432 -10.15508 3
20.05317 4.599432 -11.05368 9
19.64277 5.424632 -11.24688 9
18.83517 4.834432 -11.37448 1
18.58227 3.910032 -11.28898 14
19.19997 4.224932 -10.56638 6
19.66387 3.577932 -11.08518 2
20.23687 3.783832 -11.80228 9
20.49517 2.989332 -12.25488 2
19.55607 3.317632 -12.38638 14
20.04757 3.995132 -12.86718 9
20.30467 3.607032 -13.69768 2
20.97087 3.051432 -14.03438 2
21.15827 3.227132 -13.10678 2
21.92357 3.356932 -12.45648 3
22.22527 2.580432 -12.97498 2
21.53897 2.348232 -13.60978 2
22.36907 2.213332 -13.92188 2
23.19437 2.603632 -13.65598 8
23.44387 1.736932 -13.23918 1
24.19107 2.350632 -12.94758 8
23.46607 2.466032 -12.28008 2
24.05217 3.229732 -12.30388 3
24.01287 3.415932 -13.26598 8
24.81017 3.982932 -13.12608 8
24.60437 4.599932 -12.42448 10
24.16997 4.503432 -11.49058 2
23.48827 4.945732 -10.90518 3
23.17837 5.571032 -11.67788 1
23.65277 6.027732 -10.89848 3
23.41707 6.739632 -11.51768 8
23.72977 7.003332 -10.63038 14
22.83537 7.203432 -10.32078 7
22.01967 7.503932 -9.90428 3
21.72927 7.019032 -9.11778 3
22.50327 7.089832 -8.59788 2
23.40857 6.868332 -8.22808 2
23.17567 7.762332 -8.09978 14
22.95937 7.360832 -7.24908 4
22.02857 7.320232 -7.51548 3
22.32767 8.212232 -7.30008 2
22.65257 8.443932 -6.44098 14
22.10507 8.051632 -5.76588 6
21.40837 8.484732 -5.23618 6
21.30937 9.380632 -5.65158 5
20.66937 8.835432 -6.15998 2
20.45067 8.026032 -6.60358 3
20.39017 7.745532 -5.73048 6
19.67247 7.339532 -5.23938 2
19.56627 7.426432 -6.23298 1
19.74487 7.125432 -7.10278 3
18.80057 6.892432 -7.09808 3
18.55227 7.579132 -6.57418 1
17.62547 7.434232 -6.80948 7
17.31947 6.866832 -6.00038 5
16.97997 6.516432 -6.87798 3
16.11027 6.187532 -6.99938 10
15.40297 5.585632 -7.12278 2
15.92307 4.773932 -7.47788 13
15.73607 3.945832 -8.05958 1
16.36097 3.924332 -8.76028 9
16.34877 4.884632 -8.91178 8
17.33797 4.841732 -9.16728 1
18.26577 5.183632 -9.34278 14
19.14367 4.954532 -9.64288 9
19.99627 5.121932 -9.19948 3
19.42317 5.289332 -8.40208 3
18.51807 5.683032 -8.20418 1
18.14727 5.599132 -7.32258 1
19.08747 5.395232 -7.40388 3
18.54787 4.630332 -7.14368 3
17.64097 4.403432 -7.13058 9
17.00467 3.964532 -6.42948 8
16.66557 4.829632 -6.75388 10
15.97957 4.769732 -6.08348 1
15.71697 4.634032 -5.17998 3
15.12347 4.523732 -4.33778 14
15.71827 5.136732 -3.89688 10
16.59507 5.323532 -3.72348 4
17.52477 5.554832 -3.62938 3
17.97317 4.729932 -3.40718 13
17.91057 5.351432 -2.69408 3
17.87837 4.539632 -2.20248 2
18.73807 4.856832 -2.12788 12
18.70407 4.155232 -1.49838 3
19.42387 4.798532 -1.08758 5
19.90777 4.490432 -0.24538 2
20.57927 5.083232 0.11612 9
21.42477 4.721232 -0.28518 9
22.30727 4.330832 -0.22308 3
22.33097 4.072832 -1.18588 1
23.20947 4.443632 -1.42928 1
24.02477 4.040732 -1.12528 3
23.29027 3.991632 -0.46728 10
23.09867 3.101732 -0.23898 7
23.47607 2.717532 -1.06458 1
23.92457 1.909232 -0.71288 3
23.53807 2.222532 0.13402 10
23.80967 2.866932 0.80392 6
24.51607 2.492232 1.29222 3
24.61987 3.242032 1.95632 1
24.07707 3.876332 1.47342 2
24.49027 3.563432 0.64772 2
25.37897 3.258132 0.28342 8
25.47067 3.956032 -0.38528 9
25.83097 4.711932 -0.82818 3
25.23947 4.614132 -1.53828 3
25.52627 5.518132 -1.65778 13
25.53087 6.540432 -1.47198 9
25.02797 7.327832 -1.56168 3
24.61877 7.815232 -2.33128 8
23.67597 7.842432 -2.47618 9
22.91687 7.645232 -3.09358 4
22.94617 7.416032 -3.99918 6
23.16287 6.625932 -3.52008 6
23.32087 5.708232 -3.20558 3
22.97787 5.235732 -4.02508 12
22.27827 5.372832 -4.76908 6
21.52137 4.943932 -5.23568 6
20.87717 4.201132 -5.09928 10
20.52427 4.591932 -5.95948 3
20.91497 3.883332 -6.57588 9
20.57127 4.521732 -7.14638 3
20.36017 3.688132 -7.73898 3
20.54387 3.570432 -8.67928 5
19.68077 3.964332 -8.78598 3
19.70007 3.041632 -9.10618 9
20.39817 3.033832 -9.91968 5
20.01067 2.283132 -10.42248 5
19.16977 2.703532 -10.77928 14
18.17387 2.827032 -10.87798 14
17.64117 3.156532 -10.11608 8
18.14877 3.324632 -9.26438 10
17.53137 2.934632 -8.51798 5
17.33797 3.345432 -7.75428 1
17.69267 3.253632 -6.85348 1
18.52177 3.344032 -7.42878 9
18.98347 3.861832 -6.74548 3
19.91307 3.733032 -6.85988 3
19.73357 2.783132 -6.94018 9
19.34127 1.936532 -7.03878 1
18.76367 1.379432 -7.54658 1
17.87187 1.683632 -7.33618 1
17.95227 2.169232 -6.49778 1
18.56567 2.933532 -6.39718 4
18.55507 3.566232 -5.67958 1
18.96677 4.450632 -5.75138 3
19.59537 4.735732 -5.11798 4
19.87297 5.464432 -5.76858 3
20.39187 5.817932 -5.01748 6
20.48897 6.602932 -5.59148 6
20.56417 6.647832 -6.51678 3
20.51317 6.247332 -7.38758 3
20.10237 5.406832 -7.52108 3
21.07317 5.410532 -7.72558 3
21.81427 4.774832 -7.61548 13
22.61167 5.044132 -7.10698 10
21.76277 5.195832 -6.61038 3
22.28287 5.669932 -5.92728 6
23.07917 6.014632 -6.25178 11
23.32137 6.511532 -5.50128 3
23.80537 5.893932 -4.90098 6
24.56997 6.447232 -5.15268 13
24.67017 7.407432 -5.12518 15
24.39677 8.173132 -5.71598 8
25.22897 8.474932 -5.34518 1
24.87757 9.312732 -5.80208 3
25.08667 10.025232 -6.52088 9
25.68707 9.784232 -7.30488 5
25.84687 8.900932 -6.85498 4
25.73137 7.970532 -6.83848 3
26.47207 7.602432 -7.34878 5
27.25947 8.006032 -6.92928 8
27.83897 7.343132 -7.34898 3
27.84157 7.723432 -8.20198 9
28.70917 8.193632 -8.45158 3
28.15157 8.333032 -9.26758 12
27.76387 8.698432 -10.19838 9
27.52907 9.581832 -10.55528 4
26.62707 9.272032 -10.51788 10
25.95537 9.396332 -11.28958 3
25.08847 8.935632 -11.52958 3
24.31927 8.605432 -11.99878 5
23.89387 8.983132 -12.82828 6
23.14007 8.939232 -13.46178 1
22.59357 9.575832 -13.85358 2
22.11377 9.274132 -14.64638 5
21.32707 9.811032 -14.86908 3
20.42507 10.157832 -14.68678 1
20.50357 10.007632 -13.74848 5
20.40447 9.823032 -12.85168 1
20.91717 9.035432 -12.59558 3
20.56847 8.654532 -13.39298 6
21.11907 8.061932 -13.83478 1
20.73627 7.198032 -13.66668 3
21.50707 7.343932 -13.04988 9
21.51017 8.027532 -12.29658 3
21.38097 7.096632 -11.78708 9
21.87197 7.066132 -10.99358 3
21.74717 7.989432 -10.94928 13
20.89367 7.725632 -10.65018 3
20.14197 7.940232 -11.17198 13
20.33997 7.169232 -11.89388 9
19.78697 7.820632 -12.43708 14
19.99977 6.956432 -12.83158 9
19.63317 7.269232 -13.66568 3
19.45177 8.171832 -13.48018 3
19.01877 8.593732 -14.20478 10
19.11557 9.199932 -13.31318 9
18.70687 9.602532 -14.06538 8
18.13307 10.411432 -14.03978 6
17.84937 11.296532 -14.24858 3
16.88497 11.473032 -14.01918 1
17.28147 11.650932 -13.17738 1
17.57637 12.217232 -12.48698 3
17.14537 13.079032 -12.23548 1
16.77257 12.481032 -11.60888 1
16.41937 11.781632 -12.19598 9
16.26177 11.034732 -11.61488 3
17.19027 10.782332 -11.66878 1
17.65987 10.193032 -11.05668 6
17.61037 10.908332 -10.33068 4
16.76807 10.610332 -9.91378 9
17.43787 10.928432 -9.25018 4
18.11457 11.415032 -8.81548 3
18.77847 10.693932 -8.96458 9
18.20607 9.927832 -9.05498 5
17.88807 9.283732 -9.69658 3
18.16587 8.361732 -9.80878 6
18.69577 8.673332 -9.09198 11
19.43527 8.364432 -8.48988 3
19.47017 9.341732 -8.39958 10
19.63807 8.986032 -7.55818 3
19.15937 9.501432 -6.88658 5
19.64127 10.357632 -6.97808 3
20.31937 9.909932 -6.53668 5
20.87797 9.855632 -7.29268 8
21.62537 9.931832 -6.68188 5
21.45587 9.016632 -6.96308 1
21.20987 8.332432 -7.57688 3
21.75537 8.306132 -8.50278 1
21.07217 7.597532 -8.36568 3
20.35767 6.966132 -8.22708 3
20.71087 6.843432 -9.11448 3
19.78747 6.668132 -8.98728 3
18.76227 6.667532 -9.20228 14
18.62557 7.513332 -8.79668 10
19.23717 7.426832 -8.04108 3
18.47977 7.915932 -7.79028 1
17.99097 8.319732 -7.13268 4
17.21857 8.400632 -7.68008 15
16.49227 8.127632 -8.23628 8
16.71667 8.285032 -9.11768 12
16.95487 7.364832 -9.26438 9
17.12107 7.040232 -10.10908 6
16.61617 6.284332 -10.51218 9
16.33377 6.936232 -11.12088 13
17.36067 6.968032 -11.09998 6
17.76997 6.185232 -10.79498 5
18.50187 6.706232 -10.51068 6
19.35157 6.351832 -10.26618 3
19.83297 6.817132 -10.97558 9
20.15707 7.112932 -10.06018 3
19.66967 7.940132 -9.98878 3
19.04607 7.993132 -10.70378 6
18.50867 8.649232 -11.14788 6
18.10717 9.301832 -11.83388 9
18.52357 9.993832 -12.47138 4
18.51277 10.753232 -11.93968 3
19.35277 10.235932 -11.52748 1
19.45617 11.153832 -11.87138 3
19.82167 11.023832 -10.95028 9
20.00717 10.238732 -10.55698 1
19.92597 9.428532 -9.96998 10
20.37967 8.673832 -9.59728 3
20.66227 8.628232 -8.61708 3
20.95137 9.488332 -9.12648 13
21.57847 9.195932 -9.89498 1
21.92117 9.191132 -8.97628 9
21.85917 9.833832 -8.30648 3
22.17337 10.694332 -8.49108 1
21.38867 10.860832 -7.91338 5
22.15487 11.115532 -7.26678 1
21.87807 11.158132 -6.24318 5
22.63887 11.127332 -5.61138 3
23.29427 11.917832 -5.80438 15
23.89657 11.727632 -5.06448 8
24.71777 11.563432 -4.60218 4
25.14517 10.670832 -4.50328 3
25.70647 9.867532 -4.50848 6
26.18917 10.299432 -3.80098 8
26.36167 9.741532 -2.95478 9
25.87367 9.087532 -2.49318 3
26.20097 9.232732 -1.59218 3
27.07017 9.194232 -1.30198 8
27.42687 8.318232 -1.42598 5
28.03817 7.580132 -0.97888 4
28.11407 6.766532 -0.44848 6
27.76097 6.006832 0.19082 3
27.59957 6.417332 1.11032 13
27.38287 5.481732 1.18852 3
26.54767 5.367232 1.52712 14
26.09527 6.227832 1.82492 5
25.32077 5.783332 2.22592 13
24.70927 5.152632 2.53682 3
23.89057 5.231832 1.99062 3
23.27547 5.068332 1.34792 9
22.92767 4.518132 2.09492 1
22.13997 4.193032 2.46352 4
21.79917 5.070432 2.71742 9
20.84137 4.994932 2.66512 3
21.14967 5.411832 1.80632 9
21.67877 6.009432 1.22282 9
21.19557 6.640932 0.79522 9
21.32357 7.167032 -0.03338 3
21.61777 7.657132 -0.80248 3
22.04707 8.298132 -1.36848 10
21.28837 8.705832 -0.92178 3
20.91227 7.986032 -1.52518 3
20.38677 8.729532 -2.02678 1
20.97547 8.312432 -2.70098 1
21.27397 7.496732 -2.89428 6
21.65327 6.741332 -2.45888 6
22.53837 7.066932 -2.18568 15
22.46317 6.223632 -1.80358 3
22.44317 6.192132 -2.75198 10
22.12417 5.982932 -3.70478 6
21.46977 5.520332 -3.26088 6
21.33297 4.529932 -3.04188 1
20.55037 4.007332 -3.36738 9
19.88257 4.750832 -3.57438 5
20.54477 4.720932 -4.25048 13
20.38497 5.702232 -3.77848 6
19.86427 6.142532 -3.09588 3
19.14887 6.866432 -3.08278 8
19.96077 7.271432 -2.67768 10
19.62797 6.737832 -2.01448 5
20.50507 6.308632 -2.28018 6
21.06577 6.800432 -1.62388 11
20.57117 6.863532 -0.75778 3
20.54867 6.260232 0.05712 9
20.17167 7.144932 0.19362 3
19.53617 6.480332 -0.19628 5
19.69047 7.375232 -0.64788 3
19.80507 7.633232 -1.58058 4
19.64747 8.355332 -0.97548 3
19.02147 8.835932 -0.39168 3
18.20827 8.525032 0.15352 1
18.95777 8.536132 0.83052 3
19.03407 7.567332 0.63162 3
18.27107 6.968932 0.89492 8
18.23177 6.078032 1.28132 1
18.53967 5.187832 1.44302 1
18.74747 4.322332 1.49232 3
19.60147 4.483432 1.77082 1
20.32217 4.728832 1.08972 9
20.30907 3.782432 0.83642 4
20.67937 3.881732 1.79012 1
21.54307 4.305232 1.63172 9
22.06247 3.522232 1.62512 6
22.30227 2.659532 1.20432 3
22.77927 3.396532 0.76372 5
21.84407 3.626332 0.48252 3
22.41957 4.433132 0.77382 9
22.43457 5.339532 0.64262 9
22.81277 5.901632 -0.01928 6
22.20737 6.539832 0.49502 9
22.41497 7.500432 0.46442 3
23.00497 7.372532 1.25322 9
23.69477 6.972332 0.66342 10
23.66057 7.002332 -0.30978 3
23.15687 7.479832 -1.04208 5
22.55747 7.932232 -0.48778 3
22.69807 8.541732 0.22792 15
22.15587 9.208832 -0.28488 3
21.81677 9.257332 0.57642 3
21.90817 10.318132 0.37992 3
21.68507 11.150432 0.69132 6
21.76077 11.635332 -0.16428 10
22.10687 12.370032 0.26382 13
22.03527 13.243932 0.57832 5
21.11237 13.612332 0.66182 1
20.99867 14.037132 1.55562 6
21.54907 14.164832 2.37522 3
20.69147 14.023932 2.72182 13
21.35707 13.545732 3.29432 3
21.84257 13.120032 2.59162 1
21.34717 13.028132 1.76432 6
20.60267 12.856832 2.32242 5
21.21837 12.092332 2.31542 4
20.79117 11.868232 3.16832 8
20.43517 12.771632 3.35052 13
19.81617 13.062532 3.99862 3
19.79987 12.533732 4.76882 4
20.25597 11.728432 4.87612 3
20.26867 11.262532 5.71752 14
19.52957 10.639532 5.52712 6
19.46017 9.410832 5.92222 3
20.25917 8.938032 6.28312 9
20.11097 8.003532 6.14922 3
19.99987 6.999332 6.15172 3
19.90947 6.066932 5.99452 12
19.72227 5.983032 5.07682 11
19.43187 5.326032 4.40122 1
20.28867 5.294632 4.07532 6
21.16627 5.779432 4.08862 9
22.01677 5.836632 3.61442 6
22.67147 6.486032 3.87552 1
23.57317 6.134132 3.86162 3
23.53127 5.727332 3.01782 10
22.83417 5.701132 2.30062 6
22.01567 6.229032 2.15692 9
21.60877 7.028132 2.57672 9
21.27477 7.733432 3.26832 1
21.93367 8.043932 2.69692 4
21.69887 8.905832 2.36982 3
21.83067 9.620832 1.75432 3
22.60197 9.913532 2.16212 1
22.90107 9.635132 1.26542 10
22.53417 8.683632 1.31602 1
21.68327 8.087932 1.30072 3
20.96397 7.591832 1.61902 9
20.79117 7.927532 0.68162 3
20.76237 8.813632 0.30162 3
20.24387 9.011532 -0.56158 3
20.09457 9.556132 -1.30878 5
19.45247 9.592132 -2.05618 8
19.85457 9.589932 -2.96748 15
19.12967 9.780132 -3.65738 1
18.59477 9.322032 -4.38378 13
19.49417 9.461732 -4.76698 5
19.67987 8.955832 -5.50598 5
19.62007 8.382932 -4.74388 8
18.89567 8.238232 -4.00198 3
18.47597 7.457632 -3.75178 9
17.59417 7.825232 -3.61658 3
16.81507 7.999632 -4.25088 9
16.78067 8.958732 -4.33468 13
16.68387 9.499932 -5.10928 13
16.53797 8.795332 -5.79938 3
16.17637 8.243132 -5.10668 9
15.19077 8.170232 -5.14118 13
15.31237 7.360332 -4.60698 3
16.01637 7.057632 -5.21138 10
16.08347 6.103732 -5.03008 6
16.95317 5.755232 -5.31438 3
17.31407 5.008732 -4.83418 11
18.16877 5.368732 -5.39858 9
18.80207 5.551732 -6.13738 3
18.80057 6.517432 -5.97748 3
19.01617 6.420432 -4.97788 5
19.81677 6.628832 -4.50348 8
20.75297 6.620632 -4.59418 6
21.68727 6.693532 -4.42248 6
21.20437 7.433332 -4.14078 6
21.08517 8.357832 -4.21238 3
20.37627 9.091432 -4.18698 4
20.32447 10.062632 -4.26588 5
21.18557 10.009732 -4.78848 5
22.02347 9.740232 -4.39648 15
22.09527 8.856432 -4.50558 6
22.84787 8.529732 -3.91228 3
22.00237 8.203632 -3.63308 6
22.04597 9.044932 -3.15428 1
22.47907 9.345132 -2.39298 1
22.56227 10.290832 -2.27368 4
22.31927 11.046832 -1.67018 1
22.38287 10.374032 -1.01088 1
21.56357 9.821432 -1.21638 3
20.72767 10.282232 -0.97978 1
20.11237 10.084932 -0.25258 3
20.03747 10.384032 0.67012 1
20.73247 9.765632 0.72152 3
21.03987 10.469632 1.21032 1
20.78107 9.975932 2.00842 3
20.87667 9.564632 2.92172 10
20.03697 9.393232 2.50362 10
20.20347 8.491632 2.30062 3
20.21357 7.563232 2.47302 4
20.32847 6.692332 2.79492 9
19.55037 6.110332 2.78822 11
20.21787 5.776232 2.20072 9
19.30637 5.663132 1.82392 5
18.98257 6.573832 2.05432 4
19.77957 6.618732 1.47662 9
19.66257 7.604432 1.46202 6
19.94287 8.501032 1.22662 3
20.00147 9.420132 1.41952 3
19.23197 9.938332 1.33242 5
18.60957 9.568932 0.65222 3
17.87517 9.661232 0.10192 14
17.50297 9.807932 -0.81738 12
17.68517 9.803032 -1.77268 10
16.99367 9.948732 -2.41818 6
16.86847 9.590832 -3.35408 13
17.01597 10.468732 -3.67148 13
16.42527 11.196732 -3.39508 10
16.86377 11.009132 -2.57118 4
16.69267 11.996832 -2.49308 10
17.29367 12.089132 -1.73948 3
17.49707 12.653732 -2.51098 10
18.25287 12.823132 -1.95338 6
18.79107 12.392432 -1.28718 4
19.21797 12.008232 -0.52328 13
18.59187 11.413532 -0.12288 10
17.92637 10.919132 0.35742 1
18.48957 10.911732 1.12352 8
17.69297 10.998132 1.69642 9
17.43987 10.135432 1.58012 1
16.55597 10.151732 1.35002 5
15.77197 10.107332 0.78342 4
15.28017 10.859732 0.36162 4
15.51337 10.409032 -0.54588 13
14.77157 10.937732 -0.95508 1
14.41857 11.775132 -0.32888 6
14.71177 12.258632 0.50832 3
14.88317 12.219332 1.44782 4
15.82157 12.522132 1.45472 10
15.85717 13.488532 1.49272 13
16.78517 13.287732 1.63372 3
17.51877 13.282532 1.03242 5
17.72727 14.215832 0.70122 4
17.08407 13.716632 0.19132 13
16.20177 14.187032 0.26442 10
16.09827 13.761732 -0.60348 6
15.80857 12.966732 -1.15508 9
15.68167 12.537932 -2.01328 10
15.12687 12.059532 -1.37698 8
14.88847 11.564232 -2.17748 11
14.17977 11.509032 -1.52648 11
13.74797 11.998832 -2.34278 3
13.12967 11.663632 -3.00258 4
13.45637 11.253932 -3.81928 4
14.25087 11.765032 -4.17038 10
14.87927 11.441032 -3.48478 10
15.23457 10.586032 -3.05878 11
14.35497 10.502032 -2.71588 4
14.25997 10.481432 -3.64418 4
14.58547 9.942332 -4.41448 5
15.19217 9.488332 -3.89788 13
15.90537 8.920832 -3.68948 13
15.22367 8.235032 -3.73368 13
15.48297 7.383532 -3.37068 5
15.80837 6.573532 -3.00568 3
16.09437 5.946132 -2.34048 1
15.47007 6.223532 -1.72248 6
14.71957 6.714932 -1.33778 10
14.33537 5.850332 -1.30038 4
13.72827 5.970232 -0.60108 1
12.85977 6.122632 -1.07868 1
12.19277 6.286632 -1.75648 10
12.60517 7.044532 -2.12258 6
11.84797 7.446332 -1.65668 10
12.62677 7.806832 -1.21938 4
12.91537 8.328832 -0.43908 9
12.76187 9.191532 0.02172 13
12.46417 9.975332 -0.40588 12
12.67167 10.882532 -0.62978 8
12.23167 11.666532 -1.13528 9
13.21667 11.539532 -1.29528 1
13.45397 10.793732 -1.89938 4
13.74527 9.957032 -1.37138 1
13.55797 9.678932 -2.33658 15
13.65877 9.268532 -3.26068 10
13.63357 9.223032 -4.29918 3
13.22117 10.049432 -3.97778 4
12.57747 9.801732 -3.38718 4
12.36577 8.848432 -3.32948 6
11.62537 8.384132 -2.87298 15
11.05277 9.103832 -2.48348 13
11.76857 9.824532 -2.50958 1
12.29587 10.598832 -2.55518 4
11.61537 11.251832 -2.39288 11
12.07467 11.786132 -3.06388 4
12.05917 12.627732 -3.46788 2
12.11777 12.791832 -4.41188 4
12.80497 13.151332 -5.03398 5
13.70377 13.040532 -4.73578 3
14.63047 13.044932 -4.65708 10
15.20717 13.630932 -4.17488 10
14.44277 14.076532 -4.64368 3
13.76357 14.772632 -4.58658 13
13.82517 15.632132 -4.09238 13
13.54697 16.489732 -3.83768 1
13.06687 16.421732 -3.01618 1
12.91057 15.562032 -2.65688 1
13.09157 15.112532 -1.78228 1
13.61297 15.749032 -1.22348 6
14.58357 15.654432 -0.92378 4
14.99567 15.511232 -1.84538 9
15.53467 14.736332 -1.59648 6
14.77237 14.427532 -2.16018 1
14.33167 13.584132 -1.94688 3
13.79687 13.099532 -2.56538 4
14.52757 13.225332 -3.17178 1
15.45897 13.171732 -2.98388 10
16.09687 12.931632 -3.68088 10
15.97957 12.061032 -4.08018 10
15.97997 11.073432 -4.33748 13
15.01727 10.914932 -4.49068 4
15.20987 11.871732 -4.66538 10
14.75257 11.726332 -5.48788 4
15.66247 11.527432 -5.76428 8
16.34397 12.092332 -5.36968 10
16.83697 11.166832 -5.47388 8
17.03977 10.676132 -4.65468 13
17.26917 11.682932 -4.59028 10
17.96487 11.321632 -5.14548 3
17.92187 10.782132 -5.91048 11
18.83077 10.902432 -5.63308 5
19.36727 10.514432 -4.92338 5
18.49167 10.559132 -4.58898 13
19.05877 11.035632 -3.96298 1
19.87917 11.402532 -4.24978 5
20.35387 11.795432 -3.49038 4
20.20647 12.297132 -2.64398 1
19.98667 12.526332 -1.68298 3
19.97847 13.423032 -1.28708 11
19.59847 14.263032 -1.53948 6
19.76337 14.977432 -0.93918 10
19.62457 14.956432 -0.00728 9
18.96687 15.210932 0.64242 4
18.69157 15.741032 1.33932 11
17.77607 16.080432 1.66692 6
17.26317 15.919232 2.51182 4
16.69947 16.361232 1.96322 13
15.79957 16.566732 1.88582 15
15.30867 15.973332 2.41112 4
15.74037 15.480132 1.66602 3
16.26737 14.765832 1.21242 13
16.19367 15.619932 0.68752 4
15.27927 15.551532 0.74652 10
14.54657 15.588932 1.39512 4
13.74047 15.847232 1.08652 10
13.15557 16.543432 1.46122 8
12.39517 17.156432 1.38952 13
12.48547 17.179132 0.46802 9
12.38937 17.146932 -0.59068 6
12.40217 18.008732 -0.20898 12
11.95977 18.522932 0.38012 5
11.07077 18.791932 0.62782 10
10.82437 18.825732 -0.26218 1
10.23297 18.318032 -0.81858 13
9.58217 19.113032 -0.85638 15
9.27537 18.374732 -0.23798 1
8.84487 18.371032 0.65262 3
9.32337 17.488632 0.50452 4
9.86697 16.750032 0.61892 1
9.92847 15.756732 0.59042 10
10.70907 16.126732 1.09792 1
10.89707 16.936332 0.57662 3
10.39747 16.872832 -0.23378 4
10.70827 16.763732 -1.17428 1
9.93887 16.843532 -1.75718 4
10.35507 16.094232 -1.96348 1
10.34977 15.195832 -1.39308 4
9.42117 15.479832 -1.49908 10
9.58397 14.647532 -2.23628 1
8.64687 15.016632 -2.31328 4
8.36427 15.759432 -2.92288 6
8.82077 15.561432 -3.77418 10
8.93357 15.827932 -4.69498 13
9.19187 15.717932 -5.64188 6
9.22257 15.016332 -6.37958 13
9.26597 14.923132 -7.30528 10
9.94087 14.474132 -7.86808 5
10.78147 14.561732 -7.36178 1
10.89827 15.384532 -7.81718 10
11.71097 15.502632 -8.20538 11
12.23477 15.073632 -7.50188 11
13.10227 14.781832 -7.99068 4
14.08687 14.767432 -7.81138 9
13.94107 13.789832 -7.52958 3
13.21057 13.416332 -6.98908 13
12.47567 13.080032 -6.45488 8
12.80657 12.372832 -5.86998 10
12.45407 11.926232 -5.12778 6
13.32767 11.686032 -4.83698 4
12.77117 10.881532 -4.76078 4
12.69187 11.072732 -5.71168 3
11.88477 11.139932 -6.23948 13
11.76017 10.667432 -5.36048 10
11.70717 10.959432 -4.40448 4
10.84157 10.944032 -3.90028 6
11.48397 10.339732 -3.56618 4
11.35207 9.517932 -4.04888 8
11.26207 8.629032 -4.49688 10
10.38247 8.490232 -4.86678 12
11.08087 7.823732 -5.17488 1
11.91747 7.476332 -4.77278 10
12.48597 7.688632 -5.47198 9
12.81577 8.501032 -5.15258 1
12.22527 9.290332 -5.35368 4
12.72497 9.800032 -6.02988 1
13.25077 9.909932 -5.17278 4
14.13437 9.606032 -5.27688 5
14.75307 10.428732 -5.45038 4
15.50647 10.114132 -5.04068 13
15.78277 9.596032 -5.73428 13
15.15817 9.171132 -6.33638 1
15.69367 9.908132 -6.82048 3
14.89897 10.030832 -7.39168 10
14.77147 10.781832 -6.74268 13
14.24727 11.440932 -7.27158 6
14.28107 12.370532 -7.42788 4
15.05207 12.944132 -7.30268 13
15.94707 12.784632 -7.10298 15
15.86297 13.358632 -6.32968 3
16.55447 13.136132 -5.62348 10
15.89477 13.891232 -5.34318 11
16.37497 13.817332 -4.57348 10
16.89877 14.501232 -5.04818 10
17.30117 14.415332 -6.02608 9
17.64247 15.161032 -6.55408 4
17.43397 16.064632 -6.21338 10
17.30377 16.924432 -5.85138 9
16.81617 17.695832 -5.95828 6
17.75537 17.843632 -6.10428 4
17.72087 17.879432 -5.16668 5
18.07517 18.101532 -4.28198 8
17.15657 18.156232 -4.06768 3
16.21897 17.827732 -4.02628 4
15.76537 17.097232 -3.45268 13
15.25547 16.671632 -4.25198 5
14.89737 15.727832 -4.28588 4
15.43207 15.286632 -4.97178 13
15.87277 14.832932 -4.28408 10
16.19947 15.296632 -3.46518 10
16.04567 16.200632 -3.05818 1
15.37787 16.589632 -2.48618 9
15.59117 17.149332 -1.72528 7
16.25577 16.430532 -1.56128 4
16.73747 15.666832 -1.85708 5
17.14677 15.075132 -2.52588 6
16.70647 14.235132 -2.72018 10
15.85827 13.986132 -2.33908 10
16.49897 13.890432 -1.67948 1
16.72197 12.988832 -1.54398 10
17.40057 13.584732 -1.13488 4
17.74097 14.164832 -1.89808 12
18.58697 14.682932 -1.65558 6
18.38487 15.302532 -0.88268 4
18.88427 16.121732 -0.91528 1
18.80067 16.872732 -0.32308 1
19.76237 16.751032 -0.55608 1
20.54937 16.547432 -0.00518 1
20.93077 16.063232 0.78522 4
21.72907 16.197332 0.28502 3
22.39317 16.653332 -0.29678 11
22.05067 16.152632 -1.05698 3
22.86857 16.558832 -1.34598 4
23.10647 16.760832 -2.22958 10
22.32147 16.452132 -2.82388 13
22.74547 16.042032 -3.58668 11
22.59857 15.727432 -4.47438 10
22.68957 15.775432 -5.40828 13
22.05257 15.192732 -5.89358 13
21.18557 14.838432 -5.64738 4
21.62247 15.438032 -5.01518 13
20.97037 15.460732 -4.24718 4
20.57967 16.076632 -3.65448 14
20.34167 16.763832 -2.98858 10
19.65577 17.444032 -2.94458 8
19.02557 17.630832 -2.23978 6
19.80987 17.843032 -1.67128 9
19.89787 18.743132 -1.97218 5
20.14527 19.612832 -2.13588 13
20.22707 20.602832 -2.26268 6
21.08617 20.672132 -2.63628 4
21.80937 20.254432 -2.20208 10
22.56027 19.987032 -2.77378 4
23.30027 19.397132 -3.03188 10
23.61897 20.347032 -3.09628 9
24.41737 20.898232 -2.82648 5
24.70167 20.559732 -3.71678 15
25.31747 19.865332 -3.91128 4
25.84847 19.040132 -3.84498 10
25.53847 19.320632 -2.97078 4
25.58907 19.194432 -1.97208 7
26.46967 18.850232 -1.93518 1
26.71657 17.874732 -1.58488 4
27.10257 16.934632 -1.65358 8
28.03137 16.937532 -1.71168 10
28.17447 16.210832 -2.37518 1
28.46557 15.875632 -1.47788 3
28.07277 15.198532 -2.00478 10
27.30767 14.564232 -1.96948 13
26.56657 15.278532 -2.05548 4
26.50627 14.967032 -1.08388 1
26.75847 14.473532 -0.27448 5
26.00057 14.591732 0.29732 13
25.06827 14.567932 0.14132 1
24.45657 15.300832 -0.17728 10
24.13667 14.827632 0.58812 14
23.72207 13.976132 0.58672 13
22.99317 14.684732 0.48402 12
23.09957 14.769532 -0.47078 13
23.20937 14.995332 -1.40758 10
22.46707 14.536232 -1.75818 3
22.55247 13.808332 -2.42738 11
21.66557 13.458432 -2.33708 11
21.04677 12.726332 -2.52898 10
20.46907 13.191932 -3.18208 4
19.91477 13.669932 -2.50018 6
19.35467 13.747432 -3.29118 6
19.94017 13.840832 -4.08288 4
20.30987 13.615932 -4.92158 4
20.72587 12.815532 -5.17588 4
20.74667 11.866532 -5.08068 5
21.48297 11.307532 -5.24818 5
22.12427 11.681432 -4.56338 15
21.98767 12.599332 -4.14628 10
21.14937 12.518832 -3.64798 4
21.57307 11.592632 -3.52898 5
22.42647 11.681532 -3.09648 9
22.83597 12.506432 -2.73048 3
23.36157 12.391832 -1.89738 10
23.69087 11.564132 -1.63628 4
24.58447 11.744632 -1.81058 10
24.33977 11.787132 -2.78378 4
24.62477 12.382032 -3.55298 1
24.64627 13.189132 -4.18718 10
23.82357 12.861332 -4.41148 1
23.16367 13.166032 -5.13888 15
23.18887 14.097432 -5.36868 13
24.09267 14.154032 -5.20848 10
23.58597 14.986532 -5.01448 13
23.62467 15.062432 -4.01838 9
23.15307 14.350232 -3.48058 9
23.64297 13.950332 -4.15038 1
22.68937 13.821132 -4.47628 13
21.87417 13.454232 -4.85228 4
21.41377 14.328632 -4.84668 4
21.80807 14.468632 -3.98628 13
21.33707 14.019332 -3.23428 1
20.80547 14.579532 -3.79718 4
20.34467 14.556832 -2.94788 10
20.34347 14.867532 -2.05718 6
19.79217 15.557232 -2.48568 10
19.00737 15.528332 -3.09078 6
19.53877 16.022032 -3.72818 8
19.49497 15.186132 -4.10838 4
18.54147 15.527832 -4.01118 13
18.62237 15.224432 -4.95178 4
18.45257 16.157232 -4.77278 7
18.50277 16.975332 -4.22808 8
17.71577 16.849132 -3.58708 10
17.13267 16.169132 -3.84708 5
17.10417 16.331532 -4.82118 3
17.49127 15.497332 -4.81268 11
17.79837 14.621632 -4.47998 10
18.35047 14.260832 -5.20978 4
18.94797 13.807532 -5.75688 4
18.12697 13.257832 -5.66408 1
17.93617 12.550832 -5.06418 10
18.56457 12.189532 -4.41538 1
19.11177 12.744632 -3.73698 4
18.47677 13.045132 -3.07008 6
17.81717 12.846532 -3.84818 10
17.02037 13.379832 -3.61648 10
17.62717 13.727432 -2.96738 1
18.28907 14.363932 -2.93588 6
18.42867 13.856632 -3.74508 12
18.60867 13.317232 -4.54948 10
19.38577 12.999832 -4.98118 4
18.93767 12.380932 -5.50118 1
19.12737 12.175532 -6.47658 1
19.62677 11.387932 -6.75298 13
20.00237 10.802432 -6.09048 5
20.67397 11.467332 -5.96128 5
20.51107 12.059532 -6.73178 3
20.96727 12.713332 -6.13708 4
21.88307 12.708532 -6.42248 15
22.57207 13.259532 -6.09118 15
22.37987 14.203932 -5.89418 13
22.30647 14.239032 -6.85838 10
21.40887 14.491532 -6.56848 4
21.35027 14.813632 -7.48428 14
20.88397 15.632332 -7.33038 4
21.64427 15.708032 -6.73178 13
21.82117 16.718032 -6.76138 13
21.70277 17.679032 -6.72588 10
22.64087 17.618032 -6.86718 10
22.72487 17.046132 -6.05228 13
23.04937 18.000632 -5.97068 4
22.30217 18.103032 -5.44518 10
22.65247 18.932532 -5.48338 10
23.57867 19.175232 -5.65768 3
23.44617 20.173832 -5.79718 1
23.98987 20.359632 -6.50648 1
24.04447 21.150432 -7.05418 11
23.60517 22.048532 -7.34838 4
23.13407 22.742632 -7.83118 4
22.90687 23.575632 -7.34188 9
22.89557 24.493932 -7.11858 7
22.82857 25.137032 -6.33678 6
22.86877 24.369032 -5.80768 4
22.01787 24.163732 -5.44718 10
21.58157 23.611432 -6.08308 10
21.50587 22.748932 -5.73468 9
22.00227 22.689832 -6.60258 4
22.56387 21.884032 -6.38718 4
23.25937 21.692332 -5.78508 6
22.68387 21.719832 -4.99358 9
22.42847 20.783232 -5.27958 7
21.98087 20.026732 -5.73328 5
21.47627 19.187232 -5.91998 10
21.44107 18.250932 -5.87298 10
20.95907 17.820332 -5.15288 13
20.10027 17.849232 -4.71178 8
19.60977 18.252932 -4.02738 8
20.34127 18.611932 -3.43058 13
20.08157 19.566432 -3.76568 11
19.29337 20.133932 -3.39778 1
18.75147 20.071632 -2.62728 13
17.90897 20.199732 -3.07468 1
17.88217 20.973432 -2.41738 1
16.98887 21.141332 -2.90798 10
16.79357 20.743032 -3.75568 4
16.09147 21.356732 -4.03208 4
15.18657 21.130532 -4.23278 5
15.29967 20.198432 -4.58028 3
14.30207 20.477932 -4.29388 10
14.64027 20.142932 -3.46928 1
14.35797 19.416832 -4.08968 5
14.26447 18.461332 -4.22398 10
14.46667 17.964532 -5.02158 1
14.49957 17.880832 -6.04148 4
14.65727 16.902732 -5.80778 7
14.00247 16.566332 -5.13748 13
13.18107 16.963932 -4.63398 10
12.61277 16.253632 -4.72058 13
12.65437 15.284132 -4.40658 4
12.83967 14.525232 -5.16878 6
13.56517 14.785232 -5.76308 13
12.90167 15.396532 -5.95278 4
13.65757 15.929632 -6.16848 13
14.50547 15.690132 -6.38278 13
15.43357 15.498132 -6.35028 10
15.21287 14.664332 -6.82088 6
16.13477 14.564532 -7.01798 13
16.77957 14.315132 -7.72268 10
16.69947 13.417432 -7.43898 6
17.67077 13.032132 -7.32018 4
18.67637 12.931432 -7.39958 10
19.12157 13.386532 -6.74848 4
18.33967 14.024532 -6.65738 4
18.54677 14.096632 -7.57468 6
18.31907 14.093332 -8.49338 5
19.22647 14.266132 -8.59058 9
19.66917 14.151032 -7.74988 4
19.97867 14.986532 -7.48338 4
19.31187 15.383632 -8.03888 9
18.73387 15.230732 -7.16288 4
19.47727 15.580432 -6.58718 4
19.22257 16.497932 -6.85768 10
19.41477 17.393632 -6.51358 15
20.06377 18.079732 -6.56328 10
20.18637 18.914832 -6.19148 10
19.45967 18.982632 -5.55078 11
19.39917 19.814432 -5.98718 1
20.16707 20.131032 -6.48038 1
20.74247 20.792532 -6.93498 1
20.97597 19.918132 -7.06528 7
21.84497 19.468032 -7.08058 10
21.93977 18.509732 -7.51158 10
21.24607 19.178732 -7.82018 10
20.37327 18.623632 -7.69988 10
20.08857 18.021232 -8.38378 11
20.15347 17.890332 -9.31068 12
21.14917 17.922332 -9.48368 10
20.81037 17.053932 -9.18328 3
21.08507 17.157532 -8.24608 10
20.92047 17.678132 -7.43578 10
20.59477 17.000832 -6.83328 7
20.85037 16.234132 -6.32208 13
20.59657 15.651032 -5.52478 4
20.03287 16.152332 -4.84978 7
19.33377 16.763032 -5.01598 8
19.33787 16.043632 -5.73958 1
19.61837 15.114632 -5.69668 4
20.14257 14.230832 -5.77468 4
20.36507 13.862132 -6.59928 4
20.98027 13.625932 -7.32338 5
21.49627 13.004232 -7.78568 3
20.95997 12.311832 -8.22608 7
20.98287 13.061332 -8.92968 13
20.70867 13.293532 -9.82948 10
19.96387 13.285932 -10.43018 5
19.15217 13.826732 -10.65958 6
19.72867 14.682332 -10.68298 1
20.52137 14.853632 -10.25528 10
21.06167 14.584532 -9.37648 9
21.14297 15.165832 -8.60188 1
21.89367 15.266732 -9.22698 4
22.00327 14.574632 -9.95558 10
22.94727 14.561032 -9.66508 4
23.79827 14.593532 -10.10858 12
23.96727 15.011832 -9.26938 9
23.38407 14.397532 -8.77678 7
24.21247 14.195932 -8.24788 1
23.92037 15.050932 -7.94938 10
23.17747 15.254632 -7.26318 13
23.72837 15.742632 -6.68868 13
23.54847 16.077432 -5.81218 13
24.42657 15.762732 -5.46908 11
25.02667 15.316432 -4.95558 5
25.42747 14.517632 -5.16788 3
26.22647 14.947232 -4.99468 10
26.00447 15.325932 -5.92328 4
25.06207 15.198132 -6.08458 13
24.61647 14.273632 -6.22528 10
23.91237 13.885932 -6.75728 11
23.69707 13.080832 -7.37908 15
23.62527 12.123432 -7.71098 4
24.04247 12.186132 -6.77758 15
24.81067 11.626332 -6.73688 4
25.15597 12.507732 -6.89078 10
25.47737 12.691232 -7.82728 1
25.06737 13.548032 -7.54088 4
25.19877 14.366332 -7.92648 3
25.48947 15.242832 -8.21728 4
25.16717 16.082532 -7.83348 7
24.85127 16.980232 -7.87158 10
25.01007 17.786432 -7.42748 1
24.80247 17.569532 -6.50878 1
24.36977 18.384932 -6.96518 8
23.44687 18.650132 -6.69528 10
22.85087 19.276332 -7.09228 10
22.82297 20.218732 -7.14998 1
23.16557 21.160632 -7.51688 4
22.43457 20.996932 -8.07308 4
21.68777 20.335932 -8.10718 10
20.71547 20.154832 -8.18948 6
20.09407 19.787532 -8.82418 7
20.83037 19.166332 -8.84878 10
20.96087 19.472032 -9.76668 7
21.61797 19.895332 -9.26678 9
21.86917 18.969432 -9.00678 10
22.29907 18.355732 -8.42318 10
23.04427 18.696032 -8.86398 10
23.40717 19.561732 -9.22138 5
22.69097 20.036832 -8.93868 10
23.02267 20.928432 -9.12668 4
22.80127 21.814032 -9.47198 4
22.56217 21.215532 -10.16688 5
23.35437 21.550332 -10.62848 6
23.80617 22.255732 -10.14948 4
24.47677 21.710232 -10.68148 13
24.69857 20.742032 -10.69848 7
25.57627 21.184232 -10.88568 13
26.03637 20.400932 -10.55038 9
26.65337 21.033132 -11.02498 13
27.20397 20.398232 -11.45168 1
27.37187 20.334832 -10.52988 4
28.16817 20.565832 -10.02428 1
28.42977 21.101232 -9.21048 10
29.03477 20.328832 -9.11058 3
29.60627 21.128132 -9.36348 4
30.10537 20.247932 -9.31158 1
30.29257 20.123132 -10.30228 1
30.38367 21.047832 -10.70958 10
30.61967 21.935632 -10.75108 1
31.52557 21.733732 -10.96268 4
31.99017 22.247932 -11.59408 8
31.70447 21.486732 -12.11768 11
31.25917 21.626932 -13.00518 3
30.86887 22.554532 -13.14318 10
30.11407 22.580132 -12.51268 10
29.37427 22.836332 -11.88758 4
29.71457 22.701032 -10.94678 7
29.15427 21.988532 -10.84298 10
28.88417 21.401632 -11.62968 8
27.87917 21.466632 -11.68568 4
27.29417 22.132232 -11.16678 13
27.41817 21.875132 -10.27368 4
26.78997 22.465532 -9.80818 11
26.00957 23.001632 -9.80038 11
25.47817 22.419432 -10.27828 13
24.75537 22.306532 -9.65038 4
25.14557 21.428232 -9.41898 5
24.50657 20.709932 -9.45018 4
24.36147 19.877232 -8.86358 10
24.98527 19.482132 -9.43588 1
25.80747 19.090232 -9.02748 5
26.40927 19.813832 -9.33978 6
25.71877 20.201232 -8.76718 7
25.05447 20.610232 -8.13968 5
24.52287 21.410232 -8.29628 4
23.76597 20.835332 -8.35668 4
23.87207 20.112832 -7.81358 6
23.54357 19.275432 -8.11258 10
24.47457 18.815532 -7.99848 1
23.95307 18.125932 -8.43998 10
24.59137 18.586932 -8.97638 15
24.33667 17.760232 -9.36678 15
23.67737 17.112932 -9.13518 9
22.97507 17.630032 -8.69528 10
23.17507 17.169332 -7.73578 10
22.82117 16.250932 -7.71308 13
22.33957 16.556332 -8.48748 10
21.81177 17.289832 -8.92078 10
22.10717 16.693632 -9.55858 13
22.18057 17.316132 -10.32968 10
21.91237 17.707532 -11.15918 9
22.35217 18.324032 -10.58708 10
23.20927 17.862032 -10.36428 10
23.56687 17.959132 -11.21988 15
22.82157 18.389232 -11.54658 7
22.49597 18.143932 -12.39978 12
22.09067 17.267932 -12.45488 7
21.14007 17.186632 -12.56418 1
20.59177 16.848232 -13.24778 10
20.51617 17.005132 -14.24328 4
19.79977 16.347232 -14.38318 1
19.74907 16.046932 -13.39138 12
19.21207 16.924332 -13.37598 7
18.35937 17.286232 -13.50188 4
18.25687 16.635732 -14.20128 1
17.27697 16.864632 -14.08078 10
16.33457 17.057932 -13.96178 3
16.44997 16.762532 -14.94198 7
15.68187 17.315432 -15.18798 4
15.86267 18.248032 -15.48988 10
15.33557 18.844932 -16.02258 13
15.63627 19.555732 -15.38718 10
15.93047 19.689432 -14.43768 11
14.97937 19.575932 -14.13138 7
15.12407 19.859032 -13.20658 4
15.79917 20.502732 -13.42018 11
15.62217 20.955332 -12.52778 4
16.11017 21.722832 -12.44498 7
16.40037 21.883932 -11.53728 6
16.58757 22.218432 -10.58328 1
17.54997 22.540832 -10.52308 14
17.42987 22.381832 -11.43438 9
17.31877 23.263832 -11.77398 7
16.86177 23.060632 -12.64218 13
16.01507 23.527832 -12.71858 10
16.67747 24.277732 -12.81668 13
16.83687 24.543432 -11.89128 7
16.86197 24.636932 -10.93688 7
16.31297 25.522632 -11.15098 4
16.22097 26.439932 -11.52078 10
16.93547 26.967532 -11.76368 12
16.52007 26.936132 -12.65088 12
15.93367 27.215532 -13.31678 14
15.22857 27.829632 -13.52658 10
15.62857 28.695232 -13.55848 7
16.27177 28.203232 -12.95508 12
15.38027 28.361932 -12.58258 4
15.04087 27.687832 -12.02328 12
14.28017 27.199232 -12.19088 4
14.03257 26.689532 -13.00808 10
14.57677 26.047232 -13.38268 3
14.25067 25.819232 -12.52748 7
14.52347 26.198232 -11.70508 1
13.80627 26.757232 -11.25908 7
13.65847 27.324132 -10.43358 10
14.20747 27.030832 -9.62508 10
14.65707 26.163032 -9.67888 1
14.00137 26.134232 -8.99978 4
13.27477 25.728332 -8.60788 1
13.84417 25.718232 -7.79548 7
14.39837 26.255732 -7.19018 7
13.63937 25.888332 -6.64478 10
13.30997 25.962732 -5.71928 1
13.23487 25.019332 -5.31698 1
13.22997 24.012532 -5.35618 4
12.91487 23.776832 -6.20338 4
12.43757 23.164732 -6.81638 11
13.12967 23.449232 -7.44558 15
13.39207 24.155832 -8.15778 9
14.23557 24.124232 -8.61278 10
14.22457 24.986532 -9.07258 1
13.90467 25.298232 -9.96748 11
14.83447 24.920232 -9.95148 1
14.11577 24.279032 -10.23188 12
14.33257 23.511932 -10.72288 5
15.29957 23.806732 -10.61318 10
16.25557 23.524232 -10.62888 14
17.23187 23.540132 -10.59138 7
18.17477 23.506032 -10.75178 7
18.53987 23.409232 -11.63208 7
19.15317 22.630932 -11.59078 10
20.10387 22.703432 -11.27008 7
21.08337 22.492932 -10.94808 14
21.07787 23.451432 -10.70538 10
21.94247 23.015632 -10.46688 12
22.58677 22.867132 -11.25298 10
23.41807 22.892032 -11.73468 14
24.21427 22.350332 -11.89868 13
24.29567 23.174832 -12.39738 7
23.97077 22.508532 -12.99858 7
23.01657 22.555932 -13.06728 9
22.46647 22.646332 -12.31988 10
21.66407 22.239332 -12.52048 10
21.18507 21.586632 -12.02158 15
20.70497 22.402432 -12.01098 10
20.66527 21.858632 -12.89408 12
21.28037 21.393032 -13.48728 4
21.44607 22.308832 -13.80448 10
22.11797 22.043732 -14.56638 1
22.92667 21.513232 -14.71038 13
23.45417 22.239332 -15.12868 1
23.67047 22.008632 -14.16208 1
24.06057 22.942432 -14.41908 7
24.90287 22.843932 -13.97088 7
25.44457 22.837632 -14.78128 7
26.14897 22.127832 -14.76748 4
25.63857 21.325132 -14.94018 1
25.33477 20.421132 -14.68948 1
25.35327 19.489432 -14.66958 1
24.52247 19.543732 -15.12168 7
23.64927 19.226432 -14.86098 4
22.92997 19.039332 -14.23898 12
22.13307 19.635732 -14.23058 7
21.79447 19.919332 -15.11248 1
22.56497 19.750232 -15.67088 12
22.47067 20.147932 -16.54878 4
21.67517 19.598232 -16.70098 10
20.73017 20.050232 -16.61378 11
20.63837 20.124532 -15.68638 8
20.36227 20.950932 -15.22478 7
20.52657 21.768032 -14.75438 11
20.19667 22.701132 -14.77898 6
20.08737 23.122032 -13.84508 10
19.71277 22.987532 -13.01328 10
18.77317 23.009532 -12.77618 1
19.20057 22.121532 -12.94658 1
18.48727 21.512532 -12.60248 10
18.92577 20.747132 -12.95898 5
19.40327 20.305332 -13.69908 7
18.97137 19.652132 -14.33458 15
18.76537 19.314332 -13.46158 13
18.35687 18.872732 -12.66428 11
19.29987 18.860732 -12.62798 7
20.02657 19.195432 -12.16628 9
20.12317 19.718432 -11.38468 13
19.27317 20.040732 -11.77908 10
18.66997 19.512932 -11.19348 7
18.55897 20.319732 -10.61128 14
19.07947 21.091232 -10.37408 10
19.55557 21.864032 -10.87658 1
18.94067 22.395432 -10.29888 7
19.69437 22.766032 -9.87988 7
19.98977 22.464432 -9.02168 1
20.68377 22.588832 -8.41658 7
21.36717 22.029332 -8.05748 4
22.20327 22.325932 -8.49138 4
21.72867 21.600932 -8.86988 6
21.28037 21.551632 -9.79928 10
20.75267 22.379632 -9.95908 1
21.25797 23.032432 -9.51728 10
21.42977 23.941532 -9.85558 1
21.56407 24.544332 -10.66288 1
21.49727 24.207932 -11.60628 16
21.35357 23.836032 -12.51558 10
20.57097 23.571532 -12.03328 10
19.67427 23.880132 -11.86598 7
19.29327 24.018632 -12.74528 14
19.42727 23.966832 -13.69038 10
18.74057 24.656332 -13.84058 11
18.95497 25.508732 -14.26958 11
19.71437 25.165732 -13.77318 1
19.87937 25.363332 -14.66858 11
20.49017 24.734932 -14.94948 7
21.00897 25.291932 -14.37308 4
21.06097 24.684732 -13.62398 10
21.24677 23.755832 -13.78508 10
22.32807 23.679932 -14.12918 10
22.04677 23.695332 -15.03928 7
22.07147 24.160832 -15.92568 14
22.14017 23.522932 -16.68798 1
21.74477 23.522932 -17.53688 12
21.92197 23.346132 -18.47308 7
22.22607 24.097632 -18.91878 12
21.91397 23.685232 -19.73628 1
21.97097 24.612732 -20.03548 12
22.31297 24.754132 -20.97358 7
22.25317 25.664032 -21.34868 13
22.89267 25.832132 -20.69098 9
22.13377 25.629532 -20.21618 12
21.74797 26.223632 -19.60108 12
22.48537 26.974132 -19.49338 7
22.01577 27.535732 -20.10818 10
22.52787 28.123532 -20.73298 4
23.11387 28.443132 -19.89958 10
22.44437 28.824532 -19.32118 7
22.40337 29.508632 -18.65888 7
22.02667 29.995232 -17.89598 1
21.65747 30.215632 -16.97998 1
20.88307 29.639332 -16.75588 15
19.90987 29.670132 -16.66298 15
18.88647 29.925332 -16.65358 7
19.08597 29.943332 -17.57658 15
18.67777 29.067532 -17.80548 1
19.36307 28.903232 -17.05108 15
18.53857 28.551732 -16.81068 4
17.95947 28.744632 -16.08698 7
17.44627 29.528132 -16.40508 10
17.43917 29.420432 -15.47338 7
16.55257 29.198732 -15.21568 7
16.37617 29.886532 -15.86878 12
16.21017 29.657932 -16.75108 3
16.36887 30.157532 -17.59178 12
15.79057 29.581632 -18.05918 7
15.62387 29.861532 -18.95238 1
15.05177 30.065332 -19.69648 10
14.88637 30.393032 -20.63268 16
15.23377 30.154532 -21.55808 12
14.94127 30.840932 -22.13808 1
15.41507 30.960832 -22.96438 7
14.74067 31.620432 -22.76888 11
14.80067 31.839232 -23.71508 7
15.78367 31.644232 -23.88798 1
15.83507 31.357932 -24.88498 10
15.51337 30.634932 -24.31158 1
15.43947 29.989932 -23.50518 1
16.28507 29.582232 -23.92288 1
17.15797 29.122732 -24.41898 16
17.32587 28.609932 -25.26638 9
18.15177 28.392432 -25.76048 12
18.74227 28.141732 -26.47318 4
19.13667 28.697732 -25.82418 7
19.34597 29.394332 -25.22238 10
20.13437 29.916132 -25.16528 7
19.87697 29.500932 -24.31008 15
20.35537 29.346632 -23.47628 7
21.13347 28.763332 -23.43718 7
22.09427 28.850332 -23.77668 15
22.59037 28.200432 -24.34888 5
22.85197 28.225332 -23.43508 12
22.52267 28.224032 -22.58558 4
23.29097 28.751932 -22.14808 7
23.14927 29.723732 -22.13778 15
24.00327 29.344732 -22.58988 1
24.02277 29.523932 -21.58458 7
24.47557 28.740532 -21.48728 1
24.38577 28.184032 -22.23398 1
23.54267 27.704332 -21.86928 1
23.69697 27.953332 -20.90488 1
24.35137 27.336332 -20.59738 10
23.89347 26.520332 -20.36028 1
23.97937 26.008732 -19.54288 1
23.85687 26.132432 -18.50058 7
24.21157 25.227532 -18.42988 1
23.96227 24.303932 -18.14508 1
23.34557 24.945232 -17.77278 11
22.40817 24.952732 -18.16058 12
22.81797 25.770132 -18.47118 12
22.53237 26.832232 -16.86948 15
22.31017 25.934532 -16.68518 15
22.90307 25.337232 -16.28978 12
23.55847 25.149432 -15.57658 10
24.35437 24.767632 -15.08478 7
25.10037 24.344332 -15.43968 7
25.18327 23.712632 -16.18598 10
25.05617 22.909832 -16.70418 15
24.10717 23.220032 -16.63478 12
24.08587 24.077532 -16.16558 11
24.32377 23.365032 -15.49878 7
23.51497 23.627932 -15.11208 16
23.61767 23.992532 -14.27018 7
23.45497 24.827032 -13.80368 9
24.35167 24.528532 -13.75448 7
24.10807 25.369532 -13.18208 16
24.00397 26.076032 -13.80028 16
24.84147 25.846632 -14.29988 7
25.25517 26.573132 -13.89558 9
25.37497 25.890032 -13.18418 13
25.40137 24.947332 -13.23368 7
25.21577 24.041232 -13.56288 7
25.19607 23.283032 -13.06838 7
25.29427 22.900732 -12.24858 13
25.47847 23.673032 -11.77188 7
25.69987 23.154032 -10.99378 13
25.61917 24.052032 -10.62208 1
26.54407 24.100432 -10.91218 11
26.52297 24.467332 -11.88928 7
26.67987 25.323332 -11.45078 14
26.33727 25.760632 -12.26938 6
25.63707 25.097032 -12.21758 7
24.71437 25.082732 -11.82208 7
24.03217 25.690032 -12.20748 16
23.84887 26.606732 -12.10978 16
24.77157 26.323332 -11.80268 12
25.10787 26.569732 -10.91718 4
25.98427 26.928432 -10.68568 1
26.64167 27.583232 -10.96978 15
27.09307 28.206432 -10.32908 12
27.38227 27.680532 -9.58498 10
27.15187 27.116032 -8.79428 7
26.76127 26.349332 -9.30148 5
27.66877 26.298732 -9.72068 11
27.65817 25.332932 -9.61178 12
27.10467 24.558932 -9.67308 7
26.53837 23.982932 -9.07818 11
25.62887 23.813732 -8.92838 15
24.81867 23.268132 -9.04928 1
24.47157 23.370432 -8.13158 7
25.00887 22.580832 -7.87358 1
24.24447 22.362332 -8.40638 4
23.52747 22.704632 -8.93608 4
23.69867 23.532732 -9.38488 11
22.97597 23.411332 -10.03458 7
23.41907 23.714732 -10.85108 12
22.94907 23.974132 -11.70548 16
22.32577 23.825532 -12.35288 10
22.96367 23.681532 -13.13828 10
23.67117 24.265132 -12.72638 7
23.20937 25.056832 -12.58748 16
22.42857 25.468232 -12.90498 16
22.17707 25.527832 -13.80608 10
22.64277 25.740232 -14.63548 7
22.17157 26.448632 -15.13748 15
22.69427 27.088232 -15.59688 15
23.58447 26.787532 -15.52568 9
24.46307 26.946532 -15.94338 1
25.03587 26.336632 -16.51798 1
25.75777 26.844232 -16.88688 7
26.69077 26.705732 -17.14778 14
27.17307 25.975632 -16.73618 1
27.96217 25.803432 -16.31708 12
27.87367 26.805832 -16.09338 1
28.50587 26.660832 -15.26148 1
28.51077 26.793132 -14.26328 1
28.89617 25.960832 -14.59478 7
28.68327 24.914832 -14.61688 12
28.04407 25.181632 -13.85238 12
27.66067 24.295432 -14.25998 16
27.42837 24.418332 -13.22978 7
26.84057 23.628232 -13.37488 7
26.32917 23.031532 -12.79628 7
26.07637 22.363432 -12.06528 13
25.89677 21.429732 -11.90428 13
26.74897 21.523032 -12.42598 10
27.51317 21.971232 -12.96108 15
26.79417 21.570832 -13.48218 15
26.79497 22.538932 -13.80648 7
26.88927 23.044432 -14.61238 7
26.36407 23.067132 -15.38878 4
26.34767 24.069732 -15.78568 6
25.96457 24.003632 -14.83768 7
26.19737 24.341732 -13.87698 7
26.27457 25.290132 -14.00158 16
26.62567 25.115032 -13.02988 7
27.58047 25.256632 -12.71448 11
28.21867 24.737732 -12.16078 9
29.18887 24.815632 -12.06998 15
30.11337 25.015832 -11.68688 7
30.43937 24.253432 -11.10818 15
31.08887 23.853232 -10.48158 1
30.86677 24.407532 -9.69928 12
30.61187 25.078032 -10.43078 7
29.90547 24.641232 -9.93088 12
29.28667 25.270932 -9.69598 10
28.49457 24.760532 -9.55028 16
28.25197 24.095132 -8.87238 13
27.48777 23.470132 -9.03028 11
27.74887 22.892432 -9.75028 1
27.44527 22.236832 -9.09598 11
28.14517 22.536332 -8.47268 16
27.54187 22.388732 -7.70838 9
26.65467 22.767632 -7.60798 11
26.09997 22.872132 -6.80848 7
25.21367 22.912532 -6.45418 7
25.67467 23.131332 -5.66138 16
24.87987 23.541132 -5.37378 4
24.77097 24.387432 -5.82418 16
24.56647 25.233532 -6.28358 12
23.94527 25.691132 -5.60398 7
23.85097 26.218932 -4.81698 14
24.69867 26.009132 -4.44218 1
25.28757 25.940532 -5.20438 16
25.26357 26.571532 -5.90998 10
25.24467 27.096732 -6.69088 7
24.35067 26.661832 -7.01098 16
24.26037 25.853332 -7.52558 12
23.53317 25.560332 -6.99288 5
23.04247 26.126832 -7.62938 7
22.37447 26.822532 -7.71288 10
23.13247 27.088232 -8.27348 1
23.16717 27.764532 -7.62638 15
23.01367 27.834232 -6.68638 1
22.46997 27.531532 -5.92338 7
21.88907 26.759832 -5.85248 1
21.11257 27.113332 -5.46628 7
20.60367 27.309232 -4.64538 16
20.41637 26.560532 -4.11168 15
20.21637 26.312932 -5.01408 7
20.25587 26.235632 -5.95438 12
20.73637 25.417732 -6.08248 1
19.97297 25.600932 -6.71168 1
19.37147 25.289732 -7.39868 1
18.93927 24.675632 -7.97798 1
18.07687 24.708932 -8.41298 10
17.66367 25.201732 -7.74838 13
17.03887 24.492732 -7.97798 15
16.30797 24.989932 -7.45558 12
16.50097 25.780932 -6.92548 13
16.38587 26.475132 -7.67218 7
16.36847 26.747732 -8.67468 16
16.51207 27.598432 -9.11538 7
16.43967 27.195132 -9.94398 13
16.56597 27.363032 -10.92828 12
17.27577 26.775532 -10.62498 8
18.11107 26.653932 -10.15228 7
18.90127 26.718632 -10.74438 12
19.33027 26.014932 -10.27378 15
19.23257 25.685732 -11.16408 7
19.08677 25.632732 -12.11138 5
18.76377 25.537732 -13.02288 11
17.93987 25.054232 -12.70638 9
18.58827 24.537732 -12.11628 7
17.87357 23.828232 -12.47728 7
17.63357 23.891032 -13.40698 1
17.31677 24.620932 -13.88568 11
17.09157 25.398432 -14.37888 11
16.27617 25.430032 -13.78868 12
16.95927 25.844832 -13.24388 1
17.79277 26.416032 -13.13438 11
17.92507 26.890432 -12.24848 12
17.98917 26.177032 -11.60908 16
18.18027 25.267532 -11.36298 7
18.14487 24.806632 -10.51408 7
17.72197 24.354032 -9.76828 1
18.68807 24.081232 -9.77878 9
19.31197 24.760732 -9.44088 14
19.63617 24.259032 -10.15948 7
20.11237 24.249432 -10.98838 7
19.82497 24.978932 -11.60018 7
20.16477 24.846832 -12.50388 10
21.11977 25.067932 -12.53068 7
21.63937 25.756832 -12.07588 16
22.01947 25.922632 -11.23278 16
21.07347 25.746032 -11.07658 4
21.16017 26.637332 -10.75308 16
20.67807 27.493932 -10.79878 7
20.52047 28.232932 -10.18488 16
20.62607 28.007832 -9.21938 5
19.77207 28.416532 -9.03988 15
20.08757 28.571532 -8.15338 7
19.35267 29.043832 -7.71758 11
19.05167 29.140332 -8.67538 7
19.19217 30.078832 -9.02288 15
19.25117 30.369432 -9.98568 1
19.01237 31.282132 -10.11528 1
18.82767 30.764832 -10.95578 1
17.96377 30.613932 -10.52648 15
17.48067 29.991932 -11.02708 12
17.85097 30.497532 -11.71388 1
18.49697 30.009332 -12.16078 12
18.18257 30.328032 -13.11058 7
19.00657 30.741632 -13.26668 7
19.84297 30.439132 -13.05128 15
19.43467 29.676532 -12.65098 10
18.76497 29.124032 -12.97058 7
17.93747 28.692132 -12.74038 12
17.53607 28.283832 -13.58558 7
17.03717 27.482632 -13.68838 6
17.99297 27.316432 -13.68368 11
18.69107 27.865932 -13.39948 7
18.94777 28.225132 -12.49978 16
18.16687 28.039832 -11.94438 12
18.99067 28.279532 -11.38488 1
19.40087 27.418032 -11.52208 13
20.06927 27.881732 -12.06868 13
20.60557 27.090432 -11.88788 16
21.21357 27.878332 -11.72868 16
20.84687 28.638032 -12.21878 12
21.18517 28.846532 -13.06238 7
20.34647 28.596432 -13.38608 12
19.56567 28.965132 -13.84078 7
20.16757 28.683832 -14.46698 15
19.30317 28.149232 -14.34648 7
19.40317 27.213932 -14.26118 11
19.70567 27.348232 -13.31538 16
20.47127 26.798532 -13.63638 4
19.80427 26.225032 -14.05578 11
20.46447 26.561332 -14.72468 7
20.87037 27.251332 -15.24908 15
20.94107 27.620932 -14.34108 8
21.20347 28.540232 -14.32748 9
21.32497 29.239732 -15.03848 15
20.90337 30.008032 -15.30318 11
20.24867 29.414832 -15.66268 15
19.63757 30.212032 -15.63658 16
19.06117 30.227932 -14.86708 7
19.05797 31.195132 -14.85828 7
18.23467 31.736732 -14.78108 1
18.99057 32.294532 -14.68308 1
19.60447 33.008632 -14.44078 1
19.42677 32.346132 -13.77538 1
19.86407 32.252632 -12.89918 7
19.73877 32.169332 -11.91668 1
18.83287 31.938432 -11.62648 1
18.18247 32.606532 -11.86758 1
17.94347 31.830532 -12.41828 11
17.90067 31.259632 -13.25798 7
17.35057 31.976932 -13.71478 1
17.27657 31.210232 -14.36848 7
16.30397 31.340532 -14.76428 14
16.11057 31.040032 -15.70578 16
16.61387 31.747932 -16.14768 11
17.58207 31.441532 -16.20178 15
18.34027 30.911232 -16.00698 16
17.97807 30.452332 -15.22458 7
18.04087 29.637232 -14.69108 7
17.66727 29.596032 -13.79798 7
16.72497 29.376632 -13.71588 7
16.36647 29.247732 -12.82848 5
16.74907 28.802732 -12.05378 12
17.21327 28.249132 -11.48908 12
17.79027 28.498732 -10.84038 12
17.12057 28.153532 -10.19918 16
16.88787 28.893732 -9.69998 15
16.62957 29.770232 -10.20778 11
15.75677 29.473032 -9.93188 12
15.10957 29.587732 -9.26448 1
14.50657 30.263632 -8.85878 16
14.74767 30.679832 -9.65508 15
15.44687 31.051532 -10.22368 1
14.64577 31.297832 -10.70808 12
15.34007 31.734732 -11.35458 11
14.60077 31.952632 -11.99338 13
14.09727 31.157832 -11.66498 12
13.37517 30.875932 -11.17168 1
13.22967 30.032432 -10.65368 7
12.66757 29.644232 -11.35958 7
13.52357 29.286332 -11.43928 16
14.15327 28.826232 -10.92238 1
14.74477 28.503332 -10.11858 8
15.52277 28.410832 -10.65638 16
15.79577 28.725832 -11.54158 12
15.95967 29.649032 -11.68708 13
16.86767 29.946232 -11.85418 12
17.01597 30.680832 -12.40818 7
16.32397 31.296832 -12.69328 9
16.27157 31.389732 -13.62878 7
15.45337 31.019732 -13.93368 8
16.13097 30.311332 -13.80308 7
15.89687 29.465332 -14.17828 5
15.84627 30.205832 -14.76008 7
14.86077 29.988732 -14.76448 15
15.31287 29.253232 -15.15598 12
15.46297 28.351532 -15.33788 1
16.28857 28.252332 -14.85568 7
15.96007 27.335732 -14.92018 1
16.72407 27.305732 -15.56698 7
17.10967 26.444332 -15.28418 11
17.34307 26.462632 -14.34518 15
18.16917 26.069732 -14.65978 11
18.45197 27.041632 -14.64288 11
17.96597 27.889232 -14.64368 7
18.23787 28.741932 -15.04218 7
19.09597 29.155132 -14.83638 7
19.48217 28.638432 -15.58678 15
19.88837 27.836732 -15.88648 15
19.10287 27.181332 -15.51828 11
18.30947 27.702432 -15.86178 7
18.01507 27.071832 -16.60768 1
17.23127 26.952032 -17.15418 14
17.62747 27.709432 -17.56968 1
17.74737 28.019032 -18.43768 10
18.43167 28.500532 -18.96268 1
18.61827 27.637132 -19.38588 16
17.93177 26.938432 -19.45458 1
17.93027 26.256032 -20.17338 1
18.55817 25.557832 -20.01748 1
19.13597 24.756332 -19.80018 12
18.76817 24.115232 -19.26588 16
19.25067 23.427332 -18.79748 16
19.69357 22.622932 -18.53408 1
18.83967 22.421732 -18.15228 16
18.40707 21.901332 -18.85138 7
18.23267 22.658032 -19.43868 16
18.66507 22.078232 -20.08268 15
19.11657 22.338832 -20.89498 15
19.62227 22.538332 -20.12328 16
19.31137 23.440232 -20.43078 5
20.07087 23.974832 -20.61158 1
20.82227 24.251832 -20.10438 12
21.29327 24.362932 -19.27498 12
20.58237 23.767132 -18.90618 12
20.42537 23.444932 -18.01818 1
19.64717 23.405132 -17.43908 16
20.06837 22.508832 -17.51168 15
20.32857 21.693732 -17.99488 1
20.35157 21.343932 -17.10778 15
19.73337 21.760732 -16.41368 1
19.03907 21.488132 -17.13048 16
18.26177 22.037232 -16.97258 13
17.61457 22.323832 -16.36488 16
16.98307 22.857732 -15.95908 16
16.81977 23.438932 -15.24398 7
17.32157 24.286532 -15.14868 11
17.75897 23.607632 -15.72308 16
18.39647 23.831832 -15.00798 11
18.24877 24.501432 -15.70148 11
18.00877 24.415232 -16.65218 16
18.07207 24.004432 -17.50838 16
17.24787 23.730932 -17.90978 16
16.59057 23.048632 -17.82588 8
15.77767 23.136932 -17.25498 8
16.57167 23.810532 -17.10848 16
16.96877 24.378632 -16.45318 16
16.12507 24.408732 -16.07738 1
16.44707 25.218732 -15.70768 11
16.06437 25.876432 -16.28688 1
16.29337 25.612232 -17.20068 16
16.17397 26.213332 -17.91008 1
15.35967 26.024732 -17.41228 1
14.56407 26.356132 -17.80548 1
14.28917 26.942532 -18.59168 11
13.78287 26.905432 -19.41348 1
14.71337 26.655832 -19.41998 7
15.71857 26.973332 -19.41988 1
16.46917 26.465832 -19.05648 1
16.17467 25.675232 -19.42478 16
16.84137 24.950932 -19.39478 11
16.81157 24.554032 -18.43328 16
17.40037 23.960532 -18.98668 16
17.96167 24.497132 -18.31518 16
18.82687 24.285132 -18.04288 16
19.52407 24.815732 -17.61748 16
20.31487 24.846932 -18.24368 12
21.16147 25.160132 -17.78178 7
20.96727 25.293232 -18.81798 12
21.47427 25.965632 -18.35088 12
21.93077 26.416732 -17.67298 5
21.47847 27.181032 -17.14198 15
20.67937 26.782832 -17.25048 1
20.59287 26.556432 -16.24498 15
20.16127 25.710632 -16.35918 5
19.59227 25.409132 -15.64168 11
19.66297 24.554232 -16.12478 16
20.03047 23.710132 -15.94208 1
18.99107 23.695132 -15.83818 16
18.62317 23.048732 -16.38468 16
18.50187 23.133732 -17.31508 16
17.73117 22.650132 -17.65158 16
16.98637 22.152432 -17.39058 1
16.42737 21.836632 -18.13468 1
17.31267 21.751332 -18.45038 15
17.38987 22.670232 -18.80828 16
16.72917 23.056832 -19.39658 7
16.22227 23.337732 -20.23498 1
17.08407 23.695632 -20.62488 15
17.60397 24.495632 -20.60648 13
18.36327 24.612932 -21.15698 15
19.34197 24.618332 -21.10468 16
20.23067 24.901432 -21.40448 11
20.07827 24.947132 -20.42608 12
20.44717 25.936832 -20.57018 1
20.07517 25.790732 -19.67658 12
19.64967 26.169832 -18.72268 11
19.21417 25.418832 -19.05458 12
18.59807 25.800732 -18.39348 16
18.06797 25.287832 -19.04528 1
17.53987 25.564932 -18.24448 16
17.46557 25.767232 -17.28608 16
18.03767 25.719032 -16.45408 11
18.78077 25.132732 -16.40418 16
18.65927 25.521332 -15.50928 11
19.14567 26.168432 -16.12408 11
18.96197 25.972532 -17.04358 16
19.68487 26.122232 -17.63448 5
19.23607 26.998832 -17.54318 5
20.02977 27.174532 -17.98028 1
20.33677 27.894132 -17.37418 15
21.13587 28.363732 -17.26138 15
21.79317 28.330132 -17.97268 16
22.50757 28.964132 -17.79308 8
22.98127 28.243732 -17.37548 15
23.70877 28.438132 -16.74798 7
24.23427 28.162332 -15.93338 12
25.04227 28.661232 -15.70318 16
24.83397 29.639732 -15.71708 1
25.40047 29.892032 -16.48798 8
25.79987 30.643232 -16.86268 1
25.42797 31.026532 -16.06348 8
26.02737 31.778132 -15.99848 16
26.36587 32.390432 -15.33228 16
25.87367 32.090332 -14.57928 1
25.72567 31.986532 -13.55148 12
26.05307 32.118132 -12.65168 7
26.14197 31.226832 -12.34318 13
25.33387 30.814432 -11.92998 9
25.39577 30.013432 -11.38578 14
25.76377 29.158432 -11.47608 1
25.94827 28.809632 -10.58448 12
25.12447 28.285032 -10.54918 1
25.50827 27.586632 -9.93788 16
24.64777 27.220132 -9.91238 1
24.08297 26.597932 -10.44838 1
24.49267 25.740132 -10.55248 1
23.71937 25.964832 -11.17128 16
23.52827 25.108132 -11.63438 16
22.88357 25.375132 -10.94858 16
23.07897 24.767232 -10.22268 8
22.81867 25.590432 -9.79898 1
22.24837 26.105732 -9.17088 7
21.62367 26.805332 -9.13758 5
21.89697 27.619932 -9.64768 15
22.07167 27.290832 -10.58358 16
22.71577 26.713032 -10.17468 7
22.80817 26.744732 -11.14638 16
22.76667 27.610332 -11.45938 11
22.78517 27.019432 -12.20948 16
22.19737 26.507532 -12.71878 16
21.77317 26.978832 -13.38428 5
22.02637 27.940032 -13.60578 1
22.07227 27.522032 -14.48028 11
22.37527 28.272732 -15.10118 12
21.65087 27.871732 -15.62868 15
21.42827 28.660532 -16.22328 15
21.93327 29.439732 -15.95748 1
22.93507 29.549532 -15.93348 16
23.53437 30.034932 -16.51138 12
23.76077 30.213232 -17.47348 16
23.17177 30.897232 -17.10518 1
23.07767 30.766732 -18.02888 16
22.20017 31.227532 -18.21038 15
21.29677 31.365932 -18.55018 11
20.96107 32.111332 -19.04458 16
20.23727 31.571232 -19.45218 1
19.85547 32.069232 -20.19548 16
18.90367 31.859032 -20.21748 11
18.51447 31.347432 -20.88578 7
17.62877 31.550532 -20.81768 16
16.73627 31.904532 -21.15168 12
17.40237 32.551432 -21.51338 16
17.62987 31.922132 -22.17668 1
18.48567 32.379132 -22.31368 1
19.20587 32.793532 -22.76718 5
18.99147 32.416532 -23.63288 16
17.98707 32.311432 -23.63818 16
18.39887 32.024432 -24.44978 1
19.37637 32.163632 -24.65528 1
20.21777 31.783732 -24.71488 7
20.92297 32.162732 -25.20458 1
